FILE			 PrfOR	 PrfSF	 PrfTF	 RFXctr	 RFYctr	 RFDiam	 GrType	 MaxLoc	 MaxRsp	 MinLoc	 MinRsp	 Spont	 TFMI		 AnovaP	 TFDI  	 VarTerm	 MaxX 	 MinX 	 TFHWHM	 RsqMn	 PMean	 RsqRaw	 Praw		 Chi2		 ChiP		 Brat		 Ampl		 Peak		 SD		 Offst		
m70723c1r3.htb	   0.0	  0.03	 2.000	 -8.00	 -8.00	 30.00	   0.0	 1.1600	  3.35	 16.0000	  0.82	  0.90	 1.031	 0.00000002	 0.494	  0.507	 16.00	  0.50	  1.5600	 0.9489	 0.00099822	 0.3023	 0.00000000	 0.2293	        NaN	  0.82	  2.53	 1.1613	 0.6787	 0.1000	
m70523c2r3.htb	   0.0	  0.03	 2.000	  0.00	  0.00	 40.00	   0.0	 0.5000	  6.59	 16.0000	  2.03	  1.39	 0.881	 0.00002527	 0.515	  0.554	 16.00	  0.50	  1.3100	 0.9758	 0.00022146	 0.3956	 0.00000007	 0.0667	        NaN	  2.01	  4.58	 0.5000	 0.9774	 0.1000	
m70523c3r3.htb	   0.0	  0.03	 2.000	  0.00	  0.00	 40.00	   0.0	 1.8700	 30.26	 16.0000	 16.15	 14.18	 1.438	 0.00000421	 0.588	  0.572	 16.00	  0.50	  5.3200	 0.9308	 0.00183688	 0.4154	 0.00000003	 0.5277	        NaN	  7.13	 23.13	 1.8706	 1.5300	 0.1000	
m70524c1r3.htb	   0.0	  0.03	 2.000	  0.00	 -15.00	 40.00	   0.0	 1.1300	 16.19	 16.0000	  2.02	  1.14	 0.953	 0.00000000	 0.681	  0.628	 16.00	  0.50	  2.0700	 0.9811	 0.00013529	 0.6937	 0.00000000	 0.4440	        NaN	  1.85	 14.34	 1.1274	 0.8897	 0.0010	
m70524c3r3.htb	   0.0	  0.03	 2.000	  0.00	  5.00	 30.00	   0.0	 1.2600	  4.35	 16.0000	  0.29	  0.10	 0.960	 0.00000002	 0.595	  0.486	 16.00	  0.50	  2.0100	 0.9927	 0.00002023	 0.5504	 0.00000000	 0.1549	        NaN	  0.27	  4.08	 1.2603	 0.7690	 0.1000	
m70525c1r3.htb	   0.0	  0.03	 2.000	  0.00	 -5.00	 40.00	   0.0	 0.8000	 21.19	 16.0000	  4.23	  2.79	 0.925	 0.00000000	 0.679	  0.564	 16.00	  0.50	  1.5800	 0.9677	 0.00039632	 0.8139	 0.00000000	 0.7923	        NaN	  4.17	 17.02	 0.8038	 0.8529	 0.1000	
m70529c1r3.htb	   0.0	  0.03	 2.000	 -10.00	  8.00	 40.00	   0.0	 0.9200	  2.57	 16.0000	  0.22	  0.30	 1.039	 0.00000030	 0.493	  0.658	 16.00	  0.50	  1.6700	 0.8102	 0.01447495	 0.2296	 0.00000003	 0.5808	        NaN	  0.21	  2.36	 0.9171	 0.8237	 0.1000	
m70529c2r3.htb	   0.0	  0.03	 2.000	  5.00	  5.00	 25.00	   0.0	 1.1300	 13.53	 16.0000	  2.94	  2.94	 1.138	 0.00000001	 0.607	  0.643	 16.00	  0.50	  3.5100	 0.9717	 0.00030302	 0.5511	 0.00000000	 0.1630	        NaN	  1.47	 12.06	 1.1253	 1.2539	 0.1000	
m70529c3r3.htb	   0.0	  0.03	 2.000	 10.00	  5.00	 40.00	   0.0	 1.3100	 21.36	 16.0000	  7.40	  6.92	 0.969	 0.00000008	 0.556	  0.731	 16.00	  0.50	  1.8300	 0.9587	 0.00064753	 0.5042	 0.00000000	 0.2080	        NaN	  7.36	 14.00	 1.3062	 0.7050	 0.1000	
m70530c1r3.htb	   0.0	  0.03	 2.000	 -10.00	  5.00	 20.00	   0.0	 1.1000	  3.52	 16.0000	  0.00	  0.05	 1.014	 0.00000000	 0.656	  0.447	 16.00	  0.50	  1.0600	 0.8296	 0.01156783	 0.5154	 0.00000000	 1.5893	        NaN	  0.00	  3.52	 1.0980	 0.5334	 0.1000	
m70601c1r3.htb	   0.0	  0.03	 2.000	  0.00	 -15.00	 30.00	   0.0	 0.9100	  9.78	 16.0000	  3.42	  2.14	 0.879	 0.00000001	 0.583	  0.442	 16.00	  0.50	  2.6700	 0.9331	 0.00171916	 0.5330	 0.00000000	 0.4756	        NaN	  3.07	  6.71	 0.9056	 1.1406	 0.1000	
m70601c1r11.htb	   0.0	  0.03	 2.000	  0.00	 -15.00	 30.00	   0.0	 1.2500	 11.95	 16.0000	  3.76	  2.69	 0.961	 0.00000032	 0.589	  0.511	 16.00	  0.50	  3.2600	 0.9880	 0.00005377	 0.4939	 0.00000000	 0.0473	        NaN	  3.05	  8.90	 1.2541	 1.1016	 0.1000	
m70605c1r3.htb	   0.0	  0.03	 2.000	  5.00	 12.00	 30.00	   0.0	 1.3700	  5.63	 16.0000	  0.58	  0.35	 0.975	 0.00000000	 0.640	  0.468	 16.00	  0.50	  2.5100	 0.8554	 0.00824779	 0.5546	 0.00000000	 1.4020	        NaN	  0.48	  5.15	 1.3717	 0.8540	 0.1000	
m70607c1r3.htb	   0.0	  0.03	 2.000	  5.00	 -2.00	 30.00	   0.0	 1.7200	  1.50	 16.0000	  0.01	  0.30	 1.248	 0.00000948	 0.581	  0.466	 16.00	  0.50	  2.2200	 0.6533	 0.05162465	 0.2797	 0.00001398	 0.8521	        NaN	  0.00	  1.50	 1.7227	 0.6761	 0.1000	
m70607c2r3.htb	   0.0	  0.03	 2.000	  5.00	 -8.00	 20.00	   0.0	 1.8800	 11.62	 16.0000	  1.12	  0.90	 1.032	 0.00000000	 0.664	  0.618	 16.00	  0.50	  3.2900	 0.9624	 0.00053646	 0.5913	 0.00000000	 0.4207	        NaN	  0.55	 11.07	 1.8802	 0.8606	 0.1000	
m70607c3r3.htb	   0.0	  0.03	 2.000	  5.00	 -10.00	 20.00	   0.0	 1.8400	 24.20	 16.0000	  6.35	  5.62	 1.148	 0.00000000	 0.632	  0.674	 16.00	  0.50	  4.2500	 0.8671	 0.00694256	 0.5540	 0.00000000	 1.4084	        NaN	  2.88	 21.32	 1.8446	 1.1089	 0.1000	
m70608c1r3.htb	   0.0	  0.03	 2.000	  0.00	  0.00	 60.00	   0.0	 4.9100	  7.54	 0.5000	  3.20	  2.59	 0.877	 0.00006965	 0.495	  0.466	 16.00	  0.50	  3.3600	 0.9865	 0.00006864	 0.3755	 0.00000019	 0.0618	        NaN	  3.20	  4.34	 4.9143	 0.4335	 0.1000	
m70608c1r13.htb	   0.0	  0.03	 2.000	  0.00	  0.00	 60.00	   0.0	 4.0000	  6.68	 0.5000	  3.55	  1.89	 0.658	 0.02844429	 0.417	  0.525	 16.00	  0.50	  4.2100	 0.9598	 0.00061320	 0.1938	 0.00043146	 0.0863	        NaN	  3.53	  3.15	 4.0005	 0.6014	 0.1000	
m70608c1r14.htb	   0.0	  0.03	 2.000	  0.00	  0.00	 60.00	   0.0	 5.1800	  9.07	 0.5000	  2.87	  1.34	 0.802	 0.00706391	 0.496	  0.586	 16.00	  0.50	  1.8300	 0.8783	 0.00579737	 0.2192	 0.00016141	 0.3962	        NaN	  2.87	  6.19	 5.1816	 0.2543	 0.0010	
m70608c1r15.htb	   0.0	  0.03	 2.000	  0.00	  0.00	 60.00	   0.0	 3.7900	  4.83	 0.5000	  2.78	  1.14	 0.562	 0.01625230	 0.397	  0.430	 16.00	  0.50	  4.4600	 0.6610	 0.04916540	 0.1466	 0.00253595	 0.6768	        NaN	  2.76	  2.07	 3.7910	 0.6634	 0.0010	
m70609c1r3.htb	   0.0	  0.03	 2.000	  0.00	  0.00	 70.00	   0.0	 8.6300	  6.01	 0.5000	  4.36	  2.49	 0.468	 0.15054540	 0.362	  0.288	 16.00	  0.50	  0.7600	 0.5285	 0.10163150	 0.0719	 0.03838832	 0.7939	        NaN	  4.36	  1.65	 8.6250	 0.0706	 0.0324	
m70609c1r13.htb	 120.0	  0.03	 2.000	  8.00	 -5.00	 40.00	   0.0	 0.6500	 11.17	 16.0000	  7.27	  5.62	 0.908	 0.00000143	 0.540	  0.269	 16.00	  0.50	  3.6300	 0.9659	 0.00044181	 0.4533	 0.00000000	 0.1636	        NaN	  6.13	  5.04	 0.6515	 1.7789	 0.1000	
m70609c2r3.htb	 120.0	  0.03	 2.000	  0.00	  8.00	 30.00	   0.0	 1.9400	  2.67	 16.0000	  1.60	  1.29	 0.792	 0.05406610	 0.388	  0.364	 16.00	  0.50	  2.6300	 0.6183	 0.06361999	 0.1100	 0.00962495	 0.7015	        NaN	  1.58	  1.09	 1.9398	 0.7084	 0.1000	
m70609c2r13.htb	 120.0	  0.03	 2.000	 -10.00	 10.00	 40.00	   0.0	 1.2600	  3.07	 16.0000	  1.68	  1.99	 1.999	 0.16053005	 0.354	  0.412	 16.00	  0.50	  4.8500	 0.9599	 0.00061169	 0.1278	 0.00504988	 0.0613	        NaN	  0.91	  2.16	 1.2610	 1.7198	 0.1000	
m70611c2r3.htb	 120.0	  0.03	 2.000	  0.00	 -3.00	 30.00	   0.0	 1.5300	 29.09	 16.0000	 18.90	 14.68	 0.756	 0.00031711	 0.479	  0.565	 16.00	  0.50	  3.2800	 0.8485	 0.00908007	 0.2896	 0.00000922	 0.4981	        NaN	 18.19	 10.89	 1.5303	 0.9795	 0.1000	
m70611c2r13.htb	 120.0	  0.03	 2.000	  0.00	 -3.00	 30.00	   0.0	 1.2600	 28.84	 16.0000	 17.60	 13.83	 1.089	 0.00223955	 0.461	  0.681	 16.00	  0.50	  4.6700	 0.9702	 0.00033584	 0.2771	 0.00001562	 0.1061	        NaN	 12.50	 16.34	 1.2599	 1.6192	 0.1000	
m70611c1r3.htb	 120.0	  0.03	 2.000	 -5.00	 -10.00	 30.00	   0.0	 1.3400	  3.63	 16.0000	  0.52	  0.60	 1.170	 0.00000000	 0.594	  0.370	 16.00	  0.50	  3.6800	 0.9148	 0.00280662	 0.5339	 0.00000000	 0.5847	        NaN	  0.08	  3.55	 1.3360	 1.1802	 0.1000	
m70611c1r13.htb	 120.0	  0.03	 2.000	 -5.00	 -10.00	 30.00	   0.0	 1.3100	  3.48	 16.0000	  0.59	  0.50	 1.167	 0.00004861	 0.517	  0.496	 16.00	  0.50	  3.9700	 0.8543	 0.00838039	 0.3328	 0.00000140	 0.5333	        NaN	  0.00	  3.48	 1.3072	 1.2913	 0.1000	
m70612c1r3.htb	   0.0	  0.03	 2.000	  0.00	 -8.00	 30.00	   0.0	 0.9600	 20.25	 16.0000	 10.82	  5.12	 0.629	 0.00000174	 0.570	  0.544	 16.00	  0.50	  1.9000	 0.9129	 0.00292872	 0.4248	 0.00000002	 0.4357	        NaN	 10.74	  9.51	 0.9613	 0.8865	 0.0715	
m70612c1r13.htb	   0.0	  0.03	 2.000	  0.00	 -8.00	 30.00	   0.0	 1.1300	 21.48	 16.0000	 11.80	  6.72	 0.661	 0.00005257	 0.535	  0.618	 16.00	  0.50	  2.0300	 0.8168	 0.01345121	 0.3166	 0.00000288	 0.7212	        NaN	 11.72	  9.77	 1.1280	 0.8303	 0.1000	
m70612c2r3.htb	   0.0	  0.03	 2.000	  0.00	 -7.00	 30.00	   0.0	 1.1100	 24.35	 16.0000	  9.77	  6.12	 0.838	 0.00000000	 0.657	  0.432	 16.00	  0.50	  2.7600	 0.9186	 0.00255535	 0.6822	 0.00000000	 1.6488	        NaN	  9.07	 15.28	 1.1051	 1.0437	 0.1000	
m70612c2r13.htb	   0.0	  0.03	 2.000	  0.00	 -7.00	 30.00	   0.0	 1.2900	 23.11	 16.0000	 12.66	  8.46	 1.116	 0.00002719	 0.541	  0.565	 16.00	  0.50	  4.8900	 0.9368	 0.00153223	 0.3781	 0.00000017	 0.2882	        NaN	  6.76	 16.34	 1.2919	 1.7154	 0.1000	
m70613c2r3.htb	   0.0	  0.03	 2.000	  5.00	  0.00	 40.00	   0.0	 0.6500	  5.72	 16.0000	  4.02	  3.18	 1.031	 0.12482722	 0.358	  0.375	 16.00	  0.50	  4.1700	 0.8821	 0.00543367	 0.1271	 0.00517797	 0.0937	        NaN	  3.11	  2.61	 0.6530	 2.1127	 0.1000	
m70613c2r13.htb	   0.0	  0.03	 2.000	  5.00	  0.00	 40.00	   0.0	 1.3300	  6.75	 16.0000	  3.76	  3.38	 1.309	 0.00040948	 0.477	  0.364	 16.00	  0.50	  4.7700	 0.8033	 0.01557455	 0.2686	 0.00002220	 0.6814	        NaN	  2.34	  4.40	 1.3291	 1.6104	 0.1000	
m70613c1r3.htb	   0.0	  0.03	 2.000	  0.00	  0.00	 50.00	   0.0	 0.6100	  2.75	 16.0000	  1.27	  1.44	 1.829	 0.12454906	 0.438	  0.464	 16.00	  0.50	  4.2100	 0.6636	 0.04835615	 0.0957	 0.01618083	 0.4414	        NaN	  0.36	  2.39	 0.6123	 2.2393	 0.1000	
m70613c1r13.htb	   0.0	  0.03	 2.000	  0.00	  0.00	 50.00	   0.0	 1.2400	  3.09	 16.0000	  1.61	  2.24	 2.658	 0.00004760	 0.446	  0.379	 16.00	  0.50	  4.7900	 0.7737	 0.02087289	 0.1635	 0.00000466	 0.2656	        NaN	  0.83	  2.27	 1.2379	 1.7085	 0.1000	
m70618c1r3.htb	   0.0	  0.03	 2.000	  8.00	  3.00	 30.00	   0.0	 1.7000	  7.36	 16.0000	  4.00	  4.08	 1.073	 0.00778256	 0.448	  0.467	 16.00	  0.50	  3.1100	 0.9345	 0.00164383	 0.2303	 0.00010432	 0.1358	        NaN	  3.84	  3.52	 1.6974	 0.8782	 0.1000	
m70618c1r13.htb	   0.0	  0.03	 2.000	  8.00	  3.00	 30.00	   0.0	 1.5300	  5.74	 16.0000	  3.04	  3.08	 1.386	 0.00704139	 0.441	  0.430	 16.00	  0.50	  4.6600	 0.8360	 0.01068849	 0.2088	 0.00024257	 0.2694	        NaN	  2.06	  3.68	 1.5342	 1.4083	 0.1000	
m70619c1r3.htb	   0.0	  0.03	 2.000	 -5.00	  5.00	 30.00	   0.0	 1.3500	  1.76	 11.4100	  0.42	  0.65	 1.205	 0.05292919	 0.355	  0.508	 16.00	  0.50	  0.4600	 0.8405	 0.01010412	 0.1502	 0.00221392	 0.4581	        NaN	  0.42	  1.34	 1.3508	 0.2433	 0.0010	
m70619c1r13.htb	   0.0	  0.03	 2.000	  5.00	  0.00	 40.00	   0.0	 1.7400	  7.25	 16.0000	  4.95	  4.58	 1.370	 0.02263027	 0.437	  0.319	 16.00	  0.50	  5.2000	 0.9907	 0.00003246	 0.2082	 0.00024837	 0.0226	        NaN	  3.59	  3.66	 1.7439	 1.5390	 0.1000	
m70621c1r3.htb	   0.0	  0.03	 2.000	  8.00	  5.00	 30.00	   0.0	 1.6200	 15.62	 16.0000	  0.40	  0.20	 0.992	 0.00000000	 0.749	  0.574	 16.00	  0.50	  2.1300	 0.8610	 0.00761083	 0.7563	 0.00000000	 7.5396	        NaN	  0.33	 15.29	 1.6153	 0.6865	 0.1000	
m70621c2r3.htb	   0.0	  0.03	 2.000	 -8.00	  5.00	 30.00	   0.0	 1.2700	  2.80	 16.0000	  1.15	  0.45	 0.704	 0.00009393	 0.478	  0.332	 16.00	  0.50	  1.6000	 0.8650	 0.00717162	 0.3227	 0.00000220	 0.3563	        NaN	  1.15	  1.66	 1.2731	 0.6523	 0.1000	
m70621c2r13.htb	   0.0	  0.03	 2.000	  8.00	  5.00	 30.00	   0.0	 0.8900	  3.99	 16.0000	  0.78	  0.65	 1.000	 0.00041476	 0.499	  0.574	 16.00	  0.50	  2.5100	 0.8643	 0.00724308	 0.2887	 0.00000959	 0.4527	        NaN	  0.65	  3.34	 0.8948	 1.0967	 0.1000	
m70622c1r3.htb	   0.0	  0.03	 2.000	  5.00	  8.00	 30.00	   0.0	 1.5400	 17.00	 16.0000	  8.16	  2.69	 0.970	 0.00018644	 0.522	  0.615	 16.00	  0.50	  5.0600	 0.8808	 0.00555251	 0.3131	 0.00000336	 0.5169	        NaN	  3.11	 13.88	 1.5418	 1.6041	 0.1000	
m70622c1r13.htb	   0.0	  0.03	 2.000	  0.00	  0.00	 30.00	   0.0	 1.4000	 17.00	 16.0000	  6.60	  4.28	 0.887	 0.00000003	 0.572	  0.542	 16.00	  0.50	  3.3300	 0.9405	 0.00135328	 0.5093	 0.00000000	 0.5442	        NaN	  5.72	 11.28	 1.3955	 1.0523	 0.1000	
m70625c1r3.htb	   0.0	  0.03	 2.000	  8.00	 -8.00	 30.00	   0.0	 1.7400	 10.59	 16.0000	  0.98	  0.15	 0.929	 0.00000000	 0.635	  0.734	 16.00	  0.50	  2.3900	 0.7671	 0.02215629	 0.4985	 0.00000000	 2.3551	        NaN	  0.89	  9.70	 1.7361	 0.7101	 0.1000	
m70625c1r13.htb	   0.0	  0.03	 2.000	  0.00	 -2.00	 30.00	   0.0	 1.9100	 21.80	 16.0000	  2.98	  1.59	 1.079	 0.00000000	 0.722	  0.581	 16.00	  0.50	  4.0900	 0.9360	 0.00156874	 0.7252	 0.00000000	 1.5276	        NaN	  0.00	 21.80	 1.9081	 1.0435	 0.1000	
m70625c2r3.htb	   0.0	  0.03	 2.000	 -3.00	  5.00	 30.00	   0.0	 1.7200	 15.30	 16.0000	  2.95	  2.59	 1.204	 0.00000000	 0.690	  0.490	 16.00	  0.50	  4.3700	 0.8930	 0.00445561	 0.6599	 0.00000000	 2.0064	        NaN	  0.00	 15.30	 1.7208	 1.2016	 0.1000	
m70625c2r13.htb	   0.0	  0.03	 2.000	  0.00	 -5.00	 30.00	   0.0	 1.5200	 17.78	 16.0000	  5.55	  2.89	 1.194	 0.00000000	 0.719	  0.398	 16.00	  0.50	  4.8500	 0.8011	 0.01594128	 0.5989	 0.00000000	 3.7762	        NaN	  0.00	 17.78	 1.5229	 1.5030	 0.1000	
m70626c1r3.htb	   0.0	  0.03	 2.000	  8.00	  5.00	 25.00	   0.0	 2.3000	  2.96	 16.0000	  1.92	  1.29	 1.122	 0.22556099	 0.351	  0.384	 16.00	  0.50	  5.6400	 0.6803	 0.04334522	 0.0799	 0.02859607	 0.3101	        NaN	  1.09	  1.87	 2.3048	 1.4949	 0.1000	
m70626c1r13.htb	   0.0	  0.03	 2.000	  8.00	  5.00	 30.00	   0.0	 8.7000	 13.21	 0.5000	 12.42	 11.04	 0.367	 0.91156156	 0.186	  0.448	 16.00	  0.50	  1.5700	 0.1561	 0.43823827	 0.0042	 0.62280277	 0.1148	        NaN	 12.42	  0.79	 8.7007	 0.1397	 0.0010	
m70628c1r3.htb	   0.0	  0.03	 2.000	 -10.00	 -10.00	 30.00	   0.0	 2.7600	  7.84	 16.0000	  2.69	  1.04	 0.761	 0.00000000	 0.636	  0.346	 16.00	  0.50	  2.4800	 0.9193	 0.00250994	 0.6154	 0.00000000	 1.1202	        NaN	  2.67	  5.17	 2.7553	 0.5319	 0.1000	
m70628c1r13.htb	   0.0	  0.03	 2.000	 -10.00	 -10.00	 30.00	   0.0	 2.7500	 17.34	 16.0000	  3.08	  1.59	 0.916	 0.00000000	 0.764	  0.406	 16.00	  0.50	  2.7700	 0.9506	 0.00092959	 0.8103	 0.00000000	 3.1606	        NaN	  2.91	 14.43	 2.7456	 0.5814	 0.1000	
m70703c1r3.htb	   0.0	  0.03	 2.000	  0.00	 -10.00	 30.00	   0.0	 2.0900	  5.21	 16.0000	  1.20	  0.60	 0.874	 0.00000046	 0.540	  0.511	 16.00	  0.50	  2.4300	 0.9012	 0.00378534	 0.4438	 0.00000001	 0.5816	        NaN	  1.18	  4.03	 2.0946	 0.6321	 0.1000	
m70703c2r3.htb	   0.0	  0.03	 2.000	  0.00	 -5.00	 30.00	   0.0	 1.5000	  9.78	 16.0000	  7.21	  6.82	 1.141	 0.00568751	 0.425	  0.274	 16.00	  0.50	  4.5000	 0.9637	 0.00050056	 0.2473	 0.00005296	 0.0541	        NaN	  6.40	  3.38	 1.4989	 1.3670	 0.1000	
m70705c1r3.htb	   0.0	  0.03	 2.000	 -8.00	  5.00	 30.00	   0.0	 3.3700	  2.72	 0.5000	  0.92	  1.29	 1.267	 0.00180539	 0.427	  0.463	 16.00	  0.50	  3.1500	 0.9530	 0.00084105	 0.2783	 0.00001484	 0.0624	        NaN	  0.91	  1.80	 3.3748	 0.5583	 0.0010	
m70705c1r13.htb	   0.0	  0.03	 2.000	 -8.00	  5.00	 30.00	   0.0	 3.2300	  3.51	 0.5000	  1.52	  1.29	 1.277	 0.01239433	 0.409	  0.460	 16.00	  0.50	  5.9500	 0.9851	 0.00008357	 0.2276	 0.00011645	 0.0196	        NaN	  0.68	  2.84	 3.2301	 1.0983	 0.1000	
m70705c1r23.htb	   0.0	  0.03	 2.000	 -8.00	  5.00	 30.00	   0.0	 3.6900	  3.31	 0.5000	  1.37	  0.70	 0.741	 0.00230547	 0.460	  0.433	 16.00	  0.50	  2.8500	 0.9701	 0.00033975	 0.2762	 0.00001622	 0.0632	        NaN	  1.37	  1.94	 3.6887	 0.4744	 0.1000	
m70706c2r3.htb	   0.0	  0.03	 2.000	 -5.00	 -5.00	 30.00	   0.0	 2.6000	  5.18	 16.0000	  0.41	  0.30	 1.061	 0.00000007	 0.636	  0.584	 16.00	  0.50	  3.8300	 0.7528	 0.02511285	 0.3982	 0.00000006	 1.3413	        NaN	  0.00	  5.18	 2.5952	 0.7948	 0.1000	
m70709c1r3.htb	   0.0	  0.03	 2.000	 -2.00	  0.00	 30.00	   0.0	 1.4000	  7.05	 16.0000	  3.35	  0.50	 0.574	 0.00000983	 0.503	  0.364	 16.00	  0.50	  2.4600	 0.9812	 0.00013290	 0.4193	 0.00000002	 0.0638	        NaN	  3.29	  3.76	 1.4001	 0.8324	 0.1000	
m70709c2r3.htb	   0.0	  0.03	 2.000	 -8.00	  0.00	 30.00	   0.0	 0.8700	  9.04	 16.0000	  5.40	  4.43	 1.199	 0.00000082	 0.530	  0.302	 16.00	  0.50	  4.4200	 0.7681	 0.02197590	 0.3693	 0.00000026	 1.3697	        NaN	  3.51	  5.52	 0.8678	 1.9176	 0.1000	
m70709c3r3.htb	   0.0	  0.03	 2.000	 -10.00	  6.00	 30.00	   0.0	 1.4600	 11.73	 16.0000	  2.21	  2.34	 1.238	 0.00000139	 0.564	  0.683	 16.00	  0.50	  4.1600	 0.8900	 0.00471239	 0.4183	 0.00000002	 0.5587	        NaN	  0.11	 11.63	 1.4600	 1.2630	 0.1000	
m70710c1r3.htb	   0.0	  0.03	 2.000	 -5.00	 -10.00	 30.00	   0.0	 1.2300	 11.75	 16.0000	  2.85	  1.69	 1.168	 0.00000000	 0.692	  0.384	 16.00	  0.50	  4.3400	 0.9660	 0.00043828	 0.6614	 0.00000000	 0.3565	        NaN	  0.00	 11.75	 1.2342	 1.4793	 0.1000	
m70710c2r3.htb	 180.0	  0.03	 2.000	  0.00	  0.00	 30.00	   0.0	 0.7200	 14.19	 16.0000	  7.46	  8.16	 1.185	 0.00000201	 0.527	  0.448	 16.00	  0.50	  2.5400	 0.9728	 0.00027988	 0.4496	 0.00000000	 0.1522	        NaN	  7.04	  7.15	 0.7174	 1.2477	 0.1000	
m70711c1r3.htb	   0.0	  0.03	 2.000	  0.00	  8.00	 30.00	   0.0	 1.1800	 16.59	 16.0000	 12.55	  9.45	 0.571	 0.01516207	 0.446	  0.446	 16.00	  0.50	  2.0200	 0.6768	 0.04436931	 0.1517	 0.00209920	 0.6246	        NaN	 12.52	  4.07	 1.1811	 0.8038	 0.1000	
m70711c2r3.htb	   0.0	  0.03	 2.000	 -5.00	  5.00	 30.00	   0.0	 1.6700	 11.57	 16.0000	  4.60	  1.79	 1.138	 0.00000000	 0.644	  0.390	 16.00	  0.50	  5.1600	 0.8560	 0.00817761	 0.4921	 0.00000000	 1.1298	        NaN	  0.45	 11.12	 1.6687	 1.5728	 0.1000	
m70712c1r3.htb	   0.0	  0.03	 2.000	 -5.00	  5.00	 30.00	   0.0	 1.9300	 15.08	 16.0000	  2.29	  0.40	 1.027	 0.00000000	 0.744	  0.400	 16.00	  0.50	  4.2200	 0.9189	 0.00253517	 0.7265	 0.00000000	 1.1640	        NaN	  0.00	 15.08	 1.9343	 1.0657	 0.1000	
m70717c3r3.htb	   0.0	  0.03	 2.000	  0.00	  5.00	 30.00	   0.0	 2.7800	 10.66	 16.0000	  2.90	  1.44	 1.157	 0.00000000	 0.645	  0.427	 16.00	  0.50	  5.0800	 0.9556	 0.00074921	 0.6416	 0.00000000	 0.5125	        NaN	  0.00	 10.66	 2.7798	 1.0670	 0.1000	
m70718c1r3.htb	   0.0	  0.03	 2.000	  2.00	  5.00	 30.00	   0.0	 1.4100	 35.06	 16.0000	 14.49	  8.71	 0.798	 0.00000000	 0.686	  0.570	 16.00	  0.50	  2.5700	 0.7682	 0.02195319	 0.5721	 0.00000000	 3.7821	        NaN	 14.03	 21.03	 1.4070	 0.8561	 0.1000	
m70718c2r3.htb	   0.0	  0.03	 2.000	  0.00	 -5.00	 30.00	   0.0	 1.0300	  1.68	 16.0000	  0.64	  0.86	 1.363	 0.00009112	 0.342	  0.463	 16.00	  0.50	  2.9300	 0.8192	 0.01308711	 0.1126	 0.00000412	 0.1535	        NaN	  0.57	  1.11	 1.0315	 1.1334	 0.1000	
m70718c3r3.htb	  90.0	  0.03	 2.000	  0.00	  2.00	 30.00	   0.0	 3.7600	  8.50	 0.5000	  3.09	  2.24	 0.864	 0.00001869	 0.562	  0.576	 16.00	  0.50	  2.4100	 0.8859	 0.00507946	 0.3654	 0.00000031	 0.9297	        NaN	  3.09	  5.41	 3.7579	 0.4107	 0.1000	
m70719c1r3.htb	  90.0	  0.03	 2.000	  5.00	  5.00	 30.00	   0.0	 1.7300	 27.81	 16.0000	  6.76	  4.48	 1.149	 0.00000000	 0.752	  0.423	 16.00	  0.50	  4.5000	 0.8768	 0.00593923	 0.7350	 0.00000000	 3.7716	        NaN	  1.00	 26.81	 1.7287	 1.2408	 0.1000	
m70719c2r3.htb	  90.0	  0.03	 2.000	 -5.00	  0.00	 30.00	   0.0	 1.5000	 33.52	 16.0000	 13.80	 11.79	 1.374	 0.00000000	 0.663	  0.578	 16.00	  0.50	  4.9500	 0.9224	 0.00231628	 0.6162	 0.00000000	 1.6025	        NaN	  3.67	 29.85	 1.5008	 1.5701	 0.1000	
m70719c3r3.htb	  90.0	  0.03	 2.000	 -5.00	 -5.00	 30.00	   0.0	 4.1000	 29.67	 0.5000	 13.65	  5.77	 0.677	 0.00000000	 0.606	  0.597	 16.00	  0.50	  4.6400	 0.8570	 0.00806449	 0.5174	 0.00000000	 1.2749	        NaN	 13.50	 16.17	 4.0962	 0.6352	 0.1000	
m70720c1r3.htb	  90.0	  0.03	 2.000	 -5.00	  0.00	 30.00	   0.0	 1.5400	 22.36	 16.0000	  2.24	  2.24	 1.111	 0.00000000	 0.740	  0.588	 16.00	  0.50	  3.6200	 0.9943	 0.00001206	 0.8125	 0.00000000	 0.3453	        NaN	  0.00	 22.36	 1.5350	 1.0666	 0.1000	
m70720c2r3.htb	   0.0	  0.03	 2.000	 -5.00	 -2.00	 30.00	   0.0	 1.1500	 37.85	 16.0000	 13.08	  9.95	 1.129	 0.00000000	 0.633	  0.652	 16.00	  0.50	  4.1200	 0.8986	 0.00399468	 0.6464	 0.00000000	 3.8709	        NaN	  6.36	 31.49	 1.1529	 1.4524	 0.1000	
m70723c1r3.htb	   0.0	  0.03	 2.000	 -8.00	 -8.00	 30.00	   0.0	 1.1600	  3.35	 16.0000	  0.82	  0.90	 1.031	 0.00000002	 0.494	  0.507	 16.00	  0.50	  1.5600	 0.9489	 0.00099822	 0.3023	 0.00000000	 0.2293	        NaN	  0.82	  2.53	 1.1613	 0.6787	 0.1000	
m70723c1r13.htb	   0.0	  0.03	 2.000	 -8.00	 -8.00	 30.00	   0.0	 0.8800	  1.94	 16.0000	  0.73	  1.24	 1.811	 0.00438821	 0.416	  0.439	 16.00	  0.50	  2.5800	 0.7646	 0.02267198	 0.2025	 0.00030931	 0.5015	        NaN	  0.68	  1.27	 0.8758	 1.1325	 0.1000	
m70723c1r23.htb	   0.0	  0.03	 2.000	 -8.00	 -8.00	 30.00	   0.0	 1.7100	  0.79	 16.0000	  0.35	  0.40	 1.750	 0.46809800	 0.315	  0.439	 16.00	  0.50	  5.1300	 0.6034	 0.06917991	 0.0479	 0.09293500	 0.1755	        NaN	  0.10	  0.69	 1.7088	 1.5252	 0.1000	
m70723c1r33.htb	   0.0	  0.03	 2.000	 -8.00	 -8.00	 30.00	   0.0	 1.3200	  1.12	 16.0000	  0.22	  0.61	 1.777	 0.03895256	 0.351	  0.507	 16.00	  0.50	  1.7200	 0.8966	 0.00415730	 0.1393	 0.00105761	 0.0163	        NaN	  0.22	  0.89	 1.3215	 0.6708	 0.1000	
m70730c1r3.htb	   0.0	  0.03	 2.000	 -5.00	  0.00	 30.00	   0.0	 1.4500	 19.12	 16.0000	  3.32	  1.34	 0.973	 0.00000000	 0.734	  0.478	 16.00	  0.50	  3.4500	 0.9637	 0.00049932	 0.7628	 0.00000000	 0.7090	        NaN	  1.83	 17.29	 1.4500	 1.0576	 0.1000	
m70730c1r13.htb	   0.0	  0.03	 2.000	 -5.00	  0.00	 15.00	   0.0	 1.3300	 11.99	 16.0000	  2.35	  0.95	 0.893	 0.00000000	 0.692	  0.416	 16.00	  0.50	  2.5500	 0.9608	 0.00058311	 0.6984	 0.00000000	 0.5754	        NaN	  2.12	  9.87	 1.3308	 0.8801	 0.1000	
m70730c1r23.htb	   0.0	  0.03	 2.000	 -5.00	  0.00	 60.00	   0.0	 2.4200	 16.64	 16.0000	  5.90	  2.19	 1.152	 0.00000000	 0.679	  0.480	 16.00	  0.50	  5.3500	 0.7697	 0.02165402	 0.5124	 0.00000000	 3.8449	        NaN	  0.00	 16.64	 2.4176	 1.2881	 0.1000	
m70730c1r33.htb	   0.0	  0.03	 2.000	 -5.00	  0.00	 80.00	   0.0	 3.3400	 16.10	 0.5000	  6.83	  1.59	 1.013	 0.00000000	 0.633	  0.442	 16.00	  0.50	  6.6900	 0.7715	 0.02129450	 0.5067	 0.00000000	 2.6766	        NaN	  1.40	 14.70	 3.3442	 1.2380	 0.1000	
m70730c2r3.htb	   0.0	  0.03	 2.000	  0.00	 -5.00	 30.00	   0.0	 1.3700	 22.94	 16.0000	 11.77	  9.30	 0.907	 0.00000000	 0.659	  0.318	 16.00	  0.50	  3.5000	 0.9359	 0.00157379	 0.6568	 0.00000000	 0.9940	        NaN	 10.58	 12.36	 1.3719	 1.1068	 0.1000	
m70730c2r13.htb	   0.0	  0.03	 2.000	  0.00	 -5.00	 15.00	   0.0	 1.1200	 19.67	 16.0000	  9.94	  8.01	 0.874	 0.00000001	 0.588	  0.449	 16.00	  0.50	  2.7700	 0.8818	 0.00546021	 0.5052	 0.00000000	 1.2626	        NaN	  9.48	 10.19	 1.1206	 1.0365	 0.1000	
m70730c2r23.htb	   0.0	  0.03	 2.000	  0.00	 -5.00	 60.00	   0.0	 1.6300	 18.84	 16.0000	 11.77	  7.66	 1.048	 0.00078874	 0.500	  0.521	 16.00	  0.50	  5.2300	 0.8262	 0.01205527	 0.2611	 0.00003017	 0.3362	        NaN	  7.12	 11.72	 1.6272	 1.6422	 0.1000	
m70730c2r33.htb	   0.0	  0.03	 2.000	  0.00	 -5.00	 80.00	   0.0	 8.8100	 17.24	 0.5000	 12.95	  6.82	 0.412	 0.07163089	 0.390	  0.479	 16.00	  0.50	  0.9400	 0.3012	 0.25941189	 0.0503	 0.08498630	 0.7328	        NaN	 12.95	  4.29	 8.8143	 0.0835	 0.0714	
m70731c1r3.htb	   0.0	  0.03	 2.000	 -2.00	  0.00	 30.00	   0.0	 1.8400	 11.49	 16.0000	  0.59	  0.30	 1.003	 0.00000000	 0.746	  0.418	 16.00	  0.50	  2.9200	 0.9442	 0.00119218	 0.7728	 0.00000000	 1.5929	        NaN	  0.27	 11.22	 1.8397	 0.7941	 0.1000	
m70731c1r13.htb	   0.0	  0.03	 2.000	 -2.00	  0.00	 15.00	   0.0	 1.5900	  5.36	 16.0000	  0.13	  0.80	 1.175	 0.00000000	 0.688	  0.476	 16.00	  0.50	  2.7300	 0.8906	 0.00466450	 0.5841	 0.00000000	 1.0694	        NaN	  0.00	  5.36	 1.5869	 0.8311	 0.1000	
m70731c1r23.htb	   0.0	  0.03	 2.000	 -2.00	  0.00	 60.00	   0.0	 3.1600	 11.61	 0.5000	  2.95	  0.35	 1.031	 0.00000000	 0.746	  0.354	 16.00	  0.50	  5.5100	 0.7127	 0.03450013	 0.5801	 0.00000000	 7.5901	        NaN	  0.00	 11.61	 3.1607	 1.0229	 0.1000	
m70731c1r33.htb	   0.0	  0.03	 2.000	 -2.00	  0.00	 90.00	   0.0	 6.0900	 12.12	 0.5000	  3.53	  0.75	 0.755	 0.00000000	 0.701	  0.386	 16.00	  0.50	  6.4000	 0.9126	 0.00295429	 0.7006	 0.00000000	 2.5433	        NaN	  3.53	  8.59	 6.0911	 0.6018	 0.1000	
m70731c2r3.htb	   0.0	  0.03	 2.000	  2.00	 -7.00	 30.00	   0.0	 1.2000	 16.67	 16.0000	  6.15	  4.43	 0.876	 0.00002646	 0.513	  0.809	 16.00	  0.50	  2.3700	 0.9217	 0.00235890	 0.3727	 0.00000022	 0.3502	        NaN	  5.95	 10.72	 1.1984	 0.8919	 0.1000	
m70731c2r13.htb	   0.0	  0.03	 2.000	  2.00	 -7.00	 15.00	   0.0	 1.1100	 10.39	 16.0000	  3.97	  4.90	 1.172	 0.00000000	 0.563	  0.458	 16.00	  0.50	  1.7200	 0.9470	 0.00107405	 0.4940	 0.00000000	 0.3574	        NaN	  3.95	  6.44	 1.1137	 0.7451	 0.1000	
m70731c2r23.htb	   0.0	  0.03	 2.000	  2.00	 -7.00	 50.00	   0.0	 1.8900	 11.98	 16.0000	  5.26	  4.26	 1.444	 0.00000000	 0.545	  0.562	 16.00	  0.50	  5.3500	 0.7500	 0.02571368	 0.2632	 0.00000000	 0.7857	        NaN	  0.83	 11.14	 1.8917	 1.5370	 0.1000	
m70731c2r33.htb	   0.0	  0.03	 2.000	  2.00	 -7.00	 100.00	   0.0	 2.8300	  3.90	 16.0000	  1.71	  0.77	 1.247	 0.04848631	 0.324	  0.885	 16.00	  0.50	  5.6900	 0.7884	 0.01813467	 0.0726	 0.00292780	 0.0883	        NaN	  0.00	  3.90	 2.8296	 1.3295	 0.1000	
m70801c2r3.htb	   0.0	  0.03	 2.000	 -5.00	 -7.00	 30.00	   0.0	 0.5000	  9.70	 16.0000	  4.18	  3.03	 1.017	 0.00064704	 0.506	  0.565	 16.00	  0.50	  2.9700	 0.9517	 0.00088863	 0.3061	 0.00000454	 0.1423	        NaN	  2.92	  6.78	 0.5000	 1.8893	 0.0010	
m70801c2r13.htb	   0.0	  0.03	 2.000	 -5.00	 -7.00	 15.00	   0.0	 0.8800	  8.68	 16.0000	  5.11	  5.22	 1.032	 0.05885850	 0.401	  0.584	 16.00	  0.50	  0.7800	 0.8580	 0.00794606	 0.1499	 0.00224515	 0.1734	        NaN	  5.11	  3.56	 0.8773	 0.5328	 0.0010	
m70801c2r23.htb	   0.0	  0.03	 2.000	 -5.00	 -7.00	 60.00	   0.0	 0.9100	 11.28	 16.0000	  4.78	  5.37	 1.781	 0.00167175	 0.502	  0.630	 16.00	  0.50	  4.4800	 0.9709	 0.00032031	 0.2857	 0.00001085	 0.0467	        NaN	  0.76	 10.52	 0.9052	 2.0706	 0.0010	
m70801c2r33.htb	   0.0	  0.03	 2.000	 -5.00	 -7.00	 120.00	   0.0	 0.9400	 16.13	 16.0000	  9.11	  9.15	 1.702	 0.00033829	 0.525	  0.535	 16.00	  0.50	  4.7600	 0.9234	 0.00225859	 0.3135	 0.00000329	 0.2952	        NaN	  4.26	 11.87	 0.9441	 2.0450	 0.1000	
m70801c3r3.htb	   0.0	  0.03	 2.000	  5.00	  5.00	 25.00	   0.0	 1.2900	 49.79	 16.0000	 19.73	 10.20	 0.768	 0.00000000	 0.669	  0.661	 16.00	  0.50	  2.2300	 0.9462	 0.00110668	 0.6676	 0.00000000	 0.8495	        NaN	 19.39	 30.40	 1.2863	 0.8189	 0.1000	
m70801c3r13.htb	   0.0	  0.03	 2.000	  5.00	  5.00	 15.00	   0.0	 1.1800	 50.07	 16.0000	 24.62	 10.05	 0.650	 0.00000000	 0.594	  0.692	 16.00	  0.50	  2.4300	 0.9391	 0.00142146	 0.5534	 0.00000000	 0.7073	        NaN	 24.06	 26.02	 1.1784	 0.9155	 0.1000	
m70801c3r23.htb	   0.0	  0.03	 2.000	  5.00	  5.00	 50.00	   0.0	 1.9500	 36.39	 16.0000	 27.77	 10.55	 0.635	 0.00856181	 0.446	  0.635	 16.00	  0.50	  5.6200	 0.6643	 0.04814889	 0.1617	 0.00145079	 1.4082	        NaN	 19.97	 16.42	 1.9502	 1.6880	 0.1000	
m70801c3r33.htb	   0.0	  0.03	 2.000	  5.00	  5.00	 100.00	   0.0	 5.9300	 33.30	 0.5000	 24.86	 10.70	 0.373	 0.49361278	 0.278	  0.781	 16.00	  0.50	  2.3400	 0.8493	 0.00898948	 0.0647	 0.04979309	 0.0523	        NaN	 24.86	  8.44	 5.9258	 0.2779	 0.1000	
m70802c1r3.htb	   0.0	  0.03	 2.000	 -8.00	 -7.00	 30.00	   0.0	 1.1800	 19.57	 16.0000	  6.12	  2.64	 0.794	 0.00000000	 0.620	  0.556	 16.00	  0.50	  1.2500	 0.8884	 0.00485424	 0.6256	 0.00000000	 1.8779	        NaN	  6.12	 13.45	 1.1835	 0.5700	 0.1000	
m70802c1r13.htb	   0.0	  0.03	 2.000	 -8.00	 -7.00	 15.00	   0.0	 1.1000	  9.32	 16.0000	  2.43	  2.74	 1.046	 0.00000212	 0.485	  0.748	 16.00	  0.50	  1.3500	 0.9219	 0.00235141	 0.4251	 0.00000002	 0.3507	        NaN	  2.43	  6.88	 1.0998	 0.6360	 0.1000	
m70802c1r23.htb	   0.0	  0.03	 2.000	 -8.00	 -7.00	 60.00	   0.0	 1.2900	 12.09	 16.0000	  2.83	  1.39	 1.036	 0.00000065	 0.570	  0.685	 16.00	  0.50	  3.8500	 0.9841	 0.00009507	 0.4778	 0.00000000	 0.0491	        NaN	  1.01	 11.08	 1.2900	 1.3255	 0.0010	
m70802c1r33.htb	   0.0	  0.03	 2.000	 -8.00	 -7.00	 120.00	   0.0	 1.6500	 10.60	 16.0000	  3.47	  1.69	 1.190	 0.00061900	 0.525	  0.736	 16.00	  0.50	  4.9700	 0.7306	 0.03010182	 0.2359	 0.00008352	 1.1037	        NaN	  0.00	 10.60	 1.6458	 1.4869	 0.1000	
m70802c2r3.htb	   0.0	  0.03	 2.000	  2.00	 -2.00	 30.00	   0.0	 1.3200	 30.30	 16.0000	  5.14	  3.78	 0.968	 0.00000000	 0.717	  0.582	 16.00	  0.50	  2.4700	 0.9580	 0.00067178	 0.7790	 0.00000000	 1.2817	        NaN	  4.63	 25.67	 1.3165	 0.8668	 0.1000	
m70802c2r33.htb	   0.0	  0.03	 2.000	  2.00	 -2.00	 120.00	   0.0	 1.4800	 18.87	 16.0000	 10.68	  4.54	 0.916	 0.00000108	 0.513	  0.554	 16.00	  0.50	  5.0800	 0.9063	 0.00340162	 0.3044	 0.00000001	 0.3060	        NaN	  5.74	 13.12	 1.4830	 1.6582	 0.1000	
m70803c1r3.htb	   0.0	  0.03	 2.000	 -2.00	 -7.00	 25.00	   0.0	 0.6600	  5.16	 16.0000	  0.30	  0.17	 1.007	 0.00000000	 0.566	  0.667	 16.00	  0.50	  2.1700	 0.8816	 0.00548175	 0.3604	 0.00000000	 0.5460	        NaN	  0.14	  5.02	 0.6577	 1.1708	 0.1000	
m70803c1r13.htb	   0.0	  0.03	 2.000	 -7.00	  7.00	 50.00	   0.0	 0.5000	  4.76	 16.0000	  0.27	  0.30	 1.067	 0.00024106	 0.552	  0.820	 16.00	  0.50	  2.2500	 0.8875	 0.00494068	 0.3094	 0.00000394	 0.4518	        NaN	  0.00	  4.76	 0.5000	 1.3768	 0.1000	
m70803c1r23.htb	   0.0	  0.03	 2.000	 -7.00	  7.00	 100.00	   0.0	 0.7800	  2.18	 16.0000	  0.19	  0.25	 1.129	 0.03662062	 0.475	  0.660	 16.00	  0.50	  2.7700	 0.8506	 0.00882842	 0.1639	 0.00133492	 0.1727	        NaN	  0.00	  2.18	 0.7780	 1.3700	 0.0010	
m70803c2r3.htb	   0.0	  0.03	 2.000	 -10.00	 -3.00	 30.00	   0.0	 0.9900	 22.73	 16.0000	  5.08	  2.84	 0.909	 0.00000000	 0.620	  0.712	 16.00	  0.50	  2.3400	 0.9764	 0.00021081	 0.6616	 0.00000000	 0.3297	        NaN	  4.64	 18.09	 0.9906	 0.9865	 0.1000	
m70803c2r13.htb	   0.0	  0.03	 2.000	 -10.00	 -3.00	 60.00	   0.0	 4.4000	 20.51	 0.5000	  8.54	  2.49	 0.671	 0.00000574	 0.510	  0.725	 16.00	  0.50	  5.3100	 0.8252	 0.01220693	 0.3626	 0.00000036	 1.2367	        NaN	  8.42	 12.09	 4.3977	 0.6658	 0.1000	
m70803c2r23.htb	   0.0	  0.03	 2.000	 -10.00	 -3.00	 120.00	   0.0	 10.0300	 17.23	 0.5000	  9.62	  1.69	 0.495	 0.01631484	 0.426	  0.773	 16.00	  0.50	  5.9700	 0.9692	 0.00036056	 0.2148	 0.00019235	 0.0362	        NaN	  9.53	  7.69	 10.0302	 0.9463	 0.1000	
m70806c1r3.htb	   0.0	  0.03	 2.000	  7.00	  3.00	 25.00	   0.0	 2.3100	  5.13	 16.0000	  2.20	  0.50	 0.661	 0.00000234	 0.536	  0.309	 16.00	  0.50	  3.2900	 0.9705	 0.00032887	 0.4455	 0.00000001	 0.1043	        NaN	  2.07	  3.06	 2.3070	 0.7529	 0.1000	
m70806c1r13.htb	   0.0	  0.03	 2.000	  7.00	  3.00	 50.00	   0.0	 5.9900	  4.65	 0.5000	  0.92	  0.45	 0.900	 0.00000064	 0.576	  0.428	 16.00	  0.50	  9.9400	 0.9861	 0.00007295	 0.4793	 0.00000000	 0.0897	        NaN	  0.87	  3.78	 5.9946	 0.8368	 0.0010	
m70806c1r23.htb	   0.0	  0.03	 2.000	  7.00	  3.00	 100.00	   0.0	 7.5500	  4.40	 0.5000	  1.37	  0.25	 0.732	 0.00000001	 0.611	  0.337	 16.00	  0.50	  8.4500	 0.9382	 0.00146517	 0.5237	 0.00000000	 0.3303	        NaN	  1.36	  3.04	 7.5483	 0.7271	 0.1000	
m70806c1r33.htb	   0.0	  0.03	 2.000	  7.00	  3.00	 12.50	   0.0	 1.8500	  6.23	 16.0000	  1.53	  0.65	 0.882	 0.00000000	 0.637	  0.385	 16.00	  0.50	  3.2000	 0.9505	 0.00093349	 0.5813	 0.00000000	 0.3291	        NaN	  1.31	  4.93	 1.8537	 0.8480	 0.1000	
m70807c1r3.htb	   0.0	  0.03	 2.000	  0.00	  0.00	 30.00	   0.0	 1.3400	 21.67	 16.0000	  4.81	  3.78	 0.980	 0.00000000	 0.723	  0.421	 16.00	  0.50	  2.8300	 0.9765	 0.00020958	 0.7807	 0.00000000	 0.7039	        NaN	  4.13	 17.54	 1.3366	 0.9482	 0.1000	
m70807c1r13.htb	   0.0	  0.03	 2.000	  0.00	  0.00	 60.00	   0.0	 5.5900	 14.89	 0.5000	  5.31	  2.19	 0.755	 0.00000000	 0.708	  0.355	 16.00	  0.50	  6.1100	 0.8527	 0.00856793	 0.6708	 0.00000000	 3.7302	        NaN	  5.30	  9.59	 5.5902	 0.6188	 0.1000	
m70807c1r23.htb	   0.0	  0.03	 2.000	  0.00	  0.00	 120.00	   0.0	 9.9600	 12.77	 0.5000	  4.16	  1.74	 1.032	 0.00000000	 0.752	  0.284	 16.00	  0.50	  6.0400	 0.9571	 0.00070152	 0.7689	 0.00000000	 0.8430	        NaN	  1.39	 11.38	 9.9616	 1.6772	 0.1000	
m70807c1r33.htb	   0.0	  0.03	 2.000	  0.00	  0.00	 15.00	   0.0	 1.5200	 14.67	 16.0000	  3.63	  1.39	 1.067	 0.00000000	 0.736	  0.363	 16.00	  0.50	  4.4100	 0.9496	 0.00096747	 0.7240	 0.00000000	 0.6884	        NaN	  0.51	 14.16	 1.5175	 1.3213	 0.1000	
m70809c1r3.htb	   0.0	  0.03	 2.000	  0.00	  2.00	 35.00	   0.0	 1.2200	 10.30	 16.0000	  3.56	  2.29	 1.286	 0.00000000	 0.628	  0.402	 16.00	  0.50	  4.7700	 0.8423	 0.00987000	 0.5049	 0.00000000	 1.8408	        NaN	  0.00	 10.30	 1.2175	 1.7184	 0.1000	
m70809c1r13.htb	   0.0	  0.03	 2.000	  0.00	  2.00	 70.00	   0.0	 2.7700	  8.85	 16.0000	  5.02	  3.03	 1.522	 0.00000001	 0.647	  0.317	 16.00	  0.50	  6.0300	 0.5002	 0.11600698	 0.2852	 0.00001109	 3.8756	        NaN	  0.00	  8.85	 2.7660	 1.6197	 0.1000	
m70809c1r23.htb	 180.0	  0.03	 2.000	  0.00	  2.00	 140.00	   0.0	 5.2700	  9.87	 0.5000	  2.10	  0.65	 0.869	 0.00000000	 0.667	  0.421	 16.00	  0.50	  8.6500	 0.9857	 0.00007654	 0.7053	 0.00000000	 0.3305	        NaN	  1.85	  8.02	 5.2710	 0.8328	 0.1000	
m70809c1r33.htb	 180.0	  0.03	 2.000	  0.00	  2.00	 18.00	   0.0	 1.8500	  8.94	 16.0000	  1.86	  1.94	 1.277	 0.00000001	 0.652	  0.470	 16.00	  0.50	  4.5100	 0.9164	 0.00269867	 0.5117	 0.00000000	 0.4914	        NaN	  0.00	  8.94	 1.8484	 1.1916	 0.1000	
m70809c2r3.htb	 180.0	  0.03	 2.000	  0.00	 -5.00	 25.00	   0.0	 1.4100	 21.85	 16.0000	  4.60	  1.74	 1.087	 0.00000000	 0.688	  0.557	 16.00	  0.50	  4.3000	 0.9692	 0.00035994	 0.6848	 0.00000000	 0.6951	        NaN	  0.00	 21.85	 1.4125	 1.3400	 0.1000	
m70809c2r13.htb	 180.0	  0.03	 2.000	  0.00	 -5.00	 50.00	   0.0	 5.0100	 16.26	 0.5000	  8.51	  1.39	 0.522	 0.00645656	 0.453	  0.763	 16.00	  0.50	  3.7400	 0.7901	 0.01783278	 0.1995	 0.00034658	 0.5907	        NaN	  8.51	  7.76	 5.0054	 0.4656	 0.1000	
m70809c2r23.htb	 180.0	  0.03	 2.000	  0.00	 -5.00	 100.00	   0.0	 6.0400	 16.13	 0.5000	 10.28	  2.09	 0.443	 0.02990643	 0.450	  0.622	 16.00	  0.50	  9.9600	 0.8472	 0.00924617	 0.1695	 0.00108104	 0.4171	        NaN	  9.91	  6.23	 6.0435	 0.9806	 0.1000	
m70810c1r3.htb	  90.0	  0.03	 2.000	  0.00	  0.00	 30.00	   0.0	 1.1100	  9.56	 16.0000	  2.58	  1.19	 0.868	 0.00000000	 0.603	  0.467	 16.00	  0.50	  2.6800	 0.9185	 0.00256457	 0.5490	 0.00000000	 0.8107	        NaN	  2.30	  7.27	 1.1123	 1.0163	 0.1000	
m70810c1r13.htb	  90.0	  0.03	 2.000	  0.00	  0.00	 60.00	   0.0	 0.7700	  4.90	 16.0000	  0.48	  1.00	 1.176	 0.00000000	 0.600	  0.482	 16.00	  0.50	  2.3600	 0.9825	 0.00011508	 0.6007	 0.00000000	 0.3047	        NaN	  0.31	  4.59	 0.7651	 1.1465	 0.1000	
m70810c1r23.htb	  90.0	  0.03	 2.000	  0.00	  0.00	 120.00	   0.0	 0.6300	  2.88	 16.0000	  0.73	  1.19	 1.571	 0.00034959	 0.510	  0.461	 16.00	  0.50	  3.2200	 0.8950	 0.00428433	 0.3031	 0.00000518	 0.2639	        NaN	  0.23	  2.65	 0.6266	 1.7744	 0.0010	
m70810c1r33.htb	  90.0	  0.03	 2.000	  0.00	  0.00	 15.00	   0.0	 1.5400	  6.76	 16.0000	  1.11	  0.95	 1.163	 0.00000001	 0.621	  0.462	 16.00	  0.50	  4.0900	 0.9866	 0.00006727	 0.5523	 0.00000000	 0.1578	        NaN	  0.00	  6.76	 1.5365	 1.2028	 0.1000	
m70815c1r3.htb	   0.0	  0.03	 2.000	  0.00	  0.00	 25.00	   0.0	 1.5400	  5.74	 16.0000	  1.37	  0.90	 1.185	 0.00000040	 0.592	  0.440	 16.00	  0.50	  4.5200	 0.8728	 0.00634838	 0.4324	 0.00000001	 0.8024	        NaN	  0.00	  5.74	 1.5395	 1.3502	 0.1000	
m70815c1r13.htb	   0.0	  0.03	 2.000	  0.00	  0.00	 50.00	   0.0	 0.8800	  3.88	 16.0000	  2.06	  1.14	 1.393	 0.00785108	 0.446	  0.462	 16.00	  0.50	  5.0500	 0.5255	 0.10311262	 0.1294	 0.00476467	 1.0951	        NaN	  0.07	  3.81	 0.8790	 2.4594	 0.1000	
m70815c1r23.htb	   0.0	  0.03	 2.000	  0.00	  0.00	 100.00	   0.0	 1.9300	  3.31	 16.0000	  1.56	  0.87	 1.026	 0.00076447	 0.417	  0.431	 16.00	  0.50	  4.9900	 0.9191	 0.00252479	 0.1537	 0.00000949	 0.1090	        NaN	  0.81	  2.50	 1.9260	 1.3377	 0.1000	
m70815c1r33.htb	   0.0	  0.03	 2.000	  0.00	  0.00	 12.50	   0.0	 1.6100	  3.91	 16.0000	  0.91	  1.00	 1.203	 0.00000003	 0.496	  0.499	 16.00	  0.50	  4.0000	 0.9724	 0.00028805	 0.3057	 0.00000000	 0.0792	        NaN	  0.40	  3.51	 1.6104	 1.1375	 0.1000	
m70816c1r3.htb	   0.0	  0.03	 2.000	  6.00	  5.00	 25.00	   0.0	 0.6600	 19.23	 16.0000	  7.87	  3.38	 0.717	 0.00000000	 0.651	  0.486	 16.00	  0.50	  1.0400	 0.9137	 0.00287943	 0.6114	 0.00000000	 3.0303	        NaN	  7.87	 11.36	 0.6551	 0.7299	 0.1000	
m70816c1r13.htb	   0.0	  0.03	 2.000	  6.00	  5.00	 50.00	   0.0	 0.9100	 14.60	 16.0000	  3.46	  4.28	 1.204	 0.00000000	 0.686	  0.428	 16.00	  0.50	  3.1800	 0.8548	 0.00832697	 0.6440	 0.00000000	 4.8459	        NaN	  2.17	 12.43	 0.9138	 1.2990	 0.1000	
m70816c1r23.htb	   0.0	  0.03	 2.000	  6.00	  5.00	 100.00	   0.0	 0.8500	 14.22	 16.0000	  2.69	  3.88	 1.375	 0.00000000	 0.712	  0.455	 16.00	  0.50	  3.6900	 0.9728	 0.00027987	 0.7111	 0.00000000	 0.4015	        NaN	  0.00	 14.22	 0.8538	 1.5484	 0.1000	
m70816c1r33.htb	   0.0	  0.03	 2.000	  6.00	  5.00	 12.50	   0.0	 0.5100	 23.82	 16.0000	  5.64	  5.17	 1.020	 0.00000000	 0.730	  0.478	 16.00	  0.50	  2.1100	 0.9776	 0.00018977	 0.8009	 0.00000000	 0.6304	        NaN	  4.81	 19.02	 0.5052	 1.3113	 0.1000	
m70817c1r3.htb	 180.0	  0.03	 2.000	  3.00	  0.00	 40.00	   0.0	 1.2000	 11.00	 16.0000	  3.94	  1.49	 0.744	 0.00000002	 0.614	  0.568	 16.00	  0.50	  1.7700	 0.7076	 0.03583952	 0.3887	 0.00000010	 1.8191	        NaN	  3.92	  7.08	 1.2043	 0.7249	 0.1000	
m70817c1r13.htb	 180.0	  0.03	 2.000	  3.00	  0.00	 80.00	   0.0	 1.9400	 10.90	 16.0000	  4.81	  2.14	 1.149	 0.00000000	 0.668	  0.325	 16.00	  0.50	  5.3600	 0.7038	 0.03682761	 0.4386	 0.00000001	 2.7976	        NaN	  0.83	 10.07	 1.9401	 1.5148	 0.1000	
m70817c1r23.htb	 180.0	  0.03	 2.000	  3.00	  0.00	 160.00	   0.0	 1.6600	 10.00	 16.0000	  4.55	  1.34	 1.120	 0.00000000	 0.681	  0.299	 16.00	  0.50	  5.3800	 0.7379	 0.02841163	 0.4680	 0.00000000	 3.2245	        NaN	  0.30	  9.70	 1.6554	 1.7252	 0.1000	
m70817c1r33.htb	 180.0	  0.03	 2.000	  3.00	  0.00	 20.00	   0.0	 1.5100	  7.07	 16.0000	  3.82	  3.28	 1.518	 0.06147308	 0.440	  0.595	 16.00	  0.50	  5.2200	 0.6267	 0.06058795	 0.1084	 0.01020658	 0.4950	        NaN	  1.32	  5.75	 1.5133	 1.8286	 0.0010	
m70820c1r3.htb	 180.0	  0.03	 2.000	  0.00	  0.00	 35.00	   0.0	 1.1100	 19.18	 16.0000	  6.55	  5.47	 0.922	 0.00006720	 0.460	  1.090	 16.00	  0.50	  1.5500	 0.9557	 0.00074661	 0.3647	 0.00000033	 0.1421	        NaN	  6.54	 12.64	 1.1139	 0.6920	 0.1000	
m70820c1r13.htb	 180.0	  0.03	 2.000	  0.00	  0.00	 70.00	   0.0	 2.0600	 19.13	 16.0000	  6.98	  6.52	 1.186	 0.00001114	 0.506	  0.839	 16.00	  0.50	  4.4800	 0.8149	 0.01373209	 0.3459	 0.00000077	 1.9720	        NaN	  4.17	 14.96	 2.0579	 1.0989	 0.1000	
m70820c1r23.htb	 180.0	  0.03	 2.000	  0.00	  0.00	 140.00	   0.0	 2.2500	 15.85	 16.0000	  9.67	  7.56	 1.324	 0.00940856	 0.473	  0.591	 16.00	  0.50	  5.6000	 0.8703	 0.00660532	 0.2091	 0.00024003	 0.2660	        NaN	  4.88	 10.97	 2.2525	 1.4940	 0.1000	
m70820c1r33.htb	 180.0	  0.03	 2.000	  0.00	  0.00	 18.00	   0.0	 0.8600	 12.90	 16.0000	  8.02	  7.71	 0.943	 0.01094346	 0.398	  0.635	 16.00	  0.50	  1.5900	 0.8565	 0.00812538	 0.2014	 0.00032223	 0.3598	        NaN	  8.01	  4.89	 0.8572	 0.8300	 0.1000	
m70821c1r3.htb	 180.0	  0.03	 2.000	  0.00	  0.00	 40.00	   0.0	 0.7300	  9.45	 16.0000	  7.35	  6.09	 0.629	 0.00009912	 0.371	  0.355	 16.00	  0.50	  1.6100	 0.6726	 0.04562622	 0.1345	 0.00003786	 0.6543	        NaN	  7.34	  2.11	 0.7291	 0.9152	 0.1000	
m70821c1r13.htb	 180.0	  0.03	 2.000	  0.00	  0.00	 80.00	   0.0	 2.7000	  9.40	 16.0000	  7.32	  5.62	 1.223	 0.04347245	 0.423	  0.386	 16.00	  0.50	  5.9800	 0.5095	 0.11117368	 0.0949	 0.01664440	 1.0426	        NaN	  4.78	  4.63	 2.6982	 1.5977	 0.1000	
m70821c1r23.htb	 180.0	  0.03	 2.000	  0.00	  0.00	 160.00	   0.0	 0.5000	  8.86	 16.0000	  7.45	  7.59	 3.280	 0.00002966	 0.408	  0.354	 16.00	  0.50	  4.8500	 0.2474	 0.31544224	 0.0540	 0.01062179	 1.8267	        NaN	  4.68	  4.18	 0.5000	 3.6183	 0.1000	
m70821c1r33.htb	 180.0	  0.03	 2.000	  0.00	  0.00	 20.00	   0.0	 0.5800	  9.44	 16.0000	  6.51	  6.52	 1.004	 0.00488083	 0.405	  0.404	 16.00	  0.50	  0.9500	 0.9802	 0.00014744	 0.2563	 0.00003674	 0.0387	        NaN	  6.51	  2.93	 0.5758	 0.8194	 0.0010	
m70822c1r3.htb	 180.0	  0.03	 2.000	 -5.00	 -7.00	 30.00	   0.0	 1.2400	  8.61	 16.0000	  2.30	  2.81	 1.115	 0.00000000	 0.525	  0.616	 16.00	  0.50	  2.5400	 0.9100	 0.00313490	 0.3469	 0.00000000	 0.3766	        NaN	  2.14	  6.47	 1.2436	 0.9143	 0.1000	
m70822c1r13.htb	 180.0	  0.03	 2.000	 -5.00	 -7.00	 60.00	   0.0	 2.0800	  5.21	 16.0000	  1.11	  0.92	 1.215	 0.00001044	 0.520	  0.675	 16.00	  0.50	  4.6400	 0.7964	 0.01673850	 0.1863	 0.00000086	 0.5293	        NaN	  0.00	  5.21	 2.0819	 1.1371	 0.1000	
m70822c1r23.htb	 180.0	  0.03	 2.000	 -5.00	 -7.00	 120.00	   0.0	 2.9700	  3.03	 16.0000	  1.27	  0.58	 1.236	 0.00000000	 0.492	  0.432	 16.00	  0.50	  5.6300	 0.6265	 0.06065599	 0.1845	 0.00000000	 0.9085	        NaN	  0.00	  3.03	 2.9654	 1.2581	 0.1000	
m70822c1r33.htb	 180.0	  0.03	 2.000	 -5.00	 -7.00	 15.00	   0.0	 1.4200	  7.66	 16.0000	  2.71	  2.99	 1.063	 0.00000010	 0.481	  0.626	 16.00	  0.50	  2.0100	 0.9274	 0.00202533	 0.2767	 0.00000000	 0.2577	        NaN	  2.69	  4.97	 1.4233	 0.7127	 0.1000	
m70823c1r3.htb	 180.0	  0.03	 2.000	  0.00	 -7.00	 20.00	   0.0	 1.5000	 14.60	 16.0000	  1.22	  0.75	 0.969	 0.00000000	 0.756	  0.453	 16.00	  0.50	  2.0100	 0.9319	 0.00177815	 0.7955	 0.00000000	 2.1808	        NaN	  1.17	 13.43	 1.5035	 0.6884	 0.1000	
m70823c1r13.htb	 180.0	  0.03	 2.000	  0.00	 -7.00	 40.00	   0.0	 1.8000	 15.26	 16.0000	  0.59	  0.50	 0.996	 0.00000000	 0.738	  0.537	 16.00	  0.50	  2.0700	 0.9638	 0.00049739	 0.7340	 0.00000000	 1.2863	        NaN	  0.55	 14.71	 1.8035	 0.6234	 0.1000	
m70823c1r23.htb	 180.0	  0.03	 2.000	  0.00	 -7.00	 80.00	   0.0	 5.1600	 11.66	 0.5000	  1.86	  0.15	 0.852	 0.00000000	 0.733	  0.344	 16.00	  0.50	  4.8500	 0.9506	 0.00093008	 0.7924	 0.00000000	 1.6070	        NaN	  1.85	  9.80	 5.1604	 0.5538	 0.1000	
m70823c1r33.htb	 180.0	  0.03	 2.000	  0.00	 -7.00	 10.00	   0.0	 1.4300	  5.81	 16.0000	  0.67	  1.24	 1.131	 0.00000000	 0.693	  0.372	 16.00	  0.50	  2.0900	 0.9318	 0.00178760	 0.6853	 0.00000000	 0.7465	        NaN	  0.64	  5.17	 1.4347	 0.7287	 0.1000	
m70824c1r3.htb	   0.0	  0.03	 2.000	  0.00	  0.00	 20.00	   0.0	 0.8200	 14.94	 16.0000	  6.49	  6.57	 1.015	 0.00000186	 0.516	  0.576	 16.00	  0.50	  1.6900	 0.9914	 0.00002777	 0.4599	 0.00000000	 0.0619	        NaN	  6.44	  8.50	 0.8222	 0.8818	 0.1000	
m70824c1r13.htb	   0.0	  0.03	 2.000	  0.00	  0.00	 40.00	   0.0	 0.6000	 16.21	 16.0000	  6.96	  7.51	 1.102	 0.00000000	 0.581	  0.487	 16.00	  0.50	  2.1200	 0.9849	 0.00008593	 0.5795	 0.00000000	 0.2445	        NaN	  6.63	  9.58	 0.6007	 1.2081	 0.1000	
m70824c1r23.htb	   0.0	  0.03	 2.000	  0.00	  0.00	 80.00	   0.0	 1.9400	 13.64	 16.0000	  7.68	  6.37	 1.052	 0.00000000	 0.492	  0.435	 16.00	  0.50	  4.6300	 0.9640	 0.00049132	 0.3485	 0.00000000	 0.1788	        NaN	  5.99	  7.65	 1.9401	 1.1901	 0.1000	
m70824c1r33.htb	   0.0	  0.03	 2.000	  0.00	  0.00	 10.00	   0.0	 0.9500	  9.08	 16.0000	  5.66	  5.50	 0.957	 0.00023851	 0.363	  0.559	 16.00	  0.50	  1.6300	 0.9396	 0.00139710	 0.1749	 0.00000200	 0.0464	        NaN	  5.65	  3.43	 0.9476	 0.7960	 0.1000	
m70827c1r3.htb	   0.0	  0.03	 2.000	  0.00	 -5.00	 25.00	   0.0	 1.1900	 13.87	 16.0000	  2.88	  1.09	 0.871	 0.00000000	 0.680	  0.498	 16.00	  0.50	  2.2000	 0.9321	 0.00176894	 0.6846	 0.00000000	 0.8731	        NaN	  2.75	 11.12	 1.1943	 0.8451	 0.1000	
m70827c1r13.htb	   0.0	  0.03	 2.000	  0.00	 -5.00	 50.00	   0.0	 2.3200	 14.63	 16.0000	  4.01	  2.09	 1.167	 0.00000000	 0.695	  0.435	 16.00	  0.50	  4.9900	 0.9290	 0.00193447	 0.6354	 0.00000000	 1.3740	        NaN	  0.00	 14.63	 2.3152	 1.1785	 0.1000	
m70827c1r23.htb	   0.0	  0.03	 2.000	  0.00	 -5.00	 100.00	   0.0	 2.9100	 11.64	 16.0000	  5.33	  2.29	 1.245	 0.00000733	 0.564	  0.536	 16.00	  0.50	  5.7500	 0.7439	 0.02706737	 0.3228	 0.00000219	 1.4037	        NaN	  0.00	 11.64	 2.9075	 1.3426	 0.1000	
m70827c1r33.htb	   0.0	  0.03	 2.000	  0.00	 -5.00	 12.50	   0.0	 0.7600	  7.85	 16.0000	  2.21	  1.79	 0.979	 0.00000006	 0.564	  0.502	 16.00	  0.50	  2.4800	 0.9806	 0.00014194	 0.5221	 0.00000000	 0.2184	        NaN	  1.92	  5.93	 0.7551	 1.1942	 0.1000	
m70828c1r3.htb	   0.0	  0.03	 2.000	 -5.00	 -10.00	 25.00	   0.0	 0.8800	 11.03	 16.0000	  2.42	  0.85	 0.868	 0.00000001	 0.603	  0.541	 16.00	  0.50	  2.2700	 0.9707	 0.00032522	 0.5482	 0.00000000	 0.1667	        NaN	  2.19	  8.83	 0.8798	 1.0337	 0.1000	
m70828c1r13.htb	   0.0	  0.03	 2.000	 -5.00	 -10.00	 50.00	   0.0	 1.3000	  7.15	 16.0000	  1.44	  1.00	 1.162	 0.00000004	 0.620	  0.469	 16.00	  0.50	  4.1600	 0.9269	 0.00205217	 0.5008	 0.00000000	 0.4165	        NaN	  0.00	  7.15	 1.2977	 1.3656	 0.1000	
m70828c1r23.htb	   0.0	  0.03	 2.000	 -5.00	 -10.00	 100.00	   0.0	 1.0600	  5.18	 16.0000	  1.12	  1.39	 1.368	 0.00000537	 0.587	  0.468	 16.00	  0.50	  4.0400	 0.9744	 0.00024868	 0.4296	 0.00000001	 0.1606	        NaN	  0.00	  5.18	 1.0584	 1.5017	 0.1000	
m70828c1r33.htb	   0.0	  0.03	 2.000	 -5.00	 -10.00	 12.50	   0.0	 1.1700	  9.88	 16.0000	  1.88	  2.39	 1.074	 0.00000000	 0.627	  0.562	 16.00	  0.50	  1.9600	 0.9092	 0.00318814	 0.5798	 0.00000000	 1.0352	        NaN	  1.83	  8.05	 1.1739	 0.7882	 0.1000	
m70829c1r3.htb	 270.0	  0.03	 2.000	 -2.00	 -2.00	 25.00	   0.0	 1.0600	 21.68	 16.0000	  0.69	  0.80	 1.007	 0.00000000	 0.748	  0.582	 16.00	  0.50	  1.6500	 0.9394	 0.00140488	 0.8551	 0.00000000	 3.3388	        NaN	  0.65	 21.03	 1.0644	 0.7435	 0.1000	
m70829c1r13.htb	 270.0	  0.03	 2.000	 -2.00	 -2.00	 50.00	   0.0	 1.2500	 18.39	 16.0000	  1.35	  1.39	 1.014	 0.00000000	 0.757	  0.508	 16.00	  0.50	  2.2300	 0.9535	 0.00082526	 0.8374	 0.00000000	 1.4162	        NaN	  1.15	 17.24	 1.2483	 0.8318	 0.1000	
m70829c1r23.htb	 270.0	  0.03	 2.000	 -2.00	 -2.00	 100.00	   0.0	 2.4700	 16.10	 16.0000	  2.79	  1.19	 0.987	 0.00000000	 0.696	  0.510	 16.00	  0.50	  3.9600	 0.9296	 0.00190254	 0.7210	 0.00000000	 1.1294	        NaN	  1.39	 14.71	 2.4745	 0.8454	 0.1000	
m70829c1r33.htb	 270.0	  0.03	 2.000	 -2.00	 -2.00	 13.00	   0.0	 1.2900	 18.71	 16.0000	  0.76	  1.19	 1.026	 0.00000000	 0.718	  0.675	 16.00	  0.50	  1.6700	 0.9587	 0.00064722	 0.7816	 0.00000000	 0.7919	        NaN	  0.74	 17.97	 1.2881	 0.6678	 0.1000	
m70831c1r3.htb	 180.0	  0.03	 2.000	  5.00	 -7.00	 30.00	   0.0	 1.7900	 34.00	 16.0000	  8.45	  4.33	 0.940	 0.00000000	 0.721	  0.558	 16.00	  0.50	  3.6100	 0.9266	 0.00207000	 0.7264	 0.00000000	 1.3234	        NaN	  6.09	 27.91	 1.7873	 0.9644	 0.1000	
m70831c1r13.htb	 180.0	  0.03	 2.000	  5.00	 -7.00	 60.00	   0.0	 4.0100	 35.33	 0.5000	 17.35	  3.83	 0.573	 0.00000000	 0.693	  0.503	 16.00	  0.50	  4.0100	 0.7611	 0.02337390	 0.5496	 0.00000000	 3.9733	        NaN	 17.28	 18.04	 4.0121	 0.5780	 0.1000	
m70831c1r23.htb	 180.0	  0.03	 2.000	  5.00	 -7.00	 120.00	   0.0	 3.7400	 31.69	 0.5000	 16.28	  6.22	 0.655	 0.00000000	 0.693	  0.333	 16.00	  0.50	  5.7300	 0.9333	 0.00170549	 0.7283	 0.00000000	 1.9890	        NaN	 15.01	 16.68	 3.7413	 0.8181	 0.1000	
m70831c1r33.htb	 180.0	  0.03	 2.000	  5.00	 -7.00	 15.00	   0.0	 1.4100	 23.66	 16.0000	  8.96	  4.63	 0.872	 0.00000069	 0.551	  0.821	 16.00	  0.50	  3.6700	 0.8694	 0.00669814	 0.4211	 0.00000002	 0.7204	        NaN	  7.06	 16.60	 1.4086	 1.1375	 0.1000	
m70905c1r3.htb	 180.0	  0.03	 2.000	  0.00	  0.00	 40.00	   0.0	 1.8700	 14.13	 16.0000	  3.75	  1.74	 0.907	 0.00000000	 0.588	  0.618	 16.00	  0.50	  3.5800	 0.8932	 0.00443995	 0.5744	 0.00000000	 1.0911	        NaN	  2.89	 11.24	 1.8721	 0.9269	 0.1000	
m70905c1r13.htb	 180.0	  0.03	 2.000	  0.00	  0.00	 80.00	   0.0	 3.6400	 16.53	 0.5000	  6.50	  2.94	 0.753	 0.00000000	 0.707	  0.388	 16.00	  0.50	  4.2900	 0.7886	 0.01810592	 0.5808	 0.00000000	 3.9432	        NaN	  6.29	 10.24	 3.6358	 0.6582	 0.1000	
m70905c1r23.htb	 180.0	  0.03	 2.000	  0.00	  0.00	 160.00	   0.0	 5.9500	 20.12	 0.5000	  8.85	  2.54	 0.641	 0.00000026	 0.579	  0.418	 16.00	  0.50	  2.0800	 0.7556	 0.02452741	 0.3803	 0.00000016	 2.3086	        NaN	  8.85	 11.27	 5.9461	 0.2499	 0.1000	
m70905c1r33.htb	 180.0	  0.03	 2.000	  0.00	  0.00	 20.00	   0.0	 1.4500	 12.58	 16.0000	  0.22	  1.89	 1.174	 0.00000002	 0.605	  0.940	 16.00	  0.50	  2.4600	 0.8299	 0.01152795	 0.4540	 0.00000000	 1.1415	        NaN	  0.03	 12.55	 1.4529	 0.8109	 0.1000	
