FILE			 PrfOR	 PrfSF	 PrfTF	 RFXctr	 RFYctr	 RFDiam	 GrType	 MaxLoc	 MaxRsp	 MinLoc	 MinRsp	 Spont	 SFMI		 AnovaP	 SFDI  	 VarTerm	 MaxX 	 MinX 	 SFHWHM	 RsqMn	 PMean	 RsqRaw	 Praw		 Chi2		 ChiP		 Brat		 Ampl		 Peak		 SD		 Offst		
m60110c1r2.htb	   0.0	  0.10	 2.000	  0.00	  0.00	 50.00	   0.0	 0.0250	  6.51	 1.6000	  1.67	  1.58	 1.183	 0.00286877	 0.542	  0.648	  1.60	  0.03	  0.2240	 0.7304	 0.01429234	 0.3414	 0.00014644	 2.4906	 0.28785195	  0.67	  5.84	 0.0250	 2.2109	 0.0001	
m60110c1r2.htb	   0.0	  0.10	 2.000	  0.00	  0.00	 50.00	   1.0	 0.0640	  6.65	 1.6000	  1.37	  1.58	 1.236	 0.00092885	 0.583	  0.493	  1.60	  0.03	  0.3250	 0.9437	 0.00026113	 0.4785	 0.00000212	 0.3794	 0.82721063	  0.13	  6.52	 0.0639	 1.7695	 0.0001	
m60110c2r3.htb	  30.0	  0.05	 2.000	  3.00	 -7.00	 30.00	   0.0	 0.0250	  8.92	 1.6000	  1.60	  1.99	 1.264	 0.00000005	 0.603	  0.587	  1.60	  0.03	  0.2200	 0.7801	 0.00839780	 0.4578	 0.00000001	 2.9891	 0.22435503	  0.16	  8.76	 0.0250	 2.1847	 0.0001	
m60110c2r3.htb	  30.0	  0.05	 2.000	  3.00	 -7.00	 30.00	   1.0	 0.0250	  9.13	 1.6000	  2.51	  1.99	 1.198	 0.00000224	 0.601	  0.519	  1.60	  0.03	  0.2300	 0.8962	 0.00122445	 0.4587	 0.00000001	 1.0875	 0.58056427	  1.02	  8.10	 0.0250	 2.2568	 0.0001	
m60110c3r3.htb	  90.0	  0.05	 1.000	 20.00	 -15.00	 30.00	   0.0	 0.0270	 23.05	 1.6000	  7.77	  7.46	 0.980	 0.00000006	 0.673	  0.524	  1.60	  0.03	  0.0480	 0.9670	 0.00006798	 0.7787	 0.00000000	 1.3645	 0.50548276	  7.77	 15.28	 0.0270	 0.6894	 0.0100	
m60110c3r3.htb	  90.0	  0.05	 1.000	 20.00	 -15.00	 30.00	   1.0	 0.0360	 23.59	 1.6000	 10.12	  7.46	 0.905	 0.00000577	 0.618	  0.549	  1.60	  0.03	  0.0530	 0.9715	 0.00004689	 0.6759	 0.00000000	 2.8723	 0.23784318	 10.12	 13.48	 0.0364	 0.6338	 0.0100	
m60117c2r2.htb	  90.0	  0.05	 2.000	  5.00	 -10.00	 40.00	   0.0	 0.0250	 25.39	 1.6000	 13.37	 15.12	 1.171	 0.00000000	 0.603	  0.479	  1.60	  0.03	  0.0740	 0.9443	 0.00025335	 0.5864	 0.00000000	 0.6361	 0.72755093	 13.36	 12.02	 0.0250	 0.9551	 0.0100	
m60117c2r2.htb	  90.0	  0.05	 2.000	  5.00	 -10.00	 40.00	   1.0	 0.0360	 26.32	 1.6000	 15.58	 15.12	 1.056	 0.00000000	 0.607	  0.420	  1.60	  0.03	  0.0730	 0.9619	 0.00009751	 0.6060	 0.00000000	 0.2825	 0.86825302	 15.58	 10.74	 0.0361	 0.7929	 0.0100	
m60125c1r3.htb	  30.0	  0.50	 2.000	  0.00	  0.00	 50.00	   0.0	 0.0360	  0.40	 1.6000	  0.03	  0.10	 1.217	 0.05862056	 0.365	  0.377	  1.60	  0.03	  0.0290	 0.9321	 0.00041748	 0.1591	 0.00062600	 0.0668	 0.96715947	  0.03	  0.37	 0.0363	 0.4733	 0.0001	
m60125c1r3.htb	  30.0	  0.50	 2.000	  0.00	  0.00	 50.00	   1.0	 0.0880	  0.42	 1.6000	  0.04	  0.10	 1.199	 0.15102460	 0.360	  0.451	  1.60	  0.03	  0.1490	 0.9537	 0.00015950	 0.1288	 0.00228002	 0.0659	 0.96758695	  0.04	  0.37	 0.0878	 0.7837	 0.0100	
m60125c2r2.htb	  30.0	  0.05	 2.000	 -7.00	 -3.00	 40.00	   0.0	 0.0310	 13.18	 1.6000	  5.32	  4.73	 0.930	 0.00000000	 0.606	  0.444	  1.60	  0.03	  0.0290	 0.9725	 0.00004292	 0.6251	 0.00000000	 0.2058	 0.90220441	  5.32	  7.87	 0.0314	 0.5310	 0.0001	
m60125c2r2.htb	  30.0	  0.05	 2.000	 -7.00	 -3.00	 40.00	   1.0	 0.0330	 14.34	 1.6000	  6.45	  4.73	 0.868	 0.00000000	 0.624	  0.371	  1.60	  0.03	  0.0280	 0.9896	 0.00000374	 0.6674	 0.00000000	 0.1531	 0.92628475	  6.45	  7.89	 0.0326	 0.5165	 0.0001	
m60125c3r3.htb	  30.0	  0.03	 2.000	 -8.00	 -18.00	 30.00	   0.0	 0.0330	 25.08	 1.6000	  6.57	  3.68	 0.865	 0.00000000	 0.706	  0.563	  1.60	  0.03	  0.0270	 0.9447	 0.00024887	 0.7583	 0.00000000	 1.5245	 0.46660973	  6.57	 18.52	 0.0330	 0.4795	 0.0001	
m60125c3r3.htb	  30.0	  0.03	 2.000	 -8.00	 -18.00	 30.00	   1.0	 0.0350	 30.37	 0.3360	  9.71	  3.68	 0.810	 0.00000000	 0.579	  0.673	  1.60	  0.03	  0.0150	 0.9146	 0.00074603	 0.5131	 0.00000000	 0.7342	 0.69274866	  9.71	 20.67	 0.0345	 0.2359	 0.0100	
m60125c4r4.htb	  90.0	  0.03	 2.000	  0.00	 -8.00	 30.00	   0.0	 0.0500	 22.15	 1.6000	  7.21	  4.26	 0.835	 0.00000100	 0.613	  0.660	  1.60	  0.03	  0.0710	 0.9873	 0.00000621	 0.6382	 0.00000000	 0.2396	 0.88709762	  7.21	 14.94	 0.0504	 0.6462	 0.0100	
m60125c4r4.htb	  90.0	  0.03	 2.000	  0.00	 -8.00	 30.00	   1.0	 0.0440	 20.87	 1.6000	  6.68	  4.26	 0.844	 0.00000009	 0.646	  0.608	  1.60	  0.03	  0.0640	 0.9857	 0.00000828	 0.6836	 0.00000000	 0.2846	 0.86736852	  6.68	 14.19	 0.0444	 0.7452	 0.0001	
m60201c2r3.htb	  90.0	  0.03	 2.000	  0.00	 -10.00	 50.00	   0.0	 0.0350	 28.02	 1.6000	 10.91	 12.34	 1.091	 0.00000000	 0.540	  0.761	  1.60	  0.03	  0.0370	 0.9971	 0.00000015	 0.6599	 0.00000000	 0.0030	 0.99848034	 10.91	 17.12	 0.0346	 0.6012	 0.0001	
m60201c2r3.htb	  90.0	  0.03	 2.000	  0.00	 -10.00	 50.00	   1.0	 0.0350	 32.76	 0.4990	 12.15	 12.34	 1.040	 0.00000000	 0.579	  0.684	  1.60	  0.03	  0.0190	 0.9363	 0.00035633	 0.6161	 0.00000000	 0.4937	 0.78126679	 12.15	 20.61	 0.0349	 0.2796	 0.0100	
m60201c3r5.htb	 270.0	  0.03	 2.000	  8.00	 -15.00	 50.00	   0.0	 0.0300	 27.76	 1.6000	  5.09	  4.69	 0.983	 0.00000000	 0.678	  0.745	  1.60	  0.03	  0.0410	 0.9961	 0.00000033	 0.7728	 0.00000000	 0.2766	 0.87084952	  5.09	 22.68	 0.0303	 0.5728	 0.0100	
m60201c3r5.htb	 270.0	  0.03	 2.000	  8.00	 -15.00	 50.00	   1.0	 0.0370	 32.62	 1.6000	  5.63	  4.69	 0.973	 0.00000000	 0.674	  0.795	  1.60	  0.03	  0.0400	 0.9843	 0.00001055	 0.7988	 0.00000000	 0.7452	 0.68892589	  5.63	 26.99	 0.0371	 0.5080	 0.0100	
m60201c4r7.htb	 270.0	  0.03	 2.000	  8.00	 -18.00	 50.00	   0.0	 0.0510	  6.18	 1.6000	  2.14	  2.49	 1.095	 0.00000000	 0.597	  0.379	  1.60	  0.03	  0.1080	 0.9871	 0.00000642	 0.5461	 0.00000000	 0.1007	 0.95089407	  2.14	  4.04	 0.0514	 0.9520	 0.0001	
m60201c4r7.htb	 270.0	  0.03	 2.000	  8.00	 -18.00	 50.00	   1.0	 0.0570	  6.89	 1.6000	  2.76	  2.49	 1.004	 0.00000001	 0.580	  0.387	  1.60	  0.03	  0.0750	 0.9766	 0.00002880	 0.5152	 0.00000000	 0.3280	 0.84874918	  2.76	  4.14	 0.0569	 0.6315	 0.0100	
m60201c5r2.htb	  30.0	  0.05	 2.000	  0.00	 -15.00	 50.00	   0.0	 0.0250	 20.20	 1.5990	  4.47	  3.81	 0.960	 0.00000000	 0.645	  0.788	  1.60	  0.03	  0.0220	 0.9769	 0.00002778	 0.6806	 0.00000000	 0.8643	 0.64912683	  4.47	 15.73	 0.0250	 0.5059	 0.0001	
m60201c5r2.htb	  30.0	  0.05	 2.000	  0.00	 -15.00	 50.00	   1.0	 0.0250	 22.83	 1.6000	  5.60	  3.81	 0.929	 0.00000000	 0.638	  0.772	  1.60	  0.03	  0.0220	 0.9717	 0.00004636	 0.6397	 0.00000000	 0.8856	 0.64222002	  5.60	 17.23	 0.0251	 0.5021	 0.0001	
m60203c1r3.htb	   0.0	  0.03	 2.000	 -2.00	 -12.00	 50.00	   0.0	 0.0250	 12.42	 1.6000	  5.92	  6.37	 1.138	 0.00000000	 0.593	  0.455	  1.60	  0.03	  0.1790	 0.6850	 0.02153537	 0.3760	 0.00000002	 3.2390	 0.19799857	  5.53	  6.89	 0.0250	 1.5966	 0.0100	
m60203c1r3.htb	   0.0	  0.03	 2.000	 -2.00	 -12.00	 50.00	   1.0	 0.0250	 13.20	 1.6000	  6.71	  6.37	 1.056	 0.00000000	 0.621	  0.374	  1.60	  0.03	  0.1410	 0.8722	 0.00208239	 0.5104	 0.00000000	 1.4792	 0.47729830	  6.43	  6.77	 0.0250	 1.6450	 0.0001	
m60203c2r6.htb	   0.0	  0.03	 2.000	 -5.00	 -10.00	 40.00	   0.0	 0.0250	 16.78	 1.6000	  7.12	  7.81	 1.095	 0.00000000	 0.668	  0.453	  1.60	  0.03	  0.1130	 0.8581	 0.00271567	 0.5555	 0.00000000	 1.6980	 0.42784636	  6.96	  9.83	 0.0250	 1.4561	 0.0001	
m60203c2r6.htb	   0.0	  0.03	 2.000	 -5.00	 -10.00	 40.00	   1.0	 0.0250	 17.71	 1.6000	  8.02	  7.81	 1.043	 0.00000000	 0.599	  0.484	  1.60	  0.03	  0.1200	 0.9686	 0.00005990	 0.5797	 0.00000000	 0.2633	 0.87666842	  7.80	  9.90	 0.0250	 1.5055	 0.0001	
m60203c3r3.htb	   0.0	  0.03	 2.000	  5.00	 -20.00	 40.00	   0.0	 0.0250	 12.45	 1.6000	  5.88	  4.53	 0.829	 0.00000239	 0.541	  0.591	  1.60	  0.03	  0.0550	 0.8640	 0.00243823	 0.3704	 0.00000002	 0.5797	 0.74837183	  5.88	  6.56	 0.0250	 0.9658	 0.0001	
m60203c3r3.htb	   0.0	  0.03	 2.000	  5.00	 -20.00	 40.00	   1.0	 0.0250	 14.88	 1.6000	  5.78	  4.53	 0.861	 0.00000001	 0.560	  0.637	  1.60	  0.03	  0.0410	 0.9683	 0.00006157	 0.5058	 0.00000000	 0.3282	 0.84867802	  5.78	  9.10	 0.0250	 0.7994	 0.0001	
m60207c1r3.htb	 120.0	  0.03	 2.000	 -8.00	 -12.00	 50.00	   0.0	 0.0310	 12.38	 1.0240	  1.88	  1.24	 0.943	 0.00000000	 0.693	  0.479	  1.60	  0.03	  0.0240	 0.9945	 0.00000076	 0.8125	 0.00000000	 0.5262	 0.76867377	  1.88	 10.51	 0.0315	 0.3637	 0.0100	
m60207c1r3.htb	 120.0	  0.03	 2.000	 -8.00	 -12.00	 50.00	   1.0	 0.0350	 21.12	 0.4210	  2.92	  1.24	 0.922	 0.00000000	 0.704	  0.470	  1.60	  0.03	  0.0170	 0.9940	 0.00000097	 0.8296	 0.00000000	 0.7482	 0.68792051	  2.92	 18.21	 0.0348	 0.2564	 0.0100	
m60207c2r3.htb	 300.0	  0.03	 4.000	  0.00	 -2.00	 50.00	   0.0	 0.0400	  8.06	 1.6000	  4.80	  4.33	 0.873	 0.00162061	 0.416	  0.474	  1.60	  0.03	  0.0940	 0.8771	 0.00188345	 0.2453	 0.00001306	 0.3722	 0.83020705	  4.80	  3.25	 0.0402	 0.8859	 0.0100	
m60207c2r3.htb	 300.0	  0.03	 4.000	  0.00	 -2.00	 50.00	   1.0	 0.0250	 10.03	 1.6000	  5.59	  4.33	 0.808	 0.00000089	 0.534	  0.398	  1.60	  0.03	  0.0800	 0.8987	 0.00115174	 0.4023	 0.00000000	 0.9808	 0.61236723	  5.58	  4.45	 0.0250	 1.2070	 0.0001	
m60207c3r3.htb	  50.0	  0.03	 4.000	 -5.00	 -5.00	 50.00	   0.0	 0.0340	 23.19	 1.6000	 10.25	  8.15	 0.860	 0.00000000	 0.651	  0.482	  1.60	  0.03	  0.0690	 0.9200	 0.00063358	 0.6607	 0.00000000	 1.9142	 0.38400467	 10.25	 12.95	 0.0343	 0.7821	 0.0100	
m60207c3r3.htb	  50.0	  0.03	 4.000	 -5.00	 -5.00	 50.00	   1.0	 0.0370	 23.46	 1.6000	  8.87	  8.15	 0.909	 0.00000000	 0.647	  0.528	  1.60	  0.03	  0.1130	 0.9842	 0.00001080	 0.7057	 0.00000000	 0.3309	 0.84749134	  8.83	 14.63	 0.0371	 1.0325	 0.0100	
m60207c4r4.htb	  30.0	  0.03	 2.000	 10.00	 10.00	 50.00	   0.0	 0.0250	 16.45	 1.6000	  8.75	 10.00	 1.194	 0.00089333	 0.487	  0.764	  1.60	  0.03	  0.0420	 0.8378	 0.00382522	 0.2475	 0.00001180	 0.6666	 0.71655666	  8.75	  7.70	 0.0250	 0.8207	 0.0001	
m60207c4r4.htb	  30.0	  0.03	 2.000	 10.00	 10.00	 50.00	   1.0	 0.0340	 24.53	 0.3080	  8.86	 10.00	 1.098	 0.00001294	 0.504	  0.735	  1.60	  0.03	  0.0150	 0.8865	 0.00153776	 0.3494	 0.00000007	 0.2958	 0.86253167	  8.86	 15.67	 0.0338	 0.2290	 0.0100	
m60301c1r2.htb	  30.0	  0.03	 2.000	  0.00	 -5.00	 40.00	   0.0	 0.0250	  7.51	 1.6000	  0.45	  1.04	 1.125	 0.00000000	 0.707	  0.505	  1.60	  0.03	  0.1290	 0.8096	 0.00578278	 0.6405	 0.00000000	 3.9169	 0.14107965	  0.24	  7.27	 0.0250	 1.5686	 0.0001	
m60301c1r2.htb	  30.0	  0.03	 2.000	  0.00	 -5.00	 40.00	   1.0	 0.0250	  6.86	 1.6000	  0.54	  1.04	 1.149	 0.00000000	 0.730	  0.437	  1.60	  0.03	  0.1710	 0.7881	 0.00762679	 0.6270	 0.00000000	 5.2551	 0.07225596	  0.00	  6.86	 0.0250	 1.8428	 0.0001	
m60301c2r2.htb	  30.0	  0.03	 2.000	 -5.00	 -10.00	 40.00	   0.0	 0.0250	  5.69	 1.6000	  0.89	  0.70	 0.961	 0.00000000	 0.632	  0.478	  1.60	  0.03	  0.0280	 0.9599	 0.00011108	 0.7110	 0.00000000	 0.4279	 0.80739245	  0.89	  4.80	 0.0250	 0.6181	 0.0001	
m60301c2r2.htb	  30.0	  0.03	 2.000	 -5.00	 -10.00	 40.00	   1.0	 0.0250	  3.70	 1.6000	  0.70	  0.70	 0.976	 0.00000002	 0.584	  0.484	  1.60	  0.03	  0.1120	 0.8192	 0.00505897	 0.4201	 0.00000000	 0.9458	 0.62319954	  0.65	  3.05	 0.0250	 1.4515	 0.0001	
m60301c3r2.htb	  30.0	  0.03	 2.000	 10.00	 -5.00	 40.00	   0.0	 0.0250	 24.00	 1.6000	  9.39	  6.87	 0.853	 0.00000000	 0.660	  0.573	  1.60	  0.03	  0.0640	 0.9160	 0.00071661	 0.6273	 0.00000000	 1.7408	 0.41878333	  9.38	 14.62	 0.0250	 1.0644	 0.0001	
m60301c3r2.htb	  30.0	  0.03	 2.000	 10.00	 -5.00	 40.00	   1.0	 0.0250	 22.31	 1.6000	  8.75	  6.87	 0.880	 0.00000000	 0.665	  0.526	  1.60	  0.03	  0.1380	 0.8703	 0.00216137	 0.6071	 0.00000000	 2.8029	 0.24624294	  8.21	 14.10	 0.0250	 1.6254	 0.0001	
m60301c4r2.htb	  30.0	  0.03	 4.000	 20.00	 -10.00	 50.00	   0.0	 0.0260	 12.60	 1.6000	  3.46	  3.08	 0.960	 0.00001389	 0.532	  0.929	  1.60	  0.03	  0.0240	 0.8886	 0.00146596	 0.3489	 0.00000007	 0.8463	 0.65497084	  3.46	  9.14	 0.0263	 0.5172	 0.0001	
m60301c4r2.htb	  30.0	  0.03	 4.000	 20.00	 -10.00	 50.00	   1.0	 0.0250	 10.69	 1.6000	  3.08	  3.08	 0.976	 0.00000329	 0.533	  0.867	  1.60	  0.03	  0.0260	 0.9335	 0.00039644	 0.3942	 0.00000001	 0.7791	 0.67737609	  3.08	  7.60	 0.0250	 0.5850	 0.0001	
m60302c1r2.htb	  30.0	  0.03	 2.000	  0.00	 -2.00	 50.00	   0.0	 0.0250	  8.62	 1.6000	  1.66	  1.89	 1.060	 0.00000000	 0.712	  0.389	  1.60	  0.03	  0.1230	 0.8919	 0.00135702	 0.6930	 0.00000000	 1.9465	 0.37785058	  1.48	  7.14	 0.0250	 1.5238	 0.0001	
m60302c1r2.htb	  30.0	  0.03	 2.000	  0.00	 -2.00	 50.00	   1.0	 0.0250	  7.50	 1.6000	  1.97	  1.89	 1.084	 0.00000000	 0.693	  0.307	  1.60	  0.03	  0.1960	 0.9539	 0.00015760	 0.6862	 0.00000000	 0.5725	 0.75107498	  1.23	  6.27	 0.0250	 2.0088	 0.0001	
m60302c2r2.htb	  30.0	  0.03	 2.000	  0.00	 -10.00	 40.00	   0.0	 0.0370	 20.75	 1.5320	  2.89	  2.44	 0.975	 0.00000000	 0.664	  0.628	  1.60	  0.03	  0.0260	 0.9991	 0.00000001	 0.8081	 0.00000000	 0.0692	 0.96601366	  2.89	 17.86	 0.0371	 0.4275	 0.0001	
m60302c2r2.htb	  30.0	  0.03	 2.000	  0.00	 -10.00	 40.00	   1.0	 0.0330	 25.18	 1.6000	  3.02	  2.44	 0.975	 0.00000000	 0.694	  0.746	  1.60	  0.03	  0.0310	 0.9605	 0.00010655	 0.7407	 0.00000000	 1.2954	 0.52324883	  3.02	 22.16	 0.0334	 0.5287	 0.0001	
m60302c3r2.htb	  30.0	  0.05	 4.000	 -5.00	 -5.00	 60.00	   0.0	 0.0250	  8.14	 1.6000	  3.18	  4.13	 1.286	 0.00000000	 0.617	  0.330	  1.60	  0.03	  0.1380	 0.8747	 0.00197877	 0.5716	 0.00000000	 2.1504	 0.34122759	  2.98	  5.16	 0.0250	 1.6254	 0.0001	
m60302c3r2.htb	  30.0	  0.05	 4.000	 -5.00	 -5.00	 60.00	   1.0	 0.0250	  8.07	 1.6000	  3.52	  4.13	 1.259	 0.00000000	 0.604	  0.367	  1.60	  0.03	  0.1580	 0.7118	 0.01703126	 0.4378	 0.00000000	 4.7264	 0.09411948	  3.22	  4.85	 0.0250	 1.7592	 0.0001	
m60302c4r2.htb	  30.0	  0.03	 4.000	 -5.00	  0.00	 50.00	   0.0	 0.0330	 32.01	 1.3720	 12.65	 11.29	 0.934	 0.00000000	 0.717	  0.439	  1.60	  0.03	  0.0230	 0.8662	 0.00233825	 0.6998	 0.00000000	 3.7160	 0.15598190	 12.65	 19.37	 0.0326	 0.4308	 0.0001	
m60302c4r2.htb	  30.0	  0.03	 4.000	 -5.00	  0.00	 50.00	   1.0	 0.0250	 27.17	 1.6000	 11.66	 11.29	 0.951	 0.00000000	 0.704	  0.429	  1.60	  0.03	  0.0830	 0.9349	 0.00037574	 0.7239	 0.00000000	 1.2367	 0.53884387	 11.60	 15.57	 0.0250	 1.2306	 0.0001	
m60404c3r2.htb	   0.0	  0.03	 2.000	 10.00	 10.00	 30.00	   0.0	 0.0370	  4.04	 0.5800	  0.38	  0.60	 1.063	 0.00000010	 0.511	  0.585	  1.60	  0.03	  0.0210	 0.9932	 0.00000129	 0.4836	 0.00000000	 0.0704	 0.96540485	  0.38	  3.66	 0.0372	 0.2842	 0.0100	
m60404c3r2.htb	   0.0	  0.03	 2.000	 10.00	 10.00	 30.00	   1.0	 0.0340	  3.01	 1.1810	  0.57	  0.60	 1.045	 0.00000421	 0.495	  0.555	  1.60	  0.03	  0.0250	 0.8680	 0.00225901	 0.3623	 0.00000004	 0.6154	 0.73514852	  0.57	  2.44	 0.0337	 0.3814	 0.0085	
m60404c4r2.htb	   0.0	  0.03	 1.000	 10.00	  5.00	 40.00	   0.0	 0.0390	 13.07	 1.6000	  4.39	  5.12	 1.092	 0.00000000	 0.616	  0.453	  1.60	  0.03	  0.0520	 0.9830	 0.00001281	 0.7115	 0.00000000	 0.3555	 0.83717012	  4.39	  8.68	 0.0387	 0.6097	 0.0100	
m60404c4r2.htb	   0.0	  0.03	 1.000	 10.00	  5.00	 40.00	   1.0	 0.0370	 14.55	 1.6000	  5.20	  5.12	 1.034	 0.00000000	 0.669	  0.396	  1.60	  0.03	  0.0350	 0.9518	 0.00017608	 0.7107	 0.00000000	 0.8710	 0.64694543	  5.20	  9.35	 0.0373	 0.5335	 0.0001	
m60404c5r2.htb	   0.0	  0.03	 2.000	  0.00	  0.00	 40.00	   0.0	 0.0350	 20.89	 1.6000	  6.58	  7.56	 1.074	 0.00000000	 0.702	  0.391	  1.60	  0.03	  0.0330	 0.9961	 0.00000031	 0.8427	 0.00000000	 0.2117	 0.89954712	  6.58	 14.32	 0.0353	 0.5361	 0.0001	
m60404c5r2.htb	   0.0	  0.03	 2.000	  0.00	  0.00	 40.00	   1.0	 0.0370	 20.46	 1.5670	  7.71	  7.56	 1.033	 0.00000000	 0.671	  0.430	  1.60	  0.03	  0.0310	 0.9624	 0.00009437	 0.7423	 0.00000000	 0.7885	 0.67417674	  7.71	 12.75	 0.0373	 0.4087	 0.0100	
m60405c2r2.htb	   0.0	  0.03	 2.000	 -10.00	 -15.00	 40.00	   0.0	 0.0250	 16.18	 1.6000	  5.91	  6.02	 1.010	 0.00000000	 0.632	  0.514	  1.60	  0.03	  0.0250	 0.9803	 0.00001851	 0.6807	 0.00000000	 0.2608	 0.87772651	  5.91	 10.26	 0.0250	 0.5609	 0.0001	
m60405c2r2.htb	   0.0	  0.03	 2.000	 -10.00	 -15.00	 40.00	   1.0	 0.0250	 13.58	 1.6000	  5.71	  6.02	 1.021	 0.00000000	 0.636	  0.448	  1.60	  0.03	  0.0420	 0.9235	 0.00056532	 0.6072	 0.00000000	 0.9496	 0.62202384	  5.71	  7.87	 0.0250	 0.8180	 0.0001	
m60405c3r2.htb	 270.0	  0.03	 2.000	 -5.00	 -15.00	 40.00	   0.0	 0.0310	 19.18	 1.6000	  4.51	  5.62	 1.082	 0.00000000	 0.728	  0.445	  1.60	  0.03	  0.0370	 0.9922	 0.00000183	 0.8445	 0.00000000	 0.5769	 0.74942601	  4.51	 14.68	 0.0312	 0.5210	 0.0100	
m60405c3r2.htb	 270.0	  0.03	 2.000	 -5.00	 -15.00	 40.00	   1.0	 0.0310	 21.41	 1.5180	  5.59	  5.62	 1.036	 0.00000000	 0.729	  0.437	  1.60	  0.03	  0.0270	 0.9883	 0.00000503	 0.8556	 0.00000000	 1.2314	 0.54026618	  5.59	 15.82	 0.0310	 0.4142	 0.0100	
m60414c1r2.htb	 180.0	  0.03	 2.000	 -8.00	 -8.00	 50.00	   0.0	 0.0370	 13.95	 1.6000	  0.61	  0.55	 0.996	 0.00000000	 0.661	  0.776	  1.60	  0.03	  0.0590	 0.9972	 0.00000014	 0.7434	 0.00000000	 0.2284	 0.89208023	  0.61	 13.34	 0.0367	 0.6987	 0.0085	
m60414c1r2.htb	 180.0	  0.03	 2.000	 -8.00	 -8.00	 50.00	   1.0	 0.0390	 16.29	 1.6000	  1.55	  0.55	 0.961	 0.00000000	 0.661	  0.751	  1.60	  0.03	  0.0530	 0.9935	 0.00000117	 0.7281	 0.00000000	 0.4142	 0.81292986	  1.55	 14.75	 0.0393	 0.7071	 0.0001	
m60414c3r2.htb	 180.0	  0.05	 2.000	 -10.00	  0.00	 30.00	   0.0	 0.0410	 21.75	 1.6000	 11.93	 12.09	 1.017	 0.00000000	 0.601	  0.416	  1.60	  0.03	  0.0620	 0.9310	 0.00043620	 0.5987	 0.00000000	 0.8280	 0.66100016	 11.93	  9.82	 0.0408	 0.6661	 0.0100	
m60414c3r2.htb	 180.0	  0.05	 2.000	 -10.00	  0.00	 30.00	   1.0	 0.0320	 22.99	 1.6000	 12.42	 12.09	 0.990	 0.00000000	 0.618	  0.466	  1.60	  0.03	  0.0760	 0.9333	 0.00039944	 0.5651	 0.00000000	 0.5937	 0.74314292	 12.42	 10.57	 0.0325	 0.8600	 0.0100	
m60419c1r2.htb	 180.0	  0.03	 2.000	 10.00	  5.00	 50.00	   0.0	 0.0250	  6.20	 1.6000	  2.31	  1.74	 0.874	 0.00000047	 0.528	  0.481	  1.60	  0.03	  0.0400	 0.9798	 0.00001979	 0.4504	 0.00000000	 0.0821	 0.95980213	  2.31	  3.90	 0.0250	 0.7872	 0.0001	
m60419c1r2.htb	 180.0	  0.03	 2.000	 10.00	  5.00	 50.00	   1.0	 0.0250	  8.59	 1.6000	  2.76	  1.74	 0.858	 0.00000000	 0.631	  0.447	  1.60	  0.03	  0.0310	 0.9354	 0.00036948	 0.6471	 0.00000000	 0.9879	 0.61022267	  2.76	  5.83	 0.0250	 0.6646	 0.0001	
m60419c2r2.htb	 180.0	  0.03	 2.000	 10.00	 -10.00	 40.00	   0.0	 0.0250	 18.59	 1.6000	  9.80	 10.75	 1.126	 0.00000007	 0.553	  0.514	  1.60	  0.03	  0.0860	 0.9879	 0.00000551	 0.4868	 0.00000000	 0.0642	 0.96842121	  9.76	  8.83	 0.0250	 1.2577	 0.0001	
m60419c2r2.htb	 180.0	  0.03	 2.000	 10.00	 -10.00	 40.00	   1.0	 0.0290	 19.22	 1.6000	 10.76	 10.75	 1.057	 0.00001069	 0.499	  0.600	  1.60	  0.03	  0.0510	 0.9721	 0.00004459	 0.3871	 0.00000001	 0.1622	 0.92207858	 10.76	  8.45	 0.0290	 0.8496	 0.0001	
m60420c2r2.htb	   0.0	  0.03	 2.000	  5.00	  0.00	 40.00	   0.0	 0.0360	 34.27	 1.6000	 13.17	 13.38	 1.012	 0.00000000	 0.682	  0.533	  1.60	  0.03	  0.0900	 0.9927	 0.00000153	 0.7934	 0.00000000	 0.2299	 0.89139335	 13.14	 21.12	 0.0362	 1.0474	 0.0001	
m60420c2r2.htb	   0.0	  0.03	 2.000	  5.00	  0.00	 40.00	   1.0	 0.0350	 34.16	 1.6000	 15.20	 13.38	 0.963	 0.00000000	 0.656	  0.518	  1.60	  0.03	  0.0990	 0.9938	 0.00000105	 0.7609	 0.00000000	 0.1794	 0.91421639	 15.17	 19.00	 0.0355	 1.0295	 0.0059	
m60424c1r2.htb	 180.0	  0.03	 2.000	 -10.00	 -10.00	 40.00	   0.0	 0.0250	 23.55	 1.6000	  0.47	  0.30	 0.994	 0.00000000	 0.813	  0.505	  1.60	  0.03	  0.0680	 0.9633	 0.00008869	 0.9080	 0.00000000	 4.0399	 0.13265977	  0.45	 23.11	 0.0250	 1.0956	 0.0001	
m60424c1r2.htb	 180.0	  0.03	 2.000	 -10.00	 -10.00	 40.00	   1.0	 0.0250	 25.24	 1.6000	  2.24	  0.30	 0.957	 0.00000000	 0.795	  0.545	  1.60	  0.03	  0.0780	 0.9317	 0.00042434	 0.8611	 0.00000000	 5.4632	 0.06511595	  2.19	 23.05	 0.0250	 1.1864	 0.0001	
m60424c2r2.htb	   0.0	  0.03	 2.000	  8.00	 -8.00	 40.00	   0.0	 0.0250	 13.42	 1.6000	  0.31	  0.45	 1.011	 0.00000000	 0.739	  0.655	  1.60	  0.03	  0.0530	 0.9297	 0.00045607	 0.7909	 0.00000000	 1.8366	 0.39919062	  0.31	 13.11	 0.0250	 0.9529	 0.0001	
m60424c2r2.htb	   0.0	  0.03	 2.000	  8.00	 -8.00	 40.00	   1.0	 0.0250	 20.57	 1.6000	  1.04	  0.45	 0.982	 0.00000000	 0.774	  0.584	  1.60	  0.03	  0.0390	 0.9835	 0.00001192	 0.9258	 0.00000000	 1.6815	 0.43137621	  1.04	 19.53	 0.0250	 0.7747	 0.0001	
m60515c4r2.htb	   0.0	  0.03	 2.000	 -10.00	 10.00	 40.00	   0.0	 0.0250	  6.82	 1.6000	  2.08	  1.59	 0.907	 0.00000000	 0.619	  0.439	  1.60	  0.03	  0.0330	 0.9180	 0.00067317	 0.5309	 0.00000000	 1.0762	 0.58384348	  2.08	  4.74	 0.0250	 0.6947	 0.0001	
m60515c4r2.htb	   0.0	  0.03	 2.000	 -10.00	 10.00	 40.00	   1.0	 0.0250	  7.78	 0.0260	  2.50	  1.59	 0.875	 0.00000000	 0.624	  0.469	  1.60	  0.03	  0.0020	 0.7876	 0.00767690	 0.5306	 0.00000000	 6.2857	 0.04316052	  2.50	  5.27	 0.0250	 0.0001	 0.0001	
m60517c1r2.htb	   0.0	  0.03	 2.000	  0.00	  0.00	 40.00	   0.0	 0.0250	 12.23	 1.6000	  3.67	  2.84	 0.912	 0.00000000	 0.663	  0.466	  1.60	  0.03	  0.0450	 0.9895	 0.00000382	 0.7209	 0.00000000	 0.3648	 0.83324991	  3.67	  8.56	 0.0250	 0.8480	 0.0001	
m60517c1r2.htb	   0.0	  0.03	 2.000	  0.00	  0.00	 40.00	   1.0	 0.0300	 11.63	 1.6000	  3.64	  2.84	 0.911	 0.00000000	 0.613	  0.488	  1.60	  0.03	  0.0710	 0.9887	 0.00000458	 0.6487	 0.00000000	 0.2463	 0.88413571	  3.63	  8.00	 0.0298	 1.0222	 0.0001	
m60517c2r2.htb	   0.0	  0.03	 2.000	 -10.00	 -10.00	 40.00	   0.0	 0.0250	  8.71	 1.1940	  1.96	  1.37	 0.920	 0.00000000	 0.634	  0.499	  1.60	  0.03	  0.0180	 0.9921	 0.00000189	 0.7372	 0.00000000	 0.1460	 0.92961005	  1.96	  6.76	 0.0250	 0.4392	 0.0001	
m60517c2r2.htb	   0.0	  0.03	 2.000	 -10.00	 -10.00	 40.00	   1.0	 0.0250	  7.24	 1.6000	  2.39	  1.37	 0.883	 0.00000001	 0.644	  0.415	  1.60	  0.03	  0.0250	 0.9082	 0.00089764	 0.5773	 0.00000000	 3.0919	 0.21310433	  2.39	  4.85	 0.0250	 0.5572	 0.0001	
m60517c3r2.htb	   0.0	  0.03	 2.000	 10.00	 -10.00	 30.00	   0.0	 0.0330	 21.05	 1.6000	  4.05	  2.24	 0.904	 0.00000000	 0.736	  0.476	  1.60	  0.03	  0.0310	 0.9914	 0.00000232	 0.8388	 0.00000000	 0.5931	 0.74336765	  4.05	 17.00	 0.0330	 0.5398	 0.0001	
m60517c3r2.htb	   0.0	  0.03	 2.000	 10.00	 -10.00	 30.00	   1.0	 0.0320	 18.25	 1.6000	  4.36	  2.24	 0.888	 0.00000000	 0.703	  0.475	  1.60	  0.03	  0.0460	 0.9859	 0.00000810	 0.8037	 0.00000000	 0.7673	 0.68135544	  4.36	 13.89	 0.0319	 0.7435	 0.0001	
m60517c4r2.htb	   0.0	  0.03	 2.000	  5.00	 -8.00	 30.00	   0.0	 0.0340	 29.93	 1.6000	 14.98	 13.93	 0.934	 0.00291741	 0.373	  1.425	  1.60	  0.03	  0.0450	 0.9749	 0.00003429	 0.2570	 0.00000751	 0.0680	 0.96658952	 14.98	 14.95	 0.0342	 0.6927	 0.0001	
m60517c4r2.htb	   0.0	  0.03	 2.000	  5.00	 -8.00	 30.00	   1.0	 0.0350	 36.47	 0.2710	 19.16	 13.93	 0.824	 0.06961111	 0.324	  1.231	  1.60	  0.03	  0.0150	 0.7617	 0.01034475	 0.1253	 0.00264198	 0.3372	 0.84485230	 19.16	 17.31	 0.0352	 0.2131	 0.0100	
m60517c5r2.htb	   0.0	  0.03	 2.000	 10.00	 -10.00	 40.00	   0.0	 0.0300	 28.97	 1.6000	  8.45	  5.72	 0.883	 0.00000000	 0.617	  0.840	  1.60	  0.03	  0.0550	 0.9852	 0.00000908	 0.6469	 0.00000000	 0.2015	 0.90416723	  8.45	 20.52	 0.0301	 0.8605	 0.0001	
m60517c5r2.htb	   0.0	  0.03	 2.000	 10.00	 -10.00	 40.00	   1.0	 0.0350	 31.76	 1.6000	 11.34	  5.72	 0.828	 0.00000000	 0.627	  0.762	  1.60	  0.03	  0.0410	 0.9351	 0.00037382	 0.6478	 0.00000000	 0.9032	 0.63662141	 11.34	 20.42	 0.0354	 0.6257	 0.0001	
m60517c6r2.htb	   0.0	  0.03	 2.000	  8.00	 10.00	 40.00	   0.0	 0.0370	 28.66	 1.6000	  5.10	  7.06	 1.091	 0.00000000	 0.726	  0.579	  1.60	  0.03	  0.0600	 0.9965	 0.00000025	 0.9008	 0.00000000	 0.1855	 0.91144121	  5.10	 23.56	 0.0371	 0.8025	 0.0001	
m60517c6r2.htb	   0.0	  0.03	 2.000	  8.00	 10.00	 40.00	   1.0	 0.0270	 27.84	 1.6000	  6.98	  7.06	 1.051	 0.00000000	 0.670	  0.653	  1.60	  0.03	  0.0890	 0.9882	 0.00000520	 0.7164	 0.00000000	 0.2064	 0.90196155	  6.90	 20.94	 0.0271	 1.2282	 0.0001	
m60518c2r2.htb	   0.0	  0.03	 2.000	 -8.00	 -5.00	 40.00	   0.0	 0.0250	 18.76	 1.6000	  0.53	  1.82	 1.077	 0.00000000	 0.757	  0.645	  1.60	  0.03	  0.0420	 0.9949	 0.00000063	 0.9197	 0.00000000	 0.6929	 0.70720846	  0.53	 18.23	 0.0250	 0.8130	 0.0001	
m60518c2r2.htb	   0.0	  0.03	 2.000	 -8.00	 -5.00	 40.00	   1.0	 0.0250	 21.38	 1.6000	  1.48	  1.82	 1.043	 0.00000000	 0.770	  0.561	  1.60	  0.03	  0.0400	 0.9972	 0.00000014	 0.9289	 0.00000000	 0.6668	 0.71646801	  1.48	 19.89	 0.0250	 0.7898	 0.0001	
m60519c3r2.htb	   0.0	  0.03	 2.000	 -5.00	 -5.00	 30.00	   0.0	 0.0320	 31.44	 1.6000	  5.69	  3.38	 0.918	 0.00000000	 0.762	  0.517	  1.60	  0.03	  0.0290	 0.9906	 0.00000295	 0.9128	 0.00000000	 0.8602	 0.65044497	  5.69	 25.76	 0.0316	 0.5383	 0.0001	
m60519c3r2.htb	   0.0	  0.03	 2.000	 -5.00	 -5.00	 30.00	   1.0	 0.0250	 30.06	 1.6000	  7.44	  3.38	 0.885	 0.00000000	 0.780	  0.457	  1.60	  0.03	  0.0490	 0.9541	 0.00015562	 0.8627	 0.00000000	 2.4695	 0.29090371	  7.44	 22.62	 0.0250	 0.8986	 0.0001	
m60523c1r2.htb	   0.0	  0.03	 2.000	  0.00	  0.00	 40.00	   0.0	 0.0320	 27.72	 0.2310	  6.00	  7.96	 1.099	 0.00000000	 0.608	  0.753	  1.60	  0.03	  0.0130	 0.9663	 0.00007171	 0.6007	 0.00000000	 0.3384	 0.84434669	  6.00	 21.74	 0.0323	 0.2003	 0.0090	
m60523c1r2.htb	   0.0	  0.03	 2.000	  0.00	  0.00	 40.00	   1.0	 0.0250	 18.00	 1.6000	  7.08	  7.96	 1.097	 0.00000000	 0.596	  0.685	  1.60	  0.03	  0.0350	 0.9534	 0.00016189	 0.5317	 0.00000000	 0.5029	 0.77768667	  7.08	 10.92	 0.0250	 0.7214	 0.0001	
m60523c2r2.htb	   0.0	  0.03	 2.000	  0.00	 -10.00	 40.00	   0.0	 0.0280	 24.18	 1.6000	  7.72	  8.71	 1.064	 0.00000000	 0.556	  0.950	  1.60	  0.03	  0.0810	 0.9725	 0.00004298	 0.5376	 0.00000000	 0.7860	 0.67502266	  7.72	 16.46	 0.0280	 0.9561	 0.0100	
m60523c2r2.htb	   0.0	  0.03	 2.000	  0.00	 -10.00	 40.00	   1.0	 0.0250	 26.56	 1.6000	  9.36	  8.71	 1.007	 0.00000001	 0.561	  0.924	  1.60	  0.03	  0.0720	 0.9565	 0.00013647	 0.5101	 0.00000000	 0.1946	 0.90726415	  9.34	 17.22	 0.0250	 1.1394	 0.0001	
m60523c3r2.htb	   0.0	  0.03	 2.000	  0.00	 -10.00	 40.00	   0.0	 0.0250	  6.40	 1.6000	  3.69	  3.38	 0.900	 0.00142003	 0.471	  0.408	  1.60	  0.03	  0.0620	 0.9673	 0.00006647	 0.2739	 0.00000334	 0.1074	 0.94769710	  3.68	  2.72	 0.0250	 1.0398	 0.0001	
m60523c3r2.htb	   0.0	  0.03	 2.000	  0.00	 -10.00	 40.00	   1.0	 0.0310	  7.03	 1.6000	  3.31	  3.38	 0.975	 0.00000055	 0.541	  0.420	  1.60	  0.03	  0.0990	 0.8127	 0.00554503	 0.3711	 0.00000002	 1.2619	 0.53207800	  3.29	  3.74	 0.0308	 1.2164	 0.0001	
m60523c4r2.htb	   0.0	  0.03	 2.000	 -10.00	 -10.00	 40.00	   0.0	 0.0250	 25.19	 1.6000	  7.34	 11.61	 1.319	 0.00000011	 0.653	  0.687	  1.60	  0.03	  0.0850	 0.9886	 0.00000471	 0.7135	 0.00000000	 0.3334	 0.84646064	  7.27	 17.92	 0.0250	 1.2497	 0.0001	
m60523c4r2.htb	   0.0	  0.03	 2.000	 -10.00	 -10.00	 40.00	   1.0	 0.0280	 27.02	 1.6000	 11.65	 11.61	 1.138	 0.00001508	 0.615	  0.715	  1.60	  0.03	  0.0400	 0.8863	 0.00154417	 0.5201	 0.00000010	 1.0781	 0.58329556	 11.65	 15.37	 0.0275	 0.7530	 0.0001	
m60524c2r2.htb	   0.0	  0.03	 2.000	 -10.00	  0.00	 30.00	   0.0	 0.0250	  8.64	 1.6000	  0.31	  0.80	 1.061	 0.00000000	 0.724	  0.519	  1.60	  0.03	  0.0330	 0.9924	 0.00000173	 0.7974	 0.00000000	 0.6397	 0.72626241	  0.31	  8.33	 0.0250	 0.6893	 0.0001	
m60524c2r2.htb	   0.0	  0.03	 2.000	 -10.00	  0.00	 30.00	   1.0	 0.0250	  8.06	 1.6000	  0.52	  0.80	 1.051	 0.00000000	 0.674	  0.529	  1.60	  0.03	  0.0500	 0.9957	 0.00000041	 0.7257	 0.00000000	 0.0976	 0.95236868	  0.52	  7.54	 0.0250	 0.9123	 0.0001	
m60524c3r2.htb	 240.0	  0.03	 2.000	  0.00	  7.00	 30.00	   0.0	 0.0330	  5.05	 1.6000	  2.24	  2.19	 0.984	 0.05012388	 0.381	  0.709	  1.60	  0.03	  0.0350	 0.9076	 0.00091145	 0.1599	 0.00060493	 0.1879	 0.91034608	  2.24	  2.82	 0.0332	 0.4870	 0.0100	
m60524c3r2.htb	 240.0	  0.03	 2.000	  0.00	  7.00	 30.00	   1.0	 0.0330	 10.44	 0.2760	  2.31	  2.19	 0.985	 0.00000064	 0.494	  0.672	  1.60	  0.03	  0.0140	 0.9627	 0.00009266	 0.4370	 0.00000000	 0.0697	 0.96573054	  2.31	  8.13	 0.0328	 0.2183	 0.0095	
m60524c4r2.htb	 240.0	  0.03	 2.000	 -5.00	 -5.00	 40.00	   0.0	 0.0280	 19.51	 1.6000	  8.77	 11.09	 1.276	 0.00019870	 0.487	  0.878	  1.60	  0.03	  0.0410	 0.9691	 0.00005743	 0.3401	 0.00000028	 0.2754	 0.87137737	  8.77	 10.74	 0.0276	 0.7525	 0.0001	
m60524c4r2.htb	 240.0	  0.03	 2.000	 -5.00	 -5.00	 40.00	   1.0	 0.0250	 19.15	 1.6000	 10.00	 11.09	 1.209	 0.00882760	 0.421	  0.987	  1.60	  0.03	  0.0580	 0.8911	 0.00138419	 0.2187	 0.00007508	 0.3918	 0.82210756	 10.00	  9.16	 0.0250	 0.9968	 0.0001	
m60524c5r2.htb	   0.0	  0.03	 2.000	 -10.00	 -5.00	 40.00	   0.0	 0.0430	 25.36	 1.6000	  7.24	  6.82	 0.981	 0.00000000	 0.604	  0.812	  1.60	  0.03	  0.1180	 0.9743	 0.00003632	 0.6129	 0.00000000	 0.4359	 0.80417380	  7.17	 18.19	 0.0428	 1.0719	 0.0035	
m60524c5r2.htb	   0.0	  0.03	 2.000	 -10.00	 -5.00	 40.00	   1.0	 0.0450	 26.36	 1.6000	  8.27	  6.82	 0.952	 0.00000000	 0.624	  0.702	  1.60	  0.03	  0.1090	 0.9456	 0.00023861	 0.6308	 0.00000000	 0.8326	 0.65949791	  8.25	 18.11	 0.0448	 0.9242	 0.0100	
m60525c1r2.htb	   0.0	  0.03	 2.000	 10.00	 -10.00	 40.00	   0.0	 0.0250	 14.46	 1.6000	  1.15	  0.85	 0.978	 0.00000000	 0.741	  0.532	  1.60	  0.03	  0.0440	 0.9821	 0.00001467	 0.8433	 0.00000000	 1.4373	 0.48740182	  1.15	 13.31	 0.0250	 0.8383	 0.0001	
m60525c1r2.htb	   0.0	  0.03	 2.000	 10.00	 -10.00	 40.00	   1.0	 0.0250	 14.48	 1.6000	  1.18	  0.85	 0.977	 0.00000000	 0.790	  0.402	  1.60	  0.03	  0.0590	 0.9097	 0.00085945	 0.8335	 0.00000000	 8.0463	 0.01789658	  1.17	 13.31	 0.0250	 1.0138	 0.0001	
m60525c2r2.htb	   0.0	  0.03	 2.000	  5.00	  0.00	 40.00	   0.0	 0.0250	 26.66	 1.6000	  7.88	  8.01	 1.008	 0.00000000	 0.664	  0.765	  1.60	  0.03	  0.0700	 0.9248	 0.00054122	 0.6762	 0.00000000	 2.1648	 0.33878095	  7.86	 18.80	 0.0250	 1.1216	 0.0001	
m60525c2r2.htb	   0.0	  0.03	 2.000	  5.00	  0.00	 40.00	   1.0	 0.0250	 30.39	 1.6000	  7.61	  8.01	 1.014	 0.00000000	 0.717	  0.616	  1.60	  0.03	  0.0560	 0.9702	 0.00005282	 0.8137	 0.00000000	 1.4102	 0.49405452	  7.60	 22.79	 0.0250	 0.9805	 0.0001	
m60525c3r2.htb	   0.0	  0.03	 2.000	 10.00	 -10.00	 40.00	   0.0	 0.0250	 13.41	 1.6000	  3.56	  3.08	 0.954	 0.00000000	 0.668	  0.489	  1.60	  0.03	  0.0370	 0.9817	 0.00001558	 0.6825	 0.00000000	 0.3624	 0.83425738	  3.56	  9.85	 0.0250	 0.7436	 0.0001	
m60525c3r2.htb	   0.0	  0.03	 2.000	 10.00	 -10.00	 40.00	   1.0	 0.0330	 18.22	 1.6000	  4.28	  3.08	 0.931	 0.00000000	 0.755	  0.357	  1.60	  0.03	  0.0280	 0.9781	 0.00002432	 0.8577	 0.00000000	 1.3234	 0.51598121	  4.28	 13.93	 0.0328	 0.4995	 0.0001	
m60525c4r2.htb	   0.0	  0.03	 2.000	 10.00	 -10.00	 40.00	   0.0	 0.0370	  8.27	 1.5990	  0.53	  0.85	 1.042	 0.00000000	 0.660	  0.538	  1.60	  0.03	  0.0310	 0.9924	 0.00000174	 0.8009	 0.00000000	 0.5618	 0.75511806	  0.53	  7.74	 0.0366	 0.4218	 0.0100	
m60525c4r2.htb	   0.0	  0.03	 2.000	 10.00	 -10.00	 40.00	   1.0	 0.0360	 13.74	 1.6000	  0.87	  0.85	 1.009	 0.00000000	 0.711	  0.508	  1.60	  0.03	  0.0270	 0.9994	 0.00000000	 0.8497	 0.00000000	 0.1390	 0.93285176	  0.87	 12.87	 0.0358	 0.4556	 0.0001	
m60531c1r2.htb	   0.0	  0.03	 2.000	 -10.00	  0.00	 40.00	   0.0	 0.0250	  3.12	 1.6000	  0.29	  0.30	 1.002	 0.02985960	 0.452	  1.035	  1.60	  0.03	  0.0400	 0.7958	 0.00692967	 0.1541	 0.00077521	 0.7672	 0.68139936	  0.29	  2.83	 0.0250	 0.7906	 0.0001	
m60531c1r2.htb	   0.0	  0.03	 2.000	 -10.00	  0.00	 40.00	   1.0	 0.0250	  4.50	 1.6000	  0.18	  0.30	 1.020	 0.00035562	 0.506	  0.923	  1.60	  0.03	  0.0560	 0.9186	 0.00066059	 0.2927	 0.00000133	 0.8886	 0.64125698	  0.18	  4.32	 0.0250	 0.9759	 0.0001	
m60531c2r2.htb	   0.0	  0.03	 2.000	 -5.00	 -5.00	 50.00	   0.0	 0.0260	 12.75	 1.6000	  5.67	  4.98	 0.911	 0.00000021	 0.501	  0.603	  1.60	  0.03	  0.0370	 0.9798	 0.00001975	 0.4649	 0.00000000	 0.0075	 0.99624059	  5.67	  7.09	 0.0265	 0.5732	 0.0100	
m60531c2r2.htb	   0.0	  0.03	 2.000	 -5.00	 -5.00	 50.00	   1.0	 0.0250	 12.63	 1.6000	  6.74	  4.98	 0.841	 0.00001465	 0.550	  0.576	  1.60	  0.03	  0.0360	 0.8626	 0.00250259	 0.3378	 0.00000013	 0.7980	 0.67100292	  6.74	  5.89	 0.0250	 0.6318	 0.0066	
m60601c1r2.htb	   0.0	  0.03	 2.000	  0.00	  7.00	 40.00	   0.0	 0.0250	  5.83	 1.6000	  0.05	  0.45	 1.075	 0.00000000	 0.648	  0.623	  1.60	  0.03	  0.0430	 0.9968	 0.00000019	 0.6999	 0.00000000	 0.0513	 0.97465603	  0.05	  5.79	 0.0250	 0.8246	 0.0001	
m60601c1r2.htb	   0.0	  0.03	 2.000	  0.00	  7.00	 40.00	   1.0	 0.0250	  6.33	 1.6000	  0.07	  0.45	 1.071	 0.00000000	 0.692	  0.552	  1.60	  0.03	  0.0810	 0.9684	 0.00006097	 0.7384	 0.00000000	 0.5448	 0.76154767	  0.05	  6.29	 0.0250	 1.2180	 0.0001	
m60601c2r2.htb	   0.0	  0.03	 2.000	 -10.00	 -15.00	 40.00	   0.0	 0.0910	 11.52	 1.6000	  2.61	  2.39	 0.976	 0.00000000	 0.567	  0.650	  1.60	  0.03	  0.1330	 0.9555	 0.00014397	 0.6049	 0.00000000	 0.4323	 0.80561818	  2.61	  8.91	 0.0914	 0.7063	 0.0100	
m60601c2r2.htb	   0.0	  0.03	 2.000	 -10.00	 -15.00	 40.00	   1.0	 0.0980	 13.44	 1.6000	  5.06	  2.39	 0.847	 0.00000000	 0.641	  0.446	  1.60	  0.03	  0.1030	 0.9842	 0.00001079	 0.6125	 0.00000000	 0.2953	 0.86272085	  5.06	  8.38	 0.0984	 0.5629	 0.0092	
m60601c3r2.htb	  90.0	  0.03	 2.000	  0.00	 -10.00	 40.00	   0.0	 0.0380	 14.30	 1.6000	  3.64	  3.03	 0.946	 0.00000000	 0.642	  0.531	  1.60	  0.03	  0.0430	 0.9740	 0.00003727	 0.7143	 0.00000000	 0.8215	 0.66316359	  3.64	 10.66	 0.0380	 0.5261	 0.0100	
m60601c3r2.htb	  90.0	  0.03	 2.000	  0.00	 -10.00	 40.00	   1.0	 0.0360	 14.55	 1.6000	  5.26	  3.03	 0.875	 0.00000000	 0.641	  0.462	  1.60	  0.03	  0.0400	 0.9264	 0.00051324	 0.6692	 0.00000000	 1.8141	 0.40371501	  5.26	  9.29	 0.0358	 0.5200	 0.0100	
m60601c4r2.htb	  90.0	  0.03	 2.000	  0.00	  0.00	 40.00	   0.0	 0.0250	 21.13	 1.6000	  7.49	  5.82	 0.891	 0.00000001	 0.555	  0.835	  1.60	  0.03	  0.0420	 0.9433	 0.00026498	 0.4917	 0.00000000	 0.3682	 0.83183574	  7.49	 13.63	 0.0250	 0.7436	 0.0038	
m60601c4r2.htb	  90.0	  0.03	 2.000	  0.00	  0.00	 40.00	   1.0	 0.0330	 23.65	 1.6000	  8.55	  5.82	 0.866	 0.00000000	 0.618	  0.699	  1.60	  0.03	  0.0320	 0.9598	 0.00011134	 0.5970	 0.00000000	 0.4879	 0.78353126	  8.55	 15.10	 0.0328	 0.4650	 0.0100	
m60601c5r2.htb	  90.0	  0.03	 2.000	  0.00	 -8.00	 40.00	   0.0	 0.0310	 22.72	 1.6000	  8.43	  8.66	 1.022	 0.00000000	 0.656	  0.484	  1.60	  0.03	  0.1010	 0.9868	 0.00000682	 0.7486	 0.00000000	 0.3255	 0.84980716	  8.35	 14.38	 0.0305	 1.2333	 0.0001	
m60601c5r2.htb	  90.0	  0.03	 2.000	  0.00	 -8.00	 40.00	   1.0	 0.0260	 21.96	 1.6000	  9.64	  8.66	 1.025	 0.00000000	 0.651	  0.432	  1.60	  0.03	  0.1890	 0.9077	 0.00090920	 0.6182	 0.00000000	 1.0706	 0.58548260	  8.29	 13.67	 0.0265	 1.9027	 0.0001	
m60602c1r2.htb	   0.0	  0.03	 2.000	  0.00	 -7.00	 30.00	   0.0	 0.0410	 24.16	 1.6000	 10.15	  7.56	 0.844	 0.00000000	 0.623	  0.631	  1.60	  0.03	  0.0840	 0.9401	 0.00030427	 0.6244	 0.00000000	 1.5210	 0.46743329	 10.15	 14.01	 0.0406	 0.8260	 0.0100	
m60602c1r2.htb	   0.0	  0.03	 2.000	  0.00	 -7.00	 30.00	   1.0	 0.0250	 26.07	 1.6000	  9.31	  7.56	 0.887	 0.00000000	 0.691	  0.553	  1.60	  0.03	  0.1140	 0.9274	 0.00049602	 0.6697	 0.00000000	 1.2968	 0.52289076	  9.01	 17.07	 0.0250	 1.4619	 0.0001	
m60602c2r2.htb	   0.0	  0.03	 2.000	 -8.00	 -8.00	 30.00	   0.0	 0.0250	 24.91	 1.6000	  9.40	 10.50	 1.076	 0.00000000	 0.578	  0.797	  1.60	  0.03	  0.0300	 0.9470	 0.00022400	 0.5461	 0.00000000	 1.3628	 0.50591971	  9.40	 15.51	 0.0250	 0.6428	 0.0001	
m60602c2r2.htb	   0.0	  0.03	 2.000	 -8.00	 -8.00	 30.00	   1.0	 0.0250	 24.37	 1.6000	  8.60	 10.50	 1.106	 0.00000000	 0.604	  0.696	  1.60	  0.03	  0.0650	 0.9969	 0.00000018	 0.6423	 0.00000000	 0.0591	 0.97088207	  8.59	 15.78	 0.0250	 1.0754	 0.0001	
m60602c3r2.htb	   0.0	  0.03	 2.000	  0.00	  5.00	 30.00	   0.0	 0.0320	 24.07	 1.6000	  8.75	  9.40	 1.046	 0.00000002	 0.536	  0.873	  1.60	  0.03	  0.0830	 0.9924	 0.00000172	 0.5149	 0.00000000	 0.1480	 0.92868795	  8.73	 15.34	 0.0318	 1.0785	 0.0001	
m60602c3r2.htb	   0.0	  0.03	 2.000	  0.00	  5.00	 30.00	   1.0	 0.0470	 25.63	 1.6000	  8.75	  9.40	 1.043	 0.00000000	 0.542	  0.862	  1.60	  0.03	  0.0810	 0.9892	 0.00000411	 0.6119	 0.00000000	 0.2084	 0.90102433	  8.75	 16.89	 0.0473	 0.7345	 0.0100	
m60602c4r2.htb	   0.0	  0.03	 2.000	  0.00	 -10.00	 20.00	   0.0	 0.0440	 10.38	 1.6000	  3.41	  3.38	 0.996	 0.00001027	 0.539	  0.698	  1.60	  0.03	  0.0390	 0.9560	 0.00014026	 0.3815	 0.00000001	 0.5133	 0.77365351	  3.41	  6.97	 0.0441	 0.4456	 0.0100	
m60602c4r2.htb	   0.0	  0.03	 2.000	  0.00	 -10.00	 20.00	   1.0	 0.0250	 11.42	 1.6000	  3.46	  3.38	 0.994	 0.00000003	 0.579	  0.620	  1.60	  0.03	  0.0780	 0.9530	 0.00016582	 0.4833	 0.00000000	 0.2542	 0.88062701	  3.44	  7.98	 0.0250	 1.1875	 0.0001	
m60602c5r2.htb	   0.0	  0.03	 2.000	 -5.00	 -5.00	 50.00	   0.0	 0.0380	 19.68	 1.6000	  9.50	 11.44	 1.236	 0.00082630	 0.449	  0.907	  1.60	  0.03	  0.0760	 0.9461	 0.00023407	 0.2813	 0.00000233	 0.1752	 0.91612680	  9.50	 10.18	 0.0381	 0.7969	 0.0100	
m60602c5r2.htb	   0.0	  0.03	 2.000	 -5.00	 -5.00	 50.00	   1.0	 0.0340	 20.00	 1.6000	 10.66	 11.44	 1.162	 0.00031831	 0.491	  0.910	  1.60	  0.03	  0.0880	 0.7347	 0.01369720	 0.2361	 0.00002007	 1.1366	 0.56649822	 10.65	  9.35	 0.0342	 1.0675	 0.0001	
m60605c1r2.htb	   0.0	  0.03	 2.000	 -3.00	 -7.00	 30.00	   0.0	 0.0440	 32.03	 1.6000	  7.98	  8.16	 1.066	 0.00000000	 0.707	  0.585	  1.60	  0.03	  0.2140	 0.9906	 0.00000291	 0.7911	 0.00000000	 0.4986	 0.77934524	  6.57	 25.46	 0.0443	 1.4080	 0.0100	
m60605c1r2.htb	   0.0	  0.03	 2.000	 -3.00	 -7.00	 30.00	   1.0	 0.0560	 33.95	 1.6000	 10.63	  8.16	 1.082	 0.00000000	 0.702	  0.508	  1.60	  0.03	  0.3200	 0.9662	 0.00007197	 0.7912	 0.00000000	 1.0544	 0.59024761	  5.71	 28.24	 0.0556	 1.7119	 0.0100	
m60605c2r2.htb	   0.0	  0.03	 2.000	 -10.00	 -10.00	 30.00	   0.0	 0.0310	  2.95	 1.3030	  0.94	  1.34	 1.250	 0.00018353	 0.461	  0.442	  1.60	  0.03	  0.0260	 0.9892	 0.00000409	 0.3311	 0.00000019	 0.1433	 0.93086018	  0.94	  2.00	 0.0311	 0.3966	 0.0100	
m60605c2r2.htb	   0.0	  0.03	 2.000	 -10.00	 -10.00	 30.00	   1.0	 0.0320	  4.50	 0.2060	  0.84	  1.34	 1.178	 0.00000073	 0.535	  0.459	  1.60	  0.03	  0.0120	 0.9470	 0.00022398	 0.4274	 0.00000000	 0.2780	 0.87022513	  0.84	  3.66	 0.0320	 0.1871	 0.0095	
m60605c3r2.htb	   0.0	  0.03	 2.000	 -5.00	 -2.00	 30.00	   0.0	 0.0310	 22.47	 1.6000	 10.87	 11.24	 1.034	 0.00511315	 0.408	  1.116	  1.60	  0.03	  0.0440	 0.9818	 0.00001530	 0.2433	 0.00001434	 0.0418	 0.97932175	 10.87	 11.60	 0.0312	 0.5982	 0.0100	
m60605c3r2.htb	   0.0	  0.03	 2.000	 -5.00	 -2.00	 30.00	   1.0	 0.0250	 23.77	 1.6000	 10.55	 11.24	 1.047	 0.00076436	 0.455	  1.107	  1.60	  0.03	  0.0820	 0.9625	 0.00009383	 0.2881	 0.00000166	 0.1049	 0.94891508	 10.51	 13.26	 0.0250	 1.2203	 0.0001	
m60606c1r2.htb	   0.0	  0.03	 2.000	  8.00	 -8.00	 30.00	   0.0	 0.0380	  3.56	 1.6000	  0.00	  0.05	 1.014	 0.00000000	 0.742	  0.263	  1.60	  0.03	  0.0170	 0.9940	 0.00000093	 0.7594	 0.00000000	 0.0051	        NaN	  0.00	  3.57	 0.0378	 0.2406	 0.0100	
m60606c1r2.htb	   0.0	  0.03	 2.000	  8.00	 -8.00	 30.00	   1.0	 0.0370	  3.98	 1.6000	  0.00	  0.05	 1.013	 0.00000000	 0.716	  0.303	  1.60	  0.03	  0.0170	 0.9989	 0.00000001	 0.7494	 0.00000000	 0.1000	        NaN	  0.00	  3.98	 0.0371	 0.2427	 0.0079	
m60606c2r2.htb	   0.0	  0.03	 2.000	 -10.00	  0.00	 40.00	   0.0	 0.0300	  3.87	 1.6000	  0.00	  0.15	 1.040	 0.00004913	 0.561	  0.676	  1.60	  0.03	  0.0100	 0.8871	 0.00151773	 0.3239	 0.00000027	 0.5954	        NaN	  0.00	  3.87	 0.0296	 0.1758	 0.0094	
m60606c2r2.htb	   0.0	  0.03	 2.000	 -10.00	  0.00	 40.00	   1.0	 0.0250	  7.95	 1.5810	  0.06	  0.15	 1.017	 0.00000000	 0.611	  0.866	  1.60	  0.03	  0.0240	 0.9924	 0.00000171	 0.5425	 0.00000000	 0.3463	 0.84099893	  0.06	  7.90	 0.0250	 0.4210	 0.0098	
m60606c3r2.htb	  90.0	  0.03	 2.000	 -8.00	 -10.00	 40.00	   0.0	 0.0280	 22.62	 1.6000	  8.30	  9.90	 1.126	 0.11498874	 0.379	  1.989	  1.60	  0.03	  0.0390	 0.7775	 0.00865342	 0.1134	 0.00436886	 0.1666	 0.92009149	  8.30	 14.32	 0.0285	 0.5716	 0.0100	
m60606c3r2.htb	  90.0	  0.03	 2.000	 -8.00	 -10.00	 40.00	   1.0	 0.0350	 25.10	 1.5890	 11.89	  9.90	 0.975	 0.22844838	 0.307	  1.854	  1.60	  0.03	  0.0310	 0.7188	 0.01596349	 0.0846	 0.01457791	 0.1710	 0.91805478	 11.89	 13.22	 0.0353	 0.4270	 0.0100	
m60606c4r2.htb	  90.0	  0.03	 2.000	  8.00	 -5.00	 40.00	   0.0	 0.0390	 35.43	 1.6000	  1.07	  0.55	 0.985	 0.00000000	 0.776	  0.683	  1.60	  0.03	  0.0440	 0.9947	 0.00000071	 0.9333	 0.00000000	 0.6549	 0.72075051	  1.07	 34.37	 0.0391	 0.5298	 0.0100	
m60606c4r2.htb	  90.0	  0.03	 2.000	  8.00	 -5.00	 40.00	   1.0	 0.0390	 35.89	 1.6000	  2.32	  0.55	 0.967	 0.00000000	 0.780	  0.636	  1.60	  0.03	  0.0450	 0.9801	 0.00001903	 0.9164	 0.00000000	 2.3123	 0.31470222	  2.32	 33.58	 0.0394	 0.5335	 0.0100	
m60606c5r2.htb	  90.0	  0.03	 2.000	  8.00	  0.00	 40.00	   0.0	 0.0340	 26.42	 1.6000	  0.48	  0.65	 1.006	 0.00000000	 0.757	  0.678	  1.60	  0.03	  0.0320	 0.9994	 0.00000000	 0.9163	 0.00000000	 0.0938	 0.95417946	  0.48	 25.93	 0.0339	 0.4461	 0.0100	
m60606c5r2.htb	  90.0	  0.03	 2.000	  8.00	  0.00	 40.00	   1.0	 0.0330	 26.92	 1.6000	  1.91	  0.65	 0.979	 0.00000000	 0.706	  0.748	  1.60	  0.03	  0.0280	 0.9968	 0.00000019	 0.8782	 0.00000000	 0.1528	 0.92645205	  1.91	 25.01	 0.0333	 0.4916	 0.0001	
m60613c5r2.htb	   0.0	  0.03	 2.000	 -8.00	 -15.00	 30.00	   0.0	 0.0370	 28.20	 1.6000	 16.36	 16.27	 1.026	 0.00000000	 0.645	  0.357	  1.60	  0.03	  0.1780	 0.8966	 0.00121426	 0.6160	 0.00000000	 1.1635	 0.55892524	 15.96	 12.24	 0.0371	 1.3528	 0.0100	
m60613c5r2.htb	   0.0	  0.03	 2.000	 -8.00	 -15.00	 30.00	   1.0	 0.0260	 28.51	 1.6000	 17.37	 16.27	 1.129	 0.00000000	 0.584	  0.424	  1.60	  0.03	  0.2970	 0.7865	 0.00777697	 0.4651	 0.00000000	 4.6680	 0.09690577	 13.50	 15.01	 0.0257	 2.3139	 0.0100	
m60613c6r2.htb	   0.0	  0.03	 2.000	 -5.00	 -10.00	 30.00	   0.0	 0.0270	 29.73	 1.6000	  6.60	  6.47	 0.996	 0.00000000	 0.726	  0.554	  1.60	  0.03	  0.0890	 0.9873	 0.00000625	 0.8684	 0.00000000	 0.5423	 0.76248672	  6.57	 23.16	 0.0267	 1.0409	 0.0100	
m60613c6r2.htb	   0.0	  0.03	 2.000	 -5.00	 -10.00	 30.00	   1.0	 0.0290	 28.06	 1.6000	  5.80	  6.47	 1.022	 0.00000000	 0.714	  0.563	  1.60	  0.03	  0.1450	 0.9898	 0.00000358	 0.8498	 0.00000000	 0.5372	 0.76446244	  5.34	 22.72	 0.0288	 1.3352	 0.0100	
m60614c1r2.htb	   0.0	  0.03	 2.000	  0.00	 -8.00	 30.00	   0.0	 0.0250	 23.95	 1.6000	  6.00	  5.47	 0.972	 0.00000000	 0.741	  0.524	  1.60	  0.03	  0.0520	 0.9087	 0.00088441	 0.7976	 0.00000000	 3.2447	 0.19743291	  6.00	 17.95	 0.0250	 0.9348	 0.0001	
m60614c1r2.htb	   0.0	  0.03	 2.000	  0.00	 -8.00	 30.00	   1.0	 0.0250	 22.27	 1.6000	  6.18	  5.47	 0.968	 0.00000000	 0.772	  0.399	  1.60	  0.03	  0.0930	 0.8449	 0.00341171	 0.7483	 0.00000000	 6.8296	 0.03288354	  6.07	 16.20	 0.0250	 1.3099	 0.0001	
m60614c2r2.htb	   0.0	  0.03	 2.000	  5.00	 -5.00	 30.00	   0.0	 0.0370	 13.55	 1.6000	  7.88	  6.57	 0.813	 0.00000003	 0.568	  0.394	  1.60	  0.03	  0.1010	 0.8608	 0.00258547	 0.4382	 0.00000000	 0.9198	 0.63136125	  7.87	  5.68	 0.0365	 0.9753	 0.0100	
m60614c2r2.htb	   0.0	  0.03	 2.000	  5.00	 -5.00	 30.00	   1.0	 0.0380	 15.87	 1.6000	  9.05	  6.57	 0.762	 0.00000000	 0.560	  0.398	  1.60	  0.03	  0.0910	 0.9481	 0.00021283	 0.5353	 0.00000000	 0.9142	 0.63310489	  9.05	  6.82	 0.0380	 0.8970	 0.0100	
m60614c3r2.htb	   0.0	  0.03	 2.000	  8.00	 -15.00	 30.00	   0.0	 0.0340	 23.67	 0.2980	  7.41	  6.37	 0.940	 0.00000000	 0.660	  0.422	  1.60	  0.03	  0.0140	 0.9418	 0.00028388	 0.6740	 0.00000000	 0.8963	 0.63881266	  7.41	 16.27	 0.0336	 0.2237	 0.0100	
m60614c3r2.htb	   0.0	  0.03	 2.000	  8.00	 -15.00	 30.00	   1.0	 0.0340	 20.86	 0.3710	  8.18	  6.37	 0.913	 0.00000000	 0.596	  0.498	  1.60	  0.03	  0.0170	 0.9016	 0.00106839	 0.5300	 0.00000000	 1.3435	 0.51080349	  8.18	 12.68	 0.0343	 0.2493	 0.0100	
m60614c4r2.htb	   0.0	  0.03	 2.000	  8.00	 -18.00	 30.00	   0.0	 0.0330	 10.39	 0.2420	  3.67	  4.18	 1.081	 0.00000005	 0.565	  0.381	  1.60	  0.03	  0.0130	 0.9029	 0.00103505	 0.4521	 0.00000000	 0.5049	 0.77690774	  3.67	  6.72	 0.0331	 0.2026	 0.0100	
m60614c4r2.htb	   0.0	  0.03	 2.000	  8.00	 -18.00	 30.00	   1.0	 0.0330	  9.57	 0.2920	  4.13	  4.18	 1.050	 0.00007554	 0.487	  0.414	  1.60	  0.03	  0.0150	 0.9640	 0.00008446	 0.3426	 0.00000010	 0.2741	 0.87194425	  4.13	  5.45	 0.0334	 0.2251	 0.0099	
m60615c1r2.htb	   0.0	  0.03	 2.000	 -8.00	 -17.00	 30.00	   0.0	 0.0310	 29.87	 1.6000	  2.77	  1.44	 0.953	 0.00000000	 0.675	  0.896	  1.60	  0.03	  0.0290	 0.9989	 0.00000001	 0.8836	 0.00000000	 0.1134	 0.94489507	  2.77	 27.11	 0.0311	 0.5342	 0.0001	
m60615c1r2.htb	   0.0	  0.03	 2.000	 -8.00	 -17.00	 30.00	   1.0	 0.0250	 27.94	 1.6000	  3.90	  1.44	 0.932	 0.00000000	 0.730	  0.690	  1.60	  0.03	  0.0660	 0.9889	 0.00000445	 0.8904	 0.00000000	 0.9092	 0.63469027	  3.88	 24.06	 0.0250	 1.0837	 0.0001	
m60615c2r2.htb	   0.0	  0.03	 2.000	 -10.00	 -17.00	 40.00	   0.0	 0.0280	 16.60	 1.6000	  4.38	  5.22	 1.074	 0.00000000	 0.710	  0.433	  1.60	  0.03	  0.0560	 0.9954	 0.00000050	 0.8033	 0.00000000	 0.2464	 0.88407048	  4.38	 12.22	 0.0282	 0.9117	 0.0001	
m60615c2r2.htb	   0.0	  0.03	 2.000	 -10.00	 -17.00	 40.00	   1.0	 0.0250	 16.01	 1.6000	  5.04	  5.22	 1.047	 0.00000000	 0.704	  0.421	  1.60	  0.03	  0.0650	 0.9681	 0.00006264	 0.7497	 0.00000000	 0.8707	 0.64704190	  5.03	 10.97	 0.0250	 1.0708	 0.0001	
m60616c1r2.htb	   0.0	  0.03	 2.000	 -10.00	 -15.00	 30.00	   0.0	 0.0250	 19.33	 1.6000	  1.86	  2.04	 1.010	 0.00000000	 0.701	  0.728	  1.60	  0.03	  0.0530	 0.9817	 0.00001543	 0.8198	 0.00000000	 0.6126	 0.73615412	  1.86	 17.47	 0.0250	 0.9523	 0.0001	
m60616c1r2.htb	   0.0	  0.03	 2.000	 -10.00	 -15.00	 30.00	   1.0	 0.0250	 20.02	 1.6000	  2.54	  2.04	 0.998	 0.00000000	 0.731	  0.649	  1.60	  0.03	  0.1090	 0.9237	 0.00056223	 0.7623	 0.00000000	 2.4133	 0.29919553	  2.29	 17.74	 0.0250	 1.4255	 0.0001	
m60616c2r2.htb	   0.0	  0.03	 2.000	  5.00	 -10.00	 30.00	   0.0	 0.0250	 11.27	 1.6000	  1.54	  1.69	 1.015	 0.00000000	 0.692	  0.572	  1.60	  0.03	  0.0360	 0.9661	 0.00007260	 0.7757	 0.00000000	 1.5037	 0.47149411	  1.54	  9.72	 0.0250	 0.7309	 0.0001	
m60616c2r2.htb	   0.0	  0.03	 2.000	  5.00	 -10.00	 30.00	   1.0	 0.0250	 13.50	 1.6000	  2.34	  1.69	 0.973	 0.00000000	 0.714	  0.491	  1.60	  0.03	  0.0330	 0.9666	 0.00006996	 0.8030	 0.00000000	 0.7821	 0.67634804	  2.34	 11.16	 0.0250	 0.6871	 0.0001	
m60619c1r2.htb	   0.0	  0.03	 2.000	  0.00	  0.00	 40.00	   0.0	 0.0250	 10.11	 1.6000	  3.02	  2.34	 0.913	 0.00000000	 0.685	  0.382	  1.60	  0.03	  0.0330	 0.9628	 0.00009201	 0.7114	 0.00000000	 0.7243	 0.69618642	  3.02	  7.10	 0.0250	 0.6875	 0.0001	
m60619c1r2.htb	   0.0	  0.03	 2.000	  0.00	  0.00	 40.00	   1.0	 0.0250	  9.29	 1.6000	  3.09	  2.34	 0.904	 0.00000000	 0.615	  0.522	  1.60	  0.03	  0.0610	 0.8926	 0.00133655	 0.5273	 0.00000000	 1.4058	 0.49514001	  3.09	  6.21	 0.0250	 1.0321	 0.0001	
m60619c2r2.htb	   0.0	  0.03	 2.000	 -5.00	  0.00	 40.00	   0.0	 0.0310	 16.55	 1.6000	  1.95	  1.59	 0.976	 0.00000000	 0.732	  0.485	  1.60	  0.03	  0.0260	 0.9994	 0.00000000	 0.8865	 0.00000000	 0.0841	 0.95883657	  1.95	 14.60	 0.0306	 0.5023	 0.0001	
m60619c2r2.htb	   0.0	  0.03	 2.000	 -5.00	  0.00	 40.00	   1.0	 0.0290	 17.52	 1.5770	  2.74	  1.59	 0.950	 0.00000000	 0.753	  0.424	  1.60	  0.03	  0.0270	 0.9978	 0.00000007	 0.9072	 0.00000000	 0.2239	 0.89408617	  2.74	 14.79	 0.0288	 0.4325	 0.0100	
m60619c3r2.htb	   0.0	  0.03	 2.000	  0.00	 -5.00	 40.00	   0.0	 0.0250	 11.49	 1.6000	  1.65	  1.29	 0.965	 0.00000000	 0.743	  0.413	  1.60	  0.03	  0.0290	 0.9886	 0.00000476	 0.8744	 0.00000000	 0.9328	 0.62725425	  1.65	  9.84	 0.0250	 0.5819	 0.0027	
m60619c3r2.htb	   0.0	  0.03	 2.000	  0.00	 -5.00	 40.00	   1.0	 0.0260	 12.00	 1.6000	  1.52	  1.29	 0.973	 0.00000000	 0.744	  0.431	  1.60	  0.03	  0.0280	 0.9900	 0.00000344	 0.8780	 0.00000000	 0.5997	 0.74092895	  1.52	 10.49	 0.0261	 0.5935	 0.0001	
m60619c4r2.htb	   0.0	  0.03	 2.000	 -8.00	 -8.00	 40.00	   0.0	 0.0250	 19.05	 1.6000	 10.51	 14.58	 1.909	 0.16257479	 0.255	  1.828	  1.60	  0.03	  0.0560	 0.9858	 0.00000820	 0.1302	 0.00214989	 0.0134	 0.99330116	 10.51	  8.55	 0.0250	 0.9792	 0.0001	
m60619c4r2.htb	   0.0	  0.03	 2.000	 -8.00	 -8.00	 40.00	   1.0	 0.0400	 18.87	 1.6000	 11.39	 14.58	 1.829	 0.39376487	 0.200	  2.092	  1.60	  0.03	  0.0400	 0.9509	 0.00018428	 0.0887	 0.01294931	 0.0133	 0.99337309	 11.39	  7.48	 0.0395	 0.5778	 0.0001	
m60620c1r2.htb	   0.0	  0.03	 2.000	  5.00	  5.00	 40.00	   0.0	 0.0290	 23.69	 1.6000	  2.15	  3.33	 1.058	 0.00000000	 0.628	  1.086	  1.60	  0.03	  0.0370	 0.9970	 0.00000016	 0.7832	 0.00000000	 0.0946	 0.95377823	  2.15	 21.54	 0.0286	 0.5560	 0.0100	
m60620c1r2.htb	   0.0	  0.03	 2.000	  5.00	  5.00	 40.00	   1.0	 0.0260	 27.02	 1.6000	  1.74	  3.33	 1.064	 0.00000000	 0.657	  1.109	  1.60	  0.03	  0.0350	 0.9911	 0.00000252	 0.8336	 0.00000000	 0.2287	 0.89193582	  1.74	 25.29	 0.0263	 0.6972	 0.0001	
m60620c2r2.htb	   0.0	  0.03	 2.000	  0.00	  5.00	 40.00	   0.0	 0.0280	 30.06	 1.5990	  8.91	  8.46	 0.979	 0.00000000	 0.611	  0.891	  1.60	  0.03	  0.0290	 0.9632	 0.00008951	 0.6772	 0.00000000	 2.6086	 0.27136662	  8.91	 21.15	 0.0278	 0.4627	 0.0100	
m60620c2r2.htb	   0.0	  0.03	 2.000	  0.00	  5.00	 40.00	   1.0	 0.0250	 30.92	 1.6000	  8.83	  8.46	 0.981	 0.00000000	 0.598	  0.985	  1.60	  0.03	  0.0360	 0.9821	 0.00001459	 0.6835	 0.00000000	 0.3576	 0.83627472	  8.83	 22.09	 0.0250	 0.7345	 0.0001	
m60620c3r2.htb	   0.0	  0.03	 2.000	  0.00	 10.00	 40.00	   0.0	 0.0250	 30.20	 1.6000	 12.14	 11.79	 0.981	 0.00000000	 0.592	  0.760	  1.60	  0.03	  0.0670	 0.9791	 0.00002163	 0.5755	 0.00000000	 0.3665	 0.83255194	 12.13	 18.06	 0.0250	 1.0877	 0.0001	
m60620c3r2.htb	   0.0	  0.03	 2.000	  0.00	 10.00	 40.00	   1.0	 0.0250	 29.35	 1.6000	 13.56	 11.79	 0.945	 0.00000000	 0.625	  0.582	  1.60	  0.03	  0.0890	 0.9847	 0.00000986	 0.6037	 0.00000000	 0.2188	 0.89637303	 13.48	 15.87	 0.0250	 1.2835	 0.0001	
m60620c4r2.htb	   0.0	  0.03	 2.000	  0.00	  8.00	 40.00	   0.0	 0.0250	 13.06	 1.6000	  5.57	  5.12	 0.944	 0.00000028	 0.562	  0.607	  1.60	  0.03	  0.0400	 0.8917	 0.00136535	 0.4184	 0.00000000	 0.8677	 0.64800296	  5.57	  7.49	 0.0250	 0.7836	 0.0001	
m60620c4r2.htb	   0.0	  0.03	 2.000	  0.00	  8.00	 40.00	   1.0	 0.0250	 15.33	 0.0260	  7.09	  5.12	 0.859	 0.00000000	 0.651	  0.442	  1.60	  0.03	  0.0020	 0.7125	 0.01692230	 0.4600	 0.00000000	 3.9910	 0.13594240	  7.09	  8.24	 0.0250	 0.0000	 0.0001	
m60621c1r2.htb	   0.0	  0.03	 2.000	  0.00	 -8.00	 30.00	   0.0	 0.0310	 11.99	 0.9910	  1.11	  1.14	 1.004	 0.00000000	 0.624	  0.735	  1.60	  0.03	  0.0240	 0.9914	 0.00000236	 0.7682	 0.00000000	 0.1426	 0.93117029	  1.11	 10.89	 0.0312	 0.3605	 0.0100	
m60621c1r2.htb	   0.0	  0.03	 2.000	  0.00	 -8.00	 30.00	   1.0	 0.0320	 14.37	 1.2220	  1.04	  1.14	 1.006	 0.00000000	 0.693	  0.666	  1.60	  0.03	  0.0210	 0.9842	 0.00001074	 0.8293	 0.00000000	 2.2953	 0.31737493	  1.04	 13.33	 0.0317	 0.4113	 0.0001	
m60621c2r2.htb	   0.0	  0.03	 2.000	  8.00	 -2.00	 30.00	   0.0	 0.0330	 13.76	 0.3710	  0.04	  0.15	 1.008	 0.00000000	 0.780	  0.430	  1.60	  0.03	  0.0150	 0.9995	 0.00000000	 0.8589	 0.00000000	 0.3905	 0.82263381	  0.04	 13.73	 0.0326	 0.2366	 0.0100	
m60621c2r2.htb	   0.0	  0.03	 2.000	  8.00	 -2.00	 30.00	   1.0	 0.0280	 13.77	 1.4260	  0.09	  0.15	 1.006	 0.00000000	 0.817	  0.389	  1.60	  0.03	  0.0200	 0.9998	 0.00000000	 0.9654	 0.00000000	 0.2270	 0.89268837	  0.09	 13.68	 0.0283	 0.4266	 0.0001	
m60621c3r2.htb	   0.0	  0.03	 2.000	 10.00	  0.00	 40.00	   0.0	 0.0300	  8.16	 1.6000	  0.00	  2.86	 1.539	 0.00038773	 0.638	  0.711	  1.60	  0.03	  0.0120	 0.9202	 0.00062879	 0.6093	 0.00000096	 3.2504	        NaN	  0.00	  8.17	 0.0303	 0.1937	 0.0097	
m60621c3r2.htb	   0.0	  0.03	 2.000	 10.00	  0.00	 40.00	   1.0	 0.0250	  4.69	 0.0410	  0.45	  2.86	 1.622	 0.00036131	 0.590	  0.647	  1.60	  0.03	  0.0030	 0.9683	 0.00006143	 0.6435	 0.00000028	 0.5547	 0.75779046	  0.45	  4.24	 0.0250	 0.0468	 0.0057	
m60621c4r2.htb	 180.0	  0.03	 2.000	  0.00	 -10.00	 40.00	   0.0	 0.0320	 16.12	 0.2010	  1.20	  2.04	 1.060	 0.00003516	 0.531	  1.116	  1.60	  0.03	  0.0110	 0.9261	 0.00051799	 0.3451	 0.00000009	 0.8203	 0.66355624	  1.20	 14.93	 0.0318	 0.1822	 0.0100	
m60621c4r2.htb	 180.0	  0.03	 2.000	  0.00	 -10.00	 40.00	   1.0	 0.0250	 12.99	 0.7740	  1.57	  2.04	 1.053	 0.00000000	 0.583	  0.982	  1.60	  0.03	  0.0160	 0.9072	 0.00092207	 0.5349	 0.00000000	 0.7976	 0.67111823	  1.57	 11.42	 0.0250	 0.3873	 0.0001	
m60621c5r2.htb	 130.0	  0.03	 2.000	 -10.00	 -10.00	 40.00	   0.0	 0.0340	 27.97	 1.6000	  3.79	  3.33	 0.981	 0.00000000	 0.710	  0.662	  1.60	  0.03	  0.0410	 0.9967	 0.00000022	 0.8759	 0.00000000	 0.0801	 0.96074659	  3.79	 24.18	 0.0344	 0.5337	 0.0100	
m60621c5r2.htb	 130.0	  0.03	 2.000	 -10.00	 -10.00	 40.00	   1.0	 0.0360	 29.37	 1.6000	  4.87	  3.33	 0.960	 0.00000000	 0.682	  0.752	  1.60	  0.03	  0.0380	 0.9927	 0.00000155	 0.8113	 0.00000000	 0.2460	 0.88425805	  4.87	 24.50	 0.0358	 0.4987	 0.0100	
m60621c6r2.htb	 130.0	  0.03	 2.000	  8.00	 -10.00	 40.00	   0.0	 0.0370	 24.48	 1.6000	  2.45	  3.98	 1.075	 0.00000000	 0.729	  0.621	  1.60	  0.03	  0.0430	 0.9987	 0.00000002	 0.9140	 0.00000000	 0.2772	 0.87056266	  2.45	 22.03	 0.0365	 0.6527	 0.0001	
m60621c6r2.htb	 130.0	  0.03	 2.000	  8.00	 -10.00	 40.00	   1.0	 0.0350	 23.84	 1.6000	  3.44	  3.98	 1.052	 0.00000000	 0.739	  0.556	  1.60	  0.03	  0.0440	 0.9879	 0.00000554	 0.8768	 0.00000000	 0.8654	 0.64873989	  3.44	 20.40	 0.0351	 0.5642	 0.0100	
m60622c1r2.htb	   0.0	  0.03	 2.000	  0.00	 -7.00	 30.00	   0.0	 0.0320	 20.89	 0.2580	  0.15	  0.20	 1.003	 0.00000000	 0.729	  0.671	  1.60	  0.03	  0.0130	 0.9951	 0.00000056	 0.8770	 0.00000000	 0.6889	 0.70860846	  0.15	 20.75	 0.0321	 0.2022	 0.0100	
m60622c1r2.htb	   0.0	  0.03	 2.000	  0.00	 -7.00	 30.00	   1.0	 0.0310	 20.16	 1.6000	  0.00	  0.20	 1.006	 0.00000000	 0.783	  0.565	  1.60	  0.03	  0.0150	 0.9952	 0.00000054	 0.9243	 0.00000000	 1.1553	        NaN	  0.00	 20.17	 0.0306	 0.3252	 0.0001	
m60623c3r2.htb	   0.0	  0.03	 2.000	 -5.00	 10.00	 40.00	   0.0	 0.0330	 23.12	 1.6000	  5.67	  4.63	 0.943	 0.00000000	 0.632	  0.699	  1.60	  0.03	  0.0440	 0.9975	 0.00000010	 0.7638	 0.00000000	 0.0315	 0.98438541	  5.67	 17.45	 0.0329	 0.6239	 0.0060	
m60623c3r2.htb	   0.0	  0.03	 2.000	 -5.00	 10.00	 40.00	   1.0	 0.0250	 22.95	 1.6000	  6.92	  4.63	 0.909	 0.00000000	 0.622	  0.708	  1.60	  0.03	  0.0590	 0.9931	 0.00000132	 0.6665	 0.00000000	 0.0681	 0.96653531	  6.92	 16.03	 0.0250	 1.0067	 0.0001	
m60623c4r2.htb	  90.0	  0.03	 2.000	  3.00	 -5.00	 40.00	   0.0	 0.0330	  3.95	 0.9090	  0.57	  0.35	 0.937	 0.00000000	 0.564	  0.463	  1.60	  0.03	  0.0230	 0.9871	 0.00000647	 0.6126	 0.00000000	 0.1106	 0.94619773	  0.57	  3.37	 0.0329	 0.3485	 0.0100	
m60623c4r2.htb	  90.0	  0.03	 2.000	  3.00	 -5.00	 40.00	   1.0	 0.0250	  2.84	 1.6000	  0.36	  0.35	 1.003	 0.00000041	 0.579	  0.493	  1.60	  0.03	  0.2010	 0.5369	 0.06103860	 0.2482	 0.00001141	 3.1710	 0.20484846	  0.00	  2.84	 0.0250	 2.0451	 0.0001	
m60626c2r2.htb	   0.0	  0.03	 2.000	 -8.00	 -8.00	 40.00	   0.0	 0.0480	 12.61	 1.6000	  3.16	  4.18	 1.141	 0.00000000	 0.670	  0.449	  1.60	  0.03	  0.1680	 0.9849	 0.00000955	 0.7180	 0.00000000	 0.2750	 0.87154362	  2.99	  9.62	 0.0479	 1.1670	 0.0100	
m60626c2r2.htb	   0.0	  0.03	 2.000	 -8.00	 -8.00	 40.00	   1.0	 0.0660	 12.92	 1.6000	  4.66	  4.18	 1.041	 0.00000000	 0.645	  0.408	  1.60	  0.03	  0.1500	 0.9701	 0.00005327	 0.6521	 0.00000000	 0.3468	 0.84080307	  4.63	  8.30	 0.0659	 0.9229	 0.0100	
m60628c1r2.htb	   0.0	  0.03	 2.000	  0.00	 -8.00	 40.00	   0.0	 0.0300	 15.89	 1.6000	  0.73	  2.79	 1.157	 0.00000000	 0.674	  0.831	  1.60	  0.03	  0.0610	 0.9881	 0.00000526	 0.8073	 0.00000000	 0.3995	 0.81893959	  0.73	 15.17	 0.0304	 0.9164	 0.0001	
m60628c1r2.htb	   0.0	  0.03	 2.000	  0.00	 -8.00	 40.00	   1.0	 0.0250	 16.10	 1.6000	  0.86	  2.79	 1.151	 0.00000000	 0.658	  0.903	  1.60	  0.03	  0.0610	 0.9737	 0.00003845	 0.7517	 0.00000000	 0.4050	 0.81668865	  0.86	 15.24	 0.0250	 1.0340	 0.0001	
m60628c2r2.htb	   0.0	  0.03	 2.000	 -8.00	 -10.00	 40.00	   0.0	 0.0250	  7.38	 1.6000	  1.25	  1.14	 0.983	 0.00000000	 0.645	  0.498	  1.60	  0.03	  0.0520	 0.9852	 0.00000913	 0.6907	 0.00000000	 0.2711	 0.87324146	  1.25	  6.12	 0.0250	 0.7561	 0.0100	
m60628c2r2.htb	   0.0	  0.03	 2.000	 -8.00	 -10.00	 40.00	   1.0	 0.0330	  6.67	 1.6000	  2.09	  1.14	 0.915	 0.00000001	 0.555	  0.515	  1.60	  0.03	  0.0340	 0.9518	 0.00017644	 0.4972	 0.00000000	 0.3119	 0.85558708	  2.09	  4.58	 0.0325	 0.5954	 0.0001	
m60703c1r2.htb	   0.0	  0.03	 2.000	 10.00	  8.00	 40.00	   0.0	 0.0250	 27.64	 1.6000	  4.29	  1.64	 0.898	 0.00000000	 0.644	  0.935	  1.60	  0.03	  0.0460	 0.9886	 0.00000472	 0.7637	 0.00000000	 0.1621	 0.92212958	  4.29	 23.35	 0.0250	 0.6941	 0.0100	
m60703c1r2.htb	   0.0	  0.03	 2.000	 10.00	  8.00	 40.00	   1.0	 0.0250	 24.21	 1.6000	  3.28	  1.64	 0.921	 0.00000000	 0.733	  0.732	  1.60	  0.03	  0.1240	 0.8852	 0.00158190	 0.7323	 0.00000000	 7.6750	 0.02154696	  2.74	 21.48	 0.0250	 1.5313	 0.0001	
m60703c1r2.htb	   0.0	  0.03	 2.000	 10.00	  8.00	 40.00	   0.0	 0.0250	 27.64	 1.6000	  4.29	  1.64	 0.898	 0.00000000	 0.644	  0.935	  1.60	  0.03	  0.0460	 0.9886	 0.00000472	 0.7637	 0.00000000	 0.1621	 0.92213010	  4.29	 23.35	 0.0250	 0.6941	 0.0100	
m60703c1r2.htb	   0.0	  0.03	 2.000	 10.00	  8.00	 40.00	   1.0	 0.0250	 24.21	 1.6000	  3.28	  1.64	 0.921	 0.00000000	 0.733	  0.732	  1.60	  0.03	  0.1240	 0.8852	 0.00158193	 0.7323	 0.00000000	 7.6752	 0.02154558	  2.74	 21.48	 0.0250	 1.5313	 0.0001	
m60703c2r2.htb	   0.0	  0.03	 2.000	  8.00	 10.00	 40.00	   0.0	 0.0250	  3.21	 1.6000	  0.16	  0.30	 1.047	 0.00000000	 0.672	  0.409	  1.60	  0.03	  0.0510	 0.9510	 0.00018410	 0.6639	 0.00000000	 0.9273	 0.62898160	  0.16	  3.05	 0.0250	 0.9292	 0.0001	
m60703c2r2.htb	   0.0	  0.03	 2.000	  8.00	 10.00	 40.00	   1.0	 0.0250	  3.02	 1.6000	  0.29	  0.30	 1.027	 0.00000001	 0.588	  0.517	  1.60	  0.03	  0.0360	 0.9841	 0.00001084	 0.5110	 0.00000000	 0.6071	 0.73819118	  0.29	  2.73	 0.0250	 0.7414	 0.0001	
m60703c3r2.htb	   0.0	  0.03	 2.000	 -5.00	 10.00	 40.00	   0.0	 0.0250	  8.01	 1.6000	  0.53	  0.45	 0.989	 0.00000000	 0.699	  0.505	  1.60	  0.03	  0.0260	 0.9952	 0.00000053	 0.8405	 0.00000000	 0.4239	 0.80902296	  0.53	  7.48	 0.0250	 0.5789	 0.0001	
m60703c3r2.htb	   0.0	  0.03	 2.000	 -5.00	 10.00	 40.00	   1.0	 0.0250	  4.74	 1.6000	  0.47	  0.45	 0.991	 0.00000000	 0.666	  0.452	  1.60	  0.03	  0.0580	 0.9427	 0.00027193	 0.6811	 0.00000000	 1.1082	 0.57457506	  0.47	  4.27	 0.0250	 1.0041	 0.0001	
m60705c1r2.htb	   0.0	  0.03	 2.000	  0.00	 -10.00	 40.00	   0.0	 0.0250	 23.11	 1.6000	  2.26	  3.88	 1.085	 0.00000000	 0.695	  0.891	  1.60	  0.03	  0.0690	 0.9329	 0.00040609	 0.7723	 0.00000000	 2.1685	 0.33815689	  2.24	 20.87	 0.0250	 1.1068	 0.0001	
m60705c1r2.htb	   0.0	  0.03	 2.000	  0.00	 -10.00	 40.00	   1.0	 0.0250	 22.37	 1.6000	  5.41	  3.88	 1.005	 0.00000000	 0.675	  0.592	  1.60	  0.03	  0.0690	 0.9389	 0.00032005	 0.7861	 0.00000000	 2.5485	 0.27964532	  5.39	 16.97	 0.0250	 1.1084	 0.0001	
m60705c2r2.htb	   0.0	  0.03	 2.000	 -5.00	 -10.00	 40.00	   0.0	 0.0280	  9.69	 1.6000	  1.96	  1.99	 1.005	 0.00000000	 0.667	  0.458	  1.60	  0.03	  0.0510	 0.9925	 0.00000165	 0.7196	 0.00000000	 0.2255	 0.89338865	  1.95	  7.73	 0.0281	 0.8563	 0.0001	
m60705c2r2.htb	   0.0	  0.03	 2.000	 -5.00	 -10.00	 40.00	   1.0	 0.0400	 10.41	 1.6000	  2.98	  1.99	 0.938	 0.00000000	 0.717	  0.340	  1.60	  0.03	  0.0370	 0.9522	 0.00017262	 0.7477	 0.00000000	 1.4236	 0.49075263	  2.98	  7.43	 0.0401	 0.5363	 0.0001	
m60705c3r2.htb	   0.0	  0.03	 2.000	  5.00	 -10.00	 40.00	   0.0	 0.0250	 25.93	 1.6000	  8.03	  4.03	 0.817	 0.00000000	 0.721	  0.515	  1.60	  0.03	  0.0490	 0.9561	 0.00013944	 0.7749	 0.00000000	 1.7393	 0.41909376	  8.03	 17.90	 0.0250	 0.9037	 0.0001	
m60705c3r2.htb	   0.0	  0.03	 2.000	  5.00	 -10.00	 40.00	   1.0	 0.0320	 27.98	 1.6000	 10.40	  4.03	 0.772	 0.00000000	 0.679	  0.527	  1.60	  0.03	  0.0330	 0.9747	 0.00003504	 0.7435	 0.00000000	 0.8113	 0.66652878	 10.40	 17.58	 0.0320	 0.5805	 0.0001	
m60712c1r2.htb	   0.0	  0.03	 2.000	  3.00	 -5.00	 40.00	   0.0	 0.0330	  9.32	 1.6000	  2.35	  2.84	 1.075	 0.00000000	 0.587	  0.548	  1.60	  0.03	  0.0310	 0.9626	 0.00009334	 0.5484	 0.00000000	 0.3612	 0.83476583	  2.35	  6.97	 0.0327	 0.5433	 0.0001	
m60712c1r2.htb	   0.0	  0.03	 2.000	  3.00	 -5.00	 40.00	   1.0	 0.0350	 10.40	 1.6000	  2.71	  2.84	 1.042	 0.00000000	 0.567	  0.586	  1.60	  0.03	  0.0370	 0.9885	 0.00000481	 0.5873	 0.00000000	 0.1084	 0.94725339	  2.71	  7.70	 0.0345	 0.6099	 0.0001	
m60712c1r2.htb	   0.0	  0.03	 2.000	  3.00	 -5.00	 40.00	   0.0	 0.0330	  9.32	 1.6000	  2.35	  2.84	 1.075	 0.00000000	 0.587	  0.548	  1.60	  0.03	  0.0310	 0.9626	 0.00009334	 0.5484	 0.00000000	 0.3612	 0.83476954	  2.35	  6.97	 0.0327	 0.5433	 0.0001	
m60712c1r2.htb	   0.0	  0.03	 2.000	  3.00	 -5.00	 40.00	   1.0	 0.0350	 10.40	 1.6000	  2.71	  2.84	 1.042	 0.00000000	 0.567	  0.586	  1.60	  0.03	  0.0370	 0.9885	 0.00000481	 0.5873	 0.00000000	 0.1084	 0.94725116	  2.71	  7.70	 0.0345	 0.6100	 0.0001	
m60717c3r2.htb	 150.0	  0.03	 2.000	 -10.00	 -10.00	 40.00	   0.0	 0.0250	 21.54	 1.6000	  0.04	  0.80	 1.037	 0.00000000	 0.752	  0.754	  1.60	  0.03	  0.0680	 0.9919	 0.00000198	 0.8273	 0.00000000	 0.2060	 0.90211448	  0.03	 21.51	 0.0250	 1.0968	 0.0001	
m60717c3r2.htb	 150.0	  0.03	 2.000	 -10.00	 -10.00	 40.00	   1.0	 0.0250	 25.26	 1.6000	  2.69	  0.80	 0.970	 0.00000000	 0.705	  0.746	  1.60	  0.03	  0.0470	 0.9713	 0.00004769	 0.8542	 0.00000000	 0.9556	 0.62016122	  2.69	 22.57	 0.0250	 0.8730	 0.0001	
m60814c1r2.htb	   0.0	  0.03	 2.000	  0.00	  0.00	 40.00	   0.0	 0.0290	 11.58	 1.5970	  0.13	  0.30	 1.015	 0.00000000	 0.753	  0.526	  1.60	  0.03	  0.0230	 0.9984	 0.00000003	 0.8794	 0.00000000	 0.7815	 0.67655929	  0.13	 11.44	 0.0290	 0.4618	 0.0001	
m60814c1r2.htb	   0.0	  0.03	 2.000	  0.00	  0.00	 40.00	   1.0	 0.0290	 11.15	 1.6000	  0.50	  0.30	 0.998	 0.00000000	 0.695	  0.630	  1.60	  0.03	  0.0250	 0.9671	 0.00006753	 0.8082	 0.00000000	 1.2009	 0.54856688	  0.50	 10.65	 0.0292	 0.4964	 0.0001	
m60814c2r2.htb	   0.0	  0.03	 2.000	  0.00	  0.00	 40.00	   0.0	 0.0500	 23.40	 1.6000	 11.81	  8.06	 0.757	 0.00000000	 0.581	  0.525	  1.60	  0.03	  0.1220	 0.9117	 0.00081390	 0.5276	 0.00000000	 1.0343	 0.59620991	 11.79	 11.62	 0.0501	 0.9329	 0.0100	
m60814c2r2.htb	   0.0	  0.03	 2.000	  0.00	  0.00	 40.00	   1.0	 0.0250	 27.90	 1.6000	 11.13	  8.06	 0.824	 0.00000000	 0.668	  0.513	  1.60	  0.03	  0.1400	 0.9338	 0.00039230	 0.6764	 0.00000000	 1.3670	 0.50485780	 10.77	 17.14	 0.0250	 1.3809	 0.0100	
m60814c3r2.htb	   0.0	  0.03	 2.000	 -10.00	 10.00	 40.00	   0.0	 0.0250	  6.99	 1.6000	  2.32	  2.14	 0.963	 0.00000047	 0.539	  0.565	  1.60	  0.03	  0.0360	 0.9570	 0.00013231	 0.4399	 0.00000000	 0.2311	 0.89085707	  2.32	  4.67	 0.0250	 0.7405	 0.0001	
m60814c3r2.htb	   0.0	  0.03	 2.000	 -10.00	 10.00	 40.00	   1.0	 0.0250	  8.25	 1.6000	  2.21	  2.14	 0.978	 0.00000000	 0.540	  0.673	  1.60	  0.03	  0.0320	 0.9690	 0.00005790	 0.5202	 0.00000000	 0.2152	 0.89797495	  2.21	  6.04	 0.0250	 0.6687	 0.0001	
m60814c4r2.htb	   0.0	  0.03	 2.000	 -10.00	 10.00	 40.00	   0.0	 0.0250	 17.26	 1.6000	 10.80	 11.54	 1.130	 0.00000046	 0.586	  0.421	  1.60	  0.03	  0.0560	 0.8032	 0.00630096	 0.3693	 0.00000002	 1.8033	 0.40590077	 10.80	  6.46	 0.0250	 0.9765	 0.0001	
m60814c4r2.htb	   0.0	  0.03	 2.000	 -10.00	 10.00	 40.00	   1.0	 0.0250	 18.02	 1.6000	 11.38	 11.54	 1.071	 0.00000346	 0.549	  0.439	  1.60	  0.03	  0.0480	 0.9073	 0.00091890	 0.3822	 0.00000001	 0.4560	 0.79611961	 11.38	  6.64	 0.0250	 0.8905	 0.0001	
m60822c1r2.htb	   0.0	  0.03	 2.000	 -10.00	  0.00	 40.00	   0.0	 0.0250	 14.05	 1.6000	  0.35	  0.05	 0.979	 0.00000000	 0.777	  0.494	  1.60	  0.03	  0.0320	 0.9980	 0.00000006	 0.9317	 0.00000000	 0.9018	 0.63705691	  0.35	 13.70	 0.0250	 0.6703	 0.0001	
m60822c1r2.htb	   0.0	  0.03	 2.000	 -10.00	  0.00	 40.00	   1.0	 0.0260	 15.49	 1.6000	  0.88	  0.05	 0.961	 0.00000000	 0.741	  0.581	  1.60	  0.03	  0.0300	 0.9949	 0.00000064	 0.9148	 0.00000000	 0.5268	 0.76842556	  0.88	 14.62	 0.0256	 0.6416	 0.0001	
m60822c2r2.htb	   0.0	  0.03	 2.000	  0.00	 -5.00	 40.00	   0.0	 0.0250	 14.07	 1.6000	  0.46	  0.85	 1.029	 0.00000000	 0.772	  0.524	  1.60	  0.03	  0.0420	 0.9700	 0.00005369	 0.9122	 0.00000000	 2.6111	 0.27102676	  0.46	 13.61	 0.0250	 0.8198	 0.0001	
m60822c2r2.htb	   0.0	  0.03	 2.000	  0.00	 -5.00	 40.00	   1.0	 0.0250	 16.07	 1.6000	  1.32	  0.85	 0.995	 0.00000000	 0.750	  0.569	  1.60	  0.03	  0.0300	 0.9663	 0.00007180	 0.8894	 0.00000000	 4.2670	 0.11842210	  1.32	 14.75	 0.0250	 0.6452	 0.0001	
