FILE			 PrfOR	 PrfSF	 PrfTF	 RFXctr	 RFYctr	 RFDiam	 GrType	 Spont	 SI		 AnovaP	 SDI		 VarTerm	 MaxX 	 MinX 	 RsqMn	 PMean	 RsqRaw	 Praw		 ErfChi2	 ErfChiP	 DiffErfChi2	 DiffErfChiP	 Ke		 a		 Ki			 b+a		 DC_off	 Halfmax_slope
m60112c1r6.htb	  30.0	  0.05	 2.000	  0.00	  0.00	 30.00	   0.0	 7.6285	  0.00	 0.0000	  0.77	  0.46	 64.000	 1.00000000	 0.909	  0.000	  0.91	  0.00	  0.2906	 0.9904	 0.28921579		 0.8654	 25.14026345	 22.2467	 1.67246635	 25.43	  2.88	 1.0959	 
m60112c1r6.htb	  30.0	  0.05	 2.000	  0.00	  0.00	 30.00	   1.0	 7.6285	  0.16	 0.0000	  0.71	  0.57	 64.000	 1.00000000	 0.833	  0.000	  0.83	  0.00	  1.1423	 0.8875	 0.13820460		 0.9332	 38.43557607	 30.9172	 36.05801216	 117.75	  4.58	 0.9851	 
m60117c1r7.htb	  90.0	  0.03	 4.000	  0.00	  0.00	 30.00	   0.0	 7.9602	  0.00	 0.0000	  0.71	  0.42	 64.000	 1.00000000	 0.714	  0.000	  0.71	  0.00	  2.3233	 0.6765	 2.32330145		 0.3130	 13.90132350	 46.7240	 0.00000000	 48.61	  6.16	 0.3121	 
m60117c1r7.htb	  90.0	  0.03	 4.000	  0.00	  0.00	 30.00	   1.0	 7.9602	  0.00	 0.0001	  0.64	  0.59	 64.000	 1.00000000	 0.700	  0.000	  0.70	  0.00	  0.4465	 0.9785	 0.44653382		 0.7999	 24.28347680	 100.0000	 0.00000000	 103.50	  7.78	 0.2659	 
m60119c1r7.htb	  30.0	  0.03	 6.000	  0.00	  0.00	 60.00	   0.0	 4.2644	  0.00	 0.0007	  0.54	  0.60	 64.000	 1.00000000	 0.385	  0.000	  0.39	  0.00	  0.8854	 0.9266	 0.88537529		 0.6423	 9.87528062	 100.0000	 0.00000000	 108.83	  4.58	 0.1081	 
m60119c1r7.htb	  30.0	  0.03	 6.000	  0.00	  0.00	 60.00	   1.0	 4.2644	  0.00	 0.0052	  0.51	  0.49	 64.000	 1.00000000	 0.327	  0.000	  0.33	  0.00	  0.3237	 0.9882	 0.32372452		 0.8506	 7.94026698	 100.0000	 0.00000000	 141.67	  6.25	 0.0870	 
m60119c2r9.htb	  30.0	  0.03	 6.000	  0.00	 10.00	 40.00	   0.0	 10.1635	  0.00	 0.0044	  0.51	  0.97	 64.000	 1.00000000	 0.330	  0.000	  0.33	  0.00	  0.4275	 0.9802	 0.42755125		 0.8075	 15.53660988	 66.3706	 0.00000000	 67.30	  8.79	 0.2505	 
m60119c2r9.htb	  30.0	  0.03	 6.000	  0.00	 10.00	 40.00	   1.0	 10.1635	  0.00	 0.0000	  0.54	  0.90	 64.000	 1.00000000	 0.495	  0.000	  0.49	  0.00	  0.4845	 0.9750	 0.48454499		 0.7848	 21.10737819	 60.7619	 0.00000000	 61.42	  7.29	 0.3697	 
m60124c1r9.htb	   0.0	  0.03	 2.000	  0.00	 10.00	 70.00	   0.0	 6.1123	  0.00	 0.0000	  0.64	  0.54	 64.000	 1.00000000	 0.605	  0.000	  0.60	  0.00	  1.8833	 0.7572	 1.88321870		 0.3900	 16.50698039	 97.5183	 0.19826574	 111.04	  5.58	 0.1832	 
m60124c1r9.htb	   0.0	  0.03	 2.000	  0.00	 10.00	 70.00	   1.0	 6.1123	  0.00	 0.0000	  0.65	  0.39	 64.000	 1.00000000	 0.601	  0.000	  0.60	  0.00	  2.2644	 0.6873	 2.26435113		 0.3223	 8.16673070	 35.0520	 0.00000000	 36.02	  5.80	 0.2420	 
m60124c2r6.htb	   0.0	  0.03	 4.000	  0.00	 10.00	 70.00	   0.0	 1.4925	  0.00	 0.0135	  0.51	  0.34	 64.000	 1.00000000	 0.093	  0.050	  0.09	  0.05	  2.3555	 0.6707	 2.35554465		 0.3080	 3.10115240	 100.0000	 1.54580705	 100.00	  1.61	 0.0170	 
m60124c2r6.htb	   0.0	  0.03	 4.000	  0.00	 10.00	 70.00	   1.0	 1.4925	  0.00	 0.9022	  0.28	  0.36	 64.000	 1.00000000	 0.047	  0.174	  0.05	  0.17	  0.0550	 0.9996	 0.05504267		 0.9729	 2.86107492	 100.0000	 1.76960128	 100.00	  1.95	 0.0120	 
m60124c3r9.htb	   0.0	  0.03	 4.000	  0.00	 10.00	 70.00	   0.0	 3.7935	  0.00	 0.0508	  0.45	  0.35	 64.000	 1.00000000	 0.190	  0.001	  0.19	  0.00	  0.3601	 0.9856	 0.36011819		 0.8352	 7.31214184	 100.0000	 4.12927473	 100.00	  3.67	 0.0349	 
m60124c3r9.htb	   0.0	  0.03	 4.000	  0.00	 10.00	 70.00	   1.0	 3.7935	  0.00	 0.0209	  0.48	  0.41	 64.000	 1.00000000	 0.168	  0.002	  0.17	  0.00	  1.3529	 0.8523	 1.35290657		 0.5084	 3.58247644	 100.0000	 0.00000000	 103.02	  3.82	 0.0392	 
m60124c4r7.htb	   0.0	  0.03	 4.000	 10.00	 -5.00	 70.00	   0.0	 3.8972	  0.00	 0.0000	  0.70	  0.49	 64.000	 1.00000000	 0.618	  0.000	  0.62	  0.00	  5.4938	 0.2403	 5.49382528		 0.0641	 13.77325354	 100.0000	 0.00000000	 108.31	  2.64	 0.1508	 
m60124c4r7.htb	   0.0	  0.03	 4.000	 10.00	 -5.00	 70.00	   1.0	 3.8972	  0.00	 0.0000	  0.70	  0.51	 64.000	 1.00000000	 0.664	  0.000	  0.66	  0.00	  3.9597	 0.4115	 3.95967341		 0.1381	 13.94418182	 100.0000	 0.00000000	 110.67	  2.77	 0.1527	 
m60124c5r5.htb	   0.0	  0.03	 4.000	  0.00	  0.00	 70.00	   0.0	 7.4627	  0.00	 0.0118	  0.53	  0.65	 64.000	 1.00000000	 0.282	  0.001	  0.28	  0.00	  2.5389	 0.6377	 2.53889543		 0.2810	 11.00240540	 100.0000	 0.00000000	 107.09	  7.98	 0.1205	 
m60124c5r5.htb	   0.0	  0.03	 4.000	  0.00	  0.00	 70.00	   1.0	 7.4627	  0.00	 0.0000	  0.65	  0.52	 64.000	 1.00000000	 0.597	  0.000	  0.60	  0.00	  2.2230	 0.6948	 2.22303349		 0.3291	 18.18992342	 100.0000	 0.00000000	 121.03	  6.11	 0.1992	 
m60213c2r6.htb	 350.0	  0.03	 2.000	  0.00	 15.00	 50.00	   0.0	 1.1940	  0.00	 0.0000	  0.70	  0.57	 64.000	 1.00000000	 0.731	  0.000	  0.73	  0.00	  1.4576	 0.8341	 1.45754395		 0.4825	 17.34923398	 49.6291	 3.56287576	 49.76	  0.56	 0.2925	 
m60213c2r6.htb	 350.0	  0.03	 2.000	  0.00	 15.00	 50.00	   1.0	 1.1940	  0.00	 0.0000	  0.66	  0.73	 64.000	 1.00000000	 0.655	  0.000	  0.66	  0.00	  1.3195	 0.8581	 1.31938056		 0.5170	 16.97055256	 52.3628	 0.63179360	 53.34	  0.72	 0.3295	 
m60213c3r7.htb	   0.0	  0.03	 4.000	  8.00	  0.00	 50.00	   0.0	 2.4378	  0.00	 0.0000	  0.71	  0.75	 64.000	 1.00000000	 0.813	  0.000	  0.81	  0.00	  0.3823	 0.9839	 0.38226014		 0.8260	 34.76093271	 85.8419	 0.24392610	 93.48	  1.27	 0.4371	 
m60213c3r7.htb	   0.0	  0.03	 4.000	  8.00	  0.00	 50.00	   1.0	 2.4378	  0.00	 0.0000	  0.74	  0.68	 64.000	 1.00000000	 0.866	  0.000	  0.87	  0.00	  0.9331	 0.9198	 0.93313221		 0.6272	 43.06780489	 100.0000	 0.00000000	 105.36	  1.59	 0.4716	 
m60213c4r6.htb	  20.0	  0.03	 2.000	  5.00	 12.00	 50.00	   0.0	 4.8756	  0.00	 0.0000	  0.60	  0.57	 64.000	 1.00000000	 0.579	  0.000	  0.58	  0.00	  0.5019	 0.9733	 0.50186200		 0.7781	 10.72750209	 35.9972	 0.68644272	 36.17	  3.70	 0.2900	 
m60213c4r6.htb	  20.0	  0.03	 2.000	  5.00	 12.00	 50.00	   1.0	 4.8756	  0.00	 0.0000	  0.65	  0.52	 64.000	 1.00000000	 0.680	  0.000	  0.68	  0.00	  0.6083	 0.9621	 0.60826204		 0.7378	 11.68302388	 43.3692	 0.00000000	 43.83	  3.76	 0.2817	 
m60220c1r6.htb	   0.0	  0.03	 2.000	  5.00	  8.00	 60.00	   0.0	 2.9353	  0.00	 0.0000	  0.63	  0.48	 64.000	 1.00000000	 0.647	  0.000	  0.65	  0.00	  0.7318	 0.9473	 0.73181348		 0.6936	 13.15039306	 100.0000	 2.07531212	 100.00	  2.37	 0.1213	 
m60220c1r6.htb	   0.0	  0.03	 2.000	  5.00	  8.00	 60.00	   1.0	 2.9353	  0.00	 0.0000	  0.60	  0.42	 64.000	 1.00000000	 0.563	  0.000	  0.56	  0.00	  1.0255	 0.9059	 1.02552213		 0.5988	 13.48949344	 100.0000	 3.74039244	 100.00	  2.71	 0.1068	 
m60317c1r6.htb	 200.0	  0.03	 2.000	  0.00	  0.00	 40.00	   0.0	 0.9950	  0.36	 0.0005	  0.50	  0.45	 64.000	 1.00000000	 0.249	  0.000	  0.25	  0.00	  1.4952	 0.8275	 0.97606971		 0.6138	 16.36393980	 43.5649	 17.11154347	 61.21	  1.12	 0.1019	 
m60317c1r6.htb	 200.0	  0.03	 2.000	  0.00	  0.00	 40.00	   1.0	 0.9950	  0.00	 0.0000	  0.55	  0.39	 64.000	 1.00000000	 0.331	  0.000	  0.33	  0.00	  0.9552	 0.9165	 0.95512968		 0.6203	 2.38217420	 26.8526	 0.17006129	 27.42	  1.42	 0.0852	 
m60317c2r6.htb	  30.0	  0.03	 2.000	 -5.00	  5.00	 50.00	   0.0	 13.0846	  0.00	 0.0000	  0.62	  0.49	 64.000	 1.00000000	 0.584	  0.000	  0.58	  0.00	  0.6929	 0.9522	 0.69289801		 0.7072	 17.35933440	 79.2420	 0.07811639	 85.50	  9.99	 0.2360	 
m60317c2r6.htb	  30.0	  0.03	 2.000	 -5.00	  5.00	 50.00	   1.0	 13.0846	  0.00	 0.0000	  0.56	  0.67	 64.000	 1.00000000	 0.468	  0.000	  0.47	  0.00	  0.6108	 0.9619	 0.61083773		 0.7368	 22.21706314	 100.0000	 0.00000000	 108.16	  9.98	 0.2433	 
m60404c2r7.htb	 200.0	  0.03	 2.000	  0.00	  0.00	 40.00	   0.0	 7.1642	  0.00	 0.0000	  0.59	  0.57	 64.000	 1.00000000	 0.616	  0.000	  0.62	  0.00	  2.6644	 0.6155	 2.66542651		 0.2638	 13.83633706	 30.4611	 4.12455338	 30.65	  4.49	 0.3310	 
m60404c2r7.htb	 200.0	  0.03	 2.000	  0.00	  0.00	 40.00	   1.0	 7.1642	  0.00	 0.0000	  0.63	  0.43	 64.000	 1.00000000	 0.711	  0.000	  0.71	  0.00	  0.1554	 0.9971	 0.15541706		 0.9252	 10.29053420	 21.4383	 0.37865874	 21.44	  5.04	 0.4756	 
m60407c1r6.htb	   0.0	  0.03	 2.000	  0.00	 -5.00	 40.00	   0.0	 6.4677	  0.00	 0.0000	  0.60	  0.39	 64.000	 1.00000000	 0.428	  0.000	  0.43	  0.00	  1.6783	 0.7946	 1.67886216		 0.4320	 8.37422407	 100.0000	 0.00000000	 103.12	  5.81	 0.0917	 
m60407c1r6.htb	   0.0	  0.03	 2.000	  0.00	 -5.00	 40.00	   1.0	 6.4677	  0.00	 0.0000	  0.53	  0.52	 64.000	 1.00000000	 0.363	  0.000	  0.36	  0.00	  0.2998	 0.9898	 0.29984264		 0.8608	 9.65795498	 100.0000	 0.00000000	 103.98	  5.68	 0.1058	 
m60407c2r6.htb	   0.0	  0.03	 2.000	  5.00	  0.00	 40.00	   0.0	 5.7214	  0.00	 0.0000	  0.54	  0.49	 64.000	 1.00000000	 0.412	  0.000	  0.41	  0.00	  0.0869	 0.9991	 0.08688146		 0.9575	 9.69207728	 100.0000	 0.00000000	 103.27	  5.89	 0.1061	 
m60407c2r6.htb	   0.0	  0.03	 2.000	  5.00	  0.00	 40.00	   1.0	 5.7214	  0.00	 0.0000	  0.52	  0.54	 64.000	 1.00000000	 0.408	  0.000	  0.41	  0.00	  1.3775	 0.8481	 1.37753519		 0.5022	 8.13056726	 51.5168	 0.83650461	 53.43	  5.80	 0.1498	 
m60407c3r6.htb	   0.0	  0.03	 2.000	  0.00	 -20.00	 40.00	   0.0	 6.6169	  0.00	 0.0000	  0.67	  0.44	 64.000	 1.00000000	 0.650	  0.000	  0.65	  0.00	  0.6855	 0.9531	 0.68554258		 0.7098	 16.35058955	 100.0000	 0.00000000	 105.44	  5.50	 0.1791	 
m60407c3r6.htb	   0.0	  0.03	 2.000	  0.00	 -20.00	 40.00	   1.0	 6.6169	  0.00	 0.0000	  0.66	  0.49	 64.000	 1.00000000	 0.665	  0.000	  0.67	  0.00	  1.3413	 0.8543	 1.34145644		 0.5113	 17.87403443	 93.5233	 0.03164606	 97.75	  5.43	 0.2082	 
m60407c4r7.htb	  60.0	  0.03	 2.000	 15.00	 -10.00	 50.00	   0.0	 2.1891	  0.00	 0.0000	  0.66	  0.56	 64.000	 1.00000000	 0.688	  0.000	  0.69	  0.00	  0.3950	 0.9829	 0.39497246		 0.8208	 14.02243720	 35.5783	 1.29759802	 35.58	  1.44	 0.3716	 
m60407c4r7.htb	  60.0	  0.03	 2.000	 15.00	 -10.00	 50.00	   1.0	 2.1891	  0.00	 0.0000	  0.69	  0.54	 64.000	 1.00000000	 0.728	  0.000	  0.73	  0.00	  0.8104	 0.9371	 0.81041708		 0.6668	 14.34479148	 42.8094	 1.46373811	 43.15	  1.56	 0.3147	 
m60407c5r6.htb	   0.0	  0.03	 2.000	 10.00	 -10.00	 40.00	   0.0	 2.9353	  0.10	 0.0000	  0.54	  0.45	 64.000	 1.00000000	 0.338	  0.000	  0.34	  0.00	  2.2735	 0.6856	 2.23995265		 0.3263	 17.13445388	 62.8407	 24.62686567	 140.33	  1.62	 0.1036	 
m60407c5r6.htb	   0.0	  0.03	 2.000	 10.00	 -10.00	 40.00	   1.0	 2.9353	  0.00	 0.0000	  0.52	  0.50	 64.000	 1.00000000	 0.407	  0.000	  0.41	  0.00	  0.2924	 0.9903	 0.29242295		 0.8640	 4.02740820	 41.8765	 0.22003992	 42.77	  1.43	 0.0951	 
m60413c3r6.htb	   0.0	  0.03	 2.000	  5.00	 -20.00	 50.00	   0.0	 14.1294	  0.00	 0.0000	  0.62	  0.50	 64.000	 1.00000000	 0.569	  0.000	  0.57	  0.00	  1.9826	 0.7390	 1.98259418		 0.3711	 18.97839927	 13.3303	 5.29684208	 13.33	 12.00	 1.0422	 
m60413c3r6.htb	   0.0	  0.03	 2.000	  5.00	 -20.00	 50.00	   1.0	 14.1294	  0.10	 0.0000	  0.61	  0.56	 64.000	 1.00000000	 0.567	  0.000	  0.57	  0.00	  1.1376	 0.8883	 0.11061397		 0.9462	 23.88985565	 29.1851	 19.55550862	 106.98	 12.92	 0.6673	 
m60413c4r7.htb	  60.0	  0.03	 2.000	 -10.00	 -10.00	 40.00	   0.0	 0.0829	  0.00	 0.0000	  0.65	  0.52	 64.000	 1.00000000	 0.604	  0.000	  0.60	  0.00	  0.4982	 0.9737	 0.49783663		 0.7796	 4.13274050	 19.0025	 0.36436026	 20.39	 -0.21	 0.2048	 
m60413c4r7.htb	  60.0	  0.03	 2.000	 -10.00	 -10.00	 40.00	   1.0	 0.0829	  0.00	 0.0000	  0.73	  0.40	 64.000	 1.00000000	 0.836	  0.000	  0.84	  0.00	  2.4074	 0.4923	 2.40814382		    NaN	 5.45392953	 39.7214	 0.06915724	 39.85	 -0.19	 0.1413	 
m60414c2r7.htb	 220.0	  0.05	 2.000	  0.00	 -8.00	 40.00	   0.0	 3.6816	  0.00	 0.0000	  0.57	  0.88	 64.000	 1.00000000	 0.561	  0.000	  0.56	  0.00	  0.0176	 1.0000	 0.01757502		 0.9913	 13.35643684	 32.5337	 0.00000000	 32.56	  1.82	 0.4256	 
m60414c2r7.htb	 220.0	  0.05	 2.000	  0.00	 -8.00	 40.00	   1.0	 3.6816	  0.18	 0.0000	  0.61	  0.85	 64.000	 1.00000000	 0.548	  0.000	  0.55	  0.00	  0.7997	 0.9385	 0.61632265		 0.7348	 65.39312080	 55.0292	 93.03482587	 131.94	  2.22	 0.5145	 
m60418c1r6.htb	 180.0	  0.03	 2.000	 -5.00	 -10.00	 50.00	   0.0	 10.1493	  0.03	 0.0000	  0.57	  0.80	 64.000	 1.00000000	 0.634	  0.000	  0.63	  0.00	  0.8729	 0.9284	 0.70496080		 0.7029	 82.17631632	 68.2998	 113.68159204	 153.08	  6.60	 0.4913	 
m60418c1r6.htb	 180.0	  0.03	 2.000	 -5.00	 -10.00	 50.00	   1.0	 10.1493	  0.00	 0.0000	  0.67	  0.54	 64.000	 1.00000000	 0.743	  0.000	  0.74	  0.00	  0.2476	 0.9929	 0.24764788		 0.8835	 19.01264336	 37.1476	 0.72641958	 39.15	  8.07	 0.5130	 
m60420c1r6.htb	 180.0	  0.03	 2.000	  5.00	 -5.00	 40.00	   0.0	 2.7861	  0.07	 0.0000	  0.73	  0.64	 64.000	 1.00000000	 0.903	  0.000	  0.90	  0.00	  1.7794	 0.7762	 0.92224150		 0.6306	 95.95920047	 59.1418	 125.12437811	 139.56	  1.76	 0.7728	 
m60420c1r6.htb	 180.0	  0.03	 2.000	  5.00	 -5.00	 40.00	   1.0	 2.7861	  0.08	 0.0000	  0.72	  0.58	 64.000	 1.00000000	 0.905	  0.000	  0.91	  0.00	  0.7231	 0.9484	 0.35017548		 0.8394	 65.02203596	 45.3557	 60.81244487	 99.04	  2.83	 0.8677	 
m60421c1r6.htb	   0.0	  0.03	 2.000	  8.00	 -10.00	 40.00	   0.0	 4.1791	  0.00	 0.0000	  0.71	  0.61	 64.000	 1.00000000	 0.846	  0.000	  0.85	  0.00	  0.5464	 0.9688	 0.54616011		 0.7610	 20.29295669	 47.0755	 0.72191151	 53.04	  1.87	 0.4380	 
m60421c1r6.htb	   0.0	  0.03	 2.000	  8.00	 -10.00	 40.00	   1.0	 4.1791	  0.00	 0.0000	  0.73	  0.52	 64.000	 1.00000000	 0.867	  0.000	  0.87	  0.00	  0.4105	 0.9816	 0.41045372		 0.8145	 21.54571713	 55.4994	 0.84320742	 60.05	  2.65	 0.3960	 
m60421c2r6.htb	   0.0	  0.03	 2.000	 18.00	 -10.00	 40.00	   0.0	 1.3820	  0.00	 0.0000	  0.70	  0.58	 64.000	 1.00000000	 0.779	  0.000	  0.78	  0.00	  2.7421	 0.6019	 2.74224191		 0.2538	 15.92273723	 52.8602	 0.13274788	 53.51	  0.61	 0.3154	 
m60421c2r6.htb	   0.0	  0.03	 2.000	 18.00	 -10.00	 40.00	   1.0	 1.3820	  0.00	 0.0000	  0.71	  0.53	 64.000	 1.00000000	 0.790	  0.000	  0.79	  0.00	  2.4871	 0.6470	 2.48760814		 0.2883	 14.65658899	 44.1266	 0.26739071	 44.88	  0.76	 0.3413	 
m60421c3r6.htb	   0.0	  0.03	 2.000	 10.00	  5.00	 40.00	   0.0	 9.4527	  0.00	 0.0000	  0.69	  0.73	 64.000	 1.00000000	 0.838	  0.000	  0.84	  0.00	  0.3228	 0.9883	 0.32244468		 0.8511	 30.96107777	 36.3092	 2.65302509	 40.33	  4.32	 0.8179	 
m60421c3r6.htb	   0.0	  0.03	 2.000	 10.00	  5.00	 40.00	   1.0	 9.4527	  0.06	 0.0000	  0.66	  0.74	 64.000	 1.00000000	 0.814	  0.000	  0.81	  0.00	  0.3625	 0.9854	 0.23528863		 0.8890	 54.98140484	 40.0472	 39.89781722	 86.26	  5.66	 0.9602	 
m60424c3r6.htb	   0.0	  0.03	 2.000	 10.00	  0.00	 40.00	   0.0	 2.0730	  0.05	 0.0000	  0.79	  0.59	 64.000	 1.00000000	 0.911	  0.000	  0.91	  0.00	  4.2765	 0.3699	 3.27681742		 0.1943	 100.29545900	 61.1796	 128.93864013	 144.50	 -0.16	 0.7954	 
m60424c3r6.htb	   0.0	  0.03	 2.000	 10.00	  0.00	 40.00	   1.0	 2.0730	  0.08	 0.0000	  0.78	  0.59	 64.000	 1.00000000	 0.924	  0.000	  0.92	  0.00	  1.7144	 0.7881	 1.18455889		 0.5531	 102.74745854	 57.1898	 130.59701493	 135.88	 -0.16	 0.8889	 
m60424c4r6.htb	   0.0	  0.03	 2.000	  0.00	  0.00	 30.00	   0.0	 3.7669	  0.00	 0.0000	  0.79	  0.42	 64.000	 1.00000000	 0.888	  0.000	  0.89	  0.00	  3.7978	 0.4341	 3.79473580		 0.1500	 25.63589761	 29.1981	 0.80494646	 32.57	  2.39	 0.8828	 
m60424c4r6.htb	   0.0	  0.03	 2.000	  0.00	  0.00	 30.00	   1.0	 3.7669	  0.12	 0.0000	  0.79	  0.46	 64.000	 1.00000000	 0.899	  0.000	  0.90	  0.00	  5.1923	 0.2681	 4.90321043		 0.0862	 88.62875975	 51.9556	 126.80376392	 151.96	  1.52	 0.9263	 
m60424c5r6.htb	   0.0	  0.03	 2.000	  0.00	  0.00	 40.00	   0.0	 3.8806	  0.18	 0.0000	  0.76	  0.53	 64.000	 1.00000000	 0.902	  0.000	  0.90	  0.00	  2.8183	 0.5887	 0.43920885		 0.8028	 98.86601927	 52.0865	 132.08955224	 125.65	  2.03	 0.9007	 
m60424c5r6.htb	   0.0	  0.03	 2.000	  0.00	  0.00	 40.00	   1.0	 3.8806	  0.08	 0.0000	  0.79	  0.49	 64.000	 1.00000000	 0.928	  0.000	  0.93	  0.00	  0.9520	 0.9170	 0.63936174		 0.7264	 36.75477930	 26.0362	 14.53858640	 59.86	  0.71	 1.2194	 
m60518c1r6.htb	   0.0	  0.03	 2.000	  8.00	 -10.00	 40.00	   0.0	 1.6915	  0.00	 0.0000	  0.72	  0.88	 64.000	 1.00000000	 0.823	  0.000	  0.81	  0.00	 17.4382	 0.0016	 11.65183428		 0.0030	 32.91475137	 68.3273	 0.00000000	 68.74	 -2.04	 0.5164	 
m60518c1r6.htb	   0.0	  0.03	 2.000	  8.00	 -10.00	 40.00	   1.0	 1.6915	  0.00	 0.0000	  0.69	  0.92	 64.000	 1.00000000	 0.791	  0.000	  0.79	  0.00	  4.0814	 0.3951	 4.17925124		 0.1237	 40.11721952	 100.0000	 0.16609374	 103.60	 -0.05	 0.4376	 
m60519c1r6.htb	   0.0	  0.03	 2.000	  0.00	 -10.00	 40.00	   0.0	 3.1343	  0.06	 0.0000	  0.69	  0.57	 64.000	 1.00000000	 0.856	  0.000	  0.86	  0.00	  0.4981	 0.9737	 0.44221427		 0.8016	 77.10415407	 61.3372	 96.01990050	 129.34	  2.45	 0.5481	 
m60519c1r6.htb	   0.0	  0.03	 2.000	  0.00	 -10.00	 40.00	   1.0	 3.1343	  0.12	 0.0000	  0.70	  0.60	 64.000	 1.00000000	 0.873	  0.000	  0.87	  0.00	  3.9209	 0.4168	 1.88122008		 0.3904	 78.38704075	 56.2430	 106.21890547	 134.02	  2.06	 0.6399	 
m60519c2r6.htb	   0.0	  0.03	 2.000	  5.00	  0.00	 30.00	   0.0	 7.1144	  0.13	 0.0000	  0.72	  0.58	 64.000	 1.00000000	 0.855	  0.000	  0.85	  0.00	  1.7912	 0.7741	 0.89984297		 0.6377	 105.91094700	 55.6201	 145.02487562	 132.69	  4.89	 0.8636	 
m60519c2r6.htb	   0.0	  0.03	 2.000	  5.00	  0.00	 30.00	   1.0	 7.1144	  0.00	 0.0000	  0.76	  0.49	 64.000	 1.00000000	 0.890	  0.000	  0.89	  0.00	  0.5364	 0.9699	 0.53545448		 0.7651	 27.75662431	 23.5775	 2.90981986	 27.90	  3.83	 1.1063	 
m60519c4r6.htb	   0.0	  0.03	 2.000	  5.00	  0.00	 30.00	   0.0	 8.4577	  0.09	 0.0000	  0.73	  0.49	 64.000	 1.00000000	 0.853	  0.000	  0.85	  0.00	  3.5867	 0.4648	 1.35985577		 0.5067	 34.57737386	 27.1515	 19.52959263	 94.35	  6.64	 1.1152	 
m60519c4r6.htb	   0.0	  0.03	 2.000	  5.00	  0.00	 30.00	   1.0	 8.4577	  0.11	 0.0000	  0.69	  0.68	 64.000	 1.00000000	 0.881	  0.000	  0.88	  0.00	  2.1931	 0.7003	 0.90446068		 0.6362	 40.92986988	 24.6573	 19.26139496	 60.33	  4.37	 1.3991	 
m60519c5r6.htb	   0.0	  0.03	 2.000	  5.00	  0.00	 30.00	   0.0	 3.5821	  0.12	 0.0000	  0.80	  0.43	 64.000	 1.00000000	 0.931	  0.000	  0.93	  0.00	  2.8963	 0.5753	 1.98445049		 0.3708	 81.91353457	 27.2936	 61.22878172	 34.20	  0.49	 1.2663	 
m60519c5r6.htb	   0.0	  0.03	 2.000	  5.00	  0.00	 30.00	   1.0	 3.5821	  0.18	 0.0000	  0.80	  0.44	 64.000	 1.00000000	 0.919	  0.000	  0.92	  0.00	  2.6571	 0.6167	 1.01567263		 0.6018	 39.03697637	 24.9294	 23.25347498	 72.66	  1.35	 1.3022	 
m60519c6r6.htb	   0.0	  0.03	 2.000	  0.00	  0.00	 30.00	   0.0	 3.2836	  0.18	 0.0000	  0.79	  0.44	 64.000	 1.00000000	 0.922	  0.000	  0.92	  0.00	  2.4994	 0.6447	 1.08113670		 0.5824	 59.62919866	 41.8779	 78.74123678	 140.85	  0.89	 0.9159	 
m60519c6r6.htb	   0.0	  0.03	 2.000	  0.00	  0.00	 30.00	   1.0	 3.2836	  0.18	 0.0000	  0.77	  0.49	 64.000	 1.00000000	 0.920	  0.000	  0.92	  0.00	  2.1300	 0.7119	 0.73631762		 0.6920	 51.51908563	 33.5127	 39.44399123	 69.71	  1.28	 1.0229	 
m60526c1r6.htb	   0.0	  0.03	 2.000	 -5.00	  0.00	 40.00	   0.0	 3.8806	  0.24	 0.0000	  0.67	  0.67	 64.000	 1.00000000	 0.804	  0.000	  0.80	  0.00	  2.6597	 0.6163	 0.92899419		 0.6285	 55.44974871	 34.0585	 46.71744059	 61.46	  2.47	 0.9151	 
m60526c1r6.htb	   0.0	  0.03	 2.000	 -5.00	  0.00	 40.00	   1.0	 3.8806	  0.30	 0.0000	  0.66	  0.76	 64.000	 1.00000000	 0.748	  0.000	  0.75	  0.00	  1.6747	 0.7953	 0.67679092		 0.7129	 74.27913434	 30.0017	 61.69085372	 45.42	  1.68	 1.1751	 
m60526c2r6.htb	   0.0	  0.03	 2.000	  0.00	  0.00	 40.00	   0.0	 7.4129	  0.17	 0.0000	  0.68	  0.64	 64.000	 1.00000000	 0.801	  0.000	  0.80	  0.00	  3.6194	 0.4599	 2.26308865		 0.3225	 40.61122210	 27.8183	 33.51376795	 105.50	  5.48	 1.1977	 
m60526c2r6.htb	   0.0	  0.03	 2.000	  0.00	  0.00	 40.00	   1.0	 7.4129	  0.12	 0.0000	  0.69	  0.58	 64.000	 1.00000000	 0.818	  0.000	  0.82	  0.00	  0.7750	 0.9418	 0.12492460		 0.9394	 36.46596786	 23.1240	 17.43550816	 60.47	  6.57	 1.3433	 
m60526c3r6.htb	   0.0	  0.03	 2.000	  8.00	  8.00	 40.00	   0.0	 10.2488	  0.21	 0.0000	  0.67	  0.68	 64.000	 1.00000000	 0.770	  0.000	  0.77	  0.00	  1.6413	 0.8014	 0.65261272		 0.7216	 38.53905920	 24.5751	 29.06783786	 87.44	  5.60	 1.2927	 
m60526c3r6.htb	   0.0	  0.03	 2.000	  8.00	  8.00	 40.00	   1.0	 10.2488	  0.10	 0.0000	  0.74	  0.43	 64.000	 1.00000000	 0.841	  0.000	  0.84	  0.00	  1.2083	 0.8767	 1.00245196		 0.6058	 32.41447102	 16.9791	 12.00401961	 38.21	  5.42	 1.6477	 
m60526c4r6.htb	   0.0	  0.03	 2.000	  0.00	 -10.00	 40.00	   0.0	 8.5075	  0.15	 0.0000	  0.63	  0.66	 64.000	 1.00000000	 0.630	  0.000	  0.63	  0.00	  0.7889	 0.9399	 0.66062219		 0.7187	 26.44966031	 19.6263	 13.12493258	 45.66	  4.37	 1.1016	 
m60526c4r6.htb	   0.0	  0.03	 2.000	  0.00	 -10.00	 40.00	   1.0	 8.5075	  0.13	 0.0000	  0.67	  0.66	 64.000	 1.00000000	 0.718	  0.000	  0.72	  0.00	  0.4132	 0.9814	 0.03809028		 0.9811	 25.22998011	 20.8554	 13.19857699	 97.63	  3.53	 1.1162	 
m60526c5r6.htb	  60.0	  0.03	 2.000	 -5.00	 -5.00	 40.00	   0.0	 2.6368	  0.00	 0.0000	  0.52	  0.50	 64.000	 1.00000000	 0.421	  0.000	  0.42	  0.00	  0.3577	 0.9858	 0.35772612		 0.8362	 3.65214925	 20.3683	 0.02362024	 21.73	  1.39	 0.1831	 
m60526c5r6.htb	  60.0	  0.03	 2.000	 -5.00	 -5.00	 40.00	   1.0	 2.6368	  0.00	 0.0000	  0.56	  0.40	 64.000	 1.00000000	 0.359	  0.000	  0.36	  0.00	  1.6012	 0.8086	 1.60121086		 0.4491	 3.27800316	 22.6249	 0.15495296	 23.07	  2.03	 0.1423	 
m60623c1r6.htb	   0.0	  0.03	 2.000	  0.00	  0.00	 40.00	   0.0	 18.9055	  0.00	 0.0001	  0.48	  0.44	 64.000	 1.00000000	 0.317	  0.000	  0.32	  0.00	  0.8152	 0.9364	 0.81556783		 0.6651	 15.01012263	 29.2772	 7.85739211	 29.38	 18.40	 0.2537	 
m60623c1r6.htb	   0.0	  0.03	 2.000	  0.00	  0.00	 40.00	   1.0	 18.9055	  0.04	 0.0005	  0.45	  0.42	 64.000	 1.00000000	 0.282	  0.000	  0.28	  0.00	  0.5595	 0.9675	 0.36971024		 0.8312	 77.00466111	 83.0353	 131.34328358	 183.04	 19.22	 0.2245	 
m60623c2r6.htb	   0.0	  0.03	 2.000	  0.00	  0.00	 40.00	   0.0	 7.0647	  0.00	 0.0000	  0.65	  0.44	 64.000	 1.00000000	 0.633	  0.000	  0.63	  0.00	  1.8265	 0.7676	 1.82649043		 0.4012	 14.46598407	 17.7511	 4.45100507	 17.75	  4.95	 0.5779	 
m60623c2r6.htb	   0.0	  0.03	 2.000	  0.00	  0.00	 40.00	   1.0	 7.0647	  0.00	 0.0000	  0.67	  0.43	 64.000	 1.00000000	 0.712	  0.000	  0.71	  0.00	  0.7125	 0.9498	 0.71254359		 0.7003	 15.34292076	 20.0983	 3.60811574	 20.11	  5.43	 0.5999	 
m60626c1r6.htb	   0.0	  0.03	 2.000	 10.00	 -13.00	 40.00	   0.0	 11.7910	  0.07	 0.0000	  0.70	  0.54	 64.000	 1.00000000	 0.859	  0.000	  0.86	  0.00	  1.8313	 0.7667	 1.52082456		 0.4675	 142.34909976	 16.9091	 116.87801099	 18.90	  6.98	 2.3033	 
m60626c1r6.htb	   0.0	  0.03	 2.000	 10.00	 -13.00	 40.00	   1.0	 11.7910	  0.00	 0.0000	  0.69	  0.54	 64.000	 1.00000000	 0.802	  0.000	  0.80	  0.00	  0.5303	 0.9705	 0.53606594		 0.7649	 28.59891634	 12.3280	 5.59474371	 14.35	  9.62	 1.9546	 
m60626c3r6.htb	   0.0	  0.03	 2.000	  0.00	 -10.00	 40.00	   0.0	 4.0299	  0.21	 0.0000	  0.65	  0.65	 64.000	 1.00000000	 0.646	  0.000	  0.65	  0.00	  0.6436	 0.9581	 0.32702608		 0.8492	 30.12858944	 37.8516	 36.11601172	 119.42	  2.11	 0.5218	 
m60626c3r6.htb	   0.0	  0.03	 2.000	  0.00	 -10.00	 40.00	   1.0	 4.0299	  0.23	 0.0000	  0.62	  0.66	 64.000	 1.00000000	 0.563	  0.000	  0.56	  0.00	  2.8437	 0.5843	 1.29552181		 0.5232	 55.73348125	 52.7018	 80.34825871	 126.67	  3.28	 0.4505	 
m60628c3r6.htb	   0.0	  0.03	 2.000	 10.00	  0.00	 40.00	   0.0	 4.3781	  0.00	 0.0000	  0.68	  0.48	 64.000	 1.00000000	 0.753	  0.000	  0.75	  0.00	  1.5560	 0.8167	 1.55591329		 0.4593	 15.63958105	 27.0488	 3.59009190	 27.27	  3.14	 0.4614	 
m60628c3r6.htb	   0.0	  0.03	 2.000	 10.00	  0.00	 40.00	   1.0	 4.3781	  0.00	 0.0000	  0.73	  0.40	 64.000	 1.00000000	 0.732	  0.000	  0.73	  0.00	  5.4857	 0.2410	 5.48575578		 0.0644	 17.88026104	 23.0515	 6.08667669	 23.10	  3.74	 0.5276	 
m60629c3r6.htb	   0.0	  0.03	 2.000	  8.00	 -12.00	 40.00	   0.0	 9.8507	  0.19	 0.0000	  0.68	  0.57	 64.000	 1.00000000	 0.771	  0.000	  0.77	  0.00	  1.1343	 0.8888	 0.13365455		 0.9354	 54.55852305	 39.0984	 74.13133911	 135.85	  7.50	 0.8993	 
m60629c3r6.htb	   0.0	  0.03	 2.000	  8.00	 -12.00	 40.00	   1.0	 9.8507	  0.03	 0.0000	  0.72	  0.50	 64.000	 1.00000000	 0.856	  0.000	  0.86	  0.00	  0.3228	 0.9883	 0.29255522		 0.8639	 34.73143997	 28.7495	 13.62396771	 48.31	  6.98	 0.9666	 
m60629c4r6.htb	   0.0	  0.03	 2.000	 -8.00	 -10.00	 40.00	   0.0	 2.4876	  0.16	 0.0000	  0.68	  0.61	 64.000	 1.00000000	 0.749	  0.000	  0.75	  0.00	  0.8482	 0.9319	 0.48903144		 0.7831	 26.80802386	 22.8990	 14.16257777	 50.53	  1.91	 0.9288	 
m60629c4r6.htb	   0.0	  0.03	 2.000	 -8.00	 -10.00	 40.00	   1.0	 2.4876	  0.19	 0.0000	  0.71	  0.57	 64.000	 1.00000000	 0.771	  0.000	  0.77	  0.00	  0.7403	 0.9463	 0.16518485		 0.9207	 85.57213930	 19.2327	 72.12293436	 22.74	  0.72	 1.3263	 
m60719c2r6.htb	 170.0	  0.03	 2.000	 10.00	 -10.00	 40.00	   0.0	 4.5274	  0.00	 0.0000	  0.57	  0.54	 64.000	 1.00000000	 0.482	  0.000	  0.48	  0.00	  0.3441	 0.9868	 0.34416687		 0.8419	 8.84084383	 28.2951	 1.89315777	 28.30	  3.29	 0.2539	 
m60719c2r6.htb	 170.0	  0.03	 2.000	 10.00	 -10.00	 40.00	   1.0	 4.5274	  0.00	 0.0000	  0.64	  0.45	 64.000	 1.00000000	 0.614	  0.000	  0.61	  0.00	  0.4969	 0.9738	 0.49691557		 0.7800	 11.01234432	 83.7143	 0.00000000	 85.51	  3.62	 0.1427	 
m60719c3r6.htb	   0.0	  0.03	 2.000	 10.00	  0.00	 40.00	   0.0	 0.1990	 -5.69	 0.0000	  0.50	  0.41	 64.000	 1.00000000	 0.000	    NaN	  0.14	  0.00	  9.7264	 0.0453	 9.72644760		 0.0077	 0.00000000	 5.7127	 5.47263682	  8.49	 -0.11	 -0.0970	 
m60719c3r6.htb	   0.0	  0.03	 2.000	 10.00	  0.00	 40.00	   1.0	 0.1990	 -6.34	 0.0000	  0.49	  0.43	 64.000	 1.00000000	 0.000	    NaN	  0.17	  0.00	 13.6767	 0.0084	 13.67667053		 0.0011	 0.00000000	 6.3808	 6.21890547	  9.44	 -0.12	 -0.1003	 
m60720c1r6.htb	   0.0	  0.03	 2.000	  0.00	  0.00	 40.00	   0.0	 3.4826	  0.00	 0.0000	  0.64	  0.81	 64.000	 1.00000000	 0.771	  0.000	  0.77	  0.00	  0.7533	 0.9446	 0.66041867		 0.7188	 75.69709766	 75.8509	 98.00995025	 170.47	  1.49	 0.4513	 
m60720c1r6.htb	   0.0	  0.03	 2.000	  0.00	  0.00	 40.00	   1.0	 3.4826	  0.04	 0.0000	  0.69	  0.81	 64.000	 1.00000000	 0.772	  0.000	  0.77	  0.00	  1.3452	 0.8537	 1.17393403		 0.5560	 77.03894555	 61.9461	 100.74626866	 146.09	  1.13	 0.5901	 
m60720c1r6.htb	   0.0	  0.03	 2.000	  0.00	  0.00	 40.00	   0.0	 3.4826	  0.00	 0.0000	  0.64	  0.81	 64.000	 1.00000000	 0.771	  0.000	  0.77	  0.00	  0.7533	 0.9446	 0.66053646		 0.7187	 74.42869913	 75.6391	 98.00995025	 174.70	  1.49	 0.4512	 
m60720c1r6.htb	   0.0	  0.03	 2.000	  0.00	  0.00	 40.00	   1.0	 3.4826	  0.04	 0.0000	  0.69	  0.81	 64.000	 1.00000000	 0.772	  0.000	  0.77	  0.00	  1.3452	 0.8537	 1.17807199		 0.5549	 65.78870658	 58.9570	 89.15154553	 158.96	  1.13	 0.5906	 
m60720c1r6.htb	   0.0	  0.03	 2.000	  0.00	  0.00	 40.00	   0.0	 3.4826	  0.00	 0.0000	  0.64	  0.81	 64.000	 1.00000000	 0.771	  0.000	  0.77	  0.00	  0.7533	 0.9446	 0.66053843		 0.7187	 74.54957748	 75.6639	 98.00995025	 174.30	  1.49	 0.4512	 
m60720c1r6.htb	   0.0	  0.03	 2.000	  0.00	  0.00	 40.00	   1.0	 3.4826	  0.04	 0.0000	  0.69	  0.81	 64.000	 1.00000000	 0.772	  0.000	  0.77	  0.00	  1.3452	 0.8537	 1.17385728		 0.5560	 76.95796610	 61.9320	 100.74626866	 146.31	  1.13	 0.5901	 
m60720c2r6.htb	   0.0	  0.03	 2.000	  5.00	 -10.00	 40.00	   0.0	 1.7413	  0.13	 0.0000	  0.78	  0.62	 64.000	 1.00000000	 0.910	  0.000	  0.91	  0.00	  2.7564	 0.5994	 2.29315915		 0.3177	 110.22329294	 52.4537	 137.81094527	 125.49	 -0.53	 1.0663	 
m60720c2r6.htb	   0.0	  0.03	 2.000	  5.00	 -10.00	 40.00	   1.0	 1.7413	  0.11	 0.0000	  0.77	  0.63	 64.000	 1.00000000	 0.943	  0.000	  0.94	  0.00	  3.5106	 0.4763	 1.53883618		 0.4633	 117.31914499	 54.1181	 148.75621891	 129.12	 -0.47	 1.0802	 
m60720c3r6.htb	   0.0	  0.03	 2.000	 -8.00	 -10.00	 40.00	   0.0	 4.3284	  0.05	 0.0000	  0.68	  0.60	 64.000	 1.00000000	 0.836	  0.000	  0.84	  0.00	  0.6558	 0.9567	 0.60253419		 0.7399	 85.32338308	 31.7357	 69.94764903	 35.28	  1.22	 0.7382	 
m60720c3r6.htb	   0.0	  0.03	 2.000	 -8.00	 -10.00	 40.00	   1.0	 4.3284	  0.00	 0.0000	  0.70	  0.58	 64.000	 1.00000000	 0.809	  0.000	  0.81	  0.00	  0.7732	 0.9420	 0.77309181		 0.6794	 15.06702023	 20.5326	 0.08446726	 22.36	  1.75	 0.7503	 
m60721c4r6.htb	  90.0	  0.03	 2.000	 -10.00	  0.00	 40.00	   0.0	 0.8458	  0.00	 0.0000	  0.75	  0.65	 64.000	 1.00000000	 0.886	  0.000	  0.89	  0.00	  0.3005	 0.9898	 0.30046921		 0.8605	 26.78499966	 62.3078	 0.63542030	 68.00	 -0.04	 0.4482	 
m60721c4r6.htb	  90.0	  0.03	 2.000	 -10.00	  0.00	 40.00	   1.0	 0.8458	  0.00	 0.0000	  0.77	  0.56	 64.000	 1.00000000	 0.884	  0.000	  0.88	  0.00	  1.4576	 0.8341	 1.45699710		 0.4826	 25.67131714	 47.7643	 3.58862309	 54.34	 -0.05	 0.4948	 
m60721c5r6.htb	  90.0	  0.03	 2.000	  0.00	 -8.00	 40.00	   0.0	 1.1940	  0.00	 0.0000	  0.82	  0.49	 64.000	 1.00000000	 0.930	  0.000	  0.93	  0.00	  7.8954	 0.0955	 7.67675253		 0.0215	 135.82089552	 88.0475	 132.66563764	 134.83	 -0.47	 0.5975	 
m60721c5r6.htb	  90.0	  0.03	 2.000	  0.00	 -8.00	 40.00	   1.0	 1.1940	  0.01	 0.0000	  0.81	  0.51	 64.000	 1.00000000	 0.935	  0.000	  0.93	  0.00	  6.3614	 0.1737	 3.71623208		 0.1560	 110.19335479	 68.8170	 141.04477612	 160.17	 -0.55	 0.7680	 
m60801c1r6.htb	   0.0	  0.03	 2.000	 -10.00	  5.00	 40.00	   0.0	 1.0448	  0.00	 0.0000	  0.57	  0.59	 64.000	 1.00000000	 0.478	  0.000	  0.48	  0.00	  0.5164	 0.9719	 0.51649311		 0.7724	 9.85451230	 100.0000	 3.03965695	 100.00	  0.67	 0.0746	 
m60801c1r6.htb	   0.0	  0.03	 2.000	 -10.00	  5.00	 40.00	   1.0	 1.0448	  0.00	 0.0000	  0.61	  0.55	 64.000	 1.00000000	 0.655	  0.000	  0.66	  0.00	  0.0849	 0.9991	 0.08486536		 0.9585	 7.44668224	 52.3755	 1.05201596	 52.55	  0.43	 0.1289	 
m60803c2r6.htb	   0.0	  0.03	 2.000	 -8.00	  0.00	 40.00	   0.0	 1.5423	  0.00	 0.0000	  0.72	  0.60	 64.000	 1.00000000	 0.874	  0.000	  0.87	  0.00	  0.3134	 0.9889	 0.31333347		 0.8550	 18.05681776	 35.3992	 0.15605935	 36.81	  0.39	 0.5254	 
m60803c2r6.htb	   0.0	  0.03	 2.000	 -8.00	  0.00	 40.00	   1.0	 1.5423	  0.00	 0.0000	  0.74	  0.51	 64.000	 1.00000000	 0.866	  0.000	  0.87	  0.00	  0.7940	 0.9392	 0.79394917		 0.6724	 17.81178289	 35.3812	 0.00000000	 35.40	  1.10	 0.5230	 
m60804c1r6.htb	  60.0	  0.03	 2.000	  5.00	 -10.00	 40.00	   0.0	 1.5920	  0.00	 0.0000	  0.72	  0.70	 64.000	 1.00000000	 0.874	  0.000	  0.87	  0.00	  3.0644	 0.5471	 3.05989534		 0.2165	 25.41748634	 53.4776	 1.69918946	 59.72	  0.03	 0.4719	 
m60804c1r6.htb	  60.0	  0.03	 2.000	  5.00	 -10.00	 40.00	   1.0	 1.5920	  0.02	 0.0000	  0.76	  0.69	 64.000	 1.00000000	 0.909	  0.000	  0.91	  0.00	  2.1699	 0.7045	 1.42524571		 0.4904	 85.20728020	 64.3406	 107.21393035	 151.09	 -1.26	 0.6547	 
m60815c3r6.htb	   0.0	  0.03	 2.000	  5.00	 -20.00	 40.00	   0.0	 14.5771	  0.00	 0.0001	  0.51	  0.60	 64.000	 1.00000000	 0.337	  0.000	  0.34	  0.00	  0.2796	 0.9911	 0.27966703		 0.8695	 13.76910896	 100.0000	 0.00000000	 121.52	 10.78	 0.1508	 
m60815c3r6.htb	   0.0	  0.03	 2.000	  5.00	 -20.00	 40.00	   1.0	 14.5771	  0.00	 0.0000	  0.54	  0.49	 64.000	 1.00000000	 0.427	  0.000	  0.43	  0.00	  0.2321	 0.9938	 0.23206239		 0.8904	 9.34483618	 32.3542	 0.69322399	 32.36	 10.53	 0.2772	 
m60816c1r6.htb	   0.0	  0.03	 2.000	  0.00	 -10.00	 40.00	   0.0	 5.3731	  0.01	 0.0000	  0.58	  1.04	 64.000	 1.00000000	 0.695	  0.000	  0.69	  0.00	  0.2947	 0.9902	 0.21180424		 0.8995	 77.18342650	 70.5867	 100.99502488	 161.30	  1.48	 0.4983	 
m60816c1r6.htb	   0.0	  0.03	 2.000	  0.00	 -10.00	 40.00	   1.0	 5.3731	  0.00	 0.0000	  0.65	  0.93	 64.000	 1.00000000	 0.795	  0.000	  0.79	  0.00	  0.6668	 0.9554	 0.66618799		 0.7167	 26.24957147	 47.5234	 1.33585502	 53.26	  1.68	 0.5535	 
m60816c2r6.htb	   0.0	  0.03	 2.000	  0.00	  0.00	 40.00	   0.0	 7.8607	  0.00	 0.0000	  0.69	  0.62	 64.000	 1.00000000	 0.846	  0.000	  0.85	  0.00	  0.3561	 0.9859	 0.35392534		 0.8378	 24.84955761	 26.1525	 2.72775873	 30.49	  4.26	 0.8890	 
m60816c2r6.htb	   0.0	  0.03	 2.000	  0.00	  0.00	 40.00	   1.0	 7.8607	  0.03	 0.0000	  0.71	  0.51	 64.000	 1.00000000	 0.860	  0.000	  0.86	  0.00	  0.4227	 0.9806	 0.37836646		 0.8276	 41.06911765	 30.5311	 20.40504334	 45.41	  5.53	 0.9365	 
m60816c2r6.htb	   0.0	  0.03	 2.000	  0.00	  0.00	 40.00	   0.0	 7.8607	  0.00	 0.0000	  0.69	  0.62	 64.000	 1.00000000	 0.846	  0.000	  0.85	  0.00	  0.3561	 0.9859	 0.35405262		 0.8378	 24.64535122	 26.1245	 2.52224080	 30.54	  4.26	 0.8891	 
m60816c2r6.htb	   0.0	  0.03	 2.000	  0.00	  0.00	 40.00	   1.0	 7.8607	  0.03	 0.0000	  0.71	  0.51	 64.000	 1.00000000	 0.860	  0.000	  0.86	  0.00	  0.4227	 0.9806	 0.37847258		 0.8276	 39.96775781	 30.3958	 19.32920882	 46.12	  5.53	 0.9365	 
m60816c3r6.htb	   0.0	  0.03	 2.000	 -10.00	 -10.00	 40.00	   0.0	 10.5473	  0.00	 0.0000	  0.52	  0.56	 64.000	 1.00000000	 0.367	  0.000	  0.37	  0.00	  0.4696	 0.9764	 0.46964722		 0.7907	 12.67964157	 100.0000	 0.00000000	 126.55	  8.67	 0.1389	 
m60816c3r6.htb	   0.0	  0.03	 2.000	 -10.00	 -10.00	 40.00	   1.0	 10.5473	  0.00	 0.0000	  0.52	  0.49	 64.000	 1.00000000	 0.405	  0.000	  0.40	  0.00	  0.1101	 0.9985	 0.11013960		 0.9464	 9.44786418	 69.1253	 0.14494876	 69.60	  8.36	 0.1444	 
m60818c1r5.htb	 150.0	  0.03	 2.000	 -10.00	 -10.00	 40.00	   0.0	 0.9950	  0.00	 0.0000	  0.62	  0.48	 64.000	 1.00000000	 0.616	  0.000	  0.62	  0.00	  0.4015	 0.9824	 0.40145072		 0.8181	 5.56520519	 26.1973	 1.12315653	 26.38	  0.36	 0.1754	 
m60818c1r5.htb	 150.0	  0.03	 2.000	 -10.00	 -10.00	 40.00	   1.0	 0.9950	  0.00	 0.0000	  0.69	  0.38	 64.000	 1.00000000	 0.707	  0.000	  0.71	  0.00	  1.9854	 0.7385	 1.98551184		 0.3706	 6.41740652	 28.7764	 1.48602205	 28.98	  0.39	 0.1776	 
m60818c1r6.htb	   0.0	  0.03	 2.000	 -10.00	 -10.00	 40.00	   0.0	 1.0448	  0.00	 0.0000	  0.52	  0.43	 64.000	 1.00000000	 0.479	  0.000	  0.48	  0.00	  0.9380	 0.9190	 0.93803072		 0.6256	 4.58805957	 29.1771	 2.16829887	 29.18	  0.52	 0.0858	 
m60818c1r6.htb	   0.0	  0.03	 2.000	 -10.00	 -10.00	 40.00	   1.0	 1.0448	  0.00	 0.0000	  0.56	  0.44	 64.000	 1.00000000	 0.594	  0.000	  0.59	  0.00	  0.9737	 0.9138	 0.97357571		 0.6146	 4.90121451	 26.2779	 1.36183835	 26.28	  0.55	 0.1391	 
m60818c2r6.htb	   0.0	  0.03	 2.000	 10.00	 10.00	 40.00	   0.0	 24.5274	  0.00	 0.0001	  0.50	  0.65	 64.000	 1.00000000	 0.338	  0.000	  0.34	  0.00	  0.8106	 0.9370	 0.81067739		 0.6668	 22.36383096	 54.9752	 8.22308208	 55.98	 20.04	 0.2748	 
m60818c2r6.htb	   0.0	  0.03	 2.000	 10.00	 10.00	 40.00	   1.0	 24.5274	  0.00	 0.0000	  0.55	  0.52	 64.000	 1.00000000	 0.471	  0.000	  0.47	  0.00	  0.3133	 0.9889	 0.31328331		 0.8550	 23.63199067	 29.6683	 10.18477073	 29.67	 20.42	 0.4691	 
m60818c3r6.htb	   0.0	  0.03	 2.000	 -10.00	  0.00	 40.00	   0.0	 3.9303	  0.00	 0.0000	  0.58	  0.55	 64.000	 1.00000000	 0.504	  0.000	  0.50	  0.00	  0.6616	 0.9560	 0.66155234		 0.7184	 8.37846781	 100.0000	 0.00000000	 100.25	  1.97	 0.0918	 
m60818c3r6.htb	   0.0	  0.03	 2.000	 -10.00	  0.00	 40.00	   1.0	 3.9303	  0.00	 0.0000	  0.65	  0.48	 64.000	 1.00000000	 0.615	  0.000	  0.61	  0.00	  0.8316	 0.9342	 0.83159587		 0.6598	 11.38514035	 100.0000	 0.00000000	 105.08	  1.77	 0.1247	 
m60821c4r6.htb	   0.0	  0.03	 2.000	  5.00	 -15.00	 40.00	   0.0	 4.4776	  0.04	 0.0000	  0.71	  0.62	 64.000	 1.00000000	 0.844	  0.000	  0.84	  0.00	  0.2669	 0.9918	 0.21837619		 0.8966	 33.54727914	 20.4330	 10.35837534	 36.38	  2.37	 1.4057	 
m60821c4r6.htb	   0.0	  0.03	 2.000	  5.00	 -15.00	 40.00	   1.0	 4.4776	  0.00	 0.0000	  0.71	  0.67	 64.000	 1.00000000	 0.841	  0.000	  0.84	  0.00	  0.1160	 0.9984	 0.11607502		 0.9436	 24.91133688	 20.0233	 0.34942708	 23.03	  3.70	 1.2625	 
m60821c5r6.htb	   0.0	  0.03	 2.000	  5.00	  5.00	 40.00	   0.0	 6.7786	  0.00	 0.0000	  0.66	  0.66	 64.000	 1.00000000	 0.737	  0.000	  0.74	  0.00	  1.2809	 0.8646	 1.27972100		 0.5274	 23.21640281	 32.1976	 2.30157694	 33.77	  6.60	 0.6767	 
m60821c5r6.htb	   0.0	  0.03	 2.000	  5.00	  5.00	 40.00	   1.0	 6.7786	  0.15	 0.0000	  0.71	  0.56	 64.000	 1.00000000	 0.776	  0.000	  0.78	  0.00	  1.7403	 0.7834	 0.98985316		 0.6096	 101.34043162	 54.9860	 141.43567875	 131.02	  6.35	 0.8129	 
m60824c4r6.htb	   0.0	  0.03	 2.000	  0.00	 -10.00	 40.00	   0.0	 9.5357	  0.14	 0.0000	  0.67	  0.87	 64.000	 1.00000000	 0.687	  0.000	  0.69	  0.00	  1.8468	 0.7639	 0.81200559		 0.6663	 37.00225087	 23.7412	 26.36632961	 123.74	  4.61	 1.4032	 
m60824c4r6.htb	   0.0	  0.03	 2.000	  0.00	 -10.00	 40.00	   1.0	 9.5357	  0.11	 0.0000	  0.63	  0.92	 64.000	 1.00000000	 0.765	  0.000	  0.76	  0.00	  1.6966	 0.7913	 1.31581559		 0.5179	 122.58322965	 56.4994	 165.42288557	 133.39	  6.45	 0.9895	 
m60825c1r6.htb	 180.0	  0.03	 2.000	  0.00	  0.00	 40.00	   0.0	 3.9303	  0.00	 0.0000	  0.60	  0.42	 64.000	 1.00000000	 0.560	  0.000	  0.56	  0.00	  1.6204	 0.8051	 1.62051333		 0.4447	 10.54922806	 71.6325	 1.44183893	 73.61	  4.64	 0.1372	 
m60825c1r6.htb	 180.0	  0.03	 2.000	  0.00	  0.00	 40.00	   1.0	 3.9303	  0.00	 0.0000	  0.64	  0.42	 64.000	 1.00000000	 0.636	  0.000	  0.64	  0.00	  1.1554	 0.8854	 1.15538726		 0.5612	 13.16410869	 100.0000	 0.00000000	 102.96	  4.08	 0.1442	 
