FILE			 PrfOR	 PrfSF	 PrfTF	 RFXctr	 RFYctr	 RFDiam	 GrType	 Spont	 SI		 AnovaP	 SDI		 VarTerm	 MaxX 	 MinX 	 RsqMn	 PMean	 RsqRaw	 Praw		 ErfChi2	 ErfChiP	 DiffErfChi2	 DiffErfChiP	 Ke		 a		 Ki			 b+a		 DC_off	 Halfmax_slope
m70108c1r6.htb	   0.0	  0.03	 2.000	 20.00	 -15.00	 40.00	   0.0	 7.5124	  0.01	 0.0000	  0.65	  0.50	 64.000	 1.00000000	 0.663	  0.000	  0.66	  0.00	  1.2623	 0.8677	 1.17601497		 0.5554	 61.64641217	 74.2599	 88.30845771	 171.57	  5.21	 0.3368	 
m70110c1r6.htb	   0.0	  0.03	 2.000	 -10.00	 -5.00	 40.00	   0.0	 2.3383	  0.07	 0.2909	  0.29	  0.82	 64.000	 1.00000000	 0.017	  0.129	  0.02	  0.13	  0.3120	 0.9890	 0.49505281		 0.7807	 18.03482587	 1.8045	 15.49138736	  1.94	 -0.36	 1.1188	 
m70110c2r6.htb	   0.0	  0.03	 2.000	 10.00	 -15.00	 40.00	   0.0	 1.1940	  0.00	 0.0097	  0.45	  0.71	 64.000	 1.00000000	 0.174	  0.000	  0.17	  0.00	  0.3544	 0.9860	 0.35438508		 0.8376	 2.79603219	 30.9760	 0.15752940	 31.77	  0.59	 0.0884	 
m70110c3r6.htb	  90.0	  0.03	 2.000	 10.00	 -15.00	 40.00	   0.0	 2.7363	  0.00	 0.0000	  0.52	  0.82	 64.000	 1.00000000	 0.312	  0.000	  0.31	  0.00	  6.0121	 0.1982	 6.01208022		 0.0495	 9.55243377	 56.3731	 1.68913454	 56.48	  1.75	 0.1478	 
m70111c1r6.htb	  90.0	  0.03	 2.000	  0.00	  0.00	 50.00	   0.0	 3.1716	  0.00	 0.0800	  0.27	  0.65	 64.000	 1.00000000	 0.088	  0.001	  0.09	  0.00	  0.0613	 0.9995	 0.06126806		 0.9698	 8.66675768	 41.6949	 6.86665864	 41.81	  2.11	 0.0455	 
m70112c1r6.htb	 120.0	  0.03	 2.000	  0.00	  0.00	 50.00	   0.0	 3.7811	  0.00	 0.0029	  0.49	  0.53	 64.000	 1.00000000	 0.235	  0.000	  0.24	  0.00	  0.2404	 0.9933	 0.24042749		 0.8867	 3.88939669	 57.4307	 0.00000000	 58.93	  2.92	 0.0718	 
m70116c1r6.htb	   0.0	  0.03	 2.000	  0.00	  0.00	 40.00	   0.0	 4.5522	  0.00	 0.0001	  0.40	  1.26	 64.000	 1.00000000	 0.123	  0.000	  0.12	  0.00	  0.6552	 0.9567	 0.65518973		 0.7207	 17.10018833	 37.4861	 11.69388570	 37.50	  1.43	 0.1502	 
m70117c1r6.htb	 150.0	  0.03	 2.000	 15.00	 -5.00	 40.00	   0.0	 4.1791	  0.00	 0.0000	  0.45	  0.65	 64.000	 1.00000000	 0.163	  0.000	  0.16	  0.00	  0.5032	 0.9732	 0.50316486		 0.7776	 5.20127065	 100.0000	 0.00000000	 100.13	  2.86	 0.0570	 
m70117c2r6.htb	  30.0	  0.03	 2.000	 20.00	 -10.00	 50.00	   0.0	 6.1194	  0.00	 0.0032	  0.47	  0.57	 64.000	 1.00000000	 0.212	  0.000	  0.21	  0.00	  0.6753	 0.9543	 0.67525495		 0.7135	 13.01469985	 100.0000	 6.19324470	 100.00	  5.41	 0.0747	 
m70117c3r6.htb	  60.0	  0.03	 2.000	 20.00	 -20.00	 50.00	   0.0	 16.9537	  0.01	 0.3377	  0.31	  0.47	 64.000	 1.00000000	 0.048	  0.043	  0.05	  0.04	  0.2801	 0.9911	 0.27928322		 0.8697	 12.64670559	 15.9655	 10.06166574	 17.60	 19.28	 0.2267	 
m70118c1r6.htb	  90.0	  0.05	 2.000	  0.00	  0.00	 40.00	   0.0	 0.4975	  0.00	 0.0069	  0.43	  0.96	 64.000	 1.00000000	 0.212	  0.000	  0.21	  0.00	  0.2072	 0.9950	 0.20723764		 0.9016	 6.02398338	 21.7844	 2.29076819	 21.82	  0.15	 0.1765	 
m70118c2r6.htb	   0.0	  0.05	 4.000	  0.00	  0.00	 60.00	   0.0	 3.3085	  0.00	 0.5258	  0.19	  0.65	 64.000	 1.00000000	 0.010	  0.229	  0.01	  0.23	  0.1858	 0.9959	 0.11245487		 0.9453	 0.92924925	 100.0000	 0.00000000	 106.14	  2.98	 0.0102	 
m70122c1r6.htb	  90.0	  0.03	 4.000	  0.00	  0.00	 100.00	   0.0	 3.2338	  0.17	 0.2354	  0.32	  0.51	 64.000	 1.00000000	 0.016	  0.302	  0.02	  0.30	  0.7898	 0.9398	 0.75243535		 0.6865	 30.09950249	 3.9463	 29.51225222	  4.24	  3.80	 -0.0188	 
m70123c1r6.htb	   0.0	  0.03	 4.000	  0.00	  0.00	 120.00	   0.0	 0.5473	 -6.87	 0.0000	  0.51	  0.49	 64.000	 1.00000000	 0.000	    NaN	  0.12	  0.00	 27.4479	 0.0000	 27.44790386		 0.0000	 0.00000000	 7.4892	 10.19900498	 10.27	 -0.20	 -0.1528	 
m70123c2r6.htb	 180.0	  0.03	 4.000	 10.00	 -20.00	 100.00	   0.0	 7.6119	  0.00	 0.0545	  0.42	  0.88	 64.000	 1.00000000	 0.156	  0.001	  0.16	  0.00	  0.2283	 0.9940	 0.22833930		 0.8921	 8.49184895	 26.3816	 2.20265925	 26.48	  5.00	 0.2465	 
m70123c3r6.htb	 150.0	  0.03	 2.000	  0.00	  0.00	 120.00	   0.0	 16.4179	  0.29	 0.0814	  0.33	  0.74	 64.000	 1.00000000	 0.111	  0.001	  0.11	  0.00	  0.9875	 0.9117	 0.01745958		 0.9913	 87.59772566	 2.0661	 73.66285480	  2.56	 -1.75	 8.1690	 
m70124c1r6.htb	   0.0	  0.03	 2.000	  0.00	  0.00	 60.00	   0.0	 2.1393	  0.00	 0.0002	  0.49	  0.73	 64.000	 1.00000000	 0.209	  0.000	  0.21	  0.00	  1.4421	 0.8368	 1.44203415		 0.4863	 4.53754848	 40.5334	 0.55673175	 42.15	  1.31	 0.1030	 
m70124c2r6.htb	 240.0	  0.03	 2.000	 10.00	 -20.00	 80.00	   0.0	 3.9303	  0.00	 0.0000	  0.52	  0.44	 64.000	 1.00000000	 0.363	  0.000	  0.36	  0.00	  0.7252	 0.9482	 0.72514226		 0.6959	 10.21348778	 80.6531	 4.64704938	 82.90	  3.02	 0.0763	 
m70124c3r6.htb	 180.0	  0.03	 2.000	 15.00	 -20.00	 60.00	   0.0	 5.7463	  0.00	 0.0000	  0.43	  0.46	 64.000	 1.00000000	 0.176	  0.000	  0.18	  0.00	  0.4080	 0.9818	 0.40797481		 0.8155	 8.75574414	 25.9890	 5.75270206	 25.99	  5.70	 0.1193	 
m70124c4r6.htb	 180.0	  0.03	 2.000	 10.00	 -20.00	 60.00	   0.0	 6.6169	  0.00	 0.0000	  0.54	  0.50	 64.000	 1.00000000	 0.454	  0.000	  0.45	  0.00	  0.5052	 0.9730	 0.50524871		 0.7768	 8.59746042	 27.6419	 1.42205318	 27.98	  5.62	 0.2690	 
m70125c1r6.htb	 270.0	  0.03	 2.000	  0.00	  0.00	 60.00	   0.0	 0.2488	  0.00	 0.0000	  0.59	  0.47	 64.000	 1.00000000	 0.453	  0.000	  0.46	  0.00	  0.7790	 0.9412	 0.77907883		 0.6774	 3.65087241	 33.8935	 1.47775871	 34.10	 -0.21	 0.0668	 
m70125c2r6.htb	 180.0	  0.03	 2.000	  0.00	  0.00	 120.00	   0.0	 3.6816	  0.00	 0.0005	  0.49	  0.68	 64.000	 1.00000000	 0.278	  0.000	  0.28	  0.00	  0.6432	 0.9581	 0.64307915		 0.7250	 7.06217254	 25.2343	 2.19512953	 25.54	  2.80	 0.2001	 
m70125c3r6.htb	 180.0	  0.03	 2.000	  0.00	 -5.00	 100.00	   0.0	 5.3234	  0.00	 0.0064	  0.47	  0.66	 64.000	 1.00000000	 0.203	  0.000	  0.20	  0.00	  0.3144	 0.9889	 0.31437292		 0.8545	 8.39664101	 17.1078	 3.48929109	 17.11	  4.06	 0.2936	 
m70125c4r6.htb	 180.0	  0.03	 2.000	  0.00	  0.00	 100.00	   0.0	 20.9950	  0.11	 0.0000	  0.52	  0.53	 64.000	 1.00000000	 0.413	  0.000	  0.41	  0.00	  0.5834	 0.9649	 0.07902712		 0.9613	 85.42662767	 65.9096	 150.00000000	 165.91	 18.15	 0.4186	 
m70126c1r6.htb	 150.0	  0.03	 2.000	  0.00	  0.00	 60.00	   0.0	 2.8358	  0.00	 0.0000	  0.59	  0.50	 64.000	 1.00000000	 0.538	  0.000	  0.54	  0.00	  1.6348	 0.8025	 1.63477066		 0.4416	 5.73169501	 24.1761	 0.75925209	 24.18	  1.16	 0.2121	 
m70126c2r6.htb	   0.0	  0.03	 2.000	 20.00	 -10.00	 60.00	   0.0	 13.1343	  0.00	 0.0000	  0.62	  0.46	 64.000	 1.00000000	 0.675	  0.000	  0.67	  0.00	  0.2096	 0.9949	 0.20853259		 0.9010	 16.62375205	 29.9717	 3.57710002	 32.23	 10.39	 0.4592	 
m70126c3r6.htb	   0.0	  0.03	 2.000	 10.00	 -15.00	 60.00	   0.0	 10.1990	  0.00	 0.0001	  0.48	  0.34	 64.000	 1.00000000	 0.333	  0.000	  0.33	  0.00	  0.1346	 0.9978	 0.13458387		 0.9349	 7.14036363	 17.9018	 2.99307412	 17.90	  9.15	 0.2374	 
m70126c4r6.htb	   0.0	  0.03	 4.000	 10.00	 -10.00	 60.00	   0.0	 3.7313	  0.00	 0.0000	  0.60	  0.44	 64.000	 1.00000000	 0.611	  0.000	  0.61	  0.00	  0.5255	 0.9710	 0.52537702		 0.7690	 7.60969510	 34.8683	 1.46696587	 34.99	  2.78	 0.1831	 
m70126c5r6.htb	   0.0	  0.03	 4.000	 10.00	 -10.00	 60.00	   0.0	 0.5970	  0.00	 0.0000	  0.57	  0.60	 64.000	 1.00000000	 0.587	  0.000	  0.59	  0.00	  0.3715	 0.9847	 0.37153751		 0.8305	 8.02302213	 43.5903	 1.96133029	 43.63	  0.50	 0.1455	 
m70129c1r6.htb	 150.0	  0.03	 2.000	  0.00	 -10.00	 60.00	   0.0	 4.5274	  0.00	 0.0000	  0.53	  0.60	 64.000	 1.00000000	 0.420	  0.000	  0.42	  0.00	  0.5402	 0.9695	 0.54014679		 0.7633	 7.72090707	 30.9513	 2.22300759	 31.16	  2.41	 0.1845	 
m70131c1r6.htb	   0.0	  0.03	 2.000	 10.00	 -10.00	 50.00	   0.0	 4.2786	  0.00	 0.0034	  0.40	  1.09	 64.000	 1.00000000	 0.250	  0.000	  0.25	  0.00	  0.0603	 0.9996	 0.06027960		 0.9703	 11.14417131	 35.4278	 2.90907043	 36.13	  3.32	 0.2431	 
m70131c2r6.htb	 360.0	  0.03	 2.000	 15.00	 -10.00	 60.00	   0.0	 5.8706	  0.00	 0.0063	  0.41	  0.50	 64.000	 1.00000000	 0.224	  0.000	  0.22	  0.00	  0.1802	 0.9962	 0.18015089		 0.9139	 8.47987984	 45.0583	 4.21658834	 46.03	  6.67	 0.1011	 
m70131c2r6.htb	 360.0	  0.03	 2.000	 15.00	 -10.00	 60.00	   0.0	 5.8706	  0.00	 0.0063	  0.41	  0.50	 64.000	 1.00000000	 0.224	  0.000	  0.22	  0.00	  0.1802	 0.9962	 0.18013588		 0.9139	 9.13057931	 45.3212	 4.86905380	 46.43	  6.67	 0.1011	 
m70201c1r6.htb	 180.0	  0.03	 2.000	  0.00	  0.00	 80.00	   0.0	 2.7114	  0.00	 0.1066	  0.31	  0.50	 64.000	 1.00000000	 0.050	  0.008	  0.05	  0.01	  0.2921	 0.9903	 0.29206009		 0.8641	 1.54539343	 100.0000	 0.00000000	 104.87	  2.42	 0.0169	 
m70201c2r6.htb	 360.0	  0.03	 2.000	 10.00	 -15.00	 50.00	   0.0	 14.6766	  0.00	 0.0010	  0.43	  0.59	 64.000	 1.00000000	 0.253	  0.000	  0.25	  0.00	  0.2876	 0.9906	 0.28754904		 0.8661	 9.12268635	 40.8292	 1.30116098	 40.99	 13.65	 0.2000	 
m70201c3r6.htb	 320.0	  0.03	 2.000	 10.00	 -20.00	 60.00	   0.0	 1.3433	  0.00	 0.4731	  0.28	  0.53	 64.000	 1.00000000	 0.068	  0.030	  0.07	  0.03	  0.0914	 0.9990	 0.09138956		 0.9553	 1.27905671	 31.6853	 0.64746800	 31.69	  0.54	 0.0207	 
m70202c1r6.htb	   0.0	  0.03	 2.000	  0.00	 -15.00	 60.00	   0.0	 1.5672	  0.00	 0.0000	  0.49	  0.59	 64.000	 1.00000000	 0.341	  0.000	  0.34	  0.00	  0.3871	 0.9835	 0.38712708		 0.8240	 10.74289068	 33.9568	 7.10965358	 33.99	  0.80	 0.1112	 
m70202c2r6.htb	   0.0	  0.03	 2.000	 20.00	 -20.00	 60.00	   0.0	 7.0149	  0.15	 0.0000	  0.68	  0.68	 64.000	 1.00000000	 0.746	  0.000	  0.75	  0.00	  3.8996	 0.4198	 3.38747005		 0.1838	 102.31016093	 51.6133	 154.53994994	 150.04	  5.60	 1.0128	 
m70202c3r6.htb	   0.0	  0.03	 2.000	 10.00	 -10.00	 60.00	   0.0	 7.9602	  0.15	 0.0000	  0.56	  0.38	 64.000	 1.00000000	 0.389	  0.000	  0.39	  0.00	  1.0269	 0.9057	 0.63204063		 0.7290	 34.89677694	 60.2231	 61.94029851	 160.22	  6.99	 0.2058	 
m70202c4r6.htb	  60.0	  0.03	 2.000	 20.00	 -25.00	 50.00	   0.0	 4.9254	  0.10	 0.0000	  0.77	  0.53	 64.000	 1.00000000	 0.868	  0.000	  0.87	  0.00	  1.5187	 0.8233	 1.31585304		 0.5179	 42.87024642	 29.7066	 24.93706308	 94.12	  1.02	 1.2344	 
m70202c5r6.htb	   0.0	  0.03	 2.000	 20.00	 -20.00	 60.00	   0.0	 8.7562	  0.00	 0.2688	  0.29	  2.49	 64.000	 1.00000000	 0.222	  0.004	  0.22	  0.00	  0.0471	 0.9997	 0.04714887		 0.9767	 15.65729673	 31.1648	 3.32799622	 31.28	  3.42	 0.4102	 
m70205c1r6.htb	   0.0	  0.03	 2.000	 10.00	 -10.00	 60.00	   0.0	 9.2537	  0.16	 0.0000	  0.56	  0.57	 64.000	 1.00000000	 0.537	  0.000	  0.54	  0.00	  0.7037	 0.9509	 0.03307628		 0.9836	 59.99177323	 56.7497	 100.99502488	 155.40	  8.59	 0.4340	 
m70205c2r6.htb	  90.0	  0.03	 2.000	  0.00	  0.00	 60.00	   0.0	 4.2786	  0.00	 0.0928	  0.32	  0.44	 64.000	 1.00000000	 0.153	  0.001	  0.15	  0.00	  0.0035	 1.0000	 0.00350720		 0.9982	 2.01739343	 20.3166	 0.02035965	 22.83	  3.80	 0.1011	 
m70205c3r6.htb	 180.0	  0.03	 2.000	 -5.00	 -10.00	 60.00	   0.0	 2.9353	  0.13	 0.0221	  0.41	  0.41	 64.000	 1.00000000	 0.194	  0.000	  0.19	  0.00	  0.3044	 0.9895	 0.20546985		 0.9024	 20.62077745	 66.8319	 32.33830846	 142.81	  3.81	 0.0877	 
m70207c1r6.htb	 360.0	  0.03	 2.000	 -10.00	 -10.00	 100.00	   0.0	 8.5075	  0.01	 0.0000	  0.52	  0.37	 64.000	 1.00000000	 0.285	  0.000	  0.29	  0.00	  1.4225	 0.8403	 1.29229862		 0.5241	 21.09199456	 77.7589	 31.05495096	 177.76	  7.21	 0.1031	 
m70207c2r6.htb	 300.0	  0.03	 2.000	  0.00	 -20.00	 60.00	   0.0	 6.9652	  0.01	 0.0843	  0.37	  0.58	 64.000	 1.00000000	 0.066	  0.031	  0.07	  0.03	  0.8845	 0.9268	 0.87042786		 0.6471	 30.73849606	 96.5556	 48.25870647	 190.82	  6.57	 0.0701	 
m70208c1r6.htb	 360.0	  0.03	 2.000	  0.00	  0.00	 100.00	   0.0	 2.0896	  0.00	 0.8811	  0.24	  0.73	 64.000	 1.00000000	 0.030	  0.149	  0.03	  0.15	  0.0178	 1.0000	 0.01779135		 0.9911	 2.69842951	 35.9158	 1.41541250	 35.92	  1.50	 0.0371	 
m70208c2r6.htb	 300.0	  0.03	 2.000	  0.00	 -15.00	 60.00	   0.0	 3.6318	  0.00	 0.0000	  0.56	  0.61	 64.000	 1.00000000	 0.437	  0.000	  0.44	  0.00	  0.3422	 0.9869	 0.34219882		 0.8427	 10.55224078	 53.8656	 2.29280898	 54.10	  2.66	 0.1622	 
m70208c3r6.htb	 300.0	  0.03	 2.000	  0.00	 -20.00	 60.00	   0.0	 3.5323	  0.00	 0.0000	  0.55	  0.77	 64.000	 1.00000000	 0.466	  0.000	  0.47	  0.00	  0.2980	 0.9899	 0.29792610		 0.8616	 10.20839158	 36.7598	 0.87333066	 36.79	  2.22	 0.2641	 
m70208c4r6.htb	 180.0	  0.03	 2.000	 -10.00	 -15.00	 50.00	   0.0	 7.4129	  0.00	 0.0025	  0.50	  0.79	 64.000	 1.00000000	 0.228	  0.000	  0.23	  0.00	  0.5296	 0.9706	 0.52963311		 0.7673	 13.10271609	 15.1740	 5.38172852	 15.18	  5.84	 0.5189	 
m70208c5r6.htb	   0.0	  0.03	 2.000	  0.00	 -10.00	 60.00	   0.0	 8.7065	  0.21	 0.0000	  0.60	  0.70	 64.000	 1.00000000	 0.607	  0.000	  0.61	  0.00	  0.8922	 0.9257	 0.43937718		 0.8028	 72.83593698	 51.8382	 103.98009950	 127.23	  4.65	 0.6254	 
m70209c1r6.htb	  90.0	  0.03	 2.000	 -5.00	 -15.00	 60.00	   0.0	 5.6592	  0.07	 0.0000	  0.44	  0.60	 64.000	 1.00000000	 0.172	  0.000	  0.17	  0.00	  0.7960	 0.9390	 0.62884061		 0.7302	 27.95998937	 72.1090	 46.79726368	 170.98	  4.71	 0.1219	 
m70209c2r6.htb	 100.0	  0.05	 2.000	 -5.00	 -15.00	 50.00	   0.0	 10.8209	  0.00	 0.0167	  0.36	  0.64	 64.000	 1.00000000	 0.086	  0.000	  0.09	  0.00	  0.2814	 0.9910	 0.28136916		 0.8688	 11.73047574	 24.6817	 8.30531140	 24.68	  8.41	 0.1432	 
m70212c1r6.htb	  60.0	  0.03	 2.000	 10.00	 -25.00	 60.00	   0.0	 5.2736	  0.00	 0.0000	  0.52	  0.59	 64.000	 1.00000000	 0.268	  0.000	  0.27	  0.00	  0.6923	 0.9523	 0.69233382		 0.7074	 4.73269159	 33.3626	 0.00000000	 34.24	  4.43	 0.1472	 
m70212c2r6.htb	   0.0	  0.03	 2.000	 10.00	 -20.00	 40.00	   0.0	 1.6915	  0.00	 0.0000	  0.53	  0.33	 64.000	 1.00000000	 0.422	  0.000	  0.42	  0.00	  0.1119	 0.9985	 0.11188693		 0.9456	 2.84090503	 16.4752	 0.42521394	 16.54	  1.50	 0.1500	 
m70212c3r6.htb	  50.0	  0.03	 2.000	 10.00	 -30.00	 60.00	   0.0	 6.3184	  0.14	 0.0000	  0.66	  0.64	 64.000	 1.00000000	 0.714	  0.000	  0.71	  0.00	  1.9263	 0.7493	 1.37251032		 0.5035	 75.16147191	 55.1945	 103.48258706	 131.61	  3.38	 0.6126	 
m70212c4r6.htb	   0.0	  0.03	 2.000	  0.00	 -30.00	 60.00	   0.0	 0.7463	  0.14	 0.0333	  0.45	  0.49	 64.000	 1.00000000	 0.142	  0.001	  0.14	  0.00	  0.7746	 0.9418	 0.58472717		 0.7465	 5.77945469	 60.7721	 8.70646766	 143.37	  0.40	 0.0367	 
m70213c1r6.htb	 270.0	  0.03	 2.000	 -5.00	 -15.00	 40.00	   0.0	 0.0995	  0.00	 0.0000	  0.64	  0.46	 64.000	 1.00000000	 0.583	  0.000	  0.59	  0.00	  2.2154	 0.6962	 2.21544966		 0.3303	 9.56941588	 53.5611	 5.59427912	 53.60	 -0.31	 0.0785	 
m70216c1r6.htb	   0.0	  0.03	 4.000	  0.00	 -15.00	 60.00	   0.0	 1.3930	  0.00	 0.0077	  0.44	  0.86	 64.000	 1.00000000	 0.220	  0.000	  0.22	  0.00	  0.1528	 0.9972	 0.15279505		 0.9264	 7.47195106	 100.0000	 0.00000000	 102.33	  1.12	 0.0818	 
m70219c1r6.htb	   0.0	  0.03	 2.000	  0.00	  0.00	 120.00	   0.0	 0.0995	 -15.85	 0.0000	  0.67	  0.58	 64.000	 1.00000000	 0.000	    NaN	  0.57	  0.00	 77.5106	 0.0000	 77.51060462		 0.0000	 0.00000000	 25.5577	 30.05690701	 28.57	 -0.63	 -0.4575	 
m70221c1r6.htb	 180.0	  0.03	 2.000	 -5.00	 -15.00	 70.00	   0.0	 1.7662	  0.00	 0.0002	  0.41	  0.67	 64.000	 1.00000000	 0.142	  0.000	  0.14	  0.00	  0.4694	 0.9764	 0.46935666		 0.7908	 2.72604708	 100.0000	 0.00000000	 111.76	  0.80	 0.0299	 
m70221c2r6.htb	 180.0	  0.03	 2.000	  0.00	  0.00	 100.00	   0.0	 4.5771	  0.00	 0.2204	  0.32	  0.66	 64.000	 1.00000000	 0.062	  0.038	  0.06	  0.04	  0.2785	 0.9912	 0.27852250		 0.8700	 15.00631049	 100.0000	 11.89347048	 100.44	  3.72	 0.0346	 
m70222c1r6.htb	   0.0	  0.03	 2.000	  0.00	  0.00	 100.00	   0.0	 1.9403	  0.00	 0.0004	  0.46	  0.86	 64.000	 1.00000000	 0.283	  0.000	  0.28	  0.00	  0.3581	 0.9858	 0.35806713		 0.8361	 6.63790524	 39.4112	 1.57089254	 39.51	  1.04	 0.1341	 
m70222c2r6.htb	 300.0	  0.03	 2.000	  0.00	  0.00	 100.00	   0.0	 1.7910	  0.25	 0.0265	  0.40	  0.52	 64.000	 1.00000000	 0.159	  0.001	  0.16	  0.00	  0.6427	 0.9582	 0.47726054		 0.7877	 10.56568159	 57.2508	 17.16417910	 135.66	  1.38	 0.0619	 
m70222c3r6.htb	 180.0	  0.03	 2.000	  0.00	 -10.00	 100.00	   0.0	 9.7844	  0.02	 0.0000	  0.35	  0.55	 64.000	 1.00000000	 0.137	  0.000	  0.14	  0.00	  0.2529	 0.9926	 0.22678801		 0.8928	 31.42870090	 85.0765	 50.03079941	 185.08	  8.02	 0.1060	 
m70222c4r6.htb	  50.0	  0.03	 2.000	  0.00	 -25.00	 60.00	   0.0	 2.1393	  0.00	 0.0000	  0.55	  0.43	 64.000	 1.00000000	 0.497	  0.000	  0.50	  0.00	  0.3443	 0.9868	 0.34434731		 0.8418	 4.83763690	 55.8470	 0.07140677	 59.93	  2.01	 0.0905	 
m70223c1r6.htb	   0.0	  0.05	 2.000	 10.00	 10.00	 50.00	   0.0	 4.2289	  0.00	 0.0008	  0.33	  0.74	 64.000	 1.00000000	 0.133	  0.000	  0.13	  0.00	  0.2417	 0.9933	 0.24169146		 0.8862	 5.17973220	 9.2946	 2.67217227	  9.35	  2.21	 0.2711	 
m70223c2r6.htb	   0.0	  0.05	 2.000	  0.00	  0.00	 100.00	   0.0	 3.9552	  0.00	 0.0002	  0.37	  0.71	 64.000	 1.00000000	 0.169	  0.000	  0.17	  0.00	  0.1246	 0.9981	 0.12461855		 0.9396	 13.72473317	 31.3006	 9.84337402	 31.38	  2.77	 0.1292	 
m70223c3r6.htb	   0.0	  0.05	 2.000	  0.00	  0.00	 100.00	   0.0	 6.4677	  0.00	 0.0000	  0.54	  0.51	 64.000	 1.00000000	 0.306	  0.000	  0.31	  0.00	  2.2487	 0.6901	 2.24875992		 0.3249	 10.46366236	 14.4023	 4.94703160	 14.40	  4.86	 0.3900	 
m70226c1r6.htb	 270.0	  0.03	 2.000	 -5.00	 -5.00	 70.00	   0.0	 1.1443	  0.47	 0.0199	  0.43	  0.62	 64.000	 1.00000000	 0.188	  0.000	  0.19	  0.00	  0.8116	 0.9369	 0.09463650		 0.9538	 9.57409289	 44.0615	 13.68159204	 107.02	  0.47	 0.0950	 
m70226c2r6.htb	 180.0	  0.03	 2.000	 20.00	 -5.00	 60.00	   0.0	 5.1741	  0.00	 0.0736	  0.39	  0.49	 64.000	 1.00000000	 0.135	  0.002	  0.14	  0.00	  0.2565	 0.9924	 0.25642848		 0.8797	 3.89091411	 20.0348	 1.50846430	 20.20	  3.98	 0.1228	 
m70226c3r6.htb	 180.0	  0.03	 2.000	  0.00	 -10.00	 60.00	   0.0	 4.1791	  0.00	 0.0001	  0.53	  0.53	 64.000	 1.00000000	 0.220	  0.000	  0.22	  0.00	  2.6941	 0.6102	 2.69415550		 0.2600	 7.79851214	 18.0689	 4.00416661	 18.07	  4.15	 0.2152	 
m70306c1r6.htb	   0.0	  0.03	 2.000	 -10.00	 -10.00	 60.00	   0.0	 2.4876	  0.07	 0.1197	  0.25	  0.54	 64.000	 1.00000000	 0.061	  0.003	  0.06	  0.00	  0.0544	 0.9996	 0.04550027		 0.9775	 7.57260772	 31.9142	 6.73360313	 36.88	  2.19	 0.0574	 
m70306c2r6.htb	 240.0	  0.03	 2.000	  0.00	  0.00	 100.00	   0.0	 2.9353	  0.00	 0.0000	  0.50	  0.79	 64.000	 1.00000000	 0.425	  0.000	  0.43	  0.00	  0.6433	 0.9581	 0.64333688		 0.7249	 13.42623117	 67.6688	 4.15759760	 68.46	  2.18	 0.1475	 
m70306c3r6.htb	  90.0	  0.03	 2.000	 20.00	 10.00	 60.00	   0.0	 7.2139	  0.02	 0.0000	  0.62	  0.69	 64.000	 1.00000000	 0.631	  0.000	  0.63	  0.00	  0.9965	 0.9103	 0.88953523		 0.6410	 70.68116554	 69.2184	 99.00497512	 161.04	  4.96	 0.4335	 
m70308c1r6.htb	   0.0	  0.03	 2.000	 20.00	 -10.00	 60.00	   0.0	 1.1940	  0.00	 0.0000	  0.60	  0.61	 64.000	 1.00000000	 0.652	  0.000	  0.65	  0.00	  1.1717	 0.8827	 1.17147266		 0.5567	 10.80253880	 49.9463	 3.69839431	 51.37	  0.52	 0.1518	 
m70308c2r6.htb	   0.0	  0.03	 2.000	 -5.00	 -5.00	 50.00	   0.0	 5.0746	  0.00	 0.0000	  0.56	  0.61	 64.000	 1.00000000	 0.468	  0.000	  0.47	  0.00	  0.5504	 0.9684	 0.55037694		 0.7594	 7.27938061	 39.3380	 0.00000000	 40.15	  3.58	 0.1928	 
m70308c3r6.htb	   0.0	  0.03	 2.000	 10.00	 -10.00	 50.00	   0.0	 3.5821	  0.00	 0.0000	  0.63	  0.44	 64.000	 1.00000000	 0.661	  0.000	  0.66	  0.00	  0.6857	 0.9531	 0.68568468		 0.7098	 9.23072764	 39.1573	 1.00971080	 39.16	  2.50	 0.2187	 
m70309c1r6.htb	   0.0	  0.03	 2.000	  0.00	 -10.00	 50.00	   0.0	 0.5970	  0.00	 0.0000	  0.57	  0.47	 64.000	 1.00000000	 0.523	  0.000	  0.52	  0.00	  1.6050	 0.8079	 1.60522936		 0.4482	 3.91347369	 36.6899	 0.48255665	 36.86	  0.56	 0.0973	 
m70309c2r6.htb	   0.0	  0.03	 2.000	  0.00	 -5.00	 50.00	   0.0	 6.5672	  0.00	 0.0000	  0.67	  0.64	 64.000	 1.00000000	 0.762	  0.000	  0.76	  0.00	  0.7260	 0.9481	 0.72631289		 0.6955	 19.15461931	 32.2916	 1.68763841	 36.37	  4.16	 0.5668	 
m70309c3r6.htb	   0.0	  0.03	 2.000	  5.00	  0.00	 50.00	   0.0	 8.1841	  0.00	 0.0000	  0.70	  0.53	 64.000	 1.00000000	 0.780	  0.000	  0.78	  0.00	  0.9244	 0.9210	 0.92439999		 0.6299	 24.16465857	 46.8607	 3.82882456	 46.89	  4.87	 0.4554	 
m70312c1r6.htb	   0.0	  0.03	 2.000	 -5.00	  0.00	 70.00	   0.0	 0.6468	  0.29	 0.0810	  0.40	  0.83	 64.000	 1.00000000	 0.084	  0.015	  0.08	  0.01	  1.7282	 0.7856	 0.85340756		 0.6527	 14.36513229	 56.7375	 23.13432836	 135.20	  1.22	 0.0875	 
m70313c1r6.htb	  60.0	  0.03	 2.000	  0.00	  0.00	 100.00	   0.0	 3.4515	  0.19	 0.5785	  0.18	  0.73	 64.000	 1.00000000	 0.009	  0.321	  0.01	  0.32	  0.1853	 0.9960	 0.11946090		 0.9420	 21.61084701	 0.2691	 21.76616915	  0.65	  2.91	 -0.2243	 
m70313c2r6.htb	  60.0	  0.03	 2.000	 10.00	  5.00	 50.00	   0.0	 16.7910	  0.00	 0.0000	  0.45	  0.88	 64.000	 1.00000000	 0.254	  0.000	  0.25	  0.00	  0.2021	 0.9952	 0.20208669		 0.9039	 19.64923867	 100.0000	 0.00000000	 102.59	 16.22	 0.2152	 
m70410c1r6.htb	   0.0	  0.03	 2.000	 10.00	 -20.00	 40.00	   0.0	 4.0299	  0.00	 0.0000	  0.62	  0.94	 64.000	 1.00000000	 0.566	  0.000	  0.57	  0.00	  1.9740	 0.7405	 1.97396061		 0.3727	 26.50805348	 100.0000	 0.00000000	 105.05	  2.60	 0.2903	 
m70410c2r6.htb	   0.0	  0.03	 2.000	  5.00	 -20.00	 40.00	   0.0	 4.5771	  0.04	 0.0000	  0.54	  0.98	 64.000	 1.00000000	 0.471	  0.000	  0.47	  0.00	  0.3277	 0.9880	 0.29473233		 0.8630	 65.77310361	 65.5311	 91.54228856	 153.56	  3.35	 0.4345	 
m70410c3r6.htb	   0.0	  0.03	 2.000	  0.00	  0.00	 100.00	   0.0	 1.4428	  0.00	 0.9700	  0.19	  1.15	 64.000	 1.00000000	 0.012	  0.362	  0.01	  0.36	  0.0567	 0.9996	 0.05665470		 0.9721	 1.79338126	 100.0000	 0.00000000	 134.27	  1.20	 0.0196	 
m70411c1r6.htb	   0.0	  0.03	 2.000	  0.00	  0.00	 100.00	   0.0	 3.0597	  0.00	 0.0000	  0.39	  0.50	 64.000	 1.00000000	 0.227	  0.000	  0.23	  0.00	  0.1181	 0.9983	 0.11811004		 0.9427	 5.06588147	 19.6319	 2.56621099	 19.75	  2.16	 0.1315	 
m70411c2r6.htb	 180.0	  0.03	 4.000	  5.00	  0.00	 100.00	   0.0	 0.9453	  0.00	 0.1235	  0.40	  0.75	 64.000	 1.00000000	 0.091	  0.011	  0.09	  0.01	  0.3701	 0.9849	 0.37003180		 0.8311	 3.42357775	 68.2329	 1.28069003	 70.93	  0.19	 0.0344	 
m70412c1r6.htb	   0.0	  0.03	 2.000	  0.00	  0.00	 50.00	   0.0	 0.0000	 -11.48	 0.0000	  0.67	  0.45	 64.000	 1.00000000	 0.000	    NaN	  0.49	  0.00	 49.0174	 0.0000	 49.01737095		 0.0000	 0.00000000	 15.2866	 18.65671642	 18.27	 -0.37	 -0.2779	 
m70412c2r6.htb	  90.0	  0.03	 2.000	  0.00	  0.00	 60.00	   0.0	 1.5672	  0.44	 0.4299	  0.29	  0.74	 64.000	 1.00000000	 0.031	  0.037	  0.03	  0.04	  0.1523	 0.9972	 0.06995838		 0.9656	 8.95522388	 25.1749	 8.45729508	 29.93	  0.20	 0.0766	 
m70412c3r6.htb	 180.0	  0.03	 2.000	  0.00	  0.00	 40.00	   0.0	 4.3284	  0.00	 0.0373	  0.45	  0.48	 64.000	 1.00000000	 0.076	  0.021	  0.08	  0.02	  1.0795	 0.8975	 1.07953864		 0.5829	 2.86999937	 100.0000	 0.00000000	 101.57	  3.27	 0.0314	 
m70417c1r6.htb	 270.0	  0.03	 2.000	  0.00	 -15.00	 50.00	   0.0	 1.2438	  0.00	 0.0000	  0.67	  0.63	 64.000	 1.00000000	 0.698	  0.000	  0.70	  0.00	  1.0959	 0.8949	 1.09591594		 0.5781	 26.33618481	 100.0000	 10.51792431	 100.00	  0.14	 0.1732	 
m70417c2r6.htb	   0.0	  0.03	 2.000	 10.00	 -15.00	 50.00	   0.0	 8.6567	  0.00	 0.0000	  0.62	  0.82	 64.000	 1.00000000	 0.680	  0.000	  0.68	  0.00	  1.3467	 0.8534	 1.34669256		 0.5100	 36.08519218	 100.0000	 0.01487520	 100.00	  7.13	 0.3950	 
m70417c3r6.htb	   0.0	  0.03	 8.000	  0.00	  0.00	 100.00	   0.0	 1.9403	  0.00	 0.1111	  0.43	  0.78	 64.000	 1.00000000	 0.113	  0.004	  0.11	  0.00	  0.3718	 0.9847	 0.37180151		 0.8304	 3.38830202	 100.0000	 0.00000000	 122.48	  0.75	 0.0371	 
m70418c1r6.htb	  64.0	  0.03	 4.000	  0.00	 -20.00	 60.00	   0.0	 2.4876	  0.00	 0.0000	  0.69	  0.64	 64.000	 1.00000000	 0.831	  0.000	  0.83	  0.00	  1.0818	 0.8971	 1.08159326		 0.5823	 26.16344619	 100.0000	 7.05686798	 100.00	  0.40	 0.2092	 
m70418c2r6.htb	   0.0	  0.03	 4.000	 10.00	 -10.00	 50.00	   0.0	 2.2388	  0.00	 0.0000	  0.70	  0.60	 64.000	 1.00000000	 0.841	  0.000	  0.84	  0.00	  0.3426	 0.9869	 0.34261370		 0.8426	 15.78217087	 42.2736	 0.35267468	 43.06	  0.67	 0.3814	 
m70418c3r6.htb	  60.0	  0.03	 4.000	  0.00	  0.00	 100.00	   0.0	 4.0299	  0.00	 0.0000	  0.65	  0.59	 64.000	 1.00000000	 0.662	  0.000	  0.66	  0.00	  0.8732	 0.9284	 0.87315033		 0.6462	 17.67469049	 100.0000	 0.00000000	 102.46	  3.01	 0.1936	 
m70419c1r6.htb	  90.0	  0.03	 4.000	  0.00	 -10.00	 50.00	   0.0	 2.9353	  0.00	 0.0000	  0.58	  1.23	 64.000	 1.00000000	 0.535	  0.000	  0.54	  0.00	  0.9351	 0.9195	 0.93505131		 0.6266	 24.39768416	 100.0000	 0.00000000	 119.81	  1.66	 0.2672	 
m70419c2r6.htb	   0.0	  0.03	 4.000	  0.00	  0.00	 40.00	   0.0	 11.5423	  0.00	 0.0000	  0.70	  0.56	 64.000	 1.00000000	 0.802	  0.000	  0.80	  0.00	  0.7023	 0.9510	 0.71912240		 0.6980	 31.78286135	 18.8110	 7.45299003	 22.36	  7.43	 1.3931	 
m70419c4r6.htb	   0.0	  0.03	 4.000	 10.00	 -20.00	 50.00	   0.0	 3.5821	  0.00	 0.0000	  0.69	  0.39	 64.000	 1.00000000	 0.778	  0.000	  0.78	  0.00	  1.7129	 0.7884	 1.71292683		 0.4247	 13.65606168	 72.8614	 1.55897050	 74.34	  2.91	 0.1791	 
