FILE			 PrfOR	 PrfSF	 PrfTF	 RFXctr	 RFYctr	 RFDiam	 GrType	 Spont	 SI		 AnovaP	 SDI		 VarTerm	 MaxX 	 MinX 	 RsqMn	 PMean	 RsqRaw	 Praw		 ErfChi2	 ErfChiP	 DiffErfChi2	 DiffErfChiP	 Ke		 a		 Ki			 b+a		 DC_off	 Halfmax_slope
m60831c2r6.htb	 180.0	  0.03	 2.000	  5.00	 -10.00	 40.00	   0.0	 15.1741	  0.02	 0.0000	  0.68	  0.49	 64.000	 1.00000000	 0.772	  0.000	  0.77	  0.00	  0.4853	 0.9749	 0.47331556		 0.7893	 109.98612287	 20.9153	 89.02119036	 22.72	 12.08	 1.3867	 
m60831c2r6.htb	 180.0	  0.03	 2.000	  5.00	 -10.00	 40.00	   1.0	 15.1741	  0.07	 0.0000	  0.70	  0.53	 64.000	 1.00000000	 0.749	  0.000	  0.75	  0.00	  4.5371	 0.3382	 3.91044625		 0.1415	 37.11510210	 27.6016	 19.13622600	 66.62	 14.04	 1.1064	 
m60831c3r6.htb	 180.0	  0.03	 2.000	  0.00	  0.00	 40.00	   0.0	 13.9801	  0.07	 0.0000	  0.68	  0.63	 64.000	 1.00000000	 0.791	  0.000	  0.79	  0.00	  0.5814	 0.9651	 0.30798302		 0.8573	 38.39305787	 14.2883	 12.01948561	 32.53	  9.30	 2.3791	 
m60831c3r6.htb	 180.0	  0.03	 2.000	  0.00	  0.00	 40.00	   1.0	 13.9801	  0.00	 0.0000	  0.71	  0.52	 64.000	 1.00000000	 0.830	  0.000	  0.83	  0.00	  0.0372	 0.9998	 0.03716519		 0.9816	 33.19848152	 16.0917	 6.19199635	 16.09	 11.80	 1.7144	 
m60901c1r6.htb	 180.0	  0.03	 2.000	 -10.00	  0.00	 40.00	   0.0	 0.0498	 -6.83	 0.0000	  0.68	  0.40	 64.000	 1.00000000	 0.000	    NaN	  0.25	  0.00	 43.9012	 0.0000	 43.90117070		    NaN	 0.00000000	 8.8873	 13.93034826	 10.20	 -0.28	 -0.2098	 
m60901c1r6.htb	 180.0	  0.03	 2.000	 -10.00	  0.00	 40.00	   1.0	 0.0498	 -10.62	 0.0000	  0.71	  0.33	 64.000	 1.00000000	 0.000	    NaN	  0.53	  0.00	 37.3593	    NaN	 37.35926708		    NaN	 0.00000000	 13.4041	 13.18407960	 16.64	 -0.26	 -0.1951	 
m60901c2r6.htb	 180.0	  0.03	 2.000	  5.00	  0.00	 40.00	   0.0	 0.8955	  0.00	 0.0000	  0.77	  0.58	 64.000	 1.00000000	 0.827	  0.000	  0.82	  0.00	  2.8483	 0.5835	 2.84801829		 0.2407	 21.21091565	 37.9532	 3.94645278	 38.10	 -1.61	 0.4738	 
m60901c2r6.htb	 180.0	  0.03	 2.000	  5.00	  0.00	 40.00	   1.0	 0.8955	  0.10	 0.0000	  0.80	  0.55	 64.000	 1.00000000	 0.830	  0.000	  0.82	  0.00	 201.4363	 0.0000	 6.51089630		 0.0386	 79.99298148	 59.6758	 108.45771144	 141.09	 -2.17	 0.6089	 
m60901c3r6.htb	 180.0	  0.03	 2.000	 -10.00	 -10.00	 40.00	   0.0	 1.4428	  0.00	 0.0000	  0.67	  0.61	 64.000	 1.00000000	 0.788	  0.000	  0.79	  0.00	  0.8781	 0.9277	 0.87842808		 0.6445	 14.97363065	 42.0669	 2.46088497	 42.50	  0.44	 0.3113	 
m60901c3r6.htb	 180.0	  0.03	 2.000	 -10.00	 -10.00	 40.00	   1.0	 1.4428	  0.08	 0.0000	  0.69	  0.69	 64.000	 1.00000000	 0.822	  0.000	  0.82	  0.00	  1.0874	 0.8963	 0.63290829		 0.7287	 56.43497168	 57.5400	 72.38805970	 136.69	  0.04	 0.4801	 
m61025c1r6.htb	   0.0	  0.03	 2.000	  0.00	 -10.00	 40.00	   0.0	 2.9851	  0.00	 0.0000	  0.67	  0.49	 64.000	 1.00000000	 0.749	  0.000	  0.75	  0.00	  0.7801	 0.9411	 0.78008935		 0.6770	 17.57822365	 100.0000	 0.00000000	 100.75	  2.70	 0.1925	 
m61025c1r6.htb	   0.0	  0.03	 2.000	  0.00	 -10.00	 40.00	   1.0	 2.9851	  0.00	 0.0000	  0.68	  0.45	 64.000	 1.00000000	 0.760	  0.000	  0.76	  0.00	  0.7842	 0.9406	 0.78425164		 0.6756	 13.81575287	 52.0332	 2.42987052	 53.13	  2.42	 0.2318	 
m61025c1r6.htb	   0.0	  0.03	 2.000	  0.00	 -10.00	 40.00	   0.0	 2.9851	  0.00	 0.0000	  0.67	  0.49	 64.000	 1.00000000	 0.749	  0.000	  0.75	  0.00	  0.7801	 0.9411	 0.78009229		 0.6770	 17.57832109	 100.0000	 0.00000000	 102.34	  2.70	 0.1925	 
m61025c1r6.htb	   0.0	  0.03	 2.000	  0.00	 -10.00	 40.00	   1.0	 2.9851	  0.00	 0.0000	  0.68	  0.45	 64.000	 1.00000000	 0.760	  0.000	  0.76	  0.00	  0.7842	 0.9406	 0.78421708		 0.6756	 14.72069248	 52.0823	 3.33540815	 53.07	  2.42	 0.2318	 
m61025c2r6.htb	   0.0	  0.03	 2.000	  0.00	 -10.00	 40.00	   0.0	 2.6368	  0.00	 0.0000	  0.63	  0.51	 64.000	 1.00000000	 0.701	  0.000	  0.70	  0.00	  1.1989	 0.8783	 1.19884022		 0.5491	 11.59224022	 43.9166	 0.70952843	 44.36	  2.55	 0.2594	 
m61025c2r6.htb	   0.0	  0.03	 2.000	  0.00	 -10.00	 40.00	   1.0	 2.6368	  0.00	 0.0000	  0.67	  0.44	 64.000	 1.00000000	 0.754	  0.000	  0.75	  0.00	  0.4667	 0.9767	 0.46669476		 0.7919	 10.03001550	 31.4298	 0.30029385	 31.46	  2.64	 0.3207	 
m61025c3r6.htb	   0.0	  0.03	 2.000	  0.00	 -10.00	 40.00	   0.0	 4.2786	  0.00	 0.0000	  0.55	  0.39	 64.000	 1.00000000	 0.519	  0.000	  0.52	  0.00	  0.2486	 0.9929	 0.24856600		 0.8831	 7.42325041	 34.0156	 1.95548435	 34.71	  4.22	 0.1680	 
m61025c3r6.htb	   0.0	  0.03	 2.000	  0.00	 -10.00	 40.00	   1.0	 4.2786	  0.00	 0.0000	  0.55	  0.45	 64.000	 1.00000000	 0.511	  0.000	  0.51	  0.00	  0.1125	 0.9985	 0.11249090		 0.9453	 6.99109908	 24.6427	 1.08144521	 24.64	  3.71	 0.2474	 
m61026c1r6.htb	   0.0	  0.03	 2.000	 -5.00	  0.00	 40.00	   0.0	 0.6965	  0.00	 0.0000	  0.57	  0.65	 64.000	 1.00000000	 0.543	  0.000	  0.54	  0.00	  1.2830	 0.8643	 1.28295274		 0.5265	 8.62068872	 100.0000	 0.00000000	 100.46	  0.70	 0.0944	 
m61026c1r6.htb	   0.0	  0.03	 2.000	 -5.00	  0.00	 40.00	   1.0	 0.6965	  0.00	 0.0000	  0.63	  0.62	 64.000	 1.00000000	 0.691	  0.000	  0.69	  0.00	  0.5758	 0.9657	 0.57574104		 0.7499	 10.38459091	 58.9765	 2.22630207	 58.98	  0.12	 0.1470	 
m61026c2r6.htb	   0.0	  0.03	 2.000	  0.00	 -5.00	 40.00	   0.0	 0.8458	  0.03	 0.0000	  0.62	  0.73	 64.000	 1.00000000	 0.639	  0.000	  0.64	  0.00	  0.8727	 0.9284	 0.63256499		 0.7289	 32.06460991	 65.8992	 43.03482587	 154.48	 -0.05	 0.2217	 
m61026c2r6.htb	   0.0	  0.03	 2.000	  0.00	 -5.00	 40.00	   1.0	 0.8458	  0.00	 0.0000	  0.69	  0.61	 64.000	 1.00000000	 0.679	  0.000	  0.68	  0.00	  3.4152	 0.4909	 3.41517756		 0.1813	 14.94568613	 38.1434	 5.36769824	 38.14	 -0.07	 0.2614	 
m61026c3r6.htb	   0.0	  0.03	 2.000	  0.00	 -10.00	 40.00	   0.0	 1.1940	  0.00	 0.0000	  0.64	  0.60	 64.000	 1.00000000	 0.703	  0.000	  0.70	  0.00	  0.1166	 0.9984	 0.11670372		 0.9433	 14.05554349	 44.3285	 5.10395685	 44.40	  0.44	 0.2115	 
m61026c3r6.htb	   0.0	  0.03	 2.000	  0.00	 -10.00	 40.00	   1.0	 1.1940	  0.00	 0.0000	  0.67	  0.60	 64.000	 1.00000000	 0.774	  0.000	  0.77	  0.00	  1.3766	 0.8483	 1.37667884		 0.5024	 16.19145125	 50.7758	 3.96167717	 51.19	  0.54	 0.2544	 
m61026c4r6.htb	   0.0	  0.03	 2.000	  0.00	 -10.00	 40.00	   0.0	 0.6965	  0.09	 0.0000	  0.70	  0.62	 64.000	 1.00000000	 0.882	  0.000	  0.88	  0.00	  1.6357	 0.8024	 1.41273931		 0.4934	 68.40796020	 34.3090	 55.91932620	 40.30	 -0.13	 0.6361	 
m61026c4r6.htb	   0.0	  0.03	 2.000	  0.00	 -10.00	 40.00	   1.0	 0.6965	  0.00	 0.0000	  0.72	  0.73	 64.000	 1.00000000	 0.793	  0.000	  0.79	  0.00	 11.5815	 0.0208	 11.58204811		 0.0031	 18.09297445	 27.8945	 1.66489454	 28.02	  0.63	 0.6091	 
m61031c1r6.htb	 150.0	  0.03	 2.000	  0.00	 -10.00	 40.00	   0.0	 2.4876	  0.00	 0.0000	  0.52	  0.51	 64.000	 1.00000000	 0.482	  0.000	  0.48	  0.00	  0.2118	 0.9948	 0.21180103		 0.8995	 4.84462831	 36.9857	 0.27481977	 36.99	  1.54	 0.1285	 
m61031c1r6.htb	 150.0	  0.03	 2.000	  0.00	 -10.00	 40.00	   1.0	 2.4876	  0.00	 0.0000	  0.53	  0.52	 64.000	 1.00000000	 0.443	  0.000	  0.44	  0.00	  0.1818	 0.9961	 0.18179359		 0.9131	 4.43221980	 14.8152	 0.16637829	 16.65	  1.27	 0.2947	 
m61031c2r6.htb	   0.0	  0.03	 2.000	 10.00	 -10.00	 40.00	   0.0	 1.5423	  0.00	 0.0000	  0.57	  0.56	 64.000	 1.00000000	 0.484	  0.000	  0.48	  0.00	  0.9657	 0.9149	 0.96574449		 0.6170	 5.28883280	 100.0000	 0.00000000	 103.37	  0.44	 0.0579	 
m61031c2r6.htb	   0.0	  0.03	 2.000	 10.00	 -10.00	 40.00	   1.0	 1.5423	  0.00	 0.0000	  0.62	  0.55	 64.000	 1.00000000	 0.619	  0.000	  0.62	  0.00	  1.0476	 0.9025	 1.04764852		 0.5923	 7.08931492	 100.0000	 0.00000000	 103.06	  0.45	 0.0776	 
m61106c1r6.htb	 180.0	  0.03	 2.000	 -5.00	 10.00	 40.00	   0.0	 0.0000	 -13.19	 0.0000	  0.64	  0.68	 64.000	 1.00000000	 0.000	    NaN	  0.21	  0.00	 22.0805	 0.0001	 22.08049170		    NaN	 0.00000000	 18.7338	 29.35323383	 21.73	 -0.59	 -0.4417	 
m61106c2r6.htb	   0.0	  0.03	 2.000	  0.00	 -10.00	 40.00	   0.0	 0.4975	  0.00	 0.0000	  0.73	  0.59	 64.000	 1.00000000	 0.852	  0.000	  0.85	  0.00	  3.3742	 0.4973	 3.37421771		 0.1851	 17.40912918	 41.1159	 2.61528088	 41.14	 -1.29	 0.3755	 
m61106c3r6.htb	 120.0	  0.03	 2.000	  0.00	 -10.00	 40.00	   0.0	 11.5423	  0.08	 0.0000	  0.54	  0.83	 64.000	 1.00000000	 0.493	  0.000	  0.49	  0.00	  0.4137	 0.9813	 0.20855039		 0.9010	 26.95290362	 24.4124	 12.79669338	 49.55	  9.69	 0.8826	 
m61108c1r6.htb	 180.0	  0.03	 2.000	  8.00	 -10.00	 40.00	   0.0	 1.2438	  0.00	 0.0000	  0.67	  0.49	 64.000	 1.00000000	 0.769	  0.000	  0.77	  0.00	  0.8362	 0.9335	 0.83615275		 0.6583	 15.82883708	 54.9523	 6.72821835	 55.41	  0.66	 0.1762	 
m61108c4r6.htb	 180.0	  0.03	 2.000	  5.00	 -10.00	 40.00	   0.0	 7.9104	  0.14	 0.0000	  0.79	  0.55	 64.000	 1.00000000	 0.895	  0.000	  0.90	  0.00	  2.0278	 0.7306	 0.84272206		 0.6562	 43.46572431	 17.4460	 15.87122275	 66.60	  1.23	 2.3275	 
m61109c1r6.htb	 180.0	  0.03	 2.000	  0.00	 -10.00	 40.00	   0.0	 1.6418	  0.00	 0.0000	  0.63	  0.58	 64.000	 1.00000000	 0.669	  0.000	  0.67	  0.00	  0.3533	 0.9861	 0.35329716		 0.8381	 17.02175948	 100.0000	 5.38707751	 100.00	  0.69	 0.1274	 
m61109c2r6.htb	   0.0	  0.03	 2.000	  0.00	  5.00	 40.00	   0.0	 6.4677	  0.00	 0.0000	  0.62	  0.54	 64.000	 1.00000000	 0.658	  0.000	  0.66	  0.00	  0.8883	 0.9262	 0.88832990		 0.6414	 14.87695457	 45.0794	 0.11975586	 45.93	  7.33	 0.3429	 
m61109c3r6.htb	   0.0	  0.03	 2.000	  0.00	  0.00	 40.00	   0.0	 5.7214	  0.03	 0.0000	  0.71	  0.56	 64.000	 1.00000000	 0.836	  0.000	  0.84	  0.00	  0.9371	 0.9192	 0.67193713		 0.7146	 97.78547287	 65.3899	 132.08955224	 152.90	  4.01	 0.6732	 
m61109c4r6.htb	   0.0	  0.03	 2.000	  0.00	 -5.00	 40.00	   0.0	 4.3284	  0.06	 0.0000	  0.76	  0.58	 64.000	 1.00000000	 0.905	  0.000	  0.91	  0.00	  0.4363	 0.9794	 0.30640130		 0.8580	 90.75488440	 57.5425	 124.86758638	 157.54	  0.91	 0.8348	 
m61109c5r6.htb	 180.0	  0.03	 2.000	  0.00	  0.00	 40.00	   0.0	 4.9751	  0.16	 0.0000	  0.73	  0.37	 64.000	 1.00000000	 0.810	  0.000	  0.81	  0.00	  1.4411	 0.8370	 1.09838454		 0.5774	 83.33333333	 23.0587	 72.08964174	 26.45	  2.85	 0.9265	 
m61110c1r6.htb	 180.0	  0.03	 2.000	  8.00	 -10.00	 40.00	   0.0	 14.2289	  0.00	 0.0000	  0.62	  0.55	 64.000	 1.00000000	 0.649	  0.000	  0.65	  0.00	  0.5356	 0.9699	 0.53564084		 0.7650	 19.37877700	 35.7275	 2.60827824	 36.37	 12.55	 0.4890	 
m61110c2r6.htb	 180.0	  0.03	 2.000	  5.00	 -15.00	 40.00	   0.0	 10.9453	  0.00	 0.0000	  0.70	  0.62	 64.000	 1.00000000	 0.683	  0.000	  0.68	  0.00	  1.3766	 0.8483	 1.37661364		 0.5024	 21.58311071	 15.4515	 1.52164221	 15.45	  5.49	 1.3248	 
m61110c3r6.htb	 180.0	  0.03	 2.000	  0.00	 -30.00	 40.00	   0.0	 7.9104	  0.00	 0.0000	  0.68	  0.45	 64.000	 1.00000000	 0.686	  0.000	  0.69	  0.00	  1.7789	 0.7763	 1.77872928		 0.4109	 13.11759255	 38.6602	 0.30641887	 40.59	  5.41	 0.3455	 
m61113c1r6.htb	  60.0	  0.03	 1.000	  8.00	 -10.00	 40.00	   0.0	 4.9254	  0.00	 0.3937	  0.30	  0.50	 64.000	 1.00000000	 0.079	  0.019	  0.08	  0.02	  0.0676	 0.9994	 0.06750566		 0.9668	 2.96520508	 40.8778	 0.97102399	 44.75	  4.69	 0.0530	 
m61113c2r6.htb	  90.0	  0.03	 2.000	 -10.00	 -10.00	 40.00	   0.0	 2.6368	  0.00	 0.0000	  0.55	  0.68	 64.000	 1.00000000	 0.516	  0.000	  0.52	  0.00	  0.1995	 0.9953	 0.19951229		 0.9051	 13.84410785	 66.0049	 3.94158794	 66.37	  2.28	 0.1608	 
m61113c3r6.htb	 270.0	  0.03	 2.000	 -5.00	 -15.00	 40.00	   0.0	 12.8358	  0.00	 0.0000	  0.54	  0.54	 64.000	 1.00000000	 0.337	  0.000	  0.34	  0.00	  0.4630	 0.9770	 0.46302951		 0.7933	 14.17206200	 100.0000	 0.00000000	 117.51	 12.58	 0.1552	 
m61115c1r6.htb	 180.0	  0.03	 2.000	  0.00	 -5.00	 40.00	   0.0	 3.6816	  0.00	 0.0000	  0.56	  0.83	 64.000	 1.00000000	 0.575	  0.000	  0.57	  0.00	  0.1008	 0.9988	 0.10084024		 0.9508	 11.63545374	 29.8042	 0.20623861	 29.81	  1.60	 0.3969	 
m61115c2r6.htb	   0.0	  0.03	 2.000	 10.00	 -5.00	 40.00	   0.0	 1.6418	  0.17	 0.0019	  0.43	  0.38	 64.000	 1.00000000	 0.272	  0.000	  0.27	  0.00	  0.0905	 0.9990	 0.01413509		 0.9930	 12.18905473	 32.9049	 11.15738303	 37.63	  0.78	 0.0777	 
m61115c3r6.htb	  90.0	  0.03	 2.000	 -10.00	 -15.00	 40.00	   0.0	 7.4627	  0.00	 0.0000	  0.74	  0.37	 64.000	 1.00000000	 0.844	  0.000	  0.84	  0.00	  0.1776	 0.9963	 0.17767076		 0.9150	 16.63496067	 53.5301	 0.00000000	 53.96	  6.26	 0.3283	 
m61115c4r6.htb	   0.0	  0.03	 2.000	  5.00	 -5.00	 40.00	   0.0	 8.8557	  0.00	 0.0000	  0.71	  0.48	 64.000	 1.00000000	 0.787	  0.000	  0.79	  0.00	  1.3589	 0.8513	 1.35867847		 0.5070	 20.85188368	 40.4673	 1.45728560	 42.45	  6.77	 0.5015	 
m61116c1r6.htb	  90.0	  0.03	 2.000	  0.00	  0.00	 40.00	   0.0	 1.4428	  0.00	 0.0000	  0.51	  0.65	 64.000	 1.00000000	 0.502	  0.000	  0.50	  0.00	  0.6960	 0.9518	 0.69607831		 0.7061	 6.05891796	 100.0000	 0.00000000	 100.01	  0.43	 0.0664	 
m61121c1r6.htb	  30.0	  0.03	 2.000	  5.00	 -10.00	 40.00	   0.0	 0.0498	 -14.96	 0.0000	  0.73	  0.52	 64.000	 1.00000000	 0.000	    NaN	  0.74	  0.00	 119.0614	 0.0000	 119.06143471		    NaN	 0.00000000	 28.8794	 27.97261232	 31.72	 -0.80	 -0.4263	 
m61122c1r6.htb	 180.0	  0.03	 2.000	  0.00	 -10.00	 40.00	   0.0	 0.8955	  0.00	 0.0000	  0.57	  0.64	 64.000	 1.00000000	 0.617	  0.000	  0.62	  0.00	  0.1749	 0.9964	 0.17486152		 0.9163	 19.34628988	 39.1530	 12.66797366	 39.18	  0.64	 0.1779	 
m61122c2r6.htb	  60.0	  0.03	 2.000	  0.00	 -15.00	 40.00	   0.0	 1.4925	  0.00	 0.0000	  0.57	  0.46	 64.000	 1.00000000	 0.554	  0.000	  0.55	  0.00	  0.5221	 0.9713	 0.52211364		 0.7702	 7.13927292	 100.0000	 0.00000000	 100.00	  1.30	 0.0782	 
m61122c3r6.htb	  60.0	  0.03	 2.000	 -5.00	  0.00	 40.00	   0.0	 2.6368	  0.00	 0.0000	  0.58	  0.89	 64.000	 1.00000000	 0.427	  0.000	  0.43	  0.00	  0.1897	 0.9958	 0.18970746		 0.9095	 13.47230257	 52.9911	 2.05316489	 53.97	  0.94	 0.2282	 
m61122c4r6.htb	  60.0	  0.03	 2.000	 -5.00	 -5.00	 40.00	   0.0	 11.1443	  0.00	 0.0000	  0.71	  0.46	 64.000	 1.00000000	 0.780	  0.000	  0.78	  0.00	  1.2654	 0.8672	 1.26536980		 0.5312	 21.72605015	 42.8345	 2.64856322	 43.27	  8.15	 0.4661	 
m61127c1r6.htb	 180.0	  0.03	 2.000	 10.00	 -10.00	 40.00	   0.0	 0.0995	  0.26	 0.0000	  0.72	  0.43	 64.000	 1.00000000	 0.782	  0.000	  0.78	  0.00	  1.4552	 0.8345	 0.84709940		 0.6547	 34.82587065	 23.0230	 28.79572943	 28.74	 -0.70	 0.5328	 
m61127c2r6.htb	  30.0	  0.03	 2.000	  5.00	 -5.00	 40.00	   0.0	 8.7065	  0.00	 0.0000	  0.76	  0.39	 64.000	 1.00000000	 0.822	  0.000	  0.82	  0.00	  2.3003	 0.6807	 2.30032361		 0.3166	 20.29884367	 64.2976	 0.00497631	 64.73	  6.68	 0.3371	 
m61127c3r6.htb	  90.0	  0.03	 2.000	 10.00	 -5.00	 40.00	   0.0	 0.7463	  0.14	 0.0000	  0.73	  0.64	 64.000	 1.00000000	 0.833	  0.000	  0.83	  0.00	  3.3151	 0.5065	 2.19729677		 0.3333	 55.71949968	 52.8062	 70.89552239	 126.55	 -1.04	 0.5262	 
m61127c4r6.htb	 270.0	  0.03	 2.000	  5.00	 -10.00	 40.00	   0.0	 2.9851	  0.05	 0.0000	  0.72	  0.62	 64.000	 1.00000000	 0.886	  0.000	  0.89	  0.00	  0.6731	 0.9546	 0.69251652		 0.7073	 64.45516381	 56.6333	 82.80682813	 149.55	  0.58	 0.6215	 
m61128c1r6.htb	 180.0	  0.03	 2.000	 10.00	 -10.00	 40.00	   0.0	 0.3483	  0.06	 0.0000	  0.69	  0.52	 64.000	 1.00000000	 0.754	  0.000	  0.75	  0.00	  1.4453	 0.8363	 0.50177725		 0.7781	 28.90916438	 60.1077	 37.56218905	 141.81	 -0.02	 0.2301	 
m61128c2r6.htb	 180.0	  0.03	 2.000	  5.00	  0.00	 40.00	   0.0	 8.2587	  0.18	 0.0000	  0.73	  0.60	 64.000	 1.00000000	 0.826	  0.000	  0.83	  0.00	  3.8243	 0.4303	 0.06518888		 0.9679	 32.33183415	 9.6903	 10.73896172	 59.22	  2.09	 3.1796	 
m61128c3r6.htb	 180.0	  0.03	 2.000	  5.00	 -10.00	 40.00	   0.0	 5.5721	  0.15	 0.0000	  0.71	  0.58	 64.000	 1.00000000	 0.782	  0.000	  0.78	  0.00	  1.0677	 0.8994	 0.69709673		 0.7057	 60.79204448	 43.9713	 83.61469154	 143.62	  4.30	 0.8486	 
m61128c4r6.htb	 180.0	  0.03	 2.000	  0.00	 -10.00	 40.00	   0.0	 1.9403	  0.00	 0.0000	  0.59	  0.67	 64.000	 1.00000000	 0.621	  0.000	  0.62	  0.00	  0.5151	 0.9720	 0.51505774		 0.7730	 12.65005694	 29.5718	 1.50805424	 29.76	  2.17	 0.3903	 
m61129c1r6.htb	  90.0	  0.03	 2.000	 10.00	 -10.00	 40.00	   0.0	 0.9950	  0.00	 0.0000	  0.54	  0.66	 64.000	 1.00000000	 0.505	  0.000	  0.50	  0.00	  0.2486	 0.9929	 0.24845669		 0.8832	 6.85951671	 73.8276	 0.52795501	 93.66	  0.35	 0.0939	 
m61129c2r6.htb	  90.0	  0.03	 2.000	  5.00	 -5.00	 40.00	   0.0	 9.6269	  0.00	 0.0000	  0.41	  0.40	 64.000	 1.00000000	 0.208	  0.000	  0.21	  0.00	  0.2509	 0.9928	 0.25088213		 0.8821	 9.95341177	 25.4482	 6.27711475	 25.67	  9.42	 0.1513	 
m61129c3r6.htb	  90.0	  0.03	 2.000	  0.00	  0.00	 40.00	   0.0	 1.4925	  0.03	 0.0000	  0.55	  0.41	 64.000	 1.00000000	 0.514	  0.000	  0.51	  0.00	  0.9210	 0.9215	 0.85472579		 0.6522	 13.67038944	 19.5296	 9.77417649	 22.28	  1.21	 0.2702	 
m61130c1r6.htb	 180.0	  0.03	 2.000	  0.00	  0.00	 40.00	   0.0	 12.6866	  0.00	 0.0000	  0.67	  0.45	 64.000	 1.00000000	 0.602	  0.000	  0.60	  0.00	  1.6756	 0.7952	 1.67559962		 0.4327	 20.65184201	 5.8346	 5.24465791	  5.84	  9.23	 2.5395	 
m61130c2r6.htb	 180.0	  0.03	 2.000	 10.00	  5.00	 40.00	   0.0	 5.7711	  0.00	 0.0000	  0.51	  0.33	 64.000	 1.00000000	 0.347	  0.000	  0.35	  0.00	  0.3857	 0.9836	 0.38429190		 0.8252	 4.83246301	 11.3139	 1.29564211	 12.00	  5.43	 0.3218	 
m61130c3r6.htb	 180.0	  0.03	 2.000	  5.00	  5.00	 40.00	   0.0	 4.7761	  0.00	 0.0000	  0.62	  0.32	 64.000	 1.00000000	 0.489	  0.000	  0.49	  0.00	  5.6291	 0.2286	 5.62969181		 0.0599	 5.81356158	 21.1820	 1.63232784	 21.18	  3.81	 0.2030	 
m61130c4r6.htb	 210.0	  0.03	 2.000	  5.00	 -5.00	 40.00	   0.0	 5.1741	  0.00	 0.0000	  0.69	  0.46	 64.000	 1.00000000	 0.726	  0.000	  0.73	  0.00	  1.6641	 0.7972	 1.66406407		 0.4352	 13.93124297	 19.1696	 1.63016726	 19.18	  3.71	 0.6586	 
m61201c1r6.htb	 180.0	  0.03	 2.000	  5.00	 -10.00	 40.00	   0.0	 4.1294	  0.00	 0.0000	  0.66	  0.67	 64.000	 1.00000000	 0.712	  0.000	  0.71	  0.00	  2.7298	 0.6040	 2.73008629		 0.2554	 16.49100515	 26.3236	 2.72148827	 26.38	  2.09	 0.5404	 
m61201c2r6.htb	   0.0	  0.03	 2.000	  0.00	 -10.00	 40.00	   0.0	 4.4279	  0.18	 0.0000	  0.73	  0.82	 64.000	 1.00000000	 0.833	  0.000	  0.83	  0.00	  3.0210	 0.5543	 2.54190817		 0.2806	 106.59905815	 44.1201	 130.30045103	 122.41	  0.45	 1.4329	 
m61204c1r6.htb	 240.0	  0.03	 2.000	  0.00	 -10.00	 40.00	   0.0	 1.2935	  0.18	 0.0000	  0.77	  0.67	 64.000	 1.00000000	 0.890	  0.000	  0.89	  0.00	  3.1729	 0.5293	 1.81499013		 0.4035	 127.88222833	 51.8695	 167.41293532	 124.69	 -0.28	 1.1939	 
m61204c2r6.htb	   0.0	  0.03	 2.000	  0.00	 -10.00	 40.00	   0.0	 5.7214	  0.19	 0.0000	  0.72	  0.77	 64.000	 1.00000000	 0.857	  0.000	  0.86	  0.00	  2.6557	 0.6170	 0.88105790		 0.6437	 123.11403495	 51.4847	 164.17910448	 123.77	  2.02	 1.1322	 
m61204c3r6.htb	 180.0	  0.03	 2.000	 -5.00	 -10.00	 40.00	   0.0	 5.4229	  0.16	 0.0000	  0.54	  0.86	 64.000	 1.00000000	 0.509	  0.000	  0.51	  0.00	  0.5374	 0.9698	 0.38454259		 0.8251	 51.48312931	 28.0413	 39.75812564	 37.38	  3.31	 0.8092	 
m61206c1r6.htb	 180.0	  0.03	 2.000	  5.00	 -10.00	 40.00	   0.0	 5.0746	  0.20	 0.0000	  0.73	  0.67	 64.000	 1.00000000	 0.844	  0.000	  0.84	  0.00	  1.2161	 0.8754	 0.39145091		 0.8222	 58.81101771	 22.6507	 36.58802738	 39.59	  0.90	 1.7454	 
m61206c2r6.htb	 240.0	  0.03	 2.000	 -5.00	  0.00	 40.00	   0.0	 1.5920	  0.24	 0.0000	  0.77	  0.40	 64.000	 1.00000000	 0.881	  0.000	  0.88	  0.00	  2.4527	 0.6531	 0.82944890		 0.6605	 53.57421425	 48.9292	 69.40298507	 115.73	  0.32	 0.5263	 
m61206c3r6.htb	   0.0	  0.03	 2.000	  5.00	 -5.00	 40.00	   0.0	 12.6866	  0.05	 0.0000	  0.64	  0.51	 64.000	 1.00000000	 0.716	  0.000	  0.72	  0.00	  0.1733	 0.9965	 0.03805052		 0.9812	 27.40118176	 22.0314	 11.06865599	 39.96	 11.19	 1.0050	 
m61206c4r6.htb	   0.0	  0.03	 2.000	  0.00	 -10.00	 40.00	   0.0	 4.2289	  0.35	 0.0000	  0.69	  0.73	 64.000	 1.00000000	 0.787	  0.000	  0.79	  0.00	  2.0412	 0.7282	 0.31770762		 0.8531	 111.66620314	 22.8830	 94.20482004	 30.76	  0.65	 1.8992	 
