FILE			 PrfOR	 PrfSF	 PrfTF	 RFXctr	 RFYctr	 RFDiam	 GrType	 MaxLoc	 MaxRsp	 MinLoc	 MinRsp	 Spont	 TFMI		 AnovaP	 TFDI  	 VarTerm	 MaxX 	 MinX 	 TFHWHM	 RsqMn	 PMean	 RsqRaw	 Praw		 Chi2		 ChiP		 Brat		 Ampl		 Peak		 SD		 Offst		
m60208c1r3.htb	  30.0	  0.05	 2.000	  0.00	  0.00	 45.00	   0.0	 4.0300	 15.92	 0.5000	  8.94	  4.38	 1.015	 0.00015261	 0.525	  0.509	 16.00	  0.50	  9.6700	 0.9383	 0.00145691	 0.3384	 0.00000109	 0.1382	        NaN	  4.21	 11.71	 4.0305	 1.4334	 0.1000	
m60208c1r3.htb	  30.0	  0.05	 2.000	  0.00	  0.00	 45.00	   1.0	 2.9200	 19.49	 16.0000	 10.70	  4.38	 0.820	 0.00000105	 0.546	  0.488	 16.00	  0.50	  4.6100	 0.9935	 0.00001565	 0.4727	 0.00000000	 0.0688	        NaN	  8.82	 10.66	 2.9186	 0.8974	 0.1000	
m60213c1r4.htb	  30.0	  0.03	 2.000	 -5.00	 10.00	 40.00	   0.0	 2.1400	 10.66	 16.0000	  5.92	  3.28	 0.764	 0.00081334	 0.451	  0.463	 16.00	  0.50	  4.2800	 0.9425	 0.00126532	 0.2971	 0.00000671	 0.2698	        NaN	  5.02	  5.64	 2.1436	 1.0477	 0.0010	
m60213c1r4.htb	  30.0	  0.03	 2.000	 -5.00	 10.00	 40.00	   1.0	 1.1200	 12.79	 16.0000	  4.87	  3.28	 0.810	 0.00000002	 0.561	  0.488	 16.00	  0.50	  1.8700	 0.9789	 0.00016772	 0.5388	 0.00000000	 0.1446	        NaN	  4.83	  7.96	 1.1152	 0.7917	 0.1000	
m60217c1r3.htb	  30.0	  0.05	 2.000	 10.00	 15.00	 50.00	   0.0	 3.1800	 11.85	 0.5000	  9.88	 10.15	 1.840	 0.84805142	 0.209	  0.623	 16.00	  0.50	  6.7700	 0.9699	 0.00034219	 0.0345	 0.15549644	 0.0148	        NaN	  8.72	  3.13	 3.1768	 1.3136	 0.0010	
m60217c1r3.htb	  30.0	  0.05	 2.000	 10.00	 15.00	 50.00	   1.0	 2.7500	 16.30	 16.0000	 11.60	 10.15	 0.841	 0.11672034	 0.343	  0.439	 16.00	  0.50	  1.2300	 0.9645	 0.00047778	 0.1417	 0.00303152	 0.0439	        NaN	 11.60	  4.70	 2.7461	 0.3129	 0.0010	
m60220c2r3.htb	   0.0	  0.03	 2.000	  0.00	 15.00	 60.00	   0.0	 1.6600	  9.44	 16.0000	  5.95	  5.27	 0.841	 0.09242349	 0.328	  0.567	 16.00	  0.50	  2.0900	 0.9695	 0.00035356	 0.1519	 0.00208552	 0.0241	        NaN	  5.93	  3.50	 1.6603	 0.6911	 0.0010	
m60220c2r3.htb	   0.0	  0.03	 2.000	  0.00	 15.00	 60.00	   1.0	 1.4100	  8.25	 16.0000	  7.25	  5.27	 0.688	 0.98847326	 0.172	  0.660	 16.00	  0.50	  3.8100	 0.1689	 0.41821164	 0.0018	 0.74852903	 0.0912	        NaN	  7.10	  1.15	 1.4087	 1.1794	 0.1000	
m60220c3r3.htb	  30.0	  0.03	 2.000	 10.00	 10.00	 50.00	   0.0	 3.1300	 15.96	 0.5000	  8.78	  8.36	 1.006	 0.00442912	 0.441	  0.692	 16.00	  0.50	  3.9800	 0.9698	 0.00034512	 0.2566	 0.00003637	 0.0535	        NaN	  8.31	  7.65	 3.1283	 0.7114	 0.1000	
m60220c3r3.htb	  30.0	  0.03	 2.000	 10.00	 10.00	 50.00	   1.0	 2.4900	 15.43	 16.0000	  9.16	  8.36	 1.070	 0.00006862	 0.523	  0.461	 16.00	  0.50	  4.8100	 0.8920	 0.00454535	 0.3399	 0.00000102	 0.3117	        NaN	  7.34	  8.09	 2.4927	 1.0576	 0.1000	
m60220c6r4.htb	  30.0	  0.03	 2.000	  0.00	 10.00	 40.00	   0.0	 2.8600	 39.47	 16.0000	 18.17	  2.34	 0.916	 0.00000000	 0.745	  0.374	 16.00	  0.50	  5.4800	 0.9667	 0.00042115	 0.8217	 0.00000000	 1.5707	        NaN	  5.44	 34.03	 2.8554	 1.2087	 0.1000	
m60220c6r4.htb	  30.0	  0.03	 2.000	  0.00	 10.00	 40.00	   1.0	 1.3500	 38.79	 16.0000	 14.13	  2.34	 0.948	 0.00000000	 0.789	  0.324	 16.00	  0.50	  4.7300	 0.9840	 0.00009606	 0.8821	 0.00000000	 1.0905	        NaN	  3.04	 35.75	 1.3520	 1.5721	 0.1000	
m60221c1r3.htb	   0.0	  0.03	 2.000	 -10.00	 10.00	 50.00	   0.0	 3.6100	  7.33	 0.5000	  1.69	  0.80	 1.122	 0.00000031	 0.628	  0.499	 16.00	  0.50	  7.6500	 0.7575	 0.02411788	 0.3790	 0.00000016	 1.4959	        NaN	  0.00	  7.33	 3.6083	 1.1534	 0.0010	
m60221c1r3.htb	   0.0	  0.03	 2.000	 -10.00	 10.00	 50.00	   1.0	 3.0800	  8.53	 0.5000	  4.12	  0.80	 0.827	 0.00025573	 0.506	  0.539	 16.00	  0.50	  4.4300	 0.8550	 0.00829788	 0.2968	 0.00000680	 1.3774	        NaN	  3.76	  4.77	 3.0782	 0.7990	 0.0010	
m60221c2r4.htb	   0.0	  0.03	 4.000	  0.00	 20.00	 60.00	   0.0	 1.9400	 14.47	 16.0000	  6.35	  6.06	 1.721	 0.00000016	 0.626	  0.464	 16.00	  0.50	  5.5100	 0.8056	 0.01520923	 0.3838	 0.00000004	 1.1157	        NaN	  0.00	 14.47	 1.9428	 1.6079	 0.1000	
m60221c2r4.htb	   0.0	  0.03	 4.000	  0.00	 20.00	 60.00	   1.0	 1.6100	 14.18	 16.0000	  9.22	  6.06	 1.413	 0.00065832	 0.504	  0.421	 16.00	  0.50	  5.3500	 0.7793	 0.01979620	 0.2439	 0.00004521	 0.4922	        NaN	  5.38	  8.81	 1.6066	 1.7432	 0.1000	
m60221c3r3.htb	   0.0	  0.03	 2.000	  3.00	  8.00	 50.00	   0.0	 3.1600	 21.99	 0.5000	 11.56	  3.08	 0.853	 0.00000000	 0.587	  0.475	 16.00	  0.50	  5.9700	 0.9484	 0.00101425	 0.5595	 0.00000000	 1.6572	        NaN	  5.87	 16.12	 3.1645	 1.1739	 0.1000	
m60221c3r3.htb	   0.0	  0.03	 2.000	  3.00	  8.00	 50.00	   1.0	 2.3500	 24.60	 16.0000	 17.16	  3.08	 0.653	 0.00015768	 0.487	  0.431	 16.00	  0.50	  5.1000	 0.9241	 0.00221647	 0.3325	 0.00000142	 0.2978	        NaN	 13.85	 10.75	 2.3495	 1.2493	 0.0010	
m60221c4r4.htb	   0.0	  0.03	 2.000	  8.00	  0.00	 50.00	   0.0	 2.9100	 22.99	 16.0000	 12.67	  2.24	 0.752	 0.00000048	 0.546	  0.539	 16.00	  0.50	  5.3600	 0.9421	 0.00128304	 0.4630	 0.00000000	 0.3544	        NaN	  7.39	 15.60	 2.9100	 1.1394	 0.1000	
m60221c4r4.htb	   0.0	  0.03	 2.000	  8.00	  0.00	 50.00	   1.0	 2.4600	 25.38	 16.0000	 16.33	  2.24	 0.660	 0.00039781	 0.485	  0.539	 16.00	  0.50	  5.2800	 0.9744	 0.00024759	 0.3266	 0.00000185	 0.0835	        NaN	 11.80	 13.58	 2.4595	 1.2415	 0.1000	
m60221c5r3.htb	   0.0	  0.03	 2.000	  0.00	  0.00	 50.00	   0.0	 2.7900	  6.35	 16.0000	  3.40	  1.94	 1.218	 0.01857654	 0.442	  0.512	 16.00	  0.50	  5.7200	 0.8733	 0.00629597	 0.1896	 0.00050734	 0.2178	        NaN	  0.98	  5.37	 2.7856	 1.3603	 0.1000	
m60221c5r3.htb	   0.0	  0.03	 2.000	  0.00	  0.00	 50.00	   1.0	 2.4600	  6.45	 16.0000	  3.14	  1.94	 1.246	 0.00083734	 0.498	  0.461	 16.00	  0.50	  5.6000	 0.7473	 0.02630790	 0.2349	 0.00008689	 0.8469	        NaN	  0.71	  5.75	 2.4603	 1.4042	 0.1000	
m60227c1r3.htb	  30.0	  0.05	 2.000	  5.00	  0.00	 40.00	   0.0	 1.3400	  5.85	 16.0000	  2.31	  1.64	 1.390	 0.12155740	 0.392	  0.845	 16.00	  0.50	  5.0600	 0.7696	 0.02167248	 0.1117	 0.00904183	 0.3005	        NaN	  0.00	  5.85	 1.3423	 1.7716	 0.1000	
m60227c1r3.htb	  30.0	  0.05	 2.000	  5.00	  0.00	 40.00	   1.0	 0.5000	  5.82	 16.0000	  1.67	  1.64	 1.261	 0.00599656	 0.483	  0.742	 16.00	  0.50	  2.5900	 0.6931	 0.03972034	 0.1767	 0.00082630	 0.5676	        NaN	  1.10	  4.72	 0.5000	 1.6875	 0.0010	
m60227c2r3.htb	   0.0	  0.03	 2.000	  8.00	  4.00	 40.00	   0.0	 1.6600	 19.42	 16.0000	  7.81	  6.87	 1.361	 0.00000000	 0.690	  0.365	 16.00	  0.50	  4.9500	 0.9658	 0.00044338	 0.6621	 0.00000000	 0.4618	        NaN	  2.33	 17.09	 1.6578	 1.4684	 0.1000	
m60227c2r3.htb	   0.0	  0.03	 2.000	  8.00	  4.00	 40.00	   1.0	 0.8000	 19.30	 16.0000	  8.24	  6.87	 1.221	 0.00000000	 0.619	  0.460	 16.00	  0.50	  3.5300	 0.9855	 0.00007909	 0.5942	 0.00000000	 0.1673	        NaN	  5.91	 13.39	 0.7968	 1.5435	 0.1000	
m60404c1r3.htb	   0.0	  0.03	 2.000	  0.00	  0.00	 40.00	   0.0	 2.0100	 12.08	 16.0000	  5.84	  4.33	 0.961	 0.00001400	 0.509	  0.481	 16.00	  0.50	  4.2500	 0.8733	 0.00629452	 0.3661	 0.00000030	 0.5564	        NaN	  4.63	  7.45	 2.0098	 1.0870	 0.0010	
m60404c1r3.htb	   0.0	  0.03	 2.000	  0.00	  0.00	 40.00	   1.0	 1.1100	 13.01	 16.0000	  5.49	  4.33	 0.915	 0.00000002	 0.568	  0.495	 16.00	  0.50	  2.1800	 0.9179	 0.00260004	 0.5032	 0.00000000	 0.5304	        NaN	  5.39	  7.62	 1.1099	 0.8806	 0.1000	
m60411c1r3.htb	   0.0	  0.03	 2.000	 -10.00	 -5.00	 40.00	   0.0	 2.0800	  9.13	 16.0000	  0.55	  0.90	 1.109	 0.00083700	 0.512	  1.110	 16.00	  0.50	  3.4800	 0.9758	 0.00022072	 0.3068	 0.00000441	 0.0251	        NaN	  0.00	  9.13	 2.0796	 0.8448	 0.1000	
m60411c1r3.htb	   0.0	  0.03	 2.000	 -10.00	 -5.00	 40.00	   1.0	 1.2300	 11.07	 16.0000	  0.70	  0.90	 1.064	 0.00000000	 0.596	  0.789	 16.00	  0.50	  2.2700	 0.9415	 0.00131057	 0.5540	 0.00000000	 0.4691	        NaN	  0.55	 10.52	 1.2258	 0.8537	 0.1000	
m60412c3r3.htb	   0.0	  0.03	 2.000	  0.00	 -10.00	 40.00	   0.0	 2.5900	 18.92	 16.0000	  7.85	  3.08	 1.136	 0.00000000	 0.674	  0.418	 16.00	  0.50	  5.4900	 0.9280	 0.00199197	 0.6134	 0.00000000	 0.8031	        NaN	  0.94	 17.99	 2.5881	 1.2949	 0.1000	
m60412c3r3.htb	   0.0	  0.03	 2.000	  0.00	 -10.00	 40.00	   1.0	 1.8600	 17.57	 16.0000	  5.82	  3.08	 1.112	 0.00000002	 0.635	  0.536	 16.00	  0.50	  4.7400	 0.9820	 0.00012238	 0.5375	 0.00000000	 0.5129	        NaN	  1.88	 15.70	 1.8618	 1.2661	 0.1000	
m60413c1r3.htb	 180.0	  0.03	 2.000	 -5.00	 -25.00	 60.00	   0.0	 2.6200	 13.71	 16.0000	  9.16	  6.02	 0.893	 0.00215869	 0.439	  0.435	 16.00	  0.50	  5.2700	 0.9590	 0.00063807	 0.2749	 0.00001708	 0.0977	        NaN	  6.85	  6.87	 2.6186	 1.2262	 0.0010	
m60413c1r3.htb	 180.0	  0.03	 2.000	 -5.00	 -25.00	 60.00	   1.0	 1.3100	 13.88	 16.0000	 10.26	  6.02	 0.705	 0.00980943	 0.447	  0.347	 16.00	  0.50	  3.5700	 0.9684	 0.00037874	 0.2313	 0.00010045	 0.0329	        NaN	  9.76	  4.12	 1.3072	 1.2228	 0.0010	
m60413c2r3.htb	 180.0	  0.03	 2.000	 -8.00	 -5.00	 40.00	   0.0	 2.0200	  5.40	 16.0000	  3.41	  2.79	 0.980	 0.02764817	 0.406	  0.357	 16.00	  0.50	  4.6500	 0.8312	 0.01135223	 0.1687	 0.00111535	 0.3146	        NaN	  2.84	  2.56	 2.0202	 1.1664	 0.1000	
m60413c2r3.htb	 180.0	  0.03	 2.000	 -8.00	 -5.00	 40.00	   1.0	 0.5000	  6.49	 16.0000	  4.18	  2.79	 0.907	 0.04201629	 0.392	  0.402	 16.00	  0.50	  3.6300	 0.9901	 0.00003677	 0.1857	 0.00058798	 0.0482	        NaN	  3.26	  3.22	 0.5000	 2.0696	 0.1000	
m60417c1r3.htb	 180.0	  0.03	 2.000	  0.00	 10.00	 50.00	   0.0	 1.8500	  1.23	 16.0000	  0.39	  0.65	 1.470	 0.08505416	 0.341	  0.481	 16.00	  0.50	  2.7500	 0.8911	 0.00461623	 0.1426	 0.00293247	 0.2583	        NaN	  0.37	  0.86	 1.8483	 0.7834	 0.0010	
m60417c1r3.htb	 180.0	  0.03	 2.000	  0.00	 10.00	 50.00	   1.0	 4.7600	  1.42	 0.5000	  0.75	  0.65	 1.213	 0.83850576	 0.298	  0.513	 16.00	  0.50	 11.2400	 0.6988	 0.03816530	 0.0257	 0.22140549	 0.1158	        NaN	  0.60	  0.82	 4.7643	 1.2369	 0.0010	
m60418c2r3.htb	   0.0	  0.03	 2.000	 -5.00	 -15.00	 50.00	   0.0	 2.2000	 35.18	 16.0000	 19.19	 10.80	 1.135	 0.00000000	 0.669	  0.450	 16.00	  0.50	  5.5300	 0.8630	 0.00739194	 0.5447	 0.00000000	 3.2209	        NaN	  7.49	 27.69	 2.1998	 1.4827	 0.1000	
m60418c2r3.htb	   0.0	  0.03	 2.000	 -5.00	 -15.00	 50.00	   1.0	 2.3600	 37.43	 16.0000	 21.17	 10.80	 1.001	 0.00000000	 0.645	  0.413	 16.00	  0.50	  5.1700	 0.9748	 0.00023934	 0.6384	 0.00000000	 0.4124	        NaN	 13.77	 23.66	 2.3566	 1.2327	 0.1000	
m60418c3r3.htb	   0.0	  0.03	 2.000	  0.00	 -10.00	 50.00	   0.0	 2.8900	 30.49	 16.0000	 22.56	 17.41	 1.153	 0.00005116	 0.536	  0.431	 16.00	  0.50	  5.8000	 0.8030	 0.01563183	 0.3118	 0.00000355	 0.7097	        NaN	 15.42	 15.07	 2.8894	 1.3771	 0.1000	
m60418c3r3.htb	   0.0	  0.03	 2.000	  0.00	 -10.00	 50.00	   1.0	 2.6600	 32.40	 16.0000	 20.73	 17.41	 1.174	 0.00000008	 0.586	  0.431	 16.00	  0.50	  5.3600	 0.9608	 0.00058476	 0.5043	 0.00000000	 0.2436	        NaN	 14.57	 17.84	 2.6578	 1.2103	 0.1000	
m60418c4r3.htb	   0.0	  0.03	 2.000	  0.00	 -10.00	 50.00	   0.0	 2.7300	 28.03	 16.0000	 18.39	 16.42	 1.305	 0.00020288	 0.497	  0.584	 16.00	  0.50	  5.4400	 0.8613	 0.00757884	 0.3042	 0.00000493	 0.4611	        NaN	 12.88	 15.15	 2.7323	 1.2221	 0.1000	
m60418c4r3.htb	   0.0	  0.03	 2.000	  0.00	 -10.00	 50.00	   1.0	 2.2700	 27.61	 16.0000	 18.47	 16.42	 1.347	 0.00139359	 0.490	  0.583	 16.00	  0.50	  5.5200	 0.8590	 0.00783094	 0.2574	 0.00003512	 0.3880	        NaN	 12.01	 15.60	 2.2696	 1.4435	 0.1000	
m60420c3r3.htb	   0.0	  0.03	 2.000	 -5.00	  5.00	 40.00	   0.0	 1.1000	 25.92	 16.0000	 14.18	 14.08	 1.168	 0.00000009	 0.564	  0.478	 16.00	  0.50	  3.7000	 0.9897	 0.00004019	 0.5179	 0.00000000	 0.0773	        NaN	 12.10	 13.82	 1.1031	 1.3337	 0.1000	
m60420c3r3.htb	   0.0	  0.03	 2.000	 -5.00	  5.00	 40.00	   1.0	 0.8100	 26.40	 16.0000	 15.33	 14.08	 1.035	 0.00000000	 0.591	  0.441	 16.00	  0.50	  1.9200	 0.9707	 0.00032615	 0.5661	 0.00000000	 0.2820	        NaN	 15.15	 11.25	 0.8124	 1.0346	 0.0010	
m60420c4r3.htb	   0.0	  0.03	 2.000	 10.00	 -8.00	 40.00	   0.0	 0.7800	 13.02	 16.0000	  3.58	  3.13	 0.959	 0.00103417	 0.439	  1.124	 16.00	  0.50	  1.5100	 0.9888	 0.00004698	 0.3049	 0.00000479	 0.0106	        NaN	  3.54	  9.48	 0.7838	 0.9051	 0.0010	
m60420c4r3.htb	   0.0	  0.03	 2.000	 10.00	 -8.00	 40.00	   1.0	 0.5000	 14.84	 16.0000	  2.90	  3.13	 1.000	 0.00000137	 0.514	  1.078	 16.00	  0.50	  1.4000	 0.9595	 0.00062374	 0.4513	 0.00000000	 0.1410	        NaN	  2.79	 12.05	 0.5000	 1.1325	 0.0010	
m60420c5r3.htb	   0.0	  0.03	 2.000	  8.00	 -5.00	 40.00	   0.0	 1.6700	 29.28	 16.0000	 22.90	 15.22	 0.711	 0.02586548	 0.420	  0.455	 16.00	  0.50	  5.1200	 0.9295	 0.00190972	 0.1909	 0.00048270	 0.1599	        NaN	 19.28	 10.00	 1.6683	 1.5499	 0.1000	
m60420c5r3.htb	   0.0	  0.03	 2.000	  8.00	 -5.00	 40.00	   1.0	 1.3800	 30.15	 16.0000	 18.97	 15.22	 0.947	 0.00000547	 0.552	  0.511	 16.00	  0.50	  4.9300	 0.9613	 0.00056891	 0.4235	 0.00000002	 0.3385	        NaN	 12.91	 17.24	 1.3849	 1.6487	 0.1000	
m60424c6r3.htb	   0.0	  0.03	 2.000	 -5.00	 -5.00	 30.00	   0.0	 1.4400	 33.90	 16.0000	  7.08	  0.50	 1.015	 0.00000000	 0.737	  0.560	 16.00	  0.50	  4.3000	 0.9501	 0.00094805	 0.7892	 0.00000000	 3.5331	        NaN	  0.00	 33.90	 1.4420	 1.3252	 0.1000	
m60424c6r3.htb	   0.0	  0.03	 2.000	 -5.00	 -5.00	 30.00	   1.0	 1.2500	 33.54	 16.0000	 14.64	  0.50	 0.861	 0.00000000	 0.652	  0.489	 16.00	  0.50	  4.0500	 0.9667	 0.00042039	 0.7011	 0.00000000	 0.5910	        NaN	 10.29	 23.26	 1.2544	 1.3519	 0.1000	
m60515c4r3.htb	   0.0	  0.03	 2.000	 -10.00	 10.00	 40.00	   0.0	 1.9400	  6.02	 16.0000	  1.62	  1.14	 1.194	 0.00000004	 0.611	  0.372	 16.00	  0.50	  4.7300	 0.9164	 0.00269895	 0.4939	 0.00000000	 0.4408	        NaN	  0.20	  5.82	 1.9351	 1.2299	 0.1000	
m60515c4r3.htb	   0.0	  0.03	 2.000	 -10.00	 10.00	 40.00	   1.0	 1.3000	  6.08	 16.0000	  1.57	  1.14	 1.057	 0.00000001	 0.609	  0.389	 16.00	  0.50	  2.2100	 0.9328	 0.00173400	 0.5334	 0.00000000	 0.7702	        NaN	  1.52	  4.56	 1.3046	 0.8036	 0.1000	
m60518c3r3.htb	   0.0	  0.03	 2.000	 10.00	  5.00	 40.00	   0.0	 3.1600	 25.21	 0.5000	 12.07	  5.87	 1.026	 0.00000000	 0.585	  0.587	 16.00	  0.50	  5.8700	 0.9670	 0.00041246	 0.5922	 0.00000000	 0.2407	        NaN	  5.37	 19.85	 3.1560	 1.1482	 0.1000	
m60518c3r3.htb	   0.0	  0.03	 2.000	 10.00	  5.00	 40.00	   1.0	 1.4600	 26.96	 16.0000	  8.75	  5.87	 0.943	 0.00000000	 0.629	  0.683	 16.00	  0.50	  2.3500	 0.9189	 0.00253881	 0.6113	 0.00000000	 0.7392	        NaN	  8.54	 18.43	 1.4650	 0.7805	 0.1000	
m60518c4r3.htb	   0.0	  0.03	 2.000	  0.00	 -10.00	 40.00	   0.0	 2.6900	 13.04	 16.0000	  6.23	  4.38	 0.825	 0.00000132	 0.537	  0.484	 16.00	  0.50	  3.4700	 0.9576	 0.00068252	 0.4512	 0.00000000	 0.2024	        NaN	  5.89	  7.14	 2.6864	 0.7095	 0.1000	
m60518c4r3.htb	   0.0	  0.03	 2.000	  0.00	 -10.00	 40.00	   1.0	 1.3800	 15.54	 16.0000	  5.19	  4.38	 0.899	 0.00000000	 0.661	  0.403	 16.00	  0.50	  2.3900	 0.9974	 0.00000252	 0.7267	 0.00000000	 0.0271	        NaN	  5.02	 10.52	 1.3769	 0.8514	 0.0304	
m60524c6r3.htb	   0.0	  0.03	 2.000	 -12.00	 -8.00	 40.00	   0.0	 0.9900	 10.77	 16.0000	  6.05	  6.52	 1.146	 0.00023662	 0.502	  0.511	 16.00	  0.50	  2.4700	 0.6875	 0.04128442	 0.2400	 0.00007089	 1.2389	        NaN	  5.89	  4.88	 0.9937	 1.0223	 0.1000	
m60524c6r3.htb	   0.0	  0.03	 2.000	 -12.00	 -8.00	 40.00	   1.0	 1.0200	 10.43	 16.0000	  3.37	  6.52	 1.722	 0.00007912	 0.533	  0.597	 16.00	  0.50	  4.1800	 0.9853	 0.00008121	 0.3719	 0.00000023	 0.0079	        NaN	  1.03	  9.41	 1.0182	 1.6010	 0.1000	
m60629c2r3.htb	   0.0	  0.03	 2.000	  0.00	  0.00	 40.00	   0.0	 1.4900	 24.43	 16.0000	 13.16	 12.09	 1.379	 0.00000002	 0.599	  0.453	 16.00	  0.50	  4.9300	 0.8762	 0.00600184	 0.4830	 0.00000000	 0.8007	        NaN	  7.42	 17.01	 1.4870	 1.5722	 0.1000	
m60629c2r3.htb	   0.0	  0.03	 2.000	  0.00	  0.00	 40.00	   1.0	 0.7300	 26.04	 16.0000	 16.97	 12.09	 1.031	 0.00000236	 0.531	  0.428	 16.00	  0.50	  3.2700	 0.9384	 0.00145266	 0.4306	 0.00000001	 0.3667	        NaN	 15.45	 10.59	 0.7323	 1.5035	 0.1000	
m60630c1r3.htb	   0.0	  0.03	 2.000	  0.00	 -8.00	 60.00	   0.0	 3.8900	 11.80	 0.5000	  6.60	  5.97	 0.946	 0.01918873	 0.406	  0.634	 16.00	  0.50	  6.3400	 0.9928	 0.00001934	 0.2144	 0.00019506	 0.0071	        NaN	  6.28	  5.52	 3.8857	 0.8553	 0.0010	
m60630c1r3.htb	   0.0	  0.03	 2.000	  0.00	 -8.00	 60.00	   1.0	 3.9800	 16.92	 0.5000	  7.78	  5.97	 0.859	 0.00000000	 0.670	  0.445	 16.00	  0.50	  2.9000	 0.8410	 0.01003110	 0.5287	 0.00000000	 1.7868	        NaN	  7.78	  9.14	 3.9754	 0.4556	 0.1000	
m60630c2r3.htb	   0.0	  0.03	 2.000	  0.00	 10.00	 50.00	   0.0	 2.0200	 15.74	 16.0000	  8.27	  6.22	 1.231	 0.00051793	 0.509	  0.589	 16.00	  0.50	  5.2700	 0.9154	 0.00276391	 0.3001	 0.00000588	 0.4042	        NaN	  4.02	 11.72	 2.0178	 1.4237	 0.1000	
m60630c2r3.htb	   0.0	  0.03	 2.000	  0.00	 10.00	 50.00	   1.0	 1.1500	 15.67	 16.0000	  7.41	  6.22	 1.388	 0.00000007	 0.619	  0.450	 16.00	  0.50	  5.0300	 0.8670	 0.00695164	 0.4589	 0.00000000	 0.8363	        NaN	  1.04	 14.63	 1.1452	 1.9835	 0.1000	
m60706c1r3.htb	   0.0	  0.03	 2.000	 10.00	  0.00	 60.00	   0.0	 4.0200	 14.07	 0.5000	 10.30	  7.16	 0.546	 0.11754377	 0.362	  0.528	 16.00	  0.50	  3.6700	 0.9558	 0.00074250	 0.1402	 0.00321030	 0.0691	        NaN	 10.30	  3.77	 4.0245	 0.5480	 0.0010	
m60706c1r3.htb	   0.0	  0.03	 2.000	 10.00	  0.00	 60.00	   1.0	 2.4200	 13.60	 16.0000	  9.16	  7.16	 0.874	 0.00308011	 0.485	  0.421	 16.00	  0.50	  5.6700	 0.8736	 0.00625913	 0.2410	 0.00006821	 0.2986	        NaN	  5.54	  8.06	 2.4170	 1.4674	 0.1000	
m60706c2r3.htb	   0.0	  0.03	 2.000	  0.00	 -10.00	 40.00	   0.0	 2.1400	 14.03	 16.0000	  5.86	  6.32	 1.820	 0.00000318	 0.580	  0.552	 16.00	  0.50	  5.5000	 0.7206	 0.03252478	 0.3260	 0.00000190	 1.3567	        NaN	  0.00	 14.03	 2.1420	 1.4918	 0.1000	
m60706c2r3.htb	   0.0	  0.03	 2.000	  0.00	 -10.00	 40.00	   1.0	 1.9500	 20.37	 16.0000	  4.89	  6.32	 1.315	 0.00000000	 0.694	  0.551	 16.00	  0.50	  3.3400	 0.9615	 0.00056304	 0.6556	 0.00000000	 0.6548	        NaN	  4.03	 16.34	 1.9528	 0.8492	 0.1000	
m60706c3r3.htb	   0.0	  0.03	 2.000	 -5.00	 -10.00	 40.00	   0.0	 1.7400	 21.64	 16.0000	 11.26	 13.08	 1.288	 0.00000005	 0.600	  0.436	 16.00	  0.50	  3.3100	 0.9411	 0.00132961	 0.5036	 0.00000000	 0.3742	        NaN	 10.62	 11.03	 1.7372	 0.9105	 0.1000	
m60706c3r3.htb	   0.0	  0.03	 2.000	 -5.00	 -10.00	 40.00	   1.0	 1.4400	 24.12	 16.0000	 13.20	 13.08	 1.247	 0.00000000	 0.598	  0.400	 16.00	  0.50	  4.2000	 0.9628	 0.00052653	 0.5552	 0.00000000	 0.2410	        NaN	 10.63	 13.50	 1.4407	 1.2882	 0.1000	
m60706c4r3.htb	   0.0	  0.05	 2.000	 10.00	 -10.00	 40.00	   0.0	 0.5000	 11.32	 16.0000	  6.18	  8.01	 1.753	 0.00001415	 0.522	  0.428	 16.00	  0.50	  2.7300	 0.8758	 0.00603877	 0.3670	 0.00000029	 0.5206	        NaN	  5.52	  5.80	 0.5000	 1.5788	 0.1000	
m60706c4r3.htb	   0.0	  0.05	 2.000	 10.00	 -10.00	 40.00	   1.0	 0.6700	 11.79	 16.0000	  6.52	  8.01	 2.002	 0.00010782	 0.511	  0.435	 16.00	  0.50	  4.2600	 0.9403	 0.00136415	 0.3476	 0.00000072	 0.2101	        NaN	  3.50	  8.28	 0.6745	 2.1355	 0.1000	
m60711c2r3.htb	   0.0	  0.03	 2.000	 -5.00	  8.00	 40.00	   0.0	 1.5100	 27.94	 16.0000	 11.13	  5.87	 1.065	 0.00000000	 0.724	  0.356	 16.00	  0.50	  4.7200	 0.9595	 0.00062388	 0.7654	 0.00000000	 0.9162	        NaN	  4.43	 23.51	 1.5065	 1.4551	 0.1000	
m60711c2r3.htb	   0.0	  0.03	 2.000	 -5.00	  8.00	 40.00	   1.0	 1.2800	 28.48	 16.0000	 13.27	  5.87	 0.975	 0.00000000	 0.703	  0.337	 16.00	  0.50	  4.3800	 0.9662	 0.00043279	 0.7647	 0.00000000	 0.9806	        NaN	  8.36	 20.12	 1.2831	 1.4612	 0.1000	
m60712c2r3.htb	   0.0	  0.03	 2.000	 -5.00	  5.00	 40.00	   0.0	 2.7900	 19.77	 16.0000	 11.36	  7.36	 1.098	 0.00009042	 0.518	  0.548	 16.00	  0.50	  5.5000	 0.9299	 0.00188544	 0.3479	 0.00000071	 0.2801	        NaN	  6.15	 13.61	 2.7860	 1.2403	 0.1000	
m60712c2r3.htb	   0.0	  0.03	 2.000	 -5.00	  5.00	 40.00	   1.0	 2.5200	 22.48	 16.0000	 13.20	  7.36	 0.943	 0.00000476	 0.501	  0.506	 16.00	  0.50	  4.9700	 0.9298	 0.00189110	 0.4125	 0.00000003	 0.2680	        NaN	  9.80	 12.69	 2.5190	 1.1398	 0.0010	
m60713c1r3.htb	   0.0	  0.03	 2.000	  8.00	  0.00	 60.00	   0.0	 3.7700	  2.58	 0.5000	  0.35	  0.25	 1.012	 0.00003952	 0.524	  0.470	 16.00	  0.50	  5.4200	 0.9231	 0.00227487	 0.3643	 0.00000033	 0.2826	        NaN	  0.22	  2.36	 3.7737	 0.7717	 0.1000	
m60713c1r3.htb	   0.0	  0.03	 2.000	  8.00	  0.00	 60.00	   1.0	 2.3000	  2.39	 16.0000	  0.70	  0.25	 0.951	 0.00621573	 0.427	  0.486	 16.00	  0.50	  3.9400	 0.9044	 0.00354251	 0.2295	 0.00010779	 0.0515	        NaN	  0.51	  1.88	 2.2974	 0.8870	 0.1000	
m60713c2r3.htb	   0.0	  0.03	 2.000	 -10.00	 10.00	 40.00	   0.0	 1.8300	  2.48	 16.0000	  0.30	  0.60	 1.317	 0.00000718	 0.558	  0.420	 16.00	  0.50	  3.9300	 0.8140	 0.01387926	 0.3536	 0.00000054	 0.6728	        NaN	  0.00	  2.48	 1.8263	 1.0302	 0.1000	
m60713c2r3.htb	   0.0	  0.03	 2.000	 -10.00	 10.00	 40.00	   1.0	 1.8400	  2.01	 16.0000	  0.43	  0.60	 1.356	 0.04978630	 0.480	  0.450	 16.00	  0.50	  4.5600	 0.9511	 0.00091237	 0.1723	 0.00097604	 0.2008	        NaN	  0.00	  2.01	 1.8445	 1.2070	 0.1000	
m60713c3r3.htb	   0.0	  0.03	 2.000	  0.00	  0.00	 40.00	   0.0	 2.5700	  6.36	 16.0000	  2.06	  2.04	 1.453	 0.00025780	 0.520	  0.558	 16.00	  0.50	  5.2300	 0.8944	 0.00433963	 0.3102	 0.00000380	 0.2782	        NaN	  0.09	  6.27	 2.5747	 1.1807	 0.1000	
m60713c3r3.htb	   0.0	  0.03	 2.000	  0.00	  0.00	 40.00	   1.0	 0.9100	  5.48	 16.0000	  2.76	  2.04	 1.479	 0.00105148	 0.497	  0.461	 16.00	  0.50	  4.8100	 0.5802	 0.07839306	 0.1786	 0.00076801	 1.1044	        NaN	  0.25	  5.22	 0.9088	 2.3634	 0.0010	
m60714c1r3.htb	   0.0	  0.03	 2.000	  5.00	  3.00	 40.00	   0.0	 1.9700	 10.17	 16.0000	  2.62	  1.84	 0.939	 0.00000001	 0.562	  0.531	 16.00	  0.50	  3.0800	 0.9241	 0.00221930	 0.5161	 0.00000000	 0.4345	        NaN	  2.35	  7.82	 1.9683	 0.7916	 0.1000	
m60714c1r3.htb	   0.0	  0.03	 2.000	  5.00	  3.00	 40.00	   1.0	 1.7800	 10.00	 16.0000	  2.36	  1.84	 0.957	 0.00000001	 0.628	  0.494	 16.00	  0.50	  3.0800	 0.9516	 0.00089364	 0.5337	 0.00000000	 0.3167	        NaN	  2.05	  7.95	 1.7808	 0.8454	 0.1000	
m60714c2r3.htb	   0.0	  0.03	 2.000	 -5.00	 -8.00	 40.00	   0.0	 2.2000	  2.97	 16.0000	  0.71	  1.19	 1.451	 0.00032507	 0.513	  0.447	 16.00	  0.50	  4.1100	 0.9575	 0.00068878	 0.3261	 0.00000189	 0.0547	        NaN	  0.39	  2.58	 2.1963	 0.9550	 0.1000	
m60714c2r3.htb	   0.0	  0.03	 2.000	 -5.00	 -8.00	 40.00	   1.0	 2.0000	  3.03	 16.0000	  0.90	  1.19	 1.392	 0.00237288	 0.473	  0.440	 16.00	  0.50	  4.0300	 0.9649	 0.00046728	 0.2739	 0.00001785	 0.0509	        NaN	  0.58	  2.45	 2.0046	 1.0291	 0.0010	
m60714c3r3.htb	   0.0	  0.03	 2.000	 -8.00	  0.00	 40.00	   0.0	 0.5000	 28.15	 16.0000	 13.19	 11.07	 1.171	 0.00000014	 0.641	  0.506	 16.00	  0.50	  3.2900	 0.9650	 0.00046551	 0.5982	 0.00000000	 0.2891	        NaN	  8.14	 20.01	 0.5000	 2.0873	 0.0010	
m60714c3r3.htb	   0.0	  0.03	 2.000	 -8.00	  0.00	 40.00	   1.0	 0.5000	 27.04	 16.0000	 16.06	 11.07	 1.015	 0.00001288	 0.566	  0.474	 16.00	  0.50	  3.1200	 0.9804	 0.00014460	 0.5006	 0.00000003	 0.1931	        NaN	 13.69	 13.35	 0.5000	 1.7692	 0.1000	
m60714c4r3.htb	   0.0	  0.03	 2.000	 -5.00	  8.00	 40.00	   0.0	 0.9600	 11.82	 16.0000	  6.53	  4.38	 0.766	 0.00003710	 0.538	  0.458	 16.00	  0.50	  2.8300	 0.7972	 0.01660901	 0.3158	 0.00000298	 0.5658	        NaN	  6.12	  5.70	 0.9617	 1.2235	 0.0010	
m60714c4r3.htb	   0.0	  0.03	 2.000	 -5.00	  8.00	 40.00	   1.0	 1.0200	 10.34	 16.0000	  6.33	  4.38	 1.044	 0.00004663	 0.546	  0.432	 16.00	  0.50	  5.2700	 0.5816	 0.07783663	 0.2272	 0.00011825	 1.3792	        NaN	  1.53	  8.81	 1.0207	 2.4195	 0.1000	
m60717c1r3.htb	   0.0	  0.03	 2.000	 -8.00	 -8.00	 40.00	   0.0	 2.3200	 11.21	 16.0000	  2.46	  2.49	 1.285	 0.00000086	 0.582	  0.725	 16.00	  0.50	  4.7400	 0.9021	 0.00371970	 0.4328	 0.00000001	 1.2118	        NaN	  0.00	 11.21	 2.3219	 1.0872	 0.1000	
m60717c1r3.htb	   0.0	  0.03	 2.000	 -8.00	 -8.00	 40.00	   1.0	 2.6600	 11.51	 16.0000	  4.44	  2.49	 1.027	 0.00002620	 0.518	  0.631	 16.00	  0.50	  2.3600	 0.9817	 0.00012597	 0.3971	 0.00000007	 0.2327	        NaN	  4.41	  7.10	 2.6558	 0.5257	 0.1000	
m60717c2r3.htb	 170.0	  0.03	 2.000	  8.00	 -10.00	 40.00	   0.0	 0.8200	  6.41	 16.0000	  1.33	  1.14	 1.202	 0.00000264	 0.557	  0.538	 16.00	  0.50	  3.6900	 0.9731	 0.00027445	 0.4441	 0.00000001	 0.0850	        NaN	  0.08	  6.33	 0.8168	 1.5909	 0.1000	
m60717c2r3.htb	 170.0	  0.03	 2.000	  8.00	 -10.00	 40.00	   1.0	 0.9300	  6.72	 16.0000	  1.68	  1.14	 1.204	 0.00001504	 0.557	  0.547	 16.00	  0.50	  4.1000	 0.8753	 0.00609409	 0.3655	 0.00000031	 0.5332	        NaN	  0.00	  6.72	 0.9317	 1.6511	 0.1000	
m60719c1r3.htb	   0.0	  0.03	 2.000	  5.00	 -10.00	 40.00	   0.0	 1.2500	  4.36	 16.0000	  1.08	  0.45	 1.115	 0.00000500	 0.546	  0.517	 16.00	  0.50	  4.3700	 0.6750	 0.04490173	 0.2987	 0.00000626	 1.2361	        NaN	  0.00	  4.36	 1.2474	 1.4854	 0.1000	
m60719c1r3.htb	   0.0	  0.03	 2.000	  5.00	 -10.00	 40.00	   1.0	 1.5600	  4.41	 16.0000	  1.97	  0.45	 1.114	 0.00025142	 0.518	  0.458	 16.00	  0.50	  5.3600	 0.5177	 0.10696437	 0.1799	 0.00073146	 1.4672	        NaN	  0.00	  4.41	 1.5618	 1.7854	 0.1000	
m60719c4r3.htb	   0.0	  0.03	 2.000	 -5.00	 10.00	 40.00	   0.0	 1.9700	  6.02	 16.0000	  3.56	  2.54	 1.434	 0.00599106	 0.482	  0.439	 16.00	  0.50	  5.7200	 0.4947	 0.11892486	 0.1261	 0.00535986	 0.9637	        NaN	  1.02	  5.00	 1.9655	 1.7632	 0.1000	
m60719c4r3.htb	   0.0	  0.03	 2.000	 -5.00	 10.00	 40.00	   1.0	 1.9300	  7.73	 16.0000	  2.89	  2.54	 1.472	 0.00000510	 0.590	  0.426	 16.00	  0.50	  5.2700	 0.8130	 0.01403290	 0.3594	 0.00000042	 0.8631	        NaN	  0.00	  7.73	 1.9255	 1.4770	 0.1000	
m60719c4r3.htb	   0.0	  0.03	 2.000	 -5.00	 10.00	 40.00	   0.0	 1.9700	  6.02	 16.0000	  3.56	  2.54	 1.434	 0.00599106	 0.482	  0.439	 16.00	  0.50	  5.7200	 0.4947	 0.11892454	 0.1261	 0.00535983	 0.9637	        NaN	  1.02	  5.00	 1.9655	 1.7632	 0.1000	
m60719c4r3.htb	   0.0	  0.03	 2.000	 -5.00	 10.00	 40.00	   1.0	 1.9300	  7.73	 16.0000	  2.89	  2.54	 1.472	 0.00000510	 0.590	  0.426	 16.00	  0.50	  5.2700	 0.8130	 0.01403262	 0.3594	 0.00000042	 0.8631	        NaN	  0.00	  7.73	 1.9255	 1.4770	 0.1000	
m60721c1r3.htb	   0.0	  0.03	 2.000	  0.00	 -5.00	 40.00	   0.0	 1.8600	 20.10	 16.0000	  5.24	  4.08	 1.032	 0.00000389	 0.563	  0.825	 16.00	  0.50	  3.8000	 0.9600	 0.00060834	 0.4301	 0.00000001	 0.1423	        NaN	  3.57	 16.54	 1.8610	 0.9838	 0.1000	
m60721c1r3.htb	   0.0	  0.03	 2.000	  0.00	 -5.00	 40.00	   1.0	 1.8800	 20.84	 16.0000	  6.70	  4.08	 1.017	 0.00000086	 0.575	  0.717	 16.00	  0.50	  4.2400	 0.9370	 0.00152083	 0.4496	 0.00000000	 0.2116	        NaN	  4.01	 16.83	 1.8816	 1.0941	 0.1000	
m60721c1r3.htb	   0.0	  0.03	 2.000	  0.00	 -5.00	 40.00	   0.0	 1.8600	 20.10	 16.0000	  5.24	  4.08	 1.032	 0.00000389	 0.563	  0.825	 16.00	  0.50	  3.8000	 0.9600	 0.00060834	 0.4301	 0.00000001	 0.1423	        NaN	  3.57	 16.54	 1.8610	 0.9838	 0.1000	
m60721c1r3.htb	   0.0	  0.03	 2.000	  0.00	 -5.00	 40.00	   1.0	 1.8800	 20.84	 16.0000	  6.70	  4.08	 1.017	 0.00000086	 0.575	  0.717	 16.00	  0.50	  4.2400	 0.9370	 0.00152084	 0.4496	 0.00000000	 0.2116	        NaN	  4.01	 16.83	 1.8815	 1.0941	 0.1000	
m60721c2r3.htb	   0.0	  0.03	 2.000	  8.00	 -5.00	 40.00	   0.0	 1.6900	 26.44	 16.0000	  8.39	  4.58	 1.144	 0.00000000	 0.673	  0.519	 16.00	  0.50	  4.7800	 0.9463	 0.00110136	 0.6603	 0.00000000	 1.4721	        NaN	  1.44	 25.00	 1.6857	 1.3746	 0.1000	
m60721c2r3.htb	   0.0	  0.03	 2.000	  8.00	 -5.00	 40.00	   1.0	 1.3600	 26.66	 16.0000	  8.73	  4.58	 1.150	 0.00000000	 0.751	  0.366	 16.00	  0.50	  4.6800	 0.9266	 0.00207397	 0.7641	 0.00000000	 1.9155	        NaN	  1.14	 25.52	 1.3604	 1.5407	 0.1000	
m60721c3r3.htb	   0.0	  0.03	 2.000	 -5.00	  0.00	 40.00	   0.0	 2.2000	 24.52	 16.0000	  5.50	  2.54	 1.115	 0.00000000	 0.780	  0.470	 16.00	  0.50	  4.7200	 0.7018	 0.03736614	 0.5622	 0.00000000	 6.5362	        NaN	  0.00	 24.52	 2.1956	 1.1265	 0.1000	
m60721c3r3.htb	   0.0	  0.03	 2.000	 -5.00	  0.00	 40.00	   1.0	 1.7900	 22.13	 16.0000	  8.60	  2.54	 1.122	 0.00000001	 0.641	  0.573	 16.00	  0.50	  5.2800	 0.8058	 0.01517247	 0.4568	 0.00000000	 2.2663	        NaN	  0.00	 22.13	 1.7911	 1.5574	 0.1000	
m60724c1r3.htb	   0.0	  0.03	 2.000	  0.00	  0.00	 40.00	   0.0	 1.6200	 11.21	 16.0000	  2.19	  2.79	 1.073	 0.00000069	 0.534	  0.876	 16.00	  0.50	  1.9000	 0.9618	 0.00055534	 0.4657	 0.00000000	 0.1606	        NaN	  2.17	  9.04	 1.6242	 0.6542	 0.0010	
m60724c1r3.htb	   0.0	  0.03	 2.000	  0.00	  0.00	 40.00	   1.0	 1.5100	  9.92	 16.0000	  2.43	  2.79	 1.162	 0.00000000	 0.637	  0.541	 16.00	  0.50	  4.1900	 0.8181	 0.01325016	 0.4805	 0.00000000	 2.0501	        NaN	  0.75	  9.17	 1.5064	 1.2500	 0.1000	
m60724c2r3.htb	   0.0	  0.03	 2.000	 -5.00	  5.00	 40.00	   0.0	 1.2900	  8.99	 16.0000	  0.63	  0.55	 1.055	 0.00000000	 0.683	  0.486	 16.00	  0.50	  3.1000	 0.9788	 0.00017027	 0.7215	 0.00000000	 0.3131	        NaN	  0.08	  8.90	 1.2932	 1.0371	 0.1000	
m60724c2r3.htb	   0.0	  0.03	 2.000	 -5.00	  5.00	 40.00	   1.0	 1.2800	  8.17	 16.0000	  1.27	  0.55	 1.062	 0.00000000	 0.671	  0.410	 16.00	  0.50	  3.8800	 0.9435	 0.00121919	 0.6018	 0.00000000	 0.6490	        NaN	  0.00	  8.17	 1.2811	 1.2740	 0.1000	
m60724c3r3.htb	 150.0	  0.03	 2.000	  0.00	  0.00	 40.00	   0.0	 1.7300	 15.53	 16.0000	  4.40	  4.33	 1.386	 0.00000002	 0.632	  0.545	 16.00	  0.50	  4.8300	 0.8887	 0.00482713	 0.4928	 0.00000000	 1.1430	        NaN	  0.00	 15.53	 1.7282	 1.3702	 0.1000	
m60724c3r3.htb	 150.0	  0.03	 2.000	  0.00	  0.00	 40.00	   1.0	 1.6800	 17.00	 16.0000	  6.81	  4.33	 1.273	 0.00000000	 0.633	  0.435	 16.00	  0.50	  4.9700	 0.9260	 0.00210500	 0.5556	 0.00000000	 0.6331	        NaN	  2.00	 15.00	 1.6806	 1.4608	 0.1000	
m60724c4r3.htb	 150.0	  0.03	 2.000	  0.00	 -3.00	 40.00	   0.0	 2.0800	 11.70	 16.0000	  2.03	  1.89	 1.193	 0.00000000	 0.711	  0.431	 16.00	  0.50	  4.4100	 0.8900	 0.00471257	 0.6187	 0.00000000	 1.2525	        NaN	  0.00	 11.70	 2.0821	 1.0673	 0.1000	
m60724c4r3.htb	 150.0	  0.03	 2.000	  0.00	 -3.00	 40.00	   1.0	 1.8900	 11.11	 16.0000	  2.76	  1.89	 1.198	 0.00000001	 0.659	  0.450	 16.00	  0.50	  4.7300	 0.9189	 0.00253862	 0.5262	 0.00000000	 0.5990	        NaN	  0.00	 11.11	 1.8868	 1.2531	 0.1000	
m60724c5r3.htb	 150.0	  0.03	 2.000	 -5.00	 -10.00	 40.00	   0.0	 1.0200	 38.46	 16.0000	 20.03	 15.57	 1.164	 0.00000000	 0.629	  0.506	 16.00	  0.50	  4.4500	 0.9672	 0.00040735	 0.6268	 0.00000000	 0.5571	        NaN	 11.82	 26.64	 1.0231	 1.7359	 0.1000	
m60724c5r3.htb	 150.0	  0.03	 2.000	 -5.00	 -10.00	 40.00	   1.0	 1.1000	 40.22	 16.0000	 19.57	 15.57	 1.246	 0.00000000	 0.711	  0.417	 16.00	  0.50	  4.7500	 0.9414	 0.00131383	 0.7162	 0.00000000	 1.3032	        NaN	  7.75	 32.46	 1.0995	 1.8271	 0.1000	
m60724c6r3.htb	 150.0	  0.03	 2.000	 -5.00	 -10.00	 40.00	   0.0	 3.1600	 24.49	 0.5000	 18.27	 16.22	 1.022	 0.07477669	 0.517	  0.402	 16.00	  0.50	  5.5800	 0.8332	 0.01108067	 0.3160	 0.00344954	 0.7634	        NaN	 16.03	  8.45	 3.1633	 1.0385	 0.1000	
m60724c6r3.htb	 150.0	  0.03	 2.000	 -5.00	 -10.00	 40.00	   1.0	 0.5000	 21.54	 16.0000	 20.24	 16.22	 1.185	 0.21615373	 0.459	  0.365	 16.00	  0.50	  5.0200	 0.0572	 0.64816224	 0.0161	 0.54601343	 3.3004	        NaN	 13.14	  8.40	 0.5000	 5.9887	 0.0010	
m60725c1r3.htb	   0.0	  0.03	 2.000	 -10.00	 -8.00	 40.00	   0.0	 2.0300	  9.16	 16.0000	  2.97	  1.64	 1.218	 0.00000031	 0.614	  0.424	 16.00	  0.50	  5.1200	 0.8914	 0.00459766	 0.4461	 0.00000001	 0.5912	        NaN	  0.00	  9.16	 2.0256	 1.3483	 0.1000	
m60725c1r3.htb	   0.0	  0.03	 2.000	 -10.00	 -8.00	 40.00	   1.0	 1.6700	 10.81	 16.0000	  3.09	  1.64	 1.102	 0.00000000	 0.660	  0.359	 16.00	  0.50	  4.2600	 0.9338	 0.00167860	 0.6595	 0.00000000	 1.1728	        NaN	  1.43	  9.38	 1.6742	 1.1846	 0.1000	
m60725c2r3.htb	   0.0	  0.03	 2.000	  8.00	  0.00	 40.00	   0.0	 1.3900	 24.43	 16.0000	 13.77	 15.02	 1.451	 0.00132640	 0.458	  0.678	 16.00	  0.50	  4.3200	 0.9636	 0.00050339	 0.2901	 0.00000901	 0.0593	        NaN	 10.78	 13.65	 1.3862	 1.3667	 0.1000	
m60725c2r3.htb	   0.0	  0.03	 2.000	  8.00	  0.00	 40.00	   1.0	 0.7900	 26.65	 16.0000	 13.72	 15.02	 1.594	 0.00000025	 0.574	  0.570	 16.00	  0.50	  4.3400	 0.9829	 0.00011091	 0.4959	 0.00000000	 0.2249	        NaN	  7.02	 19.63	 0.7944	 1.9719	 0.1000	
m60726c1r3.htb	   0.0	  0.03	 2.000	  5.00	 -10.00	 40.00	   0.0	 1.3700	 20.47	 16.0000	  1.25	  0.40	 1.016	 0.00000000	 0.665	  0.857	 16.00	  0.50	  3.0200	 0.9918	 0.00002518	 0.6851	 0.00000000	 0.0741	        NaN	  0.08	 20.39	 1.3722	 1.0265	 0.0010	
m60726c1r3.htb	   0.0	  0.03	 2.000	  5.00	 -10.00	 40.00	   1.0	 1.1500	 22.90	 16.0000	  3.93	  0.40	 0.922	 0.00000000	 0.661	  0.678	 16.00	  0.50	  1.9100	 0.9564	 0.00072274	 0.7628	 0.00000000	 1.0601	        NaN	  3.84	 19.06	 1.1508	 0.7857	 0.1000	
m60726c2r3.htb	   0.0	  0.03	 2.000	  5.00	 -5.00	 40.00	   0.0	 0.8500	 27.37	 16.0000	  4.26	  3.53	 1.148	 0.00000000	 0.698	  0.670	 16.00	  0.50	  3.4800	 0.9863	 0.00007120	 0.8061	 0.00000000	 0.3167	        NaN	  0.00	 27.37	 0.8516	 1.4660	 0.1000	
m60726c2r3.htb	   0.0	  0.03	 2.000	  5.00	 -5.00	 40.00	   1.0	 0.9400	 30.72	 16.0000	  7.25	  3.53	 0.999	 0.00000000	 0.728	  0.483	 16.00	  0.50	  2.2900	 0.9848	 0.00008730	 0.8635	 0.00000000	 0.9764	        NaN	  6.70	 24.03	 0.9440	 0.9974	 0.1000	
m60726c3r3.htb	   0.0	  0.03	 2.000	  0.00	 -5.00	 40.00	   0.0	 0.7700	 20.36	 16.0000	  3.60	  1.79	 0.944	 0.00000000	 0.665	  0.619	 16.00	  0.50	  2.4400	 0.9658	 0.00044490	 0.7688	 0.00000000	 0.7947	        NaN	  2.83	 17.53	 0.7707	 1.1678	 0.1000	
m60726c3r3.htb	   0.0	  0.03	 2.000	  0.00	 -5.00	 40.00	   1.0	 0.6200	 24.66	 16.0000	  4.39	  1.79	 0.914	 0.00000000	 0.746	  0.478	 16.00	  0.50	  1.6800	 0.9925	 0.00002093	 0.8812	 0.00000000	 0.3247	        NaN	  4.20	 20.47	 0.6236	 1.0195	 0.1000	
m60726c4r3.htb	   0.0	  0.03	 2.000	  3.00	 -5.00	 40.00	   0.0	 0.5000	 19.52	 16.0000	  5.99	  5.02	 0.942	 0.00000000	 0.641	  0.598	 16.00	  0.50	  1.4000	 0.9858	 0.00007630	 0.7371	 0.00000000	 0.2441	        NaN	  5.86	 13.66	 0.5000	 1.1347	 0.0010	
m60726c4r3.htb	   0.0	  0.03	 2.000	  3.00	 -5.00	 40.00	   1.0	 0.5000	 19.17	 16.0000	  9.26	  5.02	 0.825	 0.00000000	 0.700	  0.360	 16.00	  0.50	  0.7700	 0.8365	 0.01062287	 0.6507	 0.00000000	 3.5668	        NaN	  9.26	  9.92	 0.5000	 0.7776	 0.0010	
m60726c5r3.htb	   0.0	  0.03	 2.000	 -5.00	  0.00	 40.00	   0.0	 0.7100	  9.62	 16.0000	  1.66	  1.14	 1.037	 0.00000000	 0.651	  0.480	 16.00	  0.50	  2.8800	 0.9528	 0.00084964	 0.6455	 0.00000000	 0.5523	        NaN	  0.83	  8.79	 0.7092	 1.3771	 0.1000	
m60726c5r3.htb	   0.0	  0.03	 2.000	 -5.00	  0.00	 40.00	   1.0	 0.8500	  9.99	 16.0000	  3.54	  1.14	 0.928	 0.00000253	 0.550	  0.527	 16.00	  0.50	  3.1000	 0.9803	 0.00014594	 0.4484	 0.00000000	 0.1138	        NaN	  2.66	  7.33	 0.8470	 1.4258	 0.0010	
m60726c6r3.htb	   0.0	  0.03	 2.000	  0.00	  0.00	 40.00	   0.0	 1.1600	  8.07	 16.0000	  0.24	  0.05	 1.002	 0.00000000	 0.704	  0.474	 16.00	  0.50	  2.5000	 0.9668	 0.00041684	 0.7108	 0.00000000	 0.4787	        NaN	  0.04	  8.03	 1.1635	 0.9411	 0.1000	
m60726c6r3.htb	   0.0	  0.03	 2.000	  0.00	  0.00	 40.00	   1.0	 1.0500	  8.66	 16.0000	  0.39	  0.05	 0.986	 0.00000000	 0.657	  0.553	 16.00	  0.50	  2.1000	 0.9765	 0.00020928	 0.6655	 0.00000000	 0.2630	        NaN	  0.29	  8.37	 1.0461	 0.8879	 0.1000	
m60727c1r3.htb	   0.0	  0.03	 2.000	  0.00	 -5.00	 40.00	   0.0	 1.5500	 30.86	 16.0000	  4.41	  4.88	 1.188	 0.00000000	 0.761	  0.561	 16.00	  0.50	  3.9700	 0.9854	 0.00008016	 0.7830	 0.00000000	 0.4790	        NaN	  0.00	 30.86	 1.5546	 1.1537	 0.1000	
m60727c1r3.htb	   0.0	  0.03	 2.000	  0.00	 -5.00	 40.00	   1.0	 1.2700	 36.32	 16.0000	  4.98	  4.88	 1.168	 0.00000000	 0.756	  0.617	 16.00	  0.50	  3.7500	 0.9655	 0.00045143	 0.8056	 0.00000000	 0.9281	        NaN	  0.00	 36.32	 1.2726	 1.2352	 0.1000	
m60727c2r3.htb	   0.0	  0.03	 2.000	  0.00	  0.00	 40.00	   0.0	 1.9600	  1.76	 16.0000	  0.45	  0.15	 1.093	 0.03396484	 0.465	  0.434	 16.00	  0.50	  4.8000	 0.7594	 0.02373608	 0.1484	 0.00236819	 0.4542	        NaN	  0.00	  1.76	 1.9641	 1.2418	 0.1000	
m60727c2r3.htb	   0.0	  0.03	 2.000	  0.00	  0.00	 40.00	   1.0	 1.6700	  1.51	 16.0000	  0.42	  0.15	 1.100	 0.00490995	 0.483	  0.454	 16.00	  0.50	  4.7800	 0.4537	 0.14245285	 0.1185	 0.00706437	 1.1711	        NaN	  0.00	  1.51	 1.6738	 1.3764	 0.1000	
m60801c2r3.htb	   0.0	  0.03	 2.000	  0.00	  0.00	 40.00	   0.0	 0.9100	 16.79	 16.0000	  9.90	 10.15	 1.708	 0.00002197	 0.543	  0.453	 16.00	  0.50	  4.6500	 0.8843	 0.00523044	 0.3614	 0.00000038	 0.6620	        NaN	  5.45	 11.34	 0.9051	 2.0267	 0.1000	
m60801c2r3.htb	   0.0	  0.03	 2.000	  0.00	  0.00	 40.00	   1.0	 0.5200	 17.84	 16.0000	 11.62	 10.15	 1.425	 0.00165580	 0.463	  0.483	 16.00	  0.50	  3.8700	 0.9704	 0.00033273	 0.2859	 0.00001080	 0.0552	        NaN	  8.51	  9.33	 0.5174	 2.2020	 0.1000	
m60801c3r3.htb	   0.0	  0.03	 2.000	  0.00	 -10.00	 40.00	   0.0	 2.0900	 27.87	 16.0000	 12.23	 12.14	 1.329	 0.00003435	 0.541	  0.791	 16.00	  0.50	  4.8300	 0.9415	 0.00131077	 0.3747	 0.00000020	 0.1821	        NaN	  6.96	 20.91	 2.0894	 1.2021	 0.1000	
m60801c3r3.htb	   0.0	  0.03	 2.000	  0.00	 -10.00	 40.00	   1.0	 1.3800	 29.37	 16.0000	 10.65	 12.14	 1.495	 0.00000000	 0.657	  0.574	 16.00	  0.50	  4.8500	 0.9786	 0.00017311	 0.6011	 0.00000000	 0.2026	        NaN	  1.23	 28.13	 1.3769	 1.6149	 0.1000	
m60803c1r3.htb	   0.0	  0.03	 2.000	  8.00	 -5.00	 40.00	   0.0	 2.0000	 13.49	 16.0000	  5.51	  2.79	 0.751	 0.00002424	 0.518	  0.614	 16.00	  0.50	  2.4000	 0.9526	 0.00085615	 0.3871	 0.00000011	 0.2797	        NaN	  5.45	  8.04	 1.9991	 0.6489	 0.1000	
m60803c1r3.htb	   0.0	  0.03	 2.000	  8.00	 -5.00	 40.00	   1.0	 1.4800	 11.50	 16.0000	  4.00	  2.79	 0.797	 0.00000715	 0.515	  0.651	 16.00	  0.50	  2.1900	 0.9913	 0.00002840	 0.4308	 0.00000001	 0.0378	        NaN	  3.95	  7.55	 1.4783	 0.7403	 0.1000	
m60803c3r3.htb	   0.0	  0.03	 2.000	  0.00	  0.00	 40.00	   0.0	 1.9400	 14.12	 16.0000	  6.98	  5.52	 0.856	 0.00000342	 0.551	  0.472	 16.00	  0.50	  2.9800	 0.9923	 0.00002248	 0.4473	 0.00000001	 0.0370	        NaN	  6.76	  7.36	 1.9360	 0.7812	 0.1000	
m60803c3r3.htb	   0.0	  0.03	 2.000	  0.00	  0.00	 40.00	   1.0	 1.8000	 13.66	 16.0000	  6.94	  5.52	 0.928	 0.00000014	 0.593	  0.381	 16.00	  0.50	  4.3300	 0.8923	 0.00451975	 0.4605	 0.00000000	 1.6555	        NaN	  5.46	  8.20	 1.8001	 1.1539	 0.1000	
m60803c4r3.htb	   0.0	  0.03	 2.000	  0.00	  0.00	 40.00	   0.0	 2.2600	 20.73	 16.0000	  4.74	  2.14	 1.115	 0.00000000	 0.686	  0.553	 16.00	  0.50	  4.7700	 0.9438	 0.00120658	 0.6575	 0.00000000	 1.1754	        NaN	  0.00	 20.73	 2.2614	 1.1175	 0.1000	
m60803c4r3.htb	   0.0	  0.03	 2.000	  0.00	  0.00	 40.00	   1.0	 2.5100	 17.41	 16.0000	  8.11	  2.14	 1.075	 0.00000000	 0.644	  0.422	 16.00	  0.50	  5.5300	 0.8541	 0.00840127	 0.4931	 0.00000000	 1.4808	        NaN	  1.89	 15.52	 2.5101	 1.3456	 0.1000	
m60808c1r3.htb	   0.0	  0.03	 2.000	  5.00	 -10.00	 40.00	   0.0	 2.0500	  4.60	 16.0000	  0.23	  0.20	 1.006	 0.00000001	 0.578	  0.554	 16.00	  0.50	  2.6400	 0.9102	 0.00311838	 0.5100	 0.00000000	 0.6783	        NaN	  0.17	  4.43	 2.0529	 0.6821	 0.1000	
m60808c1r3.htb	   0.0	  0.03	 2.000	  5.00	 -10.00	 40.00	   1.0	 2.0400	  5.63	 16.0000	  0.48	  0.20	 0.972	 0.00000000	 0.643	  0.455	 16.00	  0.50	  1.7700	 0.9977	 0.00000198	 0.7616	 0.00000000	 0.0579	        NaN	  0.48	  5.16	 2.0449	 0.5075	 0.1000	
m60808c2r3.htb	   0.0	  0.03	 2.000	  0.00	  0.00	 40.00	   0.0	 1.5400	 13.49	 16.0000	  7.38	  6.47	 1.001	 0.00001595	 0.516	  0.483	 16.00	  0.50	  3.8700	 0.6720	 0.04579495	 0.2797	 0.00001399	 1.5334	        NaN	  6.46	  7.03	 1.5426	 1.1301	 0.1000	
m60808c2r3.htb	   0.0	  0.03	 2.000	  0.00	  0.00	 40.00	   1.0	 1.3700	 13.53	 16.0000	  8.17	  6.47	 0.904	 0.00000823	 0.567	  0.466	 16.00	  0.50	  3.1400	 0.5079	 0.11196720	 0.2191	 0.00016227	 2.3007	        NaN	  7.82	  5.71	 1.3734	 1.0087	 0.1000	
m60809c1r3.htb	   0.0	  0.03	 2.000	  0.00	 -5.00	 40.00	   0.0	 1.9700	 14.47	 16.0000	  2.74	  2.69	 1.068	 0.00000000	 0.683	  0.505	 16.00	  0.50	  3.5100	 0.9651	 0.00046093	 0.6689	 0.00000000	 0.4565	        NaN	  1.89	 12.59	 1.9664	 0.8845	 0.1000	
m60809c1r3.htb	   0.0	  0.03	 2.000	  0.00	 -5.00	 40.00	   1.0	 1.6500	 14.52	 16.0000	  4.35	  2.69	 0.976	 0.00000020	 0.575	  0.638	 16.00	  0.50	  2.8300	 0.8472	 0.00924311	 0.4309	 0.00000001	 0.9824	        NaN	  4.06	 10.46	 1.6505	 0.8320	 0.1000	
m60809c2r3.htb	   0.0	  0.03	 2.000	  0.00	 -5.00	 40.00	   0.0	 1.4300	  8.17	 16.0000	  2.91	  2.59	 1.184	 0.00000024	 0.567	  0.425	 16.00	  0.50	  4.2700	 0.9300	 0.00188465	 0.4701	 0.00000000	 0.4867	        NaN	  1.56	  6.61	 1.4257	 1.3232	 0.1000	
m60809c2r3.htb	   0.0	  0.03	 2.000	  0.00	 -5.00	 40.00	   1.0	 1.4400	  8.42	 16.0000	  3.85	  2.59	 1.098	 0.00009356	 0.527	  0.415	 16.00	  0.50	  4.4300	 0.9647	 0.00047280	 0.3601	 0.00000040	 0.1794	        NaN	  2.48	  5.94	 1.4443	 1.3696	 0.1000	
m60809c3r3.htb	   0.0	  0.03	 2.000	  5.00	  0.00	 40.00	   0.0	 2.1400	 11.23	 16.0000	  7.00	  4.23	 1.109	 0.00017238	 0.546	  0.385	 16.00	  0.50	  5.6200	 0.7267	 0.03105050	 0.2598	 0.00003190	 0.9690	        NaN	  3.47	  7.76	 2.1398	 1.5715	 0.1000	
m60809c3r3.htb	   0.0	  0.03	 2.000	  5.00	  0.00	 40.00	   1.0	 1.7700	 12.39	 16.0000	  7.40	  4.23	 1.034	 0.00021976	 0.524	  0.402	 16.00	  0.50	  5.2200	 0.8683	 0.00681534	 0.3049	 0.00000480	 0.6391	        NaN	  4.40	  7.99	 1.7688	 1.5379	 0.1000	
m60809c4r3.htb	   0.0	  0.03	 2.000	 10.00	  2.00	 40.00	   0.0	 2.3500	 11.41	 16.0000	  5.77	  1.64	 0.955	 0.00000379	 0.561	  0.446	 16.00	  0.50	  5.4800	 0.7554	 0.02456497	 0.3389	 0.00000107	 1.2728	        NaN	  2.08	  9.33	 2.3479	 1.3824	 0.1000	
m60809c4r3.htb	   0.0	  0.03	 2.000	 10.00	  2.00	 40.00	   1.0	 1.8400	 13.30	 16.0000	  5.64	  1.64	 1.041	 0.00000049	 0.619	  0.477	 16.00	  0.50	  5.3500	 0.7005	 0.03769345	 0.3441	 0.00000084	 3.8722	        NaN	  0.47	 12.84	 1.8389	 1.5708	 0.1000	
m60809c5r3.htb	   0.0	  0.03	 2.000	  0.00	  0.00	 40.00	   0.0	 1.9600	 33.75	 16.0000	 20.68	 13.98	 0.959	 0.00000001	 0.607	  0.414	 16.00	  0.50	  5.0500	 0.9784	 0.00017593	 0.5526	 0.00000000	 0.2487	        NaN	 14.79	 18.96	 1.9614	 1.3443	 0.1000	
m60809c5r3.htb	   0.0	  0.03	 2.000	  0.00	  0.00	 40.00	   1.0	 1.6500	 34.78	 16.0000	 21.97	 13.98	 0.951	 0.00000000	 0.614	  0.411	 16.00	  0.50	  5.0600	 0.9292	 0.00192554	 0.5384	 0.00000000	 1.0165	        NaN	 15.15	 19.63	 1.6545	 1.5237	 0.1000	
m60810c1r3.htb	   0.0	  0.03	 2.000	 10.00	 -5.00	 40.00	   0.0	 1.6600	 32.62	 16.0000	 11.46	  8.76	 0.934	 0.00000001	 0.552	  0.880	 16.00	  0.50	  3.1800	 0.9782	 0.00017913	 0.5520	 0.00000000	 0.1813	        NaN	 10.32	 22.30	 1.6586	 0.9077	 0.1000	
m60810c1r3.htb	   0.0	  0.03	 2.000	 10.00	 -5.00	 40.00	   1.0	 1.5100	 34.45	 16.0000	 10.27	  8.76	 0.992	 0.00000000	 0.611	  0.835	 16.00	  0.50	  3.5800	 0.9560	 0.00073828	 0.6145	 0.00000000	 0.9813	        NaN	  7.66	 26.79	 1.5095	 1.0667	 0.1000	
m60810c2r3.htb	   0.0	  0.03	 2.000	  0.00	  5.00	 40.00	   0.0	 1.7300	 29.52	 16.0000	  9.55	  7.21	 1.292	 0.00000000	 0.699	  0.508	 16.00	  0.50	  4.9400	 0.9715	 0.00030780	 0.7072	 0.00000000	 0.4324	        NaN	  0.69	 28.83	 1.7308	 1.4151	 0.1000	
m60810c2r3.htb	   0.0	  0.03	 2.000	  0.00	  5.00	 40.00	   1.0	 1.7000	 34.01	 16.0000	 11.02	  7.21	 1.160	 0.00000000	 0.684	  0.566	 16.00	  0.50	  4.3700	 0.9779	 0.00018446	 0.7090	 0.00000000	 0.8131	        NaN	  5.40	 28.62	 1.6961	 1.2159	 0.1000	
m60810c3r3.htb	   0.0	  0.03	 2.000	  5.00	 -10.00	 40.00	   0.0	 1.4900	 25.37	 16.0000	 10.23	 10.15	 1.466	 0.00000000	 0.693	  0.414	 16.00	  0.50	  4.8600	 0.9759	 0.00021988	 0.6934	 0.00000000	 0.3521	        NaN	  3.06	 22.31	 1.4872	 1.5379	 0.1000	
m60810c3r3.htb	   0.0	  0.03	 2.000	  5.00	 -10.00	 40.00	   1.0	 1.5000	 27.30	 16.0000	 11.62	 10.15	 1.359	 0.00000000	 0.644	  0.492	 16.00	  0.50	  4.7100	 0.9753	 0.00023152	 0.6408	 0.00000000	 0.5740	        NaN	  5.44	 21.87	 1.5025	 1.4517	 0.1000	
m60810c4r3.htb	   0.0	  0.03	 2.000	  5.00	 -5.00	 40.00	   0.0	 0.7800	 14.62	 16.0000	  6.45	  6.02	 1.657	 0.00000008	 0.610	  0.485	 16.00	  0.50	  4.6300	 0.8920	 0.00454579	 0.4697	 0.00000000	 0.7011	        NaN	  0.37	 14.25	 0.7835	 2.2244	 0.1000	
m60810c4r3.htb	   0.0	  0.03	 2.000	  5.00	 -5.00	 40.00	   1.0	 0.5000	 14.74	 16.0000	  8.28	  6.02	 1.524	 0.00000651	 0.567	  0.449	 16.00	  0.50	  4.0800	 0.8502	 0.00886963	 0.3713	 0.00000024	 0.7693	        NaN	  2.58	 12.16	 0.5000	 2.8124	 0.0010	
m60810c5r3.htb	   0.0	  0.03	 2.000	 -5.00	 -10.00	 40.00	   0.0	 2.4400	 16.07	 16.0000	 10.92	  8.40	 1.092	 0.01040481	 0.475	  0.439	 16.00	  0.50	  5.4600	 0.9443	 0.00118415	 0.2470	 0.00013207	 0.1422	        NaN	  7.70	  8.37	 2.4414	 1.3351	 0.1000	
m60810c5r3.htb	   0.0	  0.03	 2.000	 -5.00	 -10.00	 40.00	   1.0	 1.0300	 15.79	 16.0000	 11.02	  8.40	 1.129	 0.04692011	 0.451	  0.493	 16.00	  0.50	  4.8500	 0.8773	 0.00589713	 0.1852	 0.00144994	 0.2181	        NaN	  7.16	  8.63	 1.0285	 2.1627	 0.0010	
m60811c1r3.htb	   0.0	  0.03	 2.000	  0.00	  0.00	 40.00	   0.0	 2.2200	 16.34	 16.0000	  2.56	  1.39	 1.070	 0.00000000	 0.762	  0.384	 16.00	  0.50	  4.2200	 0.9954	 0.00000784	 0.8303	 0.00000000	 0.1162	        NaN	  0.34	 16.00	 2.2172	 0.9755	 0.1000	
m60811c1r3.htb	   0.0	  0.03	 2.000	  0.00	  0.00	 40.00	   1.0	 2.1700	 17.82	 16.0000	  3.21	  1.39	 1.025	 0.00000000	 0.719	  0.458	 16.00	  0.50	  3.9100	 0.9653	 0.00045562	 0.7890	 0.00000000	 0.8196	        NaN	  1.58	 16.23	 2.1700	 0.9133	 0.1000	
m60811c2r3.htb	   0.0	  0.03	 2.000	 -5.00	 -8.00	 40.00	   0.0	 1.7200	 12.13	 16.0000	  4.34	  3.33	 1.273	 0.00000001	 0.633	  0.412	 16.00	  0.50	  4.9200	 0.9909	 0.00003139	 0.5573	 0.00000000	 0.1133	        NaN	  0.93	 11.19	 1.7202	 1.4138	 0.1000	
m60811c2r3.htb	   0.0	  0.03	 2.000	 -5.00	 -8.00	 40.00	   1.0	 1.5000	 10.92	 16.0000	  5.49	  3.33	 1.085	 0.00000007	 0.610	  0.339	 16.00	  0.50	  3.9200	 0.8919	 0.00454616	 0.4712	 0.00000000	 0.6158	        NaN	  4.60	  6.32	 1.4999	 1.1663	 0.1000	
m60811c3r3.htb	   0.0	  0.03	 2.000	  0.00	  5.00	 40.00	   0.0	 1.9700	  8.37	 16.0000	  3.06	  1.64	 1.244	 0.00008401	 0.566	  0.508	 16.00	  0.50	  5.2600	 0.7979	 0.01647621	 0.3000	 0.00000592	 1.1162	        NaN	  0.00	  8.37	 1.9651	 1.4487	 0.1000	
m60811c3r3.htb	   0.0	  0.03	 2.000	  0.00	  5.00	 40.00	   1.0	 2.1000	  8.85	 16.0000	  4.87	  1.64	 1.099	 0.00273776	 0.503	  0.440	 16.00	  0.50	  5.5400	 0.8412	 0.01000355	 0.2351	 0.00008635	 0.4553	        NaN	  1.83	  7.01	 2.1002	 1.5390	 0.1000	
m60811c4r3.htb	   0.0	  0.03	 2.000	  0.00	  0.00	 40.00	   0.0	 1.6100	 21.71	 16.0000	  9.27	  1.35	 0.979	 0.00000033	 0.671	  0.460	 16.00	  0.50	  5.1500	 0.8228	 0.01254500	 0.5381	 0.00000005	 1.7107	        NaN	  1.77	 19.94	 1.6143	 1.6023	 0.1000	
m60811c4r3.htb	   0.0	  0.03	 2.000	  0.00	  0.00	 40.00	   1.0	 1.2600	 24.34	 16.0000	  9.85	  1.35	 0.958	 0.00000000	 0.709	  0.375	 16.00	  0.50	  4.7500	 0.9822	 0.00011962	 0.7782	 0.00000000	 0.6958	        NaN	  2.69	 21.64	 1.2592	 1.6613	 0.1000	
m60811c5r3.htb	   0.0	  0.03	 2.000	 10.00	  5.00	 40.00	   0.0	 5.7800	  3.96	 0.5000	  0.82	  0.20	 0.834	 0.00026178	 0.515	  0.456	 16.00	  0.50	  2.3400	 0.6912	 0.04026318	 0.2394	 0.00007259	 1.3600	        NaN	  0.82	  3.13	 5.7802	 0.2827	 0.1000	
m60811c5r3.htb	   0.0	  0.03	 2.000	 10.00	  5.00	 40.00	   1.0	 2.6500	  2.81	 16.0000	  1.18	  0.20	 0.913	 0.00886186	 0.486	  0.426	 16.00	  0.50	  5.6100	 0.6167	 0.06418820	 0.1494	 0.00228682	 0.9127	        NaN	  0.00	  2.81	 2.6480	 1.3443	 0.1000	
m60815c1r3.htb	   0.0	  0.03	 2.000	  8.00	 -10.00	 40.00	   0.0	 1.9400	  4.43	 16.0000	  0.80	  0.40	 0.920	 0.00000090	 0.524	  0.470	 16.00	  0.50	  2.7700	 0.9473	 0.00105946	 0.4537	 0.00000000	 0.2269	        NaN	  0.72	  3.71	 1.9394	 0.7620	 0.0010	
m60815c1r3.htb	   0.0	  0.03	 2.000	  8.00	 -10.00	 40.00	   1.0	 1.5300	  4.86	 16.0000	  0.99	  0.40	 0.906	 0.00012150	 0.482	  0.560	 16.00	  0.50	  2.8200	 0.9403	 0.00136217	 0.3447	 0.00000082	 0.3898	        NaN	  0.87	  4.00	 1.5265	 0.8708	 0.1000	
m60815c2r3.htb	   0.0	  0.03	 2.000	 10.00	 -10.00	 40.00	   0.0	 1.8900	 24.48	 16.0000	 12.83	 12.14	 1.385	 0.00001886	 0.550	  0.562	 16.00	  0.50	  5.0500	 0.9843	 0.00009284	 0.4058	 0.00000004	 0.0565	        NaN	  7.39	 17.09	 1.8911	 1.3818	 0.1000	
m60815c2r3.htb	   0.0	  0.03	 2.000	 10.00	 -10.00	 40.00	   1.0	 1.5000	 26.16	 16.0000	 12.27	 12.14	 1.258	 0.00000000	 0.628	  0.450	 16.00	  0.50	  3.9500	 0.9360	 0.00157143	 0.6014	 0.00000000	 0.7010	        NaN	  9.91	 16.26	 1.5012	 1.1745	 0.1000	
m60815c4r3.htb	   0.0	  0.03	 2.000	 -5.00	  5.00	 40.00	   0.0	 2.4800	 16.10	 16.0000	  8.18	  6.77	 1.159	 0.16228258	 0.384	  0.959	 16.00	  0.50	  5.0100	 0.9306	 0.00184936	 0.1234	 0.00591652	 0.0903	        NaN	  5.28	 10.82	 2.4814	 1.1271	 0.1000	
m60815c4r3.htb	   0.0	  0.03	 2.000	 -5.00	  5.00	 40.00	   1.0	 1.6400	 19.02	 16.0000	  7.59	  6.77	 1.266	 0.00395309	 0.470	  0.885	 16.00	  0.50	  4.8500	 0.9764	 0.00021021	 0.2618	 0.00002937	 0.0284	        NaN	  2.75	 16.27	 1.6406	 1.4289	 0.1000	
m60821c1r3.htb	   0.0	  0.03	 2.000	  0.00	 -10.00	 40.00	   0.0	 2.5700	 11.23	 16.0000	  3.98	  1.74	 0.876	 0.00000201	 0.555	  0.556	 16.00	  0.50	  4.2400	 0.9787	 0.00017155	 0.4523	 0.00000000	 0.1531	        NaN	  2.92	  8.31	 2.5744	 0.8850	 0.1000	
m60821c1r3.htb	   0.0	  0.03	 2.000	  0.00	 -10.00	 40.00	   1.0	 2.4100	 12.48	 16.0000	  4.55	  1.74	 0.812	 0.00000012	 0.572	  0.539	 16.00	  0.50	  3.1900	 0.9737	 0.00026175	 0.5051	 0.00000000	 0.3035	        NaN	  4.28	  8.19	 2.4097	 0.7107	 0.1000	
m60821c2r3.htb	   0.0	  0.03	 2.000	 -5.00	 -10.00	 40.00	   0.0	 0.8500	  4.11	 16.0000	  0.75	  0.95	 1.299	 0.00000000	 0.683	  0.371	 16.00	  0.50	  3.6400	 0.7389	 0.02819071	 0.4509	 0.00000000	 2.1113	        NaN	  0.00	  4.11	 0.8487	 1.5340	 0.1000	
m60821c2r3.htb	   0.0	  0.03	 2.000	 -5.00	 -10.00	 40.00	   1.0	 0.5000	  4.00	 16.0000	  0.91	  0.95	 1.304	 0.00000039	 0.610	  0.429	 16.00	  0.50	  3.3900	 0.8544	 0.00837598	 0.4237	 0.00000002	 1.1780	        NaN	  0.00	  4.00	 0.5000	 1.9150	 0.1000	
m60821c3r3.htb	   0.0	  0.03	 2.000	 -10.00	  0.00	 40.00	   0.0	 2.2200	  8.48	 16.0000	  3.40	  1.44	 1.205	 0.00291489	 0.512	  0.604	 16.00	  0.50	  5.4700	 0.7913	 0.01761871	 0.2196	 0.00015897	 0.5912	        NaN	  0.00	  8.48	 2.2176	 1.4348	 0.1000	
m60821c3r3.htb	   0.0	  0.03	 2.000	 -10.00	  0.00	 40.00	   1.0	 1.7900	 10.17	 16.0000	  3.02	  1.44	 1.181	 0.00043652	 0.562	  0.653	 16.00	  0.50	  4.9200	 0.7766	 0.02031991	 0.2583	 0.00003391	 0.6959	        NaN	  0.00	 10.17	 1.7919	 1.3741	 0.1000	
m60822c3r3.htb	   0.0	  0.03	 2.000	 -8.00	 -10.00	 40.00	   0.0	 2.5800	  2.96	 16.0000	  0.63	  0.40	 0.913	 0.00000305	 0.476	  0.452	 16.00	  0.50	  2.2600	 0.9619	 0.00055162	 0.4360	 0.00000001	 0.2057	        NaN	  0.62	  2.34	 2.5758	 0.5197	 0.1000	
m60822c3r3.htb	   0.0	  0.03	 2.000	 -8.00	 -10.00	 40.00	   1.0	 2.3900	  2.44	 16.0000	  0.71	  0.40	 1.023	 0.00004812	 0.550	  0.334	 16.00	  0.50	  5.0800	 0.8841	 0.00524864	 0.3446	 0.00000082	 0.8395	        NaN	  0.00	  2.44	 2.3882	 1.1849	 0.1000	
m60822c4r3.htb	   0.0	  0.03	 2.000	 -8.00	  0.00	 40.00	   0.0	 2.7300	 13.34	 16.0000	  3.96	  1.34	 1.112	 0.00000000	 0.744	  0.368	 16.00	  0.50	  5.1800	 0.7687	 0.02185135	 0.5973	 0.00000000	 4.3035	        NaN	  0.00	 13.34	 2.7334	 1.1154	 0.1000	
m60822c4r3.htb	   0.0	  0.03	 2.000	 -8.00	  0.00	 40.00	   1.0	 2.3900	 13.36	 16.0000	  3.36	  1.34	 1.112	 0.00000000	 0.734	  0.386	 16.00	  0.50	  4.9200	 0.8164	 0.01350832	 0.5946	 0.00000000	 3.0620	        NaN	  0.00	 13.36	 2.3943	 1.1226	 0.1000	
m60823c1r3.htb	   0.0	  0.03	 2.000	 10.00	  5.00	 40.00	   0.0	 2.0500	 25.20	 16.0000	  2.67	  5.57	 1.284	 0.00000000	 0.683	  0.850	 16.00	  0.50	  3.9100	 0.8705	 0.00658436	 0.6255	 0.00000000	 2.1721	        NaN	  0.00	 25.20	 2.0504	 0.9500	 0.1000	
m60823c1r3.htb	   0.0	  0.03	 2.000	 10.00	  5.00	 40.00	   1.0	 2.1300	 26.43	 16.0000	  7.22	  5.57	 1.202	 0.00000033	 0.565	  0.981	 16.00	  0.50	  4.4900	 0.9709	 0.00032083	 0.4844	 0.00000000	 0.0558	        NaN	  2.86	 23.58	 2.1282	 1.0768	 0.1000	
m60823c2r3.htb	   0.0	  0.03	 2.000	  0.00	  0.00	 40.00	   0.0	 1.0800	 10.69	 16.0000	  6.29	  8.11	 2.315	 0.00003178	 0.505	  0.372	 16.00	  0.50	  4.3100	 0.8770	 0.00592236	 0.3507	 0.00000062	 0.5226	        NaN	  4.71	  5.98	 1.0835	 1.6000	 0.1000	
m60823c2r3.htb	   0.0	  0.03	 2.000	  0.00	  0.00	 40.00	   1.0	 1.1800	 11.68	 16.0000	  6.25	  8.11	 1.945	 0.00030128	 0.437	  0.499	 16.00	  0.50	  3.6300	 0.8929	 0.00446858	 0.3060	 0.00000458	 0.2981	        NaN	  5.43	  6.25	 1.1825	 1.2552	 0.1000	
m60823c3r3.htb	  70.0	  0.03	 2.000	 -5.00	  0.00	 40.00	   0.0	 1.7000	 12.02	 16.0000	  2.88	  3.83	 1.468	 0.00165298	 0.502	  1.023	 16.00	  0.50	  4.6200	 0.8477	 0.00918252	 0.2498	 0.00004795	 0.2936	        NaN	  0.00	 12.02	 1.7037	 1.2953	 0.1000	
m60823c3r3.htb	  70.0	  0.03	 2.000	 -5.00	  0.00	 40.00	   1.0	 1.7200	 14.20	 16.0000	  6.10	  3.83	 1.050	 0.06683575	 0.412	  1.100	 16.00	  0.50	  2.4500	 0.8865	 0.00502658	 0.1504	 0.00219949	 0.3467	        NaN	  6.01	  8.19	 1.7189	 0.7268	 0.1000	
m60823c4r3.htb	  70.0	  0.03	 2.000	 -10.00	  0.00	 40.00	   0.0	 1.4800	 18.86	 16.0000	  8.94	 10.25	 1.654	 0.00000009	 0.596	  0.461	 16.00	  0.50	  4.7800	 0.9618	 0.00055457	 0.5044	 0.00000000	 0.2044	        NaN	  4.61	 14.25	 1.4787	 1.5043	 0.1000	
m60823c4r3.htb	  70.0	  0.03	 2.000	 -10.00	  0.00	 40.00	   1.0	 1.5800	 17.35	 16.0000	 11.55	 10.25	 1.593	 0.00311840	 0.482	  0.507	 16.00	  0.50	  5.4000	 0.7083	 0.03563422	 0.1951	 0.00041033	 0.7560	        NaN	  6.68	 10.67	 1.5769	 1.8065	 0.1000	
m60824c1r3.htb	   0.0	  0.03	 2.000	 -5.00	  5.00	 40.00	   0.0	 2.4000	 26.50	 16.0000	 12.83	  3.13	 0.638	 0.00000002	 0.579	  0.537	 16.00	  0.50	  3.8200	 0.9853	 0.00008198	 0.5451	 0.00000000	 0.1979	        NaN	 11.58	 14.91	 2.3984	 0.8367	 0.1000	
m60824c1r3.htb	   0.0	  0.03	 2.000	 -5.00	  5.00	 40.00	   1.0	 1.9500	 27.45	 16.0000	 17.56	  3.13	 0.549	 0.00014090	 0.486	  0.550	 16.00	  0.50	  4.0700	 0.7990	 0.01630188	 0.2898	 0.00000913	 1.3896	        NaN	 16.08	 11.36	 1.9509	 1.0208	 0.1000	
m60824c2r3.htb	   0.0	  0.03	 2.000	 -5.00	 -5.00	 40.00	   0.0	 2.1800	 25.80	 16.0000	 14.97	  7.81	 0.764	 0.00008535	 0.519	  0.561	 16.00	  0.50	  4.6600	 0.9980	 0.00000155	 0.3748	 0.00000020	 0.0064	        NaN	 12.05	 13.74	 2.1803	 1.1106	 0.1000	
m60824c2r3.htb	   0.0	  0.03	 2.000	 -5.00	 -5.00	 40.00	   1.0	 2.1300	 26.54	 16.0000	 16.42	  7.81	 0.779	 0.00032667	 0.499	  0.556	 16.00	  0.50	  5.1300	 0.9545	 0.00078957	 0.3250	 0.00000199	 0.2238	        NaN	 11.69	 14.85	 2.1251	 1.3085	 0.1000	
m60824c3r3.htb	   0.0	  0.03	 2.000	 -5.00	  0.00	 40.00	   0.0	 2.6900	 10.55	 16.0000	  6.63	  5.92	 1.612	 0.00000002	 0.625	  0.267	 16.00	  0.50	  5.7900	 0.7446	 0.02690861	 0.4125	 0.00000003	 1.7594	        NaN	  3.09	  7.46	 2.6945	 1.4359	 0.1000	
m60824c3r3.htb	   0.0	  0.03	 2.000	 -5.00	  0.00	 40.00	   1.0	 1.8400	 11.53	 16.0000	  6.53	  5.92	 1.453	 0.00000411	 0.565	  0.350	 16.00	  0.50	  5.1100	 0.9566	 0.00071521	 0.4275	 0.00000001	 0.2909	        NaN	  3.99	  7.54	 1.8428	 1.4346	 0.1000	
m60830c1r3.htb	 180.0	  0.03	 2.000	 -8.00	 -10.00	 40.00	   0.0	 1.6000	 15.56	 16.0000	  8.29	  7.11	 0.880	 0.00028998	 0.486	  0.583	 16.00	  0.50	  2.6800	 0.8295	 0.01159294	 0.2851	 0.00001116	 0.7300	        NaN	  8.13	  7.44	 1.5955	 0.8163	 0.1000	
m60830c1r3.htb	 180.0	  0.03	 2.000	 -8.00	 -10.00	 40.00	   1.0	 1.5700	 17.38	 16.0000	  9.25	  7.11	 0.828	 0.00002651	 0.511	  0.593	 16.00	  0.50	  1.7300	 0.8997	 0.00390641	 0.3637	 0.00000034	 0.4039	        NaN	  9.24	  8.14	 1.5675	 0.6021	 0.1000	
m60830c2r3.htb	 180.0	  0.03	 2.000	  0.00	 -10.00	 40.00	   0.0	 0.8700	 14.87	 16.0000	 12.75	 10.60	 0.613	 0.03348345	 0.412	  0.326	 16.00	  0.50	  3.7000	 0.4634	 0.13661406	 0.0908	 0.01928676	 0.8259	        NaN	 12.25	  2.62	 0.8656	 1.5440	 0.1000	
m60830c2r3.htb	 180.0	  0.03	 2.000	  0.00	 -10.00	 40.00	   1.0	 1.5200	 15.78	 16.0000	 13.82	 10.60	 0.477	 0.35463780	 0.296	  0.309	 16.00	  0.50	  2.5000	 0.8884	 0.00485569	 0.0843	 0.02442503	 0.0620	        NaN	 13.78	  2.00	 1.5172	 0.8364	 0.0010	
m60831c1r3.htb	 180.0	  0.03	 2.000	 10.00	  0.00	 40.00	   0.0	 1.8400	  9.96	 16.0000	  1.24	  0.90	 1.062	 0.00000083	 0.563	  0.810	 16.00	  0.50	  3.7300	 0.9817	 0.00012672	 0.4718	 0.00000000	 0.0578	        NaN	  0.33	  9.63	 1.8419	 0.9721	 0.1000	
m60831c1r3.htb	 180.0	  0.03	 2.000	 10.00	  0.00	 40.00	   1.0	 1.5300	 11.72	 16.0000	  0.90	  0.90	 1.066	 0.00000000	 0.628	  0.731	 16.00	  0.50	  3.2700	 0.9673	 0.00040532	 0.6440	 0.00000000	 0.5274	        NaN	  0.15	 11.57	 1.5291	 0.9774	 0.1000	
m60831c4r3.htb	 180.0	  0.03	 2.000	  5.00	  0.00	 60.00	   0.0	 7.5000	 11.01	 0.5000	  5.85	  4.78	 0.827	 0.07099492	 0.400	  0.727	 16.00	  0.50	  4.9700	 0.9520	 0.00087722	 0.1593	 0.00158504	 0.0268	        NaN	  5.85	  5.16	 7.4976	 0.4314	 0.0010	
m60831c4r3.htb	 180.0	  0.03	 2.000	  5.00	  0.00	 60.00	   1.0	 7.1000	 11.03	 0.5000	  4.98	  4.78	 0.897	 0.00486687	 0.493	  0.692	 16.00	  0.50	  3.8300	 0.8315	 0.01130859	 0.2175	 0.00017279	 0.2343	        NaN	  4.98	  6.05	 7.1042	 0.3606	 0.1000	
m60901c4r3.htb	 180.0	  0.03	 2.000	 -5.00	 -5.00	 40.00	   0.0	 2.4700	 10.75	 16.0000	  4.37	  3.68	 0.976	 0.00123620	 0.606	  0.412	 16.00	  0.50	  3.7500	 0.9602	 0.00060301	 0.6031	 0.00000501	 0.8397	        NaN	  3.85	  6.89	 2.4683	 0.8054	 0.1000	
m60901c4r3.htb	 180.0	  0.03	 2.000	 -5.00	 -5.00	 40.00	   1.0	 1.8100	 13.00	 16.0000	  4.00	  3.68	 1.242	 0.01122244	 0.607	  0.515	 16.00	  0.50	  4.9700	 0.9969	 0.00000359	 0.4982	 0.00005620	 0.0067	        NaN	  0.00	 13.00	 1.8057	 1.3899	 0.1000	
m60907c1r3.htb	 180.0	  0.03	 2.000	 10.00	  8.00	 40.00	   0.0	 2.0700	  6.50	 16.0000	  1.95	  1.29	 1.249	 0.00021577	 0.567	  0.544	 16.00	  0.50	  5.0400	 0.6534	 0.05158022	 0.2297	 0.00010684	 1.2881	        NaN	  0.00	  6.50	 2.0724	 1.2900	 0.1000	
m60907c1r3.htb	 180.0	  0.03	 2.000	 10.00	  8.00	 40.00	   1.0	 2.2900	  8.83	 16.0000	  2.91	  1.29	 1.187	 0.00000178	 0.574	  0.469	 16.00	  0.50	  5.2000	 0.9775	 0.00019128	 0.4544	 0.00000000	 0.1114	        NaN	  0.10	  8.73	 2.2941	 1.2660	 0.1000	
m60907c2r3.htb	 180.0	  0.03	 2.000	 10.00	 -10.00	 40.00	   0.0	 3.5000	  1.57	 0.5000	  0.26	  0.80	 2.030	 0.04239424	 0.439	  0.505	 16.00	  0.50	  6.6700	 0.9460	 0.00111431	 0.1771	 0.00081367	 0.1299	        NaN	  0.00	  1.57	 3.4984	 1.0250	 0.0010	
m60907c2r3.htb	 180.0	  0.03	 2.000	 10.00	 -10.00	 40.00	   1.0	 2.9600	  1.95	 16.0000	  1.06	  0.80	 1.703	 0.07889590	 0.370	  0.446	 16.00	  0.50	  5.8800	 0.7476	 0.02624256	 0.1219	 0.00624952	 0.6250	        NaN	  0.16	  1.79	 2.9643	 1.4131	 0.1000	
m60907c3r3.htb	 120.0	  0.03	 2.000	  0.00	 -15.00	 40.00	   0.0	 1.1200	 26.98	 16.0000	 15.02	 14.68	 1.541	 0.00000783	 0.544	  0.623	 16.00	  0.50	  4.7800	 0.9227	 0.00230181	 0.3991	 0.00000006	 0.3140	        NaN	  8.02	 18.96	 1.1184	 1.8277	 0.1000	
m60907c3r3.htb	 120.0	  0.03	 2.000	  0.00	 -15.00	 40.00	   1.0	 0.8500	 27.51	 16.0000	 17.70	 14.68	 1.136	 0.00283019	 0.414	  0.834	 16.00	  0.50	  1.0900	 0.9143	 0.00283934	 0.2546	 0.00003944	 0.2222	        NaN	 17.70	  9.81	 0.8542	 0.6389	 0.1000	
m61024c1r3.htb	   0.0	  0.03	 2.000	  0.00	 10.00	 40.00	   0.0	 1.2700	 14.15	 16.0000	  3.88	  4.43	 1.068	 0.00000543	 0.490	  0.858	 16.00	  0.50	  2.2400	 0.9737	 0.00026082	 0.4291	 0.00000001	 0.1774	        NaN	  3.76	 10.39	 1.2681	 0.8265	 0.1000	
m61024c1r3.htb	   0.0	  0.03	 2.000	  0.00	 10.00	 40.00	   1.0	 1.3200	 14.85	 16.0000	  5.36	  4.43	 0.995	 0.00001037	 0.504	  0.720	 16.00	  0.50	  2.5200	 0.9657	 0.00044619	 0.4115	 0.00000003	 0.2409	        NaN	  5.15	  9.70	 1.3185	 0.8789	 0.1000	
m61024c2r3.htb	   0.0	  0.03	 2.000	  0.00	  5.00	 40.00	   0.0	 1.2600	  6.46	 16.0000	  0.78	  1.04	 1.092	 0.00000409	 0.575	  0.624	 16.00	  0.50	  2.7900	 0.8910	 0.00462772	 0.3982	 0.00000006	 0.4241	        NaN	  0.55	  5.91	 1.2598	 0.9720	 0.1000	
m61024c2r3.htb	   0.0	  0.03	 2.000	  0.00	  5.00	 40.00	   1.0	 1.4100	  6.93	 16.0000	  1.60	  1.04	 1.138	 0.00000484	 0.590	  0.555	 16.00	  0.50	  4.4000	 0.8606	 0.00765927	 0.3814	 0.00000015	 0.8052	        NaN	  0.00	  6.93	 1.4108	 1.3811	 0.1000	
m61027c1r3.htb	   0.0	  0.03	 2.000	 10.00	 -10.00	 40.00	   0.0	 1.6400	 22.67	 16.0000	 11.20	 12.59	 1.488	 0.00000076	 0.560	  0.525	 16.00	  0.50	  4.5700	 0.8875	 0.00493811	 0.4280	 0.00000001	 0.5663	        NaN	  7.67	 15.00	 1.6448	 1.3064	 0.1000	
m61027c1r3.htb	   0.0	  0.03	 2.000	 10.00	 -10.00	 40.00	   1.0	 1.2500	 21.93	 16.0000	 13.05	 12.59	 1.602	 0.00000210	 0.583	  0.470	 16.00	  0.50	  5.1800	 0.7602	 0.02356576	 0.3507	 0.00000062	 1.3674	        NaN	  5.73	 16.19	 1.2508	 1.9664	 0.1000	
m61027c2r3.htb	   0.0	  0.03	 2.000	  5.00	 -5.00	 40.00	   0.0	 2.0400	 13.96	 16.0000	  7.68	  6.97	 0.992	 0.00000157	 0.543	  0.410	 16.00	  0.50	  3.8100	 0.8128	 0.01406683	 0.3799	 0.00000016	 1.0957	        NaN	  7.02	  6.94	 2.0375	 0.9298	 0.1000	
m61027c2r3.htb	   0.0	  0.03	 2.000	  5.00	 -5.00	 40.00	   1.0	 1.4200	 13.24	 16.0000	  9.61	  6.97	 0.968	 0.01431302	 0.433	  0.379	 16.00	  0.50	  5.0700	 0.9073	 0.00332807	 0.2051	 0.00027940	 0.2115	        NaN	  7.35	  5.90	 1.4239	 1.7042	 0.1000	
m61106c4r3.htb	 120.0	  0.03	 2.000	  0.00	 -10.00	 40.00	   0.0	 0.6300	 18.80	 16.0000	  8.86	 10.25	 1.181	 0.00000000	 0.593	  0.458	 16.00	  0.50	  1.8400	 0.9883	 0.00005162	 0.6533	 0.00000000	 0.1829	        NaN	  8.70	 10.11	 0.6329	 1.0724	 0.1000	
m61108c2r3.htb	 180.0	  0.03	 2.000	  0.00	 -10.00	 40.00	   0.0	 1.3200	 16.78	 16.0000	  8.37	  8.51	 1.046	 0.00000001	 0.607	  0.394	 16.00	  0.50	  2.5500	 0.9951	 0.00000908	 0.5662	 0.00000000	 0.0448	        NaN	  8.13	  8.65	 1.3153	 0.9308	 0.0010	
m61108c3r3.htb	 180.0	  0.03	 2.000	 -10.00	 -20.00	 40.00	   0.0	 1.6800	  9.56	 16.0000	  5.61	  5.12	 0.930	 0.00145784	 0.435	  0.413	 16.00	  0.50	  3.0600	 0.9468	 0.00107881	 0.2825	 0.00001245	 0.1228	        NaN	  5.44	  4.13	 1.6829	 0.8739	 0.0903	
m61108c5r3.htb	 180.0	  0.03	 2.000	  0.00	  0.00	 40.00	   0.0	 1.2500	 29.40	 16.0000	 13.22	 12.79	 1.037	 0.00000000	 0.679	  0.375	 16.00	  0.50	  3.0600	 0.9673	 0.00040431	 0.7569	 0.00000000	 0.6134	        NaN	 12.16	 17.23	 1.2481	 1.0489	 0.1000	
m61128c2r3.htb	 180.0	  0.03	 2.000	  5.00	  0.00	 40.00	   0.0	 1.4900	 30.50	 16.0000	  9.10	  7.01	 0.988	 0.00000000	 0.612	  0.674	 16.00	  0.50	  3.3800	 0.8987	 0.00398242	 0.6105	 0.00000000	 1.0227	        NaN	  7.31	 23.19	 1.4878	 1.0235	 0.1000	
m61201c3r3.htb	   0.0	  0.10	 2.000	 -5.00	 -10.00	 40.00	   0.0	 0.9500	 12.36	 16.0000	  8.75	  8.56	 1.055	 0.03476333	 0.291	  0.744	 16.00	  0.50	  3.1800	 0.9066	 0.00337946	 0.0895	 0.00090314	 0.0599	        NaN	  8.35	  4.01	 0.9459	 1.2740	 0.1000	
