FILE			 PrfOR	 PrfSF	 PrfTF	 RFXctr	 RFYctr	 RFDiam	 GrType	 MaxLoc	 MaxRsp	 MinLoc	 MinRsp	 Spont	 TFMI		 AnovaP	 TFDI  	 VarTerm	 MaxX 	 MinX 	 TFHWHM	 RsqMn	 PMean	 RsqRaw	 Praw		 Chi2		 ChiP		 Brat		 Ampl		 Peak		 SD		 Offst		
m60321c1r3.htb	   0.0	  0.03	 2.000	  0.00	 -10.00	 50.00	   0.0	 2.7500	 12.34	 16.0000	  4.35	  2.39	 1.185	 0.00003928	 0.516	  0.799	 16.00	  0.50	  5.2800	 0.8824	 0.00540760	 0.3483	 0.00000069	 0.5442	        NaN	  0.55	 11.79	 2.7486	 1.1510	 0.1000	
m60321c1r3.htb	   0.0	  0.03	 2.000	  0.00	 -10.00	 50.00	   1.0	 2.4500	 11.20	 16.0000	  5.29	  2.39	 1.081	 0.00063049	 0.488	  0.602	 16.00	  0.50	  5.1200	 0.9575	 0.00068810	 0.3087	 0.00000407	 0.1842	        NaN	  2.84	  8.36	 2.4542	 1.1748	 0.1000	
m60321c2r3.htb	   0.0	  0.03	 2.000	 -10.00	 -10.00	 50.00	   0.0	 3.1400	  4.92	 0.5000	  2.23	  1.09	 0.703	 0.10448833	 0.347	  0.528	 16.00	  0.50	  1.0400	 0.8563	 0.00814515	 0.1298	 0.00468951	 0.0936	        NaN	  2.23	  2.69	 3.1385	 0.2341	 0.1000	
m60321c2r3.htb	   0.0	  0.03	 2.000	 -10.00	 -10.00	 50.00	   1.0	 2.8500	  3.78	 16.0000	  1.82	  1.09	 0.911	 0.00054304	 0.498	  0.377	 16.00	  0.50	  5.7300	 0.7942	 0.01712137	 0.2594	 0.00003247	 0.6850	        NaN	  0.20	  3.58	 2.8464	 1.3477	 0.1000	
m60321c3r3.htb	 270.0	  0.03	 2.000	 -5.00	 -15.00	 40.00	   0.0	 1.5800	 21.23	 16.0000	  6.17	  5.92	 1.010	 0.00000000	 0.704	  0.415	 16.00	  0.50	  2.7400	 0.9734	 0.00026773	 0.7615	 0.00000000	 0.5824	        NaN	  5.77	 15.47	 1.5763	 0.8370	 0.1000	
m60321c3r3.htb	 270.0	  0.03	 2.000	 -5.00	 -15.00	 40.00	   1.0	 1.4600	 19.48	 16.0000	  8.00	  5.92	 0.975	 0.00000000	 0.689	  0.371	 16.00	  0.50	  3.4700	 0.7889	 0.01805634	 0.5912	 0.00000000	 3.3968	        NaN	  6.88	 12.60	 1.4552	 1.0623	 0.1000	
m60322c1r3.htb	  30.0	  0.03	 2.000	 10.00	 -10.00	 50.00	   0.0	 4.1900	 11.88	 0.5000	  3.72	  2.44	 0.864	 0.00000000	 0.641	  0.553	 16.00	  0.50	  3.3100	 0.8553	 0.00826214	 0.5233	 0.00000000	 1.5283	        NaN	  3.72	  8.15	 4.1906	 0.4837	 0.1000	
m60322c1r3.htb	  30.0	  0.03	 2.000	 10.00	 -10.00	 50.00	   1.0	 3.2500	 12.49	 0.5000	  3.04	  2.44	 0.957	 0.00000000	 0.661	  0.539	 16.00	  0.50	  4.6600	 0.9028	 0.00366819	 0.6183	 0.00000000	 1.3860	        NaN	  2.04	 10.45	 3.2486	 0.7934	 0.1000	
m60322c3r3.htb	   0.0	  0.03	 4.000	  0.00	 -12.00	 50.00	   0.0	 2.4700	 19.18	 16.0000	 12.39	  7.46	 1.076	 0.00000000	 0.634	  0.322	 16.00	  0.50	  5.7100	 0.7049	 0.03652399	 0.4143	 0.00000003	 4.1651	        NaN	  6.57	 12.61	 2.4684	 1.4752	 0.1000	
m60322c3r3.htb	   0.0	  0.03	 4.000	  0.00	 -12.00	 50.00	   1.0	 2.4000	 18.48	 16.0000	 12.21	  7.46	 1.061	 0.00000030	 0.599	  0.348	 16.00	  0.50	  5.6800	 0.7076	 0.03581702	 0.3546	 0.00000052	 3.0176	        NaN	  6.99	 11.49	 2.4034	 1.4818	 0.1000	
m60323c1r3.htb	   0.0	  0.03	 2.000	 -10.00	 -20.00	 50.00	   0.0	 2.9500	  6.99	 16.0000	  2.68	  3.73	 2.145	 0.00000139	 0.591	  0.483	 16.00	  0.50	  5.5300	 0.7232	 0.03189437	 0.3399	 0.00000102	 1.4050	        NaN	  0.00	  6.99	 2.9525	 1.2017	 0.1000	
m60323c1r3.htb	   0.0	  0.03	 2.000	 -10.00	 -20.00	 50.00	   1.0	 1.9500	  8.53	 16.0000	  2.64	  3.73	 1.527	 0.00004942	 0.526	  0.631	 16.00	  0.50	  2.6000	 0.8284	 0.01174640	 0.3224	 0.00000223	 0.6688	        NaN	  2.57	  5.96	 1.9534	 0.6978	 0.1000	
m60323c2r3.htb	   0.0	  0.03	 2.000	 10.00	 -15.00	 60.00	   0.0	 2.7900	 14.71	 16.0000	  5.66	  2.19	 0.725	 0.00000003	 0.570	  0.532	 16.00	  0.50	  2.3100	 0.9679	 0.00039109	 0.5269	 0.00000000	 0.3596	        NaN	  5.63	  9.08	 2.7875	 0.5112	 0.0010	
m60323c2r3.htb	   0.0	  0.03	 2.000	 10.00	 -15.00	 60.00	   1.0	 2.2800	 13.00	 16.0000	  5.38	  2.19	 0.878	 0.00030638	 0.529	  0.611	 16.00	  0.50	  5.3000	 0.9546	 0.00078504	 0.3267	 0.00000184	 0.2253	        NaN	  1.28	 11.72	 2.2796	 1.3193	 0.1000	
m60323c3r3.htb	   0.0	  0.03	 2.000	  5.00	 -18.00	 40.00	   0.0	 2.5100	 11.80	 16.0000	  7.81	  4.68	 0.963	 0.01327009	 0.450	  0.466	 16.00	  0.50	  5.5900	 0.8185	 0.01318328	 0.1872	 0.00055573	 0.2776	        NaN	  4.94	  6.87	 2.5083	 1.3800	 0.1000	
m60323c3r3.htb	   0.0	  0.03	 2.000	  5.00	 -18.00	 40.00	   1.0	 1.9200	 13.41	 16.0000	  6.65	  4.68	 1.093	 0.00000000	 0.638	  0.322	 16.00	  0.50	  5.1600	 0.9237	 0.00224379	 0.5513	 0.00000000	 0.8450	        NaN	  3.12	 10.30	 1.9214	 1.4182	 0.1000	
m60324c1r3.htb	  30.0	  0.03	 2.000	  0.00	 -5.00	 50.00	   0.0	 3.2200	 20.18	 0.5000	  7.43	  2.84	 1.072	 0.00000000	 0.625	  0.520	 16.00	  0.50	  6.0200	 0.9211	 0.00239642	 0.5886	 0.00000000	 0.9566	        NaN	  1.59	 18.58	 3.2238	 1.1251	 0.1000	
m60324c1r3.htb	  30.0	  0.03	 2.000	  0.00	 -5.00	 50.00	   1.0	 3.0000	 19.30	 16.0000	  7.25	  2.84	 1.096	 0.00000000	 0.675	  0.450	 16.00	  0.50	  5.4100	 0.8957	 0.00422879	 0.6560	 0.00000000	 2.8578	        NaN	  0.80	 18.51	 3.0003	 1.1349	 0.1000	
m60324c2r3.htb	   0.0	  0.03	 2.000	  0.00	 -10.00	 40.00	   0.0	 2.1400	 11.71	 16.0000	  4.53	  3.93	 1.505	 0.00000006	 0.633	  0.427	 16.00	  0.50	  5.4000	 0.8362	 0.01066582	 0.4432	 0.00000001	 1.0535	        NaN	  0.00	 11.71	 2.1444	 1.4295	 0.1000	
m60324c2r3.htb	   0.0	  0.03	 2.000	  0.00	 -10.00	 40.00	   1.0	 1.7900	 13.50	 16.0000	  5.34	  3.93	 1.122	 0.00000002	 0.591	  0.451	 16.00	  0.50	  2.7100	 0.9915	 0.00002704	 0.5502	 0.00000000	 0.1211	        NaN	  5.18	  8.32	 1.7861	 0.7650	 0.1000	
m60324c3r3.htb	   0.0	  0.03	 2.000	  0.00	 -10.00	 40.00	   0.0	 2.1600	 26.89	 16.0000	 15.54	  9.10	 1.058	 0.00000001	 0.630	  0.419	 16.00	  0.50	  5.4400	 0.9182	 0.00258398	 0.5193	 0.00000000	 0.5281	        NaN	  8.08	 18.81	 2.1584	 1.4447	 0.1000	
m60324c3r3.htb	   0.0	  0.03	 2.000	  0.00	 -10.00	 40.00	   1.0	 1.0900	 29.06	 16.0000	 13.62	  9.10	 1.018	 0.00000000	 0.688	  0.351	 16.00	  0.50	  4.0800	 0.9035	 0.00361435	 0.7230	 0.00000000	 3.1779	        NaN	  9.36	 19.70	 1.0901	 1.4886	 0.1000	
m60405c1r3.htb	   0.0	  0.03	 2.000	 -5.00	 -10.00	 40.00	   0.0	 2.0600	 15.54	 16.0000	  5.24	  4.03	 0.933	 0.00000000	 0.630	  0.450	 16.00	  0.50	  3.2100	 0.9513	 0.00090448	 0.6675	 0.00000000	 0.5450	        NaN	  4.81	 10.74	 2.0636	 0.7934	 0.1000	
m60405c1r3.htb	   0.0	  0.03	 2.000	 -5.00	 -10.00	 40.00	   1.0	 1.5700	 15.82	 16.0000	  6.29	  4.03	 0.875	 0.00000000	 0.621	  0.429	 16.00	  0.50	  2.4900	 0.9757	 0.00022363	 0.6219	 0.00000000	 0.3131	        NaN	  6.15	  9.67	 1.5685	 0.7803	 0.1000	
m60405c2r3.htb	   0.0	  0.03	 2.000	 -10.00	 -15.00	 40.00	   0.0	 1.3800	 13.28	 16.0000	  6.56	  7.11	 1.094	 0.00002428	 0.512	  0.511	 16.00	  0.50	  1.9100	 0.9719	 0.00029856	 0.3949	 0.00000008	 0.1281	        NaN	  6.54	  6.75	 1.3833	 0.6986	 0.1000	
m60405c2r3.htb	   0.0	  0.03	 2.000	 -10.00	 -15.00	 40.00	   1.0	 1.4000	 13.61	 16.0000	  7.63	  7.11	 1.003	 0.00669888	 0.428	  0.616	 16.00	  0.50	  1.7300	 0.9460	 0.00111380	 0.2378	 0.00007760	 0.1072	        NaN	  7.62	  5.99	 1.3973	 0.6496	 0.1000	
m60405c3r3.htb	 270.0	  0.03	 2.000	 -5.00	 -15.00	 40.00	   0.0	 1.3700	 18.37	 16.0000	  5.58	  5.62	 1.088	 0.00000000	 0.626	  0.536	 16.00	  0.50	  3.3300	 0.9948	 0.00001022	 0.6166	 0.00000000	 0.1108	        NaN	  4.50	 13.87	 1.3720	 1.0596	 0.1000	
m60405c3r3.htb	 270.0	  0.03	 2.000	 -5.00	 -15.00	 40.00	   1.0	 1.0700	 18.25	 16.0000	  5.63	  5.62	 1.144	 0.00000000	 0.668	  0.462	 16.00	  0.50	  3.7800	 0.9523	 0.00086634	 0.6823	 0.00000000	 0.8384	        NaN	  3.08	 15.17	 1.0704	 1.3872	 0.1000	
m60405c4r3.htb	 300.0	  0.03	 2.000	  0.00	 -10.00	 40.00	   0.0	 1.9700	 12.28	 16.0000	  8.28	  6.62	 1.278	 0.00101026	 0.486	  0.394	 16.00	  0.50	  5.5500	 0.6504	 0.05255102	 0.2010	 0.00032788	 1.1710	        NaN	  5.04	  7.24	 1.9723	 1.6171	 0.1000	
m60405c4r3.htb	 300.0	  0.03	 2.000	  0.00	 -10.00	 40.00	   1.0	 1.2100	 14.16	 16.0000	  5.54	  6.62	 1.266	 0.00000000	 0.628	  0.387	 16.00	  0.50	  3.3400	 0.9418	 0.00129560	 0.6108	 0.00000000	 0.8271	        NaN	  4.66	  9.50	 1.2091	 1.1494	 0.1000	
m60406c1r3.htb	   0.0	  0.03	 2.000	  8.00	 -10.00	 40.00	   0.0	 3.9300	  5.28	 0.5000	  2.14	  1.39	 0.817	 0.00291186	 0.454	  0.538	 16.00	  0.50	  4.9000	 0.9233	 0.00226257	 0.2563	 0.00003677	 0.1055	        NaN	  2.10	  3.18	 3.9304	 0.6916	 0.0010	
m60406c1r3.htb	   0.0	  0.03	 2.000	  8.00	 -10.00	 40.00	   1.0	 1.4600	  5.47	 16.0000	  2.01	  1.39	 1.092	 0.00035812	 0.557	  0.459	 16.00	  0.50	  4.9400	 0.8013	 0.01591421	 0.2708	 0.00002024	 0.6492	        NaN	  0.00	  5.47	 1.4583	 1.6925	 0.0010	
m60406c2r3.htb	   0.0	  0.03	 2.000	  0.00	 -10.00	 40.00	   0.0	 2.4700	 26.63	 16.0000	 13.89	 10.20	 1.190	 0.00000073	 0.578	  0.545	 16.00	  0.50	  5.3400	 0.9762	 0.00021495	 0.4717	 0.00000000	 0.1487	        NaN	  7.08	 19.55	 2.4694	 1.2641	 0.1000	
m60406c2r3.htb	   0.0	  0.03	 2.000	  0.00	 -10.00	 40.00	   1.0	 1.2600	 29.99	 16.0000	 14.80	 10.20	 0.964	 0.00000000	 0.589	  0.562	 16.00	  0.50	  2.9400	 0.8679	 0.00685227	 0.5165	 0.00000000	 1.1345	        NaN	 13.98	 16.01	 1.2567	 1.0142	 0.1000	
m60406c3r3.htb	   0.0	  0.03	 2.000	  5.00	 -10.00	 30.00	   0.0	 1.1800	 26.11	 16.0000	 10.67	 12.14	 1.254	 0.00000001	 0.608	  0.584	 16.00	  0.50	  3.5300	 0.9992	 0.00000024	 0.5685	 0.00000000	 0.0012	        NaN	  8.60	 17.51	 1.1761	 1.2276	 0.1000	
m60406c3r3.htb	   0.0	  0.03	 2.000	  5.00	 -10.00	 30.00	   1.0	 0.8300	 29.57	 16.0000	 12.14	 12.14	 1.190	 0.00000000	 0.631	  0.544	 16.00	  0.50	  3.2800	 0.9867	 0.00006691	 0.6546	 0.00000000	 0.2113	        NaN	  9.55	 20.02	 0.8302	 1.4099	 0.1000	
m60411c2r3.htb	   0.0	  0.03	 2.000	 -10.00	  5.00	 40.00	   0.0	 2.3300	  9.60	 16.0000	  0.94	  0.00	 1.000	 0.00141394	 0.635	  0.583	 16.00	  0.50	  3.9300	 0.9720	 0.00029601	 0.6215	 0.00000476	 0.2082	        NaN	  0.00	  9.60	 2.3306	 0.8766	 0.1000	
m60411c2r3.htb	   0.0	  0.03	 2.000	 -10.00	  5.00	 40.00	   1.0	 1.1700	  7.15	 16.0000	  0.86	  0.00	 0.979	 0.00080446	 0.589	  0.574	 16.00	  0.50	  3.0600	 0.9584	 0.00065741	 0.6546	 0.00000295	 2.5449	        NaN	  0.41	  6.74	 1.1716	 1.0885	 0.1000	
m60412c1r3.htb	   0.0	  0.03	 2.000	 -10.00	 -10.00	 40.00	   0.0	 2.8500	 11.29	 16.0000	  2.73	  0.80	 1.076	 0.00117903	 0.591	  0.637	 16.00	  0.50	  4.9500	 0.8399	 0.01018225	 0.4825	 0.00004111	 0.9007	        NaN	  0.00	 11.29	 2.8535	 1.0063	 0.1000	
m60412c1r3.htb	   0.0	  0.03	 2.000	 -10.00	 -10.00	 40.00	   1.0	 1.9300	 10.75	 16.0000	  3.23	  0.80	 0.929	 0.00444903	 0.590	  0.546	 16.00	  0.50	  2.6000	 0.9576	 0.00068408	 0.5604	 0.00002579	 0.3582	        NaN	  3.13	  7.62	 1.9281	 0.7042	 0.1000	
m60412c2r3.htb	   0.0	  0.03	 2.000	 -10.00	 -15.00	 40.00	   0.0	 1.5400	 17.25	 16.0000	  1.72	  1.09	 1.062	 0.00000000	 0.795	  0.366	 16.00	  0.50	  3.5800	 0.9589	 0.00064376	 0.8133	 0.00000000	 1.2295	        NaN	  0.10	 17.16	 1.5428	 1.0510	 0.1000	
m60412c2r3.htb	   0.0	  0.03	 2.000	 -10.00	 -15.00	 40.00	   1.0	 1.5700	 16.22	 16.0000	  2.43	  1.09	 1.056	 0.00000000	 0.740	  0.401	 16.00	  0.50	  3.8900	 0.9532	 0.00083628	 0.7831	 0.00000000	 1.2771	        NaN	  0.34	 15.88	 1.5686	 1.1252	 0.1000	
m70917c1r3.htb	   0.0	  0.03	 2.000	  0.00	 -3.00	 30.00	   0.0	 1.1000	  0.59	 16.0000	  0.01	  0.02	 1.034	 0.00006693	 0.441	  0.424	 16.00	  0.50	  1.6500	 0.8525	 0.00859117	 0.1757	 0.00000189	 0.6915	        NaN	  0.01	  0.58	 1.0972	 0.7343	 0.1000	
m70918c1r3.htb	   0.0	  0.03	 2.000	 -3.00	 -3.00	 35.00	   0.0	 2.3300	  4.34	 16.0000	  2.10	  3.21	 2.329	 0.01295059	 0.356	  0.558	 16.00	  0.50	  4.2600	 0.9770	 0.00019956	 0.1150	 0.00015163	 0.0015	        NaN	  1.71	  2.63	 2.3275	 0.9847	 0.0010	
m70918c2r3.htb	   0.0	  0.03	 2.000	  0.00	  0.00	 35.00	   0.0	 1.6300	  5.86	 16.0000	  4.84	  4.88	 2.118	 0.60128634	 0.215	  0.633	 16.00	  0.50	  5.5900	 0.3944	 0.18186043	 0.0123	 0.22864597	 0.0904	        NaN	  3.77	  2.09	 1.6263	 1.9274	 0.1000	
m70919c1r3.htb	   0.0	  0.03	 2.000	 -3.00	 -2.00	 35.00	   0.0	 1.6100	 14.21	 16.0000	  1.90	  0.95	 0.936	 0.00000000	 0.574	  0.809	 16.00	  0.50	  2.3000	 0.9638	 0.00049685	 0.5852	 0.00000000	 0.4624	        NaN	  1.79	 12.42	 1.6075	 0.7274	 0.1000	
m70919c2r3.htb	   0.0	  0.03	 2.000	 -5.00	 -10.00	 35.00	   0.0	 2.3300	  3.99	 16.0000	  1.33	  1.39	 1.072	 0.00017193	 0.494	  0.489	 16.00	  0.50	  3.3500	 0.7657	 0.02244652	 0.2738	 0.00001791	 1.0561	        NaN	  1.21	  2.78	 2.3342	 0.7562	 0.1000	
m70919c3r3.htb	   0.0	  0.03	 2.000	 -3.00	  2.00	 30.00	   0.0	 2.0500	  6.83	 16.0000	  1.16	  0.85	 0.958	 0.00000000	 0.638	  0.471	 16.00	  0.50	  2.5900	 0.9300	 0.00188185	 0.5774	 0.00000000	 1.4517	        NaN	  1.10	  5.73	 2.0457	 0.6756	 0.1000	
m70920c1r3.htb	   0.0	  0.03	 2.000	  0.00	  3.00	 40.00	   0.0	 1.7600	 11.51	 16.0000	  5.21	  4.93	 1.080	 0.00127548	 0.450	  0.604	 16.00	  0.50	  3.8500	 0.8806	 0.00557300	 0.2662	 0.00002454	 0.1953	        NaN	  4.40	  7.11	 1.7571	 1.0365	 0.1000	
m70920c3r3.htb	   0.0	  0.03	 2.000	  5.00	 -10.00	 35.00	   0.0	 2.1500	 28.70	 16.0000	  8.58	  5.27	 1.040	 0.00000000	 0.714	  0.485	 16.00	  0.50	  4.4300	 0.9665	 0.00042649	 0.7333	 0.00000000	 0.7298	        NaN	  4.35	 24.35	 2.1530	 1.0510	 0.1000	
m70925c1r3.htb	   0.0	  0.03	 2.000	  0.00	 -5.00	 50.00	   0.0	 5.5500	 10.30	 0.5000	  3.96	  1.59	 0.729	 0.00032428	 0.504	  0.528	 16.00	  0.50	  2.2800	 0.9161	 0.00271518	 0.3121	 0.00000350	 0.6292	        NaN	  3.96	  6.34	 5.5509	 0.2857	 0.1000	
m70925c2r3.htb	   0.0	  0.03	 2.000	  8.00	 -8.00	 35.00	   0.0	 2.5000	 15.36	 16.0000	  5.27	  1.89	 0.829	 0.00000004	 0.588	  0.579	 16.00	  0.50	  3.9600	 0.9280	 0.00199265	 0.5002	 0.00000000	 0.3355	        NaN	  4.19	 11.17	 2.4964	 0.8433	 0.1000	
m70925c3r3.htb	   0.0	  0.03	 2.000	  0.00	 -5.00	 25.00	   0.0	 2.2400	  8.90	 16.0000	  1.39	  0.75	 0.970	 0.00000221	 0.542	  0.748	 16.00	  0.50	  3.4000	 0.8933	 0.00442899	 0.4111	 0.00000003	 0.3750	        NaN	  0.99	  7.91	 2.2370	 0.7896	 0.1000	
m71003c1r3.htb	   0.0	  0.03	 2.000	 -3.00	  3.00	 35.00	   0.0	 1.8500	  4.10	 16.0000	  1.20	  1.32	 1.475	 0.00000096	 0.503	  0.493	 16.00	  0.50	  4.9300	 0.9660	 0.00043765	 0.2587	 0.00000000	 0.0689	        NaN	  0.00	  4.10	 1.8543	 1.3457	 0.1000	
m71003c2r3.htb	   0.0	  0.03	 2.000	  0.00	  0.00	 40.00	   0.0	 1.8500	  8.27	 16.0000	  4.23	  2.84	 0.801	 0.14820539	 0.420	  0.616	 16.00	  0.50	  3.5200	 0.8333	 0.01105448	 0.1139	 0.00837270	 0.2628	        NaN	  3.92	  4.36	 1.8471	 0.9228	 0.1000	
m71004c1r3.htb	   0.0	  0.03	 2.000	  5.00	  0.00	 35.00	   0.0	 2.4000	 11.98	 16.0000	  3.23	  1.04	 0.989	 0.00000290	 0.582	  0.603	 16.00	  0.50	  4.6100	 0.9989	 0.00000042	 0.4539	 0.00000000	 0.0101	        NaN	  1.17	 10.81	 2.4033	 1.0232	 0.1000	
m71004c2r3.htb	   0.0	  0.03	 2.000	  0.00	 10.00	 25.00	   0.0	 1.9900	 22.90	 16.0000	  6.48	  2.29	 1.111	 0.00000000	 0.719	  0.531	 16.00	  0.50	  4.9300	 0.7366	 0.02870308	 0.4852	 0.00000000	 4.7812	        NaN	  0.00	 22.90	 1.9865	 1.2860	 0.1000	
m71005c1r3.htb	   0.0	  0.03	 2.000	  0.00	  0.00	 40.00	   0.0	 1.8600	  3.70	 16.0000	  0.56	  1.34	 1.344	 0.00000843	 0.500	  0.648	 16.00	  0.50	  2.4800	 0.8639	 0.00728553	 0.3722	 0.00000023	 0.6173	        NaN	  0.53	  3.17	 1.8611	 0.6964	 0.1000	
m71005c2r3.htb	   0.0	  0.03	 2.000	  0.00	  5.00	 35.00	   0.0	 1.7100	  6.68	 16.0000	  4.09	  4.08	 1.036	 0.00472561	 0.435	  0.367	 16.00	  0.50	  3.0500	 0.8907	 0.00465006	 0.2338	 0.00009080	 0.2362	        NaN	  3.98	  2.70	 1.7140	 0.8587	 0.1000	
m71016c1r3.htb	   0.0	  0.03	 2.000	  0.00	 -12.00	 40.00	   0.0	 1.5900	 27.91	 16.0000	 15.54	 10.35	 1.266	 0.00000080	 0.604	  0.515	 16.00	  0.50	  5.3700	 0.9025	 0.00369015	 0.4343	 0.00000001	 0.4103	        NaN	  5.68	 22.24	 1.5893	 1.7677	 0.1000	
m71128c1r3.htb	   0.0	  0.03	 2.000	 10.00	  0.00	 30.00	   0.0	 1.0600	 10.49	 16.0000	  5.11	  6.42	 1.327	 0.00643905	 0.455	  0.661	 16.00	  0.50	  1.8200	 0.8995	 0.00392392	 0.2272	 0.00011792	 0.2727	        NaN	  5.09	  5.41	 1.0635	 0.7966	 0.1000	
m71129c1r3.htb	   0.0	  0.03	 2.000	  0.00	 -7.00	 40.00	   0.0	 1.3100	  6.75	 16.0000	  0.25	  0.80	 1.092	 0.00000003	 0.592	  0.856	 16.00	  0.50	  1.3900	 0.8698	 0.00665934	 0.4752	 0.00000000	 1.1931	        NaN	  0.25	  6.50	 1.3136	 0.5751	 0.1000	
m71129c2r3.htb	   0.0	  0.03	 2.000	  0.00	 -8.00	 30.00	   0.0	 1.5700	  7.07	 16.0000	  0.15	  0.40	 1.037	 0.00000000	 0.645	  0.714	 16.00	  0.50	  1.4600	 0.8902	 0.00469440	 0.5431	 0.00000000	 1.9648	        NaN	  0.15	  6.92	 1.5745	 0.5268	 0.1000	
m71129c3r3.htb	   0.0	  0.03	 2.000	  5.00	 -5.00	 40.00	   0.0	 1.4300	 11.40	 16.0000	  0.46	  0.60	 1.021	 0.00000019	 0.590	  0.923	 16.00	  0.50	  2.1900	 0.9578	 0.00067701	 0.4885	 0.00000000	 0.2146	        NaN	  0.37	 11.03	 1.4301	 0.7560	 0.1000	
m71203c1r3.htb	   0.0	  0.03	 2.000	  0.00	 -10.00	 40.00	   0.0	 1.3100	  4.47	 16.0000	  1.31	  2.11	 1.376	 0.00006652	 0.351	  0.798	 16.00	  0.50	  2.6300	 0.9875	 0.00005841	 0.1392	 0.00000025	 0.0443	        NaN	  1.22	  3.25	 1.3090	 0.9102	 0.1000	
m71204c1r3.htb	   0.0	  0.03	 2.000	 -5.00	 -10.00	 30.00	   0.0	 2.0500	 13.33	 16.0000	  5.88	  4.53	 0.867	 0.00007014	 0.516	  0.639	 16.00	  0.50	  2.9000	 0.9516	 0.00089468	 0.3621	 0.00000037	 0.1362	        NaN	  5.70	  7.63	 2.0468	 0.7364	 0.1000	
m71205c2r3.htb	   0.0	  0.03	 2.000	  0.00	  3.00	 30.00	   0.0	 2.0300	 19.61	 16.0000	  5.06	  3.08	 1.187	 0.00000005	 0.598	  0.719	 16.00	  0.50	  4.8500	 0.9899	 0.00003825	 0.5302	 0.00000000	 0.0327	        NaN	  0.00	 19.61	 2.0345	 1.2278	 0.1000	
m71205c3r3.htb	   0.0	  0.03	 2.000	  5.00	  5.00	 30.00	   0.0	 1.8900	 31.91	 16.0000	 21.74	  3.08	 0.567	 0.00000044	 0.599	  0.360	 16.00	  0.50	  5.2800	 0.9064	 0.00339126	 0.4471	 0.00000001	 0.7177	        NaN	 15.56	 16.34	 1.8902	 1.4984	 0.1000	
m71206c1r3.htb	   0.0	  0.03	 2.000	 -5.00	 -10.00	 30.00	   0.0	 1.8000	 32.08	 16.0000	 21.51	 16.47	 0.720	 0.01726226	 0.361	  0.746	 16.00	  0.50	  3.3400	 0.9029	 0.00365471	 0.1983	 0.00036324	 0.1476	        NaN	 20.84	 11.24	 1.7965	 0.8996	 0.1000	
m71210c1r3.htb	   0.0	  0.03	 2.000	  0.00	  0.00	 60.00	   0.0	 1.6800	  3.90	 16.0000	  2.83	  2.64	 0.849	 0.71706679	 0.180	  0.740	 16.00	  0.50	  0.6700	 0.6469	 0.05370699	 0.0160	 0.16885361	 0.0347	        NaN	  2.83	  1.07	 1.6801	 0.2810	 0.0010	
m71211c1r3.htb	   0.0	  0.03	 2.000	 -5.00	 -15.00	 40.00	   0.0	 1.0000	 10.27	 16.0000	  2.34	  2.19	 1.009	 0.00000000	 0.614	  0.460	 16.00	  0.50	  2.4100	 0.9680	 0.00038762	 0.6699	 0.00000000	 0.3497	        NaN	  2.12	  8.15	 1.0046	 0.9969	 0.1000	
m71211c2r3.htb	   0.0	  0.03	 2.000	  0.00	 -15.00	 40.00	   0.0	 0.7800	 24.43	 16.0000	 15.34	 17.86	 1.898	 0.00092027	 0.456	  0.607	 16.00	  0.50	  4.0200	 0.9549	 0.00077291	 0.2976	 0.00000655	 0.1011	        NaN	 11.97	 12.46	 0.7837	 1.7954	 0.1000	
m71211c3r3.htb	   0.0	  0.03	 2.000	  0.00	 -15.00	 40.00	   0.0	 1.3400	 23.57	 16.0000	 10.70	 12.49	 1.564	 0.00000000	 0.714	  0.318	 16.00	  0.50	  4.4900	 0.9858	 0.00007651	 0.7498	 0.00000000	 0.2608	        NaN	  6.24	 17.33	 1.3421	 1.4639	 0.1000	
m71218c1r3.htb	 240.0	  0.03	 2.000	  0.00	  0.00	 30.00	   0.0	 1.9600	 19.35	 16.0000	  5.65	  4.93	 1.325	 0.00000084	 0.556	  0.791	 16.00	  0.50	  4.9300	 0.9607	 0.00058703	 0.4616	 0.00000000	 0.2367	        NaN	  0.24	 19.10	 1.9577	 1.2950	 0.1000	
m71218c2r3.htb	   0.0	  0.03	 2.000	  0.00	  0.00	 20.00	   0.0	 2.1400	  7.83	 16.0000	  0.69	  0.35	 1.047	 0.00000000	 0.689	  0.440	 16.00	  0.50	  3.8000	 0.9239	 0.00222776	 0.6416	 0.00000000	 0.7600	        NaN	  0.00	  7.83	 2.1437	 0.8949	 0.1000	
m71218c3r3.htb	 270.0	  0.03	 2.000	  0.00	  0.00	 40.00	   0.0	 2.2300	 17.11	 16.0000	  2.22	  2.24	 1.151	 0.00000000	 0.670	  0.652	 16.00	  0.50	  4.1500	 0.9236	 0.00224868	 0.5778	 0.00000000	 0.7671	        NaN	  0.00	 17.11	 2.2269	 0.9566	 0.1000	
m71219c1r3.htb	   0.0	  0.03	 2.000	  0.00	  0.00	 20.00	   0.0	 1.8800	  1.78	 16.0000	  0.82	  0.80	 0.975	 0.01595890	 0.368	  0.480	 16.00	  0.50	  1.4600	 0.7799	 0.01969086	 0.0887	 0.00095290	 0.1095	        NaN	  0.82	  0.96	 1.8835	 0.4633	 0.1000	
m71219c2r3.htb	 150.0	  0.03	 2.000	  5.00	  5.00	 20.00	   0.0	 2.2200	  1.86	 16.0000	  0.31	  0.52	 1.390	 0.00014392	 0.443	  0.601	 16.00	  0.50	  4.4000	 0.6241	 0.06152652	 0.1212	 0.00009780	 0.4175	        NaN	  0.00	  1.86	 2.2203	 1.0207	 0.1000	
m71231c1r3.htb	 270.0	  0.03	 2.000	  8.00	 -12.00	 35.00	   0.0	 2.2100	 10.97	 16.0000	  1.69	  1.09	 1.111	 0.00000000	 0.714	  0.397	 16.00	  0.50	  4.3300	 0.9516	 0.00089276	 0.7043	 0.00000000	 0.6028	        NaN	  0.00	 10.97	 2.2122	 1.0030	 0.1000	
m71231c2r3.htb	   0.0	  0.03	 2.000	 -5.00	 -10.00	 35.00	   0.0	 1.0700	 18.19	 16.0000	  6.84	  5.12	 1.353	 0.00000002	 0.622	  0.533	 16.00	  0.50	  4.6900	 0.9842	 0.00009383	 0.5426	 0.00000000	 0.1029	        NaN	  0.51	 17.69	 1.0695	 1.8293	 0.1000	
m71231c3r3.htb	 270.0	  0.03	 2.000	 -10.00	 -10.00	 25.00	   0.0	 1.4600	 16.93	 16.0000	 12.69	 12.04	 0.941	 0.00286254	 0.464	  0.331	 16.00	  0.50	  3.3000	 0.9646	 0.00047642	 0.2683	 0.00002252	 0.0906	        NaN	 12.33	  4.60	 1.4620	 1.0587	 0.0010	
m80102c1r3.htb	 270.0	  0.03	 2.000	  0.00	 -20.00	 40.00	   0.0	 1.8300	  9.29	 16.0000	  1.64	  1.54	 1.050	 0.00000000	 0.635	  0.462	 16.00	  0.50	  3.3600	 0.9483	 0.00102188	 0.6312	 0.00000000	 0.5714	        NaN	  1.15	  8.14	 1.8270	 0.8940	 0.1000	
m80102c2r3.htb	   0.0	  0.03	 2.000	  0.00	 -15.00	 30.00	   0.0	 2.0700	 17.98	 16.0000	  6.52	  7.51	 1.450	 0.00000000	 0.683	  0.384	 16.00	  0.50	  4.7900	 0.9410	 0.00133117	 0.6649	 0.00000000	 1.0262	        NaN	  2.80	 15.18	 2.0652	 1.1965	 0.1000	
m80102c3r3.htb	   0.0	  0.03	 2.000	 10.00	 -18.00	 30.00	   0.0	 1.5100	  6.59	 16.0000	  2.31	  3.48	 2.121	 0.00026063	 0.532	  0.487	 16.00	  0.50	  4.9900	 0.9312	 0.00181598	 0.3227	 0.00000220	 0.2058	        NaN	  0.00	  6.59	 1.5064	 1.5922	 0.1000	
m80103c1r3.htb	   0.0	  0.03	 2.000	  0.00	 -10.00	 30.00	   0.0	 1.6500	 26.94	 16.0000	  6.81	  4.98	 1.013	 0.00000000	 0.694	  0.581	 16.00	  0.50	  3.6500	 0.9663	 0.00043058	 0.7090	 0.00000000	 0.6359	        NaN	  4.69	 22.25	 1.6546	 1.0221	 0.1000	
m80103c2r3.htb	   0.0	  0.03	 2.000	  0.00	 -20.00	 35.00	   0.0	 1.5800	  9.28	 16.0000	  4.12	  3.33	 1.034	 0.00000000	 0.536	  0.419	 16.00	  0.50	  4.1000	 0.8531	 0.00852719	 0.3742	 0.00000000	 0.5694	        NaN	  3.13	  6.15	 1.5814	 1.1820	 0.1000	
m80103c3r3.htb	   0.0	  0.03	 2.000	  8.00	 -10.00	 30.00	   0.0	 1.2700	 15.88	 16.0000	 10.12	  8.69	 1.050	 0.00150881	 0.405	  0.561	 16.00	  0.50	  4.3400	 0.9218	 0.00235471	 0.1942	 0.00001938	 0.1388	        NaN	  8.33	  7.55	 1.2746	 1.4497	 0.1000	
m80103c4r3.htb	 120.0	  0.03	 2.000	 -8.00	 -15.00	 30.00	   0.0	 0.9900	 26.59	 16.0000	 14.66	 10.25	 0.968	 0.00037185	 0.495	  0.650	 16.00	  0.50	  4.1200	 0.9964	 0.00000481	 0.3566	 0.00000119	 0.0271	        NaN	 10.77	 15.82	 0.9851	 1.6103	 0.1000	
m80104c1r3.htb	   0.0	  0.03	 2.000	 -10.00	 -10.00	 25.00	   0.0	 1.3600	 17.49	 16.0000	  2.96	  6.07	 1.531	 0.00000197	 0.560	  0.966	 16.00	  0.50	  4.0200	 0.9812	 0.00013310	 0.4540	 0.00000000	 0.0901	        NaN	  0.00	 17.49	 1.3583	 1.2742	 0.1000	
