FILE			 PrfOR	 PrfSF	 PrfTF	 RFXctr	 RFYctr	 RFDiam	 Direction		 Slope	 Int		 RsqMn	 PMn		 RsqRaw	 PRaw		 
m81513c1r9.htb	 120.0	  0.03	 2.000	  0.00	  0.00	 40.00	 0.0000		 0.0035	 0.6082	 0.3129	 0.1917	 0.0318	 0.1396	 
m81513c1r9.htb	 120.0	  0.03	 2.000	  0.00	  0.00	 40.00	 180.0000		 0.0030	 0.4952	 0.1532	 0.3852	 0.0230	 0.2105	 
m72213c2r9.htb	   0.0	  0.04	 4.000	 10.00	 10.00	 40.00	 315.0000		 0.0145	 2.5752	 0.4584	 0.0948	 0.0752	 0.0958	 
m72213c2r9.htb	   0.0	  0.04	 4.000	 10.00	 10.00	 40.00	 495.0000		 0.0055	 2.3462	 0.1186	 0.4493	 0.0111	 0.5296	 
m20714c1r9.htb	   0.0	  0.03	 2.000	 -5.00	 -10.00	 40.00	 0.0000		 -0.0084	 4.3028	 0.1800	 0.3428	 0.0281	 0.2301	 
m20714c1r9.htb	   0.0	  0.03	 2.000	 -5.00	 -10.00	 40.00	 180.0000		 0.0083	 4.3374	 0.3203	 0.1853	 0.0136	 0.4146	 
m21914c1r9.htb	   0.0	  0.16	 2.000	 -5.00	  5.00	 40.00	 0.0000		 -0.0003	 3.2432	 0.0003	 0.9707	 0.0003	 0.9103	 
m21914c1r9.htb	   0.0	  0.16	 2.000	 -5.00	  5.00	 40.00	 180.0000		 0.0162	 2.4192	 0.3715	 0.1462	 0.0892	 0.0414	 
m22614c3r9.htb	 120.0	  0.04	 4.000	 -10.00	 -10.00	 40.00	 0.0000		 -0.0006	 3.0162	 0.0024	 0.9169	 0.0001	 0.9351	 
m22614c3r9.htb	 120.0	  0.04	 4.000	 -10.00	 -10.00	 40.00	 180.0000		 0.0085	 2.7366	 0.2237	 0.2838	 0.0266	 0.1981	 
m30414c1r999.htb	   0.0	  0.08	 2.000	 -5.00	  5.00	 40.00	 0.0000		 0.0221	 1.7828	 0.7972	 0.0068	 0.2806	 0.0000	 
m30414c1r999.htb	   0.0	  0.08	 2.000	 -5.00	  5.00	 40.00	 180.0000		 0.0171	 1.5485	 0.6305	 0.0330	 0.2053	 0.0002	 
m102314c1r9.htb	 240.0	  0.02	 2.000	 10.00	 10.00	 40.00	 270.0000		 0.0044	 2.3386	 0.1104	 0.4664	 0.0093	 0.4280	 
m102314c1r9.htb	 240.0	  0.02	 2.000	 10.00	 10.00	 40.00	 450.0000		 -0.0127	 2.5004	 0.4304	 0.1095	 0.0989	 0.0080	 
m20714c1r9.htb	   0.0	  0.03	 2.000	 -5.00	 -10.00	 40.00	 0.0000		 -0.0084	 4.3028	 0.1800	 0.3428	 0.0281	 0.2301	 
m20714c1r9.htb	   0.0	  0.03	 2.000	 -5.00	 -10.00	 40.00	 180.0000		 0.0083	 4.3374	 0.3203	 0.1853	 0.0136	 0.4146	 
m22014c1r9.htb	 180.0	  0.03	 2.000	 -10.00	  0.00	 40.00	 0.0000		 0.0113	 0.8426	 0.4612	 0.0934	 0.1012	 0.0073	 
m22014c1r9.htb	 180.0	  0.03	 2.000	 -10.00	  0.00	 40.00	 180.0000		 -0.0070	 1.5403	 0.5159	 0.0691	 0.0173	 0.2774	 
m100114c2r9.htb	  30.0	  0.04	 2.000	 20.00	 -10.00	 40.00	 0.0000		 0.0419	 4.8613	 0.8790	 0.0018	 0.2573	 0.0000	 
m100114c2r9.htb	  30.0	  0.04	 2.000	 20.00	 -10.00	 40.00	 180.0000		 0.0105	 5.2802	 0.3697	 0.1475	 0.0261	 0.2171	 
m100114c2r99.htb	  30.0	  0.04	 2.000	 20.00	 -10.00	 40.00	 0.0000		 0.0441	 4.9416	 0.8224	 0.0048	 0.2998	 0.0001	 
m100114c2r99.htb	  30.0	  0.04	 2.000	 20.00	 -10.00	 40.00	 180.0000		 0.0049	 5.4204	 0.1351	 0.4174	 0.0078	 0.5596	 
m100214c1r9.htb	 240.0	  0.04	 2.000	  0.00	 -10.00	 40.00	 0.0000		 0.0038	 1.5812	 0.0778	 0.5446	 0.0095	 0.4220	 
m100214c1r9.htb	 240.0	  0.04	 2.000	  0.00	 -10.00	 40.00	 180.0000		 0.0038	 1.8228	 0.0572	 0.6056	 0.0071	 0.4878	 
m100214c1r99.htb	 240.0	  0.04	 2.000	  0.00	 -10.00	 40.00	 0.0000		 0.0038	 1.5812	 0.0778	 0.5446	 0.0095	 0.4220	 
m100214c1r99.htb	 240.0	  0.04	 2.000	  0.00	 -10.00	 40.00	 180.0000		 0.0038	 1.8228	 0.0572	 0.6056	 0.0071	 0.4878	 
m100414c2r9.htb	 270.0	  0.04	 4.000	  5.00	 -10.00	 40.00	 270.0000		 0.0192	 0.2794	 0.9240	 0.0006	 0.3469	 0.0000	 
m100414c2r9.htb	 270.0	  0.04	 4.000	  5.00	 -10.00	 40.00	 450.0000		 0.0018	 0.8030	 0.1473	 0.3953	 0.0035	 0.6845	 
m100414c2r99.htb	 270.0	  0.04	 4.000	  5.00	 -10.00	 40.00	 270.0000		 0.0150	 0.5501	 0.9051	 0.0010	 0.2219	 0.0000	 
m100414c2r99.htb	 270.0	  0.04	 4.000	  5.00	 -10.00	 40.00	 450.0000		 0.0043	 0.7786	 0.4273	 0.1113	 0.0190	 0.2554	 
m61913c1r9.htb	  50.0	  0.03	 2.000	 10.00	 10.00	 40.00	 280.0000		 0.0086	 2.2745	 0.4191	 0.1160	 0.0454	 0.0766	 
m61913c1r9.htb	  50.0	  0.03	 2.000	 10.00	 10.00	 40.00	 460.0000		 0.0020	 1.9486	 0.2167	 0.2925	 0.0032	 0.6403	 
m61913c2r9.htb	  75.0	  0.10	 2.000	 10.00	 10.00	 40.00	 270.0000		 0.0075	 2.9475	 0.3493	 0.1623	 0.0345	 0.2275	 
m61913c2r9.htb	  75.0	  0.10	 2.000	 10.00	 10.00	 40.00	 450.0000		 0.0158	 2.8203	 0.5576	 0.0538	 0.1219	 0.0217	 
m62713c1r9.htb	 180.0	  0.03	 2.000	  0.00	 -10.00	 40.00	 0.0000		 -0.0009	 0.8778	 0.0435	 0.6538	 0.0017	 0.8366	 
m62713c1r9.htb	 180.0	  0.03	 2.000	  0.00	 -10.00	 40.00	 180.0000		 -0.0018	 0.8127	 0.0250	 0.7350	 0.0069	 0.6734	 
m120715c1r91.htbViS	  90.0	  0.03	 2.000	  5.00	  5.00	 40.00	 0.0000		 0.0121	 4.2233	 0.6033	 0.0400	 0.0358	 0.0848	 
m120715c1r91.htbViS	  90.0	  0.03	 2.000	  5.00	  5.00	 40.00	 180.0000		 0.0121	 4.2233	 0.6033	 0.0400	 0.0358	 0.0848	 
m120715c1r91.htbV+L	  90.0	  0.03	 2.000	  5.00	  5.00	 40.00	 0.0000		 -0.0073	 2.4195	 0.3380	 0.1710	 0.0228	 0.1732	 
m120715c1r91.htbV+L	  90.0	  0.03	 2.000	  5.00	  5.00	 40.00	 180.0000		 -0.0073	 2.4195	 0.3380	 0.1710	 0.0228	 0.1732	 
m120715c1r91.htbViS	  90.0	  0.03	 2.000	  5.00	  5.00	 40.00	 0.0000		 0.0121	 4.2233	 0.6033	 0.0400	 0.0358	 0.0848	 
m120715c1r91.htbViS	  90.0	  0.03	 2.000	  5.00	  5.00	 40.00	 180.0000		 0.0121	 4.2233	 0.6033	 0.0400	 0.0358	 0.0848	 
m120715c1r91.htbViS	  90.0	  0.03	 2.000	  5.00	  5.00	 40.00	 0.0000		 0.0121	 4.2233	 0.6033	 0.0400	 0.0358	 0.0848	 
m120715c1r91.htbViS	  90.0	  0.03	 2.000	  5.00	  5.00	 40.00	 180.0000		 0.0121	 4.2233	 0.6033	 0.0400	 0.0358	 0.0848	 
m120715c1r91.htbV+L	  90.0	  0.03	 2.000	  5.00	  5.00	 40.00	 0.0000		 -0.0073	 2.4195	 0.3380	 0.1710	 0.0228	 0.1732	 
m120715c1r91.htbV+L	  90.0	  0.03	 2.000	  5.00	  5.00	 40.00	 180.0000		 -0.0073	 2.4195	 0.3380	 0.1710	 0.0228	 0.1732	 
m30216c1r2.htb	   0.0	  0.03	 2.000	  9.00	 -19.00	 40.00	 0.0000		 -0.0014	 0.3914	 0.1392	 0.2883	 0.0082	 0.3693	 
m30216c1r2.htb	   0.0	  0.03	 2.000	  9.00	 -19.00	 40.00	 0.0000		 -0.0014	 0.3914	 0.1392	 0.2883	 0.0082	 0.3693	 
m30216c1r2.htb	   0.0	  0.03	 2.000	  9.00	 -19.00	 40.00	 0.0000		 -0.0014	 0.3914	 0.1392	 0.2883	 0.0082	 0.3693	 
m30216c1r3.htb	   0.0	  0.03	 2.000	  9.00	 -19.00	 40.00	 0.0000		 -0.0014	 0.3914	 0.1392	 0.2883	 0.0082	 0.3693	 
m30216c1r4.htb	   0.0	  0.03	 2.000	  9.00	 -19.00	 40.00	 0.0000		 -0.0014	 0.3914	 0.1392	 0.2883	 0.0082	 0.3693	 
