FILE			 PrfOR	 PrfSF	 PrfTF	 RFXctr	 RFYctr	 RFDiam	 GrType	 MaxLoc	 MaxRsp	 MinLoc	 MinRsp	 Spont	 SFMI		 AnovaP	 SFDI  	 VarTerm	 MaxX 	 MinX 	 SFHWHM	 SFHW25	 SFHW20	 SFHW15	 SFHW10	 RsqMn	 PMean	 RsqRaw	 Praw		 Chi2		 ChiP		 Brat		 Ampl		 Peak		 SD		 Offst		
m82013c1r3.htb	   0.0	  0.03	 2.000	 -10.00	 10.00	 40.00	   0.0	 0.0100	  1.63	 0.6400	  0.05	  0.25	 1.147	 0.00002678	 0.529	  0.514	  0.64	  0.01	  0.0310	  0.0600	  0.0710	  0.0860	  0.1100	 0.9139	 0.00076305	 0.3460	 0.00000009	 0.1584	 0.92386983	  0.05	  1.58	 0.0100	 1.1530	 0.0001	
m72213c2r3.htb	 180.0	  0.03	 2.000	 10.00	 10.00	 40.00	   0.0	 0.0780	  1.88	 0.6400	  0.99	  1.29	 2.786	 0.49036544	 0.313	  0.533	  0.64	  0.01	  0.2270	  0.3640	  0.3980	  0.4340	  0.4730	 0.5155	 0.06920123	 0.0413	 0.09148823	 0.2567	 0.87952760	  0.24	  1.64	 0.0782	 1.5899	 0.0100	
m72213c2r3.htb	 180.0	  0.03	 2.000	 10.00	 10.00	 40.00	   0.0	 0.0780	  1.88	 0.6400	  0.99	  1.29	 2.786	 0.49036544	 0.313	  0.533	  0.64	  0.01	  0.2270	  0.3640	  0.3980	  0.4340	  0.4730	 0.5155	 0.06920120	 0.0413	 0.09148821	 0.2567	 0.87952762	  0.24	  1.64	 0.0782	 1.5899	 0.0100	
m111813c1r3.htb	   0.0	  0.03	 2.000	  0.00	  0.00	 40.00	   0.0	 0.0230	  3.97	 0.6400	  1.14	  3.07	 3.140	 0.37065964	 0.369	  0.948	  0.64	  0.01	  0.0220	  0.0350	  0.0380	  0.0430	  0.0500	 0.7196	 0.01583736	 0.1247	 0.02961627	 0.3892	 0.82318290	  1.14	  2.83	 0.0227	 0.4248	 0.0100	
m111813c2r3.htb	   0.0	  0.03	 2.000	  0.00	  0.00	 40.00	   0.0	 0.3400	  7.43	 0.0100	  5.29	  5.97	 1.465	 0.26808862	 0.310	  0.772	  0.64	  0.01	  0.0440	  0.0640	  0.0690	  0.0750	  0.0840	 0.2378	 0.26697928	 0.0263	 0.17993819	 0.7044	 0.70315248	  5.29	  2.14	 0.3396	 0.1000	 0.0051	
m112113c1r3.htb	   0.0	  0.03	 2.000	 10.00	 10.00	 40.00	   0.0	 0.0220	  5.93	 0.0520	  4.32	  5.12	 1.969	 0.73248563	 0.247	  0.711	  0.64	  0.01	  0.0040	  0.0050	  0.0060	  0.0060	  0.0070	 0.6056	 0.03932159	 0.0325	 0.13519541	 0.1956	 0.90682681	  4.32	  1.63	 0.0216	 0.0892	 0.0046	
m20714c1r3.htb	   0.0	  0.03	 2.000	 -5.00	 -10.00	 40.00	   0.0	 0.0100	  3.49	 0.6400	  2.16	  2.42	 2.580	 0.28782803	 0.379	  0.509	  0.64	  0.01	  0.1720	  0.3360	  0.3820	  0.4330	  0.4910	 0.3361	 0.17249561	 0.0519	 0.11538712	 0.7313	 0.69375521	  0.72	  2.77	 0.0100	 3.0353	 0.0100	
m20714c1r33.htb	   0.0	  0.03	 2.000	 -5.00	 -10.00	 40.00	   0.0	 0.0100	  3.68	 0.6400	  2.30	  2.34	 1.262	 0.42924394	 0.326	  0.520	  0.64	  0.01	  0.1210	  0.2530	  0.2960	  0.3500	  0.4180	 0.7269	 0.01477301	 0.0636	 0.03521662	 0.2178	 0.89683631	  1.99	  1.69	 0.0100	 1.8973	 0.0100	
m20714c2r3.htb	   0.0	  0.03	 2.000	 -10.00	 -10.00	 40.00	   0.0	 0.0380	  4.74	 0.6400	  2.34	  2.69	 1.260	 0.07861490	 0.397	  0.560	  0.64	  0.01	  0.1250	  0.2320	  0.2670	  0.3110	  0.3700	 0.8090	 0.00582748	 0.1295	 0.00221142	 0.3316	 0.84720184	  2.15	  2.59	 0.0383	 1.1374	 0.0100	
m20714c2r33.htb	   0.0	  0.03	 2.000	 -10.00	 -10.00	 40.00	   0.0	 0.0340	  4.68	 0.6400	  2.06	  2.87	 1.566	 0.09719795	 0.379	  0.574	  0.64	  0.01	  0.1200	  0.2260	  0.2610	  0.3060	  0.3660	 0.9009	 0.00109004	 0.1683	 0.00152983	 0.1876	 0.91047766	  1.86	  2.82	 0.0336	 1.1789	 0.0100	
m21914c1r3.htb	   0.0	  0.03	 2.000	 -5.00	  5.00	 40.00	   0.0	 0.0570	  1.37	 0.6400	  0.19	  0.65	 1.891	 0.05266420	 0.459	  0.639	  0.64	  0.01	  0.1610	  0.2840	  0.3200	  0.3640	  0.4180	 0.6235	 0.03468256	 0.1088	 0.00530354	 1.6290	 0.44286922	  0.00	  1.37	 0.0574	 1.1419	 0.0100	
m21914c1r33.htb	   0.0	  0.03	 2.000	 -5.00	  5.00	 40.00	   0.0	 0.0570	  1.37	 0.6400	  0.19	  0.65	 1.891	 0.05266420	 0.459	  0.639	  0.64	  0.01	  0.1610	  0.2840	  0.3200	  0.3640	  0.4180	 0.6235	 0.03468258	 0.1088	 0.00530354	 1.6290	 0.44286908	  0.00	  1.37	 0.0574	 1.1419	 0.0100	
m22614c3r3.htb	 120.0	  0.03	 4.000	 -10.00	 -10.00	 40.00	   0.0	 0.0430	 10.70	 0.6400	  2.88	  3.48	 1.084	 0.00000021	 0.680	  0.403	  0.64	  0.01	  0.0530	  0.0870	  0.0980	  0.1120	  0.1310	 0.9102	 0.00084880	 0.6516	 0.00000000	 3.6412	 0.16193071	  2.88	  7.83	 0.0427	 0.5794	 0.0100	
m22614c3r33.htb	 120.0	  0.03	 4.000	 -10.00	 -10.00	 40.00	   0.0	 0.0420	 10.84	 0.6400	  2.88	  3.86	 1.140	 0.00000000	 0.689	  0.388	  0.64	  0.01	  0.0470	  0.0770	  0.0860	  0.0980	  0.1150	 0.9354	 0.00036859	 0.6854	 0.00000000	 2.5621	 0.27773884	  2.88	  7.96	 0.0418	 0.5417	 0.0100	
m22614c3r33.htb	 120.0	  0.03	 4.000	 -10.00	 -10.00	 40.00	   0.0	 0.0420	 10.84	 0.6400	  2.88	  3.86	 1.140	 0.00000000	 0.689	  0.388	  0.64	  0.01	  0.0470	  0.0770	  0.0860	  0.0980	  0.1150	 0.9354	 0.00036859	 0.6854	 0.00000000	 2.5621	 0.27773882	  2.88	  7.96	 0.0418	 0.5417	 0.0100	
m22614c3r333.htb	 120.0	  0.03	 4.000	 -10.00	 -10.00	 40.00	   0.0	 0.0430	  9.97	 0.6400	  2.41	  3.63	 1.192	 0.00000000	 0.569	  0.613	  0.64	  0.01	  0.0450	  0.0730	  0.0810	  0.0920	  0.1080	 0.9523	 0.00017166	 0.5718	 0.00000000	 0.4498	 0.79861223	  2.41	  7.56	 0.0427	 0.5154	 0.0100	
m30414c1r3.htb	   0.0	  0.03	 2.000	 -5.00	  5.00	 40.00	   0.0	 0.0590	  5.79	 0.6400	  1.47	  1.58	 1.374	 0.02747544	 0.550	  0.573	  0.64	  0.01	  0.1880	  0.3230	  0.3610	  0.4040	  0.4530	 0.8854	 0.00157458	 0.3213	 0.00025430	 0.4533	 0.79719258	  0.00	  5.79	 0.0588	 1.3575	 0.0100	
m30514c3r33.htb	  30.0	  0.03	 2.000	 -10.00	 20.00	 40.00	   0.0	 0.0120	  9.36	 0.6400	  1.05	  1.18	 1.078	 0.00000000	 0.698	  0.438	  0.64	  0.01	  0.0900	  0.1830	  0.2170	  0.2610	  0.3250	 0.9680	 0.00006302	 0.7224	 0.00000000	 0.3450	 0.84153894	  0.54	  8.82	 0.0125	 1.4069	 0.0100	
m30514c3r333.htb	  30.0	  0.03	 2.000	 -10.00	 20.00	 40.00	   0.0	 0.0140	  8.89	 0.6400	  1.16	  1.11	 1.060	 0.00000000	 0.695	  0.427	  0.64	  0.01	  0.0940	  0.1920	  0.2260	  0.2720	  0.3360	 0.9663	 0.00007174	 0.6931	 0.00000000	 0.5423	 0.76251791	  0.64	  8.25	 0.0142	 1.4018	 0.0100	
m102314c1r3.htb	 240.0	  0.03	 2.000	 10.00	 10.00	 40.00	   0.0	 0.0200	  3.04	 0.6400	  0.65	  0.75	 1.040	 0.00115820	 0.525	  0.523	  0.64	  0.01	  0.0330	  0.0580	  0.0660	  0.0780	  0.0940	 0.9026	 0.00104355	 0.3269	 0.00000630	 0.4829	 0.78549889	  0.65	  2.38	 0.0196	 0.8137	 0.0001	
m102314c1r33.htb	 240.0	  0.03	 2.000	 10.00	 10.00	 40.00	   0.0	 0.0210	  3.08	 0.6400	  0.88	  0.83	 0.979	 0.00232344	 0.501	  0.528	  0.64	  0.01	  0.0270	  0.0460	  0.0520	  0.0590	  0.0710	 0.9129	 0.00078490	 0.2713	 0.00001205	 0.3643	 0.83347276	  0.88	  2.21	 0.0211	 0.6748	 0.0001	
m102314c2r3.htb	  60.0	  0.03	 2.000	  0.00	 -5.00	 40.00	   0.0	 0.0100	  4.30	 0.6400	  0.27	  0.36	 1.090	 0.00377825	 0.557	  0.671	  0.64	  0.01	  0.0650	  0.1480	  0.1810	  0.2260	  0.2920	 0.9409	 0.00029423	 0.3399	 0.00001373	 0.2620	 0.87721213	  0.00	  4.30	 0.0100	 1.7592	 0.0001	
m102314c2r33.htb	  60.0	  0.03	 2.000	  0.00	 -5.00	 40.00	   0.0	 0.0180	  3.88	 0.6400	  0.23	  0.25	 1.068	 0.00025317	 0.568	  0.630	  0.64	  0.01	  0.0820	  0.1730	  0.2060	  0.2500	  0.3140	 0.9733	 0.00003976	 0.3310	 0.00000035	 0.1452	 0.92998933	  0.00	  3.88	 0.0182	 1.4930	 0.0001	
m20714c1r33.htb	   0.0	  0.03	 2.000	 -5.00	 -10.00	 40.00	   0.0	 0.0100	  3.68	 0.6400	  2.30	  2.34	 1.262	 0.42924394	 0.326	  0.520	  0.64	  0.01	  0.1210	  0.2530	  0.2960	  0.3500	  0.4180	 0.7269	 0.01477360	 0.0636	 0.03521716	 0.2177	 0.89685024	  1.99	  1.69	 0.0100	 1.8987	 0.0100	
m22014c1r3.htb	   0.0	  0.03	 2.000	 -10.00	  0.00	 40.00	   0.0	 0.0120	  2.51	 0.0270	  0.97	  1.11	 1.090	 0.53490290	 0.283	  0.769	  0.64	  0.01	  0.0030	  0.0030	  0.0030	  0.0040	  0.0040	 0.6580	 0.02679887	 0.0541	 0.06899820	 0.3998	 0.81880179	  0.97	  1.66	 0.0115	 0.0760	 0.0045	
m22014c1r33.htb	   0.0	  0.03	 2.000	 -10.00	  0.00	 40.00	   0.0	 0.0110	  1.35	 0.6400	  0.49	  1.00	 3.800	 0.52943067	 0.300	  0.745	  0.64	  0.01	  0.1540	  0.3090	  0.3540	  0.4070	  0.4690	 0.7238	 0.01522957	 0.0548	 0.05117074	 0.0870	 0.95745141	  0.00	  1.35	 0.0108	 2.4255	 0.0100	
m100114c2r3.htb	  30.0	  0.03	 2.000	 20.00	 -10.00	 40.00	   0.0	 0.0430	  6.81	 0.6400	  2.47	  3.34	 1.962	 0.00000492	 0.615	  0.435	  0.64	  0.01	  0.1850	  0.3320	  0.3730	  0.4180	  0.4700	 0.5350	 0.06174749	 0.2926	 0.00006009	 5.5586	 0.06208200	  0.00	  6.81	 0.0432	 1.8904	 0.0001	
m100114c2r33.htb	  30.0	  0.03	 2.000	 20.00	 -10.00	 40.00	   0.0	 0.0320	  7.99	 0.6400	  3.86	  3.08	 0.843	 0.00000612	 0.572	  0.468	  0.64	  0.01	  0.0310	  0.0490	  0.0540	  0.0610	  0.0700	 0.7599	 0.01055459	 0.3114	 0.00000052	 1.1798	 0.55437612	  3.86	  4.14	 0.0321	 0.4496	 0.0100	
m100214c1r3.htb	 240.0	  0.03	 2.000	  0.00	 -10.00	 40.00	   0.0	 0.0220	  2.89	 0.6400	  0.73	  1.31	 1.365	 0.00059420	 0.485	  0.484	  0.64	  0.01	  0.0350	  0.0580	  0.0650	  0.0750	  0.0880	 0.9340	 0.00038896	 0.3653	 0.00000165	 0.4411	 0.80209373	  0.73	  2.16	 0.0220	 0.6109	 0.0100	
m100214c1r33.htb	 240.0	  0.03	 2.000	  0.00	 -10.00	 40.00	   0.0	 0.0250	  2.64	 0.6400	  0.86	  1.59	 1.698	 0.00442904	 0.465	  0.497	  0.64	  0.01	  0.0370	  0.0600	  0.0670	  0.0770	  0.0900	 0.9317	 0.00042518	 0.2347	 0.00002140	 0.4009	 0.81835303	  0.86	  1.78	 0.0252	 0.5867	 0.0100	
m100414c2r3.htb	 270.0	  0.03	 2.000	  5.00	 -10.00	 40.00	   0.0	 0.0430	  4.69	 0.6400	  1.02	  0.91	 0.972	 0.00003262	 0.596	  0.425	  0.64	  0.01	  0.0600	  0.1010	  0.1140	  0.1320	  0.1560	 0.9611	 0.00010291	 0.5683	 0.00000003	 0.1864	 0.91103123	  1.02	  3.67	 0.0426	 0.6405	 0.0100	
m100414c2r33.htb	 270.0	  0.03	 2.000	  5.00	 -10.00	 40.00	   0.0	 0.0350	  4.32	 0.6400	  1.18	  1.09	 0.975	 0.00000001	 0.583	  0.389	  0.64	  0.01	  0.0500	  0.0870	  0.0990	  0.1150	  0.1390	 0.9692	 0.00005693	 0.5181	 0.00000000	 0.2636	 0.87650126	  1.18	  3.14	 0.0346	 0.7469	 0.0001	
m100414c3r3.htb	   0.0	  0.03	 2.000	  5.00	 -10.00	 40.00	   0.0	 0.1180	  2.07	 0.0100	  0.17	  0.20	 1.018	 0.00000484	 0.562	  0.379	  0.64	  0.01	  0.0490	  0.0740	  0.0810	  0.0900	  0.1010	 0.8625	 0.00250551	 0.3747	 0.00000005	 1.2522	 0.53468321	  0.17	  1.91	 0.1185	 0.2670	 0.0100	
m100414c3r33.htb	   0.0	  0.03	 2.000	  5.00	 -10.00	 40.00	   0.0	 0.1200	  1.92	 0.0100	  0.20	  0.20	 0.997	 0.00003275	 0.526	  0.394	  0.64	  0.01	  0.0460	  0.0690	  0.0750	  0.0830	  0.0940	 0.8600	 0.00262494	 0.3218	 0.00000031	 0.9618	 0.61823912	  0.20	  1.72	 0.1204	 0.2482	 0.0100	
m61913c1r3.htb	  50.0	  0.03	 2.000	 10.00	 10.00	 40.00	   0.0	 0.0220	  2.84	 0.6400	  0.67	  0.95	 1.147	 0.00278981	 0.448	  0.578	  0.64	  0.01	  0.0260	  0.0440	  0.0500	  0.0570	  0.0680	 0.9385	 0.00032567	 0.2486	 0.00001118	 0.0424	 0.97901262	  0.67	  2.17	 0.0217	 0.6515	 0.0001	
m61913c2r3.htb	  75.0	  0.03	 2.000	 10.00	 10.00	 40.00	   0.0	 0.0430	  3.05	 0.6400	  0.54	  1.00	 1.238	 0.00000187	 0.525	  0.513	  0.64	  0.01	  0.0900	  0.1610	  0.1840	  0.2160	  0.2600	 0.7790	 0.00850509	 0.3377	 0.00000013	 0.7428	 0.68977203	  0.51	  2.54	 0.0426	 0.8492	 0.0100	
m62713c1r3.htb	 180.0	  0.03	 2.000	  0.00	 -10.00	 40.00	   0.0	 0.0100	  5.12	 0.6400	  2.91	  3.08	 1.091	 0.11197812	 0.344	  0.590	  0.64	  0.01	  0.0350	  0.0710	  0.0850	  0.1040	  0.1350	 0.8821	 0.00169444	 0.1295	 0.00221187	 0.1525	 0.92656436	  2.90	  2.22	 0.0100	 1.2467	 0.0001	
m61913c2r3.htb	  75.0	  0.03	 2.000	 10.00	 10.00	 40.00	   0.0	 0.0430	  3.05	 0.6400	  0.54	  1.00	 1.238	 0.00000187	 0.525	  0.513	  0.64	  0.01	  0.0900	  0.1610	  0.1840	  0.2160	  0.2600	 0.7790	 0.00850509	 0.3377	 0.00000013	 0.7428	 0.68977200	  0.51	  2.54	 0.0426	 0.8492	 0.0100	
m61913c2r3.htb	  75.0	  0.03	 2.000	 10.00	 10.00	 40.00	   0.0	 0.0430	  3.05	 0.6400	  0.54	  1.00	 1.238	 0.00000187	 0.525	  0.513	  0.64	  0.01	  0.0900	  0.1610	  0.1840	  0.2160	  0.2600	 0.7790	 0.00850509	 0.3377	 0.00000013	 0.7428	 0.68977199	  0.51	  2.54	 0.0426	 0.8492	 0.0100	
m61913c1r3.htb	  50.0	  0.03	 2.000	 10.00	 10.00	 40.00	   0.0	 0.0220	  2.84	 0.6400	  0.67	  0.95	 1.147	 0.00278981	 0.448	  0.578	  0.64	  0.01	  0.0260	  0.0440	  0.0500	  0.0570	  0.0680	 0.9385	 0.00032568	 0.2486	 0.00001118	 0.0424	 0.97901261	  0.67	  2.17	 0.0217	 0.6515	 0.0001	
m61913c1r3.htb	  50.0	  0.03	 2.000	 10.00	 10.00	 40.00	   0.0	 0.0220	  2.84	 0.6400	  0.67	  0.95	 1.147	 0.00278981	 0.448	  0.578	  0.64	  0.01	  0.0260	  0.0440	  0.0500	  0.0570	  0.0680	 0.9385	 0.00032567	 0.2486	 0.00001118	 0.0424	 0.97901262	  0.67	  2.17	 0.0217	 0.6515	 0.0001	
m120913c1r33.htb	   0.0	  0.03	 2.000	 -5.00	 10.00	 40.00	   0.0	 0.0100	  2.72	 0.6400	  0.59	  0.44	 0.934	 0.00000000	 0.521	  0.457	  0.64	  0.01	  0.0190	  0.0300	  0.0330	  0.0370	  0.0440	 0.9745	 0.00003559	 0.4815	 0.00000000	 0.2043	 0.90289027	  0.59	  2.13	 0.0100	 0.5275	 0.0100	
m121415c1r30.htb	  60.0	  0.03	 2.000	  0.00	  0.00	 40.00	   0.0	 0.0280	  4.52	 0.6400	  1.86	  3.73	 3.386	 0.00147217	 0.414	  0.618	  0.64	  0.01	  0.0510	  0.0870	  0.0980	  0.1140	  0.1370	 0.8697	 0.00218505	 0.1771	 0.00001304	 0.2383	 0.88768024	  1.86	  2.65	 0.0277	 0.7117	 0.0100	
m121415c3r30.htb	   0.0	  0.03	 2.000	 -10.00	  5.00	 40.00	   0.0	 0.0250	  8.21	 0.6400	  0.86	  0.25	 0.923	 0.00000000	 0.691	  0.472	  0.64	  0.01	  0.0310	  0.0500	  0.0560	  0.0640	  0.0740	 0.9073	 0.00092003	 0.7072	 0.00000000	 1.9046	 0.38585213	  0.86	  7.35	 0.0247	 0.5274	 0.0100	
m121415c3r36.htb	   0.0	  0.03	 2.000	 -10.00	  5.00	 40.00	   0.0	 0.0240	  9.16	 0.6400	  1.36	  0.50	 0.900	 0.00000000	 0.552	  0.780	  0.64	  0.01	  0.0320	  0.0510	  0.0570	  0.0650	  0.0770	 0.9840	 0.00001099	 0.4862	 0.00000000	 0.6001	 0.74076462	  1.36	  7.79	 0.0236	 0.5487	 0.0100	
m120715c1r33.htbViS	  90.0	  0.03	 2.000	  5.00	  5.00	 40.00	   0.0	 0.0210	  4.50	 0.6400	  0.42	  0.19	 0.946	 0.01788032	 0.480	  0.996	  0.64	  0.01	  0.0410	  0.0700	  0.0800	  0.0930	  0.1120	 0.9038	 0.00100885	 0.2561	 0.00015155	 0.2259	 0.89317741	  0.42	  4.08	 0.0214	 0.7634	 0.0052	
m120715c1r33.htbV+L	  90.0	  0.03	 2.000	  5.00	  5.00	 40.00	   0.0	 0.0260	  2.92	 0.6400	  1.51	  0.19	 0.515	 0.87412452	 0.276	  0.700	  0.64	  0.01	  0.0230	  0.0350	  0.0390	  0.0430	  0.0500	 0.7106	 0.01721493	 0.0385	 0.17659805	 0.0603	 0.97029902	  1.51	  1.41	 0.0262	 0.3938	 0.0100	
