FILE			 PrfOR	 PrfSF	 PrfTF	 RFXctr	 RFYctr	 RFDiam	 GrType	 MaxLoc	 MaxRsp	 MinLoc	 MinRsp	 AvgRsp	 Spont	 ModIx	 AnovaP	 DDI  	 VarTerm	 MSgrp	 MSerror	 MaxX 	 MinX 	 MaxLoc	 HWHM	
m61813c1r2.htb	   0.0	  0.03	 2.000	  0.00	  0.00	 40.00	   0.0	 45.00	  0.52	 308.00	  0.22	  0.73	  0.70	 0.889	 0.68132686	 0.348	  0.630	      0.301	      0.397	 330.00	  0.00	 9999.00	 9999.00	
m61813c1r2.htb	   0.0	  0.03	 2.000	  0.00	  0.00	 40.00	   0.0	 30.00	  0.57	 102.00	  0.24	  0.73	  0.70	 0.889	 0.68132686	 0.348	  0.630	      0.301	      0.397	 330.00	  0.00	 9999.00	 9999.00	
m61813c2r2.htb	   0.0	  0.03	 2.000	 10.00	 10.00	 40.00	   0.0	 140.00	  0.61	 44.00	  0.10	  0.30	  0.20	 0.818	 0.12202782	 0.362	  0.424	      0.279	      0.179	 330.00	  0.00	 9999.00	 9999.00	
m61913c1r2.htb	   0.0	  0.03	 2.000	  0.00	  0.00	 40.00	   0.0	 255.00	  1.60	 217.00	  1.03	  1.55	  0.75	 0.500	 0.60083640	 0.293	  0.614	      0.316	      0.376	 330.00	  0.00	 9999.00	 9999.00	
m61913c2r2.htb	   0.0	  0.03	 2.000	 10.00	 10.00	 40.00	   0.0	 13.00	  3.19	 209.00	  1.64	  2.42	  1.11	 0.517	 0.11227907	 0.405	  0.501	      0.401	      0.251	 330.00	  0.00	 9999.00	 9999.00	
m61913c2r2.htb	   0.0	  0.03	 2.000	 10.00	 10.00	 40.00	   0.0	 13.00	  3.19	 209.00	  1.64	  2.42	  1.11	 0.517	 0.11227907	 0.405	  0.501	      0.401	      0.251	 330.00	  0.00	 9999.00	 9999.00	
m72213c2r2.htb	   0.0	  0.03	 2.000	 10.00	 10.00	 40.00	   0.0	 195.00	  2.36	 31.00	  0.81	  1.46	  1.00	 0.675	 0.05642939	 0.452	  0.462	      0.397	      0.214	 330.00	  0.00	 9999.00	 9999.00	
m81413c1r2.htb	   0.0	  0.03	 2.000	  0.00	  0.00	 40.00	   0.0	 224.00	  1.15	 266.00	  0.40	  0.87	  1.19	 0.593	 0.95358875	 0.247	  0.595	      0.141	      0.354	 330.00	  0.00	 9999.00	 9999.00	
m81513c1r2.htb	   0.0	  0.03	 2.000	  0.00	  0.00	 40.00	   0.0	 122.00	  2.38	 241.00	  1.14	  1.57	  1.64	 0.531	 0.14386843	 0.440	  0.348	      0.181	      0.121	 330.00	  0.00	 9999.00	 9999.00	
m82013c1r2.htb	   0.0	  0.03	 2.000	 -10.00	 10.00	 40.00	   0.0	  0.00	  0.96	 52.00	  0.27	  0.65	  0.31	 0.771	 0.67380146	 0.352	  0.585	      0.262	      0.343	 330.00	  0.00	 9999.00	 9999.00	
m82113c1r2.htb	   0.0	  0.03	 2.000	  0.00	  0.00	 40.00	   0.0	 21.00	  7.14	 61.00	  4.31	  5.15	  4.58	 0.348	 0.66003287	 0.339	  0.581	      0.263	      0.337	 330.00	  0.00	 9999.00	 9999.00	
m91613c1r2.htb	   0.0	  0.03	 2.000	  0.00	  0.00	 40.00	   0.0	 209.00	  0.49	 299.00	  0.15	  0.55	  0.25	 0.708	 0.60977540	 0.329	  0.501	      0.208	      0.251	 330.00	  0.00	 9999.00	 9999.00	
m110113c1r2.htb	   0.0	  0.03	 2.000	  0.00	  0.00	 40.00	   0.0	  0.00	  0.00	  0.00	  0.00	  0.00	  0.00	   NaN	        NaN	   NaN	  0.000	      0.000	      0.000	 330.00	  0.00	 9999.00	 9999.00	
m111813c1r2.htb	   0.0	  0.03	 2.000	  0.00	  0.00	 40.00	   0.0	  1.00	  4.81	 79.00	  2.18	  3.46	  2.82	 0.490	 0.95280234	 0.301	  0.832	      0.271	      0.693	 330.00	  0.00	 9999.00	 9999.00	
m111813c2r2.htb	   0.0	  0.03	 2.000	  0.00	  0.00	 40.00	   0.0	 141.00	 10.40	 106.00	  4.08	  5.88	  6.17	 0.479	 0.85327418	 0.371	  0.859	      0.409	      0.738	 330.00	  0.00	 9999.00	 9999.00	
m111813c2r2.htb	   0.0	  0.03	 2.000	  0.00	  0.00	 40.00	   0.0	 139.00	 13.83	 109.00	  4.07	  5.88	  6.17	 0.479	 0.85327418	 0.371	  0.859	      0.409	      0.738	 330.00	  0.00	 9999.00	 9999.00	
m111813c2r2.htb	   0.0	  0.03	 2.000	  0.00	  0.00	 40.00	   0.0	 142.00	  9.63	 105.00	  4.08	  5.88	  6.17	 0.479	 0.85327418	 0.371	  0.859	      0.409	      0.738	 330.00	  0.00	 9999.00	 9999.00	
m111813c3r2.htb	   0.0	  0.03	 2.000	  0.00	  0.00	 40.00	   0.0	 46.00	  6.43	 330.00	  3.37	  4.99	  4.78	 0.537	 0.26287326	 0.343	  0.810	      0.820	      0.655	 330.00	  0.00	 9999.00	 9999.00	
m111813c3r2.htb	   0.0	  0.03	 2.000	  0.00	  0.00	 40.00	   0.0	 46.00	  6.44	 330.00	  3.37	  4.99	  4.78	 0.537	 0.26287326	 0.343	  0.810	      0.820	      0.655	 330.00	  0.00	 9999.00	 9999.00	
m112113c1r2.htb	   0.0	  0.03	 2.000	 10.00	 10.00	 40.00	   0.0	 70.00	  5.09	 203.00	  3.53	  4.58	  3.36	 0.465	 0.47610842	 0.352	  0.660	      0.425	      0.435	 330.00	  0.00	 9999.00	 9999.00	
m72213c2r2.htb	   0.0	  0.03	 2.000	 10.00	 10.00	 40.00	   0.0	 195.00	  2.36	 31.00	  0.81	  1.46	  1.00	 0.675	 0.05642939	 0.452	  0.462	      0.397	      0.214	 330.00	  0.00	 9999.00	 9999.00	
m72213c2r2.htb	   0.0	  0.03	 2.000	 10.00	 10.00	 40.00	   0.0	 195.00	  2.36	 31.00	  0.81	  1.46	  1.00	 0.675	 0.05642939	 0.452	  0.462	      0.397	      0.214	 330.00	  0.00	 9999.00	 9999.00	
m72213c2r2.htb	   0.0	  0.03	 2.000	 10.00	 10.00	 40.00	   0.0	 195.00	  2.37	 46.00	  0.81	  1.46	  1.00	 0.675	 0.05642939	 0.452	  0.462	      0.397	      0.214	 330.00	  0.00	 9999.00	 9999.00	
m50815c3r22.htb	   0.0	  0.03	 2.000	  0.00	  0.00	 40.00	   0.0	 261.00	  3.66	 319.00	  2.03	  2.95	  2.90	 0.531	 0.84263184	 0.339	  0.629	      0.227	      0.396	 330.00	  0.00	 9999.00	 9999.00	
m50815c2r2.htb	   0.0	  0.03	 2.000	  0.00	  0.00	 40.00	   0.0	 153.00	  2.30	 208.00	  0.76	  1.76	  1.82	 0.769	 0.54903799	 0.375	  0.772	      0.532	      0.595	 330.00	  0.00	 9999.00	 9999.00	
m30416c2r6.htb	   0.0	  0.03	 2.000	  0.00	  0.00	 40.00	   0.0	 262.00	  6.63	 40.00	  3.96	  5.83	  6.07	 0.493	 0.55094625	 0.352	  0.743	      0.493	      0.553	 330.00	  0.00	 9999.00	 9999.00	
m30716c2r11.htb	 180.0	  0.03	 2.000	  5.00	 -13.00	 40.00	   0.0	 168.00	  7.78	 76.00	  6.78	  7.68	  6.37	 0.270	 0.93308506	 0.243	  0.644	      0.185	      0.414	 330.00	  0.00	 9999.00	 9999.00	
m30716c3r7.htb	 180.0	  0.03	 2.000	  9.00	 -10.00	 40.00	   0.0	 277.00	  4.89	 165.00	  3.29	  3.92	  2.94	 0.495	 0.48727818	 0.372	  0.567	      0.309	      0.322	 330.00	  0.00	 9999.00	 9999.00	
m30216c1r8.htb	   0.0	  0.03	 2.000	  9.00	 -19.00	 15.00	   0.0	 315.00	  6.06	 285.00	  2.19	  2.94	  2.39	 0.294	 0.95730009	 0.259	  0.582	      0.132	      0.339	 330.00	  0.00	 9999.00	 9999.00	
m30216c1r8.htb	   0.0	  0.03	 2.000	  9.00	 -19.00	 15.00	   0.0	 315.00	  6.10	 285.00	  2.19	  2.94	  2.39	 0.294	 0.95730009	 0.259	  0.582	      0.132	      0.339	 330.00	  0.00	 9999.00	 9999.00	
m30216c1r8.htb	   0.0	  0.03	 2.000	  9.00	 -19.00	 15.00	   0.0	 315.00	  6.07	 285.00	  2.19	  2.94	  2.39	 0.294	 0.95730009	 0.259	  0.582	      0.132	      0.339	 330.00	  0.00	 9999.00	 9999.00	
m31616c1r3.htb	 220.0	  0.50	 2.000	 -5.00	  5.50	 10.00	   0.0	 185.00	  2.46	 136.00	  1.37	  1.86	  1.49	 0.460	 0.54267756	 0.372	  0.457	      0.188	      0.209	 330.00	  0.00	 9999.00	 9999.00	
m31616c1r3.htb	 220.0	  0.50	 2.000	 -5.00	  5.50	 10.00	   0.0	 185.00	  2.46	 136.00	  1.37	  1.86	  1.49	 0.460	 0.54267756	 0.372	  0.457	      0.188	      0.209	 330.00	  0.00	 9999.00	 9999.00	
m31616c2r3.htb	 220.0	  0.03	 2.000	  8.00	 -1.00	 30.00	   0.0	 120.00	  4.04	 152.00	  1.79	  3.24	  2.84	 0.629	 0.19665917	 0.356	  0.877	      1.055	      0.769	 330.00	  0.00	 9999.00	 9999.00	
m31616c3r5.htb	 120.0	  0.01	 5.000	 31.00	 20.00	 60.00	   0.0	 18.00	  8.86	 308.00	  3.56	  5.64	  3.08	 0.692	 0.10922747	 0.457	  0.942	      1.417	      0.887	 330.00	  0.00	 9999.00	 9999.00	
m31616c4r5.htb	 120.0	  0.01	 2.000	 21.50	 23.00	 60.00	   0.0	 195.00	  1.81	 52.00	  0.48	  0.96	  0.05	 0.762	 0.09280655	 0.418	  0.589	      0.576	      0.347	 330.00	  0.00	 9999.00	 9999.00	
m30716c2r11.htb	 180.0	  0.03	 2.000	  5.00	 -13.00	 40.00	   0.0	 168.00	  7.78	 76.00	  6.78	  7.68	  6.37	 0.270	 0.93308506	 0.243	  0.644	      0.185	      0.414	 330.00	  0.00	 9999.00	 9999.00	
m31216c1r3.htb	  30.0	  0.50	 2.000	 -7.70	 -9.00	 10.00	   0.0	 225.00	  1.67	 48.00	  0.59	  1.51	  1.19	 0.769	 0.15438107	 0.362	  0.818	      0.981	      0.668	 330.00	  0.00	 9999.00	 9999.00	
m31616c4r5.htb	 120.0	  0.01	 2.000	 21.50	 23.00	 60.00	   0.0	  0.00	  1.77	 52.00	  0.50	  0.96	  0.05	 0.762	 0.09280655	 0.418	  0.589	      0.576	      0.347	 330.00	  0.00	 9999.00	 9999.00	
m32116c1r7.htb	 120.0	  0.04	 1.000	 19.00	 -12.50	 70.00	   0.0	 15.00	  4.13	 119.00	  1.75	  3.11	  1.59	 0.588	 0.18798115	 0.376	  0.675	      0.633	      0.455	 330.00	  0.00	 9999.00	 9999.00	
m31616c4r5.htb	 120.0	  0.01	 2.000	 21.50	 23.00	 60.00	   0.0	  0.00	  1.77	 52.00	  0.48	  0.96	  0.05	 0.762	 0.09280655	 0.418	  0.589	      0.576	      0.347	 330.00	  0.00	 9999.00	 9999.00	
m31616c3r5.htb	 120.0	  0.01	 5.000	 31.00	 20.00	 60.00	   0.0	 18.00	  8.86	 308.00	  3.56	  5.64	  3.08	 0.692	 0.10922747	 0.457	  0.942	      1.417	      0.887	 330.00	  0.00	 9999.00	 9999.00	
m32116c1r7.htb	 120.0	  0.04	 1.000	 19.00	 -12.50	 70.00	   0.0	 15.00	  4.13	 119.00	  1.75	  3.11	  1.59	 0.588	 0.18798115	 0.376	  0.675	      0.633	      0.455	 330.00	  0.00	 9999.00	 9999.00	
m32116c1r7.htb	 120.0	  0.04	 1.000	 19.00	 -12.50	 70.00	   0.0	 15.00	  4.13	 119.00	  1.75	  3.11	  1.59	 0.588	 0.18798115	 0.376	  0.675	      0.633	      0.455	 330.00	  0.00	 9999.00	 9999.00	
m32816c2r1.htb	   0.0	  0.01	 2.000	  0.00	  0.00	 40.00	   0.0	 315.00	  9.94	  0.00	  2.59	  4.26	  4.53	 0.530	 0.01833802	 0.432	  0.637	      0.901	      0.406	 330.00	  0.00	 9999.00	 9999.00	
m32816c2r1.htb	   0.0	  0.01	 2.000	  0.00	  0.00	 40.00	   0.0	 164.00	 10.96	 25.00	  3.08	  4.26	  4.53	 0.530	 0.01833802	 0.432	  0.637	      0.901	      0.406	 330.00	  0.00	 9999.00	 9999.00	
m32816c3r6.htb	   0.0	  0.04	 0.800	 -15.00	 12.00	 10.00	   0.0	 13.00	  3.91	 330.00	  0.86	  1.76	  1.39	 0.686	 0.37014522	 0.374	  0.644	      0.455	      0.415	 330.00	  0.00	 9999.00	 9999.00	
m32116c2r5.htb	 120.0	  0.01	 1.600	 13.00	 -10.00	 55.00	   0.0	 152.00	  3.84	 330.00	  2.64	  3.47	  1.84	 0.506	 0.15200840	 0.398	  0.525	      0.406	      0.276	 330.00	  0.00	 9999.00	 9999.00	
m32116c3r5.htb	 120.0	  0.01	 1.000	  0.00	 -6.00	 45.00	   0.0	 44.00	 31.42	 10.00	 12.32	 13.52	  4.73	 0.306	 0.13113289	 0.398	  0.490	      0.367	      0.240	 330.00	  0.00	 9999.00	 9999.00	
m32416c1r6.htb	 120.0	  0.04	 3.000	 23.00	  6.00	 35.00	   0.0	 18.00	  5.43	 320.00	  1.34	  2.15	  0.80	 0.614	 0.54217924	 0.321	  0.703	      0.445	      0.494	 330.00	  0.00	 9999.00	 9999.00	
m32116c1r7.htb	 120.0	  0.04	 1.000	 19.00	 -12.50	 70.00	   0.0	 15.00	  4.13	 119.00	  1.75	  3.11	  1.59	 0.588	 0.18798115	 0.376	  0.675	      0.633	      0.455	 330.00	  0.00	 9999.00	 9999.00	
m30216c1r8.htb	   0.0	  0.03	 2.000	  9.00	 -19.00	 15.00	   0.0	 315.00	  6.08	 285.00	  2.19	  2.94	  2.39	 0.294	 0.95730009	 0.259	  0.582	      0.132	      0.339	 330.00	  0.00	 9999.00	 9999.00	
m30216c1r8.htb	   0.0	  0.03	 2.000	  9.00	 -19.00	 15.00	   0.0	 315.00	  6.06	 285.00	  2.19	  2.94	  2.39	 0.294	 0.95730009	 0.259	  0.582	      0.132	      0.339	 330.00	  0.00	 9999.00	 9999.00	
m30216c1r8.htb	   0.0	  0.03	 2.000	  9.00	 -19.00	 15.00	   0.0	 315.00	  6.09	 285.00	  2.19	  2.94	  2.39	 0.294	 0.95730009	 0.259	  0.582	      0.132	      0.339	 330.00	  0.00	 9999.00	 9999.00	
