FILE		 PrDir	 PrSpd	 PrHDsp	 RFX	 RFY	 RFDiam	 Spont	 DirMI	 BRate	 Ampl	 PD360	 PD180	 PD90	 FWHM	 DSI	 AnovaP		 Rmeans	 Pmeans		 Rraw	 Praw		 DirDI	 VarTrm	 Chi2		 ChiP		
m60831c2r7.htb	  180.0	  20.00	  0.000	   5.00	 -10.00	  40.00	  15.02	  0.072	  28.08	   1.19	 222.12	 137.88	  42.12	  42.39	  0.083	 0.99171531	  0.177	 0.25980787	  0.004	 0.57713535	 0.1524	  0.588	  0.10425	 0.99868776	
m60831c3r7.htb	  180.0	  20.00	  0.000	   0.00	   0.00	  40.00	  11.34	  0.115	  31.47	   1.88	 116.78	 116.78	  63.22	 256.58	  0.086	 0.78998485	  0.074	 0.47877837	  0.011	 0.35161637	 0.2768	  0.478	  0.27610	 0.99130446	
m60901c1r7.htb	  180.0	  20.00	  0.000	 -10.00	   0.00	  40.00	   0.00	  0.567	   0.33	   0.28	  49.29	  49.29	  49.29	  42.39	  0.460	 0.83760344	  0.467	 0.04235182	  0.014	 0.19770769	 0.2476	  0.609	  0.17456	 0.99640579	
m60901c2r7.htb	  180.0	  20.00	  0.000	   5.00	   0.00	  40.00	   0.15	  0.438	   1.21	   3.66	 274.52	  85.48	  85.48	 525.04	  0.776	 0.16248520	  0.066	 0.50620662	  0.048	 0.04992248	 0.3849	  0.520	  1.06893	 0.89916992	
m60901c3r7.htb	  180.0	  20.00	  0.000	 -10.00	 -10.00	  40.00	   1.79	  0.279	   3.06	   2.84	 243.30	 116.70	  63.30	 407.80	  0.691	 0.79796154	  0.342	 0.09805630	  0.019	 0.22547363	 0.2556	  0.612	  0.33929	 0.98713839	
m61025c1r7.htb	    0.0	  20.00	  0.000	   0.00	 -10.00	  40.00	   3.23	  0.309	   3.82	   3.81	 332.67	  27.33	  27.33	 336.66	  0.867	 0.22967984	  0.743	 0.00281676	  0.079	 0.01144797	 0.3566	  0.448	  0.27269	 0.99150840	
m61025c1r7.htb	    0.0	  20.00	  0.000	   0.00	 -10.00	  40.00	   3.23	  0.309	   3.82	   3.81	 332.67	  27.33	  27.33	 336.66	  0.867	 0.22967984	  0.743	 0.00281678	  0.079	 0.01144807	 0.3566	  0.448	  0.27269	 0.99150842	
m61025c2r7.htb	    0.0	  20.00	  0.000	   0.00	 -10.00	  40.00	   2.79	  0.307	   5.76	   1.73	 322.39	  37.61	  37.61	 123.49	  0.367	 0.32312681	  0.666	 0.00729095	  0.072	 0.01631545	 0.3384	  0.461	  0.38363	 0.98379505	
m61025c3r7.htb	    0.0	  20.00	  0.000	   0.00	 -10.00	  40.00	   3.83	  0.189	   5.56	   0.73	 280.07	  79.93	  79.93	 109.02	  0.296	 0.64725441	  0.273	 0.14869206	  0.030	 0.12145935	 0.2488	  0.395	  1.02873	 0.90540824	
m61026c1r7.htb	    0.0	  20.00	  0.000	  -5.00	   0.00	  40.00	   1.49	  0.383	   2.31	   1.57	 223.67	 136.33	  43.67	  42.39	  0.659	 0.53951698	  0.608	 0.01324225	  0.034	 0.04424054	 0.2756	  0.738	  0.04126	 0.99979010	
m61026c2r7.htb	    0.0	  20.00	  0.000	   0.00	  -5.00	  40.00	   0.35	  0.429	   2.58	   1.25	 194.38	 165.62	  14.38	  64.78	  0.360	 0.54508083	  0.245	 0.17592371	  0.028	 0.14090367	 0.3321	  0.566	  0.33060	 0.98775423	
m61026c3r7.htb	    0.0	  20.00	  0.000	   0.00	 -10.00	  40.00	   1.49	  0.266	   2.45	   1.87	 153.15	 153.15	  26.85	 356.38	  0.661	 0.63561939	  0.664	 0.00748303	  0.053	 0.03993818	 0.2772	  0.345	  0.07698	 0.99927807	
m61026c4r7.htb	  180.0	  20.00	  0.000	   0.00	 -10.00	  40.00	   1.21	  0.233	   7.19	   1.85	 355.62	   4.38	   4.38	  42.39	  0.236	 0.84453077	  0.504	 0.03209521	  0.042	 0.12863582	 0.2800	  0.516	  0.12095	 0.99824347	
m61031c1r7.htb	  150.0	  20.00	  0.000	   0.00	 -10.00	  40.00	   2.34	  0.999	   3.20	 364.05	 314.71	  45.29	  45.29	  42.39	  0.998	 0.43849878	  0.997	 0.00000000	  0.088	 0.00742616	 0.3106	 19.952	 63.34655	 0.00000000	
m61031c2r7.htb	    0.0	  20.00	  0.000	  10.00	 -10.00	  40.00	   1.66	  0.394	   2.01	   0.99	 125.60	 125.60	  54.40	  54.50	  0.738	 0.26424534	  0.549	 0.02231665	  0.041	 0.02587367	 0.3139	  0.504	  0.30075	 0.98976586	
m61106c1r7.htb	  180.0	  10.00	  0.000	  -5.00	  10.00	  40.00	   0.45	  0.559	   0.17	   0.22	 351.23	   8.77	   8.77	  42.39	 -3.720	 0.91720045	  0.260	 0.16086692	  0.005	 0.36170778	 0.2052	  0.666	  0.16120	 0.99692106	
m61106c2r7.htb	    0.0	  10.00	  0.000	   0.00	 -10.00	  40.00	   0.35	  0.533	   4.00	   3.09	 351.92	   8.08	   8.08	  90.54	  0.458	 0.13125440	  0.776	 0.00170275	  0.110	 0.00260338	 0.4109	  0.692	  0.20460	 0.99511090	
m61106c3r7.htb	  120.0	  10.00	  0.000	   0.00	 -10.00	  40.00	   9.00	  0.162	  22.86	   3.74	 274.80	  85.20	  85.20	  42.39	  0.212	 0.47030500	  0.715	 0.00405883	  0.061	 0.02710362	 0.3124	  0.494	  0.16585	 0.99674595	
m61108c1r7.htb	  180.0	  20.00	  0.000	   8.00	 -10.00	  40.00	   1.14	  0.231	   4.81	   0.52	 180.00	 180.00	   0.00	 412.35	  0.123	 0.85490858	  0.015	 0.75323863	  0.006	 0.48966069	 0.2470	  0.469	  0.34752	 0.98654349	
m61108c4r7.htb	  180.0	  20.00	  0.000	   5.00	 -10.00	  40.00	   4.83	  0.186	  25.04	  10.22	 255.00	 105.00	  75.00	 361.50	  0.336	 0.05763617	  0.652	 0.00850899	  0.091	 0.00665872	 0.4049	  0.453	  0.74949	 0.94508879	
m61109c1r7.htb	  180.0	  20.00	  0.000	   0.00	 -10.00	  40.00	   0.67	  0.468	   0.96	   0.68	 346.54	  13.46	  13.46	  84.20	  0.701	 0.36752079	  0.650	 0.00866206	  0.030	 0.02777691	 0.2097	  0.654	  0.14408	 0.99752659	
m61109c2r7.htb	    0.0	  20.00	  0.000	   0.00	   5.00	  40.00	   7.71	  0.229	  14.67	   3.72	 328.72	  31.28	  31.28	  51.61	  0.349	 0.36978902	  0.562	 0.01997229	  0.056	 0.03511752	 0.3160	  0.558	  0.43574	 0.97944781	
m61109c3r7.htb	    0.0	  20.00	  0.000	   0.00	   0.00	  40.00	   5.72	  0.191	  12.87	   3.89	 287.57	  72.43	  72.43	 227.38	  0.352	 0.90764661	  0.801	 0.00110943	  0.028	 0.13734231	 0.2478	  0.706	  0.10957	 0.99855308	
m61109c4r7.htb	    0.0	  20.00	  0.000	   0.00	  -5.00	  40.00	   1.89	  0.252	  15.25	   4.26	 347.04	  12.96	  12.96	  65.24	  0.242	 0.75282919	  0.826	 0.00069379	  0.045	 0.05830296	 0.2841	  0.754	  0.07414	 0.99932969	
m61109c5r7.htb	  180.0	  20.00	  0.000	   0.00	   0.00	  40.00	   6.02	  0.163	  17.83	   3.39	 162.52	 162.52	  17.48	  42.39	  0.223	 0.64316116	  0.330	 0.10539214	  0.027	 0.14579018	 0.2832	  0.505	  0.46720	 0.97661444	
m61110c1r7.htb	  180.0	  20.00	  0.000	   8.00	 -10.00	  40.00	  13.78	  0.132	  24.78	   5.60	 198.91	 161.09	  18.91	  43.05	  0.337	 0.70053222	  0.875	 0.00021255	  0.053	 0.03917277	 0.2768	  0.522	  0.10190	 0.99874530	
m61110c2r7.htb	  180.0	  20.00	  0.000	   5.00	 -15.00	  40.00	   7.96	  0.219	  25.16	   2.98	 233.50	 126.50	  53.50	 105.90	  0.148	 0.08413468	  0.272	 0.14968079	  0.049	 0.04902172	 0.4088	  0.455	  1.01802	 0.90705154	
m61110c3r7.htb	  180.0	  20.00	  0.000	   0.00	 -30.00	  40.00	   5.02	  0.220	  13.41	   2.14	 133.15	 133.15	  46.85	  58.56	  0.203	 0.46849500	  0.348	 0.09422518	  0.032	 0.11330243	 0.3491	  0.483	  0.30923	 0.98921029	
m61113c1r7.htb	   60.0	  20.00	  0.000	   8.00	 -10.00	  40.00	   5.37	  0.283	   6.10	   2.74	 157.70	 157.70	  22.30	  42.39	  0.789	 0.37600322	  0.551	 0.02198514	  0.052	 0.04156058	 0.3176	  0.459	  0.41749	 0.98102018	
m61113c2r7.htb	   90.0	  20.00	  0.000	 -10.00	 -10.00	  40.00	   2.79	  0.533	   3.36	   1.29	 222.56	 137.44	  42.56	 134.63	  0.692	 0.15558390	  0.222	 0.20052892	  0.037	 0.08725640	 0.4002	  0.530	  1.14713	 0.88672372	
m61113c3r7.htb	  180.0	  20.00	  0.000	  -5.00	 -15.00	  40.00	  13.83	  0.195	  16.43	   4.65	 245.59	 114.41	  65.59	  42.39	  0.642	 0.40974622	  0.433	 0.05401728	  0.043	 0.06350214	 0.2929	  0.540	  0.61929	 0.96089580	
m61115c1r7.htb	  180.0	  20.00	  0.000	   0.00	  -5.00	  40.00	   2.99	  0.309	   5.78	   2.79	 305.97	  54.03	  54.03	 270.69	  0.499	 0.37280981	  0.171	 0.26799075	  0.027	 0.14312120	 0.2817	  0.714	  0.48416	 0.97502452	
m61115c2r7.htb	    0.0	  20.00	  0.000	  10.00	  -5.00	  40.00	   1.34	  0.413	   1.12	   0.84	 295.91	  64.09	  64.09	 342.21	  1.368	 0.37275078	  0.319	 0.11338353	  0.045	 0.05870386	 0.3317	  0.391	  0.45499	 0.97773234	
m61115c3r7.htb	    0.0	  20.00	  0.000	 -10.00	 -15.00	  40.00	   6.22	  0.105	  12.69	   1.17	 346.03	  13.97	  13.97	  82.66	  0.153	 0.87432480	  0.409	 0.06344925	  0.017	 0.24251168	 0.2196	  0.396	  0.15209	 0.99725123	
m61115c4r7.htb	    0.0	  20.00	  0.000	   5.00	  -5.00	  40.00	   8.86	  0.184	  16.72	   2.95	 242.37	 117.63	  62.37	  92.30	  0.273	 0.56606297	  0.616	 0.01222142	  0.052	 0.04139259	 0.2993	  0.513	  0.29679	 0.99002065	
m61116c1r7.htb	    0.0	  20.00	  0.000	   0.00	   0.00	  40.00	   0.65	  0.326	   1.24	   1.02	 204.15	 155.85	  24.15	 117.89	  0.633	 0.86069419	  0.644	 0.00920301	  0.031	 0.11872188	 0.2596	  0.606	  0.06891	 0.99941987	
m61121c1r7.htb	    0.0	  20.00	  0.000	   5.00	 -10.00	  40.00	   0.30	  0.413	   0.72	   0.45	 292.16	  67.84	  67.84	 136.04	  0.515	 0.92246924	  0.307	 0.12133063	  0.006	 0.34949053	 0.1899	  0.879	  0.15569	 0.99712278	
m61122c1r7.htb	  180.0	  20.00	  0.000	   0.00	 -10.00	  40.00	   1.14	  0.311	   2.69	   0.95	  37.20	  37.20	  37.20	  42.39	  0.380	 0.55086247	  0.350	 0.09332988	  0.015	 0.12768709	 0.2683	  0.579	  0.46500	 0.97681737	
m61122c2r7.htb	   60.0	  20.00	  0.000	   0.00	 -15.00	  40.00	   2.09	  0.316	   2.04	   0.67	 226.25	 133.75	  46.25	  42.39	  1.073	 0.70877641	  0.275	 0.14707281	  0.020	 0.20655593	 0.2539	  0.474	  0.58149	 0.96509856	
m61122c3r7.htb	   60.0	  20.00	  0.000	  -5.00	   0.00	  40.00	   1.54	  0.462	   4.18	   1.60	 229.31	 130.69	  49.31	  42.39	  0.378	 0.56010913	  0.346	 0.09548790	  0.013	 0.15014371	 0.2550	  0.992	  0.28090	 0.99101326	
m61122c4r7.htb	   60.0	  20.00	  0.000	  -5.00	  -5.00	  40.00	   9.75	  0.353	  18.66	   5.63	 311.29	  48.71	  48.71	  79.27	  0.387	 0.10814878	  0.587	 0.01607794	  0.088	 0.00751934	 0.4175	  0.673	  0.55652	 0.96777104	
m61127c1r7.htb	    0.0	  10.00	  0.000	  10.00	 -10.00	  40.00	   0.30	  0.192	   4.53	   1.09	 308.23	  51.77	  51.77	  91.18	  0.205	 0.39360621	  0.946	 0.00001084	  0.044	 0.00792656	 0.2428	  0.393	  0.03275	 0.99986735	
m61127c2r7.htb	    0.0	  10.00	  0.000	   5.00	  -5.00	  40.00	   9.30	  0.366	  11.42	   5.18	 226.93	 133.07	  46.93	  77.11	  0.710	 0.00018816	  0.632	 0.01039994	  0.237	 0.00000479	 0.5064	  0.426	  1.11527	 0.89184235	
m61127c3r7.htb	   30.0	  10.00	  0.000	  10.00	  -5.00	  40.00	   0.35	  0.711	   0.64	   0.72	 256.91	 103.09	  76.91	  42.39	  0.711	 0.60348227	  0.778	 0.00166233	  0.059	 0.03463295	 0.2632	  0.721	  0.29992	 0.98981909	
m61127c4r7.htb	   30.0	  10.00	  0.000	   5.00	 -10.00	  40.00	   1.34	  0.212	   8.70	   2.36	 254.08	 105.92	  74.08	 253.20	  0.243	 0.08734028	  0.747	 0.00263855	  0.134	 0.00085992	 0.3621	  0.332	  0.13702	 0.99775768	
m61128c1r7.htb	  180.0	  10.00	  0.000	  10.00	 -10.00	  40.00	   0.02	  0.333	   0.55	   0.28	 285.93	  74.07	  74.07	  42.39	  0.350	 0.87403765	  0.329	 0.10656380	  0.006	 0.32342569	 0.1428	  0.487	  0.04885	 0.99970656	
m61128c2r7.htb	  180.0	  10.00	  0.000	   5.00	   0.00	  40.00	   3.28	  0.145	  21.90	   3.33	 166.83	 166.83	  13.17	  42.39	  0.152	 0.49901570	  0.716	 0.00405632	  0.058	 0.03081677	 0.3176	  0.393	  0.29034	 0.99042904	
m61128c3r7.htb	  180.0	  10.00	  0.000	   5.00	 -10.00	  40.00	   8.46	  0.186	  16.30	   2.99	 263.27	  96.73	  83.27	 202.96	  0.276	 0.75007923	  0.645	 0.00917005	  0.040	 0.07516499	 0.2783	  0.580	  0.15719	 0.99706861	
m61128c4r7.htb	  180.0	  10.00	  0.000	   0.00	 -10.00	  40.00	   1.09	  0.285	   7.66	   3.15	 301.00	  59.00	  59.00	  42.39	  0.324	 0.80945459	  0.602	 0.01398979	  0.031	 0.11664032	 0.2849	  0.691	  0.14631	 0.99745122	
m61129c1r7.htb	  180.0	  10.00	  0.000	  10.00	 -10.00	  40.00	   1.84	  0.288	   1.99	   0.54	 141.95	 141.95	  38.05	  42.39	  0.789	 0.91417535	  0.322	 0.11106694	  0.006	 0.33727558	 0.1745	  0.663	  0.11588	 0.99838487	
m61129c2r7.htb	  180.0	  10.00	  0.000	   5.00	  -5.00	  40.00	   6.32	  0.207	  14.25	   2.74	 288.11	  71.89	  71.89	 232.33	  0.257	 0.19332199	  0.518	 0.02881750	  0.075	 0.01725278	 0.3697	  0.408	  0.78950	 0.93985058	
m61129c3r7.htb	  180.0	  10.00	  0.000	   0.00	   0.00	  40.00	   1.09	  0.313	   2.31	   2.31	  39.20	  39.20	  39.20	 430.59	  0.656	 0.45457491	  0.524	 0.02735704	  0.051	 0.04391022	 0.3281	  0.426	  0.50999	 0.97252144	
m61130c1r7.htb	  180.0	  10.00	  0.000	   0.00	   0.00	  40.00	  12.64	  0.097	  28.81	   1.51	 113.37	 113.37	  66.63	 118.90	  0.085	 0.44455429	  0.421	 0.05860627	  0.039	 0.07774417	 0.3537	  0.251	  0.37247	 0.98466812	
m61130c2r7.htb	  180.0	  10.00	  0.000	  10.00	   5.00	  40.00	   3.43	  0.317	   4.44	   4.25	 219.34	 140.66	  39.34	 375.27	  0.809	 0.00249643	  0.742	 0.00286090	  0.159	 0.00025288	 0.5053	  0.257	  0.98571	 0.91195520	
m61130c3r7.htb	  180.0	  10.00	  0.000	   5.00	   5.00	  40.00	   4.98	  0.236	   6.66	   2.05	 290.98	  69.02	  69.02	  64.86	  0.549	 0.00238152	  0.804	 0.00105924	  0.210	 0.00001869	 0.4444	  0.232	  0.58985	 0.96418499	
m61130c4r7.htb	  180.0	  10.00	  0.000	   5.00	  -5.00	  40.00	   3.58	  0.201	  10.71	   4.85	 241.21	 118.79	  61.21	 437.28	  0.405	 0.77488492	  0.616	 0.01219195	  0.030	 0.12332325	 0.2938	  0.510	  0.24351	 0.99316310	
m61201c1r7.htb	  180.0	  10.00	  0.000	   5.00	 -10.00	  40.00	   2.29	  0.277	   7.59	   2.49	 342.70	  17.30	  17.30	  42.39	  0.320	 0.45118826	  0.352	 0.09238772	  0.035	 0.09727198	 0.3205	  0.502	  0.39431	 0.98294011	
m61201c2r7.htb	    0.0	  10.00	  0.000	   0.00	 -10.00	  40.00	   3.98	  0.266	  14.20	   4.15	 346.50	  13.50	  13.50	  65.80	  0.289	 0.62918663	  0.779	 0.00163560	  0.055	 0.03619092	 0.3065	  0.714	  0.11435	 0.99842640	
m61204c1r7.htb	  180.0	  10.00	  0.000	   0.00	 -10.00	  40.00	   2.84	  0.271	  11.83	   3.43	 275.99	  84.01	  84.01	  65.89	  0.276	 0.33566189	  0.874	 0.00021688	  0.088	 0.00741178	 0.3547	  0.508	  0.12925	 0.99799973	
m61204c2r7.htb	    0.0	  10.00	  0.000	   0.00	 -10.00	  40.00	   4.28	  0.296	  10.26	   4.94	 239.65	 120.35	  59.65	  55.86	  0.452	 0.18606237	  0.931	 0.00002536	  0.120	 0.00161752	 0.3595	  0.588	  0.07435	 0.99932589	
m61204c3r7.htb	  220.0	  10.00	  0.000	  -5.00	 -10.00	  40.00	   3.63	  0.193	  13.39	   1.81	  48.32	  48.32	  48.32	  42.39	  0.157	 0.76994288	  0.513	 0.02996145	  0.027	 0.14330379	 0.2852	  0.504	  0.26088	 0.99219775	
m61206c1r7.htb	  180.0	  10.00	  0.000	   5.00	 -10.00	  40.00	   5.12	  0.352	  19.32	   7.24	 269.89	  90.11	  89.89	  88.08	  0.338	 0.00000199	  0.623	 0.01139850	  0.254	 0.00000191	 0.5365	  0.425	  2.73691	 0.60277183	
m61206c2r7.htb	  180.0	  10.00	  0.000	  -5.00	   0.00	  40.00	   0.52	  0.351	   4.56	   1.91	 232.17	 127.83	  52.17	  79.42	  0.321	 0.06540212	  0.851	 0.00039902	  0.069	 0.00075748	 0.3430	  0.522	  0.10277	 0.99872414	
m61206c3r7.htb	    0.0	  10.00	  0.000	   5.00	  -5.00	  40.00	  12.46	  0.302	  20.34	   7.91	 233.97	 126.03	  53.97	 215.88	  0.501	 0.00003990	  0.723	 0.00366002	  0.130	 0.00000284	 0.4371	  0.579	  0.62170	 0.96062207	
m61206c4r7.htb	  220.0	  10.00	  0.000	   0.00	 -10.00	  40.00	   3.71	  0.246	  12.79	   4.96	 187.06	 172.94	   7.06	 296.71	  0.353	 0.00080847	  0.374	 0.07985956	  0.108	 0.00002164	 0.3916	  0.448	  0.37369	 0.98457389	
