FILE		 PrDir	 PrSpd	 PrHDsp	 RFX	 RFY	 RFDiam	 Spont	 DirMI	 BRate	 Ampl	 PD360	 PD180	 PD90	 FWHM	 DSI	 AnovaP		 Rmeans	 Pmeans		 Rraw	 Praw		 DirDI	 VarTrm	 Chi2		 ChiP		
m70723c1r7.htb	    0.0	  20.00	  0.000	  -8.00	  -8.00	  30.00	   0.60	  0.380	   2.06	   0.98	 257.07	 102.93	  77.07	  56.69	  0.402	 0.85831629	  0.515	 0.02957337	  0.028	 0.13514991	 0.2349	  0.718	  0.08755	 0.99906939	
m70523c2r7.htb	    0.0	  30.00	  0.000	   0.00	   0.00	  40.00	   1.49	  0.333	   2.89	   0.68	 340.18	  19.82	  19.82	 115.60	  0.327	 0.46863959	  0.339	 0.09968011	  0.023	 0.17592875	 0.2909	  0.455	  0.51510	 0.97201421	
m70523c3r7.htb	    0.0	  30.00	  0.000	   0.00	   0.00	  40.00	  11.09	  0.121	  21.11	   2.74	 277.28	  82.72	  82.72	 218.40	  0.215	 0.63875443	  0.623	 0.01138335	  0.043	 0.06600710	 0.2474	  0.485	  0.24789	 0.99292479	
m70524c1r7.htb	    0.0	  20.00	  0.000	   0.00	 -15.00	  40.00	   4.85	  0.202	  10.10	   0.87	   8.22	   8.22	   8.22	 194.07	  0.142	 0.68998251	  0.226	 0.19639019	  0.008	 0.27070271	 0.1980	  0.662	  0.17353	 0.99644674	
m70524c3r7.htb	    0.0	  30.00	  0.000	   0.00	   5.00	  30.00	   0.55	  0.390	   1.23	   0.95	 239.91	 120.09	  59.91	  42.39	  0.582	 0.69153314	  0.761	 0.00214661	  0.047	 0.05458218	 0.3378	  0.428	  0.33659	 0.98733104	
m70525c1r7.htb	    0.0	  30.00	  0.000	   0.00	  -5.00	  40.00	   0.65	  0.257	   9.21	   1.93	  48.78	  48.78	  48.78	  42.39	  0.184	 0.52893164	  0.430	 0.05517201	  0.035	 0.09493094	 0.2957	  0.546	  0.33660	 0.98733096	
m70529c1r7.htb	    0.0	  20.00	  0.000	 -10.00	   8.00	  40.00	   0.70	  0.592	   1.29	   1.55	 206.85	 153.15	  26.85	  42.39	  0.722	 0.57096381	  0.230	 0.19169626	  0.021	 0.20391510	 0.3427	  0.652	  0.44340	 0.97877171	
m70529c2r7.htb	    0.0	  20.00	  0.000	   5.00	   5.00	  25.00	   3.73	  0.220	  13.53	   1.64	 321.93	  38.07	  38.07	 184.51	  0.143	 0.51458380	  0.292	 0.13271073	  0.023	 0.18118022	 0.3072	  0.527	  0.50157	 0.97334751	
m70530c1r7.htb	    0.0	  20.00	  0.000	 -10.00	   5.00	  32.00	   0.10	  0.623	   0.96	   1.35	 355.34	   4.66	   4.66	  85.71	  0.611	 0.08485644	  0.598	 0.01445409	  0.089	 0.00718211	 0.3475	  0.654	  0.60571	 0.96242659	
m70601c1r7.htb	    0.0	  20.00	  0.000	   0.00	 -15.00	  30.00	   5.07	  0.186	   6.03	   1.46	  71.64	  71.64	  71.64	  42.39	  0.604	 0.91979712	  0.516	 0.02933806	  0.020	 0.21588592	 0.2426	  0.443	  0.14583	 0.99746729	
m70605c1r7.htb	    0.0	  20.00	  0.000	   5.00	  12.00	  30.00	   0.00	  0.478	   0.49	   0.56	 296.64	  63.36	  63.36	  42.39	  0.534	 0.87252445	  0.510	 0.03056304	  0.020	 0.20649827	 0.2275	  0.567	  0.13417	 0.99784796	
m70607c1r7.htb	    0.0	  20.00	  0.000	   5.00	  -2.00	  30.00	   0.35	  0.280	   1.78	   0.53	  42.29	  42.29	  42.29	  42.39	  0.269	 0.89429275	  0.393	 0.07075510	  0.020	 0.21186729	 0.2268	  0.457	  0.09258	 0.99896103	
m70607c2r7.htb	    0.0	  20.00	  0.000	   5.00	  -8.00	  20.00	   0.00	  0.437	   5.17	   2.55	   1.57	   1.57	   1.57	  76.17	  0.330	 0.25434242	  0.687	 0.00576878	  0.082	 0.00995134	 0.3955	  0.569	  0.25482	 0.99254106	
m70607c3r7.htb	    0.0	  20.00	  0.000	   5.00	 -10.00	  20.00	   3.33	  0.180	  23.87	   2.09	 250.00	 110.00	  70.00	 111.57	  0.093	 0.44915542	  0.112	 0.37958181	  0.018	 0.24035855	 0.3190	  0.589	  0.77816	 0.94135246	
m70608c1r7.htb	    0.0	  20.00	  0.000	   0.00	   0.00	  60.00	   0.70	  0.174	   3.52	   0.58	  63.97	  63.97	  63.97	  91.97	  0.171	 0.98943941	  0.220	 0.20316440	  0.004	 0.56484119	 0.1762	  0.532	  0.06873	 0.99942283	
m70608c1r20.htb	    0.0	  20.00	  0.000	   0.00	   0.00	  60.00	   2.54	  0.352	   3.42	   1.55	 340.11	  19.89	  19.89	  42.39	  0.637	 0.31471877	  0.443	 0.05046175	  0.045	 0.05939595	 0.3243	  0.381	  0.66036	 0.95612542	
m70609c1r7.htb	    0.0	  20.00	  0.000	   0.00	   0.00	  70.00	   3.83	  0.265	   6.36	   1.16	  17.03	  17.03	  17.03	 145.14	  0.314	 0.01930826	  0.409	 0.06368067	  0.063	 0.02444502	 0.4035	  0.296	  1.69020	 0.79249724	
m70609c1r17.htb	    0.0	  20.00	  0.000	   8.00	  -5.00	  40.00	   4.98	  0.274	   6.06	   1.82	 323.03	  36.97	  36.97	  85.88	  0.627	 0.04238505	  0.785	 0.00146416	  0.141	 0.00060867	 0.3983	  0.311	  0.44863	 0.97830521	
m70609c2r7.htb	    0.0	  20.00	  0.000	   0.00	   8.00	  30.00	   1.54	  0.424	   2.41	   0.93	 207.54	 152.46	  27.54	  42.39	  0.517	 0.05159654	  0.097	 0.41333319	  0.021	 0.19457445	 0.3689	  0.344	  1.30606	 0.86034655	
m70609c2r17.htb	    0.0	  20.00	  0.000	 -10.00	  10.00	  40.00	   1.64	  0.473	   1.47	   1.16	  47.34	  47.34	  47.34	  52.04	  1.172	 0.02519542	  0.724	 0.00361756	  0.140	 0.00061758	 0.3940	  0.415	  0.28581	 0.99071144	
m70611c2r7.htb	    0.0	  20.00	  0.000	   0.00	  -3.00	  30.00	  12.49	  0.252	  22.51	   8.69	 281.84	  78.16	  78.16	 169.77	  0.464	 0.00162131	  0.931	 0.00002607	  0.253	 0.00000201	 0.4449	  0.482	  0.15937	 0.99698900	
m70611c2r17.htb	    0.0	  20.00	  0.000	   0.00	  -3.00	  30.00	  12.24	  0.163	  23.03	   3.47	   2.18	   2.18	   2.18	 269.53	  0.243	 0.36186913	  0.466	 0.04277502	  0.063	 0.02527493	 0.3275	  0.474	  0.43329	 0.97966142	
m70611c1r7.htb	    0.0	  20.00	  0.000	  -5.00	 -10.00	  30.00	   0.75	  0.193	   7.00	   1.31	 317.72	  42.28	  42.28	  94.97	  0.173	 0.86640369	  0.773	 0.00177731	  0.036	 0.09383454	 0.2333	  0.465	  0.06375	 0.99950273	
m70611c1r17.htb	    0.0	  20.00	  0.000	  -5.00	 -10.00	  30.00	   1.39	  0.245	   7.17	   2.01	 267.47	  92.53	  87.47	  90.14	  0.258	 0.31481451	  0.603	 0.01380491	  0.060	 0.02827601	 0.3022	  0.490	  0.24469	 0.99309896	
m70612c1r7.htb	    0.0	  20.00	  0.000	   0.00	  -8.00	  30.00	   5.42	  0.196	  19.74	   3.07	  58.52	  58.52	  58.52	  42.39	  0.177	 0.75689894	  0.379	 0.07748206	  0.022	 0.19400515	 0.2921	  0.626	  0.33596	 0.98737577	
m70612c1r17.htb	    0.0	  20.00	  0.000	   0.00	  -8.00	  30.00	   7.86	  0.116	  18.17	   2.81	 255.94	 104.06	  75.94	 223.05	  0.214	 0.97437706	  0.600	 0.01428452	  0.019	 0.21965648	 0.1719	  0.675	  0.01732	 0.99996270	
m70612c2r7.htb	    0.0	  20.00	  0.000	   0.00	  -7.00	  30.00	   5.72	  0.354	  10.25	   7.06	 280.74	  79.26	  79.26	 275.89	  0.609	 0.00456241	  0.847	 0.00043257	  0.195	 0.00004030	 0.4918	  0.436	  0.41103	 0.98156431	
m70612c2r17.htb	    0.0	  20.00	  0.000	   0.00	  -7.00	  30.00	   7.21	  0.291	  14.11	   4.77	 277.76	  82.24	  82.24	 135.90	  0.409	 0.02271504	  0.781	 0.00157148	  0.158	 0.00026639	 0.3841	  0.517	  0.36860	 0.98496620	
m70613c2r7.htb	    0.0	  20.00	  0.000	   5.00	   0.00	  40.00	   3.28	  0.279	   5.32	   1.88	 209.99	 150.01	  29.99	  42.39	  0.481	 0.11871398	  0.544	 0.02340585	  0.078	 0.01220395	 0.3794	  0.330	  0.44575	 0.97856313	
m70613c2r17.htb	    0.0	  20.00	  0.000	   5.00	   0.00	  40.00	   4.33	  0.341	   5.32	   1.06	 226.60	 133.40	  46.60	 160.56	  0.517	 0.08748619	  0.306	 0.12266028	  0.043	 0.06522930	 0.4430	  0.329	  0.99472	 0.91059504	
m70613c1r7.htb	    0.0	  20.00	  0.000	   0.00	   0.00	  50.00	   1.59	  0.292	   1.68	   1.42	 347.06	  12.94	  12.94	 654.29	  0.939	 0.65556057	  0.167	 0.27555651	  0.043	 0.06489738	 0.3047	  0.364	  0.26257	 0.99210060	
m70613c1r17.htb	    0.0	  20.00	  0.000	   0.00	   0.00	  50.00	   2.94	  0.276	   2.43	   1.79	 311.51	  48.49	  48.49	 273.91	  1.395	 0.32265632	  0.734	 0.00316999	  0.072	 0.01611963	 0.3106	  0.368	  0.33209	 0.98764937	
m70618c1r7.htb	    0.0	  20.00	  0.000	   8.00	   3.00	  30.00	   6.32	  0.315	   8.19	   1.57	  23.04	  23.04	  23.04	 247.68	  0.457	 0.20889712	  0.034	 0.63625423	  0.015	 0.28540371	 0.3882	  0.474	  1.16511	 0.88380836	
m70618c1r17.htb	    0.0	  20.00	  0.000	   8.00	   3.00	  30.00	   6.97	  0.193	  10.19	   2.02	 302.39	  57.61	  57.61	  42.39	  0.385	 0.52040171	  0.414	 0.06134588	  0.037	 0.08771119	 0.3109	  0.395	  0.38408	 0.98375982	
m70619c1r7.htb	    0.0	  20.00	  0.000	  -5.00	   5.00	  30.00	   1.74	  0.414	   2.27	   0.17	 308.84	  51.16	  51.16	 318.30	  0.247	 0.38127462	  0.036	 0.62559743	  0.003	 0.64897871	 0.3321	  0.375	  1.47079	 0.83180261	
m70619c1r17.htb	    0.0	  20.00	  0.000	   5.00	   0.00	  40.00	   6.37	  0.133	   7.51	   0.66	 251.43	 108.57	  71.43	 110.29	  0.366	 0.81657642	  0.362	 0.08661216	  0.017	 0.24931203	 0.2354	  0.325	  0.25649	 0.99244721	
m70621c2r7.htb	    0.0	  20.00	  0.000	  -8.00	   5.00	  30.00	   0.80	  0.413	   1.39	   1.22	 194.82	 165.18	  14.82	  42.39	  0.672	 0.25893087	  0.626	 0.01104313	  0.078	 0.01237822	 0.3645	  0.386	  0.28713	 0.99062996	
m70621c2r17.htb	  180.0	  20.00	  0.000	   8.00	   5.00	  30.00	   1.09	  0.250	   2.74	   1.07	 301.11	  58.89	  58.89	  42.39	  0.394	 0.73637249	  0.419	 0.05954206	  0.023	 0.17943913	 0.2789	  0.453	  0.19715	 0.99544932	
m70622c1r7.htb	  180.0	  20.00	  0.000	   5.00	   8.00	  30.00	   7.01	  0.178	  14.25	   1.99	 356.18	   3.82	   3.82	  42.39	  0.216	 0.82797037	  0.518	 0.02886182	  0.026	 0.15384500	 0.2694	  0.525	  0.14161	 0.99760846	
m70622c1r17.htb	  180.0	  20.00	  0.000	   0.00	   0.00	  30.00	   4.68	  0.133	  13.11	   1.48	 268.00	  92.00	  88.00	 157.89	  0.149	 0.97364212	  0.615	 0.01232737	  0.014	 0.28895063	 0.1906	  0.564	  0.05019	 0.99969032	
m70625c1r7.htb	  180.0	  30.00	  0.000	   8.00	  -8.00	  30.00	   1.74	  0.284	   6.33	   2.10	 183.90	 176.10	   3.90	  66.72	  0.314	 0.68439828	  0.857	 0.00033802	  0.055	 0.03557092	 0.2937	  0.574	  0.09616	 0.99888064	
m70625c1r17.htb	  180.0	  30.00	  0.000	   0.00	  -2.00	  30.00	   2.04	  0.242	  10.51	   2.16	 173.04	 173.04	   6.96	  49.29	  0.204	 0.65877752	  0.444	 0.04995418	  0.028	 0.13547095	 0.2708	  0.624	  0.20727	 0.99498689	
m70625c2r7.htb	  180.0	  30.00	  0.000	  -3.00	   5.00	  30.00	   2.34	  0.343	   7.76	   4.26	 244.35	 115.65	  64.35	  42.39	  0.440	 0.26312256	  0.607	 0.01333825	  0.081	 0.01368448	 0.3499	  0.582	  0.36653	 0.98512459	
m70625c2r17.htb	  180.0	  30.00	  0.000	   0.00	  -5.00	  30.00	   1.69	  0.181	   9.28	   1.89	 310.18	  49.82	  49.82	  42.39	  0.200	 0.89576412	  0.764	 0.00206148	  0.029	 0.13102220	 0.2528	  0.546	  0.07444	 0.99932431	
m70626c1r7.htb	  180.0	  30.00	  0.000	   8.00	   5.00	  25.00	   1.89	  0.174	   2.96	   0.38	 181.35	 178.65	   1.35	  42.39	  0.263	 0.92692879	  0.215	 0.20907066	  0.009	 0.40791909	 0.1938	  0.350	  0.31371	 0.98891208	
m70626c1r17.htb	    0.0	  20.00	  0.000	   8.00	   5.00	  50.00	   0.05	  0.333	   0.08	   0.07	 234.04	 125.96	  54.04	  76.76	  0.740	 0.99809567	  0.430	 0.05514960	  0.004	 0.57967314	 0.1425	  0.425	  0.01704	 0.99996389	
m70628c1r7.htb	    0.0	  20.00	  0.000	 -10.00	 -10.00	  30.00	   0.60	  0.278	   2.84	   0.57	   5.33	   5.33	   5.33	  45.47	  0.203	 0.92742501	  0.269	 0.15296515	  0.009	 0.40356554	 0.2392	  0.493	  0.20627	 0.99503372	
m70628c1r17.htb	    0.0	  20.00	  0.000	 -10.00	 -10.00	  30.00	   1.24	  0.275	   6.41	   2.86	  22.74	  22.74	  22.74	  42.39	  0.357	 0.47841473	  0.590	 0.01564715	  0.048	 0.05007746	 0.2908	  0.501	  0.41214	 0.98147110	
m70703c1r7.htb	    0.0	  20.00	  0.000	   0.00	 -10.00	  30.00	   1.49	  0.209	   3.68	   0.76	 266.01	  93.99	  86.01	  91.55	  0.257	 0.91926588	  0.612	 0.01272232	  0.021	 0.20148561	 0.1974	  0.510	  0.09012	 0.99901471	
m70703c2r7.htb	    0.0	  20.00	  0.000	   0.00	  -5.00	  30.00	   2.79	  0.302	   3.76	   0.80	 223.21	 136.79	  43.21	  42.39	  0.453	 0.84672718	  0.160	 0.28535170	  0.009	 0.39825755	 0.2656	  0.567	  0.27344	 0.99146359	
m70705c1r7.htb	    0.0	  20.00	  0.000	  -8.00	   5.00	  30.00	   1.24	  0.366	   1.24	   0.57	 342.15	  17.85	  17.85	 162.21	  1.014	 0.76822961	  0.422	 0.05838629	  0.022	 0.19381021	 0.2821	  0.442	  0.25021	 0.99279760	
m70706c2r7.htb	    0.0	  20.00	  0.000	  -5.00	  -5.00	  30.00	   0.90	  0.218	  10.85	   1.51	 134.32	 134.32	  45.68	  42.39	  0.132	 0.74192647	  0.417	 0.06033187	  0.024	 0.16990800	 0.2350	  0.633	  0.30234	 0.98966289	
m70709c1r7.htb	    0.0	  20.00	  0.000	  -2.00	   0.00	  30.00	   1.84	  0.257	   2.90	   2.09	  60.56	  60.56	  60.56	 580.77	  0.665	 0.57745391	  0.057	 0.53520040	  0.029	 0.13005002	 0.3090	  0.364	  0.30728	 0.98933943	
m70709c2r7.htb	    0.0	  20.00	  0.000	  -8.00	   0.00	  30.00	   3.53	  0.191	   5.90	   0.85	  31.68	  31.68	  31.68	  95.14	  0.264	 0.50553750	  0.394	 0.07013237	  0.031	 0.11997850	 0.2815	  0.335	  0.35286	 0.98615099	
m70709c3r7.htb	    0.0	  20.00	  0.000	 -10.00	   6.00	  30.00	   0.45	  0.420	   1.57	   1.21	 115.52	 115.52	  64.48	  42.39	  0.518	 0.62438240	  0.296	 0.13011654	  0.031	 0.11934871	 0.2633	  0.519	  0.63816	 0.95873026	
m70710c1r7.htb	    0.0	  20.00	  0.000	  -5.00	 -10.00	  30.00	   0.85	  0.204	   7.28	   1.19	 148.17	 148.17	  31.83	  42.39	  0.156	 0.73421891	  0.194	 0.23566091	  0.014	 0.28891544	 0.2787	  0.431	  0.34173	 0.98696330	
m70710c2r7.htb	    0.0	  20.00	  0.000	   0.00	   0.00	  30.00	   8.26	  0.184	  12.73	   2.00	 296.23	  63.77	  63.77	 174.15	  0.309	 0.52988762	  0.682	 0.00611693	  0.051	 0.04453703	 0.3114	  0.430	  0.35480	 0.98600737	
m70711c1r7.htb	    0.0	  20.00	  0.000	   0.00	   8.00	  30.00	   7.66	  0.208	  13.04	   3.60	 341.44	  18.56	  18.56	  42.39	  0.401	 0.25185495	  0.562	 0.02003435	  0.067	 0.02090186	 0.3543	  0.395	  0.37222	 0.98468722	
m70711c2r7.htb	    0.0	  20.00	  0.000	  -5.00	   5.00	  30.00	   3.08	  0.270	   5.52	   4.33	 251.03	 108.97	  71.03	 403.78	  0.640	 0.28749798	  0.199	 0.22847344	  0.057	 0.03236555	 0.3792	  0.442	  0.58380	 0.96484701	
m70712c1r7.htb	    0.0	  20.00	  0.000	  -5.00	   5.00	  30.00	   1.44	  0.368	  12.81	   4.32	 180.02	 179.98	   0.02	  79.74	  0.275	 0.00530837	  0.708	 0.00446772	  0.170	 0.00014777	 0.4811	  0.446	  1.02126	 0.90655479	
m70717c3r7.htb	    0.0	  20.00	  0.000	   0.00	   5.00	  30.00	   2.14	  0.348	   5.13	   1.35	 170.74	 170.74	   9.26	 219.15	  0.310	 0.05458984	  0.124	 0.35295342	  0.043	 0.06490704	 0.3778	  0.438	  1.12641	 0.89006030	
m70718c1r7.htb	    0.0	  20.00	  0.000	   2.00	   5.00	  30.00	   4.03	  0.211	  15.01	   3.63	 315.05	  44.95	  44.95	 174.13	  0.249	 0.44246726	  0.823	 0.00072776	  0.072	 0.01578694	 0.3087	  0.526	  0.11331	 0.99845457	
m70718c2r7.htb	    0.0	  20.00	  0.000	   0.00	  -5.00	  30.00	   6.67	  0.197	  11.97	   2.87	  62.27	  62.27	  62.27	  42.39	  0.351	 0.41740759	  0.288	 0.13666799	  0.036	 0.09294833	 0.3072	  0.462	  0.76992	 0.94243514	
m70718c3r7.htb	    0.0	  20.00	  0.000	   0.00	   2.00	  30.00	   0.65	  0.571	   0.30	   1.39	 157.48	 157.48	  22.52	 280.45	  1.332	 0.46039679	  0.361	 0.08702557	  0.054	 0.03792629	 0.3233	  0.546	  0.17995	 0.99618710	
m70719c1r7.htb	    0.0	  20.00	  0.000	   5.00	   5.00	  30.00	   6.32	  0.086	  30.77	   2.24	 144.37	 144.37	  35.63	  42.39	  0.084	 0.82444019	  0.682	 0.00606899	  0.032	 0.11266165	 0.2728	  0.340	  0.10249	 0.99873109	
m70719c2r7.htb	    0.0	  20.00	  0.000	  -5.00	   0.00	  30.00	  13.38	  0.115	  31.50	   1.67	 311.51	  48.49	  48.49	 260.14	  0.084	 0.24288002	  0.081	 0.45707913	  0.019	 0.22493037	 0.3621	  0.318	  0.92703	 0.92065193	
m70719c3r7.htb	    0.0	  20.00	  0.000	  -5.00	  -5.00	  30.00	   5.47	  0.237	  20.80	   0.95	 154.95	 154.95	  25.05	 181.08	  0.058	 0.30371254	  0.026	 0.67679831	  0.003	 0.61897138	 0.3213	  0.643	  1.19943	 0.87819325	
m70720c1r7.htb	    0.0	  20.00	  0.000	  -5.00	   0.00	  30.00	   4.53	  0.173	  14.37	   5.37	 358.06	   1.94	   1.94	 359.16	  0.353	 0.74718296	  0.507	 0.03151806	  0.036	 0.09402462	 0.2714	  0.573	  0.28988	 0.99045805	
m70720c2r7.htb	    0.0	  20.00	  0.000	  -5.00	  -2.00	  30.00	  14.28	  0.170	  29.97	   5.34	  19.68	  19.68	  19.68	 101.84	  0.254	 0.06934438	  0.897	 0.00010530	  0.145	 0.00048392	 0.3922	  0.419	  0.23843	 0.99343397	
m70723c1r7.htb	    0.0	  20.00	  0.000	  -8.00	  -8.00	  30.00	   0.60	  0.380	   2.06	   0.98	 257.07	 102.93	  77.07	  56.68	  0.402	 0.85831629	  0.515	 0.02957293	  0.028	 0.13514998	 0.2349	  0.718	  0.08755	 0.99906947	
m70730c1r7.htb	    0.0	  20.00	  0.000	  -5.00	   0.00	  30.00	   0.85	  0.253	   9.40	   0.00	 182.30	 177.70	   2.30	 253.97	  0.000	 0.44398280	  0.000	        NaN	  0.000	        NaN	 0.3155	  0.482	  1.25433	 0.86907590	
m70730c1r37.htb	    0.0	  20.00	  0.000	  -5.00	   0.00	  80.00	   1.24	  0.234	   8.68	   0.69	 257.53	 102.47	  77.53	 125.54	  0.085	 0.48517515	  0.036	 0.62435977	  0.006	 0.50749483	 0.3021	  0.474	  0.56791	 0.96656221	
m70730c2r7.htb	    0.0	  20.00	  0.000	   0.00	  -5.00	  30.00	   5.77	  0.163	  17.22	   1.78	 236.68	 123.32	  56.68	 139.50	  0.135	 0.11252899	  0.418	 0.06004334	  0.051	 0.04427808	 0.3842	  0.311	  0.79584	 0.93900424	
m70731c1r7.htb	    0.0	  20.00	  0.000	  -2.00	   0.00	  30.00	   0.60	  0.340	   5.11	   3.48	  24.88	  24.88	  24.88	  42.39	  0.436	 0.08555663	  0.671	 0.00690676	  0.106	 0.00316464	 0.3744	  0.425	  0.46715	 0.97661956	
m70801c2r7.htb	    0.0	  20.00	  0.000	  -5.00	  -7.00	  30.00	  10.20	  0.159	  15.13	   1.02	 269.18	  90.82	  89.18	 159.03	  0.171	 0.96291103	  0.108	 0.38702044	  0.004	 0.55945576	 0.1819	  0.691	  0.18766	 0.99586389	
m70801c3r7.htb	    0.0	  20.00	  0.000	   5.00	   5.00	  25.00	   8.81	  0.148	  43.08	  10.08	 297.00	  63.00	  63.00	  42.39	  0.227	 0.57916917	  0.787	 0.00141113	  0.061	 0.02736927	 0.3099	  0.632	  0.11059	 0.99852636	
m70802c1r7.htb	    0.0	  20.00	  0.000	  -8.00	  -7.00	  30.00	   2.64	  0.305	   6.79	   6.72	 220.03	 139.97	  40.03	 362.89	  0.618	 0.05992241	  0.590	 0.01563302	  0.081	 0.01075835	 0.3939	  0.512	  0.86669	 0.92929034	
m70802c2r7.htb	    0.0	  20.00	  0.000	   2.00	  -2.00	  30.00	   2.59	  0.237	  16.11	  10.22	 139.85	 139.85	  40.15	 674.45	  0.431	 0.00287104	  0.017	 0.73456250	  0.051	 0.04504073	 0.4966	  0.347	  2.54429	 0.63672292	
m70803c1r7.htb	    0.0	  20.00	  0.000	  -7.00	   7.00	  25.00	   0.30	  0.568	   0.56	   0.57	 165.06	 165.06	  14.94	 123.75	  0.682	 0.86414921	  0.842	 0.00048313	  0.037	 0.08910130	 0.1837	  0.813	  0.03633	 0.99983699	
m70803c2r7.htb	    0.0	  20.00	  0.000	 -10.00	  -3.00	  60.00	   1.89	  0.376	  12.10	   8.40	  23.31	  23.31	  23.31	  42.39	  0.452	 0.09745715	  0.638	 0.00979058	  0.100	 0.00424918	 0.3718	  0.736	  0.39935	 0.98253044	
m70806c1r7.htb	    0.0	  20.00	  0.000	   7.00	   3.00	  12.50	   0.25	  0.492	   3.98	   1.44	 248.68	 111.32	  68.68	 136.62	  0.278	 0.00108234	  0.111	 0.38084358	  0.058	 0.03113398	 0.4618	  0.468	  2.28569	 0.68337557	
m70806c1r17.htb	    0.0	  20.00	  0.000	   7.00	   3.00	  25.00	   0.10	  0.321	   4.33	   1.06	 225.96	 134.04	  45.96	  42.39	  0.200	 0.29428225	  0.301	 0.12624839	  0.032	 0.11303015	 0.3559	  0.426	  0.79751	 0.93878117	
m70806c1r37.htb	    0.0	  20.00	  0.000	   7.00	   3.00	 100.00	   0.85	  0.505	   0.75	   4.18	 270.00	  90.00	  90.00	 670.29	  1.022	 0.00014500	  0.107	 0.39095685	  0.165	 0.00018334	 0.4905	  0.348	  2.13196	 0.71150250	
m70807c1r7.htb	    0.0	  20.00	  0.000	   0.00	   0.00	  30.00	   2.54	  0.305	  15.30	   5.69	 291.10	  68.90	  68.90	  63.79	  0.308	 0.00152632	  0.731	 0.00330186	  0.193	 0.00004489	 0.4641	  0.436	  0.82528	 0.93502686	
m70807c1r17.htb	    0.0	  20.00	  0.000	   0.00	   0.00	  60.00	   1.59	  0.517	   8.77	   8.45	 292.34	  67.66	  67.66	  82.50	  0.541	 0.00000001	  0.900	 0.00009718	  0.456	 0.00000000	 0.5761	  0.452	  0.83318	 0.93394575	
m70807c1r27.htb	    0.0	  20.00	  0.000	   0.00	   0.00	 120.00	   1.09	  0.467	   7.79	   6.98	 281.36	  78.64	  78.64	 106.50	  0.510	 0.00000000	  0.970	 0.00000133	  0.545	 0.00000000	 0.5814	  0.369	  0.26384	 0.99202730	
m70807c1r37.htb	    0.0	  20.00	  0.000	   0.00	   0.00	  15.00	   1.44	  0.401	   9.79	   5.85	 270.57	  89.43	  89.43	 188.07	  0.412	 0.00355358	  0.717	 0.00400211	  0.192	 0.00004815	 0.4703	  0.516	  0.69684	 0.95171785	
m70809c1r7.htb	    0.0	  20.00	  0.000	   0.00	   2.00	  35.00	   1.34	  0.357	   3.69	   5.67	  74.21	  74.21	  74.21	 428.23	  0.707	 0.05286348	  0.217	 0.20598810	  0.095	 0.00542709	 0.4442	  0.407	  1.26051	 0.86803847	
m70809c1r17.htb	    0.0	  20.00	  0.000	   0.00	   2.00	  70.00	   1.24	  0.339	   6.51	   2.55	 132.38	 132.38	  47.62	  98.59	  0.326	 0.01719641	  0.713	 0.00420105	  0.164	 0.00019590	 0.4284	  0.378	  0.31201	 0.98902570	
m70810c1r7.htb	    0.0	  20.00	  0.000	   0.00	   0.00	  30.00	   0.50	  0.436	   4.09	   2.38	 139.50	 139.50	  40.50	 182.04	  0.398	 0.00315382	  0.724	 0.00362098	  0.178	 0.00009932	 0.4452	  0.410	  1.10864	 0.89289935	
m70810c1r17.htb	   90.0	  20.00	  0.000	   0.00	   0.00	  60.00	   1.00	  0.500	   2.04	   0.94	  55.50	  55.50	  55.50	  42.39	  0.472	 0.46793055	  0.274	 0.14843800	  0.033	 0.10632712	 0.3263	  0.470	  1.19543	 0.87885021	
m70810c1r27.htb	   90.0	  20.00	  0.000	   0.00	   0.00	 120.00	   0.75	  0.423	   0.86	   1.09	 190.44	 169.56	  10.44	 248.27	  0.905	 0.68321725	  0.645	 0.00918705	  0.044	 0.06065012	 0.2657	  0.565	  0.10962	 0.99855170	
m70810c1r37.htb	   90.0	  20.00	  0.000	   0.00	   0.00	  15.00	   0.85	  0.417	   2.64	   2.58	 245.79	 114.21	  65.79	  42.39	  0.590	 0.07931977	  0.340	 0.09916170	  0.083	 0.00955722	 0.3441	  0.494	  0.39990	 0.98248517	
m70815c1r7.htb	    0.0	  20.00	  0.000	   0.00	   0.00	  25.00	   0.65	  0.271	   4.20	   1.14	 316.20	  43.80	  43.80	 198.20	  0.242	 0.47065488	  0.451	 0.04776961	  0.040	 0.07520659	 0.2792	  0.501	  0.37749	 0.98427764	
m70815c1r17.htb	    0.0	  20.00	  0.000	   0.00	   0.00	  50.00	   1.24	  0.275	   5.65	   3.06	 247.68	 112.32	  67.68	  46.29	  0.410	 0.18786380	  0.704	 0.00465969	  0.101	 0.00408594	 0.3128	  0.420	  0.20211	 0.99522538	
m70815c1r27.htb	    0.0	  20.00	  0.000	   0.00	   0.00	 100.00	   1.14	  0.527	   5.10	   3.90	 260.10	  99.90	  80.10	 131.07	  0.497	 0.00004266	  0.641	 0.00951287	  0.208	 0.00002106	 0.5015	  0.463	  1.86024	 0.76144553	
m70815c1r37.htb	    0.0	  20.00	  0.000	   0.00	   0.00	  12.50	   2.04	  0.384	   4.72	   1.29	 137.20	 137.20	  42.80	  42.39	  0.326	 0.10863958	  0.160	 0.28590449	  0.027	 0.14773193	 0.3660	  0.513	  0.86764	 0.92915657	
m70816c1r7.htb	    0.0	  20.00	  0.000	   6.00	   5.00	  25.00	   2.59	  0.262	  15.13	   3.25	 257.46	 102.54	  77.46	  94.20	  0.206	 0.45296286	  0.445	 0.04955291	  0.044	 0.06135709	 0.3305	  0.620	  0.41503	 0.98122816	
m70816c1r17.htb	    0.0	  20.00	  0.000	   6.00	   5.00	  50.00	   2.14	  0.412	   8.35	   3.00	 203.84	 156.16	  23.84	 216.57	  0.326	 0.25148218	  0.302	 0.12562790	  0.043	 0.06481460	 0.3867	  0.670	  0.73619	 0.94679192	
m70816c1r27.htb	    0.0	  20.00	  0.000	   6.00	   5.00	 100.00	   1.79	  0.309	   4.08	   4.10	 207.60	 152.40	  27.60	 395.40	  0.642	 0.49223720	  0.329	 0.10658143	  0.050	 0.04550217	 0.3230	  0.517	  0.31716	 0.98867961	
m70816c1r37.htb	    0.0	  20.00	  0.000	   6.00	   5.00	  12.50	   1.64	  0.362	   7.65	   2.37	  49.69	  49.69	  49.69	  42.39	  0.283	 0.56216547	  0.277	 0.14536570	  0.020	 0.21136730	 0.3080	  0.769	  0.52795	 0.97072365	
m70817c1r17.htb	    0.0	  20.00	  0.000	   3.00	   0.00	  80.00	   1.64	  0.311	   4.21	   1.91	 272.08	  87.92	  87.92	 120.72	  0.426	 0.00712489	  0.816	 0.00084660	  0.094	 0.00008284	 0.3251	  0.455	  0.18489	 0.99598160	
m70817c1r27.htb	    0.0	  20.00	  0.000	   3.00	   0.00	 160.00	   3.73	  0.489	   4.60	   3.52	 284.19	  75.81	  75.81	  54.49	  0.803	 0.00001054	  0.828	 0.00065473	  0.168	 0.00000007	 0.4505	  0.480	  0.40127	 0.98237285	
m70817c1r37.htb	    0.0	  20.00	  0.000	   3.00	   0.00	  20.00	   1.39	  0.299	   5.13	   1.44	 352.76	   7.24	   7.24	  69.65	  0.279	 0.68953019	  0.741	 0.00289672	  0.046	 0.05742170	 0.2468	  0.560	  0.13147	 0.99793171	
m70820c1r7.htb	    0.0	  20.00	  0.000	   0.00	   0.00	  35.00	  12.19	  0.080	  18.99	   1.34	 187.88	 172.12	   7.88	 232.21	  0.165	 0.99971068	  0.353	 0.09157741	  0.003	 0.62016504	 0.1080	  0.727	  0.01376	 0.99997646	
m70820c1r17.htb	    0.0	  20.00	  0.000	   0.00	   0.00	  70.00	  13.68	  0.150	  19.20	   3.03	 252.20	 107.80	  72.20	  71.04	  0.355	 0.65140606	  0.803	 0.00106675	  0.052	 0.04139182	 0.2566	  0.494	  0.12119	 0.99823661	
m70820c1r27.htb	    0.0	  20.00	  0.000	   0.00	   0.00	 140.00	   7.89	  0.088	  15.44	   0.83	 239.12	 120.88	  59.12	 148.34	  0.098	 0.95856970	  0.394	 0.07045027	  0.005	 0.38287360	 0.1636	  0.498	  0.08274	 0.99916758	
m70820c1r37.htb	    0.0	  20.00	  0.000	   0.00	   0.00	  18.00	   5.97	  0.289	  10.89	   2.88	 218.68	 141.32	  38.68	  65.24	  0.369	 0.63371021	  0.409	 0.06378151	  0.035	 0.09630964	 0.2966	  0.720	  0.27143	 0.99158315	
m70821c1r7.htb	    0.0	  20.00	  0.000	   0.00	   0.00	  40.00	   6.92	  0.262	   7.51	   5.07	  22.98	  22.98	  22.98	 356.14	  0.895	 0.06189610	  0.654	 0.00833143	  0.084	 0.00933115	 0.3892	  0.396	  1.17458	 0.88226544	
m70821c1r17.htb	    0.0	  20.00	  0.000	   0.00	   0.00	  80.00	   7.11	  0.199	  10.35	   3.21	   6.79	   6.79	   6.79	 227.37	  0.498	 0.05938761	  0.902	 0.00008801	  0.159	 0.00024929	 0.3890	  0.308	  0.08489	 0.99912430	
m70821c1r27.htb	    0.0	  20.00	  0.000	   0.00	   0.00	 160.00	   8.36	  0.261	  10.77	   3.59	 352.87	   7.13	   7.13	 173.30	  0.598	 0.01681211	  0.895	 0.00011417	  0.185	 0.00006748	 0.4057	  0.394	  0.30531	 0.98946868	
m70821c1r37.htb	    0.0	  20.00	  0.000	   0.00	   0.00	  20.00	   5.95	  0.253	   4.31	   2.95	   6.20	   6.20	   6.20	 392.42	  2.241	 0.05997095	  0.168	 0.27261807	  0.032	 0.02409997	 0.3257	  0.413	  0.43212	 0.97976405	
m70822c1r7.htb	    0.0	  20.00	  0.000	  -5.00	  -7.00	  30.00	   1.29	  0.344	   3.54	   0.54	 208.13	 151.87	  28.13	 177.97	  0.193	 0.87120106	  0.211	 0.21336897	  0.008	 0.44489010	 0.2265	  0.584	  0.24267	 0.99320817	
m70822c1r17.htb	    0.0	  20.00	  0.000	  -5.00	  -7.00	  60.00	   1.14	  0.187	   3.65	   0.61	 132.00	 132.00	  48.00	  42.39	  0.195	 0.97384845	  0.603	 0.01389304	  0.015	 0.27423612	 0.1791	  0.479	  0.08724	 0.99907593	
m70822c1r27.htb	    0.0	  20.00	  0.000	  -5.00	  -7.00	 120.00	   0.80	  0.483	   2.16	   1.42	 192.23	 167.77	  12.23	  42.39	  0.510	 0.00621261	  0.558	 0.02079999	  0.068	 0.00089476	 0.3828	  0.472	  0.59000	 0.96416860	
m70822c1r37.htb	    0.0	  20.00	  0.000	  -5.00	  -7.00	  15.00	   1.64	  0.305	   3.37	   1.49	 209.41	 150.59	  29.41	  42.39	  0.463	 0.79502606	  0.574	 0.01804056	  0.035	 0.09532925	 0.2532	  0.539	  0.10756	 0.99860457	
m70823c1r7.htb	    0.0	  20.00	  0.000	   0.00	  -7.00	  20.00	   0.30	  0.257	   3.41	   1.67	 108.73	 108.73	  71.27	  42.39	  0.350	 0.61871924	  0.876	 0.00020727	  0.030	 0.02817421	 0.2306	  0.532	  0.07632	 0.99929023	
m70823c1r17.htb	    0.0	  20.00	  0.000	   0.00	  -7.00	  40.00	   0.25	  0.333	   3.40	   1.09	 169.28	 169.28	  10.72	  91.31	  0.257	 0.41809224	  0.613	 0.01261869	  0.030	 0.02981277	 0.2842	  0.513	  0.13768	 0.99773665	
m70823c1r27.htb	    0.0	  20.00	  0.000	   0.00	  -7.00	  80.00	   0.30	  0.242	   5.32	   0.59	 182.70	 177.30	   2.70	 159.01	  0.105	 0.88033392	  0.170	 0.27034558	  0.010	 0.36576716	 0.2535	  0.539	  0.31474	 0.98884259	
m70823c1r37.htb	    0.0	  20.00	  0.000	   0.00	  -7.00	  10.00	   0.45	  0.320	   4.02	   0.60	   2.85	   2.85	   2.85	 127.36	  0.143	 0.80422416	  0.126	 0.34909771	  0.009	 0.40099236	 0.2412	  0.560	  0.45507	 0.97772512	
m70824c1r7.htb	    0.0	  20.00	  0.000	   0.00	   0.00	  20.00	   5.42	  0.287	  13.12	   4.89	 303.59	  56.41	  56.41	  42.39	  0.388	 0.09503832	  0.854	 0.00037073	  0.129	 0.00109451	 0.4031	  0.487	  0.20118	 0.99526752	
m70824c1r17.htb	    0.0	  20.00	  0.000	   0.00	   0.00	  40.00	   7.91	  0.165	  12.73	   1.63	 239.78	 120.22	  59.78	  42.39	  0.253	 0.51663552	  0.158	 0.28911077	  0.017	 0.25235231	 0.2978	  0.431	  0.59127	 0.96402890	
m70824c1r27.htb	    0.0	  20.00	  0.000	   0.00	   0.00	  80.00	   4.20	  0.143	   9.65	   1.39	 287.96	  72.04	  72.04	 194.45	  0.203	 0.57486913	  0.781	 0.00156672	  0.027	 0.03630513	 0.2355	  0.427	  0.09889	 0.99881713	
m70824c1r37.htb	    0.0	  20.00	  0.000	   0.00	   0.00	  10.00	   5.47	  0.280	   7.63	   1.75	 146.83	 146.83	  33.17	  42.39	  0.449	 0.49703317	  0.230	 0.19188318	  0.031	 0.11926353	 0.3067	  0.517	  0.36617	 0.98515164	
m70827c1r7.htb	    0.0	  20.00	  0.000	   0.00	  -5.00	  25.00	   0.75	  0.325	   4.49	   5.75	  28.80	  28.80	  28.80	 707.48	  0.605	 0.11673442	  0.010	 0.79494212	  0.025	 0.15820494	 0.3760	  0.515	  1.00691	 0.90874651	
m70827c1r17.htb	    0.0	  20.00	  0.000	   0.00	  -5.00	  50.00	   1.39	  0.251	   8.72	   1.88	 237.11	 122.89	  57.11	 204.05	  0.204	 0.43466260	  0.557	 0.02085802	  0.051	 0.04445376	 0.2708	  0.572	  0.37478	 0.98448956	
m70827c1r27.htb	    0.0	  20.00	  0.000	   0.00	  -5.00	 100.00	   1.84	  0.303	   7.79	   2.69	 252.55	 107.45	  72.55	  42.39	  0.311	 0.25792369	  0.252	 0.16880194	  0.043	 0.06366538	 0.3432	  0.475	  0.82152	 0.93553936	
m70827c1r37.htb	    0.0	  20.00	  0.000	   0.00	  -5.00	  12.50	   1.54	  0.411	   2.21	   5.82	 278.08	  81.92	  81.92	 423.19	  0.898	 0.07939166	  0.255	 0.16544217	  0.067	 0.02025431	 0.4286	  0.494	  0.99735	 0.91019748	
m70828c1r7.htb	    0.0	  20.00	  0.000	  -5.00	 -10.00	  25.00	   0.25	  0.361	   1.18	   0.38	  64.65	  64.65	  64.65	  42.39	  0.289	 0.83656925	  0.258	 0.16257461	  0.011	 0.36249237	 0.2031	  0.515	  0.18449	 0.99599828	
m70828c1r17.htb	    0.0	  20.00	  0.000	  -5.00	 -10.00	  50.00	   0.07	  0.456	   0.96	   0.84	 241.16	 118.84	  61.16	  42.39	  0.485	 0.29097731	  0.455	 0.04642650	  0.027	 0.03705653	 0.2864	  0.472	  0.21762	 0.99449243	
m70828c1r27.htb	    0.0	  20.00	  0.000	  -5.00	 -10.00	 100.00	   3.38	  0.418	  10.62	   3.39	 281.26	  78.74	  78.74	 115.46	  0.319	 0.36888928	  0.346	 0.09581596	  0.036	 0.09298927	 0.3665	  0.820	  0.63342	 0.95927859	
m70828c1r37.htb	    0.0	  20.00	  0.000	  -5.00	 -10.00	  12.50	   3.13	  0.372	   6.96	   1.67	  94.00	  94.00	  86.00	 103.89	  0.304	 0.00192592	  0.193	 0.23682208	  0.022	 0.02025538	 0.3484	  0.643	  0.79419	 0.93922497	
m70829c1r7.htb	    0.0	  20.00	  0.000	  -2.00	  -2.00	  25.00	   0.65	  0.369	   9.83	   4.80	 294.40	  65.60	  65.60	  42.39	  0.343	 0.05801075	  0.404	 0.06585906	  0.077	 0.01274666	 0.4330	  0.502	  0.67851	 0.95395182	
m70831c1r7.htb	    0.0	  20.00	  0.000	   5.00	  -7.00	  30.00	   3.78	  0.174	  26.12	   3.51	 300.24	  59.76	  59.76	  60.83	  0.136	 0.18763007	  0.358	 0.08875809	  0.059	 0.02998357	 0.3820	  0.405	  0.49344	 0.97413617	
m70831c1r27.htb	    0.0	  20.00	  0.000	   5.00	  -7.00	 120.00	   5.07	  0.104	  25.74	   1.97	 188.49	 171.51	   8.49	 284.42	  0.087	 0.62665056	  0.371	 0.08184631	  0.025	 0.16084747	 0.2991	  0.351	  0.30533	 0.98946743	
m70905c1r7.htb	    0.0	  20.00	  0.000	   0.00	   0.00	  40.00	   2.99	  0.216	  15.03	   0.62	 234.34	 125.66	  54.34	 207.90	  0.049	 0.20500016	  0.042	 0.59584994	  0.003	 0.62247816	 0.3553	  0.426	  1.41142	 0.84220724	
m70905c1r27.htb	    0.0	  20.00	  0.000	   0.00	   0.00	 180.00	   1.44	  0.356	  11.90	   4.09	 239.99	 120.01	  59.99	 203.71	  0.281	 0.01326880	  0.407	 0.06462113	  0.103	 0.00377376	 0.4350	  0.555	  1.18341	 0.88082316	
