FILE			 PrfOR	 PrfSF	 PrfTF	 RFXctr	 RFYctr	 RFDiam	 GrType	 MaxLoc	 MaxRsp	 MinLoc	 MinRsp	 Spont	 SFMI		 AnovaP	 SFDI  	 VarTerm	 MaxX 	 MinX 	 SFHWHM	 RsqMn	 PMean	 RsqRaw	 Praw		 Chi2		 ChiP		 Brat		 Ampl		 Peak		 SD		 Offst		
m60110c1r2.htb	   0.0	  0.10	 2.000	  0.00	  0.00	 50.00	   0.0	 0.0250	  6.51	 1.6000	  1.67	  1.58	 1.183	 0.00286877	 0.542	  0.648	  1.60	  0.03	  0.2240	 0.7304	 0.01429240	 0.3414	 0.00014644	 2.4906	 0.28785251	  0.67	  5.84	 0.0250	 2.2110	 0.0001	
m60110c1r2.htb	   0.0	  0.10	 2.000	  0.00	  0.00	 50.00	   1.0	 0.0640	  6.65	 1.6000	  1.37	  1.58	 1.236	 0.00092885	 0.583	  0.493	  1.60	  0.03	  0.3250	 0.9437	 0.00026114	 0.4785	 0.00000212	 0.3794	 0.82722043	  0.13	  6.52	 0.0639	 1.7696	 0.0001	
m60110c2r3.htb	  30.0	  0.05	 2.000	  3.00	 -7.00	 30.00	   0.0	 0.0250	  8.92	 1.6000	  1.60	  1.99	 1.264	 0.00000005	 0.603	  0.587	  1.60	  0.03	  0.2200	 0.7801	 0.00839784	 0.4578	 0.00000001	 2.9890	 0.22435730	  0.16	  8.76	 0.0250	 2.1847	 0.0001	
m60110c2r3.htb	  30.0	  0.05	 2.000	  3.00	 -7.00	 30.00	   1.0	 0.0250	  9.13	 1.6000	  2.51	  1.99	 1.198	 0.00000224	 0.601	  0.519	  1.60	  0.03	  0.2300	 0.8962	 0.00122445	 0.4587	 0.00000001	 1.0876	 0.58055024	  1.02	  8.10	 0.0250	 2.2568	 0.0001	
m60110c3r3.htb	  90.0	  0.05	 1.000	 20.00	 -15.00	 30.00	   0.0	 0.0270	 23.05	 1.6000	  7.77	  7.46	 0.980	 0.00000006	 0.673	  0.524	  1.60	  0.03	  0.0480	 0.9670	 0.00006797	 0.7787	 0.00000000	 1.3645	 0.50547968	  7.77	 15.28	 0.0270	 0.6894	 0.0100	
m60110c3r3.htb	  90.0	  0.05	 1.000	 20.00	 -15.00	 30.00	   1.0	 0.0360	 23.60	 1.6000	 10.12	  7.46	 0.905	 0.00000577	 0.618	  0.549	  1.60	  0.03	  0.0530	 0.9715	 0.00004689	 0.6759	 0.00000000	 2.8730	 0.23776095	 10.12	 13.48	 0.0364	 0.6338	 0.0100	
m60125c1r3.htb	  30.0	  0.50	 2.000	  0.00	  0.00	 50.00	   0.0	 0.0360	  0.40	 1.6000	  0.03	  0.10	 1.217	 0.05862056	 0.365	  0.377	  1.60	  0.03	  0.0290	 0.9321	 0.00041759	 0.1591	 0.00062603	 0.0668	 0.96715862	  0.03	  0.37	 0.0363	 0.4733	 0.0001	
m60125c1r3.htb	  30.0	  0.50	 2.000	  0.00	  0.00	 50.00	   1.0	 0.0880	  0.42	 1.6000	  0.04	  0.10	 1.199	 0.15102460	 0.360	  0.451	  1.60	  0.03	  0.1490	 0.9537	 0.00015935	 0.1288	 0.00227980	 0.0659	 0.96758583	  0.04	  0.37	 0.0878	 0.7836	 0.0100	
m60125c2r2.htb	  30.0	  0.05	 2.000	 -7.00	 -3.00	 40.00	   0.0	 0.0310	 13.18	 1.6000	  5.32	  4.73	 0.930	 0.00000000	 0.606	  0.444	  1.60	  0.03	  0.0290	 0.9725	 0.00004292	 0.6251	 0.00000000	 0.2058	 0.90220464	  5.32	  7.87	 0.0314	 0.5310	 0.0001	
m60125c2r2.htb	  30.0	  0.05	 2.000	 -7.00	 -3.00	 40.00	   1.0	 0.0330	 14.34	 1.6000	  6.45	  4.73	 0.868	 0.00000000	 0.624	  0.371	  1.60	  0.03	  0.0280	 0.9896	 0.00000374	 0.6674	 0.00000000	 0.1532	 0.92628163	  6.45	  7.89	 0.0326	 0.5165	 0.0001	
m60125c3r3.htb	  30.0	  0.03	 2.000	 -8.00	 -18.00	 30.00	   0.0	 0.0330	 25.08	 1.6000	  6.57	  3.68	 0.865	 0.00000000	 0.706	  0.563	  1.60	  0.03	  0.0270	 0.9447	 0.00024887	 0.7583	 0.00000000	 1.5245	 0.46661031	  6.57	 18.52	 0.0330	 0.4794	 0.0001	
m60125c3r3.htb	  30.0	  0.03	 2.000	 -8.00	 -18.00	 30.00	   1.0	 0.0350	 30.37	 0.3360	  9.71	  3.68	 0.810	 0.00000000	 0.579	  0.673	  1.60	  0.03	  0.0150	 0.9146	 0.00074603	 0.5131	 0.00000000	 0.7342	 0.69274732	  9.71	 20.67	 0.0345	 0.2359	 0.0100	
m60125c4r4.htb	  90.0	  0.03	 2.000	  0.00	 -8.00	 30.00	   0.0	 0.0500	 22.15	 1.6000	  7.21	  4.26	 0.835	 0.00000100	 0.613	  0.660	  1.60	  0.03	  0.0710	 0.9873	 0.00000621	 0.6382	 0.00000000	 0.2396	 0.88709815	  7.21	 14.94	 0.0504	 0.6462	 0.0100	
m60125c4r4.htb	  90.0	  0.03	 2.000	  0.00	 -8.00	 30.00	   1.0	 0.0440	 20.87	 1.6000	  6.68	  4.26	 0.844	 0.00000009	 0.646	  0.608	  1.60	  0.03	  0.0640	 0.9857	 0.00000828	 0.6836	 0.00000000	 0.2846	 0.86736906	  6.68	 14.19	 0.0444	 0.7452	 0.0001	
m60201c2r3.htb	  90.0	  0.03	 2.000	  0.00	 -10.00	 50.00	   0.0	 0.0350	 28.02	 1.6000	 10.91	 12.34	 1.091	 0.00000000	 0.540	  0.761	  1.60	  0.03	  0.0370	 0.9971	 0.00000015	 0.6599	 0.00000000	 0.0030	 0.99848141	 10.91	 17.12	 0.0346	 0.6012	 0.0001	
m60201c2r3.htb	  90.0	  0.03	 2.000	  0.00	 -10.00	 50.00	   1.0	 0.0350	 32.75	 0.5000	 12.15	 12.34	 1.040	 0.00000000	 0.579	  0.684	  1.60	  0.03	  0.0190	 0.9363	 0.00035635	 0.6161	 0.00000000	 0.4937	 0.78126715	 12.15	 20.61	 0.0349	 0.2797	 0.0100	
m60201c3r5.htb	 270.0	  0.03	 2.000	  8.00	 -15.00	 50.00	   0.0	 0.0300	 27.76	 1.6000	  5.09	  4.69	 0.983	 0.00000000	 0.678	  0.745	  1.60	  0.03	  0.0410	 0.9961	 0.00000033	 0.7728	 0.00000000	 0.2766	 0.87085446	  5.09	 22.68	 0.0302	 0.5728	 0.0100	
m60201c3r5.htb	 270.0	  0.03	 2.000	  8.00	 -15.00	 50.00	   1.0	 0.0370	 32.62	 1.6000	  5.63	  4.69	 0.973	 0.00000000	 0.674	  0.795	  1.60	  0.03	  0.0400	 0.9843	 0.00001055	 0.7988	 0.00000000	 0.7452	 0.68892790	  5.63	 26.99	 0.0371	 0.5080	 0.0100	
m60201c4r7.htb	 270.0	  0.03	 2.000	  8.00	 -18.00	 50.00	   0.0	 0.0510	  6.18	 1.6000	  2.14	  2.49	 1.095	 0.00000000	 0.597	  0.379	  1.60	  0.03	  0.1080	 0.9871	 0.00000642	 0.5461	 0.00000000	 0.1007	 0.95089398	  2.14	  4.04	 0.0514	 0.9520	 0.0001	
m60201c4r7.htb	 270.0	  0.03	 2.000	  8.00	 -18.00	 50.00	   1.0	 0.0570	  6.89	 1.6000	  2.76	  2.49	 1.004	 0.00000001	 0.580	  0.387	  1.60	  0.03	  0.0750	 0.9766	 0.00002880	 0.5152	 0.00000000	 0.3280	 0.84874966	  2.76	  4.14	 0.0569	 0.6315	 0.0100	
m60201c5r2.htb	  30.0	  0.05	 2.000	  0.00	 -15.00	 50.00	   0.0	 0.0250	 20.20	 1.5990	  4.47	  3.81	 0.960	 0.00000000	 0.645	  0.788	  1.60	  0.03	  0.0220	 0.9769	 0.00002778	 0.6806	 0.00000000	 0.8643	 0.64912225	  4.47	 15.73	 0.0250	 0.5059	 0.0001	
m60201c5r2.htb	  30.0	  0.05	 2.000	  0.00	 -15.00	 50.00	   1.0	 0.0250	 22.83	 1.6000	  5.60	  3.81	 0.929	 0.00000000	 0.638	  0.772	  1.60	  0.03	  0.0220	 0.9717	 0.00004637	 0.6397	 0.00000000	 0.8856	 0.64221993	  5.60	 17.23	 0.0251	 0.5021	 0.0001	
m60203c1r3.htb	   0.0	  0.03	 2.000	 -2.00	 -12.00	 50.00	   0.0	 0.0250	 12.42	 1.6000	  5.92	  6.37	 1.138	 0.00000000	 0.593	  0.455	  1.60	  0.03	  0.1790	 0.6850	 0.02153546	 0.3760	 0.00000002	 3.2390	 0.19799588	  5.53	  6.89	 0.0250	 1.5964	 0.0100	
m60203c1r3.htb	   0.0	  0.03	 2.000	 -2.00	 -12.00	 50.00	   1.0	 0.0250	 13.20	 1.6000	  6.71	  6.37	 1.056	 0.00000000	 0.621	  0.374	  1.60	  0.03	  0.1410	 0.8722	 0.00208239	 0.5104	 0.00000000	 1.4792	 0.47729487	  6.43	  6.77	 0.0250	 1.6449	 0.0001	
m60203c2r6.htb	   0.0	  0.03	 2.000	 -5.00	 -10.00	 40.00	   0.0	 0.0250	 16.78	 1.6000	  7.12	  7.81	 1.095	 0.00000000	 0.668	  0.453	  1.60	  0.03	  0.1130	 0.8581	 0.00271567	 0.5555	 0.00000000	 1.6980	 0.42784752	  6.96	  9.83	 0.0250	 1.4561	 0.0001	
m60203c2r6.htb	   0.0	  0.03	 2.000	 -5.00	 -10.00	 40.00	   1.0	 0.0250	 17.71	 1.6000	  8.02	  7.81	 1.043	 0.00000000	 0.599	  0.484	  1.60	  0.03	  0.1200	 0.9686	 0.00005990	 0.5797	 0.00000000	 0.2632	 0.87668049	  7.80	  9.90	 0.0250	 1.5054	 0.0001	
m60203c3r3.htb	   0.0	  0.03	 2.000	  5.00	 -20.00	 40.00	   0.0	 0.0250	 12.45	 1.6000	  5.88	  4.53	 0.829	 0.00000239	 0.541	  0.591	  1.60	  0.03	  0.0550	 0.8640	 0.00243863	 0.3704	 0.00000002	 0.5798	 0.74833726	  5.88	  6.56	 0.0250	 0.9660	 0.0001	
m60203c3r3.htb	   0.0	  0.03	 2.000	  5.00	 -20.00	 40.00	   1.0	 0.0250	 14.88	 1.6000	  5.78	  4.53	 0.861	 0.00000001	 0.560	  0.637	  1.60	  0.03	  0.0410	 0.9683	 0.00006157	 0.5058	 0.00000000	 0.3282	 0.84866830	  5.78	  9.10	 0.0250	 0.7994	 0.0001	
m60207c1r3.htb	 120.0	  0.03	 2.000	 -8.00	 -12.00	 50.00	   0.0	 0.0310	 12.38	 1.0240	  1.88	  1.24	 0.943	 0.00000000	 0.693	  0.479	  1.60	  0.03	  0.0240	 0.9945	 0.00000076	 0.8125	 0.00000000	 0.5262	 0.76868173	  1.88	 10.51	 0.0315	 0.3637	 0.0100	
m60207c1r3.htb	 120.0	  0.03	 2.000	 -8.00	 -12.00	 50.00	   1.0	 0.0350	 21.12	 0.4210	  2.92	  1.24	 0.922	 0.00000000	 0.704	  0.470	  1.60	  0.03	  0.0170	 0.9940	 0.00000097	 0.8296	 0.00000000	 0.7482	 0.68792050	  2.92	 18.21	 0.0348	 0.2564	 0.0100	
m60207c2r3.htb	 300.0	  0.03	 4.000	  0.00	 -2.00	 50.00	   0.0	 0.0400	  8.06	 1.6000	  4.80	  4.33	 0.873	 0.00162061	 0.416	  0.474	  1.60	  0.03	  0.0940	 0.8771	 0.00188339	 0.2453	 0.00001306	 0.3722	 0.83018218	  4.80	  3.25	 0.0402	 0.8860	 0.0100	
m60207c2r3.htb	 300.0	  0.03	 4.000	  0.00	 -2.00	 50.00	   1.0	 0.0250	 10.03	 1.6000	  5.59	  4.33	 0.808	 0.00000089	 0.534	  0.398	  1.60	  0.03	  0.0800	 0.8987	 0.00115178	 0.4023	 0.00000000	 0.9808	 0.61238943	  5.58	  4.45	 0.0250	 1.2070	 0.0001	
m60207c3r3.htb	  50.0	  0.03	 4.000	 -5.00	 -5.00	 50.00	   0.0	 0.0340	 23.19	 1.6000	 10.25	  8.15	 0.860	 0.00000000	 0.651	  0.482	  1.60	  0.03	  0.0690	 0.9200	 0.00063360	 0.6607	 0.00000000	 1.9142	 0.38400163	 10.25	 12.95	 0.0343	 0.7821	 0.0100	
m60207c3r3.htb	  50.0	  0.03	 4.000	 -5.00	 -5.00	 50.00	   1.0	 0.0370	 23.46	 1.6000	  8.87	  8.15	 0.909	 0.00000000	 0.647	  0.528	  1.60	  0.03	  0.1130	 0.9842	 0.00001080	 0.7057	 0.00000000	 0.3310	 0.84748416	  8.83	 14.63	 0.0371	 1.0325	 0.0100	
m60207c4r4.htb	  30.0	  0.03	 2.000	 10.00	 10.00	 50.00	   0.0	 0.0250	 16.45	 1.6000	  8.75	 10.00	 1.194	 0.00089333	 0.487	  0.764	  1.60	  0.03	  0.0420	 0.8378	 0.00382529	 0.2475	 0.00001180	 0.6666	 0.71655419	  8.75	  7.70	 0.0250	 0.8207	 0.0001	
m60207c4r4.htb	  30.0	  0.03	 2.000	 10.00	 10.00	 50.00	   1.0	 0.0340	 24.53	 0.3080	  8.86	 10.00	 1.098	 0.00001294	 0.504	  0.735	  1.60	  0.03	  0.0150	 0.8865	 0.00153776	 0.3494	 0.00000007	 0.2958	 0.86253200	  8.86	 15.67	 0.0338	 0.2290	 0.0100	
m60301c1r2.htb	  30.0	  0.03	 2.000	  0.00	 -5.00	 40.00	   0.0	 0.0250	  7.51	 1.6000	  0.45	  1.04	 1.125	 0.00000000	 0.707	  0.505	  1.60	  0.03	  0.1290	 0.8096	 0.00578302	 0.6405	 0.00000000	 3.9173	 0.14105032	  0.24	  7.27	 0.0250	 1.5687	 0.0001	
m60301c1r2.htb	  30.0	  0.03	 2.000	  0.00	 -5.00	 40.00	   1.0	 0.0250	  6.86	 1.6000	  0.54	  1.04	 1.149	 0.00000000	 0.730	  0.437	  1.60	  0.03	  0.1710	 0.7881	 0.00762679	 0.6270	 0.00000000	 5.2551	 0.07225587	  0.00	  6.86	 0.0250	 1.8428	 0.0001	
m60301c2r2.htb	  30.0	  0.03	 2.000	 -5.00	 -10.00	 40.00	   0.0	 0.0250	  5.69	 1.6000	  0.89	  0.70	 0.961	 0.00000000	 0.632	  0.478	  1.60	  0.03	  0.0280	 0.9599	 0.00011107	 0.7110	 0.00000000	 0.4279	 0.80739099	  0.89	  4.80	 0.0250	 0.6181	 0.0001	
m60301c2r2.htb	  30.0	  0.03	 2.000	 -5.00	 -10.00	 40.00	   1.0	 0.0250	  4.83	 0.0260	  1.42	  0.70	 0.906	 0.00000002	 0.584	  0.484	  1.60	  0.03	  0.0020	 0.7344	 0.01373119	 0.3766	 0.00000002	 2.0726	 0.35476848	  1.42	  3.41	 0.0250	 0.0001	 0.0001	
m60301c3r2.htb	  30.0	  0.03	 2.000	 10.00	 -5.00	 40.00	   0.0	 0.0250	 24.00	 1.6000	  9.39	  6.87	 0.853	 0.00000000	 0.660	  0.573	  1.60	  0.03	  0.0640	 0.9160	 0.00071659	 0.6273	 0.00000000	 1.7409	 0.41875997	  9.38	 14.62	 0.0250	 1.0644	 0.0001	
m60301c3r2.htb	  30.0	  0.03	 2.000	 10.00	 -5.00	 40.00	   1.0	 0.0250	 22.31	 1.6000	  8.75	  6.87	 0.880	 0.00000000	 0.665	  0.526	  1.60	  0.03	  0.1380	 0.8703	 0.00216132	 0.6071	 0.00000000	 2.8028	 0.24625158	  8.21	 14.10	 0.0250	 1.6254	 0.0001	
m60301c4r2.htb	  30.0	  0.03	 4.000	 20.00	 -10.00	 50.00	   0.0	 0.0260	 12.60	 1.6000	  3.46	  3.08	 0.960	 0.00001389	 0.532	  0.929	  1.60	  0.03	  0.0240	 0.8886	 0.00146565	 0.3490	 0.00000007	 0.8463	 0.65496896	  3.46	  9.14	 0.0263	 0.5168	 0.0001	
m60301c4r2.htb	  30.0	  0.03	 4.000	 20.00	 -10.00	 50.00	   1.0	 0.0250	 10.69	 1.6000	  3.08	  3.08	 0.976	 0.00000329	 0.533	  0.867	  1.60	  0.03	  0.0260	 0.9335	 0.00039643	 0.3942	 0.00000001	 0.7791	 0.67737649	  3.08	  7.60	 0.0250	 0.5850	 0.0001	
m60302c1r2.htb	  30.0	  0.03	 2.000	  0.00	 -2.00	 50.00	   0.0	 0.0250	  8.62	 1.6000	  1.66	  1.89	 1.060	 0.00000000	 0.712	  0.389	  1.60	  0.03	  0.1230	 0.8919	 0.00135702	 0.6930	 0.00000000	 1.9465	 0.37784535	  1.48	  7.14	 0.0250	 1.5238	 0.0001	
m60302c1r2.htb	  30.0	  0.03	 2.000	  0.00	 -2.00	 50.00	   1.0	 0.0250	  7.50	 1.6000	  1.97	  1.89	 1.084	 0.00000000	 0.693	  0.307	  1.60	  0.03	  0.1960	 0.9539	 0.00015759	 0.6862	 0.00000000	 0.5725	 0.75107526	  1.23	  6.27	 0.0250	 2.0089	 0.0001	
m60302c2r2.htb	  30.0	  0.03	 2.000	  0.00	 -10.00	 40.00	   0.0	 0.0370	 20.75	 1.5310	  2.89	  2.44	 0.975	 0.00000000	 0.664	  0.628	  1.60	  0.03	  0.0260	 0.9991	 0.00000001	 0.8081	 0.00000000	 0.0691	 0.96604229	  2.89	 17.86	 0.0371	 0.4275	 0.0001	
m60302c2r2.htb	  30.0	  0.03	 2.000	  0.00	 -10.00	 40.00	   1.0	 0.0330	 25.18	 1.6000	  3.02	  2.44	 0.975	 0.00000000	 0.694	  0.746	  1.60	  0.03	  0.0310	 0.9605	 0.00010655	 0.7407	 0.00000000	 1.2954	 0.52324688	  3.02	 22.16	 0.0334	 0.5287	 0.0001	
m60302c3r2.htb	  30.0	  0.05	 4.000	 -5.00	 -5.00	 60.00	   0.0	 0.0250	  8.14	 1.6000	  3.18	  4.13	 1.286	 0.00000000	 0.617	  0.330	  1.60	  0.03	  0.1380	 0.8747	 0.00197876	 0.5716	 0.00000000	 2.1503	 0.34124115	  2.98	  5.16	 0.0250	 1.6254	 0.0001	
m60302c3r2.htb	  30.0	  0.05	 4.000	 -5.00	 -5.00	 60.00	   1.0	 0.0250	  8.07	 1.6000	  3.52	  4.13	 1.259	 0.00000000	 0.604	  0.367	  1.60	  0.03	  0.1580	 0.7118	 0.01703127	 0.4378	 0.00000000	 4.7264	 0.09411685	  3.22	  4.85	 0.0250	 1.7592	 0.0001	
m60302c4r2.htb	  30.0	  0.03	 4.000	 -5.00	  0.00	 50.00	   0.0	 0.0330	 32.01	 1.3730	 12.65	 11.29	 0.934	 0.00000000	 0.717	  0.439	  1.60	  0.03	  0.0230	 0.8662	 0.00233829	 0.6998	 0.00000000	 3.7160	 0.15598772	 12.65	 19.37	 0.0326	 0.4310	 0.0001	
m60302c4r2.htb	  30.0	  0.03	 4.000	 -5.00	  0.00	 50.00	   1.0	 0.0250	 27.17	 1.6000	 11.66	 11.29	 0.951	 0.00000000	 0.704	  0.429	  1.60	  0.03	  0.0830	 0.9349	 0.00037574	 0.7239	 0.00000000	 1.2366	 0.53884880	 11.60	 15.57	 0.0250	 1.2306	 0.0001	
m60404c3r2.htb	   0.0	  0.03	 2.000	 10.00	 10.00	 30.00	   0.0	 0.0370	  4.04	 0.5800	  0.38	  0.60	 1.063	 0.00000010	 0.511	  0.585	  1.60	  0.03	  0.0210	 0.9932	 0.00000129	 0.4836	 0.00000000	 0.0704	 0.96540777	  0.38	  3.66	 0.0372	 0.2842	 0.0100	
m60404c3r2.htb	   0.0	  0.03	 2.000	 10.00	 10.00	 30.00	   1.0	 0.0340	  3.00	 1.1470	  0.57	  0.60	 1.045	 0.00000421	 0.495	  0.555	  1.60	  0.03	  0.0250	 0.8680	 0.00225960	 0.3623	 0.00000004	 0.6154	 0.73515161	  0.57	  2.43	 0.0337	 0.3753	 0.0096	
m60404c4r2.htb	   0.0	  0.03	 1.000	 10.00	  5.00	 40.00	   0.0	 0.0390	 13.07	 1.6000	  4.39	  5.12	 1.092	 0.00000000	 0.616	  0.453	  1.60	  0.03	  0.0520	 0.9830	 0.00001281	 0.7115	 0.00000000	 0.3554	 0.83717281	  4.39	  8.68	 0.0387	 0.6097	 0.0100	
m60404c4r2.htb	   0.0	  0.03	 1.000	 10.00	  5.00	 40.00	   1.0	 0.0370	 14.55	 1.6000	  5.20	  5.12	 1.034	 0.00000000	 0.669	  0.396	  1.60	  0.03	  0.0350	 0.9518	 0.00017608	 0.7107	 0.00000000	 0.8710	 0.64694548	  5.20	  9.35	 0.0373	 0.5335	 0.0001	
m60404c5r2.htb	   0.0	  0.03	 2.000	  0.00	  0.00	 40.00	   0.0	 0.0350	 20.89	 1.6000	  6.58	  7.56	 1.074	 0.00000000	 0.702	  0.391	  1.60	  0.03	  0.0330	 0.9961	 0.00000031	 0.8427	 0.00000000	 0.2117	 0.89954131	  6.58	 14.32	 0.0353	 0.5362	 0.0001	
m60404c5r2.htb	   0.0	  0.03	 2.000	  0.00	  0.00	 40.00	   1.0	 0.0370	 20.46	 1.5670	  7.71	  7.56	 1.033	 0.00000000	 0.671	  0.430	  1.60	  0.03	  0.0310	 0.9624	 0.00009437	 0.7423	 0.00000000	 0.7885	 0.67417756	  7.71	 12.75	 0.0373	 0.4087	 0.0100	
m60405c2r2.htb	   0.0	  0.03	 2.000	 -10.00	 -15.00	 40.00	   0.0	 0.0250	 16.18	 1.6000	  5.91	  6.02	 1.010	 0.00000000	 0.632	  0.514	  1.60	  0.03	  0.0250	 0.9803	 0.00001851	 0.6807	 0.00000000	 0.2608	 0.87772766	  5.91	 10.26	 0.0250	 0.5609	 0.0001	
m60405c2r2.htb	   0.0	  0.03	 2.000	 -10.00	 -15.00	 40.00	   1.0	 0.0250	 13.58	 1.6000	  5.71	  6.02	 1.021	 0.00000000	 0.636	  0.448	  1.60	  0.03	  0.0420	 0.9235	 0.00056534	 0.6072	 0.00000000	 0.9496	 0.62201049	  5.71	  7.87	 0.0250	 0.8180	 0.0001	
m60405c3r2.htb	 270.0	  0.03	 2.000	 -5.00	 -15.00	 40.00	   0.0	 0.0310	 19.18	 1.6000	  4.51	  5.62	 1.082	 0.00000000	 0.728	  0.445	  1.60	  0.03	  0.0370	 0.9922	 0.00000183	 0.8445	 0.00000000	 0.5769	 0.74943555	  4.51	 14.68	 0.0312	 0.5210	 0.0100	
m60405c3r2.htb	 270.0	  0.03	 2.000	 -5.00	 -15.00	 40.00	   1.0	 0.0310	 21.41	 1.5180	  5.59	  5.62	 1.036	 0.00000000	 0.729	  0.437	  1.60	  0.03	  0.0270	 0.9883	 0.00000503	 0.8556	 0.00000000	 1.2314	 0.54026027	  5.59	 15.82	 0.0310	 0.4142	 0.0100	
m60414c1r2.htb	 180.0	  0.03	 2.000	 -8.00	 -8.00	 50.00	   0.0	 0.0370	 13.95	 1.6000	  0.61	  0.55	 0.996	 0.00000000	 0.661	  0.776	  1.60	  0.03	  0.0590	 0.9972	 0.00000014	 0.7434	 0.00000000	 0.2284	 0.89207992	  0.61	 13.34	 0.0367	 0.6987	 0.0085	
m60414c1r2.htb	 180.0	  0.03	 2.000	 -8.00	 -8.00	 50.00	   1.0	 0.0390	 16.29	 1.6000	  1.55	  0.55	 0.961	 0.00000000	 0.661	  0.751	  1.60	  0.03	  0.0530	 0.9935	 0.00000117	 0.7281	 0.00000000	 0.4142	 0.81293897	  1.55	 14.75	 0.0393	 0.7071	 0.0001	
m60414c3r2.htb	 180.0	  0.05	 2.000	 -10.00	  0.00	 30.00	   0.0	 0.0410	 21.75	 1.6000	 11.93	 12.09	 1.017	 0.00000000	 0.601	  0.416	  1.60	  0.03	  0.0620	 0.9310	 0.00043621	 0.5987	 0.00000000	 0.8280	 0.66099528	 11.93	  9.82	 0.0408	 0.6661	 0.0100	
m60414c3r2.htb	 180.0	  0.05	 2.000	 -10.00	  0.00	 30.00	   1.0	 0.0320	 22.99	 1.6000	 12.42	 12.09	 0.990	 0.00000000	 0.618	  0.466	  1.60	  0.03	  0.0760	 0.9333	 0.00039944	 0.5651	 0.00000000	 0.5937	 0.74314438	 12.42	 10.57	 0.0325	 0.8600	 0.0100	
m60419c1r2.htb	 180.0	  0.03	 2.000	 10.00	  5.00	 50.00	   0.0	 0.0250	  6.20	 1.6000	  2.31	  1.74	 0.874	 0.00000047	 0.528	  0.481	  1.60	  0.03	  0.0400	 0.9798	 0.00001979	 0.4504	 0.00000000	 0.0821	 0.95980134	  2.31	  3.90	 0.0250	 0.7872	 0.0001	
m60419c1r2.htb	 180.0	  0.03	 2.000	 10.00	  5.00	 50.00	   1.0	 0.0250	  8.59	 1.6000	  2.76	  1.74	 0.858	 0.00000000	 0.631	  0.447	  1.60	  0.03	  0.0310	 0.9354	 0.00036943	 0.6471	 0.00000000	 0.9878	 0.61024743	  2.76	  5.83	 0.0250	 0.6646	 0.0001	
m60419c2r2.htb	 180.0	  0.03	 2.000	 10.00	 -10.00	 40.00	   0.0	 0.0250	 18.59	 1.6000	  9.80	 10.75	 1.126	 0.00000007	 0.553	  0.514	  1.60	  0.03	  0.0860	 0.9879	 0.00000551	 0.4868	 0.00000000	 0.0642	 0.96842262	  9.76	  8.83	 0.0250	 1.2578	 0.0001	
m60419c2r2.htb	 180.0	  0.03	 2.000	 10.00	 -10.00	 40.00	   1.0	 0.0290	 19.22	 1.6000	 10.76	 10.75	 1.057	 0.00001069	 0.499	  0.600	  1.60	  0.03	  0.0510	 0.9721	 0.00004459	 0.3871	 0.00000001	 0.1623	 0.92207734	 10.76	  8.45	 0.0290	 0.8496	 0.0001	
m60420c2r2.htb	   0.0	  0.03	 2.000	  5.00	  0.00	 40.00	   0.0	 0.0360	 34.27	 1.6000	 13.17	 13.38	 1.012	 0.00000000	 0.682	  0.533	  1.60	  0.03	  0.0900	 0.9927	 0.00000153	 0.7934	 0.00000000	 0.2299	 0.89139164	 13.14	 21.13	 0.0362	 1.0474	 0.0001	
m60420c2r2.htb	   0.0	  0.03	 2.000	  5.00	  0.00	 40.00	   1.0	 0.0350	 34.16	 1.6000	 15.20	 13.38	 0.963	 0.00000000	 0.656	  0.518	  1.60	  0.03	  0.0990	 0.9938	 0.00000105	 0.7609	 0.00000000	 0.1794	 0.91421475	 15.17	 19.00	 0.0355	 1.0295	 0.0059	
m60424c1r2.htb	 180.0	  0.03	 2.000	 -10.00	 -10.00	 40.00	   0.0	 0.0250	 23.55	 1.6000	  0.47	  0.30	 0.994	 0.00000000	 0.813	  0.505	  1.60	  0.03	  0.0680	 0.9633	 0.00008869	 0.9080	 0.00000000	 4.0399	 0.13265973	  0.45	 23.11	 0.0250	 1.0956	 0.0001	
m60424c1r2.htb	 180.0	  0.03	 2.000	 -10.00	 -10.00	 40.00	   1.0	 0.0250	 25.24	 1.6000	  2.24	  0.30	 0.957	 0.00000000	 0.795	  0.545	  1.60	  0.03	  0.0780	 0.9317	 0.00042434	 0.8611	 0.00000000	 5.4632	 0.06511623	  2.19	 23.05	 0.0250	 1.1864	 0.0001	
m60424c2r2.htb	   0.0	  0.03	 2.000	  8.00	 -8.00	 40.00	   0.0	 0.0250	 13.42	 1.6000	  0.31	  0.45	 1.011	 0.00000000	 0.739	  0.655	  1.60	  0.03	  0.0530	 0.9297	 0.00045607	 0.7909	 0.00000000	 1.8366	 0.39919141	  0.31	 13.11	 0.0250	 0.9529	 0.0001	
m60424c2r2.htb	   0.0	  0.03	 2.000	  8.00	 -8.00	 40.00	   1.0	 0.0250	 20.57	 1.6000	  1.04	  0.45	 0.982	 0.00000000	 0.774	  0.584	  1.60	  0.03	  0.0390	 0.9835	 0.00001192	 0.9258	 0.00000000	 1.6815	 0.43137853	  1.04	 19.53	 0.0250	 0.7747	 0.0001	
m60515c4r2.htb	   0.0	  0.03	 2.000	 -10.00	 10.00	 40.00	   0.0	 0.0250	  6.82	 1.6000	  2.08	  1.59	 0.907	 0.00000000	 0.619	  0.439	  1.60	  0.03	  0.0330	 0.9180	 0.00067311	 0.5309	 0.00000000	 1.0763	 0.58382314	  2.08	  4.74	 0.0250	 0.6946	 0.0001	
m60515c4r2.htb	   0.0	  0.03	 2.000	 -10.00	 10.00	 40.00	   1.0	 0.0250	  7.72	 1.6000	  2.15	  1.59	 0.908	 0.00000000	 0.624	  0.469	  1.60	  0.03	  0.0230	 0.8963	 0.00122267	 0.6038	 0.00000000	 3.2343	 0.19846326	  2.15	  5.57	 0.0250	 0.5199	 0.0001	
m60517c1r2.htb	   0.0	  0.03	 2.000	  0.00	  0.00	 40.00	   0.0	 0.0250	 12.23	 1.6000	  3.67	  2.84	 0.912	 0.00000000	 0.663	  0.466	  1.60	  0.03	  0.0450	 0.9895	 0.00000382	 0.7209	 0.00000000	 0.3649	 0.83323660	  3.67	  8.56	 0.0250	 0.8481	 0.0001	
m60517c1r2.htb	   0.0	  0.03	 2.000	  0.00	  0.00	 40.00	   1.0	 0.0300	 11.63	 1.6000	  3.64	  2.84	 0.911	 0.00000000	 0.613	  0.488	  1.60	  0.03	  0.0710	 0.9887	 0.00000458	 0.6487	 0.00000000	 0.2463	 0.88413403	  3.63	  8.00	 0.0298	 1.0222	 0.0001	
m60517c2r2.htb	   0.0	  0.03	 2.000	 -10.00	 -10.00	 40.00	   0.0	 0.0250	  8.71	 1.1940	  1.96	  1.37	 0.920	 0.00000000	 0.634	  0.499	  1.60	  0.03	  0.0180	 0.9921	 0.00000189	 0.7372	 0.00000000	 0.1460	 0.92960726	  1.96	  6.76	 0.0250	 0.4392	 0.0001	
m60517c2r2.htb	   0.0	  0.03	 2.000	 -10.00	 -10.00	 40.00	   1.0	 0.0250	  7.24	 1.6000	  2.39	  1.37	 0.883	 0.00000001	 0.644	  0.415	  1.60	  0.03	  0.0250	 0.9082	 0.00089765	 0.5773	 0.00000000	 3.0919	 0.21311422	  2.39	  4.85	 0.0250	 0.5571	 0.0001	
m60517c3r2.htb	   0.0	  0.03	 2.000	 10.00	 -10.00	 30.00	   0.0	 0.0330	 21.05	 1.6000	  4.05	  2.24	 0.904	 0.00000000	 0.736	  0.476	  1.60	  0.03	  0.0310	 0.9914	 0.00000232	 0.8388	 0.00000000	 0.5931	 0.74336593	  4.05	 17.00	 0.0330	 0.5398	 0.0001	
m60517c3r2.htb	   0.0	  0.03	 2.000	 10.00	 -10.00	 30.00	   1.0	 0.0320	 18.25	 1.6000	  4.36	  2.24	 0.888	 0.00000000	 0.703	  0.475	  1.60	  0.03	  0.0460	 0.9859	 0.00000810	 0.8037	 0.00000000	 0.7673	 0.68137430	  4.36	 13.89	 0.0319	 0.7435	 0.0001	
m60517c4r2.htb	   0.0	  0.03	 2.000	  5.00	 -8.00	 30.00	   0.0	 0.0340	 29.93	 1.6000	 14.98	 13.93	 0.934	 0.00291741	 0.373	  1.425	  1.60	  0.03	  0.0450	 0.9749	 0.00003429	 0.2570	 0.00000751	 0.0680	 0.96658951	 14.98	 14.95	 0.0342	 0.6927	 0.0001	
m60517c4r2.htb	   0.0	  0.03	 2.000	  5.00	 -8.00	 30.00	   1.0	 0.0350	 36.47	 0.2710	 19.16	 13.93	 0.824	 0.06961111	 0.324	  1.231	  1.60	  0.03	  0.0150	 0.7617	 0.01034477	 0.1253	 0.00264198	 0.3372	 0.84485244	 19.16	 17.31	 0.0352	 0.2131	 0.0100	
m60517c5r2.htb	   0.0	  0.03	 2.000	 10.00	 -10.00	 40.00	   0.0	 0.0300	 28.97	 1.6000	  8.45	  5.72	 0.883	 0.00000000	 0.617	  0.840	  1.60	  0.03	  0.0550	 0.9852	 0.00000908	 0.6469	 0.00000000	 0.2015	 0.90416647	  8.45	 20.52	 0.0301	 0.8605	 0.0001	
m60517c5r2.htb	   0.0	  0.03	 2.000	 10.00	 -10.00	 40.00	   1.0	 0.0350	 31.76	 1.6000	 11.34	  5.72	 0.828	 0.00000000	 0.627	  0.762	  1.60	  0.03	  0.0410	 0.9351	 0.00037382	 0.6478	 0.00000000	 0.9032	 0.63661875	 11.34	 20.42	 0.0354	 0.6257	 0.0001	
m60517c6r2.htb	   0.0	  0.03	 2.000	  8.00	 10.00	 40.00	   0.0	 0.0370	 28.66	 1.6000	  5.10	  7.06	 1.091	 0.00000000	 0.726	  0.579	  1.60	  0.03	  0.0600	 0.9965	 0.00000025	 0.9008	 0.00000000	 0.1855	 0.91144309	  5.10	 23.56	 0.0371	 0.8025	 0.0001	
m60517c6r2.htb	   0.0	  0.03	 2.000	  8.00	 10.00	 40.00	   1.0	 0.0270	 27.84	 1.6000	  6.98	  7.06	 1.051	 0.00000000	 0.670	  0.653	  1.60	  0.03	  0.0890	 0.9882	 0.00000520	 0.7164	 0.00000000	 0.2063	 0.90198803	  6.90	 20.94	 0.0271	 1.2282	 0.0001	
m60518c2r2.htb	   0.0	  0.03	 2.000	 -8.00	 -5.00	 40.00	   0.0	 0.0250	 18.76	 1.6000	  0.53	  1.82	 1.077	 0.00000000	 0.757	  0.645	  1.60	  0.03	  0.0420	 0.9949	 0.00000063	 0.9197	 0.00000000	 0.6929	 0.70719721	  0.53	 18.23	 0.0250	 0.8130	 0.0001	
m60518c2r2.htb	   0.0	  0.03	 2.000	 -8.00	 -5.00	 40.00	   1.0	 0.0250	 21.38	 1.6000	  1.48	  1.82	 1.043	 0.00000000	 0.770	  0.561	  1.60	  0.03	  0.0400	 0.9972	 0.00000014	 0.9289	 0.00000000	 0.6669	 0.71646557	  1.48	 19.89	 0.0250	 0.7897	 0.0001	
m60519c3r2.htb	   0.0	  0.03	 2.000	 -5.00	 -5.00	 30.00	   0.0	 0.0320	 31.44	 1.6000	  5.69	  3.38	 0.918	 0.00000000	 0.762	  0.517	  1.60	  0.03	  0.0290	 0.9906	 0.00000295	 0.9128	 0.00000000	 0.8602	 0.65044545	  5.69	 25.76	 0.0316	 0.5383	 0.0001	
m60519c3r2.htb	   0.0	  0.03	 2.000	 -5.00	 -5.00	 30.00	   1.0	 0.0250	 30.06	 1.6000	  7.44	  3.38	 0.885	 0.00000000	 0.780	  0.457	  1.60	  0.03	  0.0490	 0.9541	 0.00015562	 0.8627	 0.00000000	 2.4695	 0.29090388	  7.44	 22.62	 0.0250	 0.8986	 0.0001	
m60523c1r2.htb	   0.0	  0.03	 2.000	  0.00	  0.00	 40.00	   0.0	 0.0320	 26.97	 0.2420	  6.00	  7.96	 1.103	 0.00000000	 0.608	  0.753	  1.60	  0.03	  0.0130	 0.9663	 0.00007169	 0.6007	 0.00000000	 0.3384	 0.84435377	  6.00	 20.98	 0.0321	 0.2078	 0.0083	
m60523c1r2.htb	   0.0	  0.03	 2.000	  0.00	  0.00	 40.00	   1.0	 0.0250	 18.00	 1.6000	  7.08	  7.96	 1.100	 0.00000000	 0.596	  0.685	  1.60	  0.03	  0.0350	 0.9534	 0.00016188	 0.5317	 0.00000000	 0.5028	 0.77769312	  7.08	 10.92	 0.0250	 0.7214	 0.0001	
m60523c2r2.htb	   0.0	  0.03	 2.000	  0.00	 -10.00	 40.00	   0.0	 0.0280	 24.18	 1.6000	  7.73	  8.71	 1.064	 0.00000000	 0.556	  0.950	  1.60	  0.03	  0.0810	 0.9725	 0.00004298	 0.5376	 0.00000000	 0.7860	 0.67501682	  7.72	 16.46	 0.0280	 0.9561	 0.0100	
m60523c2r2.htb	   0.0	  0.03	 2.000	  0.00	 -10.00	 40.00	   1.0	 0.0250	 26.56	 1.6000	  9.36	  8.71	 1.007	 0.00000001	 0.561	  0.924	  1.60	  0.03	  0.0720	 0.9565	 0.00013647	 0.5101	 0.00000000	 0.1946	 0.90726575	  9.34	 17.22	 0.0250	 1.1394	 0.0001	
m60523c3r2.htb	   0.0	  0.03	 2.000	  0.00	 -10.00	 40.00	   0.0	 0.0250	  6.40	 1.6000	  3.69	  3.38	 0.900	 0.00142003	 0.471	  0.408	  1.60	  0.03	  0.0620	 0.9673	 0.00006646	 0.2739	 0.00000334	 0.1074	 0.94769890	  3.68	  2.72	 0.0250	 1.0398	 0.0001	
m60523c3r2.htb	   0.0	  0.03	 2.000	  0.00	 -10.00	 40.00	   1.0	 0.0310	  7.03	 1.6000	  3.31	  3.38	 0.975	 0.00000055	 0.541	  0.420	  1.60	  0.03	  0.0990	 0.8127	 0.00554498	 0.3711	 0.00000002	 1.2619	 0.53207331	  3.29	  3.74	 0.0308	 1.2163	 0.0001	
m60523c4r2.htb	   0.0	  0.03	 2.000	 -10.00	 -10.00	 40.00	   0.0	 0.0250	 25.19	 1.6000	  7.34	 11.61	 1.319	 0.00000011	 0.653	  0.687	  1.60	  0.03	  0.0850	 0.9886	 0.00000471	 0.7135	 0.00000000	 0.3334	 0.84647202	  7.27	 17.92	 0.0250	 1.2497	 0.0001	
m60523c4r2.htb	   0.0	  0.03	 2.000	 -10.00	 -10.00	 40.00	   1.0	 0.0280	 27.02	 1.6000	 11.65	 11.61	 1.138	 0.00001508	 0.615	  0.715	  1.60	  0.03	  0.0400	 0.8863	 0.00154406	 0.5201	 0.00000010	 1.0781	 0.58331231	 11.65	 15.37	 0.0275	 0.7528	 0.0001	
m60524c2r2.htb	   0.0	  0.03	 2.000	 -10.00	  0.00	 30.00	   0.0	 0.0250	  8.64	 1.6000	  0.31	  0.80	 1.061	 0.00000000	 0.724	  0.519	  1.60	  0.03	  0.0330	 0.9924	 0.00000173	 0.7974	 0.00000000	 0.6397	 0.72626203	  0.31	  8.33	 0.0250	 0.6893	 0.0001	
m60524c2r2.htb	   0.0	  0.03	 2.000	 -10.00	  0.00	 30.00	   1.0	 0.0250	  8.06	 1.6000	  0.52	  0.80	 1.051	 0.00000000	 0.674	  0.529	  1.60	  0.03	  0.0500	 0.9957	 0.00000041	 0.7257	 0.00000000	 0.0976	 0.95236973	  0.52	  7.54	 0.0250	 0.9123	 0.0001	
m60524c3r2.htb	 240.0	  0.03	 2.000	  0.00	  7.00	 30.00	   0.0	 0.0330	  5.05	 1.6000	  2.24	  2.19	 0.984	 0.05012388	 0.381	  0.709	  1.60	  0.03	  0.0350	 0.9076	 0.00091144	 0.1599	 0.00060493	 0.1879	 0.91034526	  2.24	  2.82	 0.0332	 0.4870	 0.0100	
m60524c3r2.htb	 240.0	  0.03	 2.000	  0.00	  7.00	 30.00	   1.0	 0.0330	 10.44	 0.2770	  2.31	  2.19	 0.985	 0.00000064	 0.494	  0.672	  1.60	  0.03	  0.0140	 0.9627	 0.00009268	 0.4370	 0.00000000	 0.0697	 0.96572999	  2.31	  8.13	 0.0328	 0.2193	 0.0093	
m60524c4r2.htb	 240.0	  0.03	 2.000	 -5.00	 -5.00	 40.00	   0.0	 0.0280	 19.51	 1.6000	  8.77	 11.09	 1.276	 0.00019870	 0.487	  0.878	  1.60	  0.03	  0.0410	 0.9691	 0.00005743	 0.3401	 0.00000028	 0.2754	 0.87137226	  8.77	 10.74	 0.0276	 0.7526	 0.0001	
m60524c4r2.htb	 240.0	  0.03	 2.000	 -5.00	 -5.00	 40.00	   1.0	 0.0250	 19.15	 1.6000	 10.00	 11.09	 1.209	 0.00882760	 0.421	  0.987	  1.60	  0.03	  0.0580	 0.8911	 0.00138425	 0.2187	 0.00007508	 0.3918	 0.82210363	 10.00	  9.15	 0.0250	 0.9969	 0.0001	
m60524c5r2.htb	   0.0	  0.03	 2.000	 -10.00	 -5.00	 40.00	   0.0	 0.0430	 25.36	 1.6000	  7.24	  6.82	 0.981	 0.00000000	 0.604	  0.812	  1.60	  0.03	  0.1180	 0.9743	 0.00003632	 0.6129	 0.00000000	 0.4358	 0.80419847	  7.17	 18.19	 0.0428	 1.0720	 0.0035	
m60524c5r2.htb	   0.0	  0.03	 2.000	 -10.00	 -5.00	 40.00	   1.0	 0.0450	 26.36	 1.6000	  8.27	  6.82	 0.952	 0.00000000	 0.624	  0.702	  1.60	  0.03	  0.1090	 0.9456	 0.00023861	 0.6308	 0.00000000	 0.8325	 0.65949936	  8.25	 18.11	 0.0448	 0.9242	 0.0100	
m60525c1r2.htb	   0.0	  0.03	 2.000	 10.00	 -10.00	 40.00	   0.0	 0.0250	 14.46	 1.6000	  1.15	  0.85	 0.978	 0.00000000	 0.741	  0.532	  1.60	  0.03	  0.0440	 0.9821	 0.00001467	 0.8433	 0.00000000	 1.4373	 0.48740192	  1.15	 13.31	 0.0250	 0.8383	 0.0001	
m60525c1r2.htb	   0.0	  0.03	 2.000	 10.00	 -10.00	 40.00	   1.0	 0.0250	 14.48	 1.6000	  1.18	  0.85	 0.977	 0.00000000	 0.790	  0.402	  1.60	  0.03	  0.0590	 0.9097	 0.00085946	 0.8335	 0.00000000	 8.0463	 0.01789655	  1.17	 13.31	 0.0250	 1.0138	 0.0001	
m60525c2r2.htb	   0.0	  0.03	 2.000	  5.00	  0.00	 40.00	   0.0	 0.0250	 26.66	 1.6000	  7.88	  8.01	 1.008	 0.00000000	 0.664	  0.765	  1.60	  0.03	  0.0700	 0.9248	 0.00054123	 0.6762	 0.00000000	 2.1649	 0.33876119	  7.86	 18.80	 0.0250	 1.1216	 0.0001	
m60525c2r2.htb	   0.0	  0.03	 2.000	  5.00	  0.00	 40.00	   1.0	 0.0250	 30.39	 1.6000	  7.61	  8.01	 1.014	 0.00000000	 0.717	  0.616	  1.60	  0.03	  0.0560	 0.9702	 0.00005282	 0.8137	 0.00000000	 1.4104	 0.49401071	  7.60	 22.78	 0.0250	 0.9805	 0.0001	
m60525c3r2.htb	   0.0	  0.03	 2.000	 10.00	 -10.00	 40.00	   0.0	 0.0250	 13.41	 1.6000	  3.56	  3.08	 0.954	 0.00000000	 0.668	  0.489	  1.60	  0.03	  0.0370	 0.9817	 0.00001558	 0.6825	 0.00000000	 0.3624	 0.83425664	  3.56	  9.85	 0.0250	 0.7436	 0.0001	
m60525c3r2.htb	   0.0	  0.03	 2.000	 10.00	 -10.00	 40.00	   1.0	 0.0330	 18.22	 1.6000	  4.29	  3.08	 0.931	 0.00000000	 0.755	  0.357	  1.60	  0.03	  0.0280	 0.9781	 0.00002432	 0.8577	 0.00000000	 1.3234	 0.51597655	  4.29	 13.93	 0.0328	 0.4995	 0.0001	
m60525c4r2.htb	   0.0	  0.03	 2.000	 10.00	 -10.00	 40.00	   0.0	 0.0370	  8.27	 1.5990	  0.53	  0.85	 1.042	 0.00000000	 0.660	  0.538	  1.60	  0.03	  0.0310	 0.9924	 0.00000174	 0.8009	 0.00000000	 0.5618	 0.75511831	  0.53	  7.74	 0.0366	 0.4218	 0.0100	
m60525c4r2.htb	   0.0	  0.03	 2.000	 10.00	 -10.00	 40.00	   1.0	 0.0360	 13.74	 1.6000	  0.87	  0.85	 1.009	 0.00000000	 0.711	  0.508	  1.60	  0.03	  0.0270	 0.9994	 0.00000000	 0.8497	 0.00000000	 0.1390	 0.93285418	  0.87	 12.87	 0.0358	 0.4556	 0.0001	
m60531c1r2.htb	   0.0	  0.03	 2.000	 -10.00	  0.00	 40.00	   0.0	 0.0250	  3.12	 1.6000	  0.29	  0.30	 1.002	 0.02985960	 0.452	  1.035	  1.60	  0.03	  0.0400	 0.7958	 0.00692969	 0.1541	 0.00077521	 0.7671	 0.68142755	  0.29	  2.83	 0.0250	 0.7906	 0.0001	
m60531c1r2.htb	   0.0	  0.03	 2.000	 -10.00	  0.00	 40.00	   1.0	 0.0250	  4.50	 1.6000	  0.18	  0.30	 1.020	 0.00035562	 0.506	  0.923	  1.60	  0.03	  0.0560	 0.9186	 0.00066057	 0.2927	 0.00000133	 0.8886	 0.64126889	  0.18	  4.32	 0.0250	 0.9760	 0.0001	
m60531c2r2.htb	   0.0	  0.03	 2.000	 -5.00	 -5.00	 50.00	   0.0	 0.0260	 12.75	 1.6000	  5.67	  4.98	 0.911	 0.00000021	 0.501	  0.603	  1.60	  0.03	  0.0370	 0.9798	 0.00001974	 0.4649	 0.00000000	 0.0075	 0.99623618	  5.67	  7.09	 0.0265	 0.5731	 0.0100	
m60531c2r2.htb	   0.0	  0.03	 2.000	 -5.00	 -5.00	 50.00	   1.0	 0.0250	 12.63	 1.6000	  6.74	  4.98	 0.841	 0.00001465	 0.550	  0.576	  1.60	  0.03	  0.0360	 0.8626	 0.00250255	 0.3378	 0.00000013	 0.7980	 0.67100113	  6.74	  5.89	 0.0250	 0.6318	 0.0066	
m60601c1r2.htb	   0.0	  0.03	 2.000	  0.00	  7.00	 40.00	   0.0	 0.0250	  5.83	 1.6000	  0.05	  0.45	 1.075	 0.00000000	 0.648	  0.623	  1.60	  0.03	  0.0430	 0.9968	 0.00000019	 0.6999	 0.00000000	 0.0513	 0.97465625	  0.05	  5.79	 0.0250	 0.8246	 0.0001	
m60601c1r2.htb	   0.0	  0.03	 2.000	  0.00	  7.00	 40.00	   1.0	 0.0250	  6.33	 1.6000	  0.07	  0.45	 1.071	 0.00000000	 0.692	  0.552	  1.60	  0.03	  0.0810	 0.9684	 0.00006097	 0.7384	 0.00000000	 0.5448	 0.76154562	  0.05	  6.29	 0.0250	 1.2180	 0.0001	
m60601c2r2.htb	   0.0	  0.03	 2.000	 -10.00	 -15.00	 40.00	   0.0	 0.0910	 11.52	 1.6000	  2.61	  2.39	 0.976	 0.00000000	 0.567	  0.650	  1.60	  0.03	  0.1330	 0.9555	 0.00014397	 0.6049	 0.00000000	 0.4323	 0.80561902	  2.61	  8.91	 0.0914	 0.7063	 0.0100	
m60601c2r2.htb	   0.0	  0.03	 2.000	 -10.00	 -15.00	 40.00	   1.0	 0.0980	 13.44	 1.6000	  5.06	  2.39	 0.847	 0.00000000	 0.641	  0.446	  1.60	  0.03	  0.1030	 0.9842	 0.00001079	 0.6125	 0.00000000	 0.2953	 0.86271719	  5.06	  8.38	 0.0984	 0.5629	 0.0092	
m60601c3r2.htb	  90.0	  0.03	 2.000	  0.00	 -10.00	 40.00	   0.0	 0.0380	 14.30	 1.6000	  3.64	  3.03	 0.946	 0.00000000	 0.642	  0.531	  1.60	  0.03	  0.0430	 0.9740	 0.00003727	 0.7143	 0.00000000	 0.8215	 0.66316614	  3.64	 10.66	 0.0380	 0.5262	 0.0100	
m60601c3r2.htb	  90.0	  0.03	 2.000	  0.00	 -10.00	 40.00	   1.0	 0.0360	 14.55	 1.6000	  5.26	  3.03	 0.875	 0.00000000	 0.641	  0.462	  1.60	  0.03	  0.0400	 0.9264	 0.00051325	 0.6692	 0.00000000	 1.8141	 0.40371762	  5.26	  9.29	 0.0358	 0.5200	 0.0100	
m60601c4r2.htb	  90.0	  0.03	 2.000	  0.00	  0.00	 40.00	   0.0	 0.0250	 21.13	 1.6000	  7.49	  5.82	 0.891	 0.00000001	 0.555	  0.835	  1.60	  0.03	  0.0420	 0.9433	 0.00026496	 0.4917	 0.00000000	 0.3682	 0.83184681	  7.49	 13.63	 0.0250	 0.7439	 0.0038	
m60601c4r2.htb	  90.0	  0.03	 2.000	  0.00	  0.00	 40.00	   1.0	 0.0330	 23.65	 1.6000	  8.55	  5.82	 0.866	 0.00000000	 0.618	  0.699	  1.60	  0.03	  0.0320	 0.9598	 0.00011135	 0.5970	 0.00000000	 0.4879	 0.78353415	  8.55	 15.10	 0.0328	 0.4650	 0.0100	
m60601c5r2.htb	  90.0	  0.03	 2.000	  0.00	 -8.00	 40.00	   0.0	 0.0310	 22.72	 1.6000	  8.43	  8.66	 1.022	 0.00000000	 0.656	  0.484	  1.60	  0.03	  0.1010	 0.9868	 0.00000682	 0.7486	 0.00000000	 0.3255	 0.84981038	  8.35	 14.38	 0.0305	 1.2333	 0.0001	
m60601c5r2.htb	  90.0	  0.03	 2.000	  0.00	 -8.00	 40.00	   1.0	 0.0260	 21.96	 1.6000	  9.64	  8.66	 1.025	 0.00000000	 0.651	  0.432	  1.60	  0.03	  0.1890	 0.9077	 0.00090920	 0.6182	 0.00000000	 1.0706	 0.58549602	  8.29	 13.67	 0.0265	 1.9026	 0.0001	
m60602c1r2.htb	   0.0	  0.03	 2.000	  0.00	 -7.00	 30.00	   0.0	 0.0410	 24.16	 1.6000	 10.15	  7.56	 0.844	 0.00000000	 0.623	  0.631	  1.60	  0.03	  0.0840	 0.9401	 0.00030428	 0.6244	 0.00000000	 1.5210	 0.46742759	 10.15	 14.01	 0.0406	 0.8260	 0.0100	
m60602c1r2.htb	   0.0	  0.03	 2.000	  0.00	 -7.00	 30.00	   1.0	 0.0250	 26.07	 1.6000	  9.31	  7.56	 0.887	 0.00000000	 0.691	  0.553	  1.60	  0.03	  0.1140	 0.9274	 0.00049602	 0.6697	 0.00000000	 1.2967	 0.52290216	  9.01	 17.07	 0.0250	 1.4619	 0.0001	
m60602c2r2.htb	   0.0	  0.03	 2.000	 -8.00	 -8.00	 30.00	   0.0	 0.0250	 24.91	 1.6000	  9.40	 10.50	 1.076	 0.00000000	 0.578	  0.797	  1.60	  0.03	  0.0300	 0.9470	 0.00022400	 0.5461	 0.00000000	 1.3628	 0.50591363	  9.40	 15.51	 0.0250	 0.6428	 0.0001	
m60602c2r2.htb	   0.0	  0.03	 2.000	 -8.00	 -8.00	 30.00	   1.0	 0.0250	 24.37	 1.6000	  8.60	 10.50	 1.106	 0.00000000	 0.604	  0.696	  1.60	  0.03	  0.0650	 0.9969	 0.00000018	 0.6423	 0.00000000	 0.0591	 0.97088163	  8.59	 15.78	 0.0250	 1.0754	 0.0001	
m60602c3r2.htb	   0.0	  0.03	 2.000	  0.00	  5.00	 30.00	   0.0	 0.0320	 24.07	 1.6000	  8.75	  9.40	 1.046	 0.00000002	 0.536	  0.873	  1.60	  0.03	  0.0830	 0.9924	 0.00000172	 0.5149	 0.00000000	 0.1480	 0.92868803	  8.73	 15.34	 0.0318	 1.0785	 0.0001	
m60602c3r2.htb	   0.0	  0.03	 2.000	  0.00	  5.00	 30.00	   1.0	 0.0470	 25.63	 1.6000	  8.75	  9.40	 1.043	 0.00000000	 0.542	  0.862	  1.60	  0.03	  0.0810	 0.9892	 0.00000411	 0.6119	 0.00000000	 0.2084	 0.90102537	  8.75	 16.89	 0.0473	 0.7345	 0.0100	
m60602c4r2.htb	   0.0	  0.03	 2.000	  0.00	 -10.00	 20.00	   0.0	 0.0440	 10.38	 1.6000	  3.41	  3.38	 0.996	 0.00001027	 0.539	  0.698	  1.60	  0.03	  0.0390	 0.9560	 0.00014026	 0.3815	 0.00000001	 0.5133	 0.77364678	  3.41	  6.97	 0.0441	 0.4456	 0.0100	
m60602c4r2.htb	   0.0	  0.03	 2.000	  0.00	 -10.00	 20.00	   1.0	 0.0250	 11.42	 1.6000	  3.46	  3.38	 0.994	 0.00000003	 0.579	  0.620	  1.60	  0.03	  0.0780	 0.9530	 0.00016582	 0.4833	 0.00000000	 0.2542	 0.88062610	  3.44	  7.98	 0.0250	 1.1875	 0.0001	
m60602c5r2.htb	   0.0	  0.03	 2.000	 -5.00	 -5.00	 50.00	   0.0	 0.0380	 19.68	 1.6000	  9.50	 11.44	 1.237	 0.00082630	 0.449	  0.907	  1.60	  0.03	  0.0760	 0.9461	 0.00023406	 0.2813	 0.00000233	 0.1752	 0.91612681	  9.50	 10.18	 0.0381	 0.7969	 0.0100	
m60602c5r2.htb	   0.0	  0.03	 2.000	 -5.00	 -5.00	 50.00	   1.0	 0.0340	 20.00	 1.6000	 10.66	 11.44	 1.162	 0.00031831	 0.491	  0.910	  1.60	  0.03	  0.0880	 0.7347	 0.01369732	 0.2361	 0.00002008	 1.1366	 0.56648803	 10.65	  9.35	 0.0342	 1.0676	 0.0001	
m60605c1r2.htb	   0.0	  0.03	 2.000	 -3.00	 -7.00	 30.00	   0.0	 0.0440	 32.03	 1.6000	  7.98	  8.16	 1.066	 0.00000000	 0.707	  0.585	  1.60	  0.03	  0.2140	 0.9906	 0.00000291	 0.7911	 0.00000000	 0.4986	 0.77935749	  6.57	 25.46	 0.0443	 1.4080	 0.0100	
m60605c1r2.htb	   0.0	  0.03	 2.000	 -3.00	 -7.00	 30.00	   1.0	 0.0560	 33.95	 1.6000	 10.63	  8.16	 1.082	 0.00000000	 0.702	  0.508	  1.60	  0.03	  0.3200	 0.9662	 0.00007197	 0.7912	 0.00000000	 1.0544	 0.59025965	  5.71	 28.24	 0.0556	 1.7119	 0.0100	
m60605c2r2.htb	   0.0	  0.03	 2.000	 -10.00	 -10.00	 30.00	   0.0	 0.0310	  2.94	 1.3290	  0.94	  1.34	 1.252	 0.00018353	 0.461	  0.442	  1.60	  0.03	  0.0260	 0.9892	 0.00000412	 0.3311	 0.00000019	 0.1444	 0.93034275	  0.94	  2.00	 0.0311	 0.3990	 0.0100	
m60605c2r2.htb	   0.0	  0.03	 2.000	 -10.00	 -10.00	 30.00	   1.0	 0.0310	  4.01	 0.2330	  0.84	  1.34	 1.205	 0.00000073	 0.535	  0.459	  1.60	  0.03	  0.0130	 0.9470	 0.00022405	 0.4274	 0.00000000	 0.2780	 0.87021549	  0.84	  3.17	 0.0313	 0.2013	 0.0100	
m60605c3r2.htb	   0.0	  0.03	 2.000	 -5.00	 -2.00	 30.00	   0.0	 0.0310	 22.47	 1.6000	 10.87	 11.24	 1.034	 0.00511315	 0.408	  1.116	  1.60	  0.03	  0.0440	 0.9818	 0.00001530	 0.2433	 0.00001434	 0.0418	 0.97932162	 10.87	 11.60	 0.0312	 0.5982	 0.0100	
m60605c3r2.htb	   0.0	  0.03	 2.000	 -5.00	 -2.00	 30.00	   1.0	 0.0250	 23.77	 1.6000	 10.55	 11.24	 1.047	 0.00076436	 0.455	  1.107	  1.60	  0.03	  0.0820	 0.9625	 0.00009383	 0.2881	 0.00000166	 0.1049	 0.94891457	 10.51	 13.26	 0.0250	 1.2203	 0.0001	
m60606c1r2.htb	   0.0	  0.03	 2.000	  8.00	 -8.00	 30.00	   0.0	 0.0380	  3.56	 1.6000	  0.00	  0.05	 1.014	 0.00000000	 0.742	  0.263	  1.60	  0.03	  0.0170	 0.9940	 0.00000093	 0.7594	 0.00000000	 0.0051	        NaN	  0.00	  3.57	 0.0378	 0.2406	 0.0100	
m60606c1r2.htb	   0.0	  0.03	 2.000	  8.00	 -8.00	 30.00	   1.0	 0.0370	  3.90	 1.6000	  0.00	  0.05	 1.013	 0.00000000	 0.716	  0.303	  1.60	  0.03	  0.0170	 0.9989	 0.00000001	 0.7494	 0.00000000	 0.1000	        NaN	  0.00	  3.90	 0.0373	 0.2353	 0.0100	
m60606c2r2.htb	   0.0	  0.03	 2.000	 -10.00	  0.00	 40.00	   0.0	 0.0280	  3.19	 1.6000	  0.00	  0.15	 1.049	 0.00004913	 0.561	  0.676	  1.60	  0.03	  0.0110	 0.8871	 0.00151776	 0.3239	 0.00000027	 0.5954	        NaN	  0.00	  3.19	 0.0277	 0.2017	 0.0100	
m60606c2r2.htb	   0.0	  0.03	 2.000	 -10.00	  0.00	 40.00	   1.0	 0.0250	  7.95	 1.5810	  0.06	  0.15	 1.017	 0.00000000	 0.611	  0.866	  1.60	  0.03	  0.0240	 0.9924	 0.00000171	 0.5425	 0.00000000	 0.3463	 0.84100938	  0.06	  7.90	 0.0250	 0.4210	 0.0098	
m60606c3r2.htb	  90.0	  0.03	 2.000	 -8.00	 -10.00	 40.00	   0.0	 0.0280	 22.62	 1.6000	  8.30	  9.90	 1.126	 0.11498874	 0.379	  1.989	  1.60	  0.03	  0.0390	 0.7775	 0.00865387	 0.1134	 0.00436898	 0.1666	 0.92008976	  8.30	 14.32	 0.0285	 0.5716	 0.0100	
m60606c3r2.htb	  90.0	  0.03	 2.000	 -8.00	 -10.00	 40.00	   1.0	 0.0350	 25.10	 1.5890	 11.89	  9.90	 0.975	 0.22844838	 0.307	  1.854	  1.60	  0.03	  0.0310	 0.7188	 0.01596357	 0.0846	 0.01457795	 0.1710	 0.91805482	 11.89	 13.22	 0.0353	 0.4270	 0.0100	
m60606c4r2.htb	  90.0	  0.03	 2.000	  8.00	 -5.00	 40.00	   0.0	 0.0390	 35.43	 1.6000	  1.07	  0.55	 0.985	 0.00000000	 0.776	  0.683	  1.60	  0.03	  0.0440	 0.9947	 0.00000071	 0.9333	 0.00000000	 0.6549	 0.72077402	  1.07	 34.37	 0.0391	 0.5298	 0.0100	
m60606c4r2.htb	  90.0	  0.03	 2.000	  8.00	 -5.00	 40.00	   1.0	 0.0390	 35.89	 1.6000	  2.32	  0.55	 0.967	 0.00000000	 0.780	  0.636	  1.60	  0.03	  0.0450	 0.9801	 0.00001903	 0.9164	 0.00000000	 2.3123	 0.31469898	  2.32	 33.58	 0.0394	 0.5335	 0.0100	
m60606c5r2.htb	  90.0	  0.03	 2.000	  8.00	  0.00	 40.00	   0.0	 0.0340	 26.42	 1.6000	  0.48	  0.65	 1.006	 0.00000000	 0.757	  0.678	  1.60	  0.03	  0.0320	 0.9994	 0.00000000	 0.9163	 0.00000000	 0.0938	 0.95417889	  0.48	 25.93	 0.0339	 0.4461	 0.0100	
m60606c5r2.htb	  90.0	  0.03	 2.000	  8.00	  0.00	 40.00	   1.0	 0.0330	 26.92	 1.6000	  1.91	  0.65	 0.979	 0.00000000	 0.706	  0.748	  1.60	  0.03	  0.0280	 0.9968	 0.00000019	 0.8782	 0.00000000	 0.1528	 0.92645181	  1.91	 25.01	 0.0333	 0.4916	 0.0001	
m60613c5r2.htb	   0.0	  0.03	 2.000	 -8.00	 -15.00	 30.00	   0.0	 0.0370	 28.20	 1.6000	 16.36	 16.27	 1.026	 0.00000000	 0.645	  0.357	  1.60	  0.03	  0.1780	 0.8966	 0.00121430	 0.6160	 0.00000000	 1.1635	 0.55891983	 15.96	 12.24	 0.0371	 1.3528	 0.0100	
m60613c5r2.htb	   0.0	  0.03	 2.000	 -8.00	 -15.00	 30.00	   1.0	 0.0260	 28.51	 1.6000	 17.37	 16.27	 1.129	 0.00000000	 0.584	  0.424	  1.60	  0.03	  0.2970	 0.7865	 0.00777727	 0.4651	 0.00000000	 4.6683	 0.09689263	 13.50	 15.01	 0.0257	 2.3132	 0.0100	
m60613c6r2.htb	   0.0	  0.03	 2.000	 -5.00	 -10.00	 30.00	   0.0	 0.0270	 29.73	 1.6000	  6.60	  6.47	 0.996	 0.00000000	 0.726	  0.554	  1.60	  0.03	  0.0890	 0.9873	 0.00000625	 0.8684	 0.00000000	 0.5424	 0.76248045	  6.57	 23.16	 0.0267	 1.0409	 0.0100	
m60613c6r2.htb	   0.0	  0.03	 2.000	 -5.00	 -10.00	 30.00	   1.0	 0.0290	 28.06	 1.6000	  5.80	  6.47	 1.022	 0.00000000	 0.714	  0.563	  1.60	  0.03	  0.1450	 0.9898	 0.00000358	 0.8498	 0.00000000	 0.5372	 0.76445387	  5.34	 22.72	 0.0288	 1.3352	 0.0100	
m60614c1r2.htb	   0.0	  0.03	 2.000	  0.00	 -8.00	 30.00	   0.0	 0.0250	 23.95	 1.6000	  6.00	  5.47	 0.972	 0.00000000	 0.741	  0.524	  1.60	  0.03	  0.0520	 0.9087	 0.00088445	 0.7976	 0.00000000	 3.2448	 0.19742308	  6.00	 17.95	 0.0250	 0.9348	 0.0001	
m60614c1r2.htb	   0.0	  0.03	 2.000	  0.00	 -8.00	 30.00	   1.0	 0.0250	 22.27	 1.6000	  6.18	  5.47	 0.968	 0.00000000	 0.772	  0.399	  1.60	  0.03	  0.0930	 0.8449	 0.00341159	 0.7483	 0.00000000	 6.8294	 0.03288639	  6.07	 16.19	 0.0250	 1.3099	 0.0001	
m60614c2r2.htb	   0.0	  0.03	 2.000	  5.00	 -5.00	 30.00	   0.0	 0.0370	 13.55	 1.6000	  7.88	  6.57	 0.813	 0.00000003	 0.568	  0.394	  1.60	  0.03	  0.1010	 0.8608	 0.00258556	 0.4382	 0.00000000	 0.9198	 0.63135619	  7.87	  5.68	 0.0365	 0.9752	 0.0100	
m60614c2r2.htb	   0.0	  0.03	 2.000	  5.00	 -5.00	 30.00	   1.0	 0.0380	 15.87	 1.6000	  9.05	  6.57	 0.762	 0.00000000	 0.560	  0.398	  1.60	  0.03	  0.0910	 0.9481	 0.00021283	 0.5353	 0.00000000	 0.9143	 0.63306977	  9.05	  6.82	 0.0380	 0.8969	 0.0100	
m60614c3r2.htb	   0.0	  0.03	 2.000	  8.00	 -15.00	 30.00	   0.0	 0.0340	 23.67	 0.2980	  7.41	  6.37	 0.940	 0.00000000	 0.660	  0.422	  1.60	  0.03	  0.0140	 0.9418	 0.00028388	 0.6740	 0.00000000	 0.8963	 0.63881371	  7.41	 16.27	 0.0336	 0.2237	 0.0100	
m60614c3r2.htb	   0.0	  0.03	 2.000	  8.00	 -15.00	 30.00	   1.0	 0.0340	 21.08	 0.3640	  8.18	  6.37	 0.913	 0.00000000	 0.596	  0.498	  1.60	  0.03	  0.0170	 0.9017	 0.00106832	 0.5300	 0.00000000	 1.3435	 0.51081965	  8.18	 12.90	 0.0343	 0.2483	 0.0095	
m60614c4r2.htb	   0.0	  0.03	 2.000	  8.00	 -18.00	 30.00	   0.0	 0.0330	 10.39	 0.2420	  3.67	  4.18	 1.081	 0.00000005	 0.565	  0.381	  1.60	  0.03	  0.0130	 0.9029	 0.00103505	 0.4521	 0.00000000	 0.5048	 0.77692380	  3.67	  6.72	 0.0331	 0.2025	 0.0100	
m60614c4r2.htb	   0.0	  0.03	 2.000	  8.00	 -18.00	 30.00	   1.0	 0.0330	  9.57	 0.2920	  4.13	  4.18	 1.050	 0.00007554	 0.487	  0.414	  1.60	  0.03	  0.0150	 0.9640	 0.00008455	 0.3426	 0.00000010	 0.2741	 0.87190769	  4.13	  5.45	 0.0334	 0.2255	 0.0098	
m60615c1r2.htb	   0.0	  0.03	 2.000	 -8.00	 -17.00	 30.00	   0.0	 0.0310	 29.87	 1.6000	  2.77	  1.44	 0.953	 0.00000000	 0.675	  0.896	  1.60	  0.03	  0.0290	 0.9989	 0.00000001	 0.8836	 0.00000000	 0.1134	 0.94489802	  2.77	 27.11	 0.0311	 0.5342	 0.0001	
m60615c1r2.htb	   0.0	  0.03	 2.000	 -8.00	 -17.00	 30.00	   1.0	 0.0250	 27.94	 1.6000	  3.90	  1.44	 0.932	 0.00000000	 0.730	  0.690	  1.60	  0.03	  0.0660	 0.9889	 0.00000445	 0.8904	 0.00000000	 0.9092	 0.63470748	  3.88	 24.06	 0.0250	 1.0837	 0.0001	
m60615c2r2.htb	   0.0	  0.03	 2.000	 -10.00	 -17.00	 40.00	   0.0	 0.0280	 16.60	 1.6000	  4.38	  5.22	 1.074	 0.00000000	 0.710	  0.433	  1.60	  0.03	  0.0560	 0.9954	 0.00000050	 0.8033	 0.00000000	 0.2464	 0.88407970	  4.38	 12.22	 0.0282	 0.9117	 0.0001	
m60615c2r2.htb	   0.0	  0.03	 2.000	 -10.00	 -17.00	 40.00	   1.0	 0.0250	 16.01	 1.6000	  5.04	  5.22	 1.047	 0.00000000	 0.704	  0.421	  1.60	  0.03	  0.0650	 0.9681	 0.00006264	 0.7497	 0.00000000	 0.8707	 0.64704248	  5.03	 10.97	 0.0250	 1.0708	 0.0001	
m60616c1r2.htb	   0.0	  0.03	 2.000	 -10.00	 -15.00	 30.00	   0.0	 0.0250	 19.33	 1.6000	  1.86	  2.04	 1.010	 0.00000000	 0.701	  0.728	  1.60	  0.03	  0.0530	 0.9817	 0.00001543	 0.8198	 0.00000000	 0.6126	 0.73615956	  1.86	 17.47	 0.0250	 0.9523	 0.0001	
m60616c1r2.htb	   0.0	  0.03	 2.000	 -10.00	 -15.00	 30.00	   1.0	 0.0250	 20.02	 1.6000	  2.54	  2.04	 0.998	 0.00000000	 0.731	  0.649	  1.60	  0.03	  0.1090	 0.9237	 0.00056222	 0.7623	 0.00000000	 2.4133	 0.29919547	  2.29	 17.74	 0.0250	 1.4255	 0.0001	
m60616c2r2.htb	   0.0	  0.03	 2.000	  5.00	 -10.00	 30.00	   0.0	 0.0250	 11.27	 1.6000	  1.54	  1.69	 1.015	 0.00000000	 0.692	  0.572	  1.60	  0.03	  0.0360	 0.9661	 0.00007260	 0.7757	 0.00000000	 1.5037	 0.47149378	  1.54	  9.72	 0.0250	 0.7309	 0.0001	
m60616c2r2.htb	   0.0	  0.03	 2.000	  5.00	 -10.00	 30.00	   1.0	 0.0250	 13.50	 1.6000	  2.34	  1.69	 0.973	 0.00000000	 0.714	  0.491	  1.60	  0.03	  0.0330	 0.9666	 0.00006996	 0.8030	 0.00000000	 0.7821	 0.67634820	  2.34	 11.16	 0.0250	 0.6871	 0.0001	
m60619c1r2.htb	   0.0	  0.03	 2.000	  0.00	  0.00	 40.00	   0.0	 0.0250	 10.11	 1.6000	  3.02	  2.34	 0.913	 0.00000000	 0.685	  0.382	  1.60	  0.03	  0.0330	 0.9628	 0.00009200	 0.7114	 0.00000000	 0.7243	 0.69617548	  3.02	  7.10	 0.0250	 0.6875	 0.0001	
m60619c1r2.htb	   0.0	  0.03	 2.000	  0.00	  0.00	 40.00	   1.0	 0.0250	  9.29	 1.6000	  3.09	  2.34	 0.904	 0.00000000	 0.615	  0.522	  1.60	  0.03	  0.0610	 0.8926	 0.00133674	 0.5273	 0.00000000	 1.4057	 0.49516639	  3.09	  6.21	 0.0250	 1.0321	 0.0001	
m60619c2r2.htb	   0.0	  0.03	 2.000	 -5.00	  0.00	 40.00	   0.0	 0.0310	 16.55	 1.6000	  1.95	  1.59	 0.976	 0.00000000	 0.732	  0.485	  1.60	  0.03	  0.0260	 0.9994	 0.00000000	 0.8865	 0.00000000	 0.0841	 0.95883348	  1.95	 14.60	 0.0306	 0.5023	 0.0001	
m60619c2r2.htb	   0.0	  0.03	 2.000	 -5.00	  0.00	 40.00	   1.0	 0.0290	 17.52	 1.5780	  2.74	  1.59	 0.950	 0.00000000	 0.753	  0.424	  1.60	  0.03	  0.0270	 0.9978	 0.00000007	 0.9072	 0.00000000	 0.2239	 0.89408759	  2.74	 14.79	 0.0288	 0.4325	 0.0100	
m60619c3r2.htb	   0.0	  0.03	 2.000	  0.00	 -5.00	 40.00	   0.0	 0.0250	 11.49	 1.6000	  1.65	  1.29	 0.965	 0.00000000	 0.743	  0.413	  1.60	  0.03	  0.0290	 0.9886	 0.00000476	 0.8744	 0.00000000	 0.9328	 0.62724712	  1.65	  9.84	 0.0250	 0.5819	 0.0027	
m60619c3r2.htb	   0.0	  0.03	 2.000	  0.00	 -5.00	 40.00	   1.0	 0.0260	 12.00	 1.6000	  1.52	  1.29	 0.973	 0.00000000	 0.744	  0.431	  1.60	  0.03	  0.0280	 0.9900	 0.00000344	 0.8780	 0.00000000	 0.5998	 0.74089602	  1.52	 10.49	 0.0261	 0.5935	 0.0001	
m60619c4r2.htb	   0.0	  0.03	 2.000	 -8.00	 -8.00	 40.00	   0.0	 0.0250	 19.05	 1.6000	 10.51	 14.58	 1.909	 0.16257479	 0.255	  1.828	  1.60	  0.03	  0.0560	 0.9858	 0.00000820	 0.1302	 0.00214989	 0.0134	 0.99330122	 10.51	  8.55	 0.0250	 0.9792	 0.0001	
m60619c4r2.htb	   0.0	  0.03	 2.000	 -8.00	 -8.00	 40.00	   1.0	 0.0400	 18.87	 1.6000	 11.39	 14.58	 1.829	 0.39376487	 0.200	  2.092	  1.60	  0.03	  0.0400	 0.9509	 0.00018419	 0.0887	 0.01294882	 0.0133	 0.99337324	 11.39	  7.48	 0.0395	 0.5778	 0.0001	
m60620c1r2.htb	   0.0	  0.03	 2.000	  5.00	  5.00	 40.00	   0.0	 0.0290	 23.69	 1.6000	  2.15	  3.33	 1.058	 0.00000000	 0.628	  1.086	  1.60	  0.03	  0.0370	 0.9970	 0.00000016	 0.7832	 0.00000000	 0.0946	 0.95377860	  2.15	 21.54	 0.0286	 0.5560	 0.0100	
m60620c1r2.htb	   0.0	  0.03	 2.000	  5.00	  5.00	 40.00	   1.0	 0.0260	 27.02	 1.6000	  1.74	  3.33	 1.064	 0.00000000	 0.657	  1.109	  1.60	  0.03	  0.0350	 0.9911	 0.00000252	 0.8336	 0.00000000	 0.2287	 0.89193339	  1.74	 25.29	 0.0263	 0.6972	 0.0001	
m60620c2r2.htb	   0.0	  0.03	 2.000	  0.00	  5.00	 40.00	   0.0	 0.0280	 30.06	 1.6000	  8.91	  8.46	 0.979	 0.00000000	 0.611	  0.891	  1.60	  0.03	  0.0290	 0.9632	 0.00008950	 0.6772	 0.00000000	 2.6086	 0.27136713	  8.91	 21.15	 0.0278	 0.4628	 0.0100	
m60620c2r2.htb	   0.0	  0.03	 2.000	  0.00	  5.00	 40.00	   1.0	 0.0250	 30.92	 1.6000	  8.83	  8.46	 0.981	 0.00000000	 0.598	  0.985	  1.60	  0.03	  0.0360	 0.9821	 0.00001459	 0.6835	 0.00000000	 0.3576	 0.83627528	  8.83	 22.09	 0.0250	 0.7345	 0.0001	
m60620c3r2.htb	   0.0	  0.03	 2.000	  0.00	 10.00	 40.00	   0.0	 0.0250	 30.20	 1.6000	 12.14	 11.79	 0.981	 0.00000000	 0.592	  0.760	  1.60	  0.03	  0.0670	 0.9791	 0.00002163	 0.5755	 0.00000000	 0.3665	 0.83256132	 12.13	 18.06	 0.0250	 1.0877	 0.0001	
m60620c3r2.htb	   0.0	  0.03	 2.000	  0.00	 10.00	 40.00	   1.0	 0.0250	 29.35	 1.6000	 13.56	 11.79	 0.945	 0.00000000	 0.625	  0.582	  1.60	  0.03	  0.0890	 0.9847	 0.00000986	 0.6037	 0.00000000	 0.2188	 0.89637749	 13.48	 15.87	 0.0250	 1.2834	 0.0001	
m60620c4r2.htb	   0.0	  0.03	 2.000	  0.00	  8.00	 40.00	   0.0	 0.0250	 13.06	 1.6000	  5.57	  5.12	 0.944	 0.00000028	 0.562	  0.607	  1.60	  0.03	  0.0400	 0.8917	 0.00136523	 0.4184	 0.00000000	 0.8677	 0.64802386	  5.57	  7.49	 0.0250	 0.7835	 0.0001	
m60620c4r2.htb	   0.0	  0.03	 2.000	  0.00	  8.00	 40.00	   1.0	 0.0250	 11.71	 1.6000	  5.06	  5.12	 0.975	 0.00000000	 0.651	  0.442	  1.60	  0.03	  0.0970	 0.6927	 0.02016611	 0.4473	 0.00000000	 3.5459	 0.16982762	  5.00	  6.71	 0.0250	 1.3388	 0.0001	
m60621c1r2.htb	   0.0	  0.03	 2.000	  0.00	 -8.00	 30.00	   0.0	 0.0310	 11.99	 0.9920	  1.11	  1.14	 1.004	 0.00000000	 0.624	  0.735	  1.60	  0.03	  0.0240	 0.9914	 0.00000236	 0.7682	 0.00000000	 0.1426	 0.93117387	  1.11	 10.89	 0.0312	 0.3606	 0.0100	
m60621c1r2.htb	   0.0	  0.03	 2.000	  0.00	 -8.00	 30.00	   1.0	 0.0320	 14.37	 1.2220	  1.04	  1.14	 1.006	 0.00000000	 0.693	  0.666	  1.60	  0.03	  0.0210	 0.9842	 0.00001074	 0.8293	 0.00000000	 2.2953	 0.31737522	  1.04	 13.33	 0.0317	 0.4113	 0.0001	
m60621c2r2.htb	   0.0	  0.03	 2.000	  8.00	 -2.00	 30.00	   0.0	 0.0330	 13.91	 0.3770	  0.04	  0.15	 1.008	 0.00000000	 0.780	  0.430	  1.60	  0.03	  0.0150	 0.9995	 0.00000000	 0.8589	 0.00000000	 0.3904	 0.82268583	  0.04	 13.88	 0.0326	 0.2412	 0.0087	
m60621c2r2.htb	   0.0	  0.03	 2.000	  8.00	 -2.00	 30.00	   1.0	 0.0280	 13.73	 1.4000	  0.09	  0.15	 1.006	 0.00000000	 0.817	  0.389	  1.60	  0.03	  0.0200	 0.9998	 0.00000000	 0.9654	 0.00000000	 0.2271	 0.89267729	  0.09	 13.65	 0.0282	 0.4228	 0.0007	
m60621c3r2.htb	   0.0	  0.03	 2.000	 10.00	  0.00	 40.00	   0.0	 0.0300	  7.66	 1.6000	  0.00	  2.86	 1.595	 0.00038773	 0.638	  0.711	  1.60	  0.03	  0.0120	 0.9202	 0.00062874	 0.6093	 0.00000096	 3.2504	        NaN	  0.00	  7.67	 0.0298	 0.2056	 0.0091	
m60621c3r2.htb	   0.0	  0.03	 2.000	 10.00	  0.00	 40.00	   1.0	 0.0250	  4.69	 0.0260	  0.45	  2.86	 1.686	 0.00036131	 0.590	  0.647	  1.60	  0.03	  0.0020	 0.9683	 0.00006143	 0.6435	 0.00000028	 0.5547	 0.75779005	  0.45	  4.36	 0.0250	 0.0032	 0.0001	
m60621c4r2.htb	 180.0	  0.03	 2.000	  0.00	 -10.00	 40.00	   0.0	 0.0310	 15.28	 0.2180	  1.20	  2.04	 1.063	 0.00003516	 0.531	  1.116	  1.60	  0.03	  0.0120	 0.9261	 0.00051813	 0.3451	 0.00000009	 0.8203	 0.66355595	  1.20	 14.11	 0.0315	 0.1962	 0.0081	
m60621c4r2.htb	 180.0	  0.03	 2.000	  0.00	 -10.00	 40.00	   1.0	 0.0250	 12.99	 0.7740	  1.57	  2.04	 1.055	 0.00000000	 0.583	  0.982	  1.60	  0.03	  0.0160	 0.9072	 0.00092207	 0.5349	 0.00000000	 0.7976	 0.67111829	  1.57	 11.42	 0.0250	 0.3873	 0.0001	
m60621c5r2.htb	 130.0	  0.03	 2.000	 -10.00	 -10.00	 40.00	   0.0	 0.0340	 27.97	 1.6000	  3.79	  3.33	 0.981	 0.00000000	 0.710	  0.662	  1.60	  0.03	  0.0410	 0.9967	 0.00000022	 0.8759	 0.00000000	 0.0801	 0.96074528	  3.79	 24.18	 0.0344	 0.5337	 0.0100	
m60621c5r2.htb	 130.0	  0.03	 2.000	 -10.00	 -10.00	 40.00	   1.0	 0.0360	 29.37	 1.6000	  4.87	  3.33	 0.960	 0.00000000	 0.682	  0.752	  1.60	  0.03	  0.0380	 0.9927	 0.00000155	 0.8113	 0.00000000	 0.2460	 0.88425778	  4.87	 24.50	 0.0358	 0.4987	 0.0100	
m60621c6r2.htb	 130.0	  0.03	 2.000	  8.00	 -10.00	 40.00	   0.0	 0.0370	 24.48	 1.6000	  2.45	  3.98	 1.075	 0.00000000	 0.729	  0.621	  1.60	  0.03	  0.0430	 0.9987	 0.00000002	 0.9140	 0.00000000	 0.2772	 0.87057302	  2.45	 22.03	 0.0365	 0.6527	 0.0001	
m60621c6r2.htb	 130.0	  0.03	 2.000	  8.00	 -10.00	 40.00	   1.0	 0.0350	 23.84	 1.6000	  3.44	  3.98	 1.052	 0.00000000	 0.739	  0.556	  1.60	  0.03	  0.0440	 0.9879	 0.00000554	 0.8768	 0.00000000	 0.8654	 0.64873956	  3.44	 20.40	 0.0351	 0.5642	 0.0100	
m60622c1r2.htb	   0.0	  0.03	 2.000	  0.00	 -7.00	 30.00	   0.0	 0.0320	 20.89	 0.2580	  0.15	  0.20	 1.003	 0.00000000	 0.729	  0.671	  1.60	  0.03	  0.0130	 0.9951	 0.00000056	 0.8770	 0.00000000	 0.6889	 0.70861791	  0.15	 20.75	 0.0321	 0.2022	 0.0100	
m60622c1r2.htb	   0.0	  0.03	 2.000	  0.00	 -7.00	 30.00	   1.0	 0.0310	 20.16	 1.6000	  0.00	  0.20	 1.006	 0.00000000	 0.783	  0.565	  1.60	  0.03	  0.0150	 0.9952	 0.00000054	 0.9243	 0.00000000	 1.1553	        NaN	  0.00	 20.17	 0.0306	 0.3252	 0.0001	
m60623c3r2.htb	   0.0	  0.03	 2.000	 -5.00	 10.00	 40.00	   0.0	 0.0330	 23.12	 1.6000	  5.67	  4.63	 0.943	 0.00000000	 0.632	  0.699	  1.60	  0.03	  0.0440	 0.9975	 0.00000010	 0.7638	 0.00000000	 0.0315	 0.98438508	  5.67	 17.45	 0.0329	 0.6236	 0.0060	
m60623c3r2.htb	   0.0	  0.03	 2.000	 -5.00	 10.00	 40.00	   1.0	 0.0250	 22.95	 1.6000	  6.92	  4.63	 0.909	 0.00000000	 0.622	  0.708	  1.60	  0.03	  0.0590	 0.9931	 0.00000132	 0.6665	 0.00000000	 0.0681	 0.96653579	  6.92	 16.03	 0.0250	 1.0067	 0.0001	
m60623c4r2.htb	  90.0	  0.03	 2.000	  3.00	 -5.00	 40.00	   0.0	 0.0330	  3.94	 0.9090	  0.57	  0.35	 0.937	 0.00000000	 0.564	  0.463	  1.60	  0.03	  0.0230	 0.9871	 0.00000647	 0.6126	 0.00000000	 0.1106	 0.94619722	  0.57	  3.37	 0.0329	 0.3485	 0.0100	
m60623c4r2.htb	  90.0	  0.03	 2.000	  3.00	 -5.00	 40.00	   1.0	 0.0250	  2.84	 1.6000	  0.36	  0.35	 1.003	 0.00000041	 0.579	  0.493	  1.60	  0.03	  0.2010	 0.5369	 0.06103858	 0.2482	 0.00001141	 3.1710	 0.20484826	  0.00	  2.84	 0.0250	 2.0451	 0.0001	
m60626c2r2.htb	   0.0	  0.03	 2.000	 -8.00	 -8.00	 40.00	   0.0	 0.0480	 12.61	 1.6000	  3.16	  4.18	 1.141	 0.00000000	 0.670	  0.449	  1.60	  0.03	  0.1680	 0.9849	 0.00000955	 0.7180	 0.00000000	 0.2750	 0.87154186	  2.99	  9.62	 0.0479	 1.1670	 0.0100	
m60626c2r2.htb	   0.0	  0.03	 2.000	 -8.00	 -8.00	 40.00	   1.0	 0.0660	 12.92	 1.6000	  4.66	  4.18	 1.041	 0.00000000	 0.645	  0.408	  1.60	  0.03	  0.1500	 0.9701	 0.00005327	 0.6521	 0.00000000	 0.3468	 0.84080180	  4.63	  8.30	 0.0659	 0.9229	 0.0100	
m60628c1r2.htb	   0.0	  0.03	 2.000	  0.00	 -8.00	 40.00	   0.0	 0.0300	 15.89	 1.6000	  0.73	  2.79	 1.157	 0.00000000	 0.674	  0.831	  1.60	  0.03	  0.0610	 0.9881	 0.00000526	 0.8073	 0.00000000	 0.3995	 0.81893968	  0.73	 15.17	 0.0304	 0.9164	 0.0001	
m60628c1r2.htb	   0.0	  0.03	 2.000	  0.00	 -8.00	 40.00	   1.0	 0.0250	 16.10	 1.6000	  0.86	  2.79	 1.151	 0.00000000	 0.658	  0.903	  1.60	  0.03	  0.0610	 0.9737	 0.00003846	 0.7517	 0.00000000	 0.4050	 0.81668356	  0.86	 15.24	 0.0250	 1.0340	 0.0001	
m60628c2r2.htb	   0.0	  0.03	 2.000	 -8.00	 -10.00	 40.00	   0.0	 0.0250	  7.38	 1.6000	  1.25	  1.14	 0.983	 0.00000000	 0.645	  0.498	  1.60	  0.03	  0.0520	 0.9852	 0.00000913	 0.6907	 0.00000000	 0.2711	 0.87324128	  1.25	  6.12	 0.0250	 0.7561	 0.0100	
m60628c2r2.htb	   0.0	  0.03	 2.000	 -8.00	 -10.00	 40.00	   1.0	 0.0330	  6.67	 1.6000	  2.09	  1.14	 0.915	 0.00000001	 0.555	  0.515	  1.60	  0.03	  0.0340	 0.9518	 0.00017646	 0.4972	 0.00000000	 0.3119	 0.85558178	  2.09	  4.58	 0.0325	 0.5954	 0.0001	
m60703c1r2.htb	   0.0	  0.03	 2.000	 10.00	  8.00	 40.00	   0.0	 0.0250	 27.64	 1.6000	  4.29	  1.64	 0.898	 0.00000000	 0.644	  0.935	  1.60	  0.03	  0.0460	 0.9886	 0.00000472	 0.7637	 0.00000000	 0.1621	 0.92213023	  4.29	 23.35	 0.0250	 0.6941	 0.0100	
m60703c1r2.htb	   0.0	  0.03	 2.000	 10.00	  8.00	 40.00	   1.0	 0.0250	 24.21	 1.6000	  3.28	  1.64	 0.921	 0.00000000	 0.733	  0.732	  1.60	  0.03	  0.1240	 0.8852	 0.00158198	 0.7323	 0.00000000	 7.6753	 0.02154460	  2.74	 21.48	 0.0250	 1.5314	 0.0001	
m60703c1r2.htb	   0.0	  0.03	 2.000	 10.00	  8.00	 40.00	   0.0	 0.0250	 27.64	 1.6000	  4.29	  1.64	 0.898	 0.00000000	 0.644	  0.935	  1.60	  0.03	  0.0460	 0.9886	 0.00000472	 0.7637	 0.00000000	 0.1621	 0.92213046	  4.29	 23.35	 0.0250	 0.6941	 0.0100	
m60703c1r2.htb	   0.0	  0.03	 2.000	 10.00	  8.00	 40.00	   1.0	 0.0250	 24.21	 1.6000	  3.28	  1.64	 0.921	 0.00000000	 0.733	  0.732	  1.60	  0.03	  0.1240	 0.8852	 0.00158195	 0.7323	 0.00000000	 7.6752	 0.02154492	  2.74	 21.48	 0.0250	 1.5313	 0.0001	
m60703c2r2.htb	   0.0	  0.03	 2.000	  8.00	 10.00	 40.00	   0.0	 0.0250	  3.21	 1.6000	  0.16	  0.30	 1.047	 0.00000000	 0.672	  0.409	  1.60	  0.03	  0.0510	 0.9510	 0.00018411	 0.6639	 0.00000000	 0.9273	 0.62898373	  0.16	  3.05	 0.0250	 0.9292	 0.0001	
m60703c2r2.htb	   0.0	  0.03	 2.000	  8.00	 10.00	 40.00	   1.0	 0.0250	  3.02	 1.6000	  0.29	  0.30	 1.027	 0.00000001	 0.588	  0.517	  1.60	  0.03	  0.0360	 0.9841	 0.00001084	 0.5110	 0.00000000	 0.6071	 0.73819119	  0.29	  2.73	 0.0250	 0.7414	 0.0001	
m60703c3r2.htb	   0.0	  0.03	 2.000	 -5.00	 10.00	 40.00	   0.0	 0.0250	  8.01	 1.6000	  0.53	  0.45	 0.989	 0.00000000	 0.699	  0.505	  1.60	  0.03	  0.0260	 0.9952	 0.00000053	 0.8405	 0.00000000	 0.4239	 0.80902023	  0.53	  7.48	 0.0250	 0.5789	 0.0001	
m60703c3r2.htb	   0.0	  0.03	 2.000	 -5.00	 10.00	 40.00	   1.0	 0.0250	  4.74	 1.6000	  0.47	  0.45	 0.991	 0.00000000	 0.666	  0.452	  1.60	  0.03	  0.0580	 0.9427	 0.00027198	 0.6811	 0.00000000	 1.1084	 0.57453945	  0.47	  4.27	 0.0250	 1.0041	 0.0001	
m60705c1r2.htb	   0.0	  0.03	 2.000	  0.00	 -10.00	 40.00	   0.0	 0.0250	 23.11	 1.6000	  2.26	  3.88	 1.085	 0.00000000	 0.695	  0.891	  1.60	  0.03	  0.0690	 0.9329	 0.00040609	 0.7723	 0.00000000	 2.1685	 0.33816081	  2.24	 20.87	 0.0250	 1.1068	 0.0001	
m60705c1r2.htb	   0.0	  0.03	 2.000	  0.00	 -10.00	 40.00	   1.0	 0.0250	 22.37	 1.6000	  5.41	  3.88	 1.005	 0.00000000	 0.675	  0.592	  1.60	  0.03	  0.0690	 0.9389	 0.00032005	 0.7861	 0.00000000	 2.5485	 0.27964433	  5.39	 16.97	 0.0250	 1.1084	 0.0001	
m60705c2r2.htb	   0.0	  0.03	 2.000	 -5.00	 -10.00	 40.00	   0.0	 0.0280	  9.69	 1.6000	  1.96	  1.99	 1.005	 0.00000000	 0.667	  0.458	  1.60	  0.03	  0.0510	 0.9925	 0.00000165	 0.7196	 0.00000000	 0.2255	 0.89338829	  1.95	  7.73	 0.0281	 0.8563	 0.0001	
m60705c2r2.htb	   0.0	  0.03	 2.000	 -5.00	 -10.00	 40.00	   1.0	 0.0400	 10.41	 1.6000	  2.98	  1.99	 0.938	 0.00000000	 0.717	  0.340	  1.60	  0.03	  0.0370	 0.9522	 0.00017262	 0.7477	 0.00000000	 1.4236	 0.49075541	  2.98	  7.43	 0.0401	 0.5363	 0.0001	
m60705c3r2.htb	   0.0	  0.03	 2.000	  5.00	 -10.00	 40.00	   0.0	 0.0250	 25.93	 1.6000	  8.03	  4.03	 0.817	 0.00000000	 0.721	  0.515	  1.60	  0.03	  0.0490	 0.9561	 0.00013944	 0.7749	 0.00000000	 1.7393	 0.41909638	  8.03	 17.90	 0.0250	 0.9037	 0.0001	
m60705c3r2.htb	   0.0	  0.03	 2.000	  5.00	 -10.00	 40.00	   1.0	 0.0320	 27.98	 1.6000	 10.40	  4.03	 0.772	 0.00000000	 0.679	  0.527	  1.60	  0.03	  0.0330	 0.9747	 0.00003504	 0.7435	 0.00000000	 0.8113	 0.66652777	 10.40	 17.58	 0.0320	 0.5805	 0.0001	
m60712c1r2.htb	   0.0	  0.03	 2.000	  3.00	 -5.00	 40.00	   0.0	 0.0330	  9.32	 1.6000	  2.35	  2.84	 1.075	 0.00000000	 0.587	  0.548	  1.60	  0.03	  0.0310	 0.9626	 0.00009334	 0.5484	 0.00000000	 0.3612	 0.83476583	  2.35	  6.97	 0.0327	 0.5433	 0.0001	
m60712c1r2.htb	   0.0	  0.03	 2.000	  3.00	 -5.00	 40.00	   1.0	 0.0350	 10.40	 1.6000	  2.71	  2.84	 1.042	 0.00000000	 0.567	  0.586	  1.60	  0.03	  0.0370	 0.9885	 0.00000481	 0.5873	 0.00000000	 0.1084	 0.94725312	  2.71	  7.70	 0.0345	 0.6099	 0.0001	
m60712c1r2.htb	   0.0	  0.03	 2.000	  3.00	 -5.00	 40.00	   0.0	 0.0330	  9.32	 1.6000	  2.35	  2.84	 1.075	 0.00000000	 0.587	  0.548	  1.60	  0.03	  0.0310	 0.9626	 0.00009334	 0.5484	 0.00000000	 0.3612	 0.83476702	  2.35	  6.97	 0.0327	 0.5433	 0.0001	
m60712c1r2.htb	   0.0	  0.03	 2.000	  3.00	 -5.00	 40.00	   1.0	 0.0350	 10.40	 1.6000	  2.71	  2.84	 1.042	 0.00000000	 0.567	  0.586	  1.60	  0.03	  0.0370	 0.9885	 0.00000481	 0.5873	 0.00000000	 0.1084	 0.94725338	  2.71	  7.70	 0.0345	 0.6099	 0.0001	
m60717c3r2.htb	 150.0	  0.03	 2.000	 -10.00	 -10.00	 40.00	   0.0	 0.0250	 21.54	 1.6000	  0.04	  0.80	 1.037	 0.00000000	 0.752	  0.754	  1.60	  0.03	  0.0680	 0.9919	 0.00000198	 0.8273	 0.00000000	 0.2060	 0.90211350	  0.03	 21.51	 0.0250	 1.0968	 0.0001	
m60717c3r2.htb	 150.0	  0.03	 2.000	 -10.00	 -10.00	 40.00	   1.0	 0.0250	 25.26	 1.6000	  2.69	  0.80	 0.970	 0.00000000	 0.705	  0.746	  1.60	  0.03	  0.0470	 0.9713	 0.00004769	 0.8542	 0.00000000	 0.9556	 0.62015846	  2.69	 22.57	 0.0250	 0.8730	 0.0001	
m60814c1r2.htb	   0.0	  0.03	 2.000	  0.00	  0.00	 40.00	   0.0	 0.0290	 11.58	 1.5990	  0.13	  0.30	 1.015	 0.00000000	 0.753	  0.526	  1.60	  0.03	  0.0230	 0.9984	 0.00000003	 0.8794	 0.00000000	 0.7817	 0.67647558	  0.13	 11.44	 0.0290	 0.4616	 0.0001	
m60814c1r2.htb	   0.0	  0.03	 2.000	  0.00	  0.00	 40.00	   1.0	 0.0290	 11.15	 1.6000	  0.50	  0.30	 0.998	 0.00000000	 0.695	  0.630	  1.60	  0.03	  0.0250	 0.9671	 0.00006753	 0.8082	 0.00000000	 1.2009	 0.54856521	  0.50	 10.65	 0.0292	 0.4964	 0.0001	
m60814c2r2.htb	   0.0	  0.03	 2.000	  0.00	  0.00	 40.00	   0.0	 0.0500	 23.40	 1.6000	 11.81	  8.06	 0.757	 0.00000000	 0.581	  0.525	  1.60	  0.03	  0.1220	 0.9117	 0.00081390	 0.5276	 0.00000000	 1.0343	 0.59620996	 11.79	 11.62	 0.0501	 0.9329	 0.0100	
m60814c2r2.htb	   0.0	  0.03	 2.000	  0.00	  0.00	 40.00	   1.0	 0.0250	 27.90	 1.6000	 11.13	  8.06	 0.824	 0.00000000	 0.668	  0.513	  1.60	  0.03	  0.1400	 0.9338	 0.00039230	 0.6764	 0.00000000	 1.3670	 0.50485536	 10.77	 17.14	 0.0250	 1.3809	 0.0100	
m60814c3r2.htb	   0.0	  0.03	 2.000	 -10.00	 10.00	 40.00	   0.0	 0.0250	  6.99	 1.6000	  2.32	  2.14	 0.963	 0.00000047	 0.539	  0.565	  1.60	  0.03	  0.0360	 0.9570	 0.00013230	 0.4399	 0.00000000	 0.2311	 0.89085733	  2.32	  4.67	 0.0250	 0.7405	 0.0001	
m60814c3r2.htb	   0.0	  0.03	 2.000	 -10.00	 10.00	 40.00	   1.0	 0.0250	  8.25	 1.6000	  2.21	  2.14	 0.978	 0.00000000	 0.540	  0.673	  1.60	  0.03	  0.0320	 0.9690	 0.00005791	 0.5202	 0.00000000	 0.2152	 0.89797094	  2.21	  6.04	 0.0250	 0.6687	 0.0001	
m60814c4r2.htb	   0.0	  0.03	 2.000	 -10.00	 10.00	 40.00	   0.0	 0.0250	 17.26	 1.6000	 10.80	 11.54	 1.130	 0.00000046	 0.586	  0.421	  1.60	  0.03	  0.0560	 0.8032	 0.00630120	 0.3693	 0.00000002	 1.8031	 0.40593614	 10.80	  6.46	 0.0250	 0.9765	 0.0001	
m60814c4r2.htb	   0.0	  0.03	 2.000	 -10.00	 10.00	 40.00	   1.0	 0.0250	 18.02	 1.6000	 11.38	 11.54	 1.071	 0.00000346	 0.549	  0.439	  1.60	  0.03	  0.0480	 0.9073	 0.00091887	 0.3822	 0.00000001	 0.4560	 0.79611345	 11.38	  6.64	 0.0250	 0.8904	 0.0001	
m60822c1r2.htb	   0.0	  0.03	 2.000	 -10.00	  0.00	 40.00	   0.0	 0.0250	 14.05	 1.6000	  0.35	  0.05	 0.979	 0.00000000	 0.777	  0.494	  1.60	  0.03	  0.0320	 0.9980	 0.00000006	 0.9317	 0.00000000	 0.9018	 0.63705447	  0.35	 13.70	 0.0250	 0.6703	 0.0001	
m60822c1r2.htb	   0.0	  0.03	 2.000	 -10.00	  0.00	 40.00	   1.0	 0.0260	 15.49	 1.6000	  0.88	  0.05	 0.961	 0.00000000	 0.741	  0.581	  1.60	  0.03	  0.0300	 0.9949	 0.00000064	 0.9148	 0.00000000	 0.5268	 0.76842229	  0.88	 14.62	 0.0256	 0.6416	 0.0001	
m60822c2r2.htb	   0.0	  0.03	 2.000	  0.00	 -5.00	 40.00	   0.0	 0.0250	 14.07	 1.6000	  0.46	  0.85	 1.029	 0.00000000	 0.772	  0.524	  1.60	  0.03	  0.0420	 0.9700	 0.00005369	 0.9122	 0.00000000	 2.6111	 0.27102656	  0.46	 13.61	 0.0250	 0.8198	 0.0001	
m60822c2r2.htb	   0.0	  0.03	 2.000	  0.00	 -5.00	 40.00	   1.0	 0.0250	 16.07	 1.6000	  1.32	  0.85	 0.995	 0.00000000	 0.750	  0.569	  1.60	  0.03	  0.0300	 0.9663	 0.00007180	 0.8894	 0.00000000	 4.2669	 0.11842839	  1.32	 14.75	 0.0250	 0.6452	 0.0001	
m61117c1r2.htb	 180.0	  0.03	 2.000	 10.00	 -10.00	 40.00	   0.0	 0.0250	  5.97	 1.6000	  1.23	  0.75	 0.907	 0.00000000	 0.635	  0.447	  1.60	  0.03	  0.0480	 0.9435	 0.00026302	 0.6914	 0.00000000	 1.1143	 0.57285182	  1.23	  4.74	 0.0250	 0.8937	 0.0001	
m61117c2r2.htb	  60.0	  0.03	 2.000	  5.00	 10.00	 40.00	   0.0	 0.0290	 12.45	 0.5820	  6.81	  6.17	 0.898	 0.00026440	 0.475	  0.488	  1.60	  0.03	  0.0180	 0.9593	 0.00011510	 0.3126	 0.00000049	 0.0361	 0.98213511	  6.81	  5.64	 0.0295	 0.3380	 0.0024	
m61117c3r2.htb	 150.0	  0.03	 2.000	  0.00	  0.00	 40.00	   0.0	 0.0530	 24.60	 1.6000	 14.16	 14.28	 1.012	 0.00000000	 0.598	  0.372	  1.60	  0.03	  0.0860	 0.9654	 0.00007631	 0.6438	 0.00000000	 0.5500	 0.75956812	 14.16	 10.45	 0.0527	 0.7277	 0.0100	
m70403c1r2.htb	   0.0	  0.03	 2.000	 -5.00	 -10.00	 40.00	   0.0	 0.0350	 14.85	 1.0960	  0.14	  0.05	 0.994	 0.00000000	 0.659	  0.802	  1.60	  0.03	  0.0210	 0.9929	 0.00000144	 0.7506	 0.00000000	 0.4454	 0.80036559	  0.14	 14.72	 0.0346	 0.3790	 0.0001	
m70404c3r2.htb	 270.0	  0.03	 2.000	 10.00	 10.00	 30.00	   0.0	 0.0370	  9.55	 1.6000	  1.47	  1.04	 0.950	 0.00000000	 0.669	  0.483	  1.60	  0.03	  0.0340	 0.9311	 0.00043349	 0.7362	 0.00000000	 3.0517	 0.21743770	  1.47	  8.09	 0.0372	 0.4396	 0.0100	
m70405c2r2.htb	   0.0	  0.03	 2.000	 10.00	 -10.00	 40.00	   0.0	 0.0250	 22.17	 1.2380	  4.78	  2.59	 0.888	 0.00000000	 0.716	  0.542	  1.60	  0.03	  0.0190	 0.9780	 0.00002460	 0.8406	 0.00000000	 1.5875	 0.45214106	  4.78	 17.39	 0.0250	 0.4460	 0.0001	
m70723c1r2.htb	   0.0	  0.03	 2.000	 -8.00	 -8.00	 30.00	   0.0	 0.0250	  6.48	 1.6000	  1.64	  1.84	 1.043	 0.00000000	 0.628	  0.544	  1.60	  0.03	  0.0560	 0.8768	 0.00189294	 0.4969	 0.00000000	 2.3223	 0.31311841	  1.64	  4.84	 0.0250	 0.9770	 0.0001	
m70523c2r2.htb	   0.0	  0.03	 2.000	  0.00	  0.00	 40.00	   0.0	 0.0360	  4.73	 1.6000	  0.81	  1.74	 1.582	 0.00000000	 0.539	  0.590	  1.60	  0.03	  0.2800	 0.7962	 0.00689301	 0.3062	 0.00000000	 1.1323	 0.56771013	  0.00	  4.73	 0.0358	 1.8930	 0.0100	
m70523c3r2.htb	   0.0	  0.03	 2.000	  0.00	  0.00	 40.00	   0.0	 0.0250	 35.50	 0.7160	 18.85	 15.97	 0.853	 0.00000000	 0.636	  0.526	  1.60	  0.03	  0.0160	 0.9035	 0.00101702	 0.5635	 0.00000000	 1.3512	 0.50885941	 18.85	 16.65	 0.0250	 0.3906	 0.0001	
m70524c1r2.htb	   0.0	  0.03	 2.000	  0.00	 -15.00	 40.00	   0.0	 0.0250	 15.10	 1.6000	  1.71	  1.02	 0.952	 0.00000000	 0.765	  0.535	  1.60	  0.03	  0.0670	 0.8495	 0.00315906	 0.7191	 0.00000000	 3.8883	 0.14310933	  1.70	 13.40	 0.0250	 1.0886	 0.0001	
m70524c3r2.htb	   0.0	  0.03	 2.000	  0.00	  5.00	 30.00	   0.0	 0.0250	  6.30	 0.6840	  0.60	  0.80	 1.036	 0.00000000	 0.681	  0.487	  1.60	  0.03	  0.0150	 0.9431	 0.00026814	 0.7425	 0.00000000	 2.1812	 0.33602168	  0.60	  5.70	 0.0250	 0.3734	 0.0001	
m70525c1r2.htb	   0.0	  0.03	 2.000	  0.00	 -5.00	 40.00	   0.0	 0.0560	 17.94	 1.6000	  2.35	  2.44	 1.007	 0.00000000	 0.675	  0.613	  1.60	  0.03	  0.1190	 0.9631	 0.00009008	 0.7729	 0.00000000	 1.0957	 0.57818284	  2.33	 15.60	 0.0559	 0.8681	 0.0100	
m70529c1r2.htb	   0.0	  0.03	 2.000	 -10.00	  8.00	 40.00	   0.0	 0.0360	  5.10	 0.5880	  0.10	  0.35	 1.052	 0.00000000	 0.627	  0.487	  1.60	  0.03	  0.0200	 0.9884	 0.00000498	 0.7047	 0.00000000	 0.2183	 0.89659848	  0.10	  5.00	 0.0361	 0.2824	 0.0100	
m70529c2r2.htb	   0.0	  0.03	 2.000	  5.00	  5.00	 25.00	   0.0	 0.0250	 14.05	 1.6000	  3.12	  2.09	 0.913	 0.00000000	 0.630	  0.653	  1.60	  0.03	  0.0340	 0.9776	 0.00002567	 0.7109	 0.00000000	 0.2226	 0.89468088	  3.12	 10.93	 0.0250	 0.7078	 0.0001	
m70529c3r2.htb	   0.0	  0.03	 2.000	 10.00	  5.00	 40.00	   0.0	 0.0250	 22.27	 0.0260	  7.52	  6.17	 0.916	 0.00000000	 0.697	  0.554	  1.60	  0.03	  0.0020	 0.8956	 0.00124189	 0.6915	 0.00000000	 2.6553	 0.26509864	  7.52	 14.75	 0.0250	 0.0001	 0.0001	
m70530c1r2.htb	   0.0	  0.03	 2.000	 -10.00	  5.00	 20.00	   0.0	 0.0250	  3.34	 1.6000	  0.00	  0.00	 1.000	 0.00000000	 0.657	  0.479	  1.60	  0.03	  0.0240	 0.9704	 0.00005167	 0.6752	 0.00000000	 0.5667	        NaN	  0.00	  3.34	 0.0250	 0.5403	 0.0001	
m70601c1r2.htb	   0.0	  0.03	 2.000	  0.00	 -15.00	 30.00	   0.0	 0.0330	  8.50	 1.6000	  2.72	  2.89	 1.029	 0.00000000	 0.576	  0.468	  1.60	  0.03	  0.0300	 0.9388	 0.00032219	 0.5625	 0.00000000	 0.8637	 0.64930520	  2.72	  5.78	 0.0335	 0.5182	 0.0001	
m70605c1r2.htb	   0.0	  0.03	 2.000	  5.00	 12.00	 30.00	   0.0	 0.0250	  8.90	 1.6000	  0.26	  0.50	 1.028	 0.00000000	 0.727	  0.488	  1.60	  0.03	  0.0370	 0.9888	 0.00000451	 0.8822	 0.00000000	 0.3866	 0.82423691	  0.26	  8.63	 0.0250	 0.7504	 0.0001	
m70607c1r2.htb	   0.0	  0.03	 2.000	  5.00	 -2.00	 30.00	   0.0	 0.0250	  5.06	 1.6000	  0.30	  0.50	 1.044	 0.00000000	 0.588	  0.618	  1.60	  0.03	  0.0280	 0.9923	 0.00000175	 0.6200	 0.00000000	 0.0331	 0.98360703	  0.30	  4.76	 0.0250	 0.6104	 0.0001	
m70607c2r2.htb	   0.0	  0.03	 2.000	  5.00	 -8.00	 20.00	   0.0	 0.0270	 14.71	 1.6000	  1.03	  1.99	 1.075	 0.00000000	 0.680	  0.690	  1.60	  0.03	  0.0270	 0.9993	 0.00000000	 0.8530	 0.00000000	 0.1472	 0.92905293	  1.03	 13.68	 0.0273	 0.5475	 0.0001	
m70607c3r2.htb	   0.0	  0.03	 2.000	  5.00	 -10.00	 20.00	   0.0	 0.0300	 24.67	 1.6000	  4.39	  4.48	 1.004	 0.00000000	 0.688	  0.717	  1.60	  0.03	  0.0530	 0.9780	 0.00002450	 0.8272	 0.00000000	 1.7593	 0.41492797	  4.39	 20.29	 0.0303	 0.6923	 0.0100	
m70608c1r2.htb	   0.0	  0.03	 2.000	  0.00	  0.00	 60.00	   0.0	 0.0250	  4.76	 1.6000	  2.03	  1.94	 0.970	 0.00254189	 0.400	  0.707	  1.60	  0.03	  0.0590	 0.8349	 0.00400534	 0.1161	 0.00003796	 0.1856	 0.91136452	  2.03	  2.73	 0.0250	 1.0075	 0.0001	
m70609c1r2.htb	   0.0	  0.03	 2.000	  0.00	  0.00	 70.00	   0.0	 0.0370	  6.76	 1.6000	  4.10	  3.88	 0.925	 0.07600502	 0.359	  0.564	  1.60	  0.03	  0.0580	 0.9130	 0.00078211	 0.1473	 0.00103808	 0.2049	 0.90262979	  4.10	  2.66	 0.0372	 0.6700	 0.0100	
m70609c2r2.htb	 120.0	  0.03	 2.000	  0.00	  8.00	 30.00	   0.0	 0.0320	  2.84	 1.6000	  1.44	  1.74	 1.273	 0.00077890	 0.472	  0.349	  1.60	  0.03	  0.0490	 0.8214	 0.00490435	 0.2455	 0.00001294	 0.8777	 0.64476183	  1.44	  1.39	 0.0323	 0.6337	 0.0100	
m70611c2r2.htb	 120.0	  0.03	 2.000	  0.00	 -3.00	 30.00	   0.0	 0.0320	 30.40	 1.6000	 17.96	 10.80	 0.635	 0.00022281	 0.501	  0.735	  1.60	  0.03	  0.0610	 0.9505	 0.00018841	 0.3137	 0.00000046	 0.2094	 0.90061440	 17.96	 12.44	 0.0323	 0.8783	 0.0001	
m70611c1r2.htb	 120.0	  0.03	 2.000	 -5.00	 -10.00	 30.00	   0.0	 0.0400	  6.33	 1.6000	  1.08	  1.19	 1.022	 0.00000000	 0.623	  0.460	  1.60	  0.03	  0.0640	 0.9762	 0.00002997	 0.6978	 0.00000000	 0.5053	 0.77673118	  1.08	  5.25	 0.0401	 0.6853	 0.0100	
m70612c1r2.htb	   0.0	  0.03	 2.000	  0.00	 -8.00	 30.00	   0.0	 0.0250	 12.31	 1.6000	  3.59	  3.28	 0.992	 0.00000000	 0.597	  0.582	  1.60	  0.03	  0.1250	 0.9127	 0.00079042	 0.5648	 0.00000000	 0.8854	 0.64230456	  3.36	  8.95	 0.0250	 1.5378	 0.0001	
m70612c2r2.htb	   0.0	  0.03	 2.000	  0.00	 -7.00	 30.00	   0.0	 0.0250	 24.17	 1.6000	  6.53	  7.66	 1.079	 0.00000000	 0.694	  0.588	  1.60	  0.03	  0.1000	 0.9649	 0.00007910	 0.7381	 0.00000000	 0.6672	 0.71634732	  6.36	 17.81	 0.0250	 1.3661	 0.0001	
m70613c2r2.htb	   0.0	  0.03	 2.000	  5.00	  0.00	 40.00	   0.0	 0.0490	  7.24	 1.6000	  3.46	  2.94	 0.879	 0.00000746	 0.496	  0.489	  1.60	  0.03	  0.0990	 0.9703	 0.00005209	 0.3936	 0.00000001	 0.3418	 0.84289355	  3.46	  3.78	 0.0487	 0.9355	 0.0001	
m70613c1r2.htb	   0.0	  0.03	 2.000	  0.00	  0.00	 50.00	   0.0	 0.0450	  4.68	 1.6000	  2.20	  2.89	 1.384	 0.00011051	 0.473	  0.388	  1.60	  0.03	  0.0530	 0.9846	 0.00001008	 0.3413	 0.00000011	 0.0325	 0.98389698	  2.20	  2.49	 0.0446	 0.5709	 0.0100	
m70618c1r2.htb	   0.0	  0.03	 2.000	  8.00	  3.00	 30.00	   0.0	 0.0250	  6.91	 1.6000	  2.72	  2.39	 0.927	 0.00000001	 0.565	  0.423	  1.60	  0.03	  0.0520	 0.9745	 0.00003560	 0.5223	 0.00000000	 0.1577	 0.92419946	  2.72	  4.19	 0.0250	 0.9346	 0.0001	
m70619c1r2.htb	   0.0	  0.03	 2.000	 -5.00	  5.00	 30.00	   0.0	 0.0250	  0.71	 1.6000	  0.17	  0.55	 3.376	 0.05284035	 0.376	  0.481	  1.60	  0.03	  0.0630	 0.7288	 0.01450534	 0.1270	 0.00245692	 0.1852	 0.91156806	  0.17	  0.53	 0.0250	 1.0481	 0.0001	
m70621c1r2.htb	   0.0	  0.03	 2.000	  8.00	  5.00	 30.00	   0.0	 0.0250	 14.05	 1.6000	  0.00	  0.15	 1.011	 0.00000000	 0.759	  0.604	  1.60	  0.03	  0.0490	 0.9961	 0.00000032	 0.9053	 0.00000000	 0.3121	        NaN	  0.00	 14.05	 0.0250	 0.9043	 0.0001	
m70621c2r2.htb	   0.0	  0.03	 2.000	 -8.00	  5.00	 30.00	   0.0	 0.0250	  2.49	 1.6000	  0.80	  0.50	 0.890	 0.00560706	 0.441	  0.574	  1.60	  0.03	  0.1460	 0.8584	 0.00270476	 0.2104	 0.00006496	 0.4334	 0.80515668	  0.72	  1.78	 0.0250	 1.6822	 0.0001	
m70622c1r2.htb	   0.0	  0.03	 2.000	  5.00	  8.00	 30.00	   0.0	 0.0250	 17.52	 1.6000	  5.29	  1.89	 0.783	 0.00000000	 0.624	  0.704	  1.60	  0.03	  0.0240	 0.9440	 0.00025734	 0.5648	 0.00000000	 0.7510	 0.68693247	  5.29	 12.23	 0.0250	 0.5402	 0.0001	
m70625c1r2.htb	   0.0	  0.03	 2.000	  8.00	 -8.00	 30.00	   0.0	 0.0280	 11.37	 1.6000	  0.46	  0.42	 0.997	 0.00000000	 0.643	  0.801	  1.60	  0.03	  0.0300	 0.9865	 0.00000720	 0.7211	 0.00000000	 0.2090	 0.90076834	  0.46	 10.92	 0.0279	 0.5980	 0.0001	
m70625c2r2.htb	   0.0	  0.03	 2.000	 -3.00	  5.00	 30.00	   0.0	 0.0250	 17.36	 1.6000	  3.15	  2.49	 0.955	 0.00000000	 0.698	  0.625	  1.60	  0.03	  0.0290	 0.9745	 0.00003546	 0.8118	 0.00000000	 2.1821	 0.33586859	  3.15	 14.21	 0.0250	 0.6333	 0.0001	
m70626c1r2.htb	   0.0	  0.03	 2.000	  8.00	  5.00	 25.00	   0.0	 0.6580	  2.64	 0.0250	  1.93	  1.09	 0.460	 0.15719303	 0.362	  0.342	  1.60	  0.03	  0.0710	 0.0098	 0.83266274	 0.0013	 0.76616394	 1.3197	 0.51692278	  1.93	  0.71	 0.6584	 0.0851	 0.0001	
m70628c1r2.htb	   0.0	  0.03	 2.000	 -10.00	 -10.00	 30.00	   0.0	 0.0250	  5.88	 1.6000	  0.95	  0.75	 0.961	 0.00000000	 0.678	  0.395	  1.60	  0.03	  0.0460	 0.9851	 0.00000922	 0.7481	 0.00000000	 0.5664	 0.75337861	  0.95	  4.93	 0.0250	 0.8712	 0.0001	
m70703c1r2.htb	   0.0	  0.03	 2.000	  0.00	 -10.00	 30.00	   0.0	 0.0250	  6.44	 1.6000	  1.73	  2.14	 1.102	 0.00000000	 0.515	  0.748	  1.60	  0.03	  0.0940	 0.8913	 0.00137703	 0.2982	 0.00000000	 0.4941	 0.78110799	  1.70	  4.74	 0.0250	 1.3212	 0.0001	
m70703c2r2.htb	   0.0	  0.03	 2.000	  0.00	 -5.00	 30.00	   0.0	 0.0380	  6.51	 1.6000	  1.62	  2.04	 1.094	 0.00000822	 0.493	  0.659	  1.60	  0.03	  0.0450	 0.9888	 0.00000450	 0.3992	 0.00000000	 0.1064	 0.94819145	  1.62	  4.89	 0.0384	 0.5406	 0.0100	
m70705c1r2.htb	   0.0	  0.03	 2.000	 -8.00	  5.00	 30.00	   0.0	 0.0330	  3.77	 0.2650	  0.94	  0.90	 0.986	 0.00004447	 0.508	  0.373	  1.60	  0.03	  0.0140	 0.8891	 0.00145094	 0.3266	 0.00000024	 0.5308	 0.76689418	  0.94	  2.84	 0.0333	 0.2105	 0.0100	
m70706c2r2.htb	   0.0	  0.03	 2.000	 -5.00	 -5.00	 30.00	   0.0	 0.0290	  4.20	 1.5970	  0.25	  0.30	 1.012	 0.00000000	 0.558	  0.617	  1.60	  0.03	  0.0260	 0.9957	 0.00000042	 0.5431	 0.00000000	 0.0051	 0.99743281	  0.25	  3.95	 0.0290	 0.4184	 0.0100	
m70709c1r2.htb	   0.0	  0.03	 2.000	 -2.00	  0.00	 30.00	   0.0	 0.0320	  9.15	 1.5400	  2.38	  1.44	 0.879	 0.00000000	 0.516	  0.649	  1.60	  0.03	  0.0240	 0.9879	 0.00000548	 0.5946	 0.00000000	 0.0420	 0.97922103	  2.38	  6.77	 0.0321	 0.4503	 0.0001	
m70709c2r2.htb	   0.0	  0.03	 2.000	 -8.00	  0.00	 30.00	   0.0	 0.0430	  9.47	 1.6000	  5.35	  4.63	 0.863	 0.00000076	 0.513	  0.405	  1.60	  0.03	  0.1410	 0.9000	 0.00111443	 0.4056	 0.00000000	 0.5286	 0.76775707	  5.29	  4.18	 0.0428	 1.2439	 0.0001	
m70709c3r2.htb	   0.0	  0.03	 2.000	 -10.00	  6.00	 30.00	   0.0	 0.0250	 14.60	 1.6000	  1.63	  1.00	 0.953	 0.00000000	 0.684	  0.618	  1.60	  0.03	  0.0360	 0.9978	 0.00000008	 0.7363	 0.00000000	 0.1328	 0.93576852	  1.63	 12.97	 0.0250	 0.7393	 0.0001	
m70710c1r2.htb	   0.0	  0.03	 2.000	 -5.00	 -10.00	 30.00	   0.0	 0.0410	 14.69	 1.6000	  1.57	  1.59	 1.002	 0.00000000	 0.749	  0.443	  1.60	  0.03	  0.0330	 0.9946	 0.00000073	 0.8916	 0.00000000	 0.5961	 0.74225993	  1.57	 13.13	 0.0405	 0.4971	 0.0001	
m70710c2r2.htb	 180.0	  0.03	 2.000	  0.00	  0.00	 30.00	   0.0	 0.0250	 12.03	 1.6000	  8.10	  7.09	 1.472	 0.00000560	 0.470	  0.456	  1.60	  0.03	  0.3300	 0.7331	 0.01392023	 0.1650	 0.00000064	 0.4513	 0.79801496	  4.76	  7.28	 0.0250	 3.3310	 0.0001	
m70711c1r2.htb	   0.0	  0.03	 2.000	  0.00	  8.00	 30.00	   0.0	 0.0250	 18.82	 1.6000	  9.36	  8.54	 0.920	 0.00000000	 0.519	  0.709	  1.60	  0.03	  0.0520	 0.9470	 0.00022361	 0.3839	 0.00000000	 0.3149	 0.85432369	  9.36	  9.46	 0.0250	 0.9334	 0.0001	
m70711c2r2.htb	   0.0	  0.03	 2.000	 -5.00	  5.00	 30.00	   0.0	 0.0250	 12.62	 1.6000	  4.28	  3.62	 0.927	 0.00000000	 0.550	  0.710	  1.60	  0.03	  0.0550	 0.9620	 0.00009665	 0.4445	 0.00000000	 0.1780	 0.91483048	  4.28	  8.35	 0.0250	 0.9700	 0.0001	
m70712c1r2.htb	   0.0	  0.03	 2.000	 -5.00	  5.00	 30.00	   0.0	 0.0320	 26.60	 1.6000	  3.38	  1.66	 0.931	 0.00000000	 0.811	  0.410	  1.60	  0.03	  0.0320	 0.9931	 0.00000135	 0.9412	 0.00000000	 1.3762	 0.50253267	  3.38	 23.22	 0.0320	 0.5643	 0.0001	
m70712c2r2.htb	   0.0	  0.03	 2.000	  2.00	  5.00	 30.00	   0.0	 0.0310	 35.57	 1.6000	 15.59	 11.88	 0.843	 0.00000000	 0.647	  0.599	  1.60	  0.03	  0.0390	 0.9826	 0.00001365	 0.6874	 0.00000000	 0.2283	 0.89210507	 15.59	 19.98	 0.0308	 0.6705	 0.0001	
m70712c3r2.htb	   0.0	  0.03	 2.000	  0.00	  5.00	 30.00	   0.0	 0.0250	 28.56	 1.6000	 14.00	 11.12	 0.835	 0.00000000	 0.590	  0.631	  1.60	  0.03	  0.0420	 0.9623	 0.00009479	 0.5140	 0.00000000	 0.2777	 0.87036628	 14.00	 14.56	 0.0250	 0.8170	 0.0001	
m70712c3r3.htb	   0.0	  0.03	 2.000	  0.00	  5.00	 30.00	   0.0	 0.0250	 28.96	 1.6000	 17.88	 16.48	 0.888	 0.00000000	 0.537	  0.617	  1.60	  0.03	  0.0620	 0.9444	 0.00025255	 0.3687	 0.00000000	 0.3709	 0.83072555	 17.88	 11.08	 0.0250	 1.0400	 0.0001	
m70713c1r2.htb	   0.0	  0.03	 2.000	  0.00	  6.00	 30.00	   0.0	 0.0250	  3.95	 1.6000	  0.74	  1.20	 1.197	 0.00000000	 0.480	  0.704	  1.60	  0.03	  0.1220	 0.9113	 0.00082251	 0.2250	 0.00000000	 0.1287	 0.93768357	  0.66	  3.28	 0.0250	 1.5174	 0.0001	
m70713c2r2.htb	   0.0	  0.03	 2.000	  0.00	 -5.00	 30.00	   0.0	 0.0250	 10.50	 1.6000	  4.01	  3.96	 1.222	 0.00000000	 0.533	  0.767	  1.60	  0.03	  0.2320	 0.7218	 0.01551877	 0.2303	 0.00000000	 0.8468	 0.65480282	  2.51	  7.99	 0.0250	 2.2739	 0.0001	
m70713c3r2.htb	   0.0	  0.03	 2.000	  5.00	 -5.00	 30.00	   0.0	 0.0270	  5.75	 1.6000	  0.24	  0.38	 1.036	 0.00000000	 0.600	  0.654	  1.60	  0.03	  0.1240	 0.9617	 0.00009864	 0.4824	 0.00000000	 0.1753	 0.91607688	  0.19	  5.56	 0.0274	 1.2402	 0.0100	
m70716c1r2.htb	   0.0	  0.03	 2.000	  0.00	 -20.00	 40.00	   0.0	 0.0250	  3.60	 1.6000	  1.36	  1.77	 1.227	 0.00000000	 0.437	  0.482	  1.60	  0.03	  0.0320	 0.9983	 0.00000004	 0.2833	 0.00000000	 0.0046	 0.99769898	  1.36	  2.24	 0.0250	 0.5797	 0.0062	
m70716c2r2.htb	   0.0	  0.03	 2.000	  0.00	 -10.00	 40.00	   0.0	 0.0250	  2.11	 1.6000	  0.59	  0.66	 1.051	 0.00000000	 0.410	  0.532	  1.60	  0.03	  0.0380	 0.9907	 0.00000282	 0.2060	 0.00000000	 0.0169	 0.99160173	  0.59	  1.52	 0.0250	 0.7599	 0.0001	
m70717c1r2.htb	   0.0	  0.03	 2.000	 -8.00	 -5.00	 30.00	   0.0	 0.1480	 511.98	 0.0250	 16.96	 11.32	 0.989	 0.43660887	 0.159	  6.743	  1.60	  0.03	  0.0230	 0.9854	 0.00000882	 0.0083	 0.01588186	 13.8068	 0.00100438	 16.96	 495.07	 0.1482	 0.1075	 0.0100	
m70717c2r2.htb	   0.0	  0.03	 2.000	  0.00	 -2.00	 30.00	   0.0	 0.0250	 11.47	 1.6000	  8.00	  7.19	 0.853	 0.00000000	 0.386	  0.520	  1.60	  0.03	  0.1480	 0.9241	 0.00055339	 0.1362	 0.00000000	 0.0965	 0.95287836	  7.82	  3.64	 0.0250	 1.6943	 0.0001	
m70718c1r2.htb	   0.0	  0.03	 2.000	  2.00	  5.00	 30.00	   0.0	 0.0300	 34.10	 1.5800	 13.07	 13.28	 1.010	 0.00000000	 0.521	  1.111	  1.60	  0.03	  0.0280	 0.9480	 0.00021336	 0.5438	 0.00000000	 0.8531	 0.65274958	 13.07	 21.04	 0.0304	 0.4293	 0.0100	
m70718c2r2.htb	   0.0	  0.03	 2.000	  0.00	 -5.00	 30.00	   0.0	 0.0250	  2.94	 1.6000	  1.10	  1.04	 0.979	 0.00000841	 0.517	  0.374	  1.60	  0.03	  0.0900	 0.9622	 0.00009558	 0.3880	 0.00000001	 0.4377	 0.80344183	  1.09	  1.85	 0.0250	 1.2875	 0.0001	
m70718c3r2.htb	  90.0	  0.03	 2.000	  0.00	  2.00	 30.00	   0.0	 0.0380	 11.48	 1.6000	  2.29	  2.54	 1.028	 0.00000000	 0.642	  0.517	  1.60	  0.03	  0.0540	 0.9972	 0.00000014	 0.7345	 0.00000000	 0.1938	 0.90764884	  2.29	  9.19	 0.0377	 0.6300	 0.0100	
m70719c1r2.htb	  90.0	  0.03	 2.000	  5.00	  5.00	 30.00	   0.0	 0.0330	 29.78	 1.6000	  7.26	  3.58	 0.860	 0.00000000	 0.742	  0.489	  1.60	  0.03	  0.0360	 0.9871	 0.00000647	 0.8909	 0.00000000	 0.9644	 0.61743784	  7.26	 22.52	 0.0327	 0.6188	 0.0001	
m70719c2r2.htb	  90.0	  0.03	 2.000	 -5.00	  0.00	 30.00	   0.0	 0.0330	 33.75	 1.6000	 14.48	 10.55	 0.830	 0.00000000	 0.628	  0.654	  1.60	  0.03	  0.0410	 0.9676	 0.00006502	 0.6526	 0.00000000	 0.3355	 0.84558572	 14.48	 19.27	 0.0327	 0.6779	 0.0001	
m70719c3r2.htb	  90.0	  0.03	 2.000	 -5.00	 -5.00	 30.00	   0.0	 0.0270	 29.02	 1.6000	 13.78	 18.31	 1.423	 0.00607227	 0.436	  1.192	  1.60	  0.03	  0.0330	 0.9469	 0.00022534	 0.2300	 0.00002667	 0.2296	 0.89154193	 13.78	 15.23	 0.0273	 0.5198	 0.0100	
m70720c1r2.htb	  90.0	  0.03	 2.000	 -5.00	  0.00	 30.00	   0.0	 0.0280	 22.60	 1.6000	  2.24	  1.39	 0.960	 0.00000000	 0.627	  1.071	  1.60	  0.03	  0.0380	 0.9874	 0.00000611	 0.7838	 0.00000000	 0.3825	 0.82592579	  2.24	 20.36	 0.0279	 0.7115	 0.0001	
m70720c2r2.htb	   0.0	  0.03	 2.000	 -5.00	 -2.00	 30.00	   0.0	 0.0310	 36.31	 1.6000	 10.32	  7.46	 0.901	 0.00000000	 0.691	  0.637	  1.60	  0.03	  0.0600	 0.9899	 0.00000353	 0.8199	 0.00000000	 0.1698	 0.91860718	 10.32	 25.99	 0.0306	 0.9137	 0.0001	
m70723c1r2.htb	   0.0	  0.03	 2.000	 -8.00	 -8.00	 30.00	   0.0	 0.0250	  6.48	 1.6000	  1.64	  1.84	 1.043	 0.00000000	 0.628	  0.544	  1.60	  0.03	  0.0560	 0.8768	 0.00189295	 0.4969	 0.00000000	 2.3223	 0.31311906	  1.64	  4.84	 0.0250	 0.9770	 0.0001	
m70724c1r2.htb	   0.0	  0.03	 2.000	  0.00	  5.00	 40.00	   0.0	 0.0250	 13.90	 1.6000	  4.06	  4.53	 1.052	 0.00000000	 0.674	  0.416	  1.60	  0.03	  0.0770	 0.9826	 0.00001355	 0.7410	 0.00000000	 0.4660	 0.79214580	  4.04	  9.86	 0.0253	 1.1696	 0.0001	
m70724c3r2.htb	   0.0	  0.03	 2.000	  8.00	  0.00	 25.00	   0.0	 0.0300	 15.17	 1.6000	  0.60	  0.80	 1.014	 0.00000000	 0.794	  0.447	  1.60	  0.03	  0.0350	 0.9959	 0.00000037	 0.9361	 0.00000000	 1.0451	 0.59300768	  0.60	 14.58	 0.0300	 0.6314	 0.0001	
m70724c4r2.htb	   0.0	  0.03	 2.000	 -10.00	 -5.00	 30.00	   0.0	 0.0250	 22.64	 1.6000	  1.90	  3.13	 1.063	 0.00000000	 0.677	  0.909	  1.60	  0.03	  0.0350	 0.9846	 0.00001002	 0.7932	 0.00000000	 0.3528	 0.83827258	  1.90	 20.73	 0.0250	 0.7131	 0.0001	
m70725c1r2.htb	   0.0	  0.03	 2.000	  5.00	 -5.00	 30.00	   0.0	 0.0310	 18.21	 1.5950	  0.37	  0.60	 1.013	 0.00000000	 0.755	  0.579	  1.60	  0.03	  0.0240	 0.9988	 0.00000002	 0.9257	 0.00000000	 0.3227	 0.85097421	  0.37	 17.85	 0.0313	 0.4532	 0.0001	
m70727c1r2.htb	   0.0	  0.03	 2.000	 -5.00	 -5.00	 25.00	   0.0	 0.0250	  7.44	 1.6000	  1.75	  2.06	 1.062	 0.00000000	 0.561	  0.559	  1.60	  0.03	  0.0790	 0.9905	 0.00000300	 0.5562	 0.00000000	 0.0943	 0.95394457	  1.73	  5.70	 0.0250	 1.1993	 0.0001	
m70727c3r2.htb	   0.0	  0.03	 2.000	  0.00	 -10.00	 40.00	   0.0	 0.0380	 14.39	 1.6000	  8.17	  7.76	 0.948	 0.00000000	 0.607	  0.338	  1.60	  0.03	  0.1400	 0.9429	 0.00027010	 0.5623	 0.00000000	 0.4942	 0.78105679	  8.11	  6.28	 0.0383	 1.1576	 0.0100	
m70730c1r2.htb	   0.0	  0.03	 2.000	  0.00	  5.00	 30.00	   0.0	 0.0250	 17.57	 1.6000	  1.54	  1.24	 0.982	 0.00000000	 0.785	  0.434	  1.60	  0.03	  0.0430	 0.9905	 0.00000302	 0.9199	 0.00000000	 0.9845	 0.61126427	  1.54	 16.03	 0.0250	 0.8268	 0.0001	
m70730c2r2.htb	   0.0	  0.03	 2.000	  0.00	 -5.00	 30.00	   0.0	 0.0250	 14.94	 1.6000	  6.75	  6.82	 1.114	 0.00000005	 0.562	  0.525	  1.60	  0.03	  0.1820	 0.9570	 0.00013201	 0.4782	 0.00000000	 0.3049	 0.85861894	  5.89	  9.05	 0.0250	 1.9137	 0.0001	
m70731c1r2.htb	   0.0	  0.03	 2.000	 -2.00	  0.00	 30.00	   0.0	 0.0300	 11.31	 1.6000	  0.18	  0.45	 1.024	 0.00000000	 0.770	  0.446	  1.60	  0.03	  0.0230	 0.9994	 0.00000000	 0.8775	 0.00000000	 0.2970	 0.86201782	  0.18	 11.12	 0.0302	 0.4474	 0.0001	
m70731c2r2.htb	   0.0	  0.03	 2.000	  5.00	 -7.00	 25.00	   0.0	 0.0300	 13.60	 1.6000	  4.13	  3.43	 0.932	 0.00000000	 0.626	  0.518	  1.60	  0.03	  0.0320	 0.9984	 0.00000003	 0.7023	 0.00000000	 0.1496	 0.92791445	  4.13	  9.48	 0.0299	 0.4834	 0.0100	
m70801c2r2.htb	   0.0	  0.03	 2.000	 -5.00	 -7.00	 30.00	   0.0	 0.0250	  4.46	 1.6000	  1.13	  1.07	 1.015	 0.00000000	 0.511	  0.570	  1.60	  0.03	  0.1310	 0.9283	 0.00048024	 0.3488	 0.00000000	 0.2924	 0.86398049	  1.02	  3.44	 0.0250	 1.5812	 0.0001	
m70801c3r2.htb	   0.0	  0.03	 2.000	  5.00	  5.00	 25.00	   0.0	 0.0250	 48.13	 1.6000	 13.66	 10.85	 0.930	 0.00000000	 0.724	  0.699	  1.60	  0.03	  0.0900	 0.9602	 0.00010862	 0.7941	 0.00000000	 1.2652	 0.53121651	 13.47	 34.66	 0.0250	 1.2873	 0.0001	
m70802c1r2.htb	   0.0	  0.03	 2.000	 -8.00	 -7.00	 30.00	   0.0	 0.0250	 19.69	 1.6000	  3.33	  3.28	 0.999	 0.00000000	 0.745	  0.532	  1.60	  0.03	  0.0750	 0.9552	 0.00014626	 0.8150	 0.00000000	 1.4843	 0.47609874	  3.30	 16.38	 0.0250	 1.1617	 0.0001	
m70802c2r2.htb	   0.0	  0.03	 2.000	  2.00	 -2.00	 30.00	   0.0	 0.0300	 31.31	 1.6000	  6.24	  4.33	 0.929	 0.00000000	 0.709	  0.639	  1.60	  0.03	  0.0640	 0.9610	 0.00010371	 0.8245	 0.00000000	 1.2673	 0.53065099	  6.24	 25.08	 0.0297	 0.9655	 0.0001	
m70803c1r2.htb	   0.0	  0.03	 2.000	 -2.00	 -7.00	 25.00	   0.0	 0.0340	 11.36	 1.2140	  0.37	  0.60	 1.022	 0.00000000	 0.651	  0.676	  1.60	  0.03	  0.0260	 0.9987	 0.00000002	 0.7612	 0.00000000	 0.0503	 0.97515480	  0.37	 10.99	 0.0344	 0.3684	 0.0100	
m70803c2r2.htb	   0.0	  0.03	 2.000	 -10.00	 -3.00	 30.00	   0.0	 0.0250	 20.67	 1.6000	  4.61	  4.88	 1.017	 0.00000000	 0.616	  0.907	  1.60	  0.03	  0.0370	 0.9399	 0.00030672	 0.6050	 0.00000000	 0.9860	 0.61078630	  4.61	 16.06	 0.0250	 0.7534	 0.0001	
m70806c1r2.htb	   0.0	  0.03	 2.000	  7.00	  3.00	 25.00	   0.0	 0.0250	  5.51	 0.8760	  1.34	  0.60	 0.848	 0.00000000	 0.653	  0.407	  1.60	  0.03	  0.0170	 0.9295	 0.00046040	 0.6106	 0.00000000	 1.2865	 0.52557288	  1.34	  4.17	 0.0250	 0.4065	 0.0001	
m70807c1r2.htb	   0.0	  0.03	 2.000	  0.00	  0.00	 30.00	   0.0	 0.0250	 22.29	 1.6000	  4.33	  3.18	 0.941	 0.00000000	 0.733	  0.506	  1.60	  0.03	  0.0710	 0.9659	 0.00007376	 0.8364	 0.00000000	 1.1860	 0.55267372	  4.31	 17.98	 0.0250	 1.1243	 0.0001	
m70809c1r2.htb	   0.0	  0.03	 2.000	  0.00	  2.00	 35.00	   0.0	 0.0250	  9.41	 1.6000	  2.39	  3.28	 1.150	 0.00000000	 0.627	  0.596	  1.60	  0.03	  0.0850	 0.9128	 0.00078787	 0.6012	 0.00000000	 1.8864	 0.38938865	  2.37	  7.04	 0.0250	 1.2458	 0.0001	
m70809c2r2.htb	 180.0	  0.03	 2.000	  0.00	 -5.00	 25.00	   0.0	 0.0250	 31.02	 1.6000	  4.61	  1.89	 0.907	 0.00000000	 0.782	  0.515	  1.60	  0.03	  0.0540	 0.9952	 0.00000055	 0.9140	 0.00000000	 0.5924	 0.74362945	  4.61	 26.41	 0.0250	 0.9637	 0.0001	
m70810c1r2.htb	  90.0	  0.03	 2.000	  0.00	  0.00	 30.00	   0.0	 0.0250	 10.28	 1.6000	  1.99	  1.00	 0.893	 0.00000000	 0.690	  0.459	  1.60	  0.03	  0.0440	 0.9892	 0.00000414	 0.8095	 0.00000000	 0.4732	 0.78931791	  1.99	  8.29	 0.0250	 0.8398	 0.0001	
m70815c1r2.htb	   0.0	  0.03	 2.000	  0.00	  0.00	 25.00	   0.0	 0.0250	  4.58	 1.6000	  0.83	  0.25	 0.887	 0.00000000	 0.596	  0.441	  1.60	  0.03	  0.1220	 0.9873	 0.00000614	 0.5738	 0.00000000	 0.1648	 0.92090436	  0.74	  3.84	 0.0250	 1.5169	 0.0001	
m70816c1r2.htb	   0.0	  0.03	 2.000	  6.00	  5.00	 25.00	   0.0	 0.0480	 11.92	 1.6000	  3.12	  2.44	 0.947	 0.00000000	 0.623	  0.548	  1.60	  0.03	  0.1720	 0.9470	 0.00022393	 0.6007	 0.00000000	 0.6884	 0.70877745	  2.94	  8.98	 0.0476	 1.1874	 0.0100	
m70817c1r2.htb	 180.0	  0.03	 2.000	  3.00	  0.00	 40.00	   0.0	 0.0340	 14.62	 0.3140	  1.79	  1.14	 0.952	 0.00000000	 0.617	  0.731	  1.60	  0.03	  0.0150	 0.7731	 0.00910525	 0.4999	 0.00000000	 9.8846	 0.00713804	  1.79	 12.84	 0.0337	 0.2256	 0.0100	
m70820c1r2.htb	 180.0	  0.03	 2.000	  0.00	  0.00	 35.00	   0.0	 0.0290	 24.47	 0.3560	 11.47	  7.66	 0.774	 0.00000000	 0.650	  0.484	  1.60	  0.03	  0.0160	 0.9157	 0.00072321	 0.5623	 0.00000000	 1.0502	 0.59148256	 11.47	 13.02	 0.0294	 0.2581	 0.0100	
m70821c1r2.htb	 180.0	  0.03	 2.000	  0.00	  0.00	 40.00	   0.0	 0.0250	 11.99	 1.6000	  7.72	  8.46	 1.431	 0.00994636	 0.435	  0.612	  1.60	  0.03	  0.2160	 0.6653	 0.02530475	 0.1519	 0.00085424	 1.4397	 0.48682982	  6.93	  5.06	 0.0250	 2.1562	 0.0001	
m70822c1r2.htb	 180.0	  0.03	 2.000	 -5.00	 -7.00	 30.00	   0.0	 0.0250	 15.73	 0.0260	  6.43	  5.97	 0.953	 0.00000008	 0.452	  1.089	  1.60	  0.03	  0.0020	 0.7819	 0.00821819	 0.2165	 0.00000001	 0.6327	 0.72879632	  6.43	  9.30	 0.0250	 0.0001	 0.0001	
m70823c1r2.htb	 180.0	  0.03	 2.000	  0.00	 -7.00	 20.00	   0.0	 0.0280	 16.28	 1.6000	  0.34	  0.70	 1.023	 0.00000000	 0.739	  0.605	  1.60	  0.03	  0.0270	 0.9996	 0.00000000	 0.9071	 0.00000000	 0.0077	 0.99614409	  0.34	 15.95	 0.0284	 0.4314	 0.0100	
m70824c1r2.htb	   0.0	  0.03	 2.000	  3.00	 -5.00	 20.00	   0.0	 0.0250	 16.49	 1.5880	  3.16	  1.44	 0.886	 0.00000000	 0.599	  0.863	  1.60	  0.03	  0.0210	 0.9761	 0.00003011	 0.6649	 0.00000000	 1.3373	 0.51240097	  3.16	 13.32	 0.0250	 0.4858	 0.0001	
m70827c1r2.htb	   0.0	  0.03	 2.000	  0.00	 -5.00	 25.00	   0.0	 0.0400	 26.02	 1.6000	  7.96	  5.27	 0.871	 0.00000000	 0.661	  0.591	  1.60	  0.03	  0.0650	 0.9991	 0.00000001	 0.7633	 0.00000000	 0.0564	 0.97220038	  7.95	 18.07	 0.0397	 0.8157	 0.0001	
m70828c1r2.htb	   0.0	  0.03	 2.000	 -5.00	 -10.00	 25.00	   0.0	 0.0250	 22.47	 1.6000	  3.92	  2.09	 0.910	 0.00000000	 0.723	  0.612	  1.60	  0.03	  0.0480	 0.9773	 0.00002666	 0.8147	 0.00000000	 0.9646	 0.61736796	  3.92	 18.54	 0.0250	 0.8904	 0.0001	
m70829c1r2.htb	 270.0	  0.03	 2.000	 -2.00	 -2.00	 25.00	   0.0	 0.0300	 17.10	 1.6000	  0.82	  0.70	 0.993	 0.00000000	 0.736	  0.595	  1.60	  0.03	  0.0450	 0.9918	 0.00000210	 0.9300	 0.00000000	 0.6470	 0.72359609	  0.82	 16.29	 0.0303	 0.6164	 0.0100	
m70831c1r2.htb	 180.0	  0.03	 2.000	  5.00	 -7.00	 30.00	   0.0	 0.0250	 35.71	 1.6000	  6.46	  4.03	 0.925	 0.00000000	 0.606	  1.176	  1.60	  0.03	  0.0780	 0.9396	 0.00031166	 0.7455	 0.00000000	 2.1972	 0.33332964	  6.40	 29.31	 0.0250	 1.1877	 0.0001	
m70905c1r2.htb	 180.0	  0.03	 2.000	  0.00	  0.00	 40.00	   0.0	 0.0260	 13.92	 1.6000	  0.50	  1.19	 1.054	 0.00000000	 0.631	  0.923	  1.60	  0.03	  0.0370	 0.9930	 0.00000141	 0.7778	 0.00000000	 0.1228	 0.94042453	  0.50	 13.42	 0.0255	 0.7482	 0.0001	
