FILE			 PrfOR	 PrfSF	 PrfTF	 RFXctr	 RFYctr	 RFDiam	 GrType	 MaxLoc	 MaxRsp	 MinLoc	 MinRsp	 Spont	 TFMI		 AnovaP	 TFDI  	 VarTerm	 MaxX 	 MinX 	 TFHWHM	 RsqMn	 PMean	 RsqRaw	 Praw		 Chi2		 ChiP		 Brat		 Ampl		 Peak		 SD		 Offst		
m70108c1r3.htb	   0.0	  0.03	 2.000	 20.00	 -15.00	 40.00	   0.0	 1.9500	 14.32	 16.0000	  5.50	  4.88	 1.478	 0.00000015	 0.596	  0.524	 16.00	  0.50	  5.2700	 0.8092	 0.01462323	 0.4164	 0.00000003	 1.0379	        NaN	  0.36	 13.96	 1.9502	 1.4579	 0.1000	
m70110c1r3.htb	   0.0	  0.03	 2.000	 -10.00	 -5.00	 40.00	   0.0	 3.0500	  9.01	 0.5000	  3.96	  5.80	 1.576	 0.61074793	 0.213	  1.394	 16.00	  0.50	  0.8200	 0.5856	 0.07619471	 0.0118	 0.14598467	 0.0792	        NaN	  3.96	  5.05	 3.0459	 0.1937	 0.1000	
m70110c2r3.htb	   0.0	  0.03	 2.000	 10.00	 -15.00	 40.00	   0.0	 2.1000	  3.71	 16.0000	  0.58	  0.20	 1.057	 0.01436556	 0.410	  0.894	 16.00	  0.50	  4.2500	 0.8810	 0.00553584	 0.1991	 0.00035274	 0.0382	        NaN	  0.00	  3.71	 2.1040	 1.0515	 0.0010	
m70110c3r3.htb	   0.0	  0.03	 2.000	 10.00	 -15.00	 40.00	   0.0	 2.2700	  5.73	 16.0000	  2.74	  2.94	 1.683	 0.04734203	 0.367	  0.804	 16.00	  0.50	  5.3400	 0.7357	 0.02893250	 0.0681	 0.00400165	 0.2546	        NaN	  1.03	  4.70	 2.2650	 1.3480	 0.1000	
m70111c1r3.htb	   0.0	  0.03	 2.000	  0.00	  0.00	 50.00	   0.0	 4.1200	 14.77	 0.5000	 10.85	 11.89	 2.179	 0.10589841	 0.269	  0.754	 16.00	  0.50	  9.8600	 0.7786	 0.01993600	 0.0589	 0.00757929	 0.1088	        NaN	  8.50	  6.27	 4.1154	 1.3929	 0.1000	
m70112c1r3.htb	   0.0	  0.03	 2.000	  0.00	  0.00	 90.00	   0.0	 3.1000	  6.57	 0.5000	  4.65	  3.98	 1.296	 0.03722579	 0.269	  0.595	 16.00	  0.50	  6.1200	 0.7983	 0.01640996	 0.0777	 0.00204704	 0.0642	        NaN	  3.21	  3.36	 3.0966	 1.3061	 0.0779	
m70116c1r3.htb	   0.0	  0.03	 2.000	  0.00	  0.00	 40.00	   0.0	 1.3000	  7.79	 16.0000	  0.03	  0.08	 1.011	 0.00003620	 0.514	  1.246	 16.00	  0.50	  1.8800	 0.9426	 0.00125830	 0.3204	 0.00000022	 0.0931	        NaN	  0.00	  7.79	 1.2969	 0.7396	 0.0538	
m70117c1r3.htb	   0.0	  0.03	 2.000	 15.00	 -5.00	 40.00	   0.0	 2.6000	  6.97	 16.0000	  4.21	  5.27	 1.798	 0.01176872	 0.379	  0.602	 16.00	  0.50	  3.9600	 0.8794	 0.00569145	 0.1050	 0.00030464	 0.1928	        NaN	  3.92	  3.04	 2.6044	 0.8184	 0.1000	
m70117c2r3.htb	 180.0	  0.03	 2.000	 20.00	 -10.00	 50.00	   0.0	 1.4000	  7.24	 16.0000	  5.70	  5.42	 0.868	 0.13933536	 0.250	  0.462	 16.00	  0.50	  2.7100	 0.9042	 0.00355547	 0.0474	 0.00582344	 0.0380	        NaN	  5.66	  1.58	 1.3983	 0.8937	 0.1000	
m70117c3r3.htb	  30.0	  0.03	 2.000	 20.00	 -20.00	 50.00	   0.0	 1.7000	 25.02	 16.0000	 20.78	 22.49	 1.714	 0.08456096	 0.387	  0.532	 16.00	  0.50	  2.7400	 0.4543	 0.14207030	 0.0728	 0.03706153	 1.0115	        NaN	 20.68	  4.33	 1.6972	 0.7972	 0.1000	
m70118c1r3.htb	   0.0	  0.05	 2.000	  0.00	  0.00	 40.00	   0.0	 1.5000	  4.75	 16.0000	  0.15	  0.00	 1.000	 0.00000000	 0.553	  0.820	 16.00	  0.50	  2.8000	 0.6752	 0.04483572	 0.2634	 0.00000000	 2.8624	        NaN	  0.00	  4.75	 1.4991	 0.8757	 0.1000	
m70118c2r3.htb	 180.0	  0.05	 2.000	  0.00	  0.00	 40.00	   0.0	 3.0300	  4.93	 0.5000	  2.76	  3.01	 1.130	 0.63339836	 0.245	  0.864	 16.00	  0.50	  1.3600	 0.6164	 0.06430526	 0.0181	 0.14338144	 0.0654	        NaN	  2.76	  2.16	 3.0258	 0.3054	 0.1000	
m70122c1r3.htb	   0.0	  0.03	 2.000	  0.00	  0.00	 100.00	   0.0	 16.0000	  5.42	 0.5000	  2.78	  3.03	 1.740	 0.00362852	 0.469	  0.444	 16.00	  0.50	  0.0000	 0.8930	 0.00445244	 0.2418	 0.00006599	 0.2271	        NaN	  1.26	  4.18	 20.0000	 2.5967	 0.0010	
m70123c1r3.htb	   0.0	  0.03	 4.000	 -20.00	  0.00	 120.00	   0.0	 5.7800	  4.11	 0.5000	  1.73	  1.59	 0.946	 0.04182812	 0.417	  0.581	 16.00	  0.50	  7.0700	 0.9155	 0.00275436	 0.1719	 0.00099073	 0.3264	        NaN	  1.73	  2.38	 5.7756	 0.6790	 0.0010	
m70123c2r3.htb	 180.0	  0.03	 4.000	  0.00	  0.00	 120.00	   0.0	 6.2900	  6.23	 0.5000	  3.07	  3.36	 1.103	 0.00482506	 0.318	  0.745	 16.00	  0.50	  7.8200	 0.9695	 0.00035234	 0.1315	 0.00004690	 0.0008	        NaN	  3.06	  3.17	 6.2932	 0.6853	 0.0010	
m70123c3r3.htb	 180.0	  0.03	 4.000	  0.00	  0.00	 120.00	   0.0	 5.6200	  9.65	 0.5000	  5.83	  7.11	 1.510	 0.06410572	 0.341	  0.892	 16.00	  0.50	  7.3400	 0.7437	 0.02710646	 0.0642	 0.00524037	 0.1764	        NaN	  5.82	  3.83	 5.6248	 0.7092	 0.0010	
m70124c1r3.htb	   0.0	  0.03	 2.000	  0.00	  0.00	 60.00	   0.0	 2.2500	  5.47	 16.0000	  1.14	  2.29	 1.720	 0.00000110	 0.644	  0.549	 16.00	  0.50	  4.6600	 0.3519	 0.21455309	 0.1671	 0.00118398	 6.0235	        NaN	  0.00	  5.47	 2.2459	 1.0877	 0.1000	
m70124c2r3.htb	   0.0	  0.03	 2.000	 10.00	 -20.00	 80.00	   0.0	 2.1900	  5.54	 16.0000	  3.81	  3.31	 1.470	 0.00387174	 0.374	  0.408	 16.00	  0.50	  5.6900	 0.8049	 0.01532339	 0.1123	 0.00018276	 0.1434	        NaN	  2.26	  3.28	 2.1947	 1.5882	 0.1000	
m70124c3r3.htb	 180.0	  0.03	 2.000	  0.00	  0.00	 100.00	   0.0	 1.2100	  3.10	 8.0200	  2.55	  2.51	 0.943	 0.99186644	 0.095	  0.743	 16.00	  0.50	  0.3800	 0.8652	 0.00714646	 0.0042	 0.50258716	 0.0070	        NaN	  2.55	  0.55	 1.2064	 0.2249	 0.0011	
m70124c4r3.htb	 180.0	  0.03	 2.000	 10.00	 -20.00	 60.00	   0.0	 6.3900	 10.26	 0.5000	  7.91	  4.53	 0.410	 0.83287789	 0.217	  0.595	 16.00	  0.50	  2.3100	 0.8805	 0.00557978	 0.0330	 0.16511627	 0.0476	        NaN	  7.91	  2.35	 6.3856	 0.2576	 0.1000	
m70125c1r3.htb	   0.0	  0.03	 2.000	  0.00	  0.00	 60.00	   0.0	 2.7200	  4.49	 16.0000	  2.54	  0.22	 0.648	 0.00178908	 0.326	  0.586	 16.00	  0.50	  5.1400	 0.7487	 0.02599919	 0.1145	 0.00015662	 0.1543	        NaN	  1.73	  2.76	 2.7232	 1.1357	 0.0010	
m70125c2r3.htb	 180.0	  0.03	 2.000	  0.00	  0.00	 120.00	   0.0	 3.9700	 12.69	 0.5000	  8.86	  5.22	 0.940	 0.00173352	 0.361	  0.577	 16.00	  0.50	  9.6700	 0.7897	 0.01790896	 0.1212	 0.00009761	 0.1118	        NaN	  5.67	  7.01	 3.9674	 1.5253	 0.1000	
m70125c3r3.htb	 180.0	  0.03	 2.000	  0.00	 -5.00	 100.00	   0.0	 4.5800	  7.27	 0.5000	  6.00	  4.73	 0.500	 0.79016036	 0.195	  0.572	 16.00	  0.50	  2.8600	 0.9302	 0.00187194	 0.0192	 0.13121941	 0.0161	        NaN	  6.00	  1.27	 4.5776	 0.4111	 0.0010	
m70125c4r3.htb	 180.0	  0.03	 2.000	  0.00	  0.00	 100.00	   0.0	 5.5200	 32.14	 0.5000	 22.24	 18.66	 0.735	 0.00000167	 0.520	  0.395	 16.00	  0.50	  5.7800	 0.9878	 0.00005630	 0.4605	 0.00000000	 0.0675	        NaN	 22.23	  9.91	 5.5198	 0.5998	 0.1000	
m70126c1r3.htb	 180.0	  0.03	 2.000	  0.00	  0.00	 60.00	   0.0	 4.8000	  4.55	 0.5000	  2.34	  1.87	 1.180	 0.01227326	 0.358	  0.568	 16.00	  0.50	 11.2000	 0.8854	 0.00512714	 0.1051	 0.00030407	 0.0757	        NaN	  1.38	  3.17	 4.8019	 1.4609	 0.0010	
m70126c2r3.htb	 180.0	  0.03	 2.000	 20.00	 -10.00	 60.00	   0.0	 4.7700	 21.32	 0.5000	 16.92	 14.53	 0.654	 0.03588023	 0.374	  0.422	 16.00	  0.50	  6.0200	 0.8550	 0.00830144	 0.1654	 0.00126248	 0.2412	        NaN	 16.88	  4.44	 4.7715	 0.6871	 0.1000	
m70126c3r3.htb	   0.0	  0.03	 2.000	 10.00	 -15.00	 60.00	   0.0	 2.9800	 13.89	 16.0000	 10.84	  9.70	 1.514	 0.00108692	 0.472	  0.342	 16.00	  0.50	  5.9200	 0.6478	 0.05339648	 0.1988	 0.00035634	 0.6746	        NaN	  7.55	  6.34	 2.9762	 1.4435	 0.1000	
m70126c4r3.htb	   0.0	  0.03	 2.000	 10.00	 -10.00	 60.00	   0.0	 6.1200	 11.22	 0.5000	  7.49	  3.58	 0.488	 0.07286088	 0.395	  0.438	 16.00	  0.50	  2.9600	 0.8967	 0.00414439	 0.1491	 0.00231015	 0.1459	        NaN	  7.49	  3.73	 6.1250	 0.3286	 0.1000	
m70126c5r3.htb	   0.0	  0.03	 4.000	 10.00	 -10.00	 60.00	   0.0	 5.4700	  6.01	 0.5000	  2.38	  1.74	 1.219	 0.00015121	 0.537	  0.435	 16.00	  0.50	 10.5300	 0.8050	 0.01531076	 0.2905	 0.00000887	 0.7732	        NaN	  0.81	  5.21	 5.4682	 1.4414	 0.1000	
m70129c1r3.htb	   0.0	  0.03	 2.000	  0.00	 -10.00	 60.00	   0.0	 4.6000	  7.74	 0.5000	  4.38	  4.19	 0.972	 0.02453632	 0.310	  0.745	 16.00	  0.50	  6.6600	 0.8684	 0.00680466	 0.0916	 0.00077734	 0.0947	        NaN	  4.29	  3.45	 4.6027	 0.7625	 0.1000	
m70131c1r3.htb	   0.0	  0.03	 2.000	  0.00	  0.00	 100.00	   0.0	 2.9300	  8.06	 16.0000	  5.88	  1.74	 0.634	 0.08086326	 0.253	  0.749	 16.00	  0.50	  5.7500	 0.8037	 0.01551059	 0.0654	 0.00480076	 0.0509	        NaN	  4.05	  4.01	 2.9306	 1.3339	 0.1000	
m70131c2r3.htb	   0.0	  0.03	 2.000	 15.00	 -10.00	 60.00	   0.0	 4.1800	 11.83	 0.5000	  6.13	  4.33	 0.760	 0.01258816	 0.428	  0.700	 16.00	  0.50	  3.7900	 0.9269	 0.00205480	 0.2136	 0.00020107	 0.1180	        NaN	  6.13	  5.70	 4.1751	 0.5384	 0.1000	
m70131c2r3.htb	   0.0	  0.03	 2.000	 15.00	 -10.00	 60.00	   0.0	 4.1800	 11.83	 0.5000	  6.13	  4.33	 0.760	 0.01258816	 0.428	  0.700	 16.00	  0.50	  3.7900	 0.9269	 0.00205480	 0.2136	 0.00020107	 0.1180	        NaN	  6.13	  5.70	 4.1751	 0.5384	 0.1000	
m70201c1r3.htb	 180.0	  0.03	 2.000	  0.00	  0.00	 80.00	   0.0	 3.2400	 11.73	 0.5000	  7.71	  8.41	 2.158	 0.41928145	 0.315	  0.843	 16.00	  0.50	  7.3400	 0.8441	 0.00963677	 0.0724	 0.03767419	 0.0588	        NaN	  4.56	  7.16	 3.2423	 1.4552	 0.0010	
m70201c2r3.htb	 180.0	  0.03	 2.000	 10.00	 -15.00	 50.00	   0.0	 1.4000	 19.51	 16.0000	 13.84	 13.26	 1.565	 0.00027143	 0.425	  0.541	 16.00	  0.50	  5.1700	 0.9131	 0.00291689	 0.1681	 0.00000331	 0.1050	        NaN	  9.73	  9.78	 1.3962	 1.8041	 0.1000	
m70201c3r3.htb	 360.0	  0.03	 2.000	 10.00	 -20.00	 60.00	   0.0	 3.4700	  3.01	 0.5000	  1.36	  1.77	 2.104	 0.00593120	 0.356	  0.525	 16.00	  0.50	  8.0200	 0.9047	 0.00352109	 0.1194	 0.00011101	 0.0978	        NaN	  0.40	  2.61	 3.4742	 1.3743	 0.0010	
m70202c1r3.htb	   0.0	  0.03	 2.000	  0.00	 -15.00	 60.00	   0.0	 4.3200	  7.86	 0.5000	  4.77	  3.78	 0.776	 0.00452689	 0.345	  0.562	 16.00	  0.50	  6.5100	 0.9764	 0.00021088	 0.1336	 0.00004054	 0.0047	        NaN	  4.69	  3.17	 4.3234	 0.7925	 0.0010	
m70202c2r3.htb	   0.0	  0.03	 2.000	 20.00	 -20.00	 60.00	   0.0	 2.4300	 32.54	 16.0000	 15.57	 14.18	 1.532	 0.00001645	 0.558	  0.813	 16.00	  0.50	  5.5000	 0.8336	 0.01101950	 0.3464	 0.00000076	 0.7033	        NaN	  4.41	 28.13	 2.4266	 1.3616	 0.1000	
m70202c3r3.htb	   0.0	  0.03	 2.000	 10.00	 -10.00	 60.00	   0.0	 2.7700	 13.62	 16.0000	  8.86	  8.06	 1.636	 0.00012330	 0.527	  0.418	 16.00	  0.50	  5.7900	 0.7181	 0.03313882	 0.2630	 0.00002799	 0.9385	        NaN	  4.52	  9.10	 2.7664	 1.4172	 0.1000	
m70202c4r3.htb	   0.0	  0.03	 2.000	 20.00	 -25.00	 50.00	   0.0	 2.9100	 24.66	 16.0000	 10.88	  5.37	 1.279	 0.00000012	 0.609	  0.795	 16.00	  0.50	  5.7100	 0.5654	 0.08468602	 0.2931	 0.00000793	 3.3778	        NaN	  0.00	 24.66	 2.9128	 1.3103	 0.1000	
m70202c5r3.htb	   0.0	  0.03	 2.000	 20.00	 -20.00	 60.00	   0.0	 5.9800	 48.19	 0.5000	 22.59	  8.71	 0.648	 0.00000002	 0.623	  0.511	 16.00	  0.50	  1.9600	 0.7238	 0.03173313	 0.4001	 0.00000006	 1.7346	        NaN	 22.59	 25.60	 5.9825	 0.2358	 0.1000	
m70205c1r3.htb	   0.0	  0.03	 2.000	 10.00	 -10.00	 60.00	   0.0	 3.5700	 21.24	 0.5000	 14.88	 11.99	 1.089	 0.02323433	 0.423	  0.542	 16.00	  0.50	  8.4100	 0.9558	 0.00074269	 0.2000	 0.00034110	 0.0492	        NaN	 11.16	 10.07	 3.5654	 1.3894	 0.0010	
m70205c2r3.htb	   0.0	  0.03	 2.000	  0.00	  0.00	 60.00	   0.0	 3.1900	 21.15	 0.5000	 14.97	 14.43	 0.928	 0.00533175	 0.422	  0.487	 16.00	  0.50	  3.2700	 0.9540	 0.00080548	 0.2468	 0.00005407	 0.0850	        NaN	 14.91	  6.24	 3.1912	 0.6006	 0.0010	
m70205c3r3.htb	   0.0	  0.03	 2.000	 -5.00	 -10.00	 60.00	   0.0	 1.1100	  8.71	 16.0000	  4.73	  4.90	 1.616	 0.00069720	 0.420	  0.604	 16.00	  0.50	  4.6100	 0.9293	 0.00191790	 0.1568	 0.00000755	 0.0538	        NaN	  2.55	  6.16	 1.1148	 1.8467	 0.0010	
m70207c1r3.htb	   0.0	  0.03	 2.000	 -10.00	 -10.00	 100.00	   0.0	 4.3900	  8.63	 0.5000	  6.61	  6.64	 1.172	 0.00723678	 0.377	  0.343	 16.00	  0.50	  9.5400	 0.9420	 0.00128557	 0.1209	 0.00009950	 0.0452	        NaN	  6.30	  2.33	 4.3939	 1.0812	 0.0010	
m70207c2r3.htb	 300.0	  0.03	 2.000	  0.00	 -20.00	 60.00	   0.0	 2.7300	  8.41	 16.0000	  5.71	  5.97	 1.713	 0.01760365	 0.370	  0.463	 16.00	  0.50	  5.3600	 0.8463	 0.00936084	 0.1853	 0.00059688	 0.1190	        NaN	  4.23	  4.18	 2.7328	 1.2273	 0.0010	
m70208c1r3.htb	   0.0	  0.03	 2.000	  0.00	  0.00	 100.00	   0.0	 15.5700	  3.28	 0.5000	  2.46	  1.44	 0.448	 0.98286531	 0.193	  0.637	 16.00	  0.50	  0.4300	 0.7558	 0.02447907	 0.0095	 0.45874479	 0.0169	        NaN	  2.45	  0.82	 15.5671	 0.8341	 0.0010	
m70208c2r3.htb	 360.0	  0.03	 2.000	  0.00	 -15.00	 60.00	   0.0	 5.7800	  5.39	 0.5000	  3.20	  3.76	 1.408	 0.00400617	 0.330	  0.583	 16.00	  0.50	 10.2200	 0.9130	 0.00292595	 0.0856	 0.00006736	 0.0628	        NaN	  3.10	  2.29	 5.7759	 0.9089	 0.1000	
m70208c3r3.htb	 300.0	  0.03	 2.000	  0.00	 -20.00	 60.00	   0.0	 5.4000	 13.40	 0.5000	  6.41	  4.03	 0.745	 0.00090975	 0.454	  0.639	 16.00	  0.50	  4.3500	 0.9801	 0.00014973	 0.3058	 0.00000461	 0.0734	        NaN	  6.41	  6.98	 5.4003	 0.4932	 0.1000	
m70208c4r3.htb	 300.0	  0.03	 2.000	 -10.00	 -15.00	 50.00	   0.0	 2.6600	 18.39	 16.0000	  9.77	  9.90	 1.174	 0.00223945	 0.481	  0.676	 16.00	  0.50	  4.3100	 0.9445	 0.00117507	 0.2697	 0.00002119	 0.1210	        NaN	  8.42	  9.97	 2.6644	 0.8809	 0.1000	
m70208c5r3.htb	 180.0	  0.03	 2.000	  0.00	 -10.00	 60.00	   0.0	 7.8400	 14.43	 0.5000	  9.24	  7.90	 0.804	 0.00135093	 0.502	  0.382	 16.00	  0.50	  8.1600	 0.9645	 0.00047920	 0.3884	 0.00000806	 0.2048	        NaN	  9.18	  5.25	 7.8377	 0.9143	 0.0010	
m70209c1r3.htb	   0.0	  0.03	 2.000	 -5.00	 -15.00	 60.00	   0.0	 4.8500	 19.15	 0.5000	 13.24	 10.85	 0.711	 0.00548973	 0.459	  0.541	 16.00	  0.50	  3.7300	 0.7324	 0.02969841	 0.1888	 0.00052315	 0.5873	        NaN	 13.24	  5.91	 4.8496	 0.4760	 0.1000	
m70209c2r3.htb	 100.0	  0.05	 2.000	 -5.00	 -15.00	 50.00	   0.0	 2.0300	 14.66	 16.0000	 11.43	 12.26	 1.521	 0.14703768	 0.263	  0.690	 16.00	  0.50	  3.9700	 0.7263	 0.03113241	 0.0496	 0.01447018	 0.1008	        NaN	 11.02	  3.64	 2.0271	 0.9724	 0.1000	
m70212c1r3.htb	   0.0	  0.03	 2.000	 10.00	 -25.00	 60.00	   0.0	 7.5400	  7.68	 0.5000	  5.43	  4.28	 0.662	 0.54489146	 0.292	  0.685	 16.00	  0.50	  3.5500	 0.6644	 0.04810713	 0.0466	 0.09771122	 0.0490	        NaN	  5.43	  2.25	 7.5370	 0.3235	 0.1000	
m70212c2r3.htb	   0.0	  0.03	 2.000	 10.00	 -20.00	 40.00	   0.0	 3.2200	  4.92	 0.5000	  2.47	  2.04	 0.941	 0.00000000	 0.476	  0.355	 16.00	  0.50	  5.0500	 0.9966	 0.00000442	 0.3052	 0.00000000	 0.0101	        NaN	  2.21	  2.71	 3.2166	 0.8596	 0.0010	
m70212c3r3.htb	   0.0	  0.03	 2.000	 10.00	 -30.00	 60.00	   0.0	 2.9100	 11.29	 16.0000	  7.24	  4.36	 0.597	 0.00000478	 0.392	  0.562	 16.00	  0.50	  3.0700	 0.8814	 0.00550128	 0.1489	 0.00000009	 0.1689	        NaN	  7.15	  4.14	 2.9144	 0.6036	 0.1000	
m70212c4r3.htb	   0.0	  0.03	 2.000	  0.00	 -30.00	 60.00	   0.0	 3.5700	  3.13	 0.5000	  1.33	  1.29	 0.979	 0.00454371	 0.425	  0.484	 16.00	  0.50	  2.0400	 0.8177	 0.01331266	 0.2157	 0.00018568	 0.5605	        NaN	  1.33	  1.80	 3.5716	 0.3723	 0.1000	
m70213c1r3.htb	   0.0	  0.03	 2.000	 -5.00	 -15.00	 40.00	   0.0	 1.8200	  4.44	 16.0000	  0.11	  0.27	 1.039	 0.00000006	 0.551	  0.667	 16.00	  0.50	  1.9400	 0.9466	 0.00109042	 0.3845	 0.00000000	 0.2695	        NaN	  0.10	  4.33	 1.8225	 0.5895	 0.1000	
m70216c1r3.htb	   0.0	  0.03	 2.000	  0.00	 -15.00	 60.00	   0.0	 6.7300	  3.44	 0.5000	  0.66	  0.80	 1.050	 0.01385859	 0.430	  0.695	 16.00	  0.50	  4.1500	 0.9778	 0.00018618	 0.2222	 0.00014403	 0.0552	        NaN	  0.66	  2.78	 6.7340	 0.4063	 0.0010	
m70219c1r3.htb	   0.0	  0.03	 2.000	  0.00	  0.00	 120.00	   0.0	 4.2900	  9.83	 0.5000	  1.62	  0.15	 0.848	 0.00000124	 0.560	  0.755	 16.00	  0.50	  3.7000	 0.9713	 0.00031267	 0.4588	 0.00000000	 0.3225	        NaN	  1.62	  8.21	 4.2945	 0.5165	 0.1000	
m70221c1r3.htb	   0.0	  0.03	 2.000	 -5.00	 -15.00	 70.00	   0.0	 5.1600	  3.57	 0.5000	  2.46	  1.29	 0.488	 0.66394637	 0.203	  0.542	 16.00	  0.50	  1.5300	 0.2916	 0.26868708	 0.0110	 0.33036014	 0.2949	        NaN	  2.46	  1.11	 5.1647	 0.2176	 0.0010	
m70221c2r3.htb	 180.0	  0.03	 2.000	  0.00	  0.00	 100.00	   0.0	 16.0000	  6.31	 0.5000	  2.84	  2.19	 0.958	 0.00048065	 0.491	  0.534	 16.00	  0.50	  0.0000	 0.7635	 0.02289203	 0.2519	 0.00004396	 0.7826	        NaN	  2.36	  3.98	 20.0000	 1.7046	 0.1000	
m70222c1r3.htb	   0.0	  0.03	 2.000	  0.00	  0.00	 100.00	   0.0	 3.9400	  6.49	 0.5000	  3.73	  1.54	 0.557	 0.01393346	 0.426	  0.598	 16.00	  0.50	  3.2500	 0.6756	 0.04472827	 0.1534	 0.00197251	 0.4095	        NaN	  3.73	  2.76	 3.9447	 0.4990	 0.1000	
m70222c2r3.htb	   0.0	  0.03	 2.000	  0.00	  0.00	 100.00	   0.0	 4.3000	  4.24	 0.5000	  2.79	  2.29	 0.749	 0.14292725	 0.264	  0.646	 16.00	  0.50	  5.3100	 0.8257	 0.01213172	 0.0569	 0.00867721	 0.0626	        NaN	  2.78	  1.46	 4.3026	 0.6846	 0.0010	
m70222c3r3.htb	 180.0	  0.03	 2.000	  0.00	 -10.00	 100.00	   0.0	 3.4900	  6.19	 0.5000	  4.85	  3.43	 0.487	 0.57747743	 0.272	  0.498	 16.00	  0.50	  3.0100	 0.6670	 0.04731041	 0.0442	 0.10671972	 0.1351	        NaN	  4.85	  1.34	 3.4876	 0.5275	 0.0010	
m70222c4r3.htb	 180.0	  0.03	 2.000	  0.00	 -25.00	 60.00	   0.0	 1.5000	  2.74	 16.0000	  1.59	  1.87	 2.212	 0.01485289	 0.331	  0.437	 16.00	  0.50	  5.2000	 0.8140	 0.01388042	 0.0937	 0.00067382	 0.1382	        NaN	  0.80	  1.94	 1.5049	 1.7193	 0.1000	
m70223c1r3.htb	   0.0	  0.03	 2.000	 10.00	 10.00	 50.00	   0.0	 2.1500	  1.54	 16.0000	  0.88	  0.70	 0.790	 0.22953563	 0.273	  0.498	 16.00	  0.50	  2.7300	 0.5981	 0.07121149	 0.0346	 0.04192785	 0.1244	        NaN	  0.87	  0.67	 2.1495	 0.6789	 0.1000	
m70223c2r3.htb	   0.0	  0.05	 2.000	  0.00	  0.00	 100.00	   0.0	 7.1000	  7.37	 0.5000	  4.29	  3.88	 0.892	 0.06366616	 0.274	  0.903	 16.00	  0.50	  8.9000	 0.9405	 0.00135378	 0.0813	 0.00159605	 0.0052	        NaN	  4.26	  3.11	 7.1022	 0.8219	 0.1000	
m70223c3r3.htb	   0.0	  0.05	 2.000	  0.00	  0.00	 100.00	   0.0	 11.2500	  8.64	 0.5000	  6.17	  5.17	 0.712	 0.34077886	 0.278	  0.591	 16.00	  0.50	  4.7500	 0.9253	 0.00214459	 0.0898	 0.02004802	 0.0271	        NaN	  6.17	  2.47	 11.2496	 0.5944	 0.0010	
m70226c1r3.htb	   0.0	  0.03	 2.000	 -5.00	 -5.00	 70.00	   0.0	 2.6600	  1.82	 16.0000	  0.90	  0.97	 1.088	 0.46381566	 0.213	  0.559	 16.00	  0.50	  0.9100	 0.6800	 0.04342755	 0.0267	 0.07468381	 0.0326	        NaN	  0.90	  0.93	 2.6563	 0.2481	 0.0010	
m70226c2r3.htb	 120.0	  0.03	 2.000	 20.00	 -5.00	 60.00	   0.0	 2.0400	  7.06	 16.0000	  5.62	  4.98	 1.107	 0.60920932	 0.245	  0.436	 16.00	  0.50	  5.2700	 0.9029	 0.00365433	 0.0566	 0.06708006	 0.0217	        NaN	  4.75	  2.31	 2.0397	 1.4651	 0.0153	
m70226c3r3.htb	 180.0	  0.03	 2.000	  0.00	 -10.00	 60.00	   0.0	 4.6500	  9.26	 0.5000	  6.18	  5.52	 0.862	 0.13476159	 0.349	  0.559	 16.00	  0.50	  8.1900	 0.8530	 0.00853251	 0.1201	 0.00667911	 0.1685	        NaN	  6.04	  3.22	 4.6495	 0.8896	 0.0010	
m70306c1r3.htb	   0.0	  0.03	 2.000	 -10.00	 -10.00	 60.00	   0.0	 0.9200	  4.40	 1.8700	  2.78	  2.27	 0.762	 0.15638861	 0.219	  0.668	 16.00	  0.50	  0.1100	 0.3987	 0.17870749	 0.0178	 0.07448497	 0.1789	        NaN	  2.78	  1.62	 0.9195	 0.0829	 0.0010	
m70306c2r3.htb	   0.0	  0.03	 2.000	  0.00	  0.00	 100.00	   0.0	 7.3900	 10.22	 0.5000	  3.04	  1.49	 0.842	 0.00000020	 0.592	  0.586	 16.00	  0.50	  8.6100	 0.9288	 0.00194737	 0.4729	 0.00000000	 0.4381	        NaN	  2.87	  7.34	 7.3946	 0.9140	 0.1000	
m70306c3r3.htb	 240.0	  0.03	 2.000	 20.00	 10.00	 60.00	   0.0	 5.6400	 17.73	 0.5000	  7.50	  6.32	 0.899	 0.00000043	 0.542	  0.616	 16.00	  0.50	  6.7300	 0.9840	 0.00009704	 0.4860	 0.00000000	 0.1322	        NaN	  7.47	 10.27	 5.6446	 0.6585	 0.1000	
m70308c1r3.htb	   0.0	  0.03	 2.000	 20.00	 -10.00	 60.00	   0.0	 3.5400	 24.30	 0.5000	 12.41	  2.59	 0.552	 0.00000578	 0.546	  0.774	 16.00	  0.50	  3.5400	 0.8563	 0.00814514	 0.3762	 0.00000019	 0.6169	        NaN	 12.32	 11.98	 3.5406	 0.5783	 0.1000	
m70308c2r3.htb	   0.0	  0.03	 2.000	 -5.00	 -5.00	 50.00	   0.0	 3.6600	 11.38	 0.5000	  6.62	  4.03	 0.793	 0.00374616	 0.410	  0.502	 16.00	  0.50	  6.7100	 0.9497	 0.00096676	 0.2562	 0.00003690	 0.1533	        NaN	  5.55	  5.83	 3.6635	 0.9976	 0.1000	
m70308c3r3.htb	   0.0	  0.03	 2.000	 10.00	 -10.00	 50.00	   0.0	 2.6300	 11.66	 16.0000	  6.21	  2.84	 0.661	 0.00488495	 0.444	  0.568	 16.00	  0.50	  3.6800	 0.9814	 0.00013073	 0.2566	 0.00003633	 0.0373	        NaN	  5.83	  5.83	 2.6286	 0.7588	 0.1000	
m70308c3r4.htb	   0.0	  0.03	 2.000	 10.00	 -10.00	 50.00	   0.0	 2.1200	 11.25	 16.0000	  5.54	  3.26	 0.844	 0.00000132	 0.488	  0.551	 16.00	  0.50	  4.2900	 0.9870	 0.00006326	 0.2599	 0.00000000	 0.0224	        NaN	  4.50	  6.74	 2.1170	 1.0252	 0.1000	
m70309c1r3.htb	   0.0	  0.03	 2.000	  0.00	 -10.00	 50.00	   0.0	 1.7500	  2.87	 16.0000	  0.81	  0.80	 1.089	 0.00000006	 0.442	  0.458	 16.00	  0.50	  3.5900	 0.9201	 0.00246287	 0.2288	 0.00000000	 0.1268	        NaN	  0.62	  2.25	 1.7489	 0.9730	 0.1000	
m70309c2r3.htb	   0.0	  0.03	 2.000	  0.00	 -5.00	 50.00	   0.0	 3.0800	  7.39	 0.5000	  4.58	  1.49	 0.759	 0.06766188	 0.390	  0.557	 16.00	  0.50	  5.7500	 0.7478	 0.02619414	 0.1265	 0.00528291	 0.3470	        NaN	  2.92	  4.48	 3.0830	 1.1878	 0.1000	
m70309c3r3.htb	   0.0	  0.03	 2.000	  5.00	  0.00	 50.00	   0.0	 3.0900	 22.75	 0.5000	 11.08	  4.92	 0.958	 0.00000000	 0.633	  0.427	 16.00	  0.50	  5.5600	 0.9207	 0.00242191	 0.6132	 0.00000000	 0.7370	        NaN	  5.67	 17.08	 3.0901	 1.1014	 0.1000	
m70312c1r3.htb	   0.0	  0.03	 2.000	 -5.00	  0.00	 70.00	   0.0	 3.1000	  5.20	 0.5000	  1.78	  0.70	 0.994	 0.01827699	 0.443	  0.713	 16.00	  0.50	  5.2400	 0.8083	 0.01477041	 0.1759	 0.00085036	 0.8397	        NaN	  0.72	  4.48	 3.1028	 0.9862	 0.1000	
m70313c1r3.htb	   0.0	  0.03	 2.000	  0.00	  0.00	 100.00	   0.0	 5.1700	 16.45	 0.5000	 14.80	 11.34	 0.324	 0.92291211	 0.186	  0.381	 16.00	  0.50	  1.8800	 0.5933	 0.07310422	 0.0149	 0.35255357	 0.0469	        NaN	 14.80	  1.65	 5.1734	 0.2609	 0.0010	
m70313c2r3.htb	  60.0	  0.03	 2.000	 10.00	  5.00	 50.00	   0.0	 1.4000	 19.02	 16.0000	 12.86	 12.29	 0.964	 0.00023793	 0.369	  0.633	 16.00	  0.50	  3.0500	 0.8472	 0.00924538	 0.1578	 0.00000707	 0.1993	        NaN	 12.53	  6.49	 1.4032	 0.9750	 0.1000	
m70410c1r3.htb	   0.0	  0.03	 2.000	 10.00	 -20.00	 40.00	   0.0	 3.5000	 11.13	 0.5000	  2.95	  3.23	 1.108	 0.00000018	 0.544	  0.635	 16.00	  0.50	  4.9200	 0.9524	 0.00086191	 0.4860	 0.00000000	 0.2747	        NaN	  2.38	  8.75	 3.4983	 0.7666	 0.1000	
m70410c2r3.htb	   0.0	  0.03	 2.000	  5.00	 -20.00	 40.00	   0.0	 3.1700	  7.28	 0.5000	  3.94	  4.22	 2.171	 0.12186144	 0.234	  1.293	 16.00	  0.50	  6.4900	 0.8294	 0.01159876	 0.0401	 0.00703697	 0.0456	        NaN	  0.64	  6.64	 3.1714	 1.4340	 0.1000	
m70410c3r3.htb	   0.0	  0.03	 2.000	  0.00	  0.00	 100.00	   0.0	 2.3700	 14.43	 11.8400	  5.85	  7.66	 1.268	 0.37353722	 0.250	  1.589	 16.00	  0.50	  0.6000	 0.9538	 0.00081405	 0.0878	 0.02147895	 0.0116	        NaN	  5.85	  8.58	 2.3723	 0.1855	 0.0010	
m70411c1r2.htb	   0.0	  0.03	 2.000	  0.00	  0.00	 100.00	   0.0	 7.9100	  5.43	 0.5000	  4.32	  3.70	 0.724	 0.20428501	 0.265	  0.346	 16.00	  0.50	  8.0900	 0.9598	 0.00061538	 0.0647	 0.00787478	 0.0252	        NaN	  4.18	  1.25	 7.9129	 1.2352	 0.1000	
m70411c1r3.htb	   0.0	  0.03	 2.000	  0.00	  0.00	 100.00	   0.0	 3.2900	  6.33	 0.5000	  5.49	  3.66	 0.339	 0.63588690	 0.183	  0.355	 16.00	  0.50	  4.9300	 0.9178	 0.00260472	 0.0268	 0.07420004	 0.0112	        NaN	  5.42	  0.91	 3.2895	 0.8167	 0.0010	
m70411c2r3.htb	 180.0	  0.03	 2.000	  5.00	  0.00	 100.00	   0.0	 5.2800	  0.99	 0.5000	  0.34	  0.43	 1.160	 0.84788358	 0.207	  0.630	 16.00	  0.50	  2.1300	 0.8039	 0.01548141	 0.0192	 0.19778549	 0.0098	        NaN	  0.34	  0.65	 5.2845	 0.2851	 0.0010	
m70412c1r3.htb	   0.0	  0.03	 2.000	  0.00	  0.00	 50.00	   0.0	 2.5300	  2.10	 16.0000	  0.19	  0.25	 1.134	 0.00003809	 0.459	  0.630	 16.00	  0.50	  3.9100	 0.8805	 0.00557984	 0.1890	 0.00000070	 0.0924	        NaN	  0.00	  2.10	 2.5299	 0.8236	 0.1000	
m70412c2r3.htb	   0.0	  0.03	 2.000	 -15.00	  0.00	 60.00	   0.0	 8.2000	  3.79	 0.5000	  2.68	  2.14	 0.672	 0.14871331	 0.355	  0.505	 16.00	  0.50	  0.6100	 0.4235	 0.16167318	 0.0578	 0.06427309	 1.1058	        NaN	  2.68	  1.11	 8.2013	 0.0591	 0.0040	
m70412c3r3.htb	 180.0	  0.03	 2.000	  0.00	  0.00	 40.00	   0.0	 2.1700	  4.03	 16.0000	  2.89	  2.69	 0.925	 0.56627001	 0.244	  0.496	 16.00	  0.50	  3.7800	 0.9496	 0.00096995	 0.0314	 0.05283805	 0.0158	        NaN	  2.79	  1.24	 2.1704	 0.8857	 0.1000	
m70417c1r3.htb	   0.0	  0.03	 2.000	  0.00	 -15.00	 50.00	   0.0	 2.6700	  4.27	 16.0000	  2.50	  1.04	 0.903	 0.21676614	 0.355	  0.511	 16.00	  0.50	  5.5200	 0.9529	 0.00084428	 0.1138	 0.00840129	 0.0646	        NaN	  1.36	  2.91	 2.6698	 1.2854	 0.1000	
m70417c2r3.htb	   0.0	  0.03	 2.000	 10.00	 -15.00	 50.00	   0.0	 0.8900	 26.37	 16.0000	 16.09	  9.10	 0.766	 0.00007052	 0.502	  0.570	 16.00	  0.50	  3.9200	 0.9170	 0.00265954	 0.3488	 0.00000068	 0.2492	        NaN	 13.15	 13.22	 0.8932	 1.6064	 0.1000	
m70417c3r3.htb	   0.0	  0.03	 2.000	  0.00	  0.00	 100.00	   0.0	 8.6900	  4.95	 0.5000	  1.99	  2.39	 1.185	 0.00250019	 0.316	  0.951	 16.00	  0.50	  7.3100	 0.9656	 0.00044791	 0.0961	 0.00002298	 0.0114	        NaN	  1.91	  3.03	 8.6935	 0.9846	 0.1000	
m70418c1r3.htb	   0.0	  0.03	 4.000	  0.00	 -20.00	 60.00	   0.0	 6.7100	  5.09	 0.5000	  2.72	  1.72	 0.703	 0.00152292	 0.376	  0.521	 16.00	  0.50	  4.7100	 0.9598	 0.00061474	 0.1494	 0.00001295	 0.0406	        NaN	  2.72	  2.37	 6.7065	 0.4456	 0.1000	
m70418c2r3.htb	   0.0	  0.03	 4.000	 10.00	 -10.00	 50.00	   0.0	 2.6600	 16.64	 16.0000	  6.64	  2.79	 1.055	 0.00000000	 0.608	  0.484	 16.00	  0.50	  5.2500	 0.9720	 0.00029638	 0.5678	 0.00000000	 0.1784	        NaN	  2.02	 14.63	 2.6649	 1.1605	 0.1000	
m70418c3r3.htb	   0.0	  0.03	 4.000	  0.00	  0.00	 100.00	   0.0	 6.4900	 10.46	 0.5000	  4.55	  5.52	 1.200	 0.00364638	 0.469	  0.666	 16.00	  0.50	  8.9500	 0.9294	 0.00191724	 0.2515	 0.00004465	 0.3118	        NaN	  4.54	  5.92	 6.4875	 0.7366	 0.0010	
m70419c1r3.htb	   0.0	  0.03	 4.000	  0.00	 -10.00	 50.00	   0.0	 1.8600	 11.21	 16.0000	  4.44	  1.64	 1.172	 0.00000000	 0.722	  0.297	 16.00	  0.50	  5.3300	 0.6001	 0.07044436	 0.4263	 0.00000002	 5.1540	        NaN	  0.00	 11.21	 1.8590	 1.5480	 0.1000	
m70419c2r3.htb	   0.0	  0.03	 4.000	  0.00	  0.00	 40.00	   0.0	 1.6700	 30.37	 16.0000	 14.76	  6.89	 1.046	 0.00000000	 0.633	  0.537	 16.00	  0.50	  5.1300	 0.8749	 0.00613294	 0.5179	 0.00000000	 0.9662	        NaN	  5.81	 24.55	 1.6694	 1.5541	 0.1000	
m70419c4r3.htb	   0.0	  0.03	 4.000	 10.00	 -20.00	 50.00	   0.0	 2.1300	 11.31	 16.0000	  6.46	  3.58	 0.956	 0.00000533	 0.560	  0.332	 16.00	  0.50	  5.2400	 0.9541	 0.00080159	 0.4209	 0.00000002	 0.2019	        NaN	  3.92	  7.39	 2.1314	 1.3531	 0.1000	
m70508c1r3.htb	   0.0	  0.03	 2.000	 -10.00	 -15.00	 50.00	   0.0	 3.0100	  1.38	 0.5000	  0.29	  0.27	 0.981	 0.01053905	 0.337	  0.500	 16.00	  0.50	  1.2300	 0.8424	 0.00984717	 0.1024	 0.00036787	 0.0573	        NaN	  0.29	  1.08	 3.0071	 0.2891	 0.0010	
m70508c2r3.htb	  90.0	  0.03	 2.000	 10.00	 -15.00	 50.00	   0.0	 1.4600	 16.66	 16.0000	 11.58	 11.49	 1.616	 0.00075977	 0.401	  0.553	 16.00	  0.50	  5.1200	 0.9535	 0.00082442	 0.1596	 0.00000619	 0.0532	        NaN	  8.30	  8.36	 1.4596	 1.7047	 0.1000	
m70522c2r3.htb	   0.0	  0.03	 2.000	 10.00	 -15.00	 40.00	   0.0	 1.0900	  2.51	 16.0000	  0.59	  1.12	 1.387	 0.00000006	 0.461	  0.499	 16.00	  0.50	  1.6900	 0.9856	 0.00007825	 0.3010	 0.00000000	 0.0481	        NaN	  0.58	  1.93	 1.0920	 0.7467	 0.1000	
m70522c1r3.htb	   0.0	  0.03	 2.000	  0.00	 -10.00	 60.00	   0.0	 3.1700	  3.43	 0.5000	  1.31	  0.40	 0.742	 0.16071758	 0.303	  0.782	 16.00	  0.50	  4.0200	 0.8613	 0.00757731	 0.1146	 0.00815248	 0.0021	        NaN	  1.18	  2.25	 3.1659	 0.7103	 0.1000	
m70522c3r3.htb	   0.0	  0.03	 2.000	 -10.00	  0.00	 50.00	   0.0	 2.4900	  3.62	 16.0000	  2.43	  2.04	 0.755	 0.69080306	 0.190	  0.558	 16.00	  0.50	  0.8100	 0.7564	 0.02435709	 0.0198	 0.12552872	 0.0229	        NaN	  2.43	  1.19	 2.4936	 0.2334	 0.0010	
