FILE			 PrfOR	 PrfSF	 PrfTF	 RFXctr	 RFYctr	 RFDiam	 GrType	 MaxLoc	 MaxRsp	 MinLoc	 MinRsp	 Spont	 CMI		 AnovaP	 SFDI  	 VarTerm	 MaxX 	 MinX 	 RsqMn	 PMean	 RsqRaw	 Praw		 Chi2		 ChiP		 Rmax			 C50		 n		 Offset		
m60110c1r4.htb	   0.0	  0.05	 2.000	  0.00	  0.00	 50.00	   0.0	 0.9550	  1.70	 0.0150	  0.27	  1.14	 2.573	 0.01117686	 0.390	  0.805	  0.96	  0.01	  0.9117	 0.0008	 0.20487784	 0.0001	 0.18047620	 0.9807	 1.43654562	 11.72	 10.00	 0.2661	 
m60110c1r4.htb	   0.0	  0.05	 2.000	  0.00	  0.00	 50.00	   1.0	 0.9550	  1.80	 0.0150	  0.63	  1.14	 2.113	 0.12440422	 0.296	  0.802	  0.96	  0.01	  0.9370	 0.0003	 0.13377075	 0.0018	 0.08604154	 0.9935	 1.17230172	 21.91	 10.00	 0.6298	 
m60110c2r5.htb	  30.0	  0.05	 1.000	  3.00	 -7.00	 30.00	   0.0	 0.9550	  7.59	 0.0150	  1.12	  1.07	 1.002	 0.00697584	 0.497	  0.954	  0.96	  0.01	  0.9463	 0.0002	 0.33337654	 0.0000	 0.37657759	 0.9450	 12.43781095	 88.08	  1.28	 1.0539	 
m60110c2r5.htb	  30.0	  0.05	 1.000	  3.00	 -7.00	 30.00	   1.0	 0.9550	  8.29	 0.0150	  1.53	  1.07	 0.967	 0.00528703	 0.525	  0.862	  0.96	  0.01	  0.9767	 0.0000	 0.35343858	 0.0000	 0.22599320	 0.9733	 14.05472637	 100.00	  1.56	 1.5108	 
m60110c3r5.htb	  90.0	  0.03	 2.000	 20.00	 -15.00	 30.00	   0.0	 0.9550	 30.62	 0.0150	  8.76	 11.61	 1.152	 0.00000000	 0.696	  0.621	  0.96	  0.01	  0.9359	 0.0004	 0.73302924	 0.0000	 1.49749592	 0.6828	 26.86823889	 43.98	  1.91	 8.7189	 
m60110c3r5.htb	  90.0	  0.03	 2.000	 20.00	 -15.00	 30.00	   1.0	 0.9550	 24.71	 0.0150	  9.21	 11.61	 1.162	 0.00000003	 0.630	  0.666	  0.96	  0.01	  0.9746	 0.0000	 0.70690966	 0.0000	 1.60560814	 0.6581	 15.53913091	 16.16	  3.45	 9.2043	 
m60117c2r5.htb	  90.0	  0.05	 2.000	  5.00	 -10.00	 40.00	   0.0	 0.9550	 25.85	 0.0150	 14.19	 16.82	 1.320	 0.00000003	 0.564	  0.519	  0.96	  0.01	  0.9902	 0.0000	 0.50420944	 0.0000	 0.08901520	 0.9931	 18.86342385	 59.87	  1.16	 13.9281	 
m60117c2r5.htb	  90.0	  0.05	 2.000	  5.00	 -10.00	 40.00	   1.0	 0.9550	 27.59	 0.0150	 17.13	 16.82	 1.117	 0.00000056	 0.558	  0.487	  0.96	  0.01	  0.9654	 0.0001	 0.44045667	 0.0000	 0.35189089	 0.9500	 19.24789252	 84.39	  1.49	 17.0850	 
m60125c1r6.htb	  30.0	  0.05	 2.000	  0.00	  0.00	 50.00	   0.0	 0.9550	  7.59	 0.0150	  5.43	  4.73	 2.183	 0.85124625	 0.265	  0.571	  0.96	  0.01	  0.8434	 0.0035	 0.06098922	 0.1196	 0.17449502	 0.9816	 11.44278607	 35.77	  0.19	 1.3442	 
m60125c1r6.htb	  30.0	  0.05	 2.000	  0.00	  0.00	 50.00	   1.0	 0.9550	  6.41	 0.0150	  3.96	  4.73	 2.392	 0.55246188	 0.381	  0.582	  0.96	  0.01	  0.7606	 0.0105	 0.09605327	 0.0486	 0.22367516	 0.9737	 9.11907522	 44.14	  0.27	 1.3689	 
m60125c2r5.htb	  30.0	  0.03	 2.000	 -7.00	 -3.00	 40.00	   0.0	 0.9550	 15.15	 0.0150	  6.00	  7.55	 1.224	 0.00000003	 0.673	  0.368	  0.96	  0.01	  0.9186	 0.0007	 0.69860347	 0.0000	 1.45238848	 0.6933	 14.80555994	 62.03	  1.22	 5.8402	 
m60125c2r5.htb	  30.0	  0.03	 2.000	 -7.00	 -3.00	 40.00	   1.0	 0.9550	 19.30	 0.0150	  7.18	  7.55	 1.088	 0.00000000	 0.734	  0.324	  0.96	  0.01	  0.9896	 0.0000	 0.86197254	 0.0000	 1.24716510	 0.7417	 13.52358954	 40.57	  2.52	 7.1754	 
m60125c3r5.htb	  30.0	  0.03	 2.000	 -8.00	 -18.00	 30.00	   0.0	 0.9550	 19.19	 0.0150	  2.77	  2.69	 1.017	 0.00000000	 0.769	  0.409	  0.96	  0.01	  0.9986	 0.0000	 0.90483496	 0.0000	 0.07694540	 0.9945	 20.00841922	 28.15	  1.35	 2.4015	 
m60125c3r5.htb	  30.0	  0.03	 2.000	 -8.00	 -18.00	 30.00	   1.0	 0.9550	 20.08	 0.0150	  3.12	  2.69	 1.025	 0.00000001	 0.724	  0.538	  0.96	  0.01	  0.9866	 0.0000	 0.81951459	 0.0000	 0.33726702	 0.9529	 31.52985075	 69.65	  0.89	 2.1177	 
m60125c4r6.htb	  90.0	  0.05	 2.000	  0.00	 -8.00	 30.00	   0.0	 0.9550	 26.04	 0.0150	  3.36	  4.23	 1.077	 0.00011414	 0.618	  1.039	  0.96	  0.01	  0.9677	 0.0001	 0.74626100	 0.0000	 2.55201142	 0.4660	 40.29850746	 68.77	  1.02	 2.5539	 
m60125c4r6.htb	  90.0	  0.05	 2.000	  0.00	 -8.00	 30.00	   1.0	 0.9550	 18.02	 0.0150	  5.94	  4.23	 1.019	 0.04886720	 0.500	  0.966	  0.96	  0.01	  0.9970	 0.0000	 0.50698800	 0.0001	 0.02108883	 0.9992	 12.08616296	 15.73	  5.38	 5.9373	 
m60201c2r5.htb	  90.0	  0.03	 2.000	  0.00	 -10.00	 50.00	   0.0	 0.9550	 26.87	 0.0150	 14.56	 13.28	 0.906	 0.00000000	 0.585	  0.518	  0.96	  0.01	  0.9923	 0.0000	 0.56684568	 0.0000	 0.06507061	 0.9957	 13.67339792	 41.22	  2.62	 14.5576	 
m60201c2r5.htb	  90.0	  0.03	 2.000	  0.00	 -10.00	 50.00	   1.0	 0.9550	 29.05	 0.0150	 14.04	 13.28	 0.949	 0.00000000	 0.651	  0.436	  0.96	  0.01	  0.9947	 0.0000	 0.68900014	 0.0000	 0.08143443	 0.9940	 23.61812990	 53.49	  1.10	 13.5871	 
m60201c3r8.htb	 270.0	  0.03	 2.000	  8.00	 -15.00	 50.00	   0.0	 0.9550	 23.29	 0.0150	  3.96	  4.53	 1.038	 0.00000000	 0.626	  0.889	  0.96	  0.01	  0.9849	 0.0000	 0.59879962	 0.0000	 0.23798928	 0.9712	 22.33333638	 30.19	  1.67	 3.8138	 
m60201c3r8.htb	 270.0	  0.03	 2.000	  8.00	 -15.00	 50.00	   1.0	 0.9550	 26.50	 0.0150	  5.47	  4.53	 0.992	 0.00000000	 0.615	  0.923	  0.96	  0.01	  0.9969	 0.0000	 0.65629254	 0.0000	 0.07661922	 0.9945	 21.99432658	 26.77	  2.44	 5.4472	 
m60201c4r9.htb	 270.0	  0.05	 2.000	  8.00	 -18.00	 50.00	   0.0	 0.9550	  5.73	 0.0150	  3.05	  3.98	 1.529	 0.00003962	 0.498	  0.404	  0.96	  0.01	  0.9604	 0.0001	 0.35529202	 0.0000	 0.27591904	 0.9645	 2.68133824	 25.20	 10.00	 3.0519	 
m60201c4r9.htb	 270.0	  0.05	 2.000	  8.00	 -18.00	 50.00	   1.0	 0.9550	  6.40	 0.0150	  3.00	  3.98	 1.462	 0.00000259	 0.527	  0.394	  0.96	  0.01	  0.9199	 0.0006	 0.39282311	 0.0000	 0.67122030	 0.8800	 7.10044775	 100.00	  1.19	 2.9480	 
m60201c5r7.htb	 100.0	  0.03	 2.000	 10.00	 -10.00	 50.00	   0.0	 0.9550	 25.62	 0.0150	  2.67	  3.98	 1.065	 0.00000000	 0.705	  0.720	  0.96	  0.01	  0.9986	 0.0000	 0.89946857	 0.0000	 0.08296390	 0.9938	 27.45006077	 37.01	  1.75	 2.5713	 
m60201c5r7.htb	 100.0	  0.03	 2.000	 10.00	 -10.00	 50.00	   1.0	 0.9550	 30.35	 0.0150	  3.16	  3.98	 1.058	 0.00000000	 0.689	  0.872	  0.96	  0.01	  0.9935	 0.0000	 0.80186874	 0.0000	 0.23016864	 0.9726	 33.90842915	 30.70	  1.33	 2.5617	 
m60203c1r5.htb	   0.0	  0.03	 2.000	 -2.00	 -12.00	 50.00	   0.0	 0.9550	 17.60	 0.0150	  7.39	  7.46	 1.007	 0.00000000	 0.711	  0.341	  0.96	  0.01	  0.9554	 0.0001	 0.72037936	 0.0000	 2.30336712	 0.5119	 13.28113175	 55.90	  2.25	 7.3873	 
m60203c1r5.htb	   0.0	  0.03	 2.000	 -2.00	 -12.00	 50.00	   1.0	 0.9550	 16.37	 0.0150	  7.73	  7.46	 0.991	 0.00000000	 0.655	  0.367	  0.96	  0.01	  0.9932	 0.0000	 0.74308840	 0.0000	 0.18775015	 0.9795	 8.64201126	 26.60	 10.00	 7.7261	 
m60203c2r8.htb	   0.0	  0.03	 2.000	 -5.00	 -10.00	 40.00	   0.0	 0.9550	 19.96	 0.0150	  8.64	  8.16	 0.965	 0.00000000	 0.707	  0.336	  0.96	  0.01	  0.9937	 0.0000	 0.76078574	 0.0000	 0.19693326	 0.9781	 23.51701202	 100.00	  1.40	 8.5769	 
m60203c2r8.htb	   0.0	  0.03	 2.000	 -5.00	 -10.00	 40.00	   1.0	 0.9550	 19.19	 0.0150	  8.15	  8.16	 1.005	 0.00000000	 0.652	  0.407	  0.96	  0.01	  0.9961	 0.0000	 0.67153326	 0.0000	 0.05089312	 0.9970	 23.64496143	 100.00	  0.89	 7.6051	 
m60203c3r5.htb	   0.0	  0.03	 2.000	  5.00	 -20.00	 40.00	   0.0	 0.9550	 14.75	 0.0150	  4.83	  4.78	 1.033	 0.00000010	 0.566	  0.639	  0.96	  0.01	  0.9813	 0.0000	 0.47754322	 0.0000	 0.22245418	 0.9739	 20.01690282	 89.77	  0.96	 4.4482	 
m60203c3r5.htb	   0.0	  0.03	 2.000	  5.00	 -20.00	 40.00	   1.0	 0.9550	 15.03	 0.0150	  5.94	  4.78	 0.960	 0.00000001	 0.563	  0.580	  0.96	  0.01	  0.9781	 0.0000	 0.50775741	 0.0000	 0.18592082	 0.9798	 18.90742639	 100.00	  1.49	 5.9011	 
m60207c1r5.htb	 120.0	  0.03	 4.000	 -8.00	 -12.00	 50.00	   0.0	 0.9550	  6.55	 0.0150	  0.79	  0.80	 1.005	 0.00000000	 0.631	  0.531	  0.96	  0.01	  0.9863	 0.0000	 0.70780561	 0.0000	 0.20681287	 0.9765	 10.14925373	 80.42	  1.62	 0.7693	 
m60207c1r5.htb	 120.0	  0.03	 4.000	 -8.00	 -12.00	 50.00	   1.0	 0.9550	  8.85	 0.0150	  0.76	  0.80	 1.012	 0.00000000	 0.671	  0.537	  0.96	  0.01	  0.9983	 0.0000	 0.68424506	 0.0000	 0.05112212	 0.9970	 13.88059701	 72.19	  1.30	 0.6660	 
m60207c2r5.htb	 300.0	  0.03	 4.000	  0.00	 -2.00	 50.00	   0.0	 0.9550	  9.70	 0.0150	  3.83	  4.88	 1.322	 0.00000006	 0.569	  0.475	  0.96	  0.01	  0.9802	 0.0000	 0.48695048	 0.0000	 0.16392376	 0.9832	 12.98004716	 100.00	  0.76	 3.3213	 
m60207c2r5.htb	 300.0	  0.03	 4.000	  0.00	 -2.00	 50.00	   1.0	 0.9550	  9.58	 0.0150	  4.50	  4.88	 1.216	 0.00000574	 0.516	  0.451	  0.96	  0.01	  0.9744	 0.0000	 0.40054721	 0.0000	 0.14736658	 0.9856	 8.05968925	 57.57	  1.17	 4.3872	 
m60207c3r5.htb	  50.0	  0.03	 4.000	 -5.00	 -5.00	 50.00	   0.0	 0.9550	 21.10	 0.0150	  9.02	  8.81	 0.983	 0.00000000	 0.642	  0.528	  0.96	  0.01	  0.9595	 0.0001	 0.59257703	 0.0000	 0.39585617	 0.9411	 13.18629594	 37.86	  2.59	 9.0147	 
m60207c3r5.htb	  50.0	  0.03	 4.000	 -5.00	 -5.00	 50.00	   1.0	 0.9550	 22.58	 0.0150	  9.58	  8.81	 0.962	 0.00000000	 0.599	  0.582	  0.96	  0.01	  0.9820	 0.0000	 0.57805072	 0.0000	 0.11275205	 0.9903	 27.05492916	 100.00	  1.61	 9.5507	 
m60207c4r6.htb	  30.0	  0.03	 2.000	 10.00	 10.00	 50.00	   0.0	 0.9550	 13.80	 0.0150	  9.45	  8.91	 1.016	 0.25527944	 0.311	  0.785	  0.96	  0.01	  0.6101	 0.0381	 0.06879911	 0.0283	 0.37915361	 0.9445	 7.43166669	 37.26	  0.75	 8.8291	 
m60207c4r6.htb	  30.0	  0.03	 2.000	 10.00	 10.00	 50.00	   1.0	 0.9550	 17.23	 0.0150	  9.10	  8.91	 0.987	 0.01128261	 0.456	  0.818	  0.96	  0.01	  0.9155	 0.0007	 0.20547002	 0.0001	 0.22565967	 0.9733	 9.40991598	 54.74	  3.32	 9.0983	 
m60301c1r5.htb	  30.0	  0.03	 2.000	  0.00	 -5.00	 40.00	   0.0	 0.9550	 12.28	 0.0150	  2.15	  2.24	 1.020	 0.00000000	 0.665	  0.544	  0.96	  0.01	  0.9852	 0.0000	 0.68935944	 0.0000	 0.41947369	 0.9362	 19.32006633	 86.87	  1.27	 2.0383	 
m60301c1r5.htb	  30.0	  0.03	 2.000	  0.00	 -5.00	 40.00	   1.0	 0.9550	 10.10	 0.0150	  1.73	  2.24	 1.072	 0.00000000	 0.658	  0.489	  0.96	  0.01	  0.9925	 0.0000	 0.61109349	 0.0000	 0.11344571	 0.9902	 12.86192971	 35.28	  0.89	 0.9968	 
m60301c2r5.htb	  30.0	  0.03	 2.000	 -5.00	 -10.00	 40.00	   0.0	 0.9550	 30.22	 0.0150	  6.12	  7.46	 1.059	 0.00088292	 0.683	  0.760	  0.96	  0.01	  0.9957	 0.0000	 0.90459456	 0.0000	 0.51336022	 0.7736	 24.65400815	 30.13	  3.26	 6.1204	 
m60301c2r5.htb	  30.0	  0.03	 2.000	 -5.00	 -10.00	 40.00	   1.0	 0.9550	 29.44	 0.0150	  5.52	  7.46	 1.092	 0.00050249	 0.682	  0.745	  0.96	  0.01	  0.9642	 0.0001	 0.82185192	 0.0000	 6.04312625	 0.1095	 26.29907292	 14.46	  1.49	 4.6409	 
m60301c3r5.htb	  30.0	  0.03	 4.000	 10.00	 -5.00	 40.00	   0.0	 0.9550	 23.36	 0.0150	  5.19	  6.02	 1.101	 0.00000000	 0.646	  0.728	  0.96	  0.01	  0.9826	 0.0000	 0.65286976	 0.0000	 0.24821345	 0.9695	 30.93169435	 57.84	  0.95	 4.2638	 
m60301c3r5.htb	  30.0	  0.03	 4.000	 10.00	 -5.00	 40.00	   1.0	 0.9550	 17.00	 0.0150	  6.16	  6.02	 1.091	 0.00000172	 0.551	  0.718	  0.96	  0.01	  0.9039	 0.0010	 0.39319799	 0.0000	 0.61852083	 0.8922	 13.62514982	 18.31	  1.09	 5.3197	 
m60301c4r5.htb	  30.0	  0.03	 4.000	 20.00	 -10.00	 50.00	   0.0	 0.9550	 12.63	 0.0150	  5.58	  6.67	 1.287	 0.00000000	 0.662	  0.302	  0.96	  0.01	  0.9876	 0.0000	 0.72050453	 0.0000	 0.18155124	 0.9805	 7.80450136	  7.19	  1.56	 4.9576	 
m60301c4r5.htb	  30.0	  0.03	 4.000	 20.00	 -10.00	 50.00	   1.0	 0.9550	 11.98	 0.0150	  6.41	  6.67	 1.203	 0.00000012	 0.554	  0.387	  0.96	  0.01	  0.9899	 0.0000	 0.47881970	 0.0000	 0.08623000	 0.9934	 5.85538737	  6.84	  2.02	 6.1488	 
m60302c1r5.htb	  30.0	  0.03	 2.000	  0.00	 -2.00	 50.00	   0.0	 0.9550	  7.29	 0.0150	  3.21	  1.74	 0.736	 0.13469213	 0.520	  0.460	  0.96	  0.01	  0.9818	 0.0000	 0.45248623	 0.0008	 0.11955079	 0.9894	 4.31594236	 44.98	  3.79	 3.2055	 
m60302c1r5.htb	  30.0	  0.03	 2.000	  0.00	 -2.00	 50.00	   1.0	 0.9550	  8.93	 0.0150	  2.68	  1.74	 0.820	 0.00005452	 0.729	  0.318	  0.96	  0.01	  0.9414	 0.0003	 0.79672286	 0.0000	 3.56713736	 0.3122	 7.96148940	 60.46	  2.85	 2.6752	 
m60302c1r6.htb	  30.0	  0.03	 2.000	  0.00	 -2.00	 50.00	   0.0	 0.9550	  9.17	 0.0150	  1.96	  2.49	 1.091	 0.00000000	 0.649	  0.501	  0.96	  0.01	  0.9704	 0.0001	 0.68651888	 0.0000	 0.65776049	 0.8831	 14.77611940	 97.50	  1.25	 1.8823	 
m60302c1r6.htb	  30.0	  0.03	 2.000	  0.00	 -2.00	 50.00	   1.0	 0.9550	  8.78	 0.0150	  2.12	  2.49	 1.079	 0.00000000	 0.623	  0.462	  0.96	  0.01	  0.9985	 0.0000	 0.58649626	 0.0000	 0.01177953	 0.9997	 8.68940426	 42.99	  1.53	 2.0658	 
m60302c2r6.htb	  30.0	  0.05	 4.000	  0.00	 -10.00	 40.00	   0.0	 0.9550	 19.72	 0.0150	  1.73	  1.39	 0.989	 0.00000000	 0.719	  0.654	  0.96	  0.01	  0.9738	 0.0000	 0.80530281	 0.0000	 0.76308586	 0.8583	 25.14380025	 50.68	  1.49	 1.6027	 
m60302c2r6.htb	  30.0	  0.05	 4.000	  0.00	 -10.00	 40.00	   1.0	 0.9550	 19.48	 0.0150	  2.41	  1.39	 0.967	 0.00000000	 0.706	  0.617	  0.96	  0.01	  0.9977	 0.0000	 0.82373209	 0.0000	 0.17371188	 0.9817	 20.70323838	 43.57	  1.98	 2.3815	 
m60302c3r5.htb	  30.0	  0.03	 4.000	 -5.00	 -5.00	 60.00	   0.0	 0.9550	  6.49	 0.0150	  2.45	  3.13	 1.216	 0.00000000	 0.605	  0.344	  0.96	  0.01	  0.9770	 0.0000	 0.58130859	 0.0000	 0.22973737	 0.9727	 8.40042822	 100.00	  1.26	 2.4101	 
m60302c3r5.htb	  30.0	  0.03	 4.000	 -5.00	 -5.00	 60.00	   1.0	 0.9550	  6.37	 0.0150	  2.72	  3.13	 1.177	 0.00000864	 0.533	  0.453	  0.96	  0.01	  0.9272	 0.0005	 0.37333236	 0.0000	 0.76658814	 0.8574	 7.58462618	 100.00	  1.40	 2.6964	 
m60302c4r5.htb	   0.0	  0.03	 2.000	 -5.00	  0.00	 50.00	   0.0	 0.9550	 24.73	 0.0150	 10.60	  6.97	 0.795	 0.00000000	 0.681	  0.473	  0.96	  0.01	  0.9548	 0.0001	 0.72488692	 0.0000	 2.73311164	 0.4346	 14.37961422	 29.14	  3.38	 10.6031	 
m60302c4r5.htb	   0.0	  0.03	 2.000	 -5.00	  0.00	 50.00	   1.0	 0.9550	 26.47	 0.0150	  8.12	  6.97	 0.898	 0.00000000	 0.686	  0.537	  0.96	  0.01	  0.9804	 0.0000	 0.76532964	 0.0000	 0.77242958	 0.8560	 26.83291449	 39.61	  1.05	 7.2785	 
m60404c3r5.htb	   0.0	  0.03	 1.000	 10.00	 10.00	 40.00	   0.0	 0.9550	 10.04	 0.0150	  2.14	  2.04	 0.987	 0.00000000	 0.637	  0.500	  0.96	  0.01	  0.9982	 0.0000	 0.74967416	 0.0000	 0.03709344	 0.9981	 8.04112453	 47.36	  5.70	 2.1404	 
m60404c3r5.htb	   0.0	  0.03	 1.000	 10.00	 10.00	 40.00	   1.0	 0.9550	  7.33	 0.0150	  1.31	  2.04	 1.035	 0.00000000	 0.652	  0.473	  0.96	  0.01	  0.9273	 0.0005	 0.64869420	 0.0000	 0.83098710	 0.8420	 6.25303071	 20.35	  2.17	 1.2838	 
m60404c4r5.htb	   0.0	  0.03	 1.000	 10.00	  5.00	 40.00	   0.0	 0.9550	 13.18	 0.0150	  4.88	  4.63	 0.972	 0.00000000	 0.589	  0.540	  0.96	  0.01	  0.9765	 0.0000	 0.59276451	 0.0000	 0.29104530	 0.9617	 8.74523946	 28.77	  2.47	 4.8701	 
m60404c4r5.htb	   0.0	  0.03	 1.000	 10.00	  5.00	 40.00	   1.0	 0.9550	 14.01	 0.0150	  4.91	  4.63	 0.989	 0.00000000	 0.633	  0.448	  0.96	  0.01	  0.9806	 0.0000	 0.64344139	 0.0000	 0.27803712	 0.9641	 14.52424080	 53.65	  1.06	 4.5927	 
m60404c5r5.htb	   0.0	  0.03	 2.000	  0.00	  0.00	 40.00	   0.0	 0.9550	 11.33	 0.0150	  4.97	  6.17	 1.268	 0.00000000	 0.579	  0.421	  0.96	  0.01	  0.9949	 0.0000	 0.57119414	 0.0000	 0.03078579	 0.9986	 9.39729265	 46.27	  1.14	 4.7846	 
m60404c5r5.htb	   0.0	  0.03	 2.000	  0.00	  0.00	 40.00	   1.0	 0.9550	 11.64	 0.0150	  5.19	  6.17	 1.265	 0.00000000	 0.603	  0.397	  0.96	  0.01	  0.9875	 0.0000	 0.53300441	 0.0000	 0.14336898	 0.9862	 14.06584791	 100.00	  0.81	 4.7397	 
m60405c2r5.htb	 270.0	  0.03	 2.000	 -10.00	 -15.00	 40.00	   0.0	 0.9550	 17.79	 0.0150	  3.69	  2.99	 0.954	 0.00000000	 0.695	  0.521	  0.96	  0.01	  0.9912	 0.0000	 0.80254386	 0.0000	 0.22387206	 0.9736	 17.78607889	 49.81	  2.07	 3.6735	 
m60405c2r5.htb	 270.0	  0.03	 2.000	 -10.00	 -15.00	 40.00	   1.0	 0.9550	 16.16	 0.0150	  2.53	  2.99	 1.014	 0.00000000	 0.725	  0.467	  0.96	  0.01	  0.9978	 0.0000	 0.82447406	 0.0000	 0.08964158	 0.9931	 24.09381663	 62.39	  0.92	 1.7796	 
m60405c3r4.htb	 270.0	  0.03	 2.000	 -5.00	 -15.00	 40.00	   0.0	 0.9550	 18.98	 0.0150	  5.85	  6.12	 1.021	 0.00000000	 0.709	  0.492	  0.96	  0.01	  0.9534	 0.0002	 0.74539495	 0.0000	 2.96847772	 0.3965	 14.28528880	 35.71	  2.47	 5.8481	 
m60405c3r4.htb	 270.0	  0.03	 2.000	 -5.00	 -15.00	 40.00	   1.0	 0.9550	 20.41	 0.0150	  4.97	  6.12	 1.059	 0.00000000	 0.756	  0.378	  0.96	  0.01	  0.9978	 0.0000	 0.88966693	 0.0000	 0.11376520	 0.9901	 17.52201739	 27.47	  1.67	 4.8315	 
m60414c1r5.htb	 250.0	  0.05	 2.000	 -8.00	 -8.00	 50.00	   0.0	 0.9550	  3.96	 0.0150	  0.41	  0.50	 1.043	 0.00000024	 0.615	  0.583	  0.96	  0.01	  0.8489	 0.0032	 0.40030474	 0.0000	 1.26701485	 0.7370	 7.08955224	 92.38	  1.14	 0.3499	 
m60414c1r5.htb	 250.0	  0.05	 2.000	 -8.00	 -8.00	 50.00	   1.0	 0.9550	  4.92	 0.0150	  0.30	  0.50	 1.049	 0.00000000	 0.600	  0.568	  0.96	  0.01	  0.9681	 0.0001	 0.62853717	 0.0000	 0.48461556	 0.9223	 5.90094424	 40.97	  1.56	 0.2631	 
m60414c3r5.htb	 270.0	  0.05	 2.000	 -10.00	  0.00	 50.00	   0.0	 0.9550	 29.21	 0.0150	 14.36	 12.24	 0.875	 0.00000000	 0.693	  0.392	  0.96	  0.01	  0.9844	 0.0000	 0.73778156	 0.0000	 0.47758353	 0.9238	 18.09989066	 50.02	  2.35	 14.3550	 
m60414c3r5.htb	 270.0	  0.05	 2.000	 -10.00	  0.00	 50.00	   1.0	 0.9550	 27.19	 0.0150	 13.76	 12.24	 0.885	 0.00000000	 0.622	  0.460	  0.96	  0.01	  0.9971	 0.0000	 0.67400177	 0.0000	 0.02914945	 0.9987	 14.31754516	 31.63	  2.46	 13.7540	 
m60419c1r5.htb	 360.0	  0.03	 2.000	 10.00	  5.00	 50.00	   0.0	 0.9550	  9.26	 0.0150	  3.62	  2.99	 0.899	 0.00004142	 0.523	  0.582	  0.96	  0.01	  0.9845	 0.0000	 0.36324249	 0.0000	 0.06792966	 0.9954	 11.84587396	 100.00	  2.06	 3.6218	 
m60419c1r5.htb	 360.0	  0.03	 2.000	 10.00	  5.00	 50.00	   1.0	 0.9550	 13.52	 0.0150	  3.48	  2.99	 0.939	 0.00000000	 0.635	  0.550	  0.96	  0.01	  0.9954	 0.0000	 0.65840911	 0.0000	 0.09137835	 0.9929	 12.59948899	 51.57	  2.22	 3.4760	 
m60419c2r5.htb	  25.0	  0.03	 2.000	 10.00	 -10.00	 40.00	   0.0	 0.9550	 16.17	 0.0150	  9.62	  9.20	 0.948	 0.00001270	 0.532	  0.463	  0.96	  0.01	  0.9333	 0.0004	 0.36827377	 0.0000	 0.42125758	 0.9358	 13.60710412	 100.00	  1.31	 9.5685	 
m60419c2r5.htb	  25.0	  0.03	 2.000	 10.00	 -10.00	 40.00	   1.0	 0.9550	 18.23	 0.0150	  9.33	  9.20	 0.973	 0.00000006	 0.575	  0.536	  0.96	  0.01	  0.9038	 0.0010	 0.44962203	 0.0000	 1.04192951	 0.7911	 9.98893465	 33.84	  2.04	 9.3112	 
m60420c2r4.htb	   0.0	  0.03	 2.000	  5.00	  0.00	 40.00	   0.0	 0.9550	 31.89	 0.0150	 19.04	 17.31	 0.882	 0.00000023	 0.677	  0.411	  0.96	  0.01	  0.9141	 0.0008	 0.68807189	 0.0000	 2.00057485	 0.5723	 12.85893455	  8.60	  6.17	 19.0360	 
m60420c2r4.htb	   0.0	  0.03	 2.000	  5.00	  0.00	 40.00	   1.0	 0.9550	 32.91	 0.0150	 16.71	 17.31	 0.966	 0.00000007	 0.665	  0.457	  0.96	  0.01	  0.9886	 0.0000	 0.78792479	 0.0000	 0.59155668	 0.8984	 16.21926467	 10.53	  3.56	 16.6982	 
m60424c1r5.htb	   0.0	  0.03	 2.000	 -10.00	 -10.00	 40.00	   0.0	 0.9550	 20.00	 0.0150	  0.04	  0.14	 1.006	 0.00000000	 0.822	  0.457	  0.96	  0.01	  0.9939	 0.0000	 0.93695780	 0.0000	 0.92087243	 0.8204	 21.33262952	 31.09	  2.40	 0.0217	 
m60424c1r5.htb	   0.0	  0.03	 2.000	 -10.00	 -10.00	 40.00	   1.0	 0.9550	 22.44	 0.0150	  0.04	  0.14	 1.006	 0.00000000	 0.807	  0.564	  0.96	  0.01	  0.9876	 0.0000	 0.92461442	 0.0000	 1.77367209	 0.6207	 23.32781189	 23.79	  2.32	 0.0000	 
m60424c2r5.htb	  90.0	  0.03	 2.000	  8.00	 -8.00	 40.00	   0.0	 0.9550	 22.98	 0.0150	  0.05	  0.50	 1.020	 0.00000000	 0.711	  0.931	  0.96	  0.01	  0.9896	 0.0000	 0.80956051	 0.0000	 0.33650948	 0.9530	 23.61196751	 27.55	  2.84	 0.0395	 
m60424c2r5.htb	  90.0	  0.03	 2.000	  8.00	 -8.00	 40.00	   1.0	 0.9550	 25.66	 0.0150	  0.15	  0.50	 1.017	 0.00000000	 0.738	  0.836	  0.96	  0.01	  0.9871	 0.0000	 0.86953657	 0.0000	 0.43762926	 0.9324	 25.73925037	 21.05	  3.14	 0.1400	 
m60515c4r5.htb	   0.0	  0.03	 2.000	 -10.00	 10.00	 40.00	   0.0	 0.9550	  5.95	 0.0150	  1.31	  1.29	 0.998	 0.00000000	 0.594	  0.467	  0.96	  0.01	  0.9895	 0.0000	 0.56660157	 0.0000	 0.21243458	 0.9756	 5.02701597	 30.54	  2.19	 1.3028	 
m60515c4r5.htb	   0.0	  0.03	 2.000	 -10.00	 10.00	 40.00	   1.0	 0.9550	  6.30	 0.0150	  1.46	  1.29	 0.982	 0.00000000	 0.608	  0.464	  0.96	  0.01	  0.9756	 0.0000	 0.54816622	 0.0000	 0.50240796	 0.9184	 8.64495619	 83.47	  1.83	 1.4497	 
m60517c1r5.htb	   0.0	  0.03	 2.000	  0.00	  0.00	 40.00	   0.0	 0.9550	  9.81	 0.0150	  2.10	  2.89	 1.118	 0.00000000	 0.624	  0.508	  0.96	  0.01	  0.9907	 0.0000	 0.70200509	 0.0000	 0.13957291	 0.9867	 12.38325213	 69.69	  1.62	 2.0706	 
m60517c1r5.htb	   0.0	  0.03	 2.000	  0.00	  0.00	 40.00	   1.0	 0.9550	  8.74	 0.0150	  1.93	  2.89	 1.173	 0.00000000	 0.647	  0.433	  0.96	  0.01	  0.9830	 0.0000	 0.61962205	 0.0000	 0.13774369	 0.9870	 13.13432836	 72.29	  0.83	 1.4212	 
m60517c2r5.htb	   0.0	  0.03	 2.000	 -10.00	 -10.00	 40.00	   0.0	 0.9550	  6.92	 0.0150	  1.13	  1.04	 0.996	 0.00000000	 0.678	  0.387	  0.96	  0.01	  0.9962	 0.0000	 0.73026443	 0.0000	 0.12017501	 0.9893	 10.89552239	 84.99	  1.27	 1.0656	 
m60517c2r5.htb	   0.0	  0.03	 2.000	 -10.00	 -10.00	 40.00	   1.0	 0.9550	  5.64	 0.0150	  1.54	  1.04	 0.957	 0.00000000	 0.624	  0.419	  0.96	  0.01	  0.9694	 0.0001	 0.59050623	 0.0000	 0.84120655	 0.8396	 4.19665719	 43.41	  4.86	 1.5360	 
m60517c3r5.htb	   0.0	  0.03	 2.000	 10.00	 -10.00	 30.00	   0.0	 0.9550	 22.09	 0.0150	  2.95	  4.63	 1.105	 0.00000000	 0.730	  0.561	  0.96	  0.01	  0.9961	 0.0000	 0.84985742	 0.0000	 0.33135375	 0.9540	 33.73134328	 77.05	  1.36	 2.7883	 
m60517c3r5.htb	   0.0	  0.03	 2.000	 10.00	 -10.00	 30.00	   1.0	 0.9550	 19.47	 0.0150	  3.33	  4.63	 1.098	 0.00000000	 0.707	  0.565	  0.96	  0.01	  0.9948	 0.0000	 0.83246903	 0.0000	 0.51523860	 0.9155	 16.78463628	 25.15	  2.43	 3.3163	 
m60517c4r5.htb	   0.0	  0.03	 2.000	  5.00	 -8.00	 30.00	   0.0	 0.9550	 28.49	 0.0150	  7.38	  8.26	 1.047	 0.00000000	 0.679	  0.679	  0.96	  0.01	  0.9793	 0.0000	 0.76076624	 0.0000	 0.45374167	 0.9289	 21.68279774	 18.89	  2.30	 7.3169	 
m60517c4r5.htb	   0.0	  0.03	 2.000	  5.00	 -8.00	 30.00	   1.0	 0.9550	 27.59	 0.0150	  6.79	  8.26	 1.118	 0.00000000	 0.644	  0.786	  0.96	  0.01	  0.9048	 0.0010	 0.62537566	 0.0000	 1.22909767	 0.7460	 27.47842638	 17.12	  0.97	 4.4468	 
m60517c5r5.htb	   0.0	  0.03	 2.000	 10.00	 -10.00	 40.00	   0.0	 0.9550	 32.00	 0.0150	  6.52	  4.93	 0.984	 0.00000000	 0.658	  0.815	  0.96	  0.01	  0.9953	 0.0000	 0.71165853	 0.0000	 0.11019797	 0.9906	 28.82265482	 15.33	  1.37	 5.3669	 
m60517c5r5.htb	   0.0	  0.03	 2.000	 10.00	 -10.00	 40.00	   1.0	 0.9550	 29.51	 0.0150	  4.63	  4.93	 1.003	 0.00000000	 0.669	  0.799	  0.96	  0.01	  0.9918	 0.0000	 0.76133586	 0.0000	 0.15640305	 0.9843	 25.31458754	  8.60	  2.43	 4.2703	 
m60517c6r5.htb	   0.0	  0.03	 2.000	  8.00	 10.00	 40.00	   0.0	 0.9550	 27.70	 0.0150	  5.39	  4.38	 0.982	 0.00000000	 0.752	  0.483	  0.96	  0.01	  0.9956	 0.0000	 0.86157549	 0.0000	 0.18492371	 0.9800	 29.41389151	 34.67	  1.24	 4.8031	 
m60517c6r5.htb	   0.0	  0.03	 2.000	  8.00	 10.00	 40.00	   1.0	 0.9550	 25.72	 0.0150	  4.99	  4.38	 0.998	 0.00000000	 0.753	  0.463	  0.96	  0.01	  0.9935	 0.0000	 0.84408116	 0.0000	 0.17197134	 0.9820	 22.97937622	 13.23	  1.43	 4.0143	 
m60518c2r5.htb	   0.0	  0.03	 2.000	 -8.00	 -5.00	 40.00	   0.0	 0.9550	 19.76	 0.0150	  0.75	  1.94	 1.067	 0.00000000	 0.736	  0.668	  0.96	  0.01	  0.9929	 0.0000	 0.89726117	 0.0000	 0.40654001	 0.9389	 19.24696091	 22.06	  3.03	 0.7404	 
m60518c2r5.htb	   0.0	  0.03	 2.000	 -8.00	 -5.00	 40.00	   1.0	 0.9550	 21.30	 0.0150	  0.28	  1.94	 1.085	 0.00000000	 0.735	  0.727	  0.96	  0.01	  0.9782	 0.0000	 0.85233169	 0.0000	 0.66521292	 0.8814	 21.97513576	 15.23	  1.88	 0.0000	 
m60519c3r5.htb	   0.0	  0.03	 2.000	 -5.00	 -5.00	 30.00	   0.0	 0.9550	 28.47	 0.0150	  3.95	  5.36	 1.078	 0.00000000	 0.728	  0.628	  0.96	  0.01	  0.9944	 0.0000	 0.83969440	 0.0000	 0.60300782	 0.8957	 25.69445313	 14.56	  1.84	 3.5606	 
m60519c3r5.htb	   0.0	  0.03	 2.000	 -5.00	 -5.00	 30.00	   1.0	 0.9550	 28.81	 0.0150	  3.62	  5.36	 1.088	 0.00000000	 0.715	  0.739	  0.96	  0.01	  0.9884	 0.0000	 0.81658315	 0.0000	 0.56916857	 0.9035	 26.79015820	 14.60	  1.70	 3.0713	 
m60523c1r5.htb	   0.0	  0.03	 2.000	  0.00	  0.00	 40.00	   0.0	 0.9550	 15.87	 0.0150	  5.38	  5.27	 1.009	 0.00000005	 0.536	  0.841	  0.96	  0.01	  0.9278	 0.0005	 0.46414901	 0.0000	 0.32376570	 0.9555	 21.93281862	 100.00	  1.11	 5.1816	 
m60523c1r5.htb	   0.0	  0.03	 2.000	  0.00	  0.00	 40.00	   1.0	 0.9550	 17.47	 0.0150	  6.19	  5.27	 0.961	 0.00000013	 0.522	  0.916	  0.96	  0.01	  0.8668	 0.0023	 0.41806359	 0.0000	 0.92749788	 0.8188	 12.03438429	 38.05	  2.95	 6.1878	 
m60523c2r5.htb	   0.0	  0.03	 2.000	  0.00	 -10.00	 40.00	   0.0	 0.9550	 29.51	 0.0150	  9.04	 10.70	 1.152	 0.00000004	 0.554	  1.086	  0.96	  0.01	  0.9387	 0.0003	 0.47032741	 0.0000	 0.49442291	 0.9201	 40.39999383	 80.67	  0.87	 7.8289	 
m60523c2r5.htb	   0.0	  0.03	 2.000	  0.00	 -10.00	 40.00	   1.0	 0.9550	 26.62	 0.0150	  9.92	 10.70	 1.110	 0.00000029	 0.522	  1.035	  0.96	  0.01	  0.9720	 0.0000	 0.45507391	 0.0000	 0.30544501	 0.9590	 16.80358791	 15.23	  2.90	 9.9030	 
m60523c3r5.htb	  60.0	  0.03	 2.000	  0.00	 -10.00	 40.00	   0.0	 0.9550	  6.45	 0.0150	  3.12	  3.18	 1.020	 0.00000075	 0.545	  0.379	  0.96	  0.01	  0.9728	 0.0000	 0.43869084	 0.0000	 0.13846779	 0.9869	 3.38575541	 46.48	  5.65	 3.1173	 
m60523c3r5.htb	  60.0	  0.03	 2.000	  0.00	 -10.00	 40.00	   1.0	 0.9550	  5.89	 0.0150	  2.50	  3.18	 1.125	 0.00000009	 0.550	  0.350	  0.96	  0.01	  0.9953	 0.0000	 0.48682520	 0.0000	 0.02555583	 0.9989	 3.69897765	 18.42	  1.62	 2.4334	 
m60523c4r5.htb	   0.0	  0.03	 2.000	 -10.00	 -10.00	 40.00	   0.0	 0.9550	 21.28	 0.0150	  8.98	  8.26	 0.954	 0.00000000	 0.631	  0.508	  0.96	  0.01	  0.9808	 0.0000	 0.64238380	 0.0000	 0.28277595	 0.9632	 13.66745929	 24.25	  1.68	 8.8520	 
m60523c4r5.htb	   0.0	  0.03	 2.000	 -10.00	 -10.00	 40.00	   1.0	 0.9550	 26.33	 0.0150	  8.11	  8.26	 1.014	 0.00000000	 0.654	  0.627	  0.96	  0.01	  0.9868	 0.0000	 0.72638152	 0.0000	 0.33038503	 0.9542	 24.92511749	 35.07	  1.14	 7.4373	 
m60524c1r5.htb	   0.0	  0.03	 2.000	 -5.00	 -7.00	 30.00	   0.0	 0.9550	  4.57	 0.0150	  0.85	  1.00	 1.044	 0.00000001	 0.578	  0.502	  0.96	  0.01	  0.9608	 0.0001	 0.51421490	 0.0000	 0.45493830	 0.9287	 4.22011659	 35.37	  2.04	 0.8384	 
m60524c1r5.htb	   0.0	  0.03	 2.000	 -5.00	 -7.00	 30.00	   1.0	 0.9550	  4.56	 0.0150	  0.83	  1.00	 1.045	 0.00000000	 0.603	  0.571	  0.96	  0.01	  0.8971	 0.0012	 0.59462558	 0.0000	 1.91123102	 0.5910	 3.72688660	 27.91	 10.00	 0.8299	 
m60524c2r5.htb	 240.0	  0.03	 2.000	 -10.00	  0.00	 30.00	   0.0	 0.9550	 16.64	 0.0150	  1.66	  2.04	 1.035	 0.00000000	 0.681	  0.698	  0.96	  0.01	  0.9846	 0.0000	 0.76059146	 0.0000	 0.41764561	 0.9366	 24.92537313	 69.64	  1.37	 1.5304	 
m60524c2r5.htb	 240.0	  0.03	 2.000	 -10.00	  0.00	 30.00	   1.0	 0.9550	 17.55	 0.0150	  1.80	  2.04	 1.029	 0.00000000	 0.673	  0.686	  0.96	  0.01	  0.9981	 0.0000	 0.73493395	 0.0000	 0.04961111	 0.9971	 19.64837670	 37.89	  1.55	 1.6744	 
m60524c3r5.htb	 240.0	  0.03	 2.000	  0.00	  7.00	 70.00	   0.0	 0.9550	 16.21	 0.0150	  8.60	  7.81	 0.911	 0.00387286	 0.460	  0.807	  0.96	  0.01	  0.8169	 0.0052	 0.20890997	 0.0001	 0.68361160	 0.8771	 8.79635753	 32.41	  1.76	 8.5618	 
m60524c3r5.htb	 240.0	  0.03	 2.000	  0.00	  7.00	 70.00	   1.0	 0.9550	 17.66	 0.0150	  7.73	  7.81	 1.003	 0.00001343	 0.513	  0.678	  0.96	  0.01	  0.8985	 0.0012	 0.35346531	 0.0000	 0.34736912	 0.9509	 21.50031287	 100.00	  0.84	 7.1215	 
m60524c4r5.htb	  90.0	  0.03	 2.000	 -5.00	 -5.00	 40.00	   0.0	 0.9550	 12.51	 0.0150	  5.11	  4.93	 0.976	 0.00000015	 0.568	  0.588	  0.96	  0.01	  0.9493	 0.0002	 0.45592296	 0.0000	 0.52368596	 0.9137	 7.79439167	 38.43	  3.22	 5.1074	 
m60524c4r5.htb	  90.0	  0.03	 2.000	 -5.00	 -5.00	 40.00	   1.0	 0.9550	 11.83	 0.0150	  5.04	  4.93	 0.981	 0.00000000	 0.594	  0.471	  0.96	  0.01	  0.9525	 0.0002	 0.55048375	 0.0000	 0.51169360	 0.9163	 7.06877158	 20.63	  2.16	 5.0129	 
m60524c5r5.htb	   0.0	  0.03	 2.000	 -10.00	 -5.00	 40.00	   0.0	 0.9550	 20.22	 0.0150	  5.45	  6.07	 1.052	 0.00000000	 0.648	  0.706	  0.96	  0.01	  0.9556	 0.0001	 0.60797511	 0.0000	 0.85857667	 0.8354	 14.89361587	  8.18	  2.91	 5.3407	 
m60524c5r5.htb	   0.0	  0.03	 2.000	 -10.00	 -5.00	 40.00	   1.0	 0.9550	 17.73	 0.0150	  7.90	  6.07	 0.983	 0.00004541	 0.482	  0.746	  0.96	  0.01	  0.9598	 0.0001	 0.35216143	 0.0000	 0.16368624	 0.9832	 10.44606525	  9.06	  1.73	 7.4562	 
m60525c1r5.htb	   0.0	  0.03	 2.000	 10.00	 -10.00	 40.00	   0.0	 0.9550	 12.41	 0.0150	  0.85	  0.80	 1.016	 0.00000000	 0.711	  0.536	  0.96	  0.01	  0.9865	 0.0000	 0.79065799	 0.0000	 0.36528606	 0.9473	 18.65915796	 60.07	  1.17	 0.6073	 
m60525c1r5.htb	   0.0	  0.03	 2.000	 10.00	 -10.00	 40.00	   1.0	 0.9550	 12.09	 0.0150	  0.49	  0.80	 1.043	 0.00000000	 0.694	  0.606	  0.96	  0.01	  0.9938	 0.0000	 0.80557354	 0.0000	 0.25289240	 0.9686	 17.48778881	 44.24	  1.05	 0.0000	 
m60525c2r5.htb	   0.0	  0.03	 2.000	  5.00	  0.00	 40.00	   0.0	 0.9550	 27.74	 0.0150	  9.04	 10.25	 1.074	 0.00000000	 0.630	  0.719	  0.96	  0.01	  0.9854	 0.0000	 0.67635115	 0.0000	 0.41477640	 0.9372	 19.00466460	 15.00	  2.38	 8.9625	 
m60525c2r5.htb	   0.0	  0.03	 2.000	  5.00	  0.00	 40.00	   1.0	 0.9550	 31.24	 0.0150	  9.48	 10.25	 1.146	 0.00000000	 0.678	  0.617	  0.96	  0.01	  0.9970	 0.0000	 0.75437896	 0.0000	 0.09793698	 0.9921	 47.53731343	 80.09	  0.65	 6.1194	 
m60525c3r5.htb	   0.0	  0.03	 2.000	 10.00	 -10.00	 40.00	   0.0	 0.9550	  8.79	 0.0150	  3.67	  3.28	 0.932	 0.00000014	 0.527	  0.482	  0.96	  0.01	  0.9872	 0.0000	 0.47509878	 0.0000	 0.03466968	 0.9983	 5.70385210	 30.91	  1.95	 3.6556	 
m60525c3r5.htb	   0.0	  0.03	 2.000	 10.00	 -10.00	 40.00	   1.0	 0.9550	 10.76	 0.0150	  3.85	  3.28	 0.928	 0.00000000	 0.571	  0.513	  0.96	  0.01	  0.9792	 0.0000	 0.54518199	 0.0000	 0.11536682	 0.9899	 8.05537912	 36.61	  1.89	 3.8357	 
m60525c4r5.htb	   0.0	  0.03	 2.000	 10.00	 -10.00	 30.00	   0.0	 0.9550	 23.46	 0.0150	  4.39	  5.97	 1.107	 0.00000000	 0.703	  0.595	  0.96	  0.01	  0.9954	 0.0000	 0.79371294	 0.0000	 0.21531407	 0.9751	 25.76864653	 41.97	  1.34	 4.1004	 
m60525c4r5.htb	   0.0	  0.03	 2.000	 10.00	 -10.00	 30.00	   1.0	 0.9550	 24.04	 0.0150	  5.20	  5.97	 1.092	 0.00000000	 0.698	  0.634	  0.96	  0.01	  0.9746	 0.0000	 0.72495539	 0.0000	 0.65150627	 0.8845	 25.38496369	 34.25	  1.17	 4.5510	 
m60531c1r5.htb	   0.0	  0.03	 2.000	 -10.00	  0.00	 50.00	   0.0	 0.9550	  8.16	 0.0150	  3.93	  6.27	 2.239	 0.42902985	 0.407	  0.867	  0.96	  0.01	  0.8252	 0.0046	 0.15809587	 0.0219	 0.19470273	 0.9784	 4.22752954	 44.03	 10.00	 3.9299	 
m60531c1r5.htb	   0.0	  0.03	 2.000	 -10.00	  0.00	 50.00	   1.0	 0.9550	  6.79	 0.0150	  4.61	  6.27	 2.996	 0.64558538	 0.350	  0.813	  0.96	  0.01	  0.1554	 0.3815	 0.02568378	 0.3653	 0.93760840	 0.8163	 12.68656716	 43.99	  0.17	 0.0284	 
m60531c2r5.htb	 270.0	  0.03	 2.000	 -5.00	 -5.00	 50.00	   0.0	 0.9550	 14.70	 0.0150	  4.46	  6.22	 1.317	 0.00000000	 0.649	  0.510	  0.96	  0.01	  0.9802	 0.0000	 0.67932078	 0.0000	 0.38365035	 0.9436	 22.75010308	 100.00	  0.75	 3.5257	 
m60531c2r5.htb	 270.0	  0.03	 2.000	 -5.00	 -5.00	 50.00	   1.0	 0.9550	 16.61	 0.0150	  4.61	  6.22	 1.263	 0.00000000	 0.662	  0.542	  0.96	  0.01	  0.9817	 0.0000	 0.70557803	 0.0000	 0.32260519	 0.9557	 25.74626866	 97.99	  0.84	 3.8719	 
m60601c1r5.htb	   0.0	  0.03	 2.000	  0.00	  7.00	 40.00	   0.0	 0.9550	  7.11	 0.0150	  0.16	  0.65	 1.075	 0.00000000	 0.630	  0.695	  0.96	  0.01	  0.9906	 0.0000	 0.64595634	 0.0000	 0.19622664	 0.9782	 9.11592839	 60.92	  2.58	 0.1622	 
m60601c1r5.htb	   0.0	  0.03	 2.000	  0.00	  7.00	 40.00	   1.0	 0.9550	  7.27	 0.0150	  0.33	  0.65	 1.061	 0.00000000	 0.610	  0.764	  0.96	  0.01	  0.9776	 0.0000	 0.64115270	 0.0000	 0.42464915	 0.9351	 7.07663058	 35.07	  3.94	 0.3312	 
m60601c2r5.htb	  90.0	  0.03	 2.000	 -10.00	 -15.00	 40.00	   0.0	 0.9550	  5.92	 0.0150	  0.68	  1.84	 1.288	 0.00000000	 0.587	  0.594	  0.96	  0.01	  0.9845	 0.0000	 0.58494147	 0.0000	 0.17802533	 0.9811	 5.92053155	 31.23	  1.86	 0.6638	 
m60601c2r5.htb	  90.0	  0.03	 2.000	 -10.00	 -15.00	 40.00	   1.0	 0.9550	  7.78	 0.0150	  0.85	  1.84	 1.207	 0.00000000	 0.618	  0.602	  0.96	  0.01	  0.9738	 0.0000	 0.68904512	 0.0000	 0.24130226	 0.9707	 7.90458138	 37.75	  2.13	 0.8394	 
m60601c3r5.htb	  90.0	  0.03	 2.000	  0.00	 -10.00	 40.00	   0.0	 0.9550	  8.55	 0.0150	  1.83	  1.84	 1.017	 0.00000000	 0.627	  0.502	  0.96	  0.01	  0.9732	 0.0000	 0.60404260	 0.0000	 0.26773314	 0.9660	 12.91044776	 86.60	  1.18	 1.7254	 
m60601c3r5.htb	  90.0	  0.03	 2.000	  0.00	 -10.00	 40.00	   1.0	 0.9550	  9.20	 0.0150	  1.34	  1.84	 1.056	 0.00000000	 0.633	  0.556	  0.96	  0.01	  0.9912	 0.0000	 0.60488814	 0.0000	 0.17264477	 0.9819	 10.73456828	 41.63	  1.30	 1.1953	 
m60601c4r5.htb	  90.0	  0.03	 2.000	  0.00	  0.00	 40.00	   0.0	 0.9550	 24.24	 0.0150	  2.64	  5.85	 1.180	 0.00000000	 0.661	  0.895	  0.96	  0.01	  0.9778	 0.0000	 0.76369753	 0.0000	 0.59647872	 0.8972	 24.88008461	 32.70	  1.79	 2.5371	 
m60601c4r5.htb	  90.0	  0.03	 2.000	  0.00	  0.00	 40.00	   1.0	 0.9550	 21.12	 0.0150	  4.78	  5.85	 1.135	 0.00000000	 0.609	  0.842	  0.96	  0.01	  0.9676	 0.0001	 0.68323753	 0.0000	 0.48776259	 0.9216	 16.35059901	 12.02	  4.01	 4.7718	 
m60601c5r5.htb	  90.0	  0.03	 2.000	  0.00	 -8.00	 40.00	   0.0	 0.9550	 25.84	 0.0150	 10.52	 11.59	 1.078	 0.00000000	 0.627	  0.588	  0.96	  0.01	  0.9698	 0.0001	 0.63801988	 0.0000	 0.34037198	 0.9523	 16.50329132	 26.86	  2.05	 10.4738	 
m60601c5r5.htb	  90.0	  0.03	 2.000	  0.00	 -8.00	 40.00	   1.0	 0.9550	 27.24	 0.0150	  8.30	 11.59	 1.157	 0.00000000	 0.662	  0.586	  0.96	  0.01	  0.9977	 0.0000	 0.78023864	 0.0000	 0.08040030	 0.9941	 19.87883281	 17.48	  1.90	 8.1169	 
m60602c1r5.htb	   0.0	  0.03	 2.000	  0.00	 -7.00	 30.00	   0.0	 0.9550	 13.71	 0.0150	  5.90	  6.82	 1.189	 0.00133841	 0.483	  0.918	  0.96	  0.01	  0.8929	 0.0013	 0.25429013	 0.0000	 0.59084393	 0.8985	 16.73891804	 100.00	  0.89	 5.5128	 
m60602c1r5.htb	   0.0	  0.03	 2.000	  0.00	 -7.00	 30.00	   1.0	 0.9550	 18.49	 0.0150	  6.77	  6.82	 1.052	 0.00000000	 0.566	  0.784	  0.96	  0.01	  0.9580	 0.0001	 0.53438704	 0.0000	 0.55560354	 0.9065	 11.73173774	 46.64	 10.00	 6.7668	 
m60602c2r5.htb	   0.0	  0.03	 2.000	 -8.00	 -8.00	 30.00	   0.0	 0.9550	 25.61	 0.0150	  8.68	  8.06	 0.967	 0.00000014	 0.576	  0.918	  0.96	  0.01	  0.9585	 0.0001	 0.46105397	 0.0000	 0.27249786	 0.9651	 31.41436818	 86.55	  1.64	 8.6387	 
m60602c2r5.htb	   0.0	  0.03	 2.000	 -8.00	 -8.00	 30.00	   1.0	 0.9550	 24.74	 0.0150	  7.55	  8.06	 1.017	 0.00000000	 0.585	  0.854	  0.96	  0.01	  0.9633	 0.0001	 0.51967285	 0.0000	 0.54048762	 0.9099	 36.53691891	 100.00	  0.94	 6.8674	 
m60602c3r5.htb	   0.0	  0.03	 2.000	  0.00	  5.00	 30.00	   0.0	 0.9550	 14.06	 0.0150	  5.96	  6.32	 1.048	 0.00000480	 0.550	  0.618	  0.96	  0.01	  0.9735	 0.0000	 0.40372193	 0.0000	 0.33929787	 0.9525	 16.57714507	 98.02	  1.59	 5.9433	 
m60602c3r5.htb	   0.0	  0.03	 2.000	  0.00	  5.00	 30.00	   1.0	 0.9550	 17.31	 0.0150	  4.76	  6.32	 1.124	 0.00000000	 0.624	  0.615	  0.96	  0.01	  0.9813	 0.0000	 0.61007472	 0.0000	 0.37716027	 0.9449	 20.45016016	 62.71	  1.21	 4.5405	 
m60602c4r5.htb	   0.0	  0.03	 2.000	  0.00	 -10.00	 20.00	   0.0	 0.9550	  8.67	 0.0150	  2.05	  2.74	 1.119	 0.00000014	 0.531	  0.709	  0.96	  0.01	  0.9700	 0.0001	 0.46658327	 0.0000	 0.09338327	 0.9926	 13.65671642	 98.87	  1.58	 2.0281	 
m60602c4r5.htb	   0.0	  0.03	 2.000	  0.00	 -10.00	 20.00	   1.0	 0.9550	  9.47	 0.0150	  2.14	  2.74	 1.103	 0.00000001	 0.578	  0.659	  0.96	  0.01	  0.9901	 0.0000	 0.52046026	 0.0000	 0.13040546	 0.9880	 8.05012566	 33.81	  2.25	 2.1309	 
m60602c5r5.htb	   0.0	  0.03	 2.000	 -5.00	 -5.00	 50.00	   0.0	 0.9550	 16.99	 0.0150	  3.27	  4.83	 1.398	 0.00000007	 0.691	  0.598	  0.96	  0.01	  0.9508	 0.0002	 0.66564014	 0.0000	 1.03010843	 0.7940	 27.36318408	 41.97	  0.60	 0.0000	 
m60602c5r5.htb	   0.0	  0.03	 2.000	 -5.00	 -5.00	 50.00	   1.0	 0.9550	 19.42	 0.0150	  5.54	  4.83	 1.135	 0.00000006	 0.647	  0.651	  0.96	  0.01	  0.9836	 0.0000	 0.69158792	 0.0000	 0.39229092	 0.9418	 16.82696774	 42.26	  1.91	 5.5125	 
m60605c1r5.htb	   0.0	  0.03	 2.000	 -3.00	 -7.00	 30.00	   0.0	 0.9550	 27.96	 0.0150	  6.27	 11.24	 1.350	 0.00000000	 0.632	  0.847	  0.96	  0.01	  0.9665	 0.0001	 0.65662864	 0.0000	 0.35718017	 0.9489	 26.48734892	 23.19	  1.24	 5.3990	 
m60605c1r5.htb	   0.0	  0.03	 2.000	 -3.00	 -7.00	 30.00	   1.0	 0.9550	 28.48	 0.0150	  7.64	 11.24	 1.293	 0.00000000	 0.618	  0.840	  0.96	  0.01	  0.9791	 0.0000	 0.63530950	 0.0000	 0.30151311	 0.9597	 22.63798944	 15.82	  1.57	 7.1020	 
m60605c2r5.htb	   0.0	  0.03	 2.000	 -10.00	 -10.00	 30.00	   0.0	 0.9550	  1.17	 0.0150	  0.34	  0.60	 1.443	 0.00424051	 0.385	  0.471	  0.96	  0.01	  0.9260	 0.0005	 0.23444667	 0.0000	 0.06176443	 0.9960	 0.82837729	 21.04	 10.00	 0.3426	 
m60605c2r5.htb	   0.0	  0.03	 2.000	 -10.00	 -10.00	 30.00	   1.0	 0.9550	  1.30	 0.0150	  0.49	  0.60	 1.266	 0.02474107	 0.364	  0.432	  0.96	  0.01	  0.8836	 0.0016	 0.17655436	 0.0003	 0.04647034	 0.9974	 0.80450142	 43.23	  8.23	 0.4943	 
m60605c3r5.htb	   0.0	  0.03	 2.000	 -5.00	 -2.00	 30.00	   0.0	 0.9550	 11.21	 0.0150	  9.78	  8.76	 0.585	 0.86327977	 0.270	  0.563	  0.96	  0.01	  0.3654	 0.1505	 0.01404335	 0.3285	 0.21831197	 0.9746	 1.74800874	 37.63	  1.63	 9.7730	 
m60605c3r5.htb	   0.0	  0.03	 2.000	 -5.00	 -2.00	 30.00	   1.0	 0.9550	 12.39	 0.0150	  8.92	  8.76	 0.871	 0.21270414	 0.344	  0.538	  0.96	  0.01	  0.9763	 0.0000	 0.11793849	 0.0036	 0.02454384	 0.9990	 3.74032773	 10.12	  1.60	 8.7511	 
m60606c1r5.htb	   0.0	  0.03	 2.000	  8.00	 -8.00	 30.00	   0.0	 0.9550	  2.00	 0.0150	  0.00	  0.00	 1.000	 0.00000000	 0.693	  0.314	  0.96	  0.01	  0.9914	 0.0000	 0.68785007	 0.0000	 0.00002061	    NaN	 2.04454269	 56.06	  7.13	 0.0000	 
m60606c1r5.htb	   0.0	  0.03	 2.000	  8.00	 -8.00	 30.00	   1.0	 0.9550	  1.40	 0.0150	  0.00	  0.00	 1.000	 0.00000000	 0.666	  0.299	  0.96	  0.01	  0.9773	 0.0000	 0.60900200	 0.0000	 0.04525309	    NaN	 1.39708630	 31.09	  7.66	 0.0000	 
m60606c2r5.htb	  90.0	  0.03	 2.000	 -10.00	  0.00	 40.00	   0.0	 0.9550	  7.81	 0.0150	  0.08	  1.00	 1.134	 0.00000020	 0.616	  0.849	  0.96	  0.01	  0.9792	 0.0000	 0.46541283	 0.0000	 0.99185378	 0.8032	 8.76903241	 54.78	  3.61	 0.0823	 
m60606c2r5.htb	  90.0	  0.03	 2.000	 -10.00	  0.00	 40.00	   1.0	 0.9550	  8.83	 0.0150	  0.02	  1.00	 1.128	 0.00000000	 0.688	  0.682	  0.96	  0.01	  0.9865	 0.0000	 0.70926455	 0.0000	 0.08719528	 0.9573	 8.86178199	 33.99	  4.83	 0.0248	 
m60606c3r5.htb	  90.0	  0.03	 2.000	 -8.00	 -10.00	 40.00	   0.0	 0.9550	 11.77	 0.0150	  0.29	  0.35	 1.005	 0.00000000	 0.617	  0.914	  0.96	  0.01	  0.9904	 0.0000	 0.68287712	 0.0000	 0.02578040	 0.9989	 11.49500685	 33.16	  6.07	 0.2929	 
m60606c3r5.htb	  90.0	  0.03	 2.000	 -8.00	 -10.00	 40.00	   1.0	 0.9550	 16.52	 0.0150	  0.06	  0.35	 1.014	 0.00000000	 0.702	  0.879	  0.96	  0.01	  0.9644	 0.0001	 0.73231754	 0.0000	 0.81559064	 0.8457	 16.76644761	 27.34	  3.21	 0.0561	 
m60606c4r5.htb	  90.0	  0.03	 2.000	  8.00	 -5.00	 40.00	   0.0	 0.9550	 24.60	 0.0150	  0.26	  0.50	 1.010	 0.00000000	 0.719	  0.904	  0.96	  0.01	  0.9794	 0.0000	 0.86727652	 0.0000	 2.17103203	 0.5377	 25.00756820	 25.20	  2.72	 0.2479	 
m60606c4r5.htb	  90.0	  0.03	 2.000	  8.00	 -5.00	 40.00	   1.0	 0.9550	 25.14	 0.0150	  0.66	  0.50	 1.002	 0.00000000	 0.732	  0.835	  0.96	  0.01	  0.9916	 0.0000	 0.94091781	 0.0000	 0.78595268	 0.8528	 24.48598956	 19.53	  5.05	 0.6627	 
m60606c5r5.htb	  90.0	  0.03	 2.000	  8.00	  0.00	 40.00	   0.0	 0.9550	 16.84	 0.0150	  0.78	  1.24	 1.030	 0.00000000	 0.672	  0.837	  0.96	  0.01	  0.9934	 0.0000	 0.76913804	 0.0000	 0.48392850	 0.9224	 17.31178721	 41.97	  3.10	 0.7778	 
m60606c5r5.htb	  90.0	  0.03	 2.000	  8.00	  0.00	 40.00	   1.0	 0.9550	 20.74	 0.0150	  0.55	  1.24	 1.034	 0.00000000	 0.674	  0.973	  0.96	  0.01	  0.9920	 0.0000	 0.76300821	 0.0000	 0.28541875	 0.9627	 21.94267387	 33.77	  2.36	 0.5361	 
m60613c5r5.htb	   0.0	  0.03	 2.000	 -8.00	 -15.00	 30.00	   0.0	 0.9550	 21.91	 0.0150	  6.52	  6.53	 1.013	 0.00000000	 0.715	  0.423	  0.96	  0.01	  0.9997	 0.0000	 0.81761136	 0.0000	 0.00496317	 0.9999	 20.92602733	 44.09	  1.38	 6.3269	 
m60613c5r5.htb	   0.0	  0.03	 2.000	 -8.00	 -15.00	 30.00	   1.0	 0.9550	 21.97	 0.0150	  5.51	  6.53	 1.063	 0.00000000	 0.716	  0.469	  0.96	  0.01	  0.9822	 0.0000	 0.77928721	 0.0000	 0.36647515	 0.9471	 23.39900209	 37.00	  1.07	 4.7803	 
m60613c6r5.htb	   0.0	  0.03	 2.000	 -5.00	 -10.00	 30.00	   0.0	 0.9550	 20.87	 0.0150	  5.62	  6.97	 1.097	 0.00000073	 0.561	  0.919	  0.96	  0.01	  0.9993	 0.0000	 0.65278944	 0.0000	 0.02656651	 0.9989	 15.28755191	 20.84	  4.11	 5.6155	 
m60613c6r5.htb	   0.0	  0.03	 2.000	 -5.00	 -10.00	 30.00	   1.0	 0.9550	 20.36	 0.0150	  3.61	  6.97	 1.192	 0.00001204	 0.547	  1.119	  0.96	  0.01	  0.9840	 0.0000	 0.57906841	 0.0000	 0.11483378	 0.9900	 18.30968793	 14.14	  1.51	 3.0140	 
m60614c1r5.htb	   0.0	  0.03	 2.000	  0.00	 -8.00	 30.00	   0.0	 0.9550	 26.78	 0.0150	  4.57	  5.07	 1.052	 0.00000000	 0.735	  0.578	  0.96	  0.01	  0.9884	 0.0000	 0.88731814	 0.0000	 0.71893309	 0.8687	 42.01492537	 80.90	  1.05	 3.9409	 
m60614c1r5.htb	   0.0	  0.03	 2.000	  0.00	 -8.00	 30.00	   1.0	 0.9550	 27.59	 0.0150	  4.31	  5.07	 1.058	 0.00000000	 0.661	  0.828	  0.96	  0.01	  0.9981	 0.0000	 0.77334279	 0.0000	 0.09418726	 0.9925	 33.28251228	 42.45	  1.16	 3.6439	 
m60614c2r5.htb	   0.0	  0.03	 2.000	  5.00	 -5.00	 30.00	   0.0	 0.9550	 17.55	 0.0150	 10.88	 11.83	 1.166	 0.00041415	 0.493	  0.500	  0.96	  0.01	  0.9739	 0.0000	 0.34120984	 0.0000	 0.05546712	 0.9966	 6.68802285	 53.98	 10.00	 10.8804	 
m60614c2r5.htb	   0.0	  0.03	 2.000	  5.00	 -5.00	 30.00	   1.0	 0.9550	 15.71	 0.0150	 10.04	 11.83	 1.259	 0.00608704	 0.487	  0.629	  0.96	  0.01	  0.8013	 0.0065	 0.21463314	 0.0001	 0.52530906	 0.9133	 5.66761833	 44.05	 10.00	 10.0401	 
m60614c3r5.htb	   0.0	  0.03	 2.000	  8.00	 -15.00	 30.00	   0.0	 0.9550	 23.81	 0.0150	 11.34	 12.39	 1.093	 0.00000000	 0.634	  0.474	  0.96	  0.01	  0.9766	 0.0000	 0.63699166	 0.0000	 0.43773081	 0.9323	 14.58387193	 40.84	  2.10	 11.3260	 
m60614c3r5.htb	   0.0	  0.03	 2.000	  8.00	 -15.00	 30.00	   1.0	 0.9550	 23.53	 0.0150	 10.58	 12.39	 1.180	 0.00000000	 0.617	  0.495	  0.96	  0.01	  0.9812	 0.0000	 0.58505325	 0.0000	 0.27998643	 0.9637	 28.83901696	 100.00	  0.74	 9.3589	 
m60614c4r5.htb	   0.0	  0.03	 2.000	  8.00	 -18.00	 40.00	   0.0	 0.9550	 16.27	 0.0150	  9.17	  9.35	 1.030	 0.00000014	 0.591	  0.420	  0.96	  0.01	  0.9585	 0.0001	 0.46115605	 0.0000	 0.32555802	 0.9552	 14.77386144	 100.00	  1.51	 9.1429	 
m60614c4r5.htb	   0.0	  0.03	 2.000	  8.00	 -18.00	 40.00	   1.0	 0.9550	 16.97	 0.0150	  8.57	  9.35	 1.077	 0.00000002	 0.588	  0.454	  0.96	  0.01	  0.9381	 0.0003	 0.48553119	 0.0000	 0.65120058	 0.8846	 17.48965661	 100.00	  1.23	 8.4723	 
m60615c1r5.htb	   0.0	  0.03	 2.000	 -8.00	 -17.00	 30.00	   0.0	 0.9550	 27.49	 0.0150	  3.88	  4.58	 1.033	 0.00000000	 0.616	  1.042	  0.96	  0.01	  0.9956	 0.0000	 0.71901014	 0.0000	 0.01574671	 0.9995	 27.43322092	 35.91	  1.88	 3.8140	 
m60615c1r5.htb	   0.0	  0.03	 2.000	 -8.00	 -17.00	 30.00	   1.0	 0.9550	 29.06	 0.0150	  3.81	  4.58	 1.043	 0.00000000	 0.677	  0.934	  0.96	  0.01	  0.9813	 0.0000	 0.69251266	 0.0000	 0.61912106	 0.8920	 43.58382842	 69.56	  1.16	 3.3076	 
m60615c2r5.htb	   0.0	  0.03	 2.000	 -10.00	 -17.00	 40.00	   0.0	 0.9550	 14.21	 0.0150	  5.21	  5.27	 1.014	 0.00000000	 0.616	  0.483	  0.96	  0.01	  0.9832	 0.0000	 0.67039507	 0.0000	 0.24147156	 0.9706	 9.52865541	 20.20	  1.91	 5.1450	 
m60615c2r5.htb	   0.0	  0.03	 2.000	 -10.00	 -17.00	 40.00	   1.0	 0.9550	 15.84	 0.0150	  4.56	  5.27	 1.146	 0.00000000	 0.707	  0.388	  0.96	  0.01	  0.9977	 0.0000	 0.78371277	 0.0000	 0.07491496	 0.9947	 23.95522388	 71.32	  0.65	 2.7326	 
m60616c1r5.htb	   0.0	  0.03	 2.000	 -10.00	 -15.00	 30.00	   0.0	 0.9550	 14.06	 0.0150	  0.40	  1.69	 1.137	 0.00000000	 0.681	  0.826	  0.96	  0.01	  0.9770	 0.0000	 0.68813010	 0.0000	 0.58758962	 0.8993	 23.80597015	 67.76	  1.07	 0.0000	 
m60616c1r5.htb	   0.0	  0.03	 2.000	 -10.00	 -15.00	 30.00	   1.0	 0.9550	 16.66	 0.0150	  1.25	  1.69	 1.079	 0.00000000	 0.649	  0.814	  0.96	  0.01	  0.9897	 0.0000	 0.76920433	 0.0000	 0.09380664	 0.9926	 21.56497057	 48.90	  1.42	 1.1021	 
m60616c2r5.htb	   0.0	  0.03	 2.000	  5.00	 -10.00	 30.00	   0.0	 0.9550	 12.03	 0.0150	  1.67	  2.49	 1.093	 0.00000000	 0.665	  0.587	  0.96	  0.01	  0.9828	 0.0000	 0.73230936	 0.0000	 0.57882858	 0.9013	 18.95522388	 82.80	  1.41	 1.6014	 
m60616c2r5.htb	   0.0	  0.03	 2.000	  5.00	 -10.00	 30.00	   1.0	 0.9550	 11.99	 0.0150	  1.52	  2.49	 1.108	 0.00000000	 0.644	  0.675	  0.96	  0.01	  0.9575	 0.0001	 0.63898236	 0.0000	 0.69647978	 0.8740	 14.54994009	 42.74	  1.26	 1.3121	 
m60619c1r5.htb	   0.0	  0.03	 2.000	  0.00	  0.00	 40.00	   0.0	 0.9550	 12.80	 0.0150	  3.48	  3.43	 0.997	 0.00000000	 0.665	  0.479	  0.96	  0.01	  0.9752	 0.0000	 0.69406892	 0.0000	 0.72262647	 0.8679	 19.40728488	 100.00	  1.61	 3.4591	 
m60619c1r5.htb	   0.0	  0.03	 2.000	  0.00	  0.00	 40.00	   1.0	 0.9550	 13.80	 0.0150	  3.69	  3.43	 0.990	 0.00000000	 0.669	  0.497	  0.96	  0.01	  0.9693	 0.0001	 0.72228519	 0.0000	 0.68744514	 0.8762	 12.74473766	 38.33	  1.52	 3.5961	 
m60619c2r5.htb	   0.0	  0.03	 2.000	 -5.00	  0.00	 40.00	   0.0	 0.9550	 17.76	 0.0150	  1.16	  2.59	 1.119	 0.00000000	 0.755	  0.505	  0.96	  0.01	  0.9934	 0.0000	 0.89387725	 0.0000	 0.57620351	 0.9019	 20.80895027	 30.78	  1.32	 0.7799	 
m60619c2r5.htb	   0.0	  0.03	 2.000	 -5.00	  0.00	 40.00	   1.0	 0.9550	 18.21	 0.0150	  1.81	  2.59	 1.090	 0.00000000	 0.721	  0.561	  0.96	  0.01	  0.9941	 0.0000	 0.83595290	 0.0000	 0.21241131	 0.9756	 18.36087293	 24.47	  1.64	 1.6233	 
m60619c3r5.htb	   0.0	  0.03	 2.000	  0.00	 -5.00	 40.00	   0.0	 0.9550	  9.48	 0.0150	  1.04	  1.00	 1.005	 0.00000000	 0.687	  0.481	  0.96	  0.01	  0.9897	 0.0000	 0.81169403	 0.0000	 0.28883130	 0.9621	 9.41905220	 24.45	  1.66	 0.9491	 
m60619c3r5.htb	   0.0	  0.03	 2.000	  0.00	 -5.00	 40.00	   1.0	 0.9550	 11.18	 0.0150	  1.04	  1.00	 1.015	 0.00000000	 0.703	  0.477	  0.96	  0.01	  0.9783	 0.0000	 0.80473741	 0.0000	 0.61685293	 0.8926	 13.69763375	 37.26	  1.22	 0.7732	 
m60619c4r5.htb	   0.0	  0.03	 2.000	 -8.00	 -8.00	 30.00	   0.0	 0.9550	 25.53	 0.0150	 17.30	 17.20	 0.989	 0.00001241	 0.596	  0.382	  0.96	  0.01	  0.9028	 0.0010	 0.48076713	 0.0000	 1.33423177	 0.7210	 8.23858759	 46.07	 10.00	 17.2950	 
m60619c4r5.htb	   0.0	  0.03	 2.000	 -8.00	 -8.00	 30.00	   1.0	 0.9550	 24.93	 0.0150	 15.49	 17.20	 1.097	 0.00000215	 0.573	  0.429	  0.96	  0.01	  0.9836	 0.0000	 0.56511096	 0.0000	 0.26994811	 0.9656	 9.52216919	 18.03	  2.95	 15.4788	 
m60620c1r5.htb	   0.0	  0.03	 2.000	  5.00	  5.00	 40.00	   0.0	 0.9550	 27.01	 0.0150	  3.12	  6.52	 1.188	 0.00000000	 0.633	  1.002	  0.96	  0.01	  0.9790	 0.0000	 0.69780181	 0.0000	 0.28821542	 0.9622	 30.24292866	 33.36	  1.35	 2.6610	 
m60620c1r5.htb	   0.0	  0.03	 2.000	  5.00	  5.00	 40.00	   1.0	 0.9550	 27.44	 0.0150	  4.87	  6.52	 1.139	 0.00000000	 0.573	  1.180	  0.96	  0.01	  0.9913	 0.0000	 0.57414835	 0.0000	 0.06811934	 0.9954	 30.49697846	 43.23	  1.38	 4.5798	 
m60620c2r5.htb	   0.0	  0.03	 2.000	  0.00	  5.00	 40.00	   0.0	 0.9550	 30.06	 0.0150	 12.72	 11.89	 0.957	 0.00000008	 0.515	  0.974	  0.96	  0.01	  0.9482	 0.0002	 0.46627630	 0.0000	 0.26520431	 0.9664	 26.80298557	 67.20	  1.74	 12.6806	 
m60620c2r5.htb	   0.0	  0.03	 2.000	  0.00	  5.00	 40.00	   1.0	 0.9550	 27.53	 0.0150	 12.08	 11.89	 0.970	 0.00000000	 0.585	  0.724	  0.96	  0.01	  0.9749	 0.0000	 0.56635589	 0.0000	 0.37755061	 0.9448	 15.82764060	 26.36	  2.88	 12.0799	 
m60620c3r5.htb	   0.0	  0.03	 2.000	  0.00	 10.00	 40.00	   0.0	 0.9550	 31.13	 0.0150	 15.05	 18.96	 1.358	 0.00000000	 0.607	  0.598	  0.96	  0.01	  0.9602	 0.0001	 0.54220504	 0.0000	 0.49192398	 0.9207	 33.85962005	 100.00	  1.03	 14.5979	 
m60620c3r5.htb	   0.0	  0.03	 2.000	  0.00	 10.00	 40.00	   1.0	 0.9550	 32.93	 0.0150	 13.32	 18.96	 1.511	 0.00000000	 0.617	  0.682	  0.96	  0.01	  0.9961	 0.0000	 0.57344066	 0.0000	 0.12125820	 0.9892	 46.13218914	 100.00	  0.62	 10.1906	 
m60620c4r5.htb	   0.0	  0.03	 2.000	  0.00	  8.00	 40.00	   0.0	 0.9550	 13.40	 0.0150	  4.33	  5.20	 1.111	 0.00000001	 0.604	  0.558	  0.96	  0.01	  0.9695	 0.0001	 0.57982194	 0.0000	 0.32921783	 0.9544	 11.63546333	 43.94	  1.65	 4.2875	 
m60620c4r5.htb	   0.0	  0.03	 2.000	  0.00	  8.00	 40.00	   1.0	 0.9550	 19.87	 0.0150	  5.65	  5.20	 1.003	 0.00000000	 0.649	  0.589	  0.96	  0.01	  0.9932	 0.0000	 0.69176430	 0.0000	 0.11426120	 0.9901	 19.86570533	 62.09	  2.15	 5.6395	 
m60621c1r5.htb	   0.0	  0.03	 2.000	  0.00	 -8.00	 30.00	   0.0	 0.9550	 13.62	 0.0150	  1.02	  1.58	 1.046	 0.00000010	 0.608	  0.902	  0.96	  0.01	  0.9963	 0.0000	 0.74146426	 0.0000	 0.03108537	 0.9986	 13.37987372	 50.04	  4.31	 1.0161	 
m60621c1r5.htb	   0.0	  0.03	 2.000	  0.00	 -8.00	 30.00	   1.0	 0.9550	 17.01	 0.0150	  1.05	  1.58	 1.039	 0.00000000	 0.666	  0.812	  0.96	  0.01	  0.9895	 0.0000	 0.83293499	 0.0000	 0.37855592	 0.9446	 26.11940299	 75.49	  1.93	 1.0398	 
m60621c2r5.htb	   0.0	  0.03	 2.000	  8.00	 -2.00	 30.00	   0.0	 0.9550	  7.15	 0.0150	  0.04	  0.10	 1.008	 0.00000000	 0.700	  0.577	  0.96	  0.01	  0.9936	 0.0000	 0.72785256	 0.0000	 0.07024144	 0.9655	 11.34328358	 81.57	  3.29	 0.0416	 
m60621c2r5.htb	   0.0	  0.03	 2.000	  8.00	 -2.00	 30.00	   1.0	 0.9550	  8.18	 0.0150	  0.11	  0.10	 1.003	 0.00000000	 0.681	  0.634	  0.96	  0.01	  0.9972	 0.0000	 0.70875655	 0.0000	 0.22981877	 0.9726	 12.61194030	 73.13	  2.16	 0.1065	 
m60621c3r5.htb	 180.0	  0.03	 2.000	 10.00	  0.00	 40.00	   0.0	 0.9550	  5.03	 0.0150	  0.32	  0.30	 0.996	 0.00000713	 0.570	  0.756	  0.96	  0.01	  0.9543	 0.0002	 0.38806167	 0.0000	 0.62333406	 0.8911	 8.35820896	 93.09	 10.00	 0.3184	 
m60621c3r5.htb	 180.0	  0.03	 2.000	 10.00	  0.00	 40.00	   1.0	 0.9550	  3.77	 0.0150	  0.24	  0.30	 1.004	 0.01367682	 0.500	  0.896	  0.96	  0.01	  0.8733	 0.0020	 0.19086233	 0.0002	 0.60259679	 0.8958	 6.64179104	 91.06	  2.67	 0.2361	 
m60621c4r5.htb	 180.0	  0.03	 2.000	  0.00	 -10.00	 40.00	   0.0	 0.9550	  8.91	 0.0150	  1.61	  2.19	 1.087	 0.00000044	 0.580	  0.848	  0.96	  0.01	  0.9402	 0.0003	 0.43340294	 0.0000	 0.80907563	 0.8473	 14.02985075	 93.89	  4.85	 1.6051	 
m60621c4r5.htb	 180.0	  0.03	 2.000	  0.00	 -10.00	 40.00	   1.0	 0.9550	  7.98	 0.0150	  1.58	  2.19	 1.097	 0.00044486	 0.507	  0.906	  0.96	  0.01	  0.9460	 0.0002	 0.29615364	 0.0000	 0.29506562	 0.9610	 12.83582090	 95.27	  1.46	 1.5477	 
m60621c5r5.htb	 130.0	  0.03	 2.000	 -10.00	 -10.00	 40.00	   0.0	 0.9550	 26.36	 0.0150	  1.15	  2.04	 1.039	 0.00000000	 0.727	  0.768	  0.96	  0.01	  0.9927	 0.0000	 0.87748226	 0.0000	 0.46978619	 0.9255	 27.15074884	 28.65	  2.15	 1.1016	 
m60621c5r5.htb	 130.0	  0.03	 2.000	 -10.00	 -10.00	 40.00	   1.0	 0.9550	 30.64	 0.0150	  0.56	  2.04	 1.054	 0.00000000	 0.748	  0.791	  0.96	  0.01	  0.9942	 0.0000	 0.88322450	 0.0000	 0.17469475	 0.9816	 35.26129397	 28.26	  1.52	 0.1644	 
m60621c6r5.htb	 180.0	  0.03	 2.000	  8.00	 -10.00	 40.00	   0.0	 0.9550	 10.16	 0.0150	  1.81	  2.34	 1.070	 0.00000005	 0.570	  0.757	  0.96	  0.01	  0.9499	 0.0002	 0.47556528	 0.0000	 0.51615048	 0.9153	 8.63323746	 21.31	  2.32	 1.7897	 
m60621c6r5.htb	 180.0	  0.03	 2.000	  8.00	 -10.00	 40.00	   1.0	 0.9550	 11.33	 0.0150	  2.04	  2.34	 1.049	 0.00000000	 0.641	  0.629	  0.96	  0.01	  0.9926	 0.0000	 0.63767835	 0.0000	 0.38355493	 0.9436	 9.59571798	 26.07	  2.64	 2.0355	 
m60623c3r5.htb	  90.0	  0.03	 2.000	 -5.00	 10.00	 40.00	   0.0	 0.9550	 23.64	 0.0150	  5.27	  5.32	 1.004	 0.00000000	 0.649	  0.749	  0.96	  0.01	  0.9807	 0.0000	 0.72832788	 0.0000	 0.40506385	 0.9392	 23.41771049	 53.35	  2.22	 5.2592	 
m60623c3r5.htb	  90.0	  0.03	 2.000	 -5.00	 10.00	 40.00	   1.0	 0.9550	 24.92	 0.0150	  4.51	  5.32	 1.024	 0.00000000	 0.677	  0.735	  0.96	  0.01	  0.9880	 0.0000	 0.79620004	 0.0000	 0.33374710	 0.9536	 22.31093832	 37.43	  2.54	 4.5046	 
m60623c4r5.htb	  90.0	  0.03	 2.000	  3.00	 -5.00	 40.00	   0.0	 0.9550	  2.96	 0.0150	  0.31	  0.41	 1.041	 0.00008840	 0.601	  0.510	  0.96	  0.01	  0.9165	 0.0007	 0.49785875	 0.0000	 0.73624583	 0.8646	 2.65731732	 24.80	  4.27	 0.3092	 
m60623c4r5.htb	  90.0	  0.03	 2.000	  3.00	 -5.00	 40.00	   1.0	 0.9550	  6.29	 0.0150	  0.44	  0.41	 1.003	 0.00000000	 0.639	  0.586	  0.96	  0.01	  0.9900	 0.0000	 0.76184742	 0.0000	 0.24791581	 0.9695	 6.70376214	 58.01	  3.86	 0.4408	 
m60626c2r5.htb	   0.0	  0.03	 2.000	 -8.00	 -8.00	 40.00	   0.0	 0.9550	 12.58	 0.0150	  5.12	  5.47	 1.073	 0.00000000	 0.660	  0.394	  0.96	  0.01	  0.9331	 0.0004	 0.58383395	 0.0000	 1.12393429	 0.7713	 15.63313611	 100.00	  1.07	 4.9521	 
m60626c2r5.htb	   0.0	  0.03	 2.000	 -8.00	 -8.00	 40.00	   1.0	 0.9550	 15.19	 0.0150	  5.13	  5.47	 1.056	 0.00000000	 0.689	  0.371	  0.96	  0.01	  0.9928	 0.0000	 0.76428685	 0.0000	 0.13252188	 0.9877	 12.45297650	 34.79	  1.48	 5.0149	 
m60628c1r5.htb	   0.0	  0.03	 2.000	  0.00	 -8.00	 40.00	   0.0	 0.9550	 16.59	 0.0150	  5.61	  5.52	 0.996	 0.00000718	 0.532	  0.931	  0.96	  0.01	  0.9445	 0.0003	 0.38393271	 0.0000	 0.25965247	 0.9674	 22.83641001	 100.00	  1.51	 5.5655	 
m60628c1r5.htb	   0.0	  0.03	 2.000	  0.00	 -8.00	 40.00	   1.0	 0.9550	 15.62	 0.0150	  3.78	  5.52	 1.246	 0.00000000	 0.642	  0.609	  0.96	  0.01	  0.9872	 0.0000	 0.58130305	 0.0000	 0.09368058	 0.9926	 24.92537313	 36.54	  0.54	 0.0000	 
m60628c2r5.htb	   0.0	  0.03	 2.000	 -8.00	 -10.00	 40.00	   0.0	 0.9550	  6.29	 0.0150	  1.54	  1.49	 0.991	 0.00000000	 0.637	  0.429	  0.96	  0.01	  0.9630	 0.0001	 0.59715563	 0.0000	 0.70324484	 0.8724	 5.44945396	 36.03	  1.98	 1.5341	 
m60628c2r5.htb	   0.0	  0.03	 2.000	 -8.00	 -10.00	 40.00	   1.0	 0.9550	  6.69	 0.0150	  1.11	  1.49	 1.061	 0.00000000	 0.587	  0.552	  0.96	  0.01	  0.9751	 0.0000	 0.61963807	 0.0000	 0.21696902	 0.9748	 10.44776119	 74.98	  0.95	 0.8677	 
m60703c1r5.htb	   0.0	  0.03	 2.000	 10.00	  8.00	 40.00	   0.0	 0.9550	 31.38	 0.0150	  5.65	  4.88	 0.977	 0.00000000	 0.676	  0.791	  0.96	  0.01	  0.9975	 0.0000	 0.81634387	 0.0000	 0.12048819	 0.9893	 27.16310472	 20.20	  1.94	 5.4820	 
m60703c1r5.htb	   0.0	  0.03	 2.000	 10.00	  8.00	 40.00	   1.0	 0.9550	 31.84	 0.0150	  3.81	  4.88	 1.028	 0.00000000	 0.700	  0.775	  0.96	  0.01	  0.9922	 0.0000	 0.83666261	 0.0000	 0.47585445	 0.9242	 30.40565553	 13.17	  1.55	 2.7863	 
m60703c1r5.htb	   0.0	  0.03	 2.000	 10.00	  8.00	 40.00	   0.0	 0.9550	 31.38	 0.0150	  5.65	  4.88	 0.977	 0.00000000	 0.676	  0.791	  0.96	  0.01	  0.9975	 0.0000	 0.81634391	 0.0000	 0.12048719	 0.9893	 27.16314829	 20.20	  1.94	 5.4820	 
m60703c1r5.htb	   0.0	  0.03	 2.000	 10.00	  8.00	 40.00	   1.0	 0.9550	 31.84	 0.0150	  3.81	  4.88	 1.028	 0.00000000	 0.700	  0.775	  0.96	  0.01	  0.9922	 0.0000	 0.83666264	 0.0000	 0.47585101	 0.9242	 30.40571660	 13.17	  1.55	 2.7863	 
m60703c2r5.htb	   0.0	  0.03	 2.000	  8.00	 10.00	 40.00	   0.0	 0.9550	 13.15	 0.0150	  0.58	  1.14	 1.095	 0.00000000	 0.726	  0.544	  0.96	  0.01	  0.9571	 0.0001	 0.77184639	 0.0000	 1.09494361	 0.7783	 15.22075052	 21.04	  1.22	 0.0000	 
m60703c2r5.htb	   0.0	  0.03	 2.000	  8.00	 10.00	 40.00	   1.0	 0.9550	 12.99	 0.0150	  0.62	  1.14	 1.088	 0.00000000	 0.719	  0.544	  0.96	  0.01	  0.9692	 0.0001	 0.78335135	 0.0000	 0.74989912	 0.8614	 13.66324142	 15.47	  1.48	 0.1984	 
m60703c3r5.htb	   0.0	  0.03	 2.000	 -5.00	 10.00	 40.00	   0.0	 0.9550	  6.92	 0.0150	  0.19	  0.35	 1.027	 0.00000000	 0.706	  0.504	  0.96	  0.01	  0.9864	 0.0000	 0.80849706	 0.0000	 1.00627273	 0.7997	 8.62013160	 47.99	  1.87	 0.1729	 
m60703c3r5.htb	   0.0	  0.03	 2.000	 -5.00	 10.00	 40.00	   1.0	 0.9550	  6.13	 0.0150	  0.31	  0.35	 1.018	 0.00000000	 0.686	  0.521	  0.96	  0.01	  0.9480	 0.0002	 0.72573772	 0.0000	 1.04513787	 0.7903	 5.82595697	 20.51	  4.78	 0.3071	 
m60705c1r5.htb	   0.0	  0.03	 2.000	  0.00	 -10.00	 40.00	   0.0	 0.9550	 12.52	 0.0150	  2.02	  2.94	 1.129	 0.00000000	 0.613	  0.671	  0.96	  0.01	  0.9617	 0.0001	 0.58489216	 0.0000	 0.59072868	 0.8986	 13.51763549	 30.95	  1.23	 1.7000	 
m60705c1r5.htb	   0.0	  0.03	 2.000	  0.00	 -10.00	 40.00	   1.0	 0.9550	 14.04	 0.0150	  2.53	  2.94	 1.080	 0.00000000	 0.675	  0.542	  0.96	  0.01	  0.9923	 0.0000	 0.70465558	 0.0000	 0.12527419	 0.9886	 11.94567244	 17.11	  2.03	 2.4436	 
m60705c2r5.htb	   0.0	  0.03	 2.000	 -5.00	 -10.00	 40.00	   0.0	 0.9550	  7.64	 0.0150	  1.23	  1.29	 1.012	 0.00000000	 0.673	  0.430	  0.96	  0.01	  0.9963	 0.0000	 0.82964855	 0.0000	 0.24836220	 0.9694	 11.64179104	 84.19	  1.64	 1.2164	 
m60705c2r5.htb	   0.0	  0.03	 2.000	 -5.00	 -10.00	 40.00	   1.0	 0.9550	  6.46	 0.0150	  1.01	  1.29	 1.096	 0.00000000	 0.618	  0.481	  0.96	  0.01	  0.9760	 0.0000	 0.59380267	 0.0000	 0.27947874	 0.9638	 10.44776119	 51.42	  0.68	 0.1497	 
m60705c3r5.htb	   0.0	  0.03	 2.000	  5.00	 -10.00	 40.00	   0.0	 0.9550	 30.37	 0.0150	  4.39	  6.61	 1.129	 0.00000000	 0.698	  0.745	  0.96	  0.01	  0.9949	 0.0000	 0.81768229	 0.0000	 0.44812834	 0.9301	 28.15237883	 13.97	  1.56	 3.5509	 
m60705c3r5.htb	   0.0	  0.03	 2.000	  5.00	 -10.00	 40.00	   1.0	 0.9550	 30.09	 0.0150	  6.71	  6.61	 1.081	 0.00000001	 0.649	  0.823	  0.96	  0.01	  0.9823	 0.0000	 0.71894360	 0.0000	 1.16802588	 0.7607	 24.91871804	 11.14	  1.66	 5.8487	 
m60712c1r5.htb	   0.0	  0.03	 2.000	  3.00	 -5.00	 40.00	   0.0	 0.9550	 12.28	 0.0150	  4.63	  4.73	 1.024	 0.00000226	 0.543	  0.620	  0.96	  0.01	  0.9487	 0.0002	 0.40768016	 0.0000	 0.20227878	 0.9772	 15.92747662	 100.00	  1.25	 4.5445	 
m60712c1r5.htb	   0.0	  0.03	 2.000	  3.00	 -5.00	 40.00	   1.0	 0.9550	 13.72	 0.0150	  4.14	  4.73	 1.058	 0.00000000	 0.609	  0.562	  0.96	  0.01	  0.9724	 0.0000	 0.53810645	 0.0000	 0.42469772	 0.9351	 13.08380331	 42.78	  1.33	 3.9847	 
m60712c1r5.htb	   0.0	  0.03	 2.000	  3.00	 -5.00	 40.00	   0.0	 0.9550	 12.28	 0.0150	  4.63	  4.73	 1.024	 0.00000226	 0.543	  0.620	  0.96	  0.01	  0.9487	 0.0002	 0.40768005	 0.0000	 0.20227849	 0.9772	 15.92747543	 100.00	  1.25	 4.5444	 
m60712c1r5.htb	   0.0	  0.03	 2.000	  3.00	 -5.00	 40.00	   1.0	 0.9550	 13.72	 0.0150	  4.14	  4.73	 1.058	 0.00000000	 0.609	  0.562	  0.96	  0.01	  0.9724	 0.0000	 0.53810745	 0.0000	 0.42476949	 0.9351	 13.08518049	 42.79	  1.33	 3.9844	 
m60717c3r5.htb	 150.0	  0.03	 2.000	 -10.00	 -10.00	 40.00	   0.0	 0.9550	 23.16	 0.0150	  0.26	  0.30	 1.013	 0.00000000	 0.704	  0.971	  0.96	  0.01	  0.9650	 0.0001	 0.77997891	 0.0000	 0.64309331	 0.8865	 35.89552239	 60.95	  1.33	 0.0000	 
m60717c3r5.htb	 150.0	  0.03	 2.000	 -10.00	 -10.00	 40.00	   1.0	 0.9550	 24.68	 0.0150	  0.06	  0.30	 1.013	 0.00000000	 0.766	  0.749	  0.96	  0.01	  0.9849	 0.0000	 0.83889265	 0.0000	 1.23826283	 0.7438	 27.19427974	 31.11	  2.04	 0.0000	 
m60814c1r5.htb	   0.0	  0.03	 2.000	  0.00	  0.00	 40.00	   0.0	 0.9550	 13.21	 0.0150	  0.12	  0.60	 1.040	 0.00000000	 0.747	  0.606	  0.96	  0.01	  0.9836	 0.0000	 0.85441976	 0.0000	 0.59775774	 0.8969	 21.64179104	 74.49	  1.73	 0.0933	 
m60814c1r5.htb	   0.0	  0.03	 2.000	  0.00	  0.00	 40.00	   1.0	 0.9550	 13.59	 0.0150	  0.16	  0.60	 1.039	 0.00000000	 0.724	  0.636	  0.96	  0.01	  0.9971	 0.0000	 0.80113916	 0.0000	 0.14994286	 0.9852	 21.04477612	 66.61	  1.60	 0.1124	 
m60814c2r5.htb	   0.0	  0.03	 2.000	  0.00	  0.00	 40.00	   0.0	 0.9550	 24.07	 0.0150	 12.32	 13.50	 1.114	 0.00088795	 0.538	  0.690	  0.96	  0.01	  0.9116	 0.0008	 0.37985327	 0.0000	 0.39399702	 0.9415	 18.21913643	 67.58	  1.75	 12.2952	 
m60814c2r5.htb	   0.0	  0.03	 2.000	  0.00	  0.00	 40.00	   1.0	 0.9550	 27.80	 0.0150	 12.65	 13.50	 1.080	 0.00000014	 0.617	  0.567	  0.96	  0.01	  0.9820	 0.0000	 0.62850758	 0.0000	 0.13424215	 0.9874	 22.80419880	 65.61	  1.83	 12.6247	 
m60814c3r5.htb	  50.0	  0.03	 2.000	 -10.00	 10.00	 40.00	   0.0	 0.9550	  0.81	 0.0150	  0.23	  0.25	 1.042	 0.01238469	 0.417	  0.447	  0.96	  0.01	  0.7371	 0.0134	 0.16335467	 0.0005	 5.56508436	 0.1348	 0.58050070	 32.30	  7.57	 0.2256	 
m60814c3r5.htb	  50.0	  0.03	 2.000	 -10.00	 10.00	 40.00	   1.0	 0.9550	  0.86	 0.0150	  0.18	  0.25	 1.084	 0.00196463	 0.438	  0.457	  0.96	  0.01	  0.8222	 0.0048	 0.22568705	 0.0000	 0.26457276	 0.9665	 0.68108595	 23.08	 10.00	 0.1756	 
m60814c4r5.htb	  50.0	  0.03	 2.000	 -10.00	 10.00	 40.00	   0.0	 0.9550	 22.95	 0.0150	  9.26	  9.39	 1.010	 0.00000000	 0.670	  0.463	  0.96	  0.01	  0.9795	 0.0000	 0.69293748	 0.0000	 0.57281338	 0.9026	 16.63025109	 51.19	  2.47	 9.2582	 
m60814c4r5.htb	  50.0	  0.03	 2.000	 -10.00	 10.00	 40.00	   1.0	 0.9550	 23.31	 0.0150	  9.46	  9.39	 1.009	 0.00000000	 0.694	  0.400	  0.96	  0.01	  0.9900	 0.0000	 0.76169761	 0.0000	 0.29054093	 0.9618	 20.33751867	 51.88	  1.32	 9.2648	 
m60822c1r5.htb	   0.0	  0.03	 2.000	 -10.00	  0.00	 40.00	   0.0	 0.9550	 18.43	 0.0150	  0.17	  0.60	 1.024	 0.00000000	 0.788	  0.526	  0.96	  0.01	  0.9980	 0.0000	 0.93830923	 0.0000	 0.09167156	 0.9928	 20.22516516	 39.66	  2.54	 0.1639	 
m60822c1r5.htb	   0.0	  0.03	 2.000	 -10.00	  0.00	 40.00	   1.0	 0.9550	 18.77	 0.0150	  0.14	  0.60	 1.025	 0.00000000	 0.801	  0.499	  0.96	  0.01	  0.9999	 0.0000	 0.94909107	 0.0000	 0.02368652	 0.9990	 19.64281851	 32.10	  2.68	 0.1358	 
m60822c2r5.htb	 230.0	  0.03	 2.000	  0.00	 -5.00	 40.00	   0.0	 0.9550	 14.21	 0.0150	  0.24	  0.45	 1.015	 0.00000000	 0.750	  0.590	  0.96	  0.01	  0.9978	 0.0000	 0.86694906	 0.0000	 0.40140247	 0.9400	 16.37827557	 48.05	  2.56	 0.2398	 
m60822c2r5.htb	 230.0	  0.03	 2.000	  0.00	 -5.00	 40.00	   1.0	 0.9550	 15.70	 0.0150	  0.40	  0.45	 1.009	 0.00000000	 0.724	  0.669	  0.96	  0.01	  0.9980	 0.0000	 0.83977271	 0.0000	 0.17925675	 0.9809	 17.03967608	 38.01	  2.36	 0.3936	 
