FILE			 PrfOR	 PrfSF	 PrfTF	 RFXctr	 RFYctr	 RFDiam	 Direction		 Slope	 Int		 RsqMn	 PMn		 RsqRaw	 PRaw		 
m60208c1r9.htb	  30.0	  0.05	 2.000	  0.00	  0.00	 45.00	 45.0000		 0.0114	 8.1615	 0.0431	 0.6550	 0.0067	 0.6401	 
m60208c1r9.htb	  30.0	  0.05	 2.000	  0.00	  0.00	 45.00	 225.0000		 0.0294	 8.4691	 0.5893	 0.0439	 0.0550	 0.1749	 
m60213c1r9.htb	  30.0	  0.03	 2.000	 -5.00	 10.00	 40.00	 100.0000		 0.0305	 6.2305	 0.4365	 0.1062	 0.1612	 0.0015	 
m60213c1r9.htb	  30.0	  0.03	 2.000	 -5.00	 10.00	 40.00	 280.0000		 0.0120	 6.6159	 0.8164	 0.0053	 0.0275	 0.2133	 
m60217c1r9.htb	  50.0	  0.05	 2.000	 10.00	 15.00	 50.00	 50.0000		 0.0126	 12.9453	 0.2582	 0.2443	 0.0185	 0.3127	 
m60217c1r9.htb	  50.0	  0.05	 2.000	 10.00	 15.00	 50.00	 230.0000		 0.0184	 12.6427	 0.3958	 0.1301	 0.0350	 0.1596	 
m60220c2r9.htb	   0.0	  0.03	 2.000	  0.00	 15.00	 50.00	 0.0000		 0.0131	 5.6127	 0.1260	 0.4346	 0.0204	 0.2386	 
m60220c2r9.htb	   0.0	  0.03	 2.000	  0.00	 15.00	 50.00	 180.0000		 0.0071	 6.9154	 0.0849	 0.5261	 0.0052	 0.5512	 
m60220c3r9.htb	 225.0	  0.03	 4.000	 10.00	 10.00	 50.00	 225.0000		 0.0080	 6.1140	 0.2244	 0.2829	 0.0193	 0.2519	 
m60220c3r9.htb	 225.0	  0.03	 4.000	 10.00	 10.00	 50.00	 405.0000		 -0.0028	 6.3805	 0.0251	 0.7346	 0.0024	 0.6897	 
m60220c6r10.htb	  30.0	  0.03	 2.000	  0.00	 10.00	 40.00	 45.0000		 0.0015	 10.2219	 0.0024	 0.9175	 0.0002	 0.9396	 
m60220c6r10.htb	  30.0	  0.03	 2.000	  0.00	 10.00	 40.00	 225.0000		 -0.0084	 9.7798	 0.0468	 0.6412	 0.0084	 0.6001	 
m60221c1r9.htb	   0.0	  0.03	 4.000	 -10.00	 10.00	 50.00	 0.0000		 0.0379	 3.5958	 0.8458	 0.0034	 0.2879	 0.0000	 
m60221c1r9.htb	   0.0	  0.03	 4.000	 -10.00	 10.00	 50.00	 180.0000		 0.0280	 3.1904	 0.8842	 0.0016	 0.1991	 0.0001	 
m60221c2r10.htb	   0.0	  0.03	 4.000	  0.00	 20.00	 60.00	 0.0000		 0.0116	 2.1856	 0.3712	 0.1465	 0.0670	 0.1332	 
m60221c2r10.htb	   0.0	  0.03	 4.000	  0.00	 20.00	 60.00	 180.0000		 0.0269	 1.8831	 0.9457	 0.0002	 0.2997	 0.0007	 
m60221c3r10.htb	   0.0	  0.03	 2.000	  3.00	  8.00	 40.00	 0.0000		 0.0549	 8.5143	 0.9690	 0.0001	 0.3199	 0.0004	 
m60221c3r10.htb	   0.0	  0.03	 2.000	  3.00	  8.00	 40.00	 180.0000		 0.0018	 9.3326	 0.0057	 0.8724	 0.0005	 0.8971	 
m60221c4r9.htb	 220.0	  0.03	 2.000	  8.00	  0.00	 50.00	 220.0000		 0.0044	 0.7188	 0.4127	 0.1198	 0.0400	 0.2493	 
m60221c4r9.htb	 220.0	  0.03	 2.000	  8.00	  0.00	 50.00	 400.0000		 -0.0017	 0.8292	 0.0810	 0.5362	 0.0090	 0.5887	 
m60227c1r9.htb	 100.0	  0.05	 2.000	  5.00	  0.00	 40.00	 100.0000		 0.0062	 3.6124	 0.1756	 0.3494	 0.0153	 0.3083	 
m60227c1r9.htb	 100.0	  0.05	 2.000	  5.00	  0.00	 40.00	 280.0000		 0.0080	 3.1521	 0.2960	 0.2068	 0.0283	 0.1641	 
m60404c1r9.htb	   0.0	  0.03	 2.000	  0.00	  0.00	 40.00	 0.0000		 0.0019	 12.0438	 0.0056	 0.8734	 0.0004	 0.9101	 
m60404c1r9.htb	   0.0	  0.03	 2.000	  0.00	  0.00	 40.00	 180.0000		 0.0188	 11.2289	 0.1376	 0.4127	 0.0367	 0.2700	 
m60411c1r9.htb	 270.0	  0.03	 2.000	 -10.00	 -5.00	 60.00	 270.0000		 -0.0102	 5.8792	 0.0560	 0.6095	 0.0176	 0.4479	 
m60411c1r9.htb	 270.0	  0.03	 2.000	 -10.00	 -5.00	 60.00	 450.0000		 0.0047	 5.1873	 0.0106	 0.8260	 0.0041	 0.7133	 
m60413c1r9.htb	 270.0	  0.03	 2.000	 -5.00	 -25.00	 60.00	 270.0000		 0.0254	 10.0538	 0.4890	 0.0804	 0.1394	 0.0271	 
m60413c1r9.htb	 270.0	  0.03	 2.000	 -5.00	 -25.00	 60.00	 450.0000		 0.0166	 10.5364	 0.4820	 0.0835	 0.0730	 0.1164	 
m60418c3r9.htb	   0.0	  0.03	 2.000	  0.00	 -10.00	 50.00	 0.0000		 0.0537	 18.8083	 0.4260	 0.1120	 0.1337	 0.0308	 
m60418c3r9.htb	   0.0	  0.03	 2.000	  0.00	 -10.00	 50.00	 180.0000		 0.0667	 17.7595	 0.6755	 0.0233	 0.2530	 0.0021	 
m60418c4r9.htb	   0.0	  0.03	 2.000	  0.00	 -10.00	 50.00	 0.0000		 0.0208	 12.7535	 0.4435	 0.1024	 0.0741	 0.1136	 
m60418c4r9.htb	   0.0	  0.03	 2.000	  0.00	 -10.00	 50.00	 180.0000		 0.0229	 13.3082	 0.2995	 0.2036	 0.0741	 0.1136	 
m60420c3r9.htb	   0.0	  0.03	 2.000	 -5.00	  5.00	 40.00	 0.0000		 0.0138	 18.7579	 0.0504	 0.6285	 0.0060	 0.6581	 
m60420c3r9.htb	   0.0	  0.03	 2.000	 -5.00	  5.00	 40.00	 180.0000		 -0.0119	 21.9294	 0.0497	 0.6308	 0.0093	 0.5818	 
m60420c4r9.htb	   0.0	  0.03	 2.000	 10.00	 -8.00	 40.00	 0.0000		 0.0157	 22.1302	 0.0565	 0.6076	 0.0099	 0.5692	 
m60420c4r9.htb	   0.0	  0.03	 2.000	 10.00	 -8.00	 40.00	 180.0000		 0.0794	 18.3656	 0.6788	 0.0227	 0.1799	 0.0111	 
m60420c5r9.htb	   0.0	  0.03	 2.000	  8.00	 -5.00	 40.00	 0.0000		 0.0161	 23.5855	 0.0328	 0.6975	 0.0066	 0.6436	 
m60420c5r9.htb	   0.0	  0.03	 2.000	  8.00	 -5.00	 40.00	 180.0000		 0.0652	 22.8444	 0.6731	 0.0238	 0.0905	 0.0792	 
m60424c6r9.htb	   0.0	  0.03	 2.000	 -5.00	 -5.00	 30.00	 0.0000		 0.0149	 29.8290	 0.0873	 0.5200	 0.0201	 0.4164	 
m60424c6r9.htb	   0.0	  0.03	 2.000	 -5.00	 -5.00	 30.00	 180.0000		 0.0222	 30.6674	 0.1476	 0.3949	 0.0332	 0.2950	 
m60515c4r9.htb	   0.0	  0.03	 2.000	 -10.00	 10.00	 40.00	 0.0000		 0.0096	 2.3829	 0.2686	 0.2334	 0.0570	 0.1672	 
m60515c4r9.htb	   0.0	  0.03	 2.000	 -10.00	 10.00	 40.00	 180.0000		 0.0065	 2.6934	 0.1284	 0.4300	 0.0189	 0.4307	 
m60518c3r9.htb	   0.0	  0.03	 2.000	 10.00	  5.00	 40.00	 0.0000		 0.0228	 13.3659	 0.3286	 0.1785	 0.0738	 0.1145	 
m60518c3r9.htb	   0.0	  0.03	 2.000	 10.00	  5.00	 40.00	 180.0000		 0.0013	 12.9559	 0.0046	 0.8848	 0.0003	 0.9215	 
m60524c6r9.htb	   0.0	  0.03	 2.000	 -12.00	 -8.00	 40.00	 0.0000		 0.0265	 2.7889	 0.6075	 0.0388	 0.1989	 0.0072	 
m60524c6r9.htb	   0.0	  0.03	 2.000	 -12.00	 -8.00	 40.00	 180.0000		 0.0036	 3.2710	 0.0136	 0.8032	 0.0026	 0.7731	 
m60629c1r9.htb	   0.0	  0.03	 2.000	  0.00	 -5.00	 40.00	 0.0000		 0.0903	 11.1416	 0.6808	 0.0223	 0.4238	 0.0034	 
m60629c1r9.htb	   0.0	  0.03	 2.000	  0.00	 -5.00	 40.00	 180.0000		 0.1122	 9.7982	 0.6865	 0.0213	 0.5131	 0.0004	 
m60629c2r9.htb	   0.0	  0.03	 2.000	  8.00	 -12.00	 40.00	 0.0000		 0.0644	 28.5395	 0.7878	 0.0077	 0.2396	 0.0028	 
m60629c2r9.htb	   0.0	  0.03	 2.000	  8.00	 -12.00	 40.00	 180.0000		 0.0077	 30.9784	 0.0321	 0.7005	 0.0053	 0.6783	 
m60630c1r9.htb	   0.0	  0.03	 2.000	  0.00	 -8.00	 60.00	 0.0000		 0.0543	 6.7965	 0.7438	 0.0125	 0.2782	 0.0011	 
m60630c1r9.htb	   0.0	  0.03	 2.000	  0.00	 -8.00	 60.00	 180.0000		 -0.0013	 8.5086	 0.0015	 0.9353	 0.0002	 0.9373	 
m60630c2r9.htb	  20.0	  0.03	 2.000	  0.00	 10.00	 50.00	 180.0000		 0.0263	 11.3238	 0.1543	 0.3834	 0.0386	 0.2581	 
m60630c2r9.htb	  20.0	  0.03	 2.000	  0.00	 10.00	 50.00	 360.0000		 0.0849	 9.7295	 0.8011	 0.0065	 0.3644	 0.0001	 
m60706c1r9.htb	   0.0	  0.03	 2.000	 10.00	  0.00	 60.00	 0.0000		 0.0339	 14.7990	 0.7603	 0.0105	 0.1121	 0.0493	 
m60706c1r9.htb	   0.0	  0.03	 2.000	 10.00	  0.00	 60.00	 180.0000		 0.0466	 13.8220	 0.4156	 0.1180	 0.1799	 0.0124	 
m60706c2r9.htb	   0.0	  0.03	 2.000	  0.00	 -10.00	 40.00	 0.0000		 0.0384	 13.5964	 0.4138	 0.1191	 0.1074	 0.0546	 
m60706c2r9.htb	   0.0	  0.03	 2.000	  0.00	 -10.00	 40.00	 180.0000		 0.0524	 14.8636	 0.4686	 0.0898	 0.1127	 0.0487	 
m60706c3r9.htb	   0.0	  0.03	 2.000	 -5.00	 -10.00	 40.00	 0.0000		 0.0180	 19.5683	 0.3818	 0.1392	 0.0437	 0.2279	 
m60706c3r9.htb	   0.0	  0.03	 2.000	 -5.00	 -10.00	 40.00	 180.0000		 -0.0035	 20.2510	 0.0082	 0.8472	 0.0020	 0.7973	 
m60706c4r9.htb	   0.0	  0.03	 2.000	 10.00	 -10.00	 40.00	 0.0000		 0.0024	 5.5933	 0.0096	 0.8340	 0.0011	 0.8529	 
m60706c4r9.htb	   0.0	  0.03	 2.000	 10.00	 -10.00	 40.00	 180.0000		 0.0106	 5.6390	 0.0652	 0.5804	 0.0144	 0.4926	 
m60711c2r9.htb	   0.0	  0.03	 2.000	 -5.00	  8.00	 40.00	 0.0000		 0.0248	 29.0055	 0.5047	 0.0736	 0.0419	 0.2379	 
m60711c2r9.htb	   0.0	  0.03	 2.000	 -5.00	  8.00	 40.00	 180.0000		 0.0478	 28.1375	 0.6494	 0.0286	 0.1473	 0.0229	 
m60712c2r9.htb	 300.0	  0.03	 2.000	 -5.00	  5.00	 40.00	 300.0000		 0.0240	 13.8451	 0.2714	 0.2305	 0.0192	 0.4279	 
m60712c2r9.htb	 300.0	  0.03	 2.000	 -5.00	  5.00	 40.00	 480.0000		 0.0174	 14.2243	 0.3072	 0.1967	 0.0162	 0.4660	 
m60713c1r9.htb	  50.0	  0.03	 2.000	  8.00	  0.00	 60.00	 50.0000		 0.0051	 0.3240	 0.5616	 0.0525	 0.0963	 0.0089	 
m60713c1r9.htb	  50.0	  0.03	 2.000	  8.00	  0.00	 60.00	 230.0000		 0.0034	 0.1570	 0.8590	 0.0027	 0.1036	 0.0066	 
m60713c2r9.htb	   0.0	  0.03	 2.000	 -10.00	 10.00	 60.00	 0.0000		 0.0090	 0.8909	 0.3677	 0.1489	 0.0869	 0.0856	 
m60713c2r9.htb	   0.0	  0.03	 2.000	 -10.00	 10.00	 60.00	 180.0000		 0.0171	 0.8280	 0.6518	 0.0281	 0.2252	 0.0040	 
m60713c3r9.htb	   0.0	  0.03	 2.000	  0.00	  0.00	 40.00	 0.0000		 0.0075	 2.6677	 0.1853	 0.3350	 0.0189	 0.4315	 
m60713c3r9.htb	   0.0	  0.03	 2.000	  0.00	  0.00	 40.00	 180.0000		 0.0090	 2.9405	 0.1065	 0.4751	 0.0316	 0.3073	 
m60714c1r9.htb	   0.0	  0.03	 2.000	  5.00	  3.00	 40.00	 0.0000		 0.0045	 2.7786	 0.1024	 0.4842	 0.0159	 0.4706	 
m60714c1r9.htb	   0.0	  0.03	 2.000	  5.00	  3.00	 40.00	 180.0000		 -0.0092	 3.1206	 0.3741	 0.1444	 0.0485	 0.2037	 
m60714c2r9.htb	   0.0	  0.03	 2.000	 -5.00	 -8.00	 40.00	 0.0000		 0.0046	 1.6795	 0.2161	 0.2933	 0.0161	 0.4676	 
m60714c2r9.htb	   0.0	  0.03	 2.000	 -5.00	 -8.00	 40.00	 180.0000		 0.0003	 1.7110	 0.0008	 0.9509	 0.0001	 0.9658	 
m60714c3r9.htb	   0.0	  0.03	 2.000	 -8.00	  0.00	 40.00	 0.0000		 0.0778	 24.0230	 0.6024	 0.0402	 0.2759	 0.0012	 
m60714c3r9.htb	   0.0	  0.03	 2.000	 -8.00	  0.00	 40.00	 180.0000		 0.0422	 24.7092	 0.5045	 0.0737	 0.0881	 0.0834	 
m60714c4r9.htb	 120.0	  0.03	 2.000	 -5.00	  8.00	 60.00	 120.0000		 0.0117	 6.7313	 0.1873	 0.3321	 0.0328	 0.2975	 
m60714c4r9.htb	 120.0	  0.03	 2.000	 -5.00	  8.00	 60.00	 300.0000		 0.0362	 6.2938	 0.8521	 0.0030	 0.2411	 0.0027	 
m60717c1r9.htb	 170.0	  0.03	 2.000	 -8.00	 -8.00	 40.00	 30.0000		 0.0208	 3.7697	 0.6231	 0.0348	 0.0815	 0.0965	 
m60717c1r9.htb	 170.0	  0.03	 2.000	 -8.00	 -8.00	 40.00	 210.0000		 0.0111	 4.0047	 0.4724	 0.0879	 0.0247	 0.3669	 
m60717c2r9.htb	 150.0	  0.03	 2.000	  8.00	 -10.00	 40.00	 150.0000		 0.0147	 4.7315	 0.5240	 0.0659	 0.0438	 0.2276	 
m60717c2r9.htb	 150.0	  0.03	 2.000	  8.00	 -10.00	 40.00	 330.0000		 0.0138	 4.6131	 0.1604	 0.3733	 0.0323	 0.3016	 
m60719c1r9.htb	 170.0	  0.03	 2.000	  5.00	 -10.00	 20.00	 170.0000		 -0.0045	 9.2903	 0.0241	 0.7396	 0.0013	 0.8392	 
m60719c1r9.htb	 170.0	  0.03	 2.000	  5.00	 -10.00	 20.00	 350.0000		 -0.0136	 9.3675	 0.0909	 0.5110	 0.0089	 0.5909	 
m60719c4r9.htb	  30.0	  0.03	 2.000	 -5.00	 10.00	 40.00	 30.0000		 -0.0137	 6.3727	 0.1425	 0.4038	 0.0490	 0.2014	 
m60719c4r9.htb	  30.0	  0.03	 2.000	 -5.00	 10.00	 40.00	 210.0000		 0.0026	 5.2742	 0.0228	 0.7467	 0.0030	 0.7560	 
m60719c4r9.htb	  30.0	  0.03	 2.000	 -5.00	 10.00	 40.00	 30.0000		 -0.0137	 6.3727	 0.1425	 0.4038	 0.0490	 0.2014	 
m60719c4r9.htb	  30.0	  0.03	 2.000	 -5.00	 10.00	 40.00	 210.0000		 0.0026	 5.2742	 0.0228	 0.7467	 0.0030	 0.7560	 
m60721c1r9.htb	   0.0	  0.03	 2.000	  0.00	 -5.00	 40.00	 0.0000		 0.0231	 16.6415	 0.2202	 0.2881	 0.0227	 0.3875	 
m60721c1r9.htb	   0.0	  0.03	 2.000	  0.00	 -5.00	 40.00	 180.0000		 0.0501	 16.7890	 0.5411	 0.0595	 0.1087	 0.0531	 
m60721c1r9.htb	   0.0	  0.03	 2.000	  0.00	 -5.00	 40.00	 0.0000		 0.0231	 16.6415	 0.2202	 0.2881	 0.0227	 0.3875	 
m60721c1r9.htb	   0.0	  0.03	 2.000	  0.00	 -5.00	 40.00	 180.0000		 0.0501	 16.7890	 0.5411	 0.0595	 0.1087	 0.0531	 
m60721c2r9.htb	   0.0	  0.03	 2.000	  8.00	 -5.00	 40.00	 0.0000		 0.0234	 21.1975	 0.3922	 0.1324	 0.0200	 0.4181	 
m60721c2r9.htb	   0.0	  0.03	 2.000	  8.00	 -5.00	 40.00	 180.0000		 0.0369	 20.9710	 0.4081	 0.1225	 0.0794	 0.1010	 
m60721c3r9.htb	   0.0	  0.03	 2.000	 -5.00	  0.00	 40.00	 0.0000		 -0.0249	 15.4886	 0.3081	 0.1959	 0.0422	 0.2363	 
m60721c3r9.htb	   0.0	  0.03	 2.000	 -5.00	  0.00	 40.00	 180.0000		 -0.0409	 15.7820	 0.5236	 0.0660	 0.0921	 0.0764	 
m60724c2r9.htb	 150.0	  0.03	 2.000	 -5.00	  5.00	 40.00	 150.0000		 0.0095	 6.7276	 0.2225	 0.2853	 0.0160	 0.2972	 
m60724c2r9.htb	 150.0	  0.03	 2.000	 -5.00	  5.00	 40.00	 330.0000		 0.0078	 6.2049	 0.1505	 0.3898	 0.0113	 0.3815	 
m60724c3r9.htb	 150.0	  0.03	 2.000	  0.00	  0.00	 40.00	 150.0000		 0.0111	 7.9276	 0.2678	 0.2343	 0.0215	 0.4004	 
m60724c3r9.htb	 150.0	  0.03	 2.000	  0.00	  0.00	 40.00	 330.0000		 0.0218	 7.6377	 0.2889	 0.2134	 0.0771	 0.1064	 
m60724c4r9.htb	 150.0	  0.03	 2.000	  0.00	 -3.00	 40.00	 150.0000		 0.0015	 7.6909	 0.0065	 0.8640	 0.0005	 0.9015	 
m60724c4r9.htb	 150.0	  0.03	 2.000	  0.00	 -3.00	 40.00	 330.0000		 0.0070	 8.1535	 0.0330	 0.6966	 0.0080	 0.6084	 
m60724c5r9.htb	 150.0	  0.03	 2.000	 -5.00	 -10.00	 40.00	 150.0000		 0.0701	 29.0673	 0.6845	 0.0216	 0.2326	 0.0033	 
m60724c5r9.htb	 150.0	  0.03	 2.000	 -5.00	 -10.00	 40.00	 330.0000		 0.0283	 31.5526	 0.2043	 0.3086	 0.0605	 0.1542	 
m60724c6r9.htb	  50.0	  0.03	 2.000	 -5.00	 -10.00	 40.00	 50.0000		 -0.0034	 12.2314	 0.0095	 0.8355	 0.0027	 0.7677	 
m60724c6r9.htb	  50.0	  0.03	 2.000	 -5.00	 -10.00	 40.00	 230.0000		 0.0076	 12.3154	 0.0910	 0.5108	 0.0092	 0.5846	 
m60725c2r9.htb	   0.0	  0.03	 2.000	  8.00	  0.00	 40.00	 0.0000		 0.0693	 20.0046	 0.7196	 0.0158	 0.1366	 0.0289	 
m60725c2r9.htb	   0.0	  0.03	 2.000	  8.00	  0.00	 40.00	 180.0000		 0.0160	 23.2167	 0.0801	 0.5385	 0.0068	 0.6375	 
m60726c1r9.htb	   0.0	  0.03	 2.000	  5.00	 -10.00	 40.00	 0.0000		 0.0664	 11.7384	 0.8412	 0.0036	 0.2840	 0.0010	 
m60726c1r9.htb	   0.0	  0.03	 2.000	  5.00	 -10.00	 40.00	 180.0000		 0.0660	 10.4563	 0.9360	 0.0004	 0.4098	 0.0000	 
m60726c2r9.htb	   0.0	  0.03	 2.000	  5.00	 -5.00	 20.00	 0.0000		 -0.0023	 23.7588	 0.0033	 0.9021	 0.0004	 0.9074	 
m60726c2r9.htb	   0.0	  0.03	 2.000	  5.00	 -5.00	 20.00	 180.0000		 0.0236	 21.7882	 0.1523	 0.3868	 0.0220	 0.3956	 
m60726c3r9.htb	   0.0	  0.03	 2.000	  0.00	 -5.00	 40.00	 0.0000		 0.0620	 8.9235	 0.8658	 0.0024	 0.3283	 0.0000	 
m60726c3r9.htb	   0.0	  0.03	 2.000	  0.00	 -5.00	 40.00	 180.0000		 0.0781	 8.9621	 0.8902	 0.0014	 0.4750	 0.0000	 
m60726c4r9.htb	   0.0	  0.03	 2.000	  3.00	 -5.00	 40.00	 0.0000		 0.0504	 7.0721	 0.5632	 0.0520	 0.2922	 0.0008	 
m60726c4r9.htb	   0.0	  0.03	 2.000	  3.00	 -5.00	 40.00	 180.0000		 0.0236	 7.7297	 0.5072	 0.0726	 0.1161	 0.0451	 
m60726c6r9.htb	   0.0	  0.03	 2.000	  0.00	  0.00	 40.00	 0.0000		 0.0302	 6.0994	 0.6658	 0.0252	 0.2101	 0.0056	 
m60726c6r9.htb	   0.0	  0.03	 2.000	  0.00	  0.00	 40.00	 180.0000		 0.0346	 6.2075	 0.9426	 0.0003	 0.1531	 0.0201	 
m60727c1r9.htb	   0.0	  0.03	 2.000	  0.00	 -5.00	 40.00	 0.0000		 0.0232	 6.7307	 0.2729	 0.2291	 0.0772	 0.1060	 
m60727c1r9.htb	   0.0	  0.03	 2.000	  0.00	 -5.00	 40.00	 180.0000		 0.0277	 6.5380	 0.5766	 0.0477	 0.1219	 0.0398	 
m60727c2r9.htb	   0.0	  0.03	 2.000	  0.00	  0.00	 40.00	 0.0000		 -0.0027	 1.2403	 0.0335	 0.6943	 0.0058	 0.6631	 
m60727c2r9.htb	   0.0	  0.03	 2.000	  0.00	  0.00	 40.00	 180.0000		 0.0039	 0.7623	 0.1164	 0.4539	 0.0351	 0.2814	 
m60801c2r9.htb	   0.0	  0.03	 2.000	  0.00	  0.00	 40.00	 0.0000		 0.0152	 16.1897	 0.2956	 0.2071	 0.0244	 0.3706	 
m60801c2r9.htb	   0.0	  0.03	 2.000	  0.00	  0.00	 40.00	 180.0000		 -0.0063	 17.1150	 0.1053	 0.4776	 0.0054	 0.6756	 
m60801c3r9.htb	   0.0	  0.03	 2.000	  0.00	 -10.00	 40.00	 0.0000		 0.0416	 27.1730	 0.2715	 0.2305	 0.0564	 0.2235	 
m60801c3r9.htb	   0.0	  0.03	 2.000	  0.00	 -10.00	 40.00	 180.0000		 0.0236	 27.4257	 0.1137	 0.4595	 0.0193	 0.4563	 
m60803c1r9.htb	   0.0	  0.03	 2.000	  8.00	 -5.00	 40.00	 0.0000		 -0.0044	 6.5014	 0.0385	 0.6734	 0.0034	 0.7377	 
m60803c1r9.htb	   0.0	  0.03	 2.000	  8.00	 -5.00	 40.00	 180.0000		 -0.0017	 6.6701	 0.0064	 0.8643	 0.0005	 0.9003	 
m60803c3r9.htb	   0.0	  0.03	 2.000	  0.00	  0.00	 40.00	 0.0000		 -0.0163	 12.9102	 0.4827	 0.0832	 0.0819	 0.0955	 
m60803c3r9.htb	   0.0	  0.03	 2.000	  0.00	  0.00	 40.00	 180.0000		 0.0098	 11.8151	 0.1873	 0.3321	 0.0199	 0.4193	 
m60803c4r9.htb	 180.0	  0.03	 2.000	  0.00	  0.00	 40.00	 180.0000		 0.0144	 9.4013	 0.1930	 0.3240	 0.0282	 0.3350	 
m60803c4r9.htb	 180.0	  0.03	 2.000	  0.00	  0.00	 40.00	 360.0000		 0.0153	 9.1914	 0.3792	 0.1410	 0.0305	 0.3155	 
m60808c1r9.htb	   0.0	  0.03	 2.000	  5.00	 -10.00	 40.00	 0.0000		 0.0040	 3.3882	 0.0668	 0.5757	 0.0098	 0.5715	 
m60808c1r9.htb	   0.0	  0.03	 2.000	  5.00	 -10.00	 40.00	 180.0000		 0.0108	 2.9611	 0.1712	 0.3561	 0.0561	 0.1707	 
m60808c2r9.htb	   0.0	  0.03	 2.000	  0.00	  0.00	 40.00	 0.0000		 0.0369	 17.2477	 0.6985	 0.0192	 0.1878	 0.0093	 
m60808c2r9.htb	   0.0	  0.03	 2.000	  0.00	  0.00	 40.00	 180.0000		 0.0094	 17.8973	 0.3620	 0.1529	 0.0105	 0.5588	 
m60809c1r9.htb	   0.0	  0.03	 2.000	  0.00	 -5.00	 40.00	 0.0000		 -0.0078	 18.8763	 0.0343	 0.6908	 0.0042	 0.7120	 
m60809c1r9.htb	   0.0	  0.03	 2.000	  0.00	 -5.00	 40.00	 180.0000		 -0.0087	 18.3188	 0.1119	 0.4634	 0.0080	 0.6095	 
m60809c2r9.htb	   0.0	  0.03	 2.000	  0.00	 -5.00	 40.00	 0.0000		 0.0088	 4.5794	 0.4397	 0.1045	 0.0316	 0.1411	 
m60809c2r9.htb	   0.0	  0.03	 2.000	  0.00	 -5.00	 40.00	 180.0000		 0.0103	 4.5171	 0.3462	 0.1646	 0.0418	 0.0894	 
m60809c3r9.htb	   0.0	  0.03	 2.000	  5.00	  0.00	 40.00	 0.0000		 0.0091	 14.7761	 0.3122	 0.1923	 0.0177	 0.4462	 
m60809c3r9.htb	   0.0	  0.03	 2.000	  5.00	  0.00	 40.00	 180.0000		 -0.0056	 15.6310	 0.0265	 0.7274	 0.0040	 0.7165	 
m60809c4r9.htb	   0.0	  0.03	 2.000	 10.00	  2.00	 40.00	 0.0000		 -0.0683	 22.9666	 0.6337	 0.0322	 0.4043	 0.0046	 
m60809c4r9.htb	   0.0	  0.03	 2.000	 10.00	  2.00	 40.00	 180.0000		 -0.0816	 22.5701	 0.5688	 0.0501	 0.3258	 0.0209	 
m60809c5r9.htb	   0.0	  0.03	 2.000	  0.00	  0.00	 40.00	 0.0000		 0.0112	 12.3189	 0.0428	 0.6562	 0.0114	 0.5408	 
m60809c5r9.htb	   0.0	  0.03	 2.000	  0.00	  0.00	 40.00	 180.0000		 -0.0158	 12.8541	 0.0859	 0.5236	 0.0206	 0.4105	 
m60810c2r9.htb	   0.0	  0.03	 2.000	  0.00	  5.00	 40.00	 0.0000		 -0.0090	 26.6118	 0.0324	 0.6993	 0.0024	 0.7777	 
m60810c2r9.htb	   0.0	  0.03	 2.000	  0.00	  5.00	 40.00	 180.0000		 0.0283	 24.5605	 0.1518	 0.3877	 0.0190	 0.4302	 
m60810c3r9.htb	   0.0	  0.03	 2.000	  5.00	 -10.00	 40.00	 0.0000		 0.0246	 27.2471	 0.2003	 0.3139	 0.0529	 0.1840	 
m60810c3r9.htb	   0.0	  0.03	 2.000	  5.00	 -10.00	 40.00	 180.0000		 0.0426	 27.0435	 0.4999	 0.0756	 0.1852	 0.0099	 
m60810c4r9.htb	   0.0	  0.03	 2.000	  5.00	 -5.00	 40.00	 0.0000		 0.0109	 4.8499	 0.2573	 0.2452	 0.0201	 0.4161	 
m60810c4r9.htb	   0.0	  0.03	 2.000	  5.00	 -5.00	 40.00	 180.0000		 0.0122	 4.5011	 0.7981	 0.0067	 0.0384	 0.2589	 
m60810c5r9.htb	   0.0	  0.03	 2.000	 -5.00	 -10.00	 40.00	 0.0000		 0.0007	 14.6640	 0.0004	 0.9669	 0.0001	 0.9641	 
m60810c5r9.htb	   0.0	  0.03	 2.000	 -5.00	 -10.00	 40.00	 180.0000		 0.0382	 13.2607	 0.5788	 0.0470	 0.2263	 0.0039	 
m60811c1r9.htb	   0.0	  0.03	 2.000	  0.00	  0.00	 40.00	 0.0000		 -0.0139	 12.4595	 0.2101	 0.3010	 0.0241	 0.3732	 
m60811c1r9.htb	   0.0	  0.03	 2.000	  0.00	  0.00	 40.00	 180.0000		 -0.0004	 11.9941	 0.0006	 0.9600	 0.0000	 0.9710	 
m60811c2r9.htb	   0.0	  0.03	 2.000	 -5.00	 -8.00	 40.00	 0.0000		 -0.0028	 10.0417	 0.0209	 0.7571	 0.0016	 0.8185	 
m60811c2r9.htb	   0.0	  0.03	 2.000	 -5.00	 -8.00	 40.00	 180.0000		 0.0023	 9.6037	 0.0143	 0.7986	 0.0024	 0.7784	 
m60811c3r9.htb	 120.0	  0.03	 2.000	  0.00	  5.00	 40.00	 120.0000		 -0.0109	 5.6419	 0.4009	 0.1269	 0.0281	 0.3357	 
m60811c3r9.htb	 120.0	  0.03	 2.000	  0.00	  5.00	 40.00	 300.0000		 -0.0038	 4.8379	 0.0328	 0.6975	 0.0051	 0.6845	 
m60811c4r9.htb	   0.0	  0.03	 2.000	  0.00	  0.00	 40.00	 0.0000		 0.0305	 25.6796	 0.3135	 0.1911	 0.0717	 0.1198	 
m60811c4r9.htb	   0.0	  0.03	 2.000	  0.00	  0.00	 40.00	 180.0000		 0.0596	 24.5325	 0.9052	 0.0010	 0.2376	 0.0030	 
m60811c5r9.htb	   0.0	  0.03	 2.000	 10.00	  5.00	 40.00	 0.0000		 0.0041	 1.4651	 0.1072	 0.4735	 0.0235	 0.3797	 
m60811c5r9.htb	   0.0	  0.03	 2.000	 10.00	  5.00	 40.00	 180.0000		 -0.0063	 1.9626	 0.1851	 0.3353	 0.0347	 0.2841	 
m60815c1r9.htb	 150.0	  0.03	 2.000	  8.00	 -10.00	 40.00	 150.0000		 0.0432	 10.5507	 0.4417	 0.1034	 0.0784	 0.1032	 
m60815c1r9.htb	 150.0	  0.03	 2.000	  8.00	 -10.00	 40.00	 330.0000		 -0.0121	 11.7144	 0.0368	 0.6802	 0.0075	 0.6207	 
m60815c2r9.htb	   0.0	  0.03	 2.000	 10.00	 -10.00	 40.00	 0.0000		 0.0044	 23.5907	 0.0139	 0.8011	 0.0015	 0.8234	 
m60815c2r9.htb	   0.0	  0.03	 2.000	 10.00	 -10.00	 40.00	 180.0000		 0.0618	 21.0333	 0.8077	 0.0059	 0.1892	 0.0090	 
m60815c4r9.htb	 180.0	  0.03	 2.000	 -5.00	  5.00	 60.00	 180.0000		 0.0041	 13.2350	 0.0034	 0.9010	 0.0003	 0.9268	 
m60815c4r9.htb	 180.0	  0.03	 2.000	 -5.00	  5.00	 60.00	 360.0000		 0.0310	 10.8269	 0.1648	 0.3661	 0.0171	 0.4534	 
m60821c1r9.htb	   0.0	  0.03	 2.000	  0.00	 -10.00	 60.00	 0.0000		 0.0017	 8.0574	 0.0027	 0.9119	 0.0003	 0.9196	 
m60821c1r9.htb	   0.0	  0.03	 2.000	  0.00	 -10.00	 60.00	 180.0000		 0.0099	 8.2456	 0.0993	 0.4911	 0.0126	 0.5203	 
m60821c2r9.htb	  90.0	  0.03	 2.000	 -5.00	 -10.00	 60.00	 90.0000		 0.0046	 5.7317	 0.0664	 0.5768	 0.0050	 0.6863	 
m60821c2r9.htb	  90.0	  0.03	 2.000	 -5.00	 -10.00	 60.00	 270.0000		 0.0219	 4.8905	 0.7443	 0.0124	 0.1888	 0.0091	 
m60821c3r9.htb	 110.0	  0.03	 2.000	 -10.00	  0.00	 40.00	 110.0000		 0.0240	 7.4770	 0.4227	 0.1139	 0.0604	 0.1548	 
m60821c3r9.htb	 110.0	  0.03	 2.000	 -10.00	  0.00	 40.00	 290.0000		 0.0510	 7.3964	 0.6079	 0.0387	 0.2833	 0.0010	 
m60822c3r9.htb	   0.0	  0.03	 2.000	 -8.00	 -10.00	 40.00	 0.0000		 0.0012	 2.6551	 0.0029	 0.9095	 0.0009	 0.8627	 
m60822c3r9.htb	   0.0	  0.03	 2.000	 -8.00	 -10.00	 40.00	 180.0000		 -0.0017	 2.9468	 0.0271	 0.7243	 0.0022	 0.7883	 
m60822c4r9.htb	 240.0	  0.03	 2.000	 -8.00	  0.00	 40.00	 240.0000		 -0.0230	 14.0118	 0.3384	 0.1707	 0.0652	 0.2082	 
m60822c4r9.htb	 240.0	  0.03	 2.000	 -8.00	  0.00	 40.00	 420.0000		 -0.0336	 13.8379	 0.5497	 0.0565	 0.1672	 0.0342	 
m60823c1r9.htb	   0.0	  0.03	 2.000	 10.00	  5.00	 40.00	 0.0000		 0.0712	 24.7864	 0.6128	 0.0374	 0.2462	 0.0024	 
m60823c1r9.htb	   0.0	  0.03	 2.000	 10.00	  5.00	 40.00	 180.0000		 0.0504	 26.1903	 0.6053	 0.0394	 0.1466	 0.0232	 
m60823c2r9.htb	  70.0	  0.03	 2.000	  0.00	  0.00	 40.00	 70.0000		 0.0196	 8.9186	 0.8374	 0.0039	 0.0998	 0.0646	 
m60823c2r9.htb	  70.0	  0.03	 2.000	  0.00	  0.00	 40.00	 250.0000		 0.0110	 8.8963	 0.3220	 0.1839	 0.0360	 0.2753	 
m60823c3r9.htb	  70.0	  0.03	 2.000	 -5.00	  0.00	 40.00	 70.0000		 0.0119	 22.3206	 0.0476	 0.6382	 0.0051	 0.6829	 
m60823c3r9.htb	  70.0	  0.03	 2.000	 -5.00	  0.00	 40.00	 250.0000		 0.0114	 23.4128	 0.0298	 0.7114	 0.0050	 0.6850	 
m60823c4r9.htb	   0.0	  0.03	 2.000	 -10.00	  0.00	 40.00	 0.0000		 0.0187	 17.9425	 0.2542	 0.2485	 0.0623	 0.1481	 
m60823c4r9.htb	   0.0	  0.03	 2.000	 -10.00	  0.00	 40.00	 180.0000		 0.0213	 17.1316	 0.5042	 0.0738	 0.0638	 0.1431	 
m60824c1r9.htb	   0.0	  0.03	 2.000	 -5.00	  5.00	 40.00	 0.0000		 -0.0010	 23.7382	 0.0003	 0.9685	 0.0001	 0.9592	 
m60824c1r9.htb	   0.0	  0.03	 2.000	 -5.00	  5.00	 40.00	 180.0000		 -0.0039	 23.9149	 0.0058	 0.8706	 0.0012	 0.8441	 
m60824c2r9.htb	   0.0	  0.03	 2.000	 -5.00	 -5.00	 40.00	 0.0000		 -0.0084	 15.3388	 0.0735	 0.5564	 0.0131	 0.5129	 
m60824c2r9.htb	   0.0	  0.03	 2.000	 -5.00	 -5.00	 40.00	 180.0000		 0.0218	 14.1471	 0.6679	 0.0248	 0.1100	 0.0516	 
m60824c3r9.htb	   0.0	  0.03	 2.000	 -5.00	  0.00	 40.00	 0.0000		 -0.0181	 13.0588	 0.0913	 0.5101	 0.0239	 0.3757	 
m60824c3r9.htb	   0.0	  0.03	 2.000	 -5.00	  0.00	 40.00	 180.0000		 0.0272	 12.6797	 0.1785	 0.3450	 0.0402	 0.2483	 
m60830c1r9.htb	 180.0	  0.03	 2.000	 -8.00	 -10.00	 40.00	 180.0000		 0.0169	 26.0073	 0.1132	 0.4607	 0.0204	 0.4132	 
m60830c1r9.htb	 180.0	  0.03	 2.000	 -8.00	 -10.00	 40.00	 360.0000		 0.0305	 26.7193	 0.6342	 0.0321	 0.0949	 0.0718	 
m60830c2r9.htb	  90.0	  0.03	 2.000	  0.00	 -10.00	 40.00	 90.0000		 0.0045	 16.3098	 0.0478	 0.6375	 0.0057	 0.6672	 
m60830c2r9.htb	  90.0	  0.03	 2.000	  0.00	 -10.00	 40.00	 270.0000		 0.0339	 15.5104	 0.6819	 0.0221	 0.1957	 0.0078	 
m60831c1r9.htb	  90.0	  0.03	 2.000	 10.00	  0.00	 40.00	 90.0000		 0.0451	 12.1776	 0.6076	 0.0388	 0.1705	 0.0137	 
m60831c1r9.htb	  90.0	  0.03	 2.000	 10.00	  0.00	 40.00	 270.0000		 0.0626	 13.9172	 0.5914	 0.0433	 0.2513	 0.0022	 
m60831c4r9.htb	  50.0	  0.03	 8.000	  5.00	  0.00	 60.00	 50.0000		 -0.0030	 7.1310	 0.0044	 0.8881	 0.0004	 0.9099	 
m60831c4r9.htb	  50.0	  0.03	 8.000	  5.00	  0.00	 60.00	 230.0000		 0.0031	 6.0839	 0.0048	 0.8833	 0.0005	 0.8981	 
m60907c1r9.htb	 180.0	  0.03	 2.000	 10.00	  8.00	 40.00	 180.0000		 -0.0018	 1.1571	 0.0484	 0.6354	 0.0042	 0.5959	 
m60907c1r9.htb	 180.0	  0.03	 2.000	 10.00	  8.00	 40.00	 360.0000		 0.0007	 1.0977	 0.0121	 0.8143	 0.0005	 0.8516	 
m60907c2r9.htb	 120.0	  0.03	 2.000	 10.00	 -10.00	 40.00	 120.0000		 -0.0170	 3.3774	 0.3602	 0.1542	 0.0828	 0.0937	 
m60907c2r9.htb	 120.0	  0.03	 2.000	 10.00	 -10.00	 40.00	 300.0000		 -0.0052	 2.9548	 0.0885	 0.5171	 0.0084	 0.6006	 
m60907c3r9.htb	 230.0	  0.03	 2.000	  0.00	 -15.00	 40.00	 230.0000		 -0.0036	 10.7446	 0.0052	 0.8776	 0.0009	 0.8655	 
m60907c3r9.htb	 230.0	  0.03	 2.000	  0.00	 -15.00	 40.00	 410.0000		 -0.0053	 9.9937	 0.0231	 0.7448	 0.0036	 0.7323	 
m61024c1r9.htb	   0.0	  0.03	 2.000	  0.00	 10.00	 40.00	 0.0000		 0.0187	 7.4095	 0.2320	 0.2738	 0.0569	 0.1676	 
m61024c1r9.htb	   0.0	  0.03	 2.000	  0.00	 10.00	 40.00	 180.0000		 0.0268	 7.9693	 0.2492	 0.2541	 0.0692	 0.1269	 
m61106c4r9.htb	  90.0	  0.03	 2.000	  0.00	 -10.00	 40.00	 90.0000		 0.0202	 11.3759	 0.4181	 0.1165	 0.0360	 0.1154	 
m61106c4r9.htb	  90.0	  0.03	 2.000	  0.00	 -10.00	 40.00	 270.0000		 0.0292	 11.6655	 0.7165	 0.0163	 0.0692	 0.0289	 
m61108c2r9.htb	 180.0	  0.03	 2.000	  0.00	 -10.00	 40.00	 180.0000		 0.0003	 14.1554	 0.0005	 0.9623	 0.0000	 0.9838	 
m61108c2r9.htb	 180.0	  0.03	 2.000	  0.00	 -10.00	 40.00	 360.0000		 0.0851	 13.2072	 0.7772	 0.0087	 0.2891	 0.0000	 
m61108c3r9.htb	 180.0	  0.03	 2.000	 -10.00	 -20.00	 40.00	 180.0000		 0.0091	 8.0528	 0.2440	 0.2599	 0.0196	 0.2481	 
m61108c3r9.htb	 180.0	  0.03	 2.000	 -10.00	 -20.00	 40.00	 360.0000		 -0.0052	 9.4084	 0.0810	 0.5361	 0.0065	 0.5085	 
m61108c5r9.htb	 180.0	  0.03	 2.000	  0.00	  0.00	 40.00	 180.0000		 0.0398	 26.5209	 0.7305	 0.0143	 0.0889	 0.0230	 
m61108c5r9.htb	 180.0	  0.03	 2.000	  0.00	  0.00	 40.00	 360.0000		 0.0282	 27.1767	 0.4140	 0.1190	 0.0632	 0.0593	 
m61128c2r9.htb	 180.0	  0.03	 2.000	  5.00	  0.00	 40.00	 180.0000		 -0.0047	 17.8607	 0.0159	 0.7875	 0.0013	 0.7654	 
m61128c2r9.htb	 180.0	  0.03	 2.000	  5.00	  0.00	 40.00	 360.0000		 -0.0113	 17.9047	 0.0582	 0.6022	 0.0090	 0.4349	 
m61201c3r9.htb	 270.0	  0.10	 2.000	 -5.00	 -10.00	 40.00	 0.0000		 0.0664	 12.4215	 0.7236	 0.0153	 0.1971	 0.0001	 
m61201c3r9.htb	 270.0	  0.10	 2.000	 -5.00	 -10.00	 40.00	 180.0000		 0.0303	 13.8320	 0.4297	 0.1099	 0.0392	 0.1005	 
