FILE			 PrfOR	 PrfSF	 PrfTF	 RFXctr	 RFYctr	 RFDiam	 Direction		 Slope	 Int		 RsqMn	 PMn		 RsqRaw	 PRaw		 
m60321c1r9.htb	   0.0	  0.03	 2.000	  0.00	 -10.00	 50.00	 0.0000		 -0.0024	 4.9397	 0.0135	 0.8040	 0.0011	 0.7843	 
m60321c1r9.htb	   0.0	  0.03	 2.000	  0.00	 -10.00	 50.00	 180.0000		 -0.0011	 4.4782	 0.0069	 0.8594	 0.0003	 0.8865	 
m60321c2r9.htb	 270.0	  0.03	 2.000	 -10.00	 -10.00	 50.00	 360.0000		 -0.0001	 1.2827	 0.0002	 0.9747	 0.0000	 0.9775	 
m60321c2r9.htb	 270.0	  0.03	 2.000	 -10.00	 -10.00	 50.00	 540.0000		 0.0066	 1.0985	 0.4735	 0.0874	 0.0594	 0.1582	 
m60321c3r9.htb	 270.0	  0.03	 2.000	 -5.00	 -15.00	 40.00	 360.0000		 0.0051	 2.5333	 0.2887	 0.2136	 0.0213	 0.4033	 
m60321c3r9.htb	 270.0	  0.03	 2.000	 -5.00	 -15.00	 40.00	 540.0000		 0.0112	 2.8375	 0.3611	 0.1535	 0.0808	 0.0980	 
m60322c1r9.htb	  60.0	  0.03	 4.000	 10.00	 -10.00	 50.00	 120.0000		 0.0149	 6.4471	 0.3227	 0.1834	 0.0325	 0.3004	 
m60322c1r9.htb	  60.0	  0.03	 4.000	 10.00	 -10.00	 50.00	 300.0000		 0.0639	 6.5775	 0.8258	 0.0046	 0.3189	 0.0004	 
m60322c2r9.htb	   0.0	  0.03	 4.000	 10.00	 -10.00	 40.00	 0.0000		 0.0288	 12.7209	 0.5194	 0.0677	 0.0845	 0.0903	 
m60322c2r9.htb	   0.0	  0.03	 4.000	 10.00	 -10.00	 40.00	 180.0000		 0.0371	 12.5510	 0.5210	 0.0670	 0.1143	 0.0470	 
m60322c3r9.htb	   0.0	  0.03	 4.000	  0.00	 -12.00	 50.00	 0.0000		 0.0427	 10.2951	 0.7827	 0.0081	 0.2922	 0.0008	 
m60322c3r9.htb	   0.0	  0.03	 4.000	  0.00	 -12.00	 50.00	 180.0000		 0.0249	 11.8316	 0.4780	 0.0853	 0.1099	 0.0517	 
m60323c1r9.htb	 130.0	  0.03	 2.000	 -10.00	 -20.00	 50.00	 130.0000		 0.0142	 4.8299	 0.3683	 0.1485	 0.0349	 0.2825	 
m60323c1r9.htb	 130.0	  0.03	 2.000	 -10.00	 -20.00	 50.00	 310.0000		 0.0249	 4.0567	 0.8439	 0.0035	 0.1577	 0.0182	 
m60323c2r9.htb	 360.0	  0.03	 2.000	 10.00	 -15.00	 30.00	 360.0000		 -0.0017	 4.3672	 0.0062	 0.8670	 0.0010	 0.8540	 
m60323c2r9.htb	 360.0	  0.03	 2.000	 10.00	 -15.00	 30.00	 540.0000		 0.0135	 4.8625	 0.4014	 0.1266	 0.0576	 0.1649	 
m60323c3r9.htb	 220.0	  0.03	 2.000	  5.00	 -18.00	 40.00	 220.0000		 0.0006	 6.8788	 0.0003	 0.9699	 0.0001	 0.9523	 
m60323c3r9.htb	 220.0	  0.03	 2.000	  5.00	 -18.00	 40.00	 400.0000		 -0.0202	 6.7198	 0.2926	 0.2099	 0.1104	 0.0512	 
m60324c1r9.htb	 130.0	  0.03	 2.000	  0.00	 -5.00	 40.00	 130.0000		 0.0339	 7.2500	 0.2655	 0.2366	 0.0871	 0.0852	 
m60324c1r9.htb	 130.0	  0.03	 2.000	  0.00	 -5.00	 40.00	 310.0000		 0.0185	 8.4470	 0.1401	 0.4082	 0.0339	 0.2971	 
m60324c2r9.htb	  40.0	  0.03	 2.000	  0.00	 -10.00	 40.00	 40.0000		 0.0278	 7.2883	 0.6884	 0.0209	 0.1097	 0.0520	 
m60324c2r9.htb	  40.0	  0.03	 2.000	  0.00	 -10.00	 40.00	 220.0000		 0.0229	 7.4512	 0.2951	 0.2076	 0.0621	 0.1490	 
m60405c1r9.htb	 240.0	  0.03	 2.000	 -5.00	 -10.00	 40.00	 240.0000		 0.0216	 11.7370	 0.7268	 0.0148	 0.0469	 0.0718	 
m60405c1r9.htb	 240.0	  0.03	 2.000	 -5.00	 -10.00	 40.00	 420.0000		 0.0327	 12.2442	 0.7760	 0.0088	 0.1002	 0.0076	 
m60405c2r9.htb	 270.0	  0.03	 2.000	 -10.00	 -15.00	 40.00	 270.0000		 0.0102	 4.4707	 0.2678	 0.2342	 0.0371	 0.2677	 
m60405c2r9.htb	 270.0	  0.03	 2.000	 -10.00	 -15.00	 40.00	 450.0000		 0.0064	 4.8161	 0.3507	 0.1613	 0.0122	 0.5279	 
m60405c3r9.htb	 270.0	  0.03	 2.000	 -5.00	 -15.00	 40.00	 330.0000		 -0.0110	 6.0136	 0.2347	 0.2705	 0.0390	 0.2553	 
m60405c3r9.htb	 270.0	  0.03	 2.000	 -5.00	 -15.00	 40.00	 510.0000		 -0.0169	 6.2166	 0.4153	 0.1182	 0.0710	 0.1218	 
m60405c4r9.htb	 300.0	  0.03	 2.000	  0.00	 -10.00	 40.00	 300.0000		 0.0110	 3.6093	 0.0443	 0.6507	 0.0087	 0.6872	 
m60405c4r9.htb	 300.0	  0.03	 2.000	  0.00	 -10.00	 40.00	 480.0000		 -0.0278	 5.3039	 0.3052	 0.1984	 0.0437	 0.3907	 
m60406c1r9.htb	   0.0	  0.03	 2.000	  8.00	 -10.00	 40.00	 120.0000		 0.0282	 6.5820	 0.6242	 0.0345	 0.1130	 0.0483	 
m60406c1r9.htb	   0.0	  0.03	 2.000	  8.00	 -10.00	 40.00	 300.0000		 0.0164	 7.3723	 0.3402	 0.1693	 0.0346	 0.2849	 
m60406c2r9.htb	   0.0	  0.03	 2.000	  0.00	 -10.00	 40.00	 0.0000		 0.0884	 19.1439	 0.7442	 0.0125	 0.2248	 0.0040	 
m60406c2r9.htb	   0.0	  0.03	 2.000	  0.00	 -10.00	 40.00	 180.0000		 0.0794	 19.3755	 0.4429	 0.1027	 0.1933	 0.0082	 
m60406c3r9.htb	  40.0	  0.03	 2.000	  5.00	 -10.00	 30.00	 40.0000		 0.0461	 3.6215	 0.7053	 0.0181	 0.3066	 0.0006	 
m60406c3r9.htb	  40.0	  0.03	 2.000	  5.00	 -10.00	 30.00	 220.0000		 0.0131	 4.3918	 0.0771	 0.5466	 0.0190	 0.4293	 
m60411c2r9.htb	 180.0	  0.03	 2.000	 -10.00	  5.00	 50.00	 180.0000		 0.0103	 3.3882	 0.6144	 0.0370	 0.0603	 0.0404	 
m60411c2r9.htb	 180.0	  0.03	 2.000	 -10.00	  5.00	 50.00	 360.0000		 0.0204	 3.3036	 0.7671	 0.0097	 0.1536	 0.0008	 
m60412c1r9.htb	 240.0	  0.03	 2.000	 -10.00	 -10.00	 40.00	 240.0000		 0.0277	 5.6556	 0.4960	 0.0773	 0.1514	 0.0209	 
m60412c1r9.htb	 240.0	  0.03	 2.000	 -10.00	 -10.00	 40.00	 420.0000		 0.0203	 5.7729	 0.4228	 0.1138	 0.1062	 0.0561	 
m60412c2r9.htb	   0.0	  0.03	 2.000	 -10.00	 -15.00	 40.00	 0.0000		 0.0105	 5.2428	 0.4028	 0.1257	 0.0373	 0.2666	 
m60412c2r9.htb	   0.0	  0.03	 2.000	 -10.00	 -15.00	 40.00	 180.0000		 0.0008	 5.2651	 0.0007	 0.9560	 0.0002	 0.9406	 
m70918c1r9.htb	 240.0	  0.03	 2.000	 -3.00	 -3.00	 35.00	 0.0000		 -0.0089	 4.5785	 0.3528	 0.1596	 0.0131	 0.3453	 
m70918c1r9.htb	 240.0	  0.03	 2.000	 -3.00	 -3.00	 35.00	 180.0000		 0.0049	 4.3572	 0.1812	 0.3411	 0.0059	 0.5281	 
m70918c2r9.htb	   0.0	  0.03	 2.000	  0.00	  0.00	 35.00	 0.0000		 0.0033	 6.2978	 0.0824	 0.5325	 0.0023	 0.7349	 
m70918c2r9.htb	   0.0	  0.03	 2.000	  0.00	  0.00	 35.00	 180.0000		 0.0101	 6.0618	 0.0914	 0.5098	 0.0118	 0.4430	 
m70919c1r9.htb	   0.0	  0.03	 2.000	 -3.00	 -2.00	 35.00	 0.0000		 0.0027	 11.7885	 0.0169	 0.7814	 0.0009	 0.8105	 
m70919c1r9.htb	   0.0	  0.03	 2.000	 -3.00	 -2.00	 35.00	 180.0000		 0.0339	 10.4998	 0.7727	 0.0092	 0.1058	 0.0060	 
m70919c2r9.htb	   0.0	  0.03	 2.000	 -5.00	 -10.00	 35.00	 180.0000		 0.0047	 2.2888	 0.2612	 0.2411	 0.0223	 0.2168	 
m70919c2r9.htb	   0.0	  0.03	 2.000	 -5.00	 -10.00	 35.00	 360.0000		 -0.0005	 2.3803	 0.0172	 0.7794	 0.0002	 0.8984	 
m70919c3r9.htb	   0.0	  0.03	 2.000	 -3.00	  2.00	 30.00	 180.0000		 0.0031	 3.8826	 0.0517	 0.6237	 0.0035	 0.6271	 
m70919c3r9.htb	   0.0	  0.03	 2.000	 -3.00	  2.00	 30.00	 360.0000		 0.0049	 3.7542	 0.1112	 0.4648	 0.0117	 0.3738	 
m70920c1r9.htb	   0.0	  0.03	 2.000	  0.00	  3.00	 40.00	 90.0000		 0.0251	 7.9825	 0.4006	 0.1271	 0.1338	 0.0106	 
m70920c1r9.htb	   0.0	  0.03	 2.000	  0.00	  3.00	 40.00	 270.0000		 0.0192	 8.5039	 0.3183	 0.1871	 0.0530	 0.1114	 
m70920c3r9.htb	   0.0	  0.03	 2.000	  5.00	 -10.00	 35.00	 90.0000		 -0.0147	 15.0417	 0.2883	 0.2140	 0.0103	 0.4024	 
m70920c3r9.htb	   0.0	  0.03	 2.000	  5.00	 -10.00	 35.00	 270.0000		 0.0572	 13.9023	 0.8510	 0.0031	 0.1559	 0.0007	 
m70925c1r9.htb	   0.0	  0.03	 2.000	  0.00	 -5.00	 50.00	 90.0000		 0.0009	 7.4954	 0.0037	 0.8975	 0.0001	 0.8876	 
m70925c1r9.htb	   0.0	  0.03	 2.000	  0.00	 -5.00	 50.00	 270.0000		 0.0026	 7.2281	 0.0571	 0.6059	 0.0016	 0.6426	 
m70925c2r9.htb	   0.0	  0.03	 2.000	  8.00	 -8.00	 35.00	 90.0000		 -0.0066	 5.9298	 0.0896	 0.5144	 0.0066	 0.5043	 
m70925c2r9.htb	   0.0	  0.03	 2.000	  8.00	 -8.00	 35.00	 270.0000		 0.0103	 4.8150	 0.5275	 0.0645	 0.0326	 0.1345	 
m70925c3r9.htb	   0.0	  0.03	 2.000	  0.00	 -5.00	 25.00	 90.0000		 0.0046	 5.2628	 0.1944	 0.3221	 0.0050	 0.5590	 
m70925c3r9.htb	   0.0	  0.03	 2.000	  0.00	 -5.00	 25.00	 270.0000		 0.0172	 4.6835	 0.6918	 0.0203	 0.0796	 0.0180	 
m71003c1r9.htb	   0.0	  0.03	 2.000	 -3.00	  3.00	 35.00	 0.0000		 0.0159	 5.6076	 0.3783	 0.1415	 0.0439	 0.0816	 
m71003c1r9.htb	   0.0	  0.03	 2.000	 -3.00	  3.00	 35.00	 180.0000		 0.0187	 5.7534	 0.7620	 0.0103	 0.0902	 0.0115	 
m71004c1r9.htb	   0.0	  0.03	 2.000	  5.00	  0.00	 35.00	 0.0000		 -0.0031	 13.6724	 0.0052	 0.8775	 0.0004	 0.8720	 
m71004c1r9.htb	   0.0	  0.03	 2.000	  5.00	  0.00	 35.00	 180.0000		 -0.0017	 14.1391	 0.0042	 0.8907	 0.0001	 0.9354	 
m71004c2r9.htb	   0.0	  0.03	 2.000	  0.00	 10.00	 25.00	 0.0000		 0.0056	 23.3656	 0.0266	 0.7267	 0.0008	 0.8147	 
m71004c2r9.htb	   0.0	  0.03	 2.000	  0.00	 10.00	 25.00	 180.0000		 0.0171	 24.1619	 0.0808	 0.5368	 0.0076	 0.4736	 
m71005c1r9.htb	   0.0	  0.03	 2.000	  0.00	  0.00	 40.00	 0.0000		 0.0076	 3.2461	 0.3540	 0.1588	 0.0381	 0.1052	 
m71005c1r9.htb	   0.0	  0.03	 2.000	  0.00	  0.00	 40.00	 180.0000		 -0.0090	 3.7053	 0.5273	 0.0646	 0.0410	 0.0927	 
m71005c2r9.htb	   0.0	  0.03	 2.000	  0.00	  5.00	 35.00	 0.0000		 -0.0056	 4.5365	 0.2948	 0.2079	 0.0142	 0.3266	 
m71005c2r9.htb	   0.0	  0.03	 2.000	  0.00	  5.00	 35.00	 180.0000		 -0.0032	 4.3738	 0.0838	 0.5288	 0.0065	 0.5060	 
m71016c1r9.htb	  90.0	  0.03	 2.000	  0.00	 -12.00	 40.00	 0.0000		 0.0316	 27.1389	 0.2005	 0.3137	 0.0077	 0.3019	 
m71016c1r9.htb	  90.0	  0.03	 2.000	  0.00	 -12.00	 40.00	 180.0000		 0.0110	 28.2942	 0.0800	 0.5389	 0.0010	 0.7063	 
m71129c1r9.htb	   0.0	  0.03	 2.000	  0.00	 -7.00	 40.00	 0.0000		 -0.0071	 2.3455	 0.3538	 0.1589	 0.0149	 0.3140	 
m71129c1r9.htb	   0.0	  0.03	 2.000	  0.00	 -7.00	 40.00	 180.0000		 -0.0052	 2.2737	 0.0897	 0.5141	 0.0052	 0.5531	 
m71129c2r9.htb	   0.0	  0.03	 2.000	  0.00	 -8.00	 30.00	 0.0000		 0.0105	 2.9116	 0.3390	 0.1702	 0.0215	 0.2261	 
m71129c2r9.htb	   0.0	  0.03	 2.000	  0.00	 -8.00	 30.00	 180.0000		 0.0071	 2.9410	 0.2290	 0.2773	 0.0169	 0.2835	 
m71129c3r9.htb	 120.0	  0.03	 2.000	  5.00	 -5.00	 40.00	 0.0000		 0.0022	 1.5474	 0.0167	 0.7825	 0.0010	 0.7920	 
m71129c3r9.htb	 120.0	  0.03	 2.000	  5.00	 -5.00	 40.00	 180.0000		 -0.0030	 1.7948	 0.1356	 0.4164	 0.0018	 0.7252	 
m71203c1r9.htb	   0.0	  0.03	 2.000	  0.00	 -10.00	 40.00	 0.0000		 0.0032	 4.1274	 0.0979	 0.4943	 0.0020	 0.7112	 
m71203c1r9.htb	   0.0	  0.03	 2.000	  0.00	 -10.00	 40.00	 180.0000		 0.0115	 4.1720	 0.2155	 0.2940	 0.0215	 0.2255	 
m71205c2r9.htb	   0.0	  0.03	 2.000	  0.00	  3.00	 30.00	 0.0000		 -0.0160	 7.8841	 0.2303	 0.2758	 0.0037	 0.6146	 
m71205c2r9.htb	   0.0	  0.03	 2.000	  0.00	  3.00	 30.00	 180.0000		 0.0036	 8.2381	 0.0098	 0.8326	 0.0002	 0.9183	 
m71205c3r9.htb	   0.0	  0.03	 2.000	  5.00	  5.00	 30.00	 0.0000		 0.0255	 30.3217	 0.2417	 0.2625	 0.0178	 0.2709	 
m71205c3r9.htb	   0.0	  0.03	 2.000	  5.00	  5.00	 30.00	 180.0000		 0.1137	 29.4359	 0.9184	 0.0007	 0.2404	 0.0000	 
m71206c1r9.htb	   0.0	  0.03	 2.000	 -5.00	 -10.00	 30.00	 0.0000		 0.0067	 41.7024	 0.0271	 0.7242	 0.0013	 0.7630	 
m71206c1r9.htb	   0.0	  0.03	 2.000	 -5.00	 -10.00	 30.00	 180.0000		 0.0383	 41.8791	 0.4405	 0.1041	 0.0447	 0.0789	 
m71210c1r9.htb	   0.0	  0.03	 2.000	  0.00	  0.00	 60.00	 0.0000		 0.0377	 7.0490	 0.7290	 0.0145	 0.0782	 0.0191	 
m71210c1r9.htb	   0.0	  0.03	 2.000	  0.00	  0.00	 60.00	 180.0000		 0.0081	 7.5330	 0.1143	 0.4583	 0.0037	 0.6165	 
m71211c1r9.htb	   0.0	  0.03	 2.000	 -5.00	 -15.00	 40.00	 50.0000		 0.0374	 4.4770	 0.8095	 0.0058	 0.2506	 0.0000	 
m71211c1r9.htb	   0.0	  0.03	 2.000	 -5.00	 -15.00	 40.00	 230.0000		 0.0319	 4.6835	 0.7815	 0.0083	 0.2387	 0.0000	 
m71211c2r9.htb	   0.0	  0.03	 2.000	  0.00	 -15.00	 40.00	 0.0000		 0.0050	 12.8710	 0.0623	 0.5892	 0.0031	 0.6487	 
m71211c2r9.htb	   0.0	  0.03	 2.000	  0.00	 -15.00	 40.00	 180.0000		 -0.0039	 12.7718	 0.0797	 0.5396	 0.0015	 0.7523	 
m71211c3r9.htb	   0.0	  0.03	 2.000	  0.00	 -15.00	 40.00	 0.0000		 0.0093	 18.5752	 0.2049	 0.3078	 0.0068	 0.4968	 
m71211c3r9.htb	   0.0	  0.03	 2.000	  0.00	 -15.00	 40.00	 180.0000		 0.0217	 18.4780	 0.3945	 0.1309	 0.0511	 0.0600	 
m71218c1r9.htb	 240.0	  0.03	 2.000	  0.00	  0.00	 30.00	 0.0000		 0.0071	 21.3699	 0.0636	 0.5854	 0.0018	 0.7294	 
m71218c1r9.htb	 240.0	  0.03	 2.000	  0.00	  0.00	 30.00	 180.0000		 -0.0044	 21.7056	 0.0154	 0.7907	 0.0008	 0.8162	 
m71218c2r9.htb	   0.0	  0.03	 2.000	  0.00	  0.00	 20.00	 0.0000		 -0.0045	 6.1629	 0.0274	 0.7228	 0.0024	 0.6891	 
m71218c2r9.htb	   0.0	  0.03	 2.000	  0.00	  0.00	 20.00	 180.0000		 -0.0148	 5.7551	 0.4522	 0.0979	 0.0344	 0.1241	 
m71218c3r9.htb	 270.0	  0.03	 2.000	  0.00	  0.00	 40.00	 0.0000		 0.0007	 5.8172	 0.0026	 0.9134	 0.0001	 0.9401	 
m71218c3r9.htb	 270.0	  0.03	 2.000	  0.00	  0.00	 40.00	 180.0000		 -0.0132	 5.5970	 0.3453	 0.1653	 0.0320	 0.1381	 
