FILE			 PrfOR	 PrfSF	 PrfTF	 RFXctr	 RFYctr	 RFDiam	 Direction		 Slope	 Int		 RsqMn	 PMn		 RsqRaw	 PRaw		 
m60110c1r11.htb	   0.0	  0.05	 2.000	  0.00	  0.00	 30.00	 0.0000		 0.0130	 9.3695	 0.2450	 0.2587	 0.0148	 0.3157	 
m60110c1r11.htb	   0.0	  0.05	 2.000	  0.00	  0.00	 30.00	 180.0000		 0.0200	 9.8668	 0.9272	 0.0005	 0.0361	 0.1151	 
m60110c3r9.htb	  90.0	  0.03	 2.000	 20.00	 -15.00	 30.00	 45.0000		 -0.0361	 18.9358	 0.1159	 0.4549	 0.0378	 0.2629	 
m60110c3r9.htb	  90.0	  0.03	 2.000	 20.00	 -15.00	 30.00	 225.0000		 0.0256	 17.2837	 0.1413	 0.4061	 0.0246	 0.3679	 
m60117c2r9.htb	  90.0	  0.05	 2.000	  5.00	 -10.00	 40.00	 90.0000		 0.0689	 15.1245	 0.7808	 0.0083	 0.3077	 0.0000	 
m60117c2r9.htb	  90.0	  0.05	 2.000	  5.00	 -10.00	 40.00	 270.0000		 0.0534	 16.0794	 0.5722	 0.0491	 0.1372	 0.0016	 
m60125c1r10.htb	  30.0	  0.05	 2.000	  0.00	  0.00	 50.00	 45.0000		 0.0068	 4.4067	 0.1806	 0.3419	 0.0219	 0.3967	 
m60125c1r10.htb	  30.0	  0.05	 2.000	  0.00	  0.00	 50.00	 225.0000		 -0.0056	 4.9014	 0.0416	 0.6608	 0.0105	 0.5585	 
m60125c2r10.htb	  30.0	  0.03	 2.000	 -7.00	 -3.00	 40.00	 45.0000		 -0.0132	 7.7229	 0.0967	 0.4972	 0.0232	 0.3822	 
m60125c2r10.htb	  30.0	  0.03	 2.000	 -7.00	 -3.00	 40.00	 225.0000		 -0.0099	 7.9310	 0.0925	 0.5073	 0.0172	 0.4525	 
m60125c3r9.htb	  90.0	  0.03	 2.000	 -8.00	 -18.00	 30.00	 90.0000		 0.0238	 12.2302	 0.2353	 0.2698	 0.0281	 0.3362	 
m60125c3r9.htb	  90.0	  0.03	 2.000	 -8.00	 -18.00	 30.00	 270.0000		 0.0140	 12.0575	 0.0884	 0.5172	 0.0145	 0.4903	 
m60201c2r10.htb	 270.0	  0.03	 2.000	  0.00	 -10.00	 30.00	 270.0000		 0.0486	 19.3875	 0.7468	 0.0121	 0.1672	 0.0147	 
m60201c2r10.htb	 270.0	  0.03	 2.000	  0.00	 -10.00	 30.00	 450.0000		 0.0400	 19.3658	 0.5031	 0.0743	 0.1267	 0.0358	 
m60201c3r4.htb	 270.0	  0.03	 2.000	  8.00	 -15.00	 50.00	 270.0000		 0.0241	 8.5984	 0.2751	 0.2268	 0.0525	 0.1854	 
m60201c3r4.htb	 270.0	  0.03	 2.000	  8.00	 -15.00	 50.00	 450.0000		 0.0799	 6.3247	 0.8133	 0.0055	 0.3703	 0.0001	 
m60201c4r5.htb	 270.0	  0.03	 2.000	  8.00	 -18.00	 30.00	 270.0000		 0.0414	 16.4414	 0.5654	 0.0512	 0.0875	 0.0845	 
m60201c4r5.htb	 270.0	  0.03	 2.000	  8.00	 -18.00	 30.00	 450.0000		 -0.0044	 19.3652	 0.0100	 0.8313	 0.0013	 0.8399	 
m60203c1r9.htb	   0.0	  0.03	 2.000	 -2.00	 -12.00	 50.00	 360.0000		 0.0135	 6.6558	 0.1259	 0.4348	 0.0216	 0.3996	 
m60203c1r9.htb	   0.0	  0.03	 2.000	 -2.00	 -12.00	 50.00	 540.0000		 0.0019	 6.7576	 0.0040	 0.8934	 0.0008	 0.8744	 
m60203c2r4.htb	   0.0	  0.03	 2.000	 -5.00	 -10.00	 40.00	 0.0000		 0.0189	 9.4653	 0.3895	 0.1342	 0.0793	 0.1013	 
m60203c2r4.htb	   0.0	  0.03	 2.000	 -5.00	 -10.00	 40.00	 180.0000		 0.0077	 9.5974	 0.0437	 0.6528	 0.0091	 0.5865	 
m60207c1r9.htb	 300.0	  0.03	 4.000	 -8.00	 -12.00	 50.00	 300.0000		 0.0229	 4.9128	 0.3409	 0.1687	 0.0577	 0.0452	 
m60207c1r9.htb	 300.0	  0.03	 4.000	 -8.00	 -12.00	 50.00	 480.0000		 0.0105	 4.8310	 0.3821	 0.1390	 0.0182	 0.2657	 
m60207c3r9.htb	  50.0	  0.03	 4.000	 -5.00	 -5.00	 50.00	 50.0000		 0.0038	 9.0570	 0.0142	 0.7992	 0.0013	 0.7695	 
m60207c3r9.htb	  50.0	  0.03	 4.000	 -5.00	 -5.00	 50.00	 230.0000		 0.0194	 8.5764	 0.5565	 0.0542	 0.0194	 0.2501	 
m60207c4r9.htb	  30.0	  0.03	 2.000	 10.00	 10.00	 50.00	 45.0000		 -0.0028	 9.5723	 0.0033	 0.9031	 0.0005	 0.8995	 
m60207c4r9.htb	  30.0	  0.03	 2.000	 10.00	 10.00	 50.00	 225.0000		 0.0184	 8.4829	 0.1180	 0.4507	 0.0169	 0.4569	 
m60301c1r10.htb	  30.0	  0.03	 2.000	  0.00	 -5.00	 40.00	 45.0000		 0.0460	 8.3159	 0.7103	 0.0173	 0.2313	 0.0035	 
m60301c1r10.htb	  30.0	  0.03	 2.000	  0.00	 -5.00	 40.00	 225.0000		 0.0317	 8.7968	 0.8159	 0.0053	 0.1544	 0.0215	 
m60301c2r10.htb	  30.0	  0.03	 2.000	 -5.00	 -10.00	 40.00	 45.0000		 0.0366	 21.0093	 0.2994	 0.2037	 0.0532	 0.1827	 
m60301c2r10.htb	  30.0	  0.03	 2.000	 -5.00	 -10.00	 40.00	 225.0000		 0.0089	 20.9224	 0.0157	 0.7889	 0.0045	 0.7030	 
m60301c3r9.htb	  30.0	  0.03	 4.000	 10.00	 -5.00	 40.00	 45.0000		 0.0099	 17.4838	 0.0751	 0.5520	 0.0056	 0.6700	 
m60301c3r9.htb	  30.0	  0.03	 4.000	 10.00	 -5.00	 40.00	 225.0000		 0.0185	 18.4732	 0.0632	 0.5865	 0.0206	 0.4103	 
m60301c4r9.htb	  30.0	  0.03	 4.000	 20.00	 -10.00	 50.00	 45.0000		 0.0154	 6.1271	 0.6398	 0.0308	 0.0742	 0.0225	 
m60301c4r9.htb	  30.0	  0.03	 4.000	 20.00	 -10.00	 50.00	 225.0000		 -0.0033	 7.0693	 0.2711	 0.2309	 0.0016	 0.7434	 
m60302c1r10.htb	  30.0	  0.03	 2.000	  0.00	 -2.00	 40.00	 30.0000		 0.0316	 5.1244	 0.8420	 0.0036	 0.2849	 0.0010	 
m60302c1r10.htb	  30.0	  0.03	 2.000	  0.00	 -2.00	 40.00	 210.0000		 0.0093	 6.0005	 0.2414	 0.2628	 0.0257	 0.3577	 
m60302c2r10.htb	  30.0	  0.05	 4.000	  0.00	 -10.00	 40.00	 30.0000		 0.0393	 6.3933	 0.4514	 0.0983	 0.1395	 0.0271	 
m60302c2r10.htb	  30.0	  0.05	 4.000	  0.00	 -10.00	 40.00	 210.0000		 0.0171	 6.4854	 0.1834	 0.3378	 0.0416	 0.2398	 
m60302c3r9.htb	  30.0	  0.03	 4.000	 -5.00	 -5.00	 60.00	 30.0000		 0.0123	 6.6158	 0.6296	 0.0332	 0.0408	 0.2443	 
m60302c3r9.htb	  30.0	  0.03	 4.000	 -5.00	 -5.00	 60.00	 210.0000		 0.0007	 6.7187	 0.0025	 0.9149	 0.0001	 0.9446	 
m60302c4r9.htb	   0.0	  0.03	 2.000	 -5.00	  0.00	 50.00	 0.0000		 0.0456	 12.4750	 0.8137	 0.0055	 0.1256	 0.0367	 
m60302c4r9.htb	   0.0	  0.03	 2.000	 -5.00	  0.00	 50.00	 180.0000		 0.0515	 12.9708	 0.4081	 0.1225	 0.1326	 0.0315	 
m60404c3r9.htb	   0.0	  0.03	 1.000	 10.00	 10.00	 40.00	 140.0000		 0.0143	 2.4332	 0.7508	 0.0116	 0.1039	 0.0012	 
m60404c3r9.htb	   0.0	  0.03	 1.000	 10.00	 10.00	 40.00	 320.0000		 0.0178	 2.0127	 0.7742	 0.0090	 0.1363	 0.0002	 
m60404c4r9.htb	   0.0	  0.03	 2.000	 10.00	  5.00	 40.00	 0.0000		 0.0296	 6.0319	 0.7259	 0.0149	 0.1481	 0.0225	 
m60404c4r9.htb	   0.0	  0.03	 2.000	 10.00	  5.00	 40.00	 180.0000		 0.0053	 7.1350	 0.0119	 0.8159	 0.0042	 0.7107	 
m60405c2r9.htb	 270.0	  0.03	 2.000	 -10.00	 -15.00	 40.00	 270.0000		 0.0102	 4.4707	 0.2678	 0.2342	 0.0371	 0.2677	 
m60405c2r9.htb	 270.0	  0.03	 2.000	 -10.00	 -15.00	 40.00	 450.0000		 0.0064	 4.8161	 0.3507	 0.1613	 0.0122	 0.5279	 
m60405c3r9.htb	 270.0	  0.03	 2.000	 -5.00	 -15.00	 40.00	 330.0000		 -0.0110	 6.0136	 0.2347	 0.2705	 0.0390	 0.2553	 
m60405c3r9.htb	 270.0	  0.03	 2.000	 -5.00	 -15.00	 40.00	 510.0000		 -0.0169	 6.2166	 0.4153	 0.1182	 0.0710	 0.1218	 
m60414c1r9.htb	 250.0	  0.05	 2.000	 -8.00	 -8.00	 50.00	 250.0000		 0.0026	 2.2968	 0.0554	 0.6114	 0.0020	 0.7100	 
m60414c1r9.htb	 250.0	  0.05	 2.000	 -8.00	 -8.00	 50.00	 430.0000		 0.0135	 2.0490	 0.7982	 0.0067	 0.0453	 0.0770	 
m60414c3r9.htb	 270.0	  0.05	 2.000	 -10.00	  0.00	 50.00	 270.0000		 0.0061	 11.4825	 0.0628	 0.5877	 0.0034	 0.6323	 
m60414c3r9.htb	 270.0	  0.05	 2.000	 -10.00	  0.00	 50.00	 450.0000		 0.0076	 10.6948	 0.1277	 0.4314	 0.0063	 0.5142	 
m60419c1r9.htb	 360.0	  0.03	 2.000	 10.00	  5.00	 50.00	 40.0000		 0.0359	 10.4512	 0.7281	 0.0146	 0.1045	 0.0582	 
m60419c1r9.htb	 360.0	  0.03	 2.000	 10.00	  5.00	 50.00	 220.0000		 0.0112	 9.9302	 0.1930	 0.3241	 0.0086	 0.5954	 
m60419c2r9.htb	  25.0	  0.03	 2.000	 10.00	 -10.00	 40.00	 180.0000		 0.0236	 10.3894	 0.1883	 0.3307	 0.0406	 0.2459	 
m60419c2r9.htb	  25.0	  0.03	 2.000	 10.00	 -10.00	 40.00	 360.0000		 -0.0189	 11.5583	 0.3326	 0.1753	 0.0284	 0.3335	 
m60420c2r9.htb	   0.0	  0.03	 2.000	  5.00	  0.00	 40.00	 0.0000		 0.0858	 21.8013	 0.5421	 0.0592	 0.2186	 0.0046	 
m60420c2r9.htb	   0.0	  0.03	 2.000	  5.00	  0.00	 40.00	 180.0000		 0.0496	 23.9521	 0.5552	 0.0546	 0.0884	 0.0827	 
m60424c1r9.htb	   0.0	  0.03	 2.000	 -10.00	 -10.00	 40.00	 0.0000		 0.0179	 8.0837	 0.1975	 0.3178	 0.0350	 0.2818	 
m60424c1r9.htb	   0.0	  0.03	 2.000	 -10.00	 -10.00	 40.00	 180.0000		 0.0169	 7.3163	 0.2771	 0.2248	 0.0569	 0.1677	 
m60424c2r9.htb	  90.0	  0.03	 2.000	  8.00	 -8.00	 40.00	 90.0000		 0.0096	 8.2541	 0.0651	 0.5809	 0.0101	 0.5652	 
m60424c2r9.htb	  90.0	  0.03	 2.000	  8.00	 -8.00	 40.00	 270.0000		 0.0199	 7.8601	 0.8007	 0.0065	 0.0468	 0.2122	 
m60515c4r9.htb	   0.0	  0.03	 2.000	 -10.00	 10.00	 40.00	 0.0000		 0.0096	 2.3829	 0.2686	 0.2334	 0.0570	 0.1672	 
m60515c4r9.htb	   0.0	  0.03	 2.000	 -10.00	 10.00	 40.00	 180.0000		 0.0065	 2.6934	 0.1284	 0.4300	 0.0189	 0.4307	 
m60517c1r9.htb	   0.0	  0.03	 2.000	  0.00	  0.00	 40.00	 0.0000		 0.0200	 4.4599	 0.9562	 0.0001	 0.1370	 0.0286	 
m60517c1r9.htb	   0.0	  0.03	 2.000	  0.00	  0.00	 40.00	 180.0000		 -0.0038	 4.8665	 0.0512	 0.6256	 0.0073	 0.6258	 
m60517c2r9.htb	   0.0	  0.03	 2.000	 -10.00	 -10.00	 40.00	 0.0000		 0.0125	 2.8444	 0.4581	 0.0949	 0.0689	 0.1276	 
m60517c2r9.htb	   0.0	  0.03	 2.000	 -10.00	 -10.00	 40.00	 180.0000		 0.0074	 2.8833	 0.1510	 0.3890	 0.0273	 0.3429	 
m60517c3r9.htb	   0.0	  0.03	 2.000	 10.00	 -10.00	 30.00	 0.0000		 0.0381	 8.0311	 0.5014	 0.0750	 0.0922	 0.0761	 
m60517c3r9.htb	   0.0	  0.03	 2.000	 10.00	 -10.00	 30.00	 180.0000		 0.0134	 9.0181	 0.1334	 0.4204	 0.0279	 0.3377	 
m60517c4r9.htb	   0.0	  0.03	 2.000	  5.00	 -8.00	 30.00	 0.0000		 0.0213	 12.8959	 0.0893	 0.5151	 0.0308	 0.3130	 
m60517c4r9.htb	   0.0	  0.03	 2.000	  5.00	 -8.00	 30.00	 180.0000		 -0.0064	 16.7490	 0.0138	 0.8018	 0.0018	 0.8099	 
m60517c5r9.htb	   0.0	  0.03	 2.000	 10.00	 -10.00	 40.00	 0.0000		 -0.0673	 18.7900	 0.8678	 0.0023	 0.1393	 0.0272	 
m60517c5r9.htb	   0.0	  0.03	 2.000	 10.00	 -10.00	 40.00	 180.0000		 -0.0009	 17.7229	 0.0003	 0.9687	 0.0000	 0.9761	 
m60517c6r9.htb	   0.0	  0.03	 2.000	  8.00	 10.00	 40.00	 0.0000		 0.0229	 18.0831	 0.2388	 0.2658	 0.0295	 0.3239	 
m60517c6r9.htb	   0.0	  0.03	 2.000	  8.00	 10.00	 40.00	 180.0000		 0.0272	 17.2134	 0.1750	 0.3504	 0.0433	 0.2302	 
m60518c2r9.htb	   0.0	  0.03	 2.000	 -8.00	 -5.00	 40.00	 0.0000		 0.0264	 15.4869	 0.1716	 0.3556	 0.0614	 0.1514	 
m60518c2r9.htb	   0.0	  0.03	 2.000	 -8.00	 -5.00	 40.00	 180.0000		 -0.0211	 14.2632	 0.1581	 0.3770	 0.0366	 0.2709	 
m60519c3r9.htb	   0.0	  0.03	 2.000	 -5.00	 -5.00	 30.00	 0.0000		 0.0025	 14.0041	 0.0019	 0.9263	 0.0004	 0.9105	 
m60519c3r9.htb	   0.0	  0.03	 2.000	 -5.00	 -5.00	 30.00	 180.0000		 0.0320	 12.2211	 0.4008	 0.1269	 0.0496	 0.1985	 
m60523c1r9.htb	   0.0	  0.03	 2.000	  0.00	  0.00	 40.00	 0.0000		 0.0380	 10.6073	 0.7179	 0.0161	 0.0852	 0.0889	 
m60523c1r9.htb	   0.0	  0.03	 2.000	  0.00	  0.00	 40.00	 180.0000		 0.0374	 10.7223	 0.4252	 0.1125	 0.0682	 0.1297	 
m60523c2r9.htb	   0.0	  0.03	 2.000	  0.00	 -10.00	 40.00	 0.0000		 0.0244	 18.8529	 0.1863	 0.3335	 0.0139	 0.5002	 
m60523c2r9.htb	   0.0	  0.03	 2.000	  0.00	 -10.00	 40.00	 180.0000		 0.0920	 16.2166	 0.6401	 0.0307	 0.2034	 0.0065	 
m60523c3r9.htb	  60.0	  0.03	 2.000	  0.00	 -10.00	 40.00	 60.0000		 0.0179	 4.0893	 0.5594	 0.0532	 0.1479	 0.0225	 
m60523c3r9.htb	  60.0	  0.03	 2.000	  0.00	 -10.00	 40.00	 240.0000		 0.0173	 4.1780	 0.4139	 0.1190	 0.1152	 0.0461	 
m60523c4r9.htb	   0.0	  0.03	 2.000	 -10.00	 -10.00	 40.00	 0.0000		 0.0351	 13.7148	 0.4070	 0.1232	 0.0841	 0.0910	 
m60523c4r9.htb	   0.0	  0.03	 2.000	 -10.00	 -10.00	 40.00	 180.0000		 0.0809	 12.0976	 0.8074	 0.0060	 0.2947	 0.0008	 
m60524c1r9.htb	   0.0	  0.03	 2.000	 -5.00	 -7.00	 30.00	 0.0000		 -0.0176	 5.6676	 0.1517	 0.3878	 0.0298	 0.3212	 
m60524c1r9.htb	   0.0	  0.03	 2.000	 -5.00	 -7.00	 30.00	 180.0000		 0.0046	 5.6734	 0.0128	 0.8090	 0.0019	 0.8037	 
m60524c2r9.htb	 240.0	  0.03	 2.000	 -10.00	  0.00	 30.00	 0.0000		 0.0374	 6.9000	 0.4419	 0.1033	 0.0835	 0.0923	 
m60524c2r9.htb	 240.0	  0.03	 2.000	 -10.00	  0.00	 30.00	 180.0000		 0.0338	 7.0698	 0.5827	 0.0459	 0.1300	 0.0333	 
m60524c3r9.htb	 240.0	  0.03	 2.000	  0.00	  7.00	 70.00	 0.0000		 0.0433	 7.7337	 0.6125	 0.0375	 0.1884	 0.0092	 
m60524c3r9.htb	 240.0	  0.03	 2.000	  0.00	  7.00	 70.00	 180.0000		 -0.0020	 10.3471	 0.0006	 0.9587	 0.0001	 0.9492	 
m60524c4r9.htb	  90.0	  0.03	 2.000	 -5.00	 -5.00	 40.00	 0.0000		 -0.0047	 7.8184	 0.0099	 0.8318	 0.0019	 0.8019	 
m60524c4r9.htb	  90.0	  0.03	 2.000	 -5.00	 -5.00	 40.00	 180.0000		 0.0058	 6.6798	 0.0300	 0.7106	 0.0048	 0.6931	 
m60525c1r9.htb	   0.0	  0.03	 2.000	 10.00	 -10.00	 40.00	 0.0000		 0.0033	 3.8331	 0.0104	 0.8277	 0.0026	 0.7720	 
m60525c1r9.htb	   0.0	  0.03	 2.000	 10.00	 -10.00	 40.00	 180.0000		 0.0102	 3.3316	 0.3200	 0.1856	 0.0653	 0.1384	 
m60525c2r9.htb	   0.0	  0.03	 2.000	  5.00	  0.00	 40.00	 0.0000		 0.0507	 15.4938	 0.4138	 0.1191	 0.1108	 0.0507	 
m60525c2r9.htb	   0.0	  0.03	 2.000	  5.00	  0.00	 40.00	 180.0000		 0.0642	 14.0156	 0.5871	 0.0445	 0.1814	 0.0107	 
m60525c3r9.htb	   0.0	  0.03	 2.000	 10.00	 -10.00	 40.00	 0.0000		 0.0072	 3.4443	 0.1626	 0.3696	 0.0189	 0.4304	 
m60525c3r9.htb	   0.0	  0.03	 2.000	 10.00	 -10.00	 40.00	 180.0000		 0.0179	 2.4990	 0.6119	 0.0376	 0.1761	 0.0121	 
m60525c4r8.htb	   0.0	  0.03	 2.000	 10.00	 -10.00	 30.00	 150.0000		 0.0227	 9.1897	 0.6390	 0.0310	 0.0808	 0.0980	 
m60525c4r8.htb	   0.0	  0.03	 2.000	 10.00	 -10.00	 30.00	 330.0000		 0.0473	 9.9846	 0.7121	 0.0170	 0.3042	 0.0006	 
m60525c4r9.htb	   0.0	  0.03	 2.000	 10.00	 -10.00	 30.00	 150.0000		 0.0384	 12.1170	 0.2469	 0.2567	 0.0529	 0.1840	 
m60525c4r9.htb	   0.0	  0.03	 2.000	 10.00	 -10.00	 30.00	 330.0000		 0.0374	 11.0516	 0.4589	 0.0945	 0.0747	 0.1122	 
m60531c1r9.htb	   0.0	  0.03	 2.000	  0.00	  0.00	 70.00	 0.0000		 0.0106	 10.3854	 0.0516	 0.6241	 0.0055	 0.6731	 
m60531c1r9.htb	   0.0	  0.03	 2.000	  0.00	  0.00	 70.00	 180.0000		 0.0230	 9.4104	 0.1164	 0.4540	 0.0288	 0.3298	 
m60531c2r9.htb	 270.0	  0.03	 2.000	 -5.00	 -5.00	 50.00	 270.0000		 0.0047	 9.4396	 0.0675	 0.5736	 0.0035	 0.7344	 
m60531c2r9.htb	 270.0	  0.03	 2.000	 -5.00	 -5.00	 50.00	 450.0000		 0.0051	 8.9444	 0.0627	 0.5880	 0.0044	 0.7041	 
m60601c1r9.htb	   0.0	  0.03	 2.000	  0.00	  7.00	 40.00	 0.0000		 0.0132	 2.0135	 0.6804	 0.0224	 0.1132	 0.0481	 
m60601c1r9.htb	   0.0	  0.03	 2.000	  0.00	  7.00	 40.00	 180.0000		 0.0108	 1.9649	 0.4603	 0.0938	 0.0708	 0.1225	 
m60601c2r9.htb	  90.0	  0.03	 2.000	 -10.00	 -15.00	 40.00	 90.0000		 0.0260	 3.9275	 0.8035	 0.0063	 0.1419	 0.0257	 
m60601c2r9.htb	  90.0	  0.03	 2.000	 -10.00	 -15.00	 40.00	 270.0000		 -0.0010	 4.6183	 0.0022	 0.9206	 0.0003	 0.9262	 
m60601c3r9.htb	  90.0	  0.03	 2.000	  0.00	 -10.00	 40.00	 90.0000		 0.0262	 3.8085	 0.6120	 0.0376	 0.1822	 0.0106	 
m60601c3r9.htb	  90.0	  0.03	 2.000	  0.00	 -10.00	 40.00	 270.0000		 0.0164	 4.0184	 0.3302	 0.1772	 0.0832	 0.0928	 
m60601c4r9.htb	  90.0	  0.03	 2.000	  0.00	  0.00	 40.00	 90.0000		 0.0480	 19.0484	 0.6101	 0.0381	 0.0696	 0.1256	 
m60601c4r9.htb	  90.0	  0.03	 2.000	  0.00	  0.00	 40.00	 270.0000		 -0.0251	 20.6559	 0.1121	 0.4628	 0.0187	 0.4329	 
m60601c5r9.htb	  90.0	  0.03	 2.000	  0.00	 -8.00	 40.00	 90.0000		 0.0748	 12.9814	 0.7261	 0.0149	 0.2526	 0.0000	 
m60601c5r9.htb	  90.0	  0.03	 2.000	  0.00	 -8.00	 40.00	 270.0000		 0.0809	 14.1665	 0.9010	 0.0011	 0.2800	 0.0000	 
m60602c1r9.htb	   0.0	  0.03	 2.000	  0.00	 -7.00	 30.00	 0.0000		 0.0145	 12.0284	 0.3683	 0.1485	 0.0155	 0.4764	 
m60602c1r9.htb	   0.0	  0.03	 2.000	  0.00	 -7.00	 30.00	 180.0000		 0.0535	 11.4662	 0.7357	 0.0136	 0.1543	 0.0196	 
m60602c2r9.htb	   0.0	  0.03	 2.000	 -8.00	 -8.00	 30.00	 0.0000		 0.0777	 10.8486	 0.7386	 0.0132	 0.2664	 0.0015	 
m60602c2r9.htb	   0.0	  0.03	 2.000	 -8.00	 -8.00	 30.00	 180.0000		 0.0563	 9.7958	 0.9091	 0.0009	 0.1549	 0.0193	 
m60602c3r9.htb	   0.0	  0.03	 2.000	  0.00	  5.00	 30.00	 0.0000		 0.0144	 12.0461	 0.2580	 0.2444	 0.0169	 0.4573	 
m60602c3r9.htb	   0.0	  0.03	 2.000	  0.00	  5.00	 30.00	 180.0000		 0.0461	 10.6708	 0.3579	 0.1559	 0.1077	 0.0543	 
m60602c4r9.htb	   0.0	  0.03	 2.000	  0.00	 -10.00	 20.00	 0.0000		 0.0221	 4.1611	 0.7016	 0.0187	 0.0864	 0.0135	 
m60602c4r9.htb	   0.0	  0.03	 2.000	  0.00	 -10.00	 20.00	 180.0000		 0.0253	 3.7968	 0.5986	 0.0412	 0.1194	 0.0034	 
m60602c5r9.htb	   0.0	  0.03	 2.000	 -5.00	 -5.00	 50.00	 0.0000		 0.0421	 9.6146	 0.3146	 0.1902	 0.0377	 0.2639	 
m60602c5r9.htb	   0.0	  0.03	 2.000	 -5.00	 -5.00	 50.00	 180.0000		 0.0730	 6.8554	 0.7851	 0.0079	 0.1684	 0.0143	 
m60605c1r9.htb	   0.0	  0.03	 2.000	 -3.00	 -7.00	 30.00	 0.0000		 -0.0238	 31.6349	 0.1565	 0.3798	 0.0392	 0.2540	 
m60605c1r9.htb	   0.0	  0.03	 2.000	 -3.00	 -7.00	 30.00	 180.0000		 0.0045	 31.1071	 0.0122	 0.8138	 0.0017	 0.8125	 
m60605c2r9.htb	   0.0	  0.03	 2.000	 -10.00	 -10.00	 30.00	 0.0000		 0.0081	 0.6319	 0.4744	 0.0870	 0.1195	 0.0419	 
m60605c2r9.htb	   0.0	  0.03	 2.000	 -10.00	 -10.00	 30.00	 180.0000		 -0.0026	 0.8521	 0.1020	 0.4849	 0.0158	 0.4720	 
m60605c3r9.htb	   0.0	  0.03	 2.000	 -5.00	 -2.00	 30.00	 0.0000		 0.0083	 18.5807	 0.0411	 0.6628	 0.0102	 0.5632	 
m60605c3r9.htb	   0.0	  0.03	 2.000	 -5.00	 -2.00	 30.00	 180.0000		 0.0127	 17.8773	 0.1319	 0.4234	 0.0265	 0.3500	 
m60606c1r9.htb	   0.0	  0.03	 2.000	  8.00	 -8.00	 40.00	 0.0000		 -0.0010	 0.0709	 0.2644	 0.2378	 0.0414	 0.2410	 
m60606c1r9.htb	   0.0	  0.03	 2.000	  8.00	 -8.00	 40.00	 180.0000		 -0.0000	 0.0154	 0.0017	 0.9301	 0.0003	 0.9214	 
m60606c2r9.htb	  90.0	  0.03	 2.000	 -10.00	  0.00	 40.00	 90.0000		 -0.0041	 0.4952	 0.2044	 0.3085	 0.0235	 0.3788	 
m60606c2r9.htb	  90.0	  0.03	 2.000	 -10.00	  0.00	 40.00	 270.0000		 0.0031	 0.3563	 0.2489	 0.2544	 0.0169	 0.4564	 
m60606c3r9.htb	  90.0	  0.03	 2.000	 -8.00	 -10.00	 40.00	 90.0000		 -0.0008	 1.7407	 0.0015	 0.9340	 0.0003	 0.9267	 
m60606c3r9.htb	  90.0	  0.03	 2.000	 -8.00	 -10.00	 40.00	 270.0000		 0.0068	 2.0621	 0.1884	 0.3305	 0.0137	 0.5026	 
m60606c4r9.htb	  90.0	  0.03	 2.000	  8.00	 -5.00	 40.00	 90.0000		 0.0098	 3.7994	 0.1374	 0.4131	 0.0217	 0.3981	 
m60606c4r9.htb	  90.0	  0.03	 2.000	  8.00	 -5.00	 40.00	 270.0000		 0.0152	 3.9456	 0.1608	 0.3726	 0.0387	 0.2648	 
m60606c5r9.htb	  90.0	  0.03	 2.000	  8.00	  0.00	 40.00	 90.0000		 0.0114	 4.2186	 0.2931	 0.2094	 0.0378	 0.1366	 
m60606c5r9.htb	  90.0	  0.03	 2.000	  8.00	  0.00	 40.00	 270.0000		 -0.0010	 4.6599	 0.0033	 0.9027	 0.0005	 0.8717	 
m60613c5r9.htb	   0.0	  0.03	 2.000	 -8.00	 -15.00	 30.00	 0.0000		 0.0458	 16.0954	 0.5931	 0.0428	 0.1811	 0.0108	 
m60613c5r9.htb	   0.0	  0.03	 2.000	 -8.00	 -15.00	 30.00	 180.0000		 -0.0104	 16.6575	 0.1116	 0.4641	 0.0220	 0.3955	 
m60613c6r9.htb	   0.0	  0.03	 2.000	 -5.00	 -10.00	 30.00	 0.0000		 0.0238	 17.9030	 0.2966	 0.2063	 0.0431	 0.2315	 
m60613c6r9.htb	   0.0	  0.03	 2.000	 -5.00	 -10.00	 30.00	 180.0000		 0.0456	 16.9829	 0.4102	 0.1212	 0.1400	 0.0268	 
m60614c1r9.htb	   0.0	  0.03	 2.000	  0.00	 -8.00	 30.00	 0.0000		 0.0331	 13.2716	 0.3240	 0.1823	 0.0771	 0.1063	 
m60614c1r9.htb	   0.0	  0.03	 2.000	  0.00	 -8.00	 30.00	 180.0000		 0.0318	 12.5104	 0.2860	 0.2162	 0.0668	 0.1337	 
m60614c2r9.htb	   0.0	  0.03	 2.000	  5.00	 -5.00	 60.00	 0.0000		 0.0722	 16.2897	 0.4464	 0.1009	 0.2026	 0.0802	 
m60614c2r9.htb	   0.0	  0.03	 2.000	  5.00	 -5.00	 60.00	 180.0000		 -0.0073	 16.9602	 0.0067	 0.8614	 0.0032	 0.8293	 
m60614c3r9.htb	   0.0	  0.03	 2.000	  8.00	 -15.00	 30.00	 0.0000		 0.0535	 18.7854	 0.9485	 0.0002	 0.2443	 0.0025	 
m60614c3r9.htb	   0.0	  0.03	 2.000	  8.00	 -15.00	 30.00	 180.0000		 0.0188	 19.1760	 0.2756	 0.2263	 0.0249	 0.3651	 
m60614c4r9.htb	   0.0	  0.03	 2.000	  8.00	 -18.00	 40.00	 0.0000		 0.0248	 10.8329	 0.3179	 0.1874	 0.1340	 0.0394	 
m60614c4r9.htb	   0.0	  0.03	 2.000	  8.00	 -18.00	 40.00	 180.0000		 0.0184	 10.7417	 0.3568	 0.1567	 0.0782	 0.1346	 
m60615c1r9.htb	   0.0	  0.03	 2.000	 -8.00	 -17.00	 30.00	 0.0000		 0.0700	 13.0497	 0.5875	 0.0444	 0.1790	 0.0113	 
m60615c1r9.htb	   0.0	  0.03	 2.000	 -8.00	 -17.00	 30.00	 180.0000		 0.0739	 13.2281	 0.6967	 0.0195	 0.1922	 0.0084	 
m60615c2r9.htb	   0.0	  0.03	 2.000	 -10.00	 -17.00	 40.00	 0.0000		 0.0168	 6.8777	 0.3205	 0.1852	 0.0724	 0.1179	 
m60615c2r9.htb	   0.0	  0.03	 2.000	 -10.00	 -17.00	 40.00	 180.0000		 0.0068	 7.3357	 0.0620	 0.5902	 0.0131	 0.5135	 
m60616c1r9.htb	   0.0	  0.03	 2.000	 -10.00	 -15.00	 30.00	 0.0000		 0.0252	 7.0184	 0.3392	 0.1700	 0.0651	 0.1391	 
m60616c1r9.htb	   0.0	  0.03	 2.000	 -10.00	 -15.00	 30.00	 180.0000		 0.0268	 6.8045	 0.6008	 0.0406	 0.1250	 0.0372	 
m60616c2r9.htb	   0.0	  0.03	 2.000	  5.00	 -10.00	 30.00	 0.0000		 0.0202	 3.7422	 0.5491	 0.0567	 0.1505	 0.0213	 
m60616c2r9.htb	   0.0	  0.03	 2.000	  5.00	 -10.00	 30.00	 180.0000		 0.0119	 4.1248	 0.4563	 0.0959	 0.0573	 0.1661	 
m60619c1r9.htb	   0.0	  0.03	 2.000	  0.00	  0.00	 40.00	 0.0000		 0.0387	 4.6034	 0.7606	 0.0105	 0.2423	 0.0027	 
m60619c1r9.htb	   0.0	  0.03	 2.000	  0.00	  0.00	 40.00	 180.0000		 -0.0085	 4.7938	 0.1156	 0.4555	 0.0205	 0.4123	 
m60619c3r9.htb	   0.0	  0.03	 2.000	  0.00	 -5.00	 40.00	 0.0000		 0.0235	 4.2780	 0.3371	 0.1717	 0.1226	 0.0392	 
m60619c3r9.htb	   0.0	  0.03	 2.000	  0.00	 -5.00	 40.00	 180.0000		 0.0241	 3.8497	 0.6587	 0.0266	 0.2026	 0.0067	 
m60619c4r9.htb	   0.0	  0.03	 2.000	 -8.00	 -8.00	 30.00	 180.0000		 -0.0003	 0.0223	 0.0843	 0.5277	 0.0163	 0.4788	 
m60619c4r9.htb	   0.0	  0.03	 2.000	 -8.00	 -8.00	 30.00	 360.0000		 0.0000	 0.0000	   NaN	   NaN	   NaN	   NaN	 
m60620c1r9.htb	   0.0	  0.03	 2.000	  5.00	  5.00	 40.00	 0.0000		 0.0712	 11.9775	 0.7965	 0.0069	 0.3284	 0.0003	 
m60620c1r9.htb	   0.0	  0.03	 2.000	  5.00	  5.00	 40.00	 180.0000		 0.0282	 13.0766	 0.1795	 0.3435	 0.0360	 0.2752	 
m60620c2r9.htb	   0.0	  0.03	 2.000	  0.00	  5.00	 40.00	 0.0000		 0.0569	 16.3893	 0.6982	 0.0192	 0.1277	 0.0351	 
m60620c2r9.htb	   0.0	  0.03	 2.000	  0.00	  5.00	 40.00	 180.0000		 0.0417	 16.6043	 0.2662	 0.2358	 0.0971	 0.0685	 
m60620c3r9.htb	   0.0	  0.03	 2.000	  0.00	 10.00	 40.00	 0.0000		 0.0431	 17.8041	 0.2556	 0.2470	 0.0673	 0.1323	 
m60620c3r9.htb	   0.0	  0.03	 2.000	  0.00	 10.00	 40.00	 180.0000		 0.0090	 18.2770	 0.0436	 0.6533	 0.0027	 0.7679	 
m60620c4r9.htb	   0.0	  0.03	 2.000	  0.00	  8.00	 40.00	 0.0000		 -0.0145	 9.4487	 0.1613	 0.3717	 0.0166	 0.4607	 
m60620c4r9.htb	   0.0	  0.03	 2.000	  0.00	  8.00	 40.00	 180.0000		 0.0146	 8.7431	 0.1741	 0.3517	 0.0169	 0.4567	 
m60621c1r9.htb	   0.0	  0.03	 2.000	  0.00	 -8.00	 30.00	 0.0000		 0.0123	 8.0797	 0.0818	 0.5341	 0.0143	 0.4937	 
m60621c1r9.htb	   0.0	  0.03	 2.000	  0.00	 -8.00	 30.00	 180.0000		 0.0123	 8.5080	 0.0440	 0.6519	 0.0139	 0.5000	 
m60621c2r9.htb	   0.0	  0.03	 2.000	  8.00	 -2.00	 30.00	 120.0000		 0.0022	 1.2632	 0.0650	 0.5812	 0.0060	 0.6590	 
m60621c2r9.htb	   0.0	  0.03	 2.000	  8.00	 -2.00	 30.00	 300.0000		 0.0012	 0.9899	 0.0347	 0.6890	 0.0039	 0.7213	 
m60621c3r9.htb	 180.0	  0.03	 2.000	 10.00	  0.00	 60.00	 180.0000		 -0.0118	 3.7891	 0.1595	 0.3748	 0.0184	 0.4376	 
m60621c3r9.htb	 180.0	  0.03	 2.000	 10.00	  0.00	 60.00	 360.0000		 0.0050	 3.0062	 0.0221	 0.7505	 0.0044	 0.7044	 
m60621c4r9.htb	 130.0	  0.03	 2.000	  0.00	 -10.00	 40.00	 130.0000		 0.0428	 6.2692	 0.5256	 0.0653	 0.1338	 0.0307	 
m60621c4r9.htb	 130.0	  0.03	 2.000	  0.00	 -10.00	 40.00	 310.0000		 0.0298	 7.5325	 0.1063	 0.4753	 0.0389	 0.2561	 
m60621c5r9.htb	 130.0	  0.03	 2.000	 -10.00	 -10.00	 40.00	 130.0000		 0.0362	 3.4357	 0.5054	 0.0733	 0.0664	 0.1351	 
m60621c5r9.htb	 130.0	  0.03	 2.000	 -10.00	 -10.00	 40.00	 310.0000		 0.0140	 3.5283	 0.2692	 0.2328	 0.0184	 0.4369	 
m60621c6r9.htb	 180.0	  0.03	 2.000	  8.00	 -10.00	 40.00	 180.0000		 0.0286	 4.8779	 0.6177	 0.0361	 0.2043	 0.0064	 
m60621c6r9.htb	 180.0	  0.03	 2.000	  8.00	 -10.00	 40.00	 360.0000		 0.0064	 5.7969	 0.0286	 0.7169	 0.0060	 0.6577	 
m60623c3r9.htb	  90.0	  0.03	 2.000	 -5.00	 10.00	 40.00	 90.0000		 -0.0142	 5.3754	 0.1503	 0.3902	 0.0220	 0.3948	 
m60623c3r9.htb	  90.0	  0.03	 2.000	 -5.00	 10.00	 40.00	 270.0000		 0.0128	 4.7824	 0.0705	 0.5649	 0.0190	 0.4299	 
m60623c4r9.htb	  90.0	  0.03	 2.000	  3.00	 -5.00	 40.00	 90.0000		 0.0013	 3.3190	 0.0137	 0.8024	 0.0004	 0.9077	 
m60623c4r9.htb	  90.0	  0.03	 2.000	  3.00	 -5.00	 40.00	 270.0000		 0.0317	 2.8473	 0.7157	 0.0164	 0.2012	 0.0069	 
m60626c2r9.htb	   0.0	  0.03	 2.000	 -8.00	 -8.00	 40.00	 0.0000		 0.0517	 7.9047	 0.8696	 0.0022	 0.3608	 0.0001	 
m60626c2r9.htb	   0.0	  0.03	 2.000	 -8.00	 -8.00	 40.00	 180.0000		 0.0276	 7.8761	 0.6467	 0.0292	 0.1278	 0.0350	 
m60628c1r9.htb	   0.0	  0.03	 2.000	  0.00	 -8.00	 40.00	 0.0000		 0.0452	 8.9049	 0.7341	 0.0138	 0.1445	 0.0243	 
m60628c1r9.htb	   0.0	  0.03	 2.000	  0.00	 -8.00	 40.00	 180.0000		 0.0333	 9.9543	 0.5831	 0.0457	 0.1245	 0.0376	 
m60628c2r9.htb	   0.0	  0.03	 2.000	 -8.00	 -10.00	 40.00	 0.0000		 0.0202	 2.7626	 0.5586	 0.0535	 0.1477	 0.0226	 
m60628c2r9.htb	   0.0	  0.03	 2.000	 -8.00	 -10.00	 40.00	 180.0000		 -0.0109	 3.7496	 0.2172	 0.2919	 0.0314	 0.3081	 
m60703c1r9.htb	   0.0	  0.03	 2.000	 10.00	  8.00	 40.00	 0.0000		 0.0448	 12.1424	 0.8289	 0.0044	 0.1571	 0.0007	 
m60703c1r9.htb	   0.0	  0.03	 2.000	 10.00	  8.00	 40.00	 180.0000		 0.0325	 12.7269	 0.6249	 0.0344	 0.0963	 0.0089	 
m60703c1r9.htb	   0.0	  0.03	 2.000	 10.00	  8.00	 40.00	 0.0000		 0.0448	 12.1424	 0.8289	 0.0044	 0.1571	 0.0007	 
m60703c1r9.htb	   0.0	  0.03	 2.000	 10.00	  8.00	 40.00	 180.0000		 0.0325	 12.7269	 0.6249	 0.0344	 0.0963	 0.0089	 
m60703c2r9.htb	   0.0	  0.03	 2.000	  8.00	 10.00	 40.00	 0.0000		 0.0162	 6.5940	 0.5390	 0.0603	 0.0489	 0.2016	 
m60703c2r9.htb	   0.0	  0.03	 2.000	  8.00	 10.00	 40.00	 180.0000		 0.0186	 6.1314	 0.4923	 0.0789	 0.0957	 0.0705	 
m60703c3r9.htb	   0.0	  0.03	 2.000	 -5.00	 10.00	 40.00	 0.0000		 0.0005	 2.1038	 0.0006	 0.9602	 0.0001	 0.9460	 
m60703c3r9.htb	   0.0	  0.03	 2.000	 -5.00	 10.00	 40.00	 180.0000		 0.0105	 1.4485	 0.5013	 0.0751	 0.0972	 0.0683	 
m60705c1r9.htb	   0.0	  0.03	 2.000	  0.00	 -10.00	 30.00	 0.0000		 0.0145	 7.9785	 0.0674	 0.5738	 0.0198	 0.4196	 
m60705c1r9.htb	   0.0	  0.03	 2.000	  0.00	 -10.00	 30.00	 180.0000		 -0.0092	 10.3568	 0.0549	 0.6132	 0.0099	 0.5690	 
m60705c3r9.htb	   0.0	  0.03	 2.000	  5.00	 -10.00	 40.00	 0.0000		 0.0286	 22.3783	 0.6037	 0.0398	 0.0771	 0.1064	 
m60705c3r9.htb	   0.0	  0.03	 2.000	  5.00	 -10.00	 40.00	 180.0000		 0.0553	 21.0110	 0.7630	 0.0102	 0.2021	 0.0067	 
m60712c1r9.htb	   0.0	  0.03	 2.000	  3.00	 -5.00	 40.00	 0.0000		 0.0337	 6.7456	 0.7033	 0.0184	 0.1711	 0.0135	 
m60712c1r9.htb	   0.0	  0.03	 2.000	  3.00	 -5.00	 40.00	 180.0000		 0.0741	 7.0950	 0.7608	 0.0104	 0.4344	 0.0000	 
m60712c1r9.htb	   0.0	  0.03	 2.000	  3.00	 -5.00	 40.00	 0.0000		 0.0337	 6.7456	 0.7033	 0.0184	 0.1711	 0.0135	 
m60712c1r9.htb	   0.0	  0.03	 2.000	  3.00	 -5.00	 40.00	 180.0000		 0.0741	 7.0950	 0.7608	 0.0104	 0.4344	 0.0000	 
m60717c3r9.htb	 150.0	  0.03	 2.000	 -10.00	 -10.00	 40.00	 150.0000		 0.0409	 15.9647	 0.7437	 0.0125	 0.1444	 0.0012	 
m60717c3r9.htb	 150.0	  0.03	 2.000	 -10.00	 -10.00	 40.00	 330.0000		 0.0075	 17.4724	 0.0260	 0.7299	 0.0036	 0.6236	 
m60814c1r9.htb	   0.0	  0.03	 2.000	  0.00	  0.00	 40.00	 0.0000		 -0.0089	 6.2835	 0.0730	 0.5580	 0.0152	 0.4810	 
m60814c1r9.htb	   0.0	  0.03	 2.000	  0.00	  0.00	 40.00	 180.0000		 -0.0025	 5.5264	 0.0223	 0.7494	 0.0018	 0.8064	 
m60814c2r9.htb	   0.0	  0.03	 2.000	  0.00	  0.00	 40.00	 0.0000		 0.0677	 19.2532	 0.6220	 0.0350	 0.1646	 0.0156	 
m60814c2r9.htb	   0.0	  0.03	 2.000	  0.00	  0.00	 40.00	 180.0000		 0.0366	 20.7251	 0.5145	 0.0696	 0.0496	 0.1986	 
m60814c3r9.htb	 150.0	  0.03	 2.000	 -10.00	 10.00	 40.00	 150.0000		 0.0068	 2.1330	 0.0846	 0.5268	 0.0298	 0.3212	 
m60814c3r9.htb	 150.0	  0.03	 2.000	 -10.00	 10.00	 40.00	 330.0000		 -0.0033	 2.2508	 0.1135	 0.4600	 0.0143	 0.4932	 
m60814c4r9.htb	   0.0	  0.03	 2.000	  0.00	  0.00	 40.00	 0.0000		 0.0231	 13.5432	 0.5164	 0.0689	 0.0718	 0.1196	 
m60814c4r9.htb	   0.0	  0.03	 2.000	  0.00	  0.00	 40.00	 180.0000		 0.0034	 14.4627	 0.0214	 0.7542	 0.0019	 0.8049	 
m60822c1r9.htb	   0.0	  0.03	 2.000	 -10.00	  0.00	 40.00	 0.0000		 -0.0016	 9.5677	 0.0057	 0.8727	 0.0005	 0.8985	 
m60822c1r9.htb	   0.0	  0.03	 2.000	 -10.00	  0.00	 40.00	 180.0000		 0.0094	 9.2537	 0.4126	 0.1198	 0.0205	 0.4115	 
m60822c2r9.htb	 230.0	  0.03	 2.000	  0.00	 -5.00	 40.00	 0.0000		 -0.0077	 6.7056	 0.0865	 0.5221	 0.0092	 0.5844	 
m60822c2r9.htb	 230.0	  0.03	 2.000	  0.00	 -5.00	 40.00	 180.0000		 0.0001	 6.3098	 0.0000	 0.9976	 0.0000	 0.9976	 
