FILE			 PrfOR	 PrfSF	 PrfTF	 RFXctr	 RFYctr	 RFDiam	 GrType	 MaxLoc	 MaxRsp	 MinLoc	 MinRsp	 Spont	 SFMI		 AnovaP	 SFDI  	 VarTerm	 MaxX 	 MinX 	 SFHWHM	 RsqMn	 PMean	 RsqRaw	 Praw		 Chi2		 ChiP		 Brat		 Ampl		 Peak		 SD		 Offst		
m60201c1r3.htb	  30.0	  0.03	 2.000	  0.00	 -5.00	 50.00	   0.0	 0.0250	  1.79	 1.6000	  0.57	  0.87	 1.324	 0.28839092	 0.339	  0.723	  1.60	  0.03	  0.0500	 0.7438	 0.01250408	 0.1101	 0.01856957	 0.2115	 0.89966921	  0.57	  1.22	 0.0250	 0.7356	 0.0100	
m60201c1r3.htb	  30.0	  0.03	 2.000	  0.00	 -5.00	 50.00	   1.0	 0.0250	  1.73	 0.0500	  0.75	  0.87	 1.241	 0.15582313	 0.352	  0.669	  1.60	  0.03	  0.0040	 0.4252	 0.11248129	 0.0801	 0.04648771	 0.8806	 0.64384840	  0.75	  0.98	 0.0250	 0.0779	 0.0001	
m60208c1r2.htb	  30.0	  0.03	 2.000	  0.00	  0.00	 45.00	   0.0	 0.0500	 15.84	 1.6000	  2.99	  4.18	 1.106	 0.00000000	 0.694	  0.500	  1.60	  0.03	  0.1310	 0.9902	 0.00000325	 0.7753	 0.00000000	 0.4012	 0.81823275	  2.95	 12.90	 0.0501	 0.9784	 0.0100	
m60208c1r2.htb	  30.0	  0.03	 2.000	  0.00	  0.00	 45.00	   1.0	 0.0480	 18.94	 1.6000	  3.52	  4.18	 1.071	 0.00000000	 0.733	  0.455	  1.60	  0.03	  0.1310	 0.9948	 0.00000066	 0.8208	 0.00000000	 0.1557	 0.92511905	  3.46	 15.48	 0.0484	 0.9935	 0.0098	
m60213c1r3.htb	  30.0	  0.05	 2.000	 -5.00	 10.00	 40.00	   0.0	 0.0250	 11.52	 1.6000	  3.86	  3.68	 0.982	 0.00000000	 0.557	  0.625	  1.60	  0.03	  0.0980	 0.9400	 0.00030581	 0.5153	 0.00000000	 0.4085	 0.81525819	  3.82	  7.70	 0.0250	 1.2102	 0.0058	
m60213c1r3.htb	  30.0	  0.05	 2.000	 -5.00	 10.00	 40.00	   1.0	 0.0250	 12.70	 1.6000	  4.05	  3.68	 0.971	 0.00000000	 0.588	  0.575	  1.60	  0.03	  0.0810	 0.9845	 0.00001020	 0.6211	 0.00000000	 0.1289	 0.93759372	  4.02	  8.67	 0.0250	 1.2108	 0.0001	
m60217c1r2.htb	  30.0	  0.03	 2.000	 10.00	 15.00	 50.00	   0.0	 0.0440	 11.80	 1.6000	  6.80	  5.42	 0.784	 0.00003333	 0.470	  0.488	  1.60	  0.03	  0.0950	 0.8971	 0.00119911	 0.3353	 0.00000015	 0.4648	 0.79263119	  6.80	  5.00	 0.0440	 0.8511	 0.0100	
m60217c1r2.htb	  30.0	  0.03	 2.000	 10.00	 15.00	 50.00	   1.0	 0.0250	 12.08	 1.6000	  5.87	  5.42	 0.889	 0.00000472	 0.525	  0.541	  1.60	  0.03	  0.1510	 0.8695	 0.00219296	 0.3609	 0.00000004	 0.5527	 0.75853627	  5.53	  6.56	 0.0250	 1.7138	 0.0001	
m60220c2r2.htb	   0.0	  0.03	 2.000	  0.00	 15.00	 60.00	   0.0	 0.0250	 10.14	 1.6000	  6.41	  5.30	 0.771	 0.00086337	 0.406	  0.705	  1.60	  0.03	  0.0580	 0.7651	 0.00996860	 0.1190	 0.00003004	 0.2937	 0.86342343	  6.41	  3.73	 0.0250	 0.9978	 0.0001	
m60220c2r2.htb	   0.0	  0.03	 2.000	  0.00	 15.00	 60.00	   1.0	 0.0270	 12.81	 1.6000	  6.70	  5.30	 0.801	 0.00000002	 0.475	  0.672	  1.60	  0.03	  0.0300	 0.9247	 0.00054347	 0.2715	 0.00000000	 0.2733	 0.87228960	  6.70	  6.11	 0.0269	 0.4822	 0.0100	
m60220c3r2.htb	  30.0	  0.03	 2.000	 10.00	 10.00	 50.00	   0.0	 0.0250	  6.62	 1.6000	  1.65	  1.84	 1.041	 0.00000000	 0.585	  0.553	  1.60	  0.03	  0.0490	 0.9313	 0.00043047	 0.5253	 0.00000000	 0.6018	 0.74015635	  1.65	  4.98	 0.0250	 0.9041	 0.0001	
m60220c3r2.htb	  30.0	  0.03	 2.000	 10.00	 10.00	 50.00	   1.0	 0.0250	  6.22	 1.6000	  1.62	  1.84	 1.046	 0.00000115	 0.531	  0.618	  1.60	  0.03	  0.0740	 0.9281	 0.00048292	 0.4110	 0.00000000	 0.3514	 0.83887561	  1.61	  4.61	 0.0250	 1.1514	 0.0001	
m60220c6r3.htb	  30.0	  0.03	 2.000	  0.00	 10.00	 40.00	   0.0	 0.0340	 39.23	 1.6000	  7.94	  3.13	 0.867	 0.00000000	 0.755	  0.570	  1.60	  0.03	  0.0430	 0.9885	 0.00000485	 0.9119	 0.00000000	 0.9359	 0.62627389	  7.94	 31.29	 0.0343	 0.5558	 0.0100	
m60220c6r3.htb	  30.0	  0.03	 2.000	  0.00	 10.00	 40.00	   1.0	 0.0360	 44.75	 1.6000	 13.94	  3.13	 0.795	 0.00000000	 0.704	  0.610	  1.60	  0.03	  0.0360	 0.9939	 0.00000099	 0.8434	 0.00000000	 0.1886	 0.91003206	 13.94	 30.82	 0.0355	 0.5795	 0.0001	
m60221c1r2.htb	   0.0	  0.05	 2.000	 -10.00	 10.00	 50.00	   0.0	 0.0410	  6.71	 1.6000	  0.71	  0.85	 1.030	 0.00000000	 0.635	  0.497	  1.60	  0.03	  0.1300	 0.9585	 0.00012127	 0.6611	 0.00000000	 1.3822	 0.50102655	  0.67	  6.04	 0.0408	 1.0780	 0.0100	
m60221c1r2.htb	   0.0	  0.05	 2.000	 -10.00	 10.00	 50.00	   1.0	 0.0460	  7.48	 1.6000	  1.33	  0.85	 0.972	 0.00000000	 0.631	  0.445	  1.60	  0.03	  0.1030	 0.9688	 0.00005893	 0.6790	 0.00000000	 0.5364	 0.76473652	  1.33	  6.15	 0.0458	 0.8799	 0.0100	
m60221c2r2.htb	   0.0	  0.03	 4.000	 -10.00	 10.00	 60.00	   0.0	 0.0250	 14.08	 1.6000	  6.10	  6.12	 1.008	 0.00000000	 0.625	  0.454	  1.60	  0.03	  0.1080	 0.9015	 0.00107324	 0.5448	 0.00000000	 1.5876	 0.45213015	  6.06	  8.02	 0.0250	 1.1919	 0.0100	
m60221c2r2.htb	   0.0	  0.03	 4.000	 -10.00	 10.00	 60.00	   1.0	 0.0250	 13.97	 1.6000	  6.25	  6.12	 1.014	 0.00000000	 0.589	  0.443	  1.60	  0.03	  0.1590	 0.9600	 0.00011029	 0.5302	 0.00000000	 0.3637	 0.83370808	  5.96	  8.01	 0.0250	 1.4854	 0.0100	
m60221c3r2.htb	   0.0	  0.03	 2.000	  3.00	  8.00	 50.00	   0.0	 0.0250	 17.90	 1.6000	  3.05	  1.14	 0.886	 0.00000000	 0.753	  0.457	  1.60	  0.03	  0.0380	 0.9882	 0.00000511	 0.8486	 0.00000000	 0.6977	 0.70548243	  3.05	 14.85	 0.0250	 0.7658	 0.0001	
m60221c3r2.htb	   0.0	  0.03	 2.000	  3.00	  8.00	 50.00	   1.0	 0.0250	 19.13	 1.6000	  3.44	  1.14	 0.879	 0.00000000	 0.727	  0.509	  1.60	  0.03	  0.0450	 0.9869	 0.00000672	 0.8332	 0.00000000	 1.7257	 0.42196783	  3.44	 15.68	 0.0250	 0.8544	 0.0001	
m60221c4r3.htb	   0.0	  0.03	 2.000	  8.00	  0.00	 50.00	   0.0	 0.0360	 29.49	 1.6000	  2.64	  2.94	 1.012	 0.00000000	 0.732	  0.705	  1.60	  0.03	  0.0910	 0.9779	 0.00002497	 0.8265	 0.00000000	 0.9209	 0.63099862	  2.63	 26.86	 0.0360	 0.9201	 0.0100	
m60221c4r3.htb	   0.0	  0.03	 2.000	  8.00	  0.00	 50.00	   1.0	 0.0320	 31.19	 1.6000	  3.65	  2.94	 0.992	 0.00000000	 0.744	  0.666	  1.60	  0.03	  0.0900	 0.9891	 0.00000424	 0.8740	 0.00000000	 0.8543	 0.65238036	  3.63	 27.56	 0.0322	 0.9563	 0.0100	
m60221c5r2.htb	   0.0	  0.03	 2.000	 10.00	 -5.00	 50.00	   0.0	 0.0250	  5.99	 1.6000	  1.55	  1.04	 0.902	 0.00000004	 0.578	  0.529	  1.60	  0.03	  0.0880	 0.8978	 0.00117783	 0.4533	 0.00000000	 0.7024	 0.70382703	  1.53	  4.46	 0.0250	 1.2687	 0.0001	
m60221c5r2.htb	   0.0	  0.03	 2.000	 10.00	 -5.00	 50.00	   1.0	 0.0250	  5.47	 1.6000	  1.87	  1.04	 0.862	 0.00000000	 0.604	  0.466	  1.60	  0.03	  0.0650	 0.7285	 0.01454917	 0.4040	 0.00000000	 2.4523	 0.29342534	  1.87	  3.60	 0.0250	 1.0743	 0.0001	
m60227c1r2.htb	  30.0	  0.03	 2.000	  5.00	  0.00	 40.00	   0.0	 0.0390	 22.44	 1.6000	  7.18	  6.12	 1.090	 0.00000020	 0.548	  0.879	  1.60	  0.03	  0.2490	 0.9471	 0.00022310	 0.4562	 0.00000000	 0.2366	 0.88843034	  4.64	 17.79	 0.0391	 1.8789	 0.0001	
m60227c1r2.htb	  30.0	  0.03	 2.000	  5.00	  0.00	 40.00	   1.0	 0.0480	 23.43	 1.6000	  6.74	  6.12	 1.230	 0.00000004	 0.566	  0.902	  1.60	  0.03	  0.3630	 0.8604	 0.00260776	 0.4314	 0.00000000	 1.3215	 0.51645685	  0.00	 23.43	 0.0485	 2.1005	 0.0100	
m60227c2r2.htb	   0.0	  0.05	 2.000	  8.00	  4.00	 40.00	   0.0	 0.0250	 17.50	 1.6000	  6.59	  6.47	 1.586	 0.00000000	 0.646	  0.528	  1.60	  0.03	  0.3040	 0.6890	 0.02081741	 0.4572	 0.00000000	 5.4965	 0.06404005	  0.00	 17.50	 0.0250	 2.9737	 0.0001	
m60227c2r2.htb	   0.0	  0.05	 2.000	  8.00	  4.00	 40.00	   1.0	 0.0530	 16.50	 1.6000	  6.37	  6.47	 1.613	 0.00000000	 0.712	  0.400	  1.60	  0.03	  0.4080	 0.7959	 0.00692353	 0.5448	 0.00000000	 3.8454	 0.14621256	  0.00	 16.50	 0.0526	 2.3536	 0.0100	
m60404c1r2.htb	   0.0	  0.03	 2.000	  0.00	  0.00	 40.00	   0.0	 0.0250	 13.93	 1.6000	  5.85	  4.03	 0.816	 0.00000004	 0.551	  0.621	  1.60	  0.03	  0.0430	 0.9825	 0.00001383	 0.4925	 0.00000000	 0.4115	 0.81403572	  5.85	  8.08	 0.0250	 0.8317	 0.0001	
m60404c1r2.htb	   0.0	  0.03	 2.000	  0.00	  0.00	 40.00	   1.0	 0.0250	 11.30	 1.6000	  5.92	  4.03	 0.795	 0.00008803	 0.532	  0.542	  1.60	  0.03	  0.1210	 0.9045	 0.00099244	 0.3183	 0.00000037	 0.6427	 0.72517501	  5.79	  5.50	 0.0250	 1.5141	 0.0001	
m60411c1r2.htb	   0.0	  0.03	 2.000	 -10.00	 -5.00	 40.00	   0.0	 0.0250	  8.63	 1.6000	  0.00	  0.00	 1.000	 0.00000000	 0.686	  0.735	  1.60	  0.03	  0.0460	 0.9378	 0.00033557	 0.6817	 0.00000000	 1.0746	        NaN	  0.00	  8.63	 0.0250	 0.8699	 0.0001	
m60411c1r2.htb	   0.0	  0.03	 2.000	 -10.00	 -5.00	 40.00	   1.0	 0.0330	  8.46	 1.6000	  0.01	  0.00	 1.000	 0.00000000	 0.678	  0.719	  1.60	  0.03	  0.0920	 0.9244	 0.00054792	 0.6198	 0.00000000	 0.6119	        NaN	  0.00	  8.46	 0.0333	 0.9576	 0.0100	
m60412c3r2.htb	   0.0	  0.03	 2.000	  0.00	 -10.00	 40.00	   0.0	 0.0250	 15.89	 1.6000	  3.46	  3.18	 1.009	 0.00000000	 0.699	  0.561	  1.60	  0.03	  0.1300	 0.8267	 0.00453663	 0.6211	 0.00000000	 9.7256	 0.00772882	  3.06	 12.83	 0.0250	 1.5763	 0.0001	
m60412c3r2.htb	   0.0	  0.03	 2.000	  0.00	 -10.00	 40.00	   1.0	 0.0250	 15.07	 1.6000	  3.68	  3.18	 1.050	 0.00000000	 0.625	  0.759	  1.60	  0.03	  0.2010	 0.6674	 0.02488577	 0.3799	 0.00000001	 30.1249	 0.00000029	  2.03	 13.03	 0.0250	 2.0431	 0.0001	
m60413c1r2.htb	 180.0	  0.03	 2.000	 -5.00	 -25.00	 60.00	   0.0	 0.0340	 11.72	 1.6000	  5.71	  4.93	 0.888	 0.00000001	 0.577	  0.405	  1.60	  0.03	  0.0990	 0.9475	 0.00021817	 0.5067	 0.00000000	 0.4180	 0.81138463	  5.69	  6.04	 0.0338	 1.1539	 0.0001	
m60413c1r2.htb	 180.0	  0.03	 2.000	 -5.00	 -25.00	 60.00	   1.0	 0.0250	 11.44	 1.6000	  6.03	  4.93	 0.861	 0.00000098	 0.556	  0.464	  1.60	  0.03	  0.0770	 0.9224	 0.00058646	 0.4113	 0.00000000	 0.5236	 0.76967028	  6.02	  5.42	 0.0250	 1.1785	 0.0001	
m60413c2r2.htb	 180.0	  0.03	 2.000	 -8.00	 -5.00	 40.00	   0.0	 0.0250	  5.49	 1.6000	  3.57	  3.33	 0.888	 0.00498750	 0.442	  0.373	  1.60	  0.03	  0.0390	 0.8630	 0.00248483	 0.2145	 0.00005410	 0.7342	 0.69273610	  3.57	  1.92	 0.0250	 0.7776	 0.0001	
m60413c2r2.htb	 180.0	  0.03	 2.000	 -8.00	 -5.00	 40.00	   1.0	 0.0250	  7.08	 1.6000	  3.61	  3.33	 0.916	 0.00000000	 0.613	  0.319	  1.60	  0.03	  0.0680	 0.8794	 0.00179272	 0.4877	 0.00000000	 1.1764	 0.55531271	  3.61	  3.47	 0.0250	 1.0998	 0.0001	
m60417c1r2.htb	 180.0	  0.03	 2.000	  0.00	 10.00	 50.00	   0.0	 0.0250	  1.28	 0.0440	  0.33	  0.25	 0.921	 0.10837323	 0.436	  0.542	  1.60	  0.03	  0.0040	 0.6698	 0.02440100	 0.1102	 0.00787491	 0.9855	 0.61092996	  0.33	  0.95	 0.0250	 0.0510	 0.0086	
m60417c1r2.htb	 180.0	  0.03	 2.000	  0.00	 10.00	 50.00	   1.0	 0.0410	  1.04	 1.6000	  0.32	  0.25	 0.915	 0.07674724	 0.395	  0.558	  1.60	  0.03	  0.0390	 0.5328	 0.06253428	 0.0930	 0.01276103	 1.5558	 0.45936360	  0.32	  0.72	 0.0415	 0.4608	 0.0100	
m60418c2r2.htb	   0.0	  0.03	 2.000	 -5.00	 -15.00	 50.00	   0.0	 0.0330	 35.53	 1.6000	 11.43	  7.81	 0.870	 0.00000000	 0.711	  0.559	  1.60	  0.03	  0.0940	 0.9924	 0.00000174	 0.8430	 0.00000000	 0.2434	 0.88543117	 11.41	 24.12	 0.0332	 0.9697	 0.0100	
m60418c2r2.htb	   0.0	  0.03	 2.000	 -5.00	 -15.00	 50.00	   1.0	 0.0250	 37.48	 1.6000	 14.58	  7.81	 0.818	 0.00000000	 0.673	  0.604	  1.60	  0.03	  0.0710	 0.9713	 0.00004789	 0.7679	 0.00000000	 0.5744	 0.75036970	 14.55	 22.93	 0.0250	 1.1240	 0.0001	
m60418c3r2.htb	   0.0	  0.03	 2.000	  0.00	 -10.00	 50.00	   0.0	 0.0320	 29.63	 1.6000	 15.85	 15.57	 0.980	 0.00000000	 0.619	  0.502	  1.60	  0.03	  0.0830	 0.9584	 0.00012201	 0.6139	 0.00000000	 0.4718	 0.78987321	 15.85	 13.78	 0.0319	 0.9183	 0.0100	
m60418c3r2.htb	   0.0	  0.03	 2.000	  0.00	 -10.00	 50.00	   1.0	 0.0390	 31.46	 1.6000	 17.92	 15.57	 0.908	 0.00000000	 0.608	  0.458	  1.60	  0.03	  0.0640	 0.9760	 0.00003066	 0.6254	 0.00000000	 0.3332	 0.84654714	 17.92	 13.53	 0.0390	 0.6960	 0.0100	
m60420c3r2.htb	   0.0	  0.03	 2.000	 -5.00	  5.00	 40.00	   0.0	 0.0270	 24.91	 1.6000	 12.91	 12.94	 1.004	 0.00000002	 0.556	  0.596	  1.60	  0.03	  0.0920	 0.9722	 0.00004404	 0.5002	 0.00000000	 0.2662	 0.87538512	 12.89	 12.02	 0.0266	 1.0624	 0.0100	
m60420c3r2.htb	   0.0	  0.03	 2.000	 -5.00	  5.00	 40.00	   1.0	 0.0270	 24.94	 1.6000	 12.06	 12.94	 1.051	 0.00000000	 0.580	  0.557	  1.60	  0.03	  0.1450	 0.9825	 0.00001376	 0.5609	 0.00000000	 0.2419	 0.88607449	 11.76	 13.18	 0.0270	 1.3697	 0.0100	
m60420c4r2.htb	   0.0	  0.03	 2.000	 10.00	 -8.00	 40.00	   0.0	 0.0270	 14.14	 1.6000	  3.34	  5.27	 1.225	 0.00000467	 0.539	  0.924	  1.60	  0.03	  0.1100	 0.9462	 0.00023220	 0.3929	 0.00000001	 0.2699	 0.87373809	  3.28	 10.86	 0.0268	 1.1729	 0.0100	
m60420c4r2.htb	   0.0	  0.03	 2.000	 10.00	 -8.00	 40.00	   1.0	 0.0440	 13.73	 1.6000	  3.84	  5.27	 1.201	 0.00007666	 0.495	  0.925	  1.60	  0.03	  0.1290	 0.9815	 0.00001597	 0.3485	 0.00000008	 0.3089	 0.85688933	  3.80	  9.93	 0.0440	 1.0308	 0.0100	
m60420c5r2.htb	   0.0	  0.03	 2.000	  8.00	 -5.00	 40.00	   0.0	 0.0260	 31.29	 1.6000	 17.69	 18.71	 1.081	 0.00000013	 0.530	  0.649	  1.60	  0.03	  0.0680	 0.9949	 0.00000064	 0.4797	 0.00000000	 0.0332	 0.98354866	 17.69	 13.61	 0.0259	 0.8901	 0.0100	
m60420c5r2.htb	   0.0	  0.03	 2.000	  8.00	 -5.00	 40.00	   1.0	 0.0320	 30.79	 1.6000	 19.16	 18.71	 1.024	 0.00001474	 0.492	  0.667	  1.60	  0.03	  0.0730	 0.9459	 0.00023528	 0.3703	 0.00000002	 0.3078	 0.85736525	 19.16	 11.63	 0.0316	 0.8522	 0.0100	
m60424c6r2.htb	   0.0	  0.03	 2.000	 -5.00	 -5.00	 30.00	   0.0	 0.0370	 33.82	 1.6000	  2.37	  1.00	 0.958	 0.00000000	 0.737	  0.778	  1.60	  0.03	  0.0780	 0.9843	 0.00001057	 0.8729	 0.00000000	 1.2271	 0.54142803	  2.36	 31.46	 0.0369	 0.8960	 0.0040	
m60424c6r2.htb	   0.0	  0.03	 2.000	 -5.00	 -5.00	 30.00	   1.0	 0.0350	 32.73	 1.6000	  4.67	  1.00	 0.932	 0.00000000	 0.712	  0.758	  1.60	  0.03	  0.1400	 0.9710	 0.00004898	 0.7770	 0.00000000	 1.3078	 0.52001729	  4.02	 28.70	 0.0347	 1.3887	 0.0001	
m60515c4r2.htb	   0.0	  0.03	 2.000	 -10.00	 10.00	 40.00	   0.0	 0.0250	  6.82	 1.6000	  2.08	  1.59	 0.907	 0.00000000	 0.619	  0.439	  1.60	  0.03	  0.0330	 0.9180	 0.00067311	 0.5309	 0.00000000	 1.0763	 0.58382042	  2.08	  4.74	 0.0250	 0.6946	 0.0001	
m60515c4r2.htb	   0.0	  0.03	 2.000	 -10.00	 10.00	 40.00	   1.0	 0.0250	  7.72	 1.6000	  2.15	  1.59	 0.908	 0.00000000	 0.624	  0.469	  1.60	  0.03	  0.0230	 0.8963	 0.00122280	 0.6038	 0.00000000	 3.2345	 0.19844780	  2.15	  5.57	 0.0250	 0.5200	 0.0001	
m60518c3r2.htb	   0.0	  0.03	 2.000	 10.00	  5.00	 40.00	   0.0	 0.0250	 25.44	 1.6000	  5.24	  1.74	 0.853	 0.00000000	 0.598	  0.978	  1.60	  0.03	  0.0630	 0.9920	 0.00000193	 0.7261	 0.00000000	 0.2557	 0.88000189	  5.23	 20.21	 0.0250	 1.0480	 0.0001	
m60518c3r2.htb	   0.0	  0.03	 2.000	 10.00	  5.00	 40.00	   1.0	 0.0250	 28.38	 1.6000	  6.98	  1.74	 0.826	 0.00000000	 0.603	  0.905	  1.60	  0.03	  0.0650	 0.9887	 0.00000464	 0.7277	 0.00000000	 0.0713	 0.96497361	  6.97	 21.41	 0.0250	 1.0757	 0.0001	
m60518c4r2.htb	   0.0	  0.03	 2.000	  0.00	 -10.00	 40.00	   0.0	 0.0250	 13.90	 1.6000	  4.72	  2.94	 0.837	 0.00000000	 0.620	  0.583	  1.60	  0.03	  0.0280	 0.9248	 0.00054157	 0.5985	 0.00000000	 0.9528	 0.62102567	  4.72	  9.18	 0.0250	 0.6085	 0.0001	
m60518c4r2.htb	   0.0	  0.03	 2.000	  0.00	 -10.00	 40.00	   1.0	 0.0250	 12.13	 1.6000	  2.53	  2.94	 0.953	 0.00000000	 0.614	  0.756	  1.60	  0.03	  0.1620	 0.8554	 0.00285398	 0.5624	 0.00000000	 2.1023	 0.34953671	  1.85	 10.28	 0.0250	 1.7827	 0.0001	
m60524c6r2.htb	   0.0	  0.03	 2.000	 -12.00	 -8.00	 40.00	   0.0	 0.0250	 14.39	 1.6000	  6.04	  4.13	 0.824	 0.00000067	 0.559	  0.601	  1.60	  0.03	  0.1050	 0.9646	 0.00008127	 0.4371	 0.00000000	 0.5356	 0.76507400	  5.94	  8.46	 0.0250	 1.3996	 0.0001	
m60524c6r2.htb	   0.0	  0.03	 2.000	 -12.00	 -8.00	 40.00	   1.0	 0.0500	 11.82	 1.6000	  5.75	  4.13	 0.812	 0.00056831	 0.455	  0.699	  1.60	  0.03	  0.1070	 0.9305	 0.00044332	 0.2856	 0.00000189	 0.1068	 0.94798200	  5.74	  6.08	 0.0504	 0.9542	 0.0001	
m60629c1r2.htb	   0.0	  0.03	 2.000	  0.00	 -5.00	 40.00	   0.0	 0.0250	 19.43	 1.6000	  4.19	  3.63	 0.964	 0.00000000	 0.692	  0.603	  1.60	  0.03	  0.0480	 0.9756	 0.00003176	 0.7590	 0.00000000	 0.6927	 0.70726360	  4.19	 15.23	 0.0250	 0.8944	 0.0001	
m60629c1r2.htb	   0.0	  0.03	 2.000	  0.00	 -5.00	 40.00	   1.0	 0.0250	 20.60	 1.6000	  4.18	  3.63	 0.967	 0.00000000	 0.740	  0.484	  1.60	  0.03	  0.0640	 0.9816	 0.00001564	 0.8570	 0.00000000	 0.8161	 0.66494282	  4.17	 16.43	 0.0250	 1.0607	 0.0001	
m60629c2r2.htb	   0.0	  0.03	 2.000	  0.00	  0.00	 40.00	   0.0	 0.0330	 25.80	 1.6000	 14.03	 13.93	 1.002	 0.00000004	 0.546	  0.556	  1.60	  0.03	  0.1330	 0.9596	 0.00011291	 0.4836	 0.00000000	 0.2441	 0.88509534	 13.91	 11.90	 0.0325	 1.2077	 0.0100	
m60629c2r2.htb	   0.0	  0.03	 2.000	  0.00	  0.00	 40.00	   1.0	 0.0390	 28.14	 1.6000	 14.72	 13.93	 0.995	 0.00000000	 0.598	  0.513	  1.60	  0.03	  0.1760	 0.9922	 0.00000185	 0.5494	 0.00000000	 0.0964	 0.95293819	 14.08	 14.06	 0.0385	 1.5004	 0.0001	
m60630c1r2.htb	   0.0	  0.03	 2.000	  0.00	 -8.00	 60.00	   0.0	 0.0250	 11.88	 1.6000	  3.96	  5.02	 1.155	 0.00000000	 0.630	  0.519	  1.60	  0.03	  0.0500	 0.9271	 0.00050001	 0.6004	 0.00000000	 0.8302	 0.66028862	  3.96	  7.92	 0.0250	 0.9092	 0.0001	
m60630c1r2.htb	   0.0	  0.03	 2.000	  0.00	 -8.00	 60.00	   1.0	 0.0250	 11.61	 1.6000	  4.41	  5.02	 1.127	 0.00000001	 0.578	  0.708	  1.60	  0.03	  0.0800	 0.6483	 0.02889235	 0.3376	 0.00000013	 2.1697	 0.33795991	  4.39	  7.22	 0.0250	 1.2038	 0.0001	
m60630c2r2.htb	   0.0	  0.03	 2.000	  0.00	 10.00	 50.00	   0.0	 0.0290	 17.20	 1.6000	  6.22	  5.67	 0.952	 0.00000000	 0.605	  0.602	  1.60	  0.03	  0.0530	 0.9590	 0.00011733	 0.6044	 0.00000000	 0.8824	 0.64325211	  6.22	 10.98	 0.0292	 0.7124	 0.0100	
m60630c2r2.htb	   0.0	  0.03	 2.000	  0.00	 10.00	 50.00	   1.0	 0.0250	 16.71	 1.6000	  5.66	  5.67	 0.976	 0.00000000	 0.625	  0.544	  1.60	  0.03	  0.0720	 0.9937	 0.00000108	 0.6383	 0.00000000	 0.1049	 0.94890554	  5.64	 11.07	 0.0250	 1.1358	 0.0001	
m60706c1r2.htb	   0.0	  0.03	 2.000	 10.00	  0.00	 40.00	   0.0	 0.0250	 15.29	 1.0160	  7.10	  7.36	 1.033	 0.00002056	 0.479	  0.820	  1.60	  0.03	  0.0180	 0.8638	 0.00244862	 0.3319	 0.00000018	 0.8299	 0.66037871	  7.10	  8.19	 0.0250	 0.4275	 0.0001	
m60706c1r2.htb	   0.0	  0.03	 2.000	 10.00	  0.00	 40.00	   1.0	 0.0250	 12.69	 1.6000	  6.58	  7.36	 1.069	 0.00057539	 0.474	  0.787	  1.60	  0.03	  0.0360	 0.8185	 0.00510848	 0.2510	 0.00001001	 0.9814	 0.61221151	  6.58	  6.11	 0.0250	 0.7404	 0.0001	
m60706c2r2.htb	   0.0	  0.03	 2.000	  0.00	 -10.00	 40.00	   0.0	 0.0340	 23.67	 0.3530	  4.42	  3.78	 0.968	 0.00000000	 0.623	  0.659	  1.60	  0.03	  0.0160	 0.9881	 0.00000528	 0.6395	 0.00000000	 0.5414	 0.76282913	  4.42	 19.25	 0.0341	 0.2405	 0.0100	
m60706c2r2.htb	   0.0	  0.03	 2.000	  0.00	 -10.00	 40.00	   1.0	 0.0280	 20.27	 1.6000	  4.19	  3.78	 0.971	 0.00000000	 0.632	  0.735	  1.60	  0.03	  0.0310	 0.9985	 0.00000003	 0.7685	 0.00000000	 0.0594	 0.97075666	  4.19	 16.08	 0.0276	 0.5019	 0.0100	
m60706c3r2.htb	   0.0	  0.03	 2.000	 -5.00	 -10.00	 40.00	   0.0	 0.0250	 19.75	 1.6000	 10.93	 11.94	 1.171	 0.00000006	 0.573	  0.477	  1.60	  0.03	  0.1350	 0.9415	 0.00028660	 0.4664	 0.00000000	 0.4311	 0.80608520	 10.61	  9.14	 0.0250	 1.6087	 0.0001	
m60706c3r2.htb	   0.0	  0.03	 2.000	 -5.00	 -10.00	 40.00	   1.0	 0.0250	 21.38	 1.6000	 11.07	 11.94	 1.131	 0.00000000	 0.672	  0.397	  1.60	  0.03	  0.1020	 0.9094	 0.00086698	 0.6085	 0.00000000	 1.3409	 0.51147884	 10.96	 10.42	 0.0250	 1.3770	 0.0001	
m60706c4r2.htb	   0.0	  0.03	 2.000	 10.00	 -10.00	 40.00	   0.0	 0.0680	  9.15	 1.6000	  4.19	  3.63	 0.899	 0.00000516	 0.506	  0.474	  1.60	  0.03	  0.1260	 0.9748	 0.00003440	 0.4029	 0.00000000	 0.1371	 0.93375916	  4.19	  4.96	 0.0676	 0.8166	 0.0100	
m60706c4r2.htb	   0.0	  0.03	 2.000	 10.00	 -10.00	 40.00	   1.0	 0.0420	  9.57	 1.6000	  4.39	  3.63	 0.885	 0.00000002	 0.525	  0.470	  1.60	  0.03	  0.0950	 0.8959	 0.00123541	 0.4579	 0.00000000	 0.5690	 0.75239520	  4.38	  5.18	 0.0423	 0.8662	 0.0100	
m60711c2r2.htb	   0.0	  0.03	 2.000	 -5.00	  8.00	 40.00	   0.0	 0.0360	 27.55	 1.6000	  7.53	  6.27	 0.941	 0.00000000	 0.693	  0.538	  1.60	  0.03	  0.0450	 0.9975	 0.00000011	 0.8628	 0.00000000	 0.1382	 0.93325488	  7.53	 20.02	 0.0357	 0.5738	 0.0100	
m60711c2r2.htb	   0.0	  0.03	 2.000	 -5.00	  8.00	 40.00	   1.0	 0.0260	 28.32	 1.6000	  9.89	  6.27	 0.886	 0.00000000	 0.697	  0.511	  1.60	  0.03	  0.0540	 0.9812	 0.00001655	 0.7830	 0.00000000	 0.8328	 0.65941312	  9.89	 18.43	 0.0262	 0.9276	 0.0001	
m60712c2r2.htb	   0.0	  0.03	 2.000	 -5.00	  5.00	 40.00	   0.0	 0.0250	 24.81	 1.6000	  6.41	  4.78	 0.918	 0.00000000	 0.722	  0.506	  1.60	  0.03	  0.0350	 0.9861	 0.00000774	 0.8189	 0.00000000	 0.7261	 0.69555873	  6.41	 18.40	 0.0250	 0.7153	 0.0001	
m60712c2r2.htb	   0.0	  0.03	 2.000	 -5.00	  5.00	 40.00	   1.0	 0.0330	 24.43	 1.6000	  7.55	  4.78	 0.889	 0.00000000	 0.656	  0.572	  1.60	  0.03	  0.0380	 0.9962	 0.00000031	 0.7235	 0.00000000	 0.1949	 0.90714443	  7.55	 16.88	 0.0327	 0.6368	 0.0001	
m60713c1r2.htb	   0.0	  0.03	 2.000	  8.00	  0.00	 60.00	   0.0	 0.0250	  3.89	 1.6000	  0.31	  0.10	 0.945	 0.00000000	 0.600	  0.533	  1.60	  0.03	  0.0370	 0.9592	 0.00011565	 0.5583	 0.00000000	 0.2194	 0.89611147	  0.31	  3.58	 0.0250	 0.7480	 0.0001	
m60713c1r2.htb	   0.0	  0.03	 2.000	  8.00	  0.00	 60.00	   1.0	 0.0250	  3.51	 1.6000	  0.31	  0.10	 0.942	 0.00000000	 0.653	  0.422	  1.60	  0.03	  0.0580	 0.9560	 0.00014032	 0.6395	 0.00000000	 0.9741	 0.61443860	  0.31	  3.20	 0.0250	 1.0010	 0.0001	
m60713c2r2.htb	   0.0	  0.03	 2.000	 -10.00	 10.00	 40.00	   0.0	 0.0250	  3.95	 1.6000	  0.22	  0.20	 0.994	 0.00000000	 0.624	  0.525	  1.60	  0.03	  0.0340	 0.9538	 0.00015871	 0.5789	 0.00000000	 0.3592	 0.83561386	  0.22	  3.73	 0.0250	 0.6997	 0.0001	
m60713c2r2.htb	   0.0	  0.03	 2.000	 -10.00	 10.00	 40.00	   1.0	 0.0290	  3.93	 1.6000	  0.32	  0.20	 0.981	 0.00000000	 0.591	  0.502	  1.60	  0.03	  0.0460	 0.9654	 0.00007680	 0.5821	 0.00000000	 0.3312	 0.84740280	  0.32	  3.61	 0.0288	 0.7918	 0.0001	
m60713c3r2.htb	   0.0	  0.03	 2.000	  0.00	  0.00	 40.00	   0.0	 0.0250	  8.09	 1.6000	  1.95	  1.59	 0.945	 0.00000000	 0.616	  0.562	  1.60	  0.03	  0.0380	 0.9275	 0.00049334	 0.5736	 0.00000000	 0.9025	 0.63681795	  1.95	  6.14	 0.0250	 0.7665	 0.0001	
m60713c3r2.htb	   0.0	  0.03	 2.000	  0.00	  0.00	 40.00	   1.0	 0.0250	  7.39	 1.6000	  1.79	  1.59	 0.954	 0.00000000	 0.603	  0.554	  1.60	  0.03	  0.0510	 0.8993	 0.00113517	 0.5255	 0.00000000	 1.3155	 0.51800787	  1.79	  5.60	 0.0250	 0.9275	 0.0001	
m60714c1r2.htb	   0.0	  0.03	 2.000	  5.00	  3.00	 40.00	   0.0	 0.0250	 12.22	 1.6000	  1.72	  1.34	 0.966	 0.00000000	 0.695	  0.587	  1.60	  0.03	  0.0390	 0.9762	 0.00002983	 0.7768	 0.00000000	 1.0040	 0.60530520	  1.72	 10.50	 0.0250	 0.7795	 0.0001	
m60714c1r2.htb	   0.0	  0.03	 2.000	  5.00	  3.00	 40.00	   1.0	 0.0250	 11.36	 1.6000	  3.06	  1.34	 0.903	 0.00000000	 0.623	  0.516	  1.60	  0.03	  0.0390	 0.9939	 0.00000097	 0.6537	 0.00000000	 0.0823	 0.95967644	  3.06	  8.30	 0.0250	 0.7826	 0.0001	
m60714c2r2.htb	   0.0	  0.03	 2.000	 -5.00	 -8.00	 40.00	   0.0	 0.0250	  2.92	 1.6000	  0.49	  0.65	 1.067	 0.00000004	 0.533	  0.508	  1.60	  0.03	  0.0250	 0.9776	 0.00002572	 0.4934	 0.00000000	 0.3384	 0.84435007	  0.49	  2.43	 0.0250	 0.5633	 0.0001	
m60714c2r2.htb	   0.0	  0.03	 2.000	 -5.00	 -8.00	 40.00	   1.0	 0.0250	  2.89	 1.2710	  0.63	  0.65	 1.037	 0.00000100	 0.487	  0.542	  1.60	  0.03	  0.0190	 0.9143	 0.00075413	 0.4073	 0.00000000	 0.4412	 0.80202228	  0.63	  2.25	 0.0250	 0.4487	 0.0001	
m60714c3r2.htb	   0.0	  0.03	 2.000	 -8.00	  0.00	 40.00	   0.0	 0.0250	 25.57	 1.6000	  8.11	  7.61	 0.972	 0.00000000	 0.649	  0.637	  1.60	  0.03	  0.0530	 0.9900	 0.00000344	 0.6973	 0.00000000	 0.1911	 0.90886457	  8.11	 17.46	 0.0250	 0.8568	 0.0043	
m60714c3r2.htb	   0.0	  0.03	 2.000	 -8.00	  0.00	 40.00	   1.0	 0.0250	 22.81	 1.6000	  7.76	  7.61	 0.980	 0.00000000	 0.623	  0.648	  1.60	  0.03	  0.0720	 0.9429	 0.00027006	 0.6146	 0.00000000	 0.4608	 0.79420655	  7.76	 15.05	 0.0250	 0.9341	 0.0100	
m60714c4r2.htb	   0.0	  0.03	 2.000	 -5.00	  8.00	 40.00	   0.0	 0.0250	 10.96	 1.6000	  5.14	  4.88	 0.962	 0.00010092	 0.533	  0.638	  1.60	  0.03	  0.1080	 0.7479	 0.01198329	 0.2608	 0.00000627	 0.9968	 0.60750491	  5.11	  5.86	 0.0250	 1.1917	 0.0100	
m60714c4r2.htb	   0.0	  0.03	 2.000	 -5.00	  8.00	 40.00	   1.0	 0.0250	  9.82	 1.6000	  5.81	  4.88	 0.935	 0.00942318	 0.462	  0.635	  1.60	  0.03	  0.1800	 0.5898	 0.04374294	 0.1356	 0.00171057	 0.7228	 0.69669000	  5.40	  4.42	 0.0250	 1.9047	 0.0001	
m60717c1r2.htb	   0.0	  0.03	 2.000	 -8.00	 -8.00	 40.00	   0.0	 0.0250	 12.15	 1.6000	  1.67	  1.29	 0.965	 0.00000000	 0.590	  1.029	  1.60	  0.03	  0.0360	 0.9035	 0.00101823	 0.5304	 0.00000000	 0.7457	 0.68877480	  1.67	 10.48	 0.0250	 0.7300	 0.0001	
m60717c1r2.htb	   0.0	  0.03	 2.000	 -8.00	 -8.00	 40.00	   1.0	 0.0250	 11.38	 1.6000	  1.50	  1.29	 0.985	 0.00000002	 0.543	  0.917	  1.60	  0.03	  0.1260	 0.9741	 0.00003707	 0.5041	 0.00000000	 0.3293	 0.84817298	  1.22	 10.16	 0.0250	 1.5477	 0.0001	
m60717c2r2.htb	 170.0	  0.03	 2.000	  8.00	 -10.00	 40.00	   0.0	 0.0250	  8.58	 1.6000	  1.25	  1.49	 1.035	 0.00000000	 0.644	  0.539	  1.60	  0.03	  0.0460	 0.9956	 0.00000043	 0.6937	 0.00000000	 0.1250	 0.93940293	  1.25	  7.34	 0.0250	 0.8694	 0.0001	
m60717c2r2.htb	 170.0	  0.03	 2.000	  8.00	 -10.00	 40.00	   1.0	 0.0250	 11.13	 1.6000	  1.89	  1.49	 0.985	 0.00000000	 0.671	  0.523	  1.60	  0.03	  0.0400	 0.9977	 0.00000009	 0.7144	 0.00000000	 0.1330	 0.93566032	  1.89	  9.24	 0.0250	 0.7833	 0.0001	
m60719c1r2.htb	   0.0	  0.03	 2.000	  5.00	 -10.00	 40.00	   0.0	 0.0250	  5.12	 1.6000	  0.60	  0.40	 0.990	 0.00000000	 0.598	  0.496	  1.60	  0.03	  0.1560	 0.9412	 0.00029040	 0.5682	 0.00000000	 0.5565	 0.75711219	  0.45	  4.67	 0.0250	 1.4677	 0.0100	
m60719c1r2.htb	   0.0	  0.03	 2.000	  5.00	 -10.00	 40.00	   1.0	 0.0620	  5.86	 1.6000	  1.13	  0.40	 0.920	 0.00000000	 0.588	  0.480	  1.60	  0.03	  0.1370	 0.8883	 0.00147741	 0.5736	 0.00000000	 1.3833	 0.50074409	  1.12	  4.74	 0.0617	 0.9052	 0.0100	
m60719c4r2.htb	   0.0	  0.03	 2.000	 -5.00	 10.00	 40.00	   0.0	 0.0380	  7.71	 1.6000	  2.12	  2.24	 1.022	 0.00000000	 0.627	  0.491	  1.60	  0.03	  0.0710	 0.8562	 0.00281238	 0.5262	 0.00000000	 1.7074	 0.42583815	  2.12	  5.60	 0.0377	 0.8862	 0.0001	
m60719c4r2.htb	   0.0	  0.03	 2.000	 -5.00	 10.00	 40.00	   1.0	 0.0250	  9.07	 1.6000	  1.54	  2.24	 1.091	 0.00000000	 0.655	  0.513	  1.60	  0.03	  0.1280	 0.8620	 0.00253108	 0.6116	 0.00000000	 1.6893	 0.42971043	  1.32	  7.75	 0.0250	 1.5597	 0.0001	
m60719c4r2.htb	   0.0	  0.03	 2.000	 -5.00	 10.00	 40.00	   0.0	 0.0380	  7.71	 1.6000	  2.12	  2.24	 1.022	 0.00000000	 0.627	  0.491	  1.60	  0.03	  0.0710	 0.8562	 0.00281235	 0.5262	 0.00000000	 1.7074	 0.42584367	  2.12	  5.60	 0.0377	 0.8862	 0.0001	
m60719c4r2.htb	   0.0	  0.03	 2.000	 -5.00	 10.00	 40.00	   1.0	 0.0250	  9.07	 1.6000	  1.54	  2.24	 1.091	 0.00000000	 0.655	  0.513	  1.60	  0.03	  0.1280	 0.8620	 0.00253106	 0.6116	 0.00000000	 1.6893	 0.42971018	  1.32	  7.75	 0.0250	 1.5596	 0.0001	
m60721c1r2.htb	   0.0	  0.03	 2.000	  0.00	 -5.00	 40.00	   0.0	 0.0250	 24.63	 1.6000	  7.30	  5.80	 0.920	 0.00031496	 0.548	  1.131	  1.60	  0.03	  0.0380	 0.7885	 0.00758649	 0.1343	 0.00000849	 0.5719	 0.75129942	  7.30	 17.33	 0.0250	 0.7634	 0.0001	
m60721c1r2.htb	   0.0	  0.03	 2.000	  0.00	 -5.00	 40.00	   1.0	 0.0250	 24.47	 1.6000	  7.14	  5.80	 0.924	 0.00000000	 0.648	  0.728	  1.60	  0.03	  0.0520	 0.9589	 0.00011830	 0.5810	 0.00000000	 0.3989	 0.81916346	  7.14	 17.33	 0.0250	 0.9319	 0.0001	
m60721c1r2.htb	   0.0	  0.03	 2.000	  0.00	 -5.00	 40.00	   0.0	 0.0250	 24.63	 1.6000	  7.30	  5.80	 0.920	 0.00031496	 0.548	  1.131	  1.60	  0.03	  0.0380	 0.7885	 0.00758662	 0.1343	 0.00000849	 0.5719	 0.75130572	  7.30	 17.33	 0.0250	 0.7634	 0.0001	
m60721c1r2.htb	   0.0	  0.03	 2.000	  0.00	 -5.00	 40.00	   1.0	 0.0250	 24.47	 1.6000	  7.14	  5.80	 0.924	 0.00000000	 0.648	  0.728	  1.60	  0.03	  0.0520	 0.9589	 0.00011830	 0.5810	 0.00000000	 0.3989	 0.81916234	  7.14	 17.33	 0.0250	 0.9319	 0.0001	
m60721c2r2.htb	   0.0	  0.03	 2.000	  8.00	 -5.00	 40.00	   0.0	 0.0250	 26.92	 1.6000	  4.59	  3.23	 0.944	 0.00000000	 0.766	  0.493	  1.60	  0.03	  0.0710	 0.9869	 0.00000672	 0.8745	 0.00000000	 0.9513	 0.62149368	  4.57	 22.35	 0.0250	 1.1233	 0.0001	
m60721c2r2.htb	   0.0	  0.03	 2.000	  8.00	 -5.00	 40.00	   1.0	 0.0250	 27.95	 1.6000	  6.41	  3.23	 0.906	 0.00000000	 0.754	  0.491	  1.60	  0.03	  0.0570	 0.9830	 0.00001287	 0.8633	 0.00000000	 1.0739	 0.58452118	  6.40	 21.55	 0.0250	 0.9902	 0.0001	
m60721c3r2.htb	   0.0	  0.03	 2.000	 -5.00	  0.00	 40.00	   0.0	 0.0250	 20.85	 1.6000	  2.97	  1.54	 0.926	 0.00000000	 0.730	  0.566	  1.60	  0.03	  0.0430	 0.9634	 0.00008788	 0.8430	 0.00000000	 0.9602	 0.61872241	  2.97	 17.88	 0.0250	 0.8276	 0.0001	
m60721c3r2.htb	   0.0	  0.03	 2.000	 -5.00	  0.00	 40.00	   1.0	 0.0250	 22.91	 1.6000	  3.02	  1.54	 0.929	 0.00000000	 0.803	  0.452	  1.60	  0.03	  0.0350	 0.9597	 0.00011221	 0.8976	 0.00000000	 2.5665	 0.27712995	  3.02	 19.89	 0.0250	 0.7212	 0.0001	
m60724c1r2.htb	   0.0	  0.03	 2.000	  0.00	  0.00	 40.00	   0.0	 0.0250	 10.39	 1.6000	  1.75	  1.94	 1.022	 0.00000000	 0.581	  0.768	  1.60	  0.03	  0.0450	 0.9604	 0.00010756	 0.6367	 0.00000000	 0.6655	 0.71695495	  1.75	  8.64	 0.0250	 0.8496	 0.0001	
m60724c1r2.htb	   0.0	  0.03	 2.000	  0.00	  0.00	 40.00	   1.0	 0.0250	 10.87	 1.6000	  1.94	  1.94	 1.010	 0.00000000	 0.581	  0.748	  1.60	  0.03	  0.0620	 0.9717	 0.00004628	 0.6323	 0.00000000	 0.4417	 0.80182027	  1.94	  8.93	 0.0250	 0.8500	 0.0100	
m60724c2r2.htb	   0.0	  0.03	 2.000	 -5.00	  5.00	 40.00	   0.0	 0.0260	 10.46	 1.6000	  1.41	  1.04	 0.961	 0.00000000	 0.706	  0.436	  1.60	  0.03	  0.0370	 0.9996	 0.00000000	 0.8412	 0.00000000	 0.0337	 0.98328963	  1.41	  9.05	 0.0263	 0.7196	 0.0001	
m60724c2r2.htb	   0.0	  0.03	 2.000	 -5.00	  5.00	 40.00	   1.0	 0.0250	 10.86	 1.6000	  1.19	  1.04	 0.974	 0.00000000	 0.691	  0.529	  1.60	  0.03	  0.0400	 0.9980	 0.00000006	 0.7989	 0.00000000	 0.1870	 0.91074836	  1.19	  9.67	 0.0250	 0.7914	 0.0001	
m60724c3r2.htb	 150.0	  0.03	 2.000	  0.00	  0.00	 40.00	   0.0	 0.0250	 21.79	 1.6000	  5.83	  6.12	 1.019	 0.00000000	 0.754	  0.402	  1.60	  0.03	  0.0410	 0.9913	 0.00000241	 0.8677	 0.00000000	 0.5615	 0.75521332	  5.83	 15.96	 0.0250	 0.8061	 0.0001	
m60724c3r2.htb	 150.0	  0.03	 2.000	  0.00	  0.00	 40.00	   1.0	 0.0250	 20.81	 1.6000	  7.08	  6.12	 0.980	 0.00000000	 0.723	  0.431	  1.60	  0.03	  0.0610	 0.9733	 0.00004011	 0.7681	 0.00000000	 0.8356	 0.65848260	  7.07	 13.74	 0.0250	 1.0333	 0.0001	
m60724c4r2.htb	 150.0	  0.03	 2.000	  0.00	 -3.00	 40.00	   0.0	 0.0250	 13.80	 1.6000	  3.29	  1.99	 0.890	 0.00010003	 0.647	  0.613	  1.60	  0.03	  0.0320	 0.9825	 0.00001391	 0.6938	 0.00000004	 1.0354	 0.59588903	  3.29	 10.51	 0.0250	 0.6716	 0.0001	
m60724c4r2.htb	 150.0	  0.03	 2.000	  0.00	 -3.00	 40.00	   1.0	 0.0250	 13.28	 1.6000	  3.34	  1.99	 0.885	 0.00000086	 0.729	  0.401	  1.60	  0.03	  0.0440	 0.9836	 0.00001184	 0.7899	 0.00000000	 1.0298	 0.59754977	  3.34	  9.94	 0.0250	 0.8408	 0.0001	
m60724c5r2.htb	 150.0	  0.03	 2.000	 -5.00	 -10.00	 40.00	   0.0	 0.0350	 38.44	 1.6000	 19.72	 16.67	 0.860	 0.00000000	 0.578	  0.727	  1.60	  0.03	  0.0760	 0.9282	 0.00048117	 0.5384	 0.00000000	 0.5974	 0.74178033	 19.71	 18.73	 0.0350	 0.9641	 0.0001	
m60724c5r2.htb	 150.0	  0.03	 2.000	 -5.00	 -10.00	 40.00	   1.0	 0.0250	 37.59	 1.6000	 20.32	 16.67	 0.853	 0.00000000	 0.633	  0.568	  1.60	  0.03	  0.1220	 0.9398	 0.00030811	 0.5628	 0.00000000	 0.9492	 0.62214720	 19.91	 17.68	 0.0250	 1.5173	 0.0001	
m60724c6r2.htb	 150.0	  0.03	 2.000	 -5.00	 -10.00	 40.00	   0.0	 0.0250	 23.28	 1.6000	 14.25	 15.17	 1.137	 0.00000000	 0.610	  0.407	  1.60	  0.03	  0.1160	 0.8186	 0.00510634	 0.4720	 0.00000000	 1.9240	 0.38212155	 14.07	  9.21	 0.0250	 1.4810	 0.0001	
m60724c6r2.htb	 150.0	  0.03	 2.000	 -5.00	 -10.00	 40.00	   1.0	 0.0250	 25.69	 1.3270	 17.33	 15.17	 0.922	 0.00000052	 0.565	  0.417	  1.60	  0.03	  0.0200	 0.8570	 0.00277381	 0.3923	 0.00000001	 0.5905	 0.74435652	 17.33	  8.36	 0.0250	 0.4669	 0.0001	
m60725c1r2.htb	   0.0	  0.03	 2.000	 -10.00	 -8.00	 40.00	   0.0	 0.0250	 10.41	 1.6000	  1.22	  2.04	 1.100	 0.00000000	 0.657	  0.614	  1.60	  0.03	  0.0760	 0.9531	 0.00016495	 0.7611	 0.00000000	 2.8333	 0.24252640	  1.21	  9.20	 0.0250	 1.1717	 0.0001	
m60725c1r2.htb	   0.0	  0.03	 2.000	 -10.00	 -8.00	 40.00	   1.0	 0.0250	 11.27	 1.6000	  2.12	  2.04	 1.041	 0.00000000	 0.658	  0.570	  1.60	  0.03	  0.0790	 0.9563	 0.00013743	 0.6811	 0.00000000	 0.9363	 0.62615704	  2.10	  9.16	 0.0250	 1.1958	 0.0001	
m60725c2r2.htb	   0.0	  0.03	 2.000	  8.00	  0.00	 40.00	   0.0	 0.0250	 24.50	 1.6000	 13.11	 10.65	 0.822	 0.00000247	 0.521	  0.684	  1.60	  0.03	  0.0310	 0.9790	 0.00002195	 0.4190	 0.00000000	 0.1541	 0.92584068	 13.11	 11.39	 0.0253	 0.6448	 0.0001	
m60725c2r2.htb	   0.0	  0.03	 2.000	  8.00	  0.00	 40.00	   1.0	 0.0330	 35.42	 0.2500	 12.82	 10.65	 0.891	 0.00000002	 0.582	  0.656	  1.60	  0.03	  0.0140	 0.9102	 0.00084826	 0.4663	 0.00000000	 0.4343	 0.80480276	 12.82	 22.61	 0.0334	 0.2056	 0.0100	
m60726c1r2.htb	   0.0	  0.03	 2.000	  5.00	 -10.00	 40.00	   0.0	 0.0330	 21.77	 1.6000	  1.33	  0.50	 0.962	 0.00000000	 0.652	  0.959	  1.60	  0.03	  0.0890	 0.9974	 0.00000011	 0.8143	 0.00000000	 0.0556	 0.97256385	  1.32	 20.46	 0.0327	 0.9465	 0.0100	
m60726c1r2.htb	   0.0	  0.03	 2.000	  5.00	 -10.00	 40.00	   1.0	 0.0250	 21.81	 1.6000	  2.12	  0.50	 0.948	 0.00000000	 0.690	  0.816	  1.60	  0.03	  0.1020	 0.9728	 0.00004172	 0.7994	 0.00000000	 0.6780	 0.71249422	  1.91	 19.91	 0.0250	 1.3752	 0.0001	
m60726c2r2.htb	   0.0	  0.03	 2.000	  5.00	 -5.00	 40.00	   0.0	 0.0480	 28.03	 1.6000	  7.11	  4.28	 0.881	 0.00000000	 0.633	  0.832	  1.60	  0.03	  0.1030	 0.9506	 0.00018783	 0.7316	 0.00000000	 0.8061	 0.66829202	  7.10	 20.93	 0.0476	 0.8627	 0.0100	
m60726c2r2.htb	   0.0	  0.03	 2.000	  5.00	 -5.00	 40.00	   1.0	 0.0450	 28.23	 1.6000	  6.73	  4.28	 0.890	 0.00000000	 0.624	  0.828	  1.60	  0.03	  0.1120	 0.9977	 0.00000009	 0.7798	 0.00000000	 0.0498	 0.97542607	  6.69	 21.53	 0.0445	 0.9441	 0.0100	
m60726c3r2.htb	   0.0	  0.03	 2.000	  0.00	 -5.00	 40.00	   0.0	 0.0410	 23.56	 1.6000	  0.61	  1.89	 1.086	 0.00000000	 0.734	  0.752	  1.60	  0.03	  0.1560	 0.9956	 0.00000043	 0.8252	 0.00000000	 0.1935	 0.90776498	  0.03	 23.53	 0.0412	 1.3428	 0.0001	
m60726c3r2.htb	   0.0	  0.03	 2.000	  0.00	 -5.00	 40.00	   1.0	 0.0550	 24.06	 1.6000	  4.06	  1.89	 0.992	 0.00000000	 0.684	  0.610	  1.60	  0.03	  0.1120	 0.9699	 0.00005393	 0.7892	 0.00000000	 0.9562	 0.61994538	  4.05	 20.01	 0.0547	 0.8463	 0.0100	
m60726c4r2.htb	   0.0	  0.03	 2.000	  3.00	 -5.00	 40.00	   0.0	 0.1020	 15.73	 1.6000	  4.93	  4.43	 0.967	 0.00000000	 0.667	  0.512	  1.60	  0.03	  0.2070	 0.7692	 0.00951560	 0.5426	 0.00000000	 5.5602	 0.06203099	  4.81	 10.93	 0.1024	 0.8886	 0.0100	
m60726c4r2.htb	   0.0	  0.03	 2.000	  3.00	 -5.00	 40.00	   1.0	 0.1100	 14.51	 1.6000	  5.64	  4.43	 0.940	 0.00000010	 0.571	  0.559	  1.60	  0.03	  0.2530	 0.8985	 0.00115647	 0.4376	 0.00000000	 0.7727	 0.67952651	  5.36	  9.15	 0.1097	 0.9839	 0.0100	
m60726c5r2.htb	   0.0	  0.03	 2.000	 -5.00	  0.00	 40.00	   0.0	 0.0250	 13.60	 1.6000	  1.25	  2.44	 1.113	 0.00000000	 0.663	  0.703	  1.60	  0.03	  0.0920	 0.9832	 0.00001248	 0.7711	 0.00000000	 0.2923	 0.86403867	  1.18	 12.43	 0.0250	 1.3014	 0.0001	
m60726c5r2.htb	   0.0	  0.03	 2.000	 -5.00	  0.00	 40.00	   1.0	 0.0250	 11.94	 1.6000	  2.05	  2.44	 1.109	 0.00000000	 0.611	  0.685	  1.60	  0.03	  0.1540	 0.9676	 0.00006471	 0.5706	 0.00000000	 0.4215	 0.80997423	  1.46	 10.48	 0.0250	 1.7331	 0.0001	
m60726c6r2.htb	   0.0	  0.03	 2.000	  0.00	  0.00	 40.00	   0.0	 0.0250	  9.52	 1.6000	  0.12	  0.25	 1.014	 0.00000000	 0.746	  0.516	  1.60	  0.03	  0.0380	 0.9910	 0.00000262	 0.8651	 0.00000000	 0.4643	 0.79281261	  0.12	  9.40	 0.0250	 0.7610	 0.0001	
m60726c6r2.htb	   0.0	  0.03	 2.000	  0.00	  0.00	 40.00	   1.0	 0.0250	  8.46	 1.6000	  0.45	  0.25	 0.997	 0.00000000	 0.747	  0.448	  1.60	  0.03	  0.0460	 0.9814	 0.00001609	 0.8113	 0.00000000	 2.4346	 0.29602981	  0.45	  8.02	 0.0250	 0.8721	 0.0001	
m60727c1r2.htb	   0.0	  0.03	 2.000	  0.00	 -5.00	 40.00	   0.0	 0.0470	 35.02	 1.6000	  6.17	  4.78	 0.954	 0.00000000	 0.745	  0.584	  1.60	  0.03	  0.1000	 0.9924	 0.00000172	 0.8582	 0.00000000	 0.3505	 0.83923751	  6.16	 28.87	 0.0470	 0.8528	 0.0100	
m60727c1r2.htb	   0.0	  0.03	 2.000	  0.00	 -5.00	 40.00	   1.0	 0.0450	 37.57	 1.6000	  7.25	  4.78	 0.938	 0.00000000	 0.748	  0.571	  1.60	  0.03	  0.0860	 0.9906	 0.00000295	 0.8902	 0.00000000	 0.7580	 0.68452977	  7.24	 30.32	 0.0450	 0.7904	 0.0100	
m60727c2r2.htb	   0.0	  0.03	 2.000	  0.00	  0.00	 40.00	   0.0	 0.0250	  2.63	 0.3950	  0.25	  0.45	 1.090	 0.00000000	 0.597	  0.418	  1.60	  0.03	  0.0130	 0.9659	 0.00007391	 0.6856	 0.00000000	 1.0241	 0.59926638	  0.25	  2.38	 0.0250	 0.3119	 0.0001	
m60727c2r2.htb	   0.0	  0.03	 2.000	  0.00	  0.00	 40.00	   1.0	 0.0250	  2.69	 1.6000	  0.37	  0.45	 1.061	 0.00000000	 0.608	  0.438	  1.60	  0.03	  0.0310	 0.9236	 0.00056353	 0.5180	 0.00000000	 0.8352	 0.65862479	  0.37	  2.32	 0.0250	 0.6664	 0.0001	
m60801c2r2.htb	   0.0	  0.03	 2.000	  0.00	  0.00	 40.00	   0.0	 0.0250	 16.97	 1.6000	  9.65	  9.70	 1.008	 0.00000000	 0.584	  0.434	  1.60	  0.03	  0.0700	 0.9225	 0.00058426	 0.4984	 0.00000000	 0.8251	 0.66194485	  9.64	  7.33	 0.0250	 1.1213	 0.0001	
m60801c2r2.htb	   0.0	  0.03	 2.000	  0.00	  0.00	 40.00	   1.0	 0.0330	 17.23	 1.6000	  9.41	  9.70	 1.047	 0.00000001	 0.574	  0.425	  1.60	  0.03	  0.1800	 0.9058	 0.00095657	 0.4745	 0.00000000	 0.6542	 0.72102665	  9.07	  8.15	 0.0329	 1.4377	 0.0100	
m60801c3r2.htb	   0.0	  0.03	 2.000	  0.00	 -10.00	 40.00	   0.0	 0.0250	 26.78	 1.6000	  8.16	 11.00	 1.233	 0.00000000	 0.614	  0.773	  1.60	  0.03	  0.1430	 0.9600	 0.00011016	 0.6437	 0.00000000	 0.5419	 0.76266898	  7.32	 19.46	 0.0250	 1.6567	 0.0001	
m60801c3r2.htb	   0.0	  0.03	 2.000	  0.00	 -10.00	 40.00	   1.0	 0.0360	 30.77	 1.6000	 11.13	 11.00	 1.091	 0.00000000	 0.617	  0.694	  1.60	  0.03	  0.1140	 0.9651	 0.00007851	 0.6645	 0.00000000	 0.3881	 0.82360183	 10.99	 19.78	 0.0357	 1.2150	 0.0001	
m60803c1r2.htb	   0.0	  0.03	 2.000	  8.00	 -5.00	 40.00	   0.0	 0.0250	 14.08	 1.6000	  2.46	  2.09	 0.969	 0.00000000	 0.693	  0.560	  1.60	  0.03	  0.0390	 0.9551	 0.00014746	 0.8000	 0.00000000	 0.7971	 0.67129050	  2.46	 11.62	 0.0250	 0.7697	 0.0001	
m60803c1r2.htb	   0.0	  0.03	 2.000	  8.00	 -5.00	 40.00	   1.0	 0.0250	 12.65	 1.3430	  3.68	  2.09	 0.917	 0.00000000	 0.615	  0.574	  1.60	  0.03	  0.0190	 0.9551	 0.00014748	 0.6329	 0.00000000	 0.8077	 0.66774545	  3.68	  8.97	 0.0250	 0.4551	 0.0001	
m60803c3r2.htb	   0.0	  0.03	 2.000	  0.00	  0.00	 40.00	   0.0	 0.0340	 10.27	 1.6000	  4.52	  4.48	 0.994	 0.00000867	 0.516	  0.597	  1.60	  0.03	  0.0820	 0.9329	 0.00040519	 0.3756	 0.00000002	 0.2544	 0.88057063	  4.51	  5.76	 0.0338	 1.0340	 0.0001	
m60803c3r2.htb	   0.0	  0.03	 2.000	  0.00	  0.00	 40.00	   1.0	 0.0250	 10.21	 1.6000	  4.86	  4.48	 0.964	 0.00008440	 0.494	  0.587	  1.60	  0.03	  0.0640	 0.9421	 0.00028003	 0.3324	 0.00000018	 0.3049	 0.85860378	  4.85	  5.35	 0.0250	 1.0661	 0.0001	
m60803c4r2.htb	   0.0	  0.03	 2.000	  0.00	  0.00	 40.00	   0.0	 0.0250	 21.81	 1.6000	  3.92	  2.64	 0.933	 0.00000000	 0.752	  0.507	  1.60	  0.03	  0.0220	 0.9747	 0.00003477	 0.8645	 0.00000000	 2.3225	 0.31309266	  3.92	 17.89	 0.0250	 0.5065	 0.0001	
m60803c4r2.htb	   0.0	  0.03	 2.000	  0.00	  0.00	 40.00	   1.0	 0.0250	 20.97	 0.9000	  5.38	  2.64	 0.893	 0.00000000	 0.701	  0.577	  1.60	  0.03	  0.0170	 0.9505	 0.00018848	 0.7545	 0.00000000	 1.6700	 0.43387111	  5.38	 15.59	 0.0250	 0.4100	 0.0001	
m60808c1r2.htb	   0.0	  0.03	 2.000	  5.00	 -10.00	 40.00	   0.0	 0.0250	  5.69	 1.6000	  0.30	  0.60	 1.059	 0.00000000	 0.672	  0.549	  1.60	  0.03	  0.0330	 0.9766	 0.00002864	 0.6733	 0.00000000	 1.0676	 0.58637441	  0.30	  5.39	 0.0250	 0.6845	 0.0001	
m60808c1r2.htb	   0.0	  0.03	 2.000	  5.00	 -10.00	 40.00	   1.0	 0.0250	  5.99	 1.6000	  0.22	  0.60	 1.065	 0.00000000	 0.694	  0.491	  1.60	  0.03	  0.0250	 0.9906	 0.00000292	 0.8212	 0.00000000	 0.4625	 0.79355761	  0.22	  5.77	 0.0250	 0.5532	 0.0001	
m60808c2r2.htb	   0.0	  0.03	 2.000	  0.00	  0.00	 40.00	   0.0	 0.0250	 13.75	 1.6000	  4.42	  5.02	 1.576	 0.00000000	 0.702	  0.433	  1.60	  0.03	  0.2850	 0.7370	 0.01339237	 0.5266	 0.00000000	 3.5359	 0.17068186	  0.00	 13.75	 0.0250	 2.7568	 0.0001	
m60808c2r2.htb	   0.0	  0.03	 2.000	  0.00	  0.00	 40.00	   1.0	 0.0250	 12.98	 1.6000	  6.50	  5.02	 1.345	 0.00000400	 0.528	  0.524	  1.60	  0.03	  0.2530	 0.8358	 0.00395293	 0.3497	 0.00000007	 0.7515	 0.68678200	  4.50	  8.48	 0.0250	 2.4476	 0.0001	
m60809c1r2.htb	   0.0	  0.03	 2.000	  0.00	 -5.00	 40.00	   0.0	 0.0250	 15.93	 1.6000	  3.68	  2.49	 0.911	 0.00000000	 0.652	  0.595	  1.60	  0.03	  0.0290	 0.9948	 0.00000068	 0.7415	 0.00000000	 0.2681	 0.87452683	  3.68	 12.25	 0.0250	 0.6350	 0.0001	
m60809c1r2.htb	   0.0	  0.03	 2.000	  0.00	 -5.00	 40.00	   1.0	 0.0250	 15.72	 1.6000	  2.90	  2.49	 0.940	 0.00000000	 0.701	  0.599	  1.60	  0.03	  0.0530	 0.9517	 0.00017745	 0.7717	 0.00000000	 1.6058	 0.44803256	  2.90	 12.82	 0.0250	 0.9423	 0.0001	
m60809c2r2.htb	   0.0	  0.03	 2.000	  0.00	 -5.00	 40.00	   0.0	 0.0250	  8.29	 1.6000	  2.89	  2.79	 0.987	 0.00000000	 0.629	  0.352	  1.60	  0.03	  0.0960	 0.9978	 0.00000008	 0.6655	 0.00000000	 0.0392	 0.98059669	  2.86	  5.44	 0.0250	 1.2801	 0.0020	
m60809c2r2.htb	   0.0	  0.03	 2.000	  0.00	 -5.00	 40.00	   1.0	 0.0250	  9.42	 1.6000	  2.92	  2.79	 0.984	 0.00000000	 0.677	  0.392	  1.60	  0.03	  0.0730	 0.9144	 0.00075206	 0.6952	 0.00000000	 1.9326	 0.38049488	  2.91	  6.52	 0.0250	 1.1490	 0.0001	
m60809c3r2.htb	   0.0	  0.03	 2.000	  5.00	  0.00	 40.00	   0.0	 0.0250	 12.91	 1.6000	  4.57	  4.73	 1.019	 0.00000000	 0.612	  0.532	  1.60	  0.03	  0.0310	 0.9801	 0.00001918	 0.6827	 0.00000000	 0.5088	 0.77536568	  4.57	  8.34	 0.0250	 0.6581	 0.0001	
m60809c3r2.htb	   0.0	  0.03	 2.000	  5.00	  0.00	 40.00	   1.0	 0.0290	 12.18	 1.5950	  5.55	  4.73	 0.960	 0.00000005	 0.542	  0.487	  1.60	  0.03	  0.0290	 0.9974	 0.00000012	 0.4965	 0.00000000	 0.0208	 0.98964138	  5.55	  6.63	 0.0290	 0.4510	 0.0100	
m60809c4r2.htb	   0.0	  0.03	 2.000	 10.00	  2.00	 40.00	   0.0	 0.0310	 13.37	 1.6000	  1.85	  1.09	 0.939	 0.00000000	 0.656	  0.633	  1.60	  0.03	  0.0700	 0.9814	 0.00001613	 0.7619	 0.00000000	 0.3999	 0.81879039	  1.85	 11.52	 0.0306	 1.0021	 0.0001	
m60809c4r2.htb	   0.0	  0.03	 2.000	 10.00	  2.00	 40.00	   1.0	 0.0290	 14.78	 1.6000	  1.71	  1.09	 0.948	 0.00000000	 0.666	  0.669	  1.60	  0.03	  0.0660	 0.9952	 0.00000054	 0.7830	 0.00000000	 0.1572	 0.92442680	  1.70	 13.07	 0.0288	 0.9957	 0.0001	
m60809c5r2.htb	   0.0	  0.03	 2.000	  0.00	  0.00	 40.00	   0.0	 0.0330	 34.27	 1.6000	 13.88	 10.80	 0.869	 0.00000000	 0.565	  0.826	  1.60	  0.03	  0.0390	 0.9894	 0.00000393	 0.5793	 0.00000000	 0.2106	 0.90006141	 13.88	 20.39	 0.0328	 0.6482	 0.0001	
m60809c5r2.htb	   0.0	  0.03	 2.000	  0.00	  0.00	 40.00	   1.0	 0.0330	 33.82	 1.6000	 15.13	 10.80	 0.841	 0.00000000	 0.630	  0.608	  1.60	  0.03	  0.0540	 0.9735	 0.00003908	 0.6865	 0.00000000	 0.3537	 0.83789166	 15.13	 18.69	 0.0331	 0.6709	 0.0100	
m60810c1r2.htb	   0.0	  0.03	 2.000	 10.00	 -5.00	 40.00	   0.0	 0.0340	 35.26	 1.6000	  9.07	  7.91	 0.958	 0.00000000	 0.606	  1.159	  1.60	  0.03	  0.0370	 0.9334	 0.00039755	 0.5676	 0.00000000	 0.4835	 0.78523839	  9.07	 26.19	 0.0340	 0.6052	 0.0001	
m60810c1r2.htb	   0.0	  0.03	 2.000	 10.00	 -5.00	 40.00	   1.0	 0.0250	 32.29	 1.6000	  4.61	  7.91	 1.058	 0.00000000	 0.620	  1.089	  1.60	  0.03	  0.1410	 0.9901	 0.00000330	 0.6827	 0.00000000	 0.2081	 0.90119622	  3.41	 28.88	 0.0250	 1.6467	 0.0001	
m60810c2r2.htb	   0.0	  0.03	 2.000	  0.00	  5.00	 40.00	   0.0	 0.0360	 32.33	 1.6000	  8.04	  7.36	 0.973	 0.00000000	 0.699	  0.637	  1.60	  0.03	  0.0490	 0.9932	 0.00000129	 0.8249	 0.00000000	 0.2903	 0.86487309	  8.04	 24.29	 0.0361	 0.7096	 0.0001	
m60810c2r2.htb	   0.0	  0.03	 2.000	  0.00	  5.00	 40.00	   1.0	 0.0250	 32.29	 1.6000	  5.84	  7.36	 1.020	 0.00000000	 0.789	  0.468	  1.60	  0.03	  0.0900	 0.9798	 0.00001979	 0.9123	 0.00000000	 1.5237	 0.46679775	  5.70	 26.59	 0.0250	 1.2856	 0.0001	
m60810c3r2.htb	   0.0	  0.03	 2.000	  5.00	 -10.00	 40.00	   0.0	 0.0320	 20.00	 1.6000	  5.95	  5.67	 0.981	 0.00000000	 0.603	  0.718	  1.60	  0.03	  0.0600	 0.9858	 0.00000826	 0.7215	 0.00000000	 0.5469	 0.76073221	  5.95	 14.05	 0.0317	 0.8851	 0.0001	
m60810c3r2.htb	   0.0	  0.03	 2.000	  5.00	 -10.00	 40.00	   1.0	 0.0250	 17.87	 1.6000	  2.54	  5.67	 1.184	 0.00000000	 0.684	  0.720	  1.60	  0.03	  0.2090	 0.9371	 0.00034482	 0.6709	 0.00000000	 1.5120	 0.46954665	  0.00	 17.87	 0.0250	 2.1042	 0.0001	
m60810c4r2.htb	   0.0	  0.03	 2.000	  5.00	 -5.00	 40.00	   0.0	 0.0250	 15.62	 1.6000	  6.82	  5.97	 0.912	 0.00000000	 0.649	  0.505	  1.60	  0.03	  0.0830	 0.8647	 0.00240660	 0.5242	 0.00000000	 1.7540	 0.41601912	  6.82	  8.80	 0.0251	 1.0161	 0.0100	
m60810c4r2.htb	   0.0	  0.03	 2.000	  5.00	 -5.00	 40.00	   1.0	 0.0250	 15.44	 1.6000	  7.85	  5.97	 0.863	 0.00000003	 0.562	  0.485	  1.60	  0.03	  0.1030	 0.9437	 0.00026025	 0.4796	 0.00000000	 0.4834	 0.78528492	  7.76	  7.68	 0.0250	 1.3834	 0.0001	
m60810c5r2.htb	   0.0	  0.03	 2.000	 -5.00	 -10.00	 40.00	   0.0	 0.0710	 14.79	 1.6000	  9.43	 11.00	 1.413	 0.00589735	 0.431	  0.555	  1.60	  0.03	  0.0720	 0.9633	 0.00008895	 0.2348	 0.00002136	 0.2395	 0.88714127	  9.43	  5.36	 0.0709	 0.5842	 0.0001	
m60810c5r2.htb	   0.0	  0.03	 2.000	 -5.00	 -10.00	 40.00	   1.0	 0.0460	 15.09	 1.6000	 10.29	 11.00	 1.283	 0.00806598	 0.425	  0.484	  1.60	  0.03	  0.0390	 0.9793	 0.00002099	 0.2297	 0.00002702	 0.0341	 0.98311736	 10.29	  4.80	 0.0461	 0.5023	 0.0001	
m60811c1r2.htb	   0.0	  0.03	 2.000	  0.00	  0.00	 40.00	   0.0	 0.0340	 21.98	 1.6000	  1.19	  0.45	 0.965	 0.00000000	 0.753	  0.532	  1.60	  0.03	  0.0260	 0.9996	 0.00000000	 0.9489	 0.00000000	 0.0981	 0.95211525	  1.19	 20.79	 0.0339	 0.4672	 0.0001	
m60811c1r2.htb	   0.0	  0.03	 2.000	  0.00	  0.00	 40.00	   1.0	 0.0310	 18.78	 1.6000	  1.57	  0.45	 0.954	 0.00000000	 0.769	  0.470	  1.60	  0.03	  0.0390	 0.9973	 0.00000013	 0.9380	 0.00000000	 0.4713	 0.79004570	  1.57	 17.21	 0.0309	 0.6785	 0.0001	
m60811c2r2.htb	   0.0	  0.03	 2.000	 -5.00	 -8.00	 40.00	   0.0	 0.0250	 13.71	 1.6000	  2.25	  2.29	 1.004	 0.00000000	 0.696	  0.544	  1.60	  0.03	  0.0800	 0.9567	 0.00013447	 0.7852	 0.00000000	 2.2902	 0.31819183	  2.24	 11.47	 0.0250	 0.9973	 0.0100	
m60811c2r2.htb	   0.0	  0.03	 2.000	 -5.00	 -8.00	 40.00	   1.0	 0.0250	 13.18	 1.6000	  3.46	  2.29	 0.953	 0.00000000	 0.672	  0.488	  1.60	  0.03	  0.0870	 0.9639	 0.00008534	 0.7157	 0.00000000	 0.7212	 0.69725001	  3.41	  9.76	 0.0250	 1.2597	 0.0001	
m60811c3r2.htb	   0.0	  0.03	 2.000	  0.00	  5.00	 40.00	   0.0	 0.0250	  9.52	 1.6000	  1.43	  1.09	 0.961	 0.00000000	 0.698	  0.422	  1.60	  0.03	  0.0570	 0.9967	 0.00000022	 0.8037	 0.00000000	 0.0691	 0.96602766	  1.43	  8.09	 0.0250	 0.9873	 0.0001	
m60811c3r2.htb	   0.0	  0.03	 2.000	  0.00	  5.00	 40.00	   1.0	 0.0250	 10.37	 1.6000	  2.86	  1.09	 0.878	 0.00000000	 0.720	  0.341	  1.60	  0.03	  0.0380	 0.9713	 0.00004770	 0.7909	 0.00000000	 0.7538	 0.68596896	  2.86	  7.51	 0.0250	 0.7658	 0.0001	
m60811c4r2.htb	   0.0	  0.03	 2.000	  0.00	  0.00	 40.00	   0.0	 0.0350	 30.57	 1.5930	  4.41	  1.89	 0.912	 0.00000000	 0.696	  0.679	  1.60	  0.03	  0.0260	 0.9927	 0.00000156	 0.8838	 0.00000000	 0.3484	 0.84011429	  4.41	 26.17	 0.0355	 0.4418	 0.0001	
m60811c4r2.htb	   0.0	  0.03	 2.000	  0.00	  0.00	 40.00	   1.0	 0.0340	 27.78	 1.6000	  4.99	  1.89	 0.898	 0.00000000	 0.671	  0.722	  1.60	  0.03	  0.0340	 0.9953	 0.00000051	 0.8398	 0.00000000	 0.2875	 0.86609068	  4.99	 22.80	 0.0345	 0.5555	 0.0001	
m60811c5r2.htb	   0.0	  0.03	 2.000	 10.00	  5.00	 40.00	   0.0	 0.0250	  3.78	 1.6000	  0.11	  0.37	 1.078	 0.00000000	 0.668	  0.464	  1.60	  0.03	  0.0490	 0.9824	 0.00001397	 0.7572	 0.00000000	 0.9627	 0.61793568	  0.11	  3.68	 0.0250	 0.9006	 0.0001	
m60811c5r2.htb	   0.0	  0.03	 2.000	 10.00	  5.00	 40.00	   1.0	 0.0270	  4.90	 1.6000	  0.43	  0.37	 1.021	 0.00000000	 0.700	  0.400	  1.60	  0.03	  0.0340	 0.9802	 0.00001893	 0.7577	 0.00000000	 1.7241	 0.42229265	  0.43	  4.48	 0.0269	 0.6700	 0.0001	
m60815c1r2.htb	   0.0	  0.03	 2.000	  8.00	 -10.00	 40.00	   0.0	 0.0320	  3.98	 1.6000	  0.24	  0.25	 1.003	 0.00000002	 0.575	  0.596	  1.60	  0.03	  0.0300	 0.9628	 0.00009155	 0.4979	 0.00000000	 0.4966	 0.78012740	  0.24	  3.74	 0.0320	 0.5402	 0.0001	
m60815c1r2.htb	   0.0	  0.03	 2.000	  8.00	 -10.00	 40.00	   1.0	 0.0250	  4.18	 1.6000	  0.29	  0.25	 0.996	 0.00000000	 0.617	  0.542	  1.60	  0.03	  0.0460	 0.9602	 0.00010870	 0.5761	 0.00000000	 0.4254	 0.80838960	  0.29	  3.89	 0.0250	 0.8639	 0.0001	
m60815c2r2.htb	   0.0	  0.03	 2.000	 10.00	 -10.00	 40.00	   0.0	 0.0300	 28.24	 1.6000	 12.75	 13.03	 1.019	 0.00000000	 0.636	  0.514	  1.60	  0.03	  0.0400	 0.9969	 0.00000018	 0.7003	 0.00000000	 0.0603	 0.97030149	 12.75	 15.49	 0.0297	 0.7097	 0.0001	
m60815c2r2.htb	   0.0	  0.03	 2.000	 10.00	 -10.00	 40.00	   1.0	 0.0320	 28.62	 1.6000	 12.18	 13.03	 1.037	 0.00000000	 0.662	  0.507	  1.60	  0.03	  0.0480	 0.9864	 0.00000732	 0.7418	 0.00000000	 0.3363	 0.84524295	 12.18	 16.44	 0.0315	 0.7764	 0.0001	
m60815c4r2.htb	   0.0	  0.03	 2.000	 -5.00	  5.00	 40.00	   0.0	 0.0290	 20.69	 0.2240	  9.20	  8.11	 0.914	 0.00000036	 0.572	  0.616	  1.60	  0.03	  0.0110	 0.9564	 0.00013669	 0.4443	 0.00000000	 0.3173	 0.85327648	  9.20	 11.51	 0.0286	 0.2269	 0.0037	
m60815c4r2.htb	   0.0	  0.03	 2.000	 -5.00	  5.00	 40.00	   1.0	 0.0250	 19.31	 1.6000	  6.57	  8.11	 1.013	 0.00000000	 0.593	  0.805	  1.60	  0.03	  0.0680	 0.8331	 0.00411898	 0.4802	 0.00000000	 1.3436	 0.51078760	  6.56	 12.75	 0.0250	 1.1025	 0.0001	
m60821c1r2.htb	   0.0	  0.03	 2.000	  0.00	 -10.00	 40.00	   0.0	 0.0250	 18.21	 1.6000	  2.67	  1.39	 0.924	 0.00000000	 0.683	  0.677	  1.60	  0.03	  0.0380	 0.9966	 0.00000023	 0.8192	 0.00000000	 0.3362	 0.84526551	  2.67	 15.54	 0.0250	 0.6023	 0.0100	
m60821c1r2.htb	   0.0	  0.03	 2.000	  0.00	 -10.00	 40.00	   1.0	 0.0250	 14.84	 1.6000	  2.92	  1.39	 0.910	 0.00000000	 0.638	  0.716	  1.60	  0.03	  0.0610	 0.9633	 0.00008863	 0.6815	 0.00000000	 0.5993	 0.74106184	  2.91	 11.93	 0.0250	 1.0310	 0.0001	
m60821c2r2.htb	   0.0	  0.03	 2.000	 -5.00	 -10.00	 40.00	   0.0	 0.0250	  2.91	 1.6000	  0.32	  0.57	 1.115	 0.00000000	 0.584	  0.441	  1.60	  0.03	  0.1090	 0.9230	 0.00057490	 0.4656	 0.00000000	 0.8212	 0.66324939	  0.30	  2.61	 0.0250	 1.1988	 0.0100	
m60821c2r2.htb	   0.0	  0.03	 2.000	 -5.00	 -10.00	 40.00	   1.0	 0.0250	  3.43	 1.6000	  1.12	  0.57	 0.931	 0.00000000	 0.560	  0.396	  1.60	  0.03	  0.0230	 0.8671	 0.00229779	 0.4113	 0.00000000	 0.8529	 0.65280920	  1.12	  2.31	 0.0250	 0.5195	 0.0001	
m60821c3r2.htb	   0.0	  0.03	 2.000	 -10.00	  0.00	 40.00	   0.0	 0.0250	  6.98	 1.6000	  1.79	  0.80	 0.840	 0.00000005	 0.568	  0.606	  1.60	  0.03	  0.0520	 0.9590	 0.00011760	 0.4788	 0.00000000	 0.3099	 0.85645363	  1.79	  5.19	 0.0250	 0.9411	 0.0001	
m60821c3r2.htb	   0.0	  0.03	 2.000	 -10.00	  0.00	 40.00	   1.0	 0.0250	  7.73	 1.6000	  2.08	  0.80	 0.826	 0.00000000	 0.588	  0.531	  1.60	  0.03	  0.0470	 0.9757	 0.00003146	 0.5474	 0.00000000	 0.2999	 0.86075804	  2.08	  5.65	 0.0250	 0.8724	 0.0001	
m60822c3r2.htb	   0.0	  0.03	 2.000	 -8.00	 -10.00	 40.00	   0.0	 0.0250	  3.54	 1.6000	  0.38	  0.55	 1.057	 0.00000000	 0.593	  0.461	  1.60	  0.03	  0.0300	 0.9894	 0.00000396	 0.6458	 0.00000000	 0.0764	 0.96254036	  0.38	  3.16	 0.0250	 0.6419	 0.0001	
m60822c3r2.htb	   0.0	  0.03	 2.000	 -8.00	 -10.00	 40.00	   1.0	 0.0250	  3.67	 1.6000	  0.40	  0.55	 1.053	 0.00000000	 0.644	  0.429	  1.60	  0.03	  0.0790	 0.9722	 0.00004419	 0.6014	 0.00000000	 0.8416	 0.65652990	  0.39	  3.28	 0.0250	 1.1938	 0.0001	
m60822c4r2.htb	   0.0	  0.03	 2.000	 -8.00	  0.00	 40.00	   0.0	 0.0250	 13.27	 1.6000	  1.60	  2.13	 1.048	 0.00000000	 0.722	  0.527	  1.60	  0.03	  0.0280	 0.9839	 0.00001125	 0.8640	 0.00000000	 2.5941	 0.27334023	  1.60	 11.67	 0.0250	 0.5639	 0.0028	
m60822c4r2.htb	   0.0	  0.03	 2.000	 -8.00	  0.00	 40.00	   1.0	 0.0250	 13.86	 1.6000	  2.01	  2.13	 1.028	 0.00000000	 0.678	  0.608	  1.60	  0.03	  0.0260	 0.9890	 0.00000437	 0.7918	 0.00000000	 0.5729	 0.75091420	  2.01	 11.84	 0.0250	 0.5728	 0.0001	
m60823c1r2.htb	   0.0	  0.03	 2.000	 10.00	  5.00	 40.00	   0.0	 0.0350	 31.90	 0.5160	  4.23	  5.07	 1.032	 0.00000000	 0.567	  1.158	  1.60	  0.03	  0.0190	 0.9942	 0.00000088	 0.7425	 0.00000000	 0.1025	 0.95003817	  4.23	 27.69	 0.0346	 0.2805	 0.0100	
m60823c1r2.htb	   0.0	  0.03	 2.000	 10.00	  5.00	 40.00	   1.0	 0.0320	 25.85	 1.6000	  5.01	  5.07	 1.021	 0.00000000	 0.539	  1.319	  1.60	  0.03	  0.0310	 0.9770	 0.00002737	 0.5864	 0.00000000	 0.1546	 0.92560485	  5.01	 20.84	 0.0324	 0.4395	 0.0100	
m60823c2r2.htb	   0.0	  0.03	 2.000	  0.00	  0.00	 40.00	   0.0	 0.0440	 14.60	 1.6000	  7.06	  8.16	 1.170	 0.00000000	 0.555	  0.463	  1.60	  0.03	  0.0800	 0.9498	 0.00019524	 0.5425	 0.00000000	 0.7648	 0.68222041	  7.06	  7.54	 0.0444	 0.7594	 0.0100	
m60823c2r2.htb	   0.0	  0.03	 2.000	  0.00	  0.00	 40.00	   1.0	 0.0450	 15.23	 1.6000	  7.12	  8.16	 1.158	 0.00000000	 0.584	  0.445	  1.60	  0.03	  0.0870	 0.9282	 0.00048122	 0.5626	 0.00000000	 0.7046	 0.70307447	  7.12	  8.11	 0.0449	 0.7983	 0.0100	
m60823c3r2.htb	  70.0	  0.03	 2.000	 -5.00	  0.00	 40.00	   0.0	 0.0250	 11.31	 1.6000	  1.05	  1.09	 1.004	 0.00000060	 0.554	  1.038	  1.60	  0.03	  0.0340	 0.9916	 0.00000217	 0.4513	 0.00000000	 0.0902	 0.95589054	  1.05	 10.26	 0.0250	 0.7102	 0.0001	
m60823c3r2.htb	  70.0	  0.03	 2.000	 -5.00	  0.00	 40.00	   1.0	 0.0250	  8.94	 1.6000	  1.82	  1.09	 0.968	 0.01825017	 0.432	  1.245	  1.60	  0.03	  0.0520	 0.9454	 0.00024076	 0.1981	 0.00011299	 0.0540	 0.97337046	  1.82	  7.12	 0.0250	 0.9347	 0.0001	
m60823c4r2.htb	  70.0	  0.03	 2.000	 -10.00	  0.00	 40.00	   0.0	 0.0290	 21.67	 1.6000	 12.70	 10.35	 0.792	 0.00000001	 0.567	  0.482	  1.60	  0.03	  0.0490	 0.9563	 0.00013758	 0.4967	 0.00000000	 0.2650	 0.87588788	 12.70	  8.97	 0.0288	 0.6772	 0.0100	
m60823c4r2.htb	  70.0	  0.03	 2.000	 -10.00	  0.00	 40.00	   1.0	 0.0540	 20.05	 1.6000	 10.72	 10.35	 0.864	 0.00000000	 0.575	  0.482	  1.60	  0.03	  0.1220	 0.9518	 0.00017591	 0.5236	 0.00000000	 0.4155	 0.81240978	 10.71	  9.34	 0.0543	 0.8943	 0.0100	
m60824c1r2.htb	   0.0	  0.03	 2.000	 -5.00	  5.00	 40.00	   0.0	 0.0250	 21.30	 1.6000	  3.49	  3.08	 1.005	 0.00000000	 0.704	  0.635	  1.60	  0.03	  0.1260	 0.9298	 0.00045497	 0.7525	 0.00000000	 1.7557	 0.41566814	  3.00	 18.30	 0.0250	 1.5454	 0.0001	
m60824c1r2.htb	   0.0	  0.03	 2.000	 -5.00	  5.00	 40.00	   1.0	 0.0250	 23.54	 1.6000	  5.45	  3.08	 0.940	 0.00000000	 0.666	  0.662	  1.60	  0.03	  0.0900	 0.9858	 0.00000823	 0.7458	 0.00000000	 0.2747	 0.87164360	  5.35	 18.19	 0.0250	 1.2887	 0.0001	
m60824c2r2.htb	   0.0	  0.03	 2.000	 -5.00	 -5.00	 40.00	   0.0	 0.0250	 24.17	 1.6000	  7.38	  7.66	 1.017	 0.00000000	 0.711	  0.473	  1.60	  0.03	  0.0420	 0.9933	 0.00000123	 0.8238	 0.00000000	 0.1870	 0.91072403	  7.38	 16.79	 0.0250	 0.8209	 0.0001	
m60824c2r2.htb	   0.0	  0.03	 2.000	 -5.00	 -5.00	 40.00	   1.0	 0.0250	 25.20	 1.6000	  8.69	  7.66	 0.977	 0.00000000	 0.724	  0.456	  1.60	  0.03	  0.0400	 0.9649	 0.00007936	 0.8062	 0.00000000	 1.5933	 0.45084259	  8.69	 16.51	 0.0250	 0.7881	 0.0001	
m60824c3r2.htb	   0.0	  0.03	 2.000	 -5.00	  0.00	 40.00	   0.0	 0.0250	  8.30	 1.6000	  3.15	  3.33	 1.037	 0.00001184	 0.515	  0.609	  1.60	  0.03	  0.0320	 0.9395	 0.00031318	 0.3721	 0.00000002	 0.2587	 0.87868124	  3.15	  5.15	 0.0250	 0.5376	 0.0100	
m60824c3r2.htb	   0.0	  0.03	 2.000	 -5.00	  0.00	 40.00	   1.0	 0.0330	  9.27	 1.1610	  3.65	  3.33	 0.984	 0.00003438	 0.479	  0.583	  1.60	  0.03	  0.0220	 0.9825	 0.00001386	 0.3666	 0.00000003	 0.1546	 0.92560342	  3.65	  5.62	 0.0325	 0.4065	 0.0014	
