FILE			 PrfOR	 PrfSF	 PrfTF	 RFXctr	 RFYctr	 RFDiam	 Direction		 Slope	 Int		 RsqMn	 PMn		 RsqRaw	 PRaw		 
m52512c2r13.htb	   0.0	  0.03	 2.000	  0.00	  0.00	 40.00	 45.0000		 -0.0000	 4.3781	 0.0000	   NaN	 0.0000	   NaN	 
m61212c1r13.htb	 180.0	  0.05	 2.000	 -10.00	 -10.00	 40.00	 180.0000		 -0.0078	 2.1511	 0.2005	 0.1944	 0.0342	 0.1050	 
m30216c1r2.htb	   0.0	  0.03	 2.000	  9.00	 -19.00	 40.00	 0.0000		 -0.0014	 0.3914	 0.1392	 0.2883	 0.0082	 0.3693	 
m30416c1r7.htb	   0.0	  0.03	 2.000	  0.00	  0.00	 40.00	 0.0000		 -0.0027	 2.1642	 0.0242	 0.6676	 0.0021	 0.5218	 
m30416c2r4.htb	   0.0	  0.03	 2.000	  0.00	  0.00	 40.00	 0.0000		 -0.0106	 5.0879	 0.1189	 0.3292	 0.0117	 0.2845	 
m30716c3r13.htb	 180.0	  0.03	 2.000	  9.00	 -10.00	 40.00	 225.0000		 0.0140	 4.4478	 0.3587	 0.0673	 0.0289	 0.0907	 
m30216c1r4.htb	   0.0	  0.03	 2.000	  0.00	  0.00	 40.00	 0.0000		 0.0025	 2.1824	 0.0556	 0.5119	 0.0033	 0.5724	 
m30216c1r6.htb	   0.0	  0.03	 2.000	  0.00	  0.00	 40.00	 0.0000		 -0.0062	 3.1376	 0.1600	 0.2520	 0.0106	 0.3089	 
m30416c4r3.htb	 270.0	  0.03	 2.000	  0.00	  0.00	 40.00	 225.0000		 0.0059	 5.2272	 0.0315	 0.6236	 0.0023	 0.6336	 
m31616c1r7.htb	 220.0	  0.50	 2.000	  0.00	  0.00	 10.00	 45.0000		 -0.0113	 3.2604	 0.1820	 0.2189	 0.0267	 0.1041	 
m31616c2r7.htb	 120.0	  0.03	 2.000	  8.00	 -1.00	 30.00	 45.0000		 -0.0020	 2.0730	 0.0204	 0.6941	 0.0010	 0.7533	 
m31616c2r8.htb	 120.0	  0.03	 2.000	  8.00	 -1.00	 30.00	 45.0000		 -0.0177	 3.3433	 0.5416	 0.0152	 0.0515	 0.0232	 
m31616c4r9.htb	 120.0	  0.01	 2.000	  0.00	  0.00	 60.00	 45.0000		 0.0027	 0.5008	 0.0903	 0.3990	 0.0112	 0.2941	 
m31616c2r8.htb	 120.0	  0.03	 2.000	  8.00	 -1.00	 30.00	 45.0000		 -0.0177	 3.3433	 0.5416	 0.0152	 0.0515	 0.0232	 
m31616c3r8.htb	 120.0	  0.01	 5.000	 31.00	 20.00	 60.00	 45.0000		 -0.0065	 2.9619	 0.1346	 0.2970	 0.0095	 0.3340	 
m31616c3r8.htb	 120.0	  0.01	 5.000	 31.00	 20.00	 60.00	 45.0000		 -0.0065	 2.9619	 0.1346	 0.2970	 0.0095	 0.3340	 
m31616c2r8.htb	 120.0	  0.03	 2.000	  8.00	 -1.00	 30.00	 45.0000		 -0.0177	 3.3433	 0.5416	 0.0152	 0.0515	 0.0232	 
m30716c3r13.htb	 180.0	  0.03	 2.000	  9.00	 -10.00	 40.00	 225.0000		 0.0140	 4.4478	 0.3587	 0.0673	 0.0289	 0.0907	 
m31616c1r7.htb	 220.0	  0.50	 2.000	  0.00	  0.00	 10.00	 45.0000		 -0.0113	 3.2604	 0.1820	 0.2189	 0.0267	 0.1041	 
m31616c4r9.htb	 120.0	  0.01	 2.000	  0.00	  0.00	 60.00	 45.0000		 0.0027	 0.5008	 0.0903	 0.3990	 0.0112	 0.2941	 
m30716c3r13.htb	 180.0	  0.03	 2.000	  9.00	 -10.00	 40.00	 225.0000		 0.0140	 4.4478	 0.3587	 0.0673	 0.0289	 0.0907	 
m32116c1r10.htb	 120.0	  0.04	 1.000	  0.00	  0.00	 70.00	 45.0000		 0.0063	 2.0862	 0.0877	 0.4060	 0.0098	 0.3273	 
m32116c2r9.htb	 120.0	  0.01	 1.600	  0.00	  0.00	 55.00	 45.0000		 0.0104	 2.5937	 0.3460	 0.0737	 0.0210	 0.1502	 
m32116c3r8.htb	 120.0	  0.01	 1.000	  0.00	  0.00	 45.00	 45.0000		 0.0100	 12.5871	 0.0429	 0.5657	 0.0076	 0.3875	 
m30716c3r13.htb	 180.0	  0.03	 2.000	  9.00	 -10.00	 40.00	 225.0000		 0.0140	 4.4478	 0.3587	 0.0673	 0.0289	 0.0907	 
m30716c3r13.htb	 180.0	  0.03	 2.000	  9.00	 -10.00	 40.00	 225.0000		 0.0140	 4.4478	 0.3587	 0.0673	 0.0289	 0.0907	 
m30716c3r13.htb	 180.0	  0.03	 2.000	  9.00	 -10.00	 40.00	 225.0000		 0.0140	 4.4478	 0.3587	 0.0673	 0.0289	 0.0907	 
m32416c1r9.htb	 120.0	  0.04	 3.000	  0.00	  0.00	 35.00	 45.0000		 0.0064	 1.2769	 0.2318	 0.1589	 0.0129	 0.2610	 
m32816c3r10.htb	   0.0	  0.04	 0.800	  0.00	  0.00	 10.00	 160.0000		 -0.0078	 2.0226	 0.2826	 0.1138	 0.0281	 0.1427	 
m30216c1r2.htb	   0.0	  0.03	 2.000	  9.00	 -19.00	 40.00	 0.0000		 -0.0014	 0.3914	 0.1392	 0.2883	 0.0082	 0.3693	 
m30216c1r2.htb	   0.0	  0.03	 2.000	  9.00	 -19.00	 40.00	 0.0000		 -0.0014	 0.3914	 0.1392	 0.2883	 0.0082	 0.3693	 
m30216c1r2.htb	   0.0	  0.03	 2.000	  9.00	 -19.00	 40.00	 0.0000		 -0.0014	 0.3914	 0.1392	 0.2883	 0.0082	 0.3693	 
m30216c1r2.htb	   0.0	  0.03	 2.000	  9.00	 -19.00	 40.00	 0.0000		 -0.0014	 0.3914	 0.1392	 0.2883	 0.0082	 0.3693	 
m30216c1r2.htb	   0.0	  0.03	 2.000	  9.00	 -19.00	 40.00	 0.0000		 -0.0014	 0.3914	 0.1392	 0.2883	 0.0082	 0.3693	 
m30216c1r2.htb	   0.0	  0.03	 2.000	  9.00	 -19.00	 40.00	 0.0000		 -0.0014	 0.3914	 0.1392	 0.2883	 0.0082	 0.3693	 
m30216c1r2.htb	   0.0	  0.03	 2.000	  9.00	 -19.00	 40.00	 0.0000		 -0.0014	 0.3914	 0.1392	 0.2883	 0.0082	 0.3693	 
m30216c1r4.htb	   0.0	  0.03	 2.000	  0.00	  0.00	 40.00	 0.0000		 0.0025	 2.1824	 0.0556	 0.5119	 0.0033	 0.5724	 
m30216c1r6.htb	   0.0	  0.03	 2.000	  0.00	  0.00	 40.00	 0.0000		 -0.0062	 3.1376	 0.1600	 0.2520	 0.0106	 0.3089	 
m30216c1r2.htb	   0.0	  0.03	 2.000	  9.00	 -19.00	 40.00	 0.0000		 -0.0014	 0.3914	 0.1392	 0.2883	 0.0082	 0.3693	 
m30216c1r4.htb	   0.0	  0.03	 2.000	  0.00	  0.00	 40.00	 0.0000		 0.0025	 2.1824	 0.0556	 0.5119	 0.0033	 0.5724	 
m30216c1r6.htb	   0.0	  0.03	 2.000	  0.00	  0.00	 40.00	 0.0000		 -0.0062	 3.1376	 0.1600	 0.2520	 0.0106	 0.3089	 
m30216c1r2.htb	   0.0	  0.03	 2.000	  9.00	 -19.00	 40.00	 0.0000		 -0.0014	 0.3914	 0.1392	 0.2883	 0.0082	 0.3693	 
m30216c1r4.htb	   0.0	  0.03	 2.000	  0.00	  0.00	 40.00	 0.0000		 0.0025	 2.1824	 0.0556	 0.5119	 0.0033	 0.5724	 
m30216c1r6.htb	   0.0	  0.03	 2.000	  0.00	  0.00	 40.00	 0.0000		 -0.0062	 3.1376	 0.1600	 0.2520	 0.0106	 0.3089	 
