FILE			 PrfOR	 PrfSF	 PrfTF	 RFXctr	 RFYctr	 RFDiam	 BaseRate	 Amp		 x_width	 y_width	 x_ctr	 y_ctr	 rfplot_x_ctr	 rfplot_y_ctr	 axpect_ratio	
m70720c1r1.htb	  90.0	  0.03	 2.000	  0.00	  0.00	 30.00	  3.65	 12.60	 14.93	  9.42	 -7.38	  0.89	  0.00		  0.00		 
m60201c2r7.htb	  90.0	  0.03	 2.000	  0.00	 -10.00	 30.00	 15.32	  8.31	 22.99	 11.99	 -1.78	 -9.43	  0.00		 -10.00		 
m60201c3r1.htb	 270.0	  0.03	 2.000	  0.00	 -10.00	 30.00	  4.30	 27.24	  7.42	  6.17	  2.22	 -13.26	  0.00		 -10.00		 
m60201c4r1.htb	 270.0	  0.03	 2.000	  0.00	 -10.00	 30.00	  9.24	 12.26	 27.37	 11.85	  4.70	 -14.33	  0.00		 -10.00		 
m60201c5r1.htb	 270.0	  0.05	 2.000	 10.00	 -15.00	 40.00	  3.23	 15.55	  9.35	  8.09	 -3.01	 -16.36	 10.00		 -15.00		 
m60201c5r3.htb	  30.0	  0.03	 2.000	  0.00	 -15.00	 50.00	  2.33	 23.28	 15.39	 10.13	  5.78	 -17.27	  0.00		 -15.00		 
m60203c1r1.htb	  30.0	  0.03	 2.000	  0.00	 -10.00	 30.00	  2.09	  9.99	 14.24	  9.19	 -3.51	 -12.76	  0.00		 -10.00		 
m60203c2r1.htb	   0.0	  0.03	 2.000	 -2.00	 -12.00	 30.00	  6.38	 10.42	 15.90	 14.59	 -5.45	 -7.79	 -2.00		 -12.00		 
m60203c3r1.htb	   0.0	  0.03	 2.000	  0.00	 -15.00	 30.00	  4.35	 -2.34	 18.76	  7.84	 -11.93	  4.66	  0.00		 -15.00		 
m60207c1r1.htb	  30.0	  0.03	 2.000	  0.00	 -15.00	 30.00	  3.15	  5.91	 11.17	 10.43	 -7.99	 -12.52	  0.00		 -15.00		 
m60207c3r1.htb	 300.0	  0.03	 4.000	  0.00	  0.00	 30.00	  7.52	 12.99	 17.83	  5.59	 -2.71	 -0.56	  0.00		  0.00		 
m60207c4r1.htb	  30.0	  0.03	 2.000	  0.00	  0.00	 40.00	  5.87	  6.37	 23.33	 11.17	  4.73	  9.63	  0.00		  0.00		 
m60301c1r1.htb	  30.0	  0.03	 2.000	  0.00	  0.00	 40.00	  0.01	  2.57	 21.83	 15.11	  0.02	 -2.21	  0.00		  0.00		 
m60301c2r1.htb	  30.0	  0.03	 2.000	  0.00	  0.00	 40.00	  0.75	  7.26	 15.20	 11.50	 -1.29	 -5.40	  0.00		  0.00		 
m60301c3r1.htb	  30.0	  0.03	 2.000	  0.00	  0.00	 40.00	  9.30	 22.39	 15.72	  9.22	  4.86	 -0.78	  0.00		  0.00		 
m60301c4r1.htb	  30.0	  0.03	 4.000	  0.00	  0.00	 40.00	  4.93	 12.28	 15.83	 15.45	 21.66	 -8.20	  0.00		  0.00		 
m60302c1r1.htb	  30.0	  0.03	 2.000	  0.00	  0.00	 40.00	  4.20	 14.33	 17.24	 10.79	  0.71	 -0.59	  0.00		  0.00		 
m60302c2r1.htb	  30.0	  0.03	 2.000	  0.00	  0.00	 40.00	  1.57	 16.94	 12.86	  9.20	 -0.79	 -2.78	  0.00		  0.00		 
m60302c3r1.htb	  30.0	  0.05	 4.000	  0.00	  0.00	 40.00	  2.04	  2.88	 11.63	  6.95	  0.50	 -6.81	  0.00		  0.00		 
m60302c4r1.htb	  30.0	  0.03	 4.000	  0.00	  0.00	 40.00	  8.85	  7.56	 21.95	 13.51	 -2.13	  1.68	  0.00		  0.00		 
m60404c3r1.htb	   0.0	  0.03	 2.000	  0.00	  0.00	 40.00	  0.74	  5.75	  3.29	  5.45	 10.28	  4.63	  0.00		  0.00		 
m60404c4r1.htb	   0.0	  0.03	 1.000	  0.00	  0.00	 40.00	  5.60	  8.02	 13.56	 15.21	  7.21	  3.72	  0.00		  0.00		 
m60404c5r1.htb	   0.0	  0.03	 2.000	  0.00	  0.00	 40.00	  5.25	  9.77	 21.77	 18.79	 -1.88	  3.75	  0.00		  0.00		 
m60405c2r1.htb	   0.0	  0.03	 2.000	  0.00	 -5.00	 40.00	  7.42	 16.79	 18.84	  7.21	 -7.53	 -7.29	  0.00		 -5.00		 
m60405c3r1.htb	 270.0	  0.03	 2.000	 -5.00	 -5.00	 40.00	  5.23	 15.91	 14.66	  8.88	 -5.91	 -17.21	 -5.00		 -5.00		 
m60414c1r1.htb	 180.0	  0.03	 2.000	  0.00	 -10.00	 40.00	  0.69	  7.56	 13.72	 12.52	 -3.52	 -5.86	  0.00		 -10.00		 
m60414c3r1.htb	 180.0	  0.05	 2.000	  0.00	 -8.00	 40.00	 10.69	 19.55	 14.93	  7.77	 -5.24	 -5.89	  0.00		 -8.00		 
m60419c1r1.htb	 180.0	  0.03	 2.000	  0.00	  0.00	 40.00	  1.88	  3.25	 21.10	 12.51	 15.86	  0.61	  0.00		  0.00		 
m60419c2r1.htb	 180.0	  0.03	 2.000	  0.00	  0.00	 40.00	 12.27	  5.71	 24.67	 14.00	  4.41	 -3.19	  0.00		  0.00		 
m60420c2r1.htb	   0.0	  0.03	 2.000	  0.00	  0.00	 40.00	  9.70	 23.00	 17.61	 16.25	  7.00	  2.97	  0.00		  0.00		 
m60424c1r1.htb	 180.0	  0.03	 2.000	  0.00	  0.00	 40.00	  0.55	 23.88	 13.81	  8.64	 -9.84	 -1.64	  0.00		  0.00		 
m60424c2r1.htb	   0.0	  0.03	 2.000	  0.00	  0.00	 30.00	  0.22	 12.02	 16.70	 12.30	  6.26	 -2.98	  0.00		  0.00		 
m60517c1r1.htb	   0.0	  0.03	 2.000	  0.00	  0.00	 40.00	  2.40	 11.25	 16.51	 12.04	 -0.10	 -1.00	  0.00		  0.00		 
m60517c2r1.htb	   0.0	  0.03	 2.000	  0.00	  0.00	 40.00	  1.07	  7.84	 10.78	 11.19	 -8.43	 -2.72	  0.00		  0.00		 
m60517c3r1.htb	   0.0	  0.03	 2.000	  0.00	  0.00	 40.00	  2.57	 27.77	  9.93	  7.01	  4.86	 -4.23	  0.00		  0.00		 
m60517c4r1.htb	   0.0	  0.03	 2.000	  0.00	  0.00	 30.00	 13.16	 19.72	 13.29	  9.51	  3.38	 -6.45	  0.00		  0.00		 
m60517c5r1.htb	   0.0	  0.03	 2.000	  0.00	  0.00	 40.00	  3.83	 18.75	 10.78	 10.05	  3.06	 -4.13	  0.00		  0.00		 
m60517c6r1.htb	   0.0	  0.03	 2.000	  0.00	  0.00	 40.00	  5.10	 27.76	 10.79	 10.43	  1.91	  2.05	  0.00		  0.00		 
m60518c2r1.htb	   0.0	  0.03	 2.000	  0.00	  0.00	 40.00	  0.07	  8.23	 18.68	 16.35	 -1.81	  1.64	  0.00		  0.00		 
m60519c3r1.htb	   0.0	  0.03	 2.000	  0.00	  0.00	 30.00	  4.05	 21.21	 12.74	 11.94	 -1.52	 -0.17	  0.00		  0.00		 
m60523c1r1.htb	   0.0	  0.03	 2.000	  0.00	  0.00	 30.00	  2.94	 -5.64	 33.25	  5.09	 -19.53	 15.67	  0.00		  0.00		 
m60523c2r1.htb	   0.0	  0.03	 2.000	  0.00	 -10.00	 40.00	  8.05	 27.44	 17.47	 10.44	 -1.43	 -9.71	  0.00		 -10.00		 
m60523c3r1.htb	   0.0	  0.03	 2.000	  0.00	  0.00	 40.00	  4.10	  6.95	 18.07	  9.44	  0.80	 -8.01	  0.00		  0.00		 
m60524c1r1.htb	   0.0	  0.03	 2.000	  0.00	  0.00	 30.00	  1.14	  4.67	 11.87	  6.40	 -3.61	 -10.49	  0.00		  0.00		 
m60524c2r1.htb	   0.0	  0.03	 2.000	  0.00	  0.00	 30.00	  0.13	  3.74	 12.07	  9.52	 -6.52	 -0.69	  0.00		  0.00		 
m60524c3r1.htb	 240.0	  0.03	 2.000	  0.00	  0.00	 30.00	  2.54	  8.24	 18.28	  9.79	 -1.38	  6.37	  0.00		  0.00		 
m60524c4r1.htb	 240.0	  0.03	 2.000	  0.00	  0.00	 40.00	 13.10	 14.45	 24.47	 19.92	 -4.48	 -2.18	  0.00		  0.00		 
m60524c5r1.htb	   0.0	  0.03	 2.000	  0.00	  0.00	 40.00	  9.84	 16.55	 13.66	 16.78	 -9.82	 -2.95	  0.00		  0.00		 
m60525c1r1.htb	   0.0	  0.03	 2.000	  0.00	  0.00	 40.00	  0.98	 16.06	 11.52	 11.62	  6.04	 -3.79	  0.00		  0.00		 
m60525c2r1.htb	   0.0	  0.03	 2.000	  0.00	  0.00	 40.00	  5.01	 26.45	 17.22	 12.66	  5.91	  0.38	  0.00		  0.00		 
m60525c3r1.htb	   0.0	  0.03	 2.000	  0.00	  0.00	 40.00	  2.50	 19.66	 14.82	 12.83	  8.27	 -4.59	  0.00		  0.00		 
m60525c4r1.htb	   0.0	  0.03	 2.000	  0.00	  0.00	 40.00	  1.07	 18.20	 12.21	  9.81	  4.23	 -5.86	  0.00		  0.00		 
m60531c1r1.htb	   0.0	  0.03	 2.000	  0.00	 -10.00	 40.00	  0.05	  2.63	 103.54	 19.36	 -30.00	 -4.76	  0.00		 -10.00		 
m60531c2r1.htb	   0.0	  0.03	 2.000	  0.00	  0.00	 40.00	 10.14	  8.65	 19.51	  8.86	 -11.35	 -1.49	  0.00		  0.00		 
m60601c1r1.htb	   0.0	  0.03	 2.000	  0.00	  0.00	 30.00	  0.18	  3.69	 15.20	 13.26	  7.02	  6.63	  0.00		  0.00		 
m60601c2r1.htb	   0.0	  0.03	 2.000	  0.00	  0.00	 30.00	  2.95	  4.62	 10.22	  9.55	 -11.41	 -15.02	  0.00		  0.00		 
m60601c3r1.htb	  90.0	  0.03	 2.000	  0.00	 -5.00	 30.00	  2.28	 14.40	 14.04	  6.80	 -2.54	 -6.31	  0.00		 -5.00		 
m60601c4r1.htb	  90.0	  0.03	 2.000	  0.00	 -10.00	 40.00	  3.20	 20.82	 12.43	  9.52	  1.79	 -6.46	  0.00		 -10.00		 
m60601c5r1.htb	  90.0	  0.03	 2.000	  0.00	  0.00	 40.00	  2.12	 10.32	 25.51	 12.19	  0.77	 -4.10	  0.00		  0.00		 
m60602c1r1.htb	   0.0	  0.03	 2.000	  0.00	  0.00	 30.00	  5.09	 14.20	 11.13	  7.43	 -1.39	 -3.78	  0.00		  0.00		 
m60602c2r1.htb	   0.0	  0.03	 2.000	  0.00	  0.00	 30.00	  8.73	 15.26	 14.03	 11.82	 -6.04	 -3.12	  0.00		  0.00		 
m60602c3r1.htb	   0.0	  0.03	 2.000	  0.00	  0.00	 30.00	  8.27	 16.94	 12.44	  9.99	 -2.70	  2.72	  0.00		  0.00		 
m60602c4r1.htb	   0.0	  0.03	 2.000	  0.00	  0.00	 40.00	  2.56	 13.13	 13.55	  8.44	 -2.17	 -4.34	  0.00		  0.00		 
m60602c5r1.htb	   0.0	  0.03	 2.000	  0.00	 -10.00	 30.00	  7.47	  8.28	 20.46	 17.64	 -1.32	 -4.57	  0.00		 -10.00		 
m60605c1r1.htb	   0.0	  0.03	 2.000	  0.00	  0.00	 30.00	  4.77	 27.25	 11.49	  8.75	 -1.37	 -2.87	  0.00		  0.00		 
m60605c2r1.htb	   0.0	  0.03	 2.000	 -3.00	 -7.00	 30.00	  0.43	  5.24	 13.33	 11.94	 -6.92	 -8.75	 -3.00		 -7.00		 
m60605c3r1.htb	   0.0	  0.03	 2.000	  0.00	  0.00	 30.00	  9.83	 18.33	 11.50	 10.30	 -2.65	 -0.98	  0.00		  0.00		 
m60606c1r1.htb	   0.0	  0.03	 2.000	  0.00	  0.00	 30.00	  0.01	  5.45	  6.17	  6.33	  8.76	 -3.18	  0.00		  0.00		 
m60606c2r1.htb	   0.0	  0.03	 2.000	  0.00	  0.00	 40.00	  0.15	 11.72	  9.03	 10.44	 -3.64	  1.65	  0.00		  0.00		 
m60606c3r1.htb	  90.0	  0.03	 2.000	  0.00	  0.00	 40.00	  2.51	 16.07	 12.10	 12.57	 -5.65	 -4.72	  0.00		  0.00		 
m60606c4r1.htb	  90.0	  0.03	 2.000	  0.00	  0.00	 40.00	  1.47	 34.33	 13.49	 10.18	  6.29	 -1.94	  0.00		  0.00		 
m60606c5r1.htb	  90.0	  0.03	 2.000	  0.00	  0.00	 40.00	  0.16	 22.11	 16.09	 14.35	  7.28	  3.31	  0.00		  0.00		 
m60613c5r1.htb	   0.0	  0.03	 2.000	  0.00	 -15.00	 30.00	 13.52	 18.43	 13.25	  6.42	 -5.06	 -14.80	  0.00		 -15.00		 
m60613c6r1.htb	   0.0	  0.03	 2.000	  0.00	  0.00	 30.00	  4.72	 15.74	 13.99	 10.27	  4.26	 -11.80	  0.00		  0.00		 
m60614c2r1.htb	   0.0	  0.03	 2.000	  0.00	 -8.00	 30.00	  6.21	 10.76	 18.54	 10.43	  6.45	 -6.43	  0.00		 -8.00		 
m60614c4r1.htb	   0.0	  0.03	 2.000	  0.00	 -10.00	 30.00	  1.28	  8.98	 10.86	  5.74	  5.22	 -11.29	  0.00		 -10.00		 
m60615c2r1.htb	   0.0	  0.03	 2.000	  0.00	 -10.00	 40.00	  2.18	 15.82	 15.78	  8.47	 -4.44	 -12.04	  0.00		 -10.00		 
m60616c1r1.htb	   0.0	  0.03	 2.000	  0.00	 -10.00	 30.00	  2.72	 12.97	 15.29	  8.63	 -11.36	 -15.16	  0.00		 -10.00		 
m60616c2r1.htb	   0.0	  0.03	 2.000	  0.00	 -15.00	 30.00	  0.59	  7.17	 24.36	 12.49	  2.32	 -6.95	  0.00		 -15.00		 
m60619c1r1.htb	   0.0	  0.03	 2.000	  0.00	  0.00	 40.00	  2.19	  8.69	 19.03	 14.16	 -0.05	 -0.20	  0.00		  0.00		 
m60619c2r1.htb	   0.0	  0.03	 2.000	  0.00	  0.00	 40.00	  0.90	  9.63	 13.40	 12.39	 -1.57	  0.58	  0.00		  0.00		 
m60619c3r1.htb	   0.0	  0.03	 2.000	  0.00	 -5.00	 40.00	  0.71	 14.85	 11.11	  8.48	  1.67	 -0.95	  0.00		 -5.00		 
m60619c4r1.htb	   0.0	  0.03	 2.000	  0.00	 -5.00	 40.00	 13.68	 19.07	 24.02	 15.08	 -7.16	 -5.99	  0.00		 -5.00		 
m60620c1r1.htb	   0.0	  0.03	 2.000	  0.00	  0.00	 40.00	  2.39	 16.28	 15.29	 11.94	  0.97	  2.59	  0.00		  0.00		 
m60620c2r1.htb	   0.0	  0.03	 2.000	  5.00	  5.00	 40.00	 10.26	 16.42	 24.03	 16.62	  1.15	  2.00	  5.00		  5.00		 
m60620c3r1.htb	   0.0	  0.03	 2.000	  0.00	  0.00	 40.00	 13.50	 17.93	 26.80	 15.14	 -0.40	  6.76	  0.00		  0.00		 
m60620c4r1.htb	   0.0	  0.03	 2.000	  0.00	  0.00	 40.00	  4.79	  8.97	 17.86	 14.12	  0.87	  4.14	  0.00		  0.00		 
m60621c2r1.htb	   0.0	  0.03	 2.000	  0.00	 -8.00	 30.00	  0.03	  6.80	  6.78	  5.99	  6.49	 -3.38	  0.00		 -8.00		 
m60621c3r1.htb	   0.0	  0.03	 2.000	  0.00	  0.00	 40.00	  0.23	  4.14	  8.26	  9.32	  4.26	  1.90	  0.00		  0.00		 
m60621c4r1.htb	 180.0	  0.03	 2.000	 10.00	  0.00	 40.00	  0.42	  4.11	 28.41	 14.71	  2.17	 -6.41	 10.00		  0.00		 
m60621c5r1.htb	 130.0	  0.03	 2.000	  0.00	  0.00	 40.00	  2.78	 17.62	 18.94	 13.50	 -9.08	 -8.62	  0.00		  0.00		 
m60621c6r1.htb	 130.0	  0.03	 2.000	  0.00	  0.00	 40.00	  1.06	  8.32	 16.41	  9.50	  2.89	 -11.11	  0.00		  0.00		 
m60622c1r1.htb	   0.0	  0.03	 2.000	  0.00	  0.00	 30.00	  0.08	  5.96	 13.33	  7.85	  1.97	 -4.87	  0.00		  0.00		 
m60623c3r1.htb	   0.0	  0.03	 2.000	  0.00	  0.00	 40.00	  6.13	 10.96	 15.32	 10.98	 -3.78	  6.43	  0.00		  0.00		 
m60623c4r1.htb	  90.0	  0.03	 2.000	  0.00	  0.00	 40.00	  3.80	 16.05	 11.42	 11.88	  3.89	  0.95	  0.00		  0.00		 
m60626c2r1.htb	   0.0	  0.03	 2.000	  0.00	  0.00	 40.00	  3.08	 10.42	 15.58	 15.70	 -6.19	 -4.12	  0.00		  0.00		 
m60628c2r1.htb	   0.0	  0.03	 2.000	  0.00	  0.00	 40.00	  0.58	  5.61	 14.36	  8.60	 -3.82	 -3.83	  0.00		  0.00		 
m60703c1r1.htb	   0.0	  0.03	 2.000	  0.00	  0.00	 40.00	  1.22	  9.23	 16.79	 14.24	 11.25	  7.44	  0.00		  0.00		 
m60703c1r1.htb	   0.0	  0.03	 2.000	  0.00	  0.00	 40.00	  1.22	  9.23	 16.79	 14.24	 11.25	  7.44	  0.00		  0.00		 
m60703c3r1.htb	   0.0	  0.03	 2.000	  0.00	  0.00	 40.00	  0.23	  3.99	 15.49	 12.44	 -0.61	 10.32	  0.00		  0.00		 
m60705c1r1.htb	   0.0	  0.03	 2.000	  0.00	  0.00	 40.00	  5.52	 23.58	 14.76	  7.66	 -0.72	 -3.65	  0.00		  0.00		 
m60705c2r1.htb	   0.0	  0.03	 2.000	  0.00	  0.00	 40.00	  1.45	  9.92	 14.72	 12.25	 -2.72	 -6.80	  0.00		  0.00		 
m60705c3r1.htb	   0.0	  0.03	 2.000	  0.00	  0.00	 40.00	  3.17	 17.61	 14.80	 10.74	  2.83	 -7.20	  0.00		  0.00		 
m60712c1r1.htb	   0.0	  0.03	 2.000	  0.00	  0.00	 40.00	  0.61	  4.18	 12.43	  9.15	  2.64	 -1.30	  0.00		  0.00		 
m60712c1r1.htb	   0.0	  0.03	 2.000	  0.00	  0.00	 40.00	  0.61	  4.18	 12.43	  9.15	  2.64	 -1.30	  0.00		  0.00		 
m60717c3r1.htb	 150.0	  0.03	 2.000	  0.00	  0.00	 40.00	  0.19	 24.83	 11.07	 12.58	 -4.91	 -4.43	  0.00		  0.00		 
m60814c1r1.htb	   0.0	  0.03	 2.000	  0.00	  0.00	 40.00	  0.05	  8.87	 10.95	  9.11	  8.59	 -6.77	  0.00		  0.00		 
m60814c2r1.htb	   0.0	  0.03	 2.000	  0.00	  0.00	 40.00	  5.16	 14.45	 17.43	 15.95	 -0.51	  1.56	  0.00		  0.00		 
m60814c3r1.htb	   0.0	  0.03	 2.000	  0.00	  0.00	 40.00	  0.58	  4.63	 16.47	 10.70	 -4.54	  8.90	  0.00		  0.00		 
m60814c4r1.htb	   0.0	  0.03	 2.000	 -10.00	 10.00	 40.00	  9.21	  8.07	 30.99	 15.21	 -0.80	  2.67	 -10.00		 10.00		 
m60822c1r1.htb	   0.0	  0.03	 2.000	  0.00	  0.00	 40.00	  0.09	  7.39	 10.31	 10.16	 -2.97	  0.04	  0.00		  0.00		 
m60822c2r1.htb	   0.0	  0.03	 2.000	  0.00	  0.00	 40.00	  0.26	  8.36	 16.07	 16.57	 -1.27	  0.91	  0.00		  0.00		 
m61117c1r1.htb	 180.0	  0.03	 2.000	  0.00	  0.00	 40.00	  0.01	  6.57	  7.69	  7.84	  3.72	 -5.74	  0.00		  0.00		 
m61117c2r1.htb	  60.0	  0.03	 2.000	  0.00	  0.00	 40.00	  4.58	  8.45	 18.67	 15.74	  4.05	  4.92	  0.00		  0.00		 
m61117c3r1.htb	  60.0	  0.03	 2.000	  0.00	  0.00	 40.00	 10.83	  5.50	 23.84	 22.90	 -0.81	  2.15	  0.00		  0.00		 
m70403c1r1.htb	   0.0	  0.03	 2.000	  0.00	  0.00	 40.00	  0.02	 10.30	 17.60	 11.56	 -0.86	 -6.36	  0.00		  0.00		 
m70404c3r1.htb	   0.0	  0.03	 2.000	  0.00	  0.00	 40.00	  0.65	  6.62	 14.58	  9.43	  3.75	  5.43	  0.00		  0.00		 
m70405c2r1.htb	   0.0	  0.03	 2.000	  0.00	  0.00	 40.00	  3.08	 13.93	 22.08	 14.91	  9.07	 -14.35	  0.00		  0.00		 
m70723c1r1.htb	   0.0	  0.03	 2.000	  0.00	  0.00	 30.00	  0.30	  1.82	 16.03	  5.11	 -5.99	 -0.74	  0.00		  0.00		 
m70523c2r1.htb	   0.0	  0.03	 2.000	  0.00	  0.00	 40.00	  0.58	  6.77	 24.73	 17.14	  0.18	 -1.12	  0.00		  0.00		 
m70523c3r1.htb	   0.0	  0.03	 2.000	  0.00	  0.00	 40.00	 17.85	 11.01	 20.79	 10.55	  1.06	  1.18	  0.00		  0.00		 
m70524c1r1.htb	   0.0	  0.03	 2.000	  0.00	  0.00	 40.00	  0.88	 14.08	 19.15	 13.55	  2.52	 -15.72	  0.00		  0.00		 
m70524c3r1.htb	   0.0	  0.03	 2.000	  0.00	  0.00	 40.00	  0.18	  6.06	 26.59	 19.16	 -0.05	  5.91	  0.00		  0.00		 
m70525c1r1.htb	   0.0	  0.03	 2.000	  0.00	  0.00	 40.00	  2.02	 15.56	 23.28	 14.57	 -7.02	 -1.27	  0.00		  0.00		 
m70529c1r1.htb	   0.0	  0.03	 2.000	  0.00	  0.00	 40.00	  0.05	  3.29	 20.84	 11.15	 -10.12	  4.76	  0.00		  0.00		 
m70529c2r1.htb	   0.0	  0.03	 2.000	  0.00	  0.00	 30.00	  2.76	 11.78	 13.16	  9.01	  4.18	  4.00	  0.00		  0.00		 
m70529c3r1.htb	   0.0	  0.03	 2.000	  0.00	  0.00	 30.00	  4.78	  7.67	 29.81	 25.06	 11.40	  2.91	  0.00		  0.00		 
m70530c1r1.htb	   0.0	  0.03	 2.000	  0.00	  0.00	 30.00	  0.01	  3.43	  7.53	  6.04	 -3.86	  0.92	  0.00		  0.00		 
m70601c1r1.htb	   0.0	  0.03	 2.000	  0.00	  0.00	 40.00	  1.47	  5.15	  9.07	 13.99	 -1.49	 -19.10	  0.00		  0.00		 
m70605c1r1.htb	   0.0	  0.03	 2.000	  0.00	  0.00	 40.00	  0.23	 10.00	 10.31	  9.78	  4.28	 17.31	  0.00		  0.00		 
m70607c1r1.htb	   0.0	  0.03	 2.000	  0.00	  0.00	 30.00	  0.33	  4.39	 13.81	 10.93	  2.29	 -0.17	  0.00		  0.00		 
m70607c2r1.htb	   0.0	  0.03	 2.000	  0.00	  0.00	 30.00	  0.62	  9.94	 15.88	  9.98	  0.93	 -4.57	  0.00		  0.00		 
m70607c3r1.htb	   0.0	  0.03	 2.000	  0.00	  0.00	 30.00	  4.88	 16.87	 13.51	 10.60	  2.32	 -7.98	  0.00		  0.00		 
m70609c1r1.htb	   0.0	  0.03	 2.000	  0.00	  0.00	 30.00	  0.21	  1.04	  5.04	  4.49	  3.74	  3.40	  0.00		  0.00		 
m70609c2r1.htb	 120.0	  0.03	 2.000	  0.00	  0.00	 40.00	  1.88	  2.12	 14.95	  9.91	  2.51	  8.38	  0.00		  0.00		 
m70611c2r1.htb	 120.0	  0.03	 2.000	  0.00	  0.00	 30.00	  1.98	  9.55	 11.78	  9.39	 -2.37	 -2.18	  0.00		  0.00		 
m70611c1r1.htb	 120.0	  0.03	 2.000	  0.00	  0.00	 40.00	  1.12	  7.31	 15.61	  7.18	 -4.48	 -3.57	  0.00		  0.00		 
m70612c1r1.htb	   0.0	  0.03	 2.000	  0.00	  0.00	 30.00	  1.61	  2.12	 11.49	  6.10	 -0.87	 -8.16	  0.00		  0.00		 
m70612c2r1.htb	   0.0	  0.03	 2.000	  0.00	  0.00	 30.00	  7.85	 14.13	 18.42	 12.50	  0.18	 -6.69	  0.00		  0.00		 
m70613c2r1.htb	   0.0	  0.03	 2.000	  0.00	  0.00	 30.00	  5.52	  5.07	 23.64	 14.14	  7.22	  3.41	  0.00		  0.00		 
m70613c1r1.htb	   0.0	  0.03	 2.000	  0.00	  0.00	 30.00	  1.41	  2.93	 13.63	  9.51	 12.15	 -0.35	  0.00		  0.00		 
m70618c1r1.htb	   0.0	  0.03	 2.000	  0.00	  0.00	 30.00	  0.96	  2.93	 11.09	 10.29	  5.15	  5.74	  0.00		  0.00		 
m70619c1r1.htb	   0.0	  0.03	 2.000	  0.00	  0.00	 30.00	  0.08	 -0.13	 49.27	  5.69	 22.50	 -13.53	  0.00		  0.00		 
m70621c1r1.htb	   0.0	  0.03	 2.000	  0.00	  0.00	 30.00	  0.21	  4.83	 12.48	  8.45	  6.19	  7.75	  0.00		  0.00		 
m70621c2r1.htb	   0.0	  0.03	 2.000	  0.00	  0.00	 30.00	  0.70	  5.43	 12.56	 11.89	 -5.07	  0.92	  0.00		  0.00		 
m70622c1r1.htb	   0.0	  0.03	 2.000	  0.00	  0.00	 30.00	  0.87	 10.30	 11.99	  7.66	 -1.04	 10.80	  0.00		  0.00		 
m70625c1r1.htb	   0.0	  0.03	 2.000	  0.00	  0.00	 30.00	  0.08	  5.18	 14.74	 10.59	  1.69	 -7.57	  0.00		  0.00		 
m70625c2r1.htb	   0.0	  0.03	 2.000	  0.00	  0.00	 30.00	  1.67	 10.85	 28.64	 21.04	 -3.05	  5.14	  0.00		  0.00		 
m70626c1r1.htb	   0.0	  0.03	 2.000	  0.00	  0.00	 30.00	  1.44	  2.22	  2.96	  5.73	  6.97	  3.63	  0.00		  0.00		 
m70628c1r1.htb	   0.0	  0.03	 2.000	  0.00	  0.00	 40.00	  1.58	  7.54	  9.65	  8.25	 -10.73	 -2.32	  0.00		  0.00		 
m70703c1r1.htb	   0.0	  0.03	 2.000	  0.00	  0.00	 30.00	  5.62	  5.05	 18.34	 11.51	  0.66	 -9.94	  0.00		  0.00		 
m70703c2r1.htb	   0.0	  0.03	 2.000	  0.00	  0.00	 30.00	  6.17	  5.76	 22.96	 16.41	  1.20	 -3.26	  0.00		  0.00		 
m70705c1r1.htb	   0.0	  0.03	 2.000	  0.00	  0.00	 40.00	  1.42	  3.51	  9.20	  8.50	 -4.43	  2.17	  0.00		  0.00		 
m70706c2r1.htb	   0.0	  0.03	 2.000	  0.00	  0.00	 30.00	  0.00	  1.51	 13.90	 10.72	 -1.35	 -3.62	  0.00		  0.00		 
m70709c1r1.htb	   0.0	  0.03	 2.000	  0.00	  0.00	 30.00	  1.74	  6.08	 19.12	 13.50	 -3.35	  1.70	  0.00		  0.00		 
m70709c2r1.htb	   0.0	  0.03	 2.000	  0.00	  0.00	 30.00	  3.62	 13.69	 18.04	 16.10	 -9.93	  2.58	  0.00		  0.00		 
m70709c3r1.htb	   0.0	  0.03	 2.000	  0.00	  0.00	 30.00	  0.87	  9.52	 11.52	  9.14	 -11.08	  6.54	  0.00		  0.00		 
m70710c1r1.htb	   0.0	  0.03	 2.000	  0.00	  0.00	 30.00	  0.60	  4.30	 11.61	  9.87	 -5.22	 -9.46	  0.00		  0.00		 
m70710c2r1.htb	 180.0	  0.03	 2.000	  0.00	  0.00	 30.00	  6.44	  7.94	 21.21	 15.02	  1.11	  1.45	  0.00		  0.00		 
m70711c1r1.htb	   0.0	  0.03	 2.000	  0.00	  0.00	 30.00	  6.35	  8.94	 15.42	 11.05	 -0.03	 10.17	  0.00		  0.00		 
m70711c2r1.htb	   0.0	  0.03	 2.000	  0.00	  0.00	 30.00	  1.16	  5.87	 19.62	 14.58	 -7.10	  4.41	  0.00		  0.00		 
m70712c1r1.htb	   0.0	  0.03	 2.000	  0.00	  0.00	 30.00	  0.05	  3.30	 11.86	 10.74	 -4.82	  4.85	  0.00		  0.00		 
m70712c2r1.htb	   0.0	  0.03	 2.000	  0.00	  0.00	 30.00	  3.95	 19.14	 22.56	 18.51	  1.48	  6.65	  0.00		  0.00		 
m70712c3r1.htb	   0.0	  0.03	 2.000	  0.00	  0.00	 30.00	  7.46	 19.86	 24.17	 19.54	  4.21	  5.69	  0.00		  0.00		 
m70628c2r1.htb	   0.0	  0.03	 2.000	  0.00	  0.00	 30.00	  0.19	  2.19	  8.68	 14.85	 -6.77	 -0.81	  0.00		  0.00		 
m70629c1r1.htb	   0.0	  0.03	 2.000	  0.00	  0.00	 40.00	  0.26	  0.78	  3.79	  6.42	 -11.20	 -3.04	  0.00		  0.00		 
m70713c1r1.htb	   0.0	  0.03	 2.000	  0.00	  0.00	 30.00	  1.56	 12.84	 36.80	 17.33	 -3.37	  6.53	  0.00		  0.00		 
m70713c2r1.htb	   0.0	  0.03	 2.000	  0.00	  0.00	 30.00	  2.57	 10.19	 13.32	  6.25	  0.15	 -2.84	  0.00		  0.00		 
m70713c3r1.htb	   0.0	  0.03	 2.000	  0.00	  0.00	 30.00	  0.38	  1.61	 20.16	  8.12	  6.68	 -4.68	  0.00		  0.00		 
m70716c1r1.htb	   0.0	  0.03	 2.000	  0.00	  0.00	 30.00	  0.59	  1.10	 35.43	 20.62	 -3.06	 -22.50	  0.00		  0.00		 
m70716c2r1.htb	   0.0	  0.03	 2.000	  0.00	  0.00	 40.00	  0.23	  1.27	 79.20	 15.10	 -30.00	 -19.03	  0.00		  0.00		 
m70717c1r1.htb	   0.0	  0.03	 2.000	  0.00	  0.00	 30.00	  3.77	 21.59	 18.74	 12.35	 -8.53	 -3.42	  0.00		  0.00		 
m70717c2r1.htb	   0.0	  0.03	 2.000	  0.00	  0.00	 30.00	  6.41	 11.95	 22.97	 10.11	 -0.46	 -1.32	  0.00		  0.00		 
m70717c3r1.htb	   0.0	  0.03	 2.000	  0.00	  0.00	 30.00	  1.19	 15.30	 11.28	  6.44	  3.53	  3.08	  0.00		  0.00		 
m70718c1r1.htb	   0.0	  0.03	 2.000	  0.00	  0.00	 30.00	  6.14	 14.36	 16.09	 13.33	  1.49	  6.03	  0.00		  0.00		 
m70718c2r1.htb	   0.0	  0.03	 2.000	  0.00	  0.00	 30.00	  2.11	  1.92	 24.74	 28.81	 -0.67	 -4.86	  0.00		  0.00		 
m70718c3r1.htb	  90.0	  0.03	 2.000	  0.00	  0.00	 30.00	  3.31	 16.50	 14.20	 11.64	  1.93	  2.67	  0.00		  0.00		 
m70719c1r1.htb	  90.0	  0.03	 2.000	  0.00	  0.00	 30.00	  3.51	 19.49	 17.72	 10.98	  2.15	  5.32	  0.00		  0.00		 
m70719c2r1.htb	  90.0	  0.03	 2.000	  0.00	  0.00	 30.00	 10.32	 19.91	 27.96	 18.38	 -5.55	  4.65	  0.00		  0.00		 
m70719c3r1.htb	  90.0	  0.03	 2.000	  0.00	  0.00	 30.00	  4.90	 14.10	 54.67	 45.62	 -6.47	 -5.75	  0.00		  0.00		 
m70720c1r1.htb	  90.0	  0.03	 2.000	  0.00	  0.00	 30.00	  3.65	 12.60	 14.93	  9.42	 -7.38	  0.89	  0.00		  0.00		 
m70720c2r1.htb	  90.0	  0.03	 2.000	  0.00	  0.00	 30.00	  8.14	 28.30	 17.84	 15.70	 -5.07	 -2.68	  0.00		  0.00		 
m70723c1r1.htb	   0.0	  0.03	 2.000	  0.00	  0.00	 30.00	  0.30	  1.85	 16.03	  5.05	 -5.99	 -0.73	  0.00		  0.00		 
m70724c1r1.htb	   0.0	  0.03	 2.000	  0.00	  0.00	 30.00	 11.20	 14.08	 16.90	  9.70	  0.79	  5.91	  0.00		  0.00		 
m70724c2r1.htb	   0.0	  0.03	 2.000	  0.00	  0.00	 30.00	  0.49	  6.00	  8.74	  8.57	  6.52	 -0.69	  0.00		  0.00		 
m70724c3r1.htb	   0.0	  0.03	 2.000	  8.00	  0.00	 30.00	  0.46	  9.32	  9.45	  8.88	  6.96	 -2.53	  8.00		  0.00		 
m70727c1r1.htb	   0.0	  0.03	 2.000	  0.00	  0.00	 30.00	  1.60	  7.54	 13.33	  6.34	 -4.82	 -1.18	  0.00		  0.00		 
m70727c2r1.htb	   0.0	  0.03	 2.000	  0.00	  0.00	 30.00	  0.80	  5.71	 12.63	  6.95	  0.27	 -3.48	  0.00		  0.00		 
m70730c1r1.htb	   0.0	  0.03	 2.000	  0.00	  0.00	 30.00	  0.20	  5.22	 12.86	  7.27	 -1.73	  1.80	  0.00		  0.00		 
m70730c2r1.htb	   0.0	  0.03	 2.000	  0.00	  0.00	 30.00	  6.33	 23.00	 14.65	 11.35	  0.39	 -2.08	  0.00		  0.00		 
m70731c1r1.htb	   0.0	  0.03	 2.000	  0.00	  0.00	 30.00	  0.07	  5.44	 11.87	 11.16	 -2.37	  0.05	  0.00		  0.00		 
m70731c2r1.htb	   0.0	  0.03	 2.000	  0.00	  0.00	 30.00	  4.52	  6.71	 15.24	 11.43	  4.35	 -4.90	  0.00		  0.00		 
m70801c2r1.htb	   0.0	  0.03	 2.000	  0.00	  0.00	 30.00	  2.37	  4.14	 16.26	  8.53	 -4.40	 -4.41	  0.00		  0.00		 
m70801c3r1.htb	   0.0	  0.03	 2.000	  0.00	  0.00	 30.00	  7.47	 35.82	 12.77	  8.12	  3.73	  2.77	  0.00		  0.00		 
m70802c1r1.htb	   0.0	  0.03	 2.000	  0.00	  0.00	 30.00	  2.47	  7.10	 17.42	 12.79	 -6.57	 -5.61	  0.00		  0.00		 
m70802c2r1.htb	   0.0	  0.03	 2.000	  0.00	  0.00	 30.00	  4.23	 18.77	 15.27	 11.68	  1.62	 -1.38	  0.00		  0.00		 
m70803c1r1.htb	   0.0	  0.03	 2.000	  0.00	  0.00	 30.00	  0.02	  9.17	 13.10	  6.99	  0.52	 -2.41	  0.00		  0.00		 
m70803c2r1.htb	   0.0	  0.03	 2.000	  0.00	  0.00	 30.00	  2.45	 14.84	 14.20	  7.72	 -12.03	 -1.96	  0.00		  0.00		 
m70806c1r1.htb	   0.0	  0.03	 2.000	  0.00	  0.00	 30.00	  0.38	  8.79	 10.54	  9.08	  4.36	  4.27	  0.00		  0.00		 
m70807c1r1.htb	   0.0	  0.03	 2.000	  0.00	  0.00	 30.00	  1.66	 16.03	 15.53	 13.24	 -2.56	  2.13	  0.00		  0.00		 
m70809c1r1.htb	   0.0	  0.03	 2.000	  0.00	  0.00	 30.00	  1.20	  6.19	 22.85	 15.58	 -3.18	  2.11	  0.00		  0.00		 
m70809c2r1.htb	 180.0	  0.03	 2.000	  0.00	  0.00	 30.00	  1.68	 27.59	 14.06	  9.48	 -1.04	 -3.60	  0.00		  0.00		 
m70810c1r1.htb	 180.0	  0.03	 2.000	  0.00	  0.00	 30.00	  0.14	  4.86	 14.88	 10.67	  1.04	  1.82	  0.00		  0.00		 
m70815c1r1.htb	   0.0	  0.03	 2.000	  0.00	  0.00	 30.00	  0.26	  5.00	  9.26	  7.48	  0.65	  2.14	  0.00		  0.00		 
m70816c1r1.htb	   0.0	  0.03	 2.000	  0.00	  0.00	 30.00	  1.49	 14.65	 11.03	  6.61	  3.78	  3.31	  0.00		  0.00		 
m70817c1r1.htb	 180.0	  0.03	 2.000	  0.00	  0.00	 30.00	  0.24	  4.01	 23.61	 13.49	  0.81	  2.98	  0.00		  0.00		 
m70820c1r1.htb	 180.0	  0.03	 2.000	  0.00	  0.00	 30.00	  0.00	 14.65	 20.46	 15.79	  1.01	  4.74	  0.00		  0.00		 
m70821c1r1.htb	 180.0	  0.03	 2.000	  0.00	  0.00	 30.00	  6.76	  5.79	 23.63	  8.62	  3.16	 -0.56	  0.00		  0.00		 
m70822c1r1.htb	 180.0	  0.03	 2.000	  0.00	  0.00	 30.00	  1.07	  9.06	 15.00	  6.99	 -5.16	 -5.56	  0.00		  0.00		 
m70823c1r1.htb	 180.0	  0.03	 2.000	  0.00	  0.00	 30.00	  0.07	  7.68	  9.85	  7.94	 -0.57	 -1.71	  0.00		  0.00		 
m70824c1r1.htb	   0.0	  0.03	 2.000	  0.00	  0.00	 30.00	  3.52	 15.55	 10.25	  8.10	  1.03	 -2.91	  0.00		  0.00		 
m70827c1r1.htb	   0.0	  0.03	 2.000	  0.00	  0.00	 30.00	  0.29	  4.44	 12.10	 10.39	 -1.15	 -3.12	  0.00		  0.00		 
m70828c1r1.htb	   0.0	  0.03	 2.000	  0.00	  0.00	 30.00	  0.50	 19.65	 12.20	  9.28	 -5.34	 -9.49	  0.00		  0.00		 
m70829c1r1.htb	   0.0	  0.03	 2.000	  0.00	  0.00	 30.00	  0.50	  7.93	 12.02	 11.22	 -2.40	  1.39	  0.00		  0.00		 
m70831c1r1.htb	 180.0	  0.03	 2.000	  0.00	  0.00	 30.00	  5.44	 13.94	 15.77	  8.82	  4.08	 -4.48	  0.00		  0.00		 
m70905c1r1.htb	 180.0	  0.03	 2.000	  0.00	  0.00	 30.00	  0.27	  6.53	 22.33	 14.00	 -2.59	  1.86	  0.00		  0.00		 
