FILE			 PrfOR	 PrfSF	 PrfTF	 RFXctr	 RFYctr	 RFDiam	     MaxLoc	 MaxRsp	 MinLoc	 MinRsp	 Spont	 SMI		 AnovaP	 SDI		 VarTerm	 MaxX 	 MinX 	 HWHML	 HWHMR	 RsqMn	 PMean	 RsqRaw	 Praw		 Chi2		 ChiP		 Brat		 Ampl		 Peak		 SD		 Offst		
m70108c1r8.htb	   0.0	  0.03	 2.000	 20.00	 -15.00	 40.00	    0.8000	 15.4681	 0.0000	 12.0177	 8.4577	 0.3773	 0.0150	 0.4513	 0.5254	 64.0000	 0.0000	 0.110	 0.110	 0.0023	 0.9035	 0.0005	 0.8417	 1.8931	 0.7554	 12.0177	 3.4513	 0.7982	 0.1000	 0.0060	
m70110c1r8.htb	   0.0	  0.03	 2.000	 -10.00	 -5.00	 40.00	    0.5300	 1.5984	 64.0000	 1.2444	 1.2189	 0.3108	 0.9375	 0.1768	 0.5086	 64.0000	 0.0000	 9999.000	 9999.000	 0.3571	 0.0893	 0.0060	 0.3013	 0.1133	 0.9985	 1.2444	 0.3540	 0.5300	 0.7041	 0.0285	
m70110c2r8.htb	   0.0	  0.03	 2.000	 10.00	 -15.00	 40.00	    64.0000	 2.6853	 0.0000	 0.7135	 0.6965	 0.6716	 0.0249	 0.4073	 0.6942	 64.0000	 0.0000	 51.890	 9999.000	 0.9592	 0.0000	 0.1810	 0.0000	 0.2566	 0.9924	 0.7135	 2.3082	 224.8640	 2.2384	 0.0010	
m70110c3r8.htb	  90.0	  0.03	 2.000	 10.00	 -15.00	 40.00	    39.2200	 8.3570	 0.0000	 3.4235	 3.3333	 0.6647	 0.0013	 0.4575	 0.7056	 64.0000	 0.0000	 20.350	 9999.000	 0.9109	 0.0001	 0.2381	 0.0000	 0.5183	 0.9717	 3.4235	 4.9334	 39.2200	 0.6205	 0.0010	
m70111c1r8.htb	  90.0	  0.03	 2.000	  0.00	  0.00	 50.00	    2.9000	 4.5698	 0.0000	 3.3498	 3.0597	 0.2531	 0.6516	 0.2311	 0.4348	 64.0000	 0.0000	 9999.000	 9999.000	 0.1186	 0.3641	 0.0040	 0.3992	 0.2461	 0.9930	 3.3498	 1.2201	 2.8982	 0.1850	 0.0454	
m70112c1r8.htb	 120.0	  0.03	 2.000	  0.00	  0.00	 50.00	    0.0000	 4.0495	 0.0000	 4.0495	 3.8557	 0.3568	 0.4058	 0.3125	 0.5895	 64.0000	 0.0000	 9999.000	 9999.000	 0.0000	   NaN	 0.0000	   NaN	 0.6388	 0.9587	 4.0495	 0.0000	 1.3901	 0.1000	 0.0010	
m70116c1r8.htb	   0.0	  0.03	 2.000	  0.00	  0.00	 40.00	    4.0800	 3.5662	 0.0000	 1.6956	 1.5920	 0.5156	 0.1398	 0.2967	 1.1327	 64.0000	 0.0000	 9999.000	 9999.000	 0.1819	 0.2523	 0.0124	 0.1370	 0.5552	 0.9679	 0.0000	 3.5662	 4.0822	 3.0618	 0.1000	
m70117c1r8.htb	 150.0	  0.03	 2.000	 15.00	 -5.00	 40.00	    64.0000	 6.7883	 0.0000	 4.3535	 3.7438	 0.3752	 0.0012	 0.2870	 0.7690	 64.0000	 0.0000	 39.220	 9999.000	 0.8859	 0.0002	 0.0621	 0.0000	 0.0946	 0.9989	 4.3535	 2.6592	 103.3280	 1.1392	 0.1000	
m70117c2r8.htb	  30.0	  0.03	 2.000	 20.00	 -10.00	 50.00	    25.6900	 7.3500	 0.0000	 5.3462	 6.1998	 0.3232	 0.0104	 0.3185	 0.5305	 64.0000	 0.0000	 14.720	 34.380	 0.7980	 0.0012	 0.0687	 0.0001	 0.1555	 0.9971	 5.3462	 2.0038	 25.6864	 0.7213	 0.0010	
m70117c3r8.htb	  60.0	  0.03	 2.000	 20.00	 -20.00	 50.00	    31.4300	 19.9403	 0.0000	 13.4839	 17.9934	 0.4847	 0.2346	 0.4722	 0.7564	 64.0000	 0.0000	 9999.000	 9999.000	 0.5951	 0.0149	 0.1403	 0.0112	 1.1330	 0.8890	 13.4839	 6.4564	 31.4281	 0.6620	 0.0010	
m70118c1r8.htb	  90.0	  0.05	 2.000	  0.00	  0.00	 40.00	    1.3500	 2.7378	 0.0000	 1.3697	 0.9121	 0.3503	 0.6189	 0.2010	 0.8598	 64.0000	 0.0000	 9999.000	 9999.000	 0.2254	 0.1966	 0.0053	 0.2342	 0.0924	 0.9990	 1.3697	 1.3682	 1.3540	 0.2550	 0.0010	
m70122c1r8.htb	  90.0	  0.03	 4.000	  0.00	  0.00	 100.00	    0.1200	 4.5815	 0.0000	 3.7535	 3.4826	 0.1573	 0.9427	 0.1632	 0.4972	 64.0000	 0.0000	 9999.000	 9999.000	 0.0000	   NaN	 0.0000	   NaN	 0.3324	 0.9876	 3.7535	 0.8864	 0.1247	 0.1001	 0.0046	
m70123c1r8.htb	   0.0	  0.03	 4.000	  0.00	  0.00	 120.00	    60.4300	 6.9601	 0.0000	 1.9283	 4.3872	 0.8210	 0.0003	 0.5050	 0.8596	 64.0000	 0.0000	 36.050	 9999.000	 0.9066	 0.0001	 0.2468	 0.0000	 0.6592	 0.9563	 1.9283	 5.0318	 60.4317	 0.7683	 0.1000	
m70123c2r8.htb	 180.0	  0.03	 4.000	  0.00	  0.00	 120.00	    44.8900	 11.2751	 0.0000	 2.6400	 4.4776	 0.7650	 0.0000	 0.5277	 0.8154	 64.0000	 0.0000	 24.340	 9999.000	 0.9568	 0.0000	 0.3908	 0.0000	 0.3887	 0.9834	 2.6400	 8.6351	 44.8904	 0.6632	 0.0010	
m70123c3r8.htb	 180.0	  0.03	 2.000	  0.00	  0.00	 120.00	    22.5500	 9.5270	 0.0000	 7.8523	 6.8604	 0.4139	 0.2117	 0.3069	 0.7936	 64.0000	 0.0000	 9999.000	 9999.000	 0.3100	 0.1194	 0.0205	 0.0681	 0.5258	 0.9709	 7.8523	 1.6747	 22.5476	 1.1309	 0.0010	
m70124c1r8.htb	   0.0	  0.03	 2.000	  0.00	  0.00	 60.00	    7.5800	 4.0690	 0.0000	 2.9925	 2.3770	 0.2848	 0.5198	 0.2437	 0.4724	 64.0000	 0.0000	 9999.000	 9999.000	 0.8001	 0.0011	 0.0371	 0.0157	 0.0772	 0.9993	 2.9657	 1.1034	 7.5761	 1.5923	 0.1000	
m70124c2r8.htb	 240.0	  0.03	 2.000	 10.00	 -20.00	 80.00	    1.1500	 5.7002	 0.0000	 5.1518	 3.3333	 0.2923	 0.3707	 0.3308	 0.4142	 64.0000	 0.0000	 9999.000	 9999.000	 0.0117	 0.7820	 0.0011	 0.7514	 0.9964	 0.9103	 5.1518	 0.5484	 1.1486	 0.1002	 0.0011	
m70124c3r8.htb	 180.0	  0.03	 2.000	  0.00	  0.00	 100.00	    0.8400	 7.7653	 0.0000	 5.9357	 4.5771	 0.2740	 0.6468	 0.3085	 0.4860	 64.0000	 0.0000	 9999.000	 9999.000	 0.3346	 0.1027	 0.0231	 0.1528	 0.5335	 0.9702	 5.9357	 1.8298	 0.8422	 0.1681	 0.0524	
m70124c4r8.htb	 180.0	  0.03	 2.000	 10.00	 -20.00	 60.00	    21.9600	 13.7714	 0.0000	 10.1436	 6.5174	 0.3381	 0.0650	 0.3927	 0.5312	 64.0000	 0.0000	 9999.000	 9999.000	 0.8139	 0.0009	 0.1309	 0.0005	 0.4366	 0.9794	 10.1436	 3.6278	 21.9563	 0.9782	 0.0010	
m70125c2r8.htb	 180.0	  0.03	 2.000	  0.00	  0.00	 120.00	    64.0000	 3.2342	 0.0000	 2.3148	 2.7008	 0.4076	 0.4601	 0.2569	 0.6492	 64.0000	 0.0000	 9999.000	 9999.000	 0.2643	 0.1568	 0.0172	 0.1519	 0.3265	 0.9880	 2.1979	 1.0650	 256.0000	 5.9241	 0.0010	
m70125c3r8.htb	 180.0	  0.03	 2.000	  0.00	 -5.00	 40.00	    28.6900	 9.2934	 0.0000	 5.4552	 3.9801	 0.4645	 0.0046	 0.4400	 0.5296	 64.0000	 0.0000	 14.640	 29.810	 0.7829	 0.0015	 0.1819	 0.0000	 0.4221	 0.9806	 5.4552	 3.8383	 28.6870	 0.6050	 0.0010	
m70125c4r8.htb	 180.0	  0.03	 2.000	  0.00	  0.00	 100.00	    64.0000	 29.6521	 0.0000	 21.3181	 18.2587	 0.3017	 0.0148	 0.4388	 0.6104	 64.0000	 0.0000	 37.700	 9999.000	 0.9287	 0.0000	 0.1883	 0.0000	 0.1601	 0.9970	 21.3181	 12.5595	 256.0000	 1.5294	 0.1000	
m70126c1r8.htb	 150.0	  0.03	 2.000	  0.00	  0.00	 40.00	    64.0000	 4.2500	 0.0000	 2.1543	 1.7413	 0.5816	 0.0222	 0.4576	 0.4614	 64.0000	 0.0000	 57.300	 9999.000	 0.8394	 0.0005	 0.1610	 0.0001	 0.3821	 0.9839	 2.1516	 2.3597	 256.0000	 2.8614	 0.0070	
m70126c2r8.htb	   0.0	  0.03	 2.000	 20.00	 -10.00	 60.00	    63.3600	 19.6587	 0.0000	 14.3952	 12.9353	 0.3198	 0.0347	 0.4297	 0.5550	 64.0000	 0.0000	 58.330	 9999.000	 0.7876	 0.0014	 0.1413	 0.0003	 0.4217	 0.9807	 14.3952	 5.2635	 63.3574	 2.1494	 0.0010	
m70126c3r8.htb	   0.0	  0.03	 2.000	 10.00	 -15.00	 60.00	    64.0000	 12.0146	 0.0000	 8.9588	 9.1045	 0.2893	 0.1022	 0.3838	 0.4548	 64.0000	 0.0000	 9999.000	 9999.000	 0.7530	 0.0024	 0.1103	 0.0014	 0.4727	 0.9761	 8.9377	 3.4786	 256.0000	 2.7978	 0.0336	
m70126c4r8.htb	   0.0	  0.03	 4.000	 10.00	 -10.00	 60.00	    42.3200	 6.4142	 0.0000	 4.7290	 3.7811	 0.2823	 0.2499	 0.3239	 0.4198	 64.0000	 0.0000	 9999.000	 9999.000	 0.5738	 0.0181	 0.0658	 0.0147	 0.3160	 0.9888	 4.7290	 1.6852	 42.3224	 0.4399	 0.0010	
m70126c5r8.htb	   0.0	  0.03	 4.000	 10.00	 -10.00	 60.00	    40.7800	 7.7842	 0.0000	 2.9210	 2.0896	 0.6733	 0.0000	 0.5673	 0.4580	 64.0000	 0.0000	 20.650	 9999.000	 0.9334	 0.0000	 0.4715	 0.0000	 0.4939	 0.9741	 2.9210	 4.8632	 40.7831	 0.5989	 0.0010	
m70129c1r8.htb	 150.0	  0.03	 2.000	  0.00	 -10.00	 60.00	    46.9500	 6.9398	 0.0000	 5.0654	 2.4378	 0.4097	 0.0480	 0.3892	 0.4852	 64.0000	 0.0000	 28.780	 9999.000	 0.4788	 0.0389	 0.0814	 0.0064	 1.1403	 0.8878	 5.0654	 1.8744	 46.9493	 0.8055	 0.0010	
m70131c1r7.htb	   0.0	  0.03	 2.000	 10.00	 -10.00	 50.00	    44.3000	 10.6462	 0.0000	 6.1935	 4.5274	 0.5000	 0.0087	 0.3975	 0.7032	 64.0000	 0.0000	 31.620	 9999.000	 0.7872	 0.0014	 0.1703	 0.0001	 0.3390	 0.9872	 6.1935	 4.4527	 44.3010	 1.0612	 0.0010	
m70131c1r8.htb	   0.0	  0.03	 2.000	 10.00	 -10.00	 50.00	    23.5000	 10.0305	 0.0000	 6.8905	 8.5821	 0.3168	 0.1223	 0.2835	 0.7856	 64.0000	 0.0000	 9999.000	 9999.000	 0.8992	 0.0001	 0.0633	 0.0007	 0.0640	 0.9995	 6.8905	 3.1400	 23.5041	 0.7574	 0.0010	
m70131c2r8.htb	   0.0	  0.03	 2.000	 15.00	 -10.00	 60.00	    46.4200	 8.4828	 0.0000	 4.4865	 4.7015	 0.4829	 0.0000	 0.3762	 0.6651	 64.0000	 0.0000	 26.880	 9999.000	 0.9723	 0.0000	 0.1939	 0.0000	 0.1129	 0.9985	 4.4865	 3.9964	 46.4162	 0.7343	 0.0010	
m70131c2r8.htb	   0.0	  0.03	 2.000	 15.00	 -10.00	 60.00	    46.4200	 8.4828	 0.0000	 4.4865	 4.7015	 0.4829	 0.0000	 0.3762	 0.6651	 64.0000	 0.0000	 26.890	 9999.000	 0.9723	 0.0000	 0.1939	 0.0000	 0.1128	 0.9985	 4.4865	 3.9964	 46.4174	 0.7344	 0.0010	
m70201c1r8.htb	 180.0	  0.03	 2.000	  0.00	  0.00	 80.00	    0.0000	 3.9904	 0.0000	 3.9904	 3.8308	 0.1173	 0.9985	 0.1089	 0.4851	 64.0000	 0.0000	 9999.000	 9999.000	 0.0000	   NaN	 0.0000	   NaN	 0.0519	 0.9997	 3.9904	 0.0000	 3.3853	 0.1011	 0.0698	
m70201c2r8.htb	 360.0	  0.03	 2.000	 10.00	 -15.00	 50.00	    44.1500	 21.4258	 0.0000	 17.9930	 14.8756	 0.1168	 0.9014	 0.2286	 0.5203	 64.0000	 0.0000	 9999.000	 9999.000	 0.3847	 0.0747	 0.0156	 0.2411	 0.2891	 0.9905	 17.9930	 3.4328	 44.1497	 0.2562	 0.0479	
m70201c3r8.htb	 320.0	  0.03	 2.000	 10.00	 -20.00	 60.00	    46.3300	 4.9252	 0.0000	 1.9579	 1.4925	 0.5658	 0.0314	 0.4200	 0.4901	 64.0000	 0.0000	 13.920	 9999.000	 0.8435	 0.0005	 0.1537	 0.0001	 0.3525	 0.9862	 1.9579	 2.9672	 46.3268	 0.3028	 0.0163	
m70202c1r8.htb	   0.0	  0.03	 2.000	  0.00	 -15.00	 60.00	    5.9300	 1.0881	 0.0000	 0.8540	 0.2736	 0.3509	 0.6180	 0.2155	 0.5089	 64.0000	 0.0000	 9999.000	 9999.000	 0.0869	 0.4414	 0.0031	 0.4600	 0.2391	 0.9934	 0.8540	 0.2341	 5.9323	 0.2147	 0.0988	
m70202c2r8.htb	   0.0	  0.03	 2.000	 20.00	 -20.00	 60.00	    64.0000	 17.5029	 0.0000	 9.7746	 7.2139	 0.4987	 0.0000	 0.5439	 0.5275	 64.0000	 0.0000	 53.930	 9999.000	 0.8713	 0.0002	 0.3430	 0.0000	 0.8886	 0.9262	 9.7439	 8.4107	 154.4673	 2.1915	 0.1000	
m70202c3r8.htb	   0.0	  0.03	 2.000	 10.00	 -10.00	 60.00	    23.6300	 11.6478	 0.0000	 10.2299	 7.7612	 0.0864	 0.9968	 0.1560	 0.4341	 64.0000	 0.0000	 9999.000	 9999.000	 0.3758	 0.0792	 0.0052	 0.4977	 0.0808	 0.9992	 10.2299	 1.4179	 23.6300	 0.2282	 0.0313	
m70202c4r8.htb	  60.0	  0.03	 2.000	 20.00	 -25.00	 50.00	    64.0000	 25.3213	 0.0000	 13.7660	 7.1642	 0.5149	 0.0846	 0.4107	 1.1237	 64.0000	 0.0000	 9999.000	 9999.000	 0.9135	 0.0001	 0.1394	 0.0003	 0.1746	 0.9964	 13.7660	 20.6716	 256.0000	 1.2843	 0.1000	
m70205c1r8.htb	   0.0	  0.03	 2.000	 10.00	 -10.00	 60.00	    34.1500	 20.6159	 0.0000	 15.3832	 10.8458	 0.3246	 0.0471	 0.4292	 0.5624	 64.0000	 0.0000	 21.020	 9999.000	 0.8981	 0.0001	 0.1531	 0.0001	 0.1645	 0.9968	 15.3832	 5.2327	 34.1547	 0.8070	 0.1000	
m70205c2r8.htb	  90.0	  0.03	 2.000	  0.00	  0.00	 100.00	    10.3200	 4.2081	 0.0000	 2.9978	 2.6119	 0.2381	 0.4213	 0.2409	 0.3732	 64.0000	 0.0000	 9999.000	 9999.000	 0.3290	 0.1063	 0.0150	 0.1013	 0.3445	 0.9868	 2.9978	 1.2103	 10.3190	 0.2070	 0.0010	
m70205c3r8.htb	 180.0	  0.03	 2.000	 -5.00	 -10.00	 60.00	    15.8000	 3.8937	 0.0000	 2.2218	 2.4378	 0.5730	 0.0032	 0.4687	 0.4184	 64.0000	 0.0000	 9.420	 23.280	 0.6479	 0.0089	 0.1563	 0.0001	 0.8919	 0.9257	 2.2218	 1.6719	 15.8050	 0.7686	 0.0010	
m70207c1r8.htb	 360.0	  0.03	 2.000	 -10.00	 -10.00	 100.00	    64.0000	 9.4308	 0.0000	 7.0163	 6.6169	 0.3897	 0.0214	 0.4567	 0.4300	 64.0000	 0.0000	 37.270	 9999.000	 0.4898	 0.0358	 0.0944	 0.0032	 0.9913	 0.9111	 7.0162	 3.6735	 256.0000	 1.5120	 0.1000	
m70207c2r8.htb	   0.0	  0.03	 2.000	  0.00	 -20.00	 60.00	    64.0000	 8.9588	 0.0000	 7.4210	 6.6418	 0.2204	 0.4934	 0.2822	 0.5157	 64.0000	 0.0000	 9999.000	 9999.000	 0.6996	 0.0049	 0.0292	 0.0219	 0.0956	 0.9989	 7.4210	 1.8628	 256.0000	 2.2388	 0.0010	
m70208c1r8.htb	 360.0	  0.03	 2.000	  0.00	  0.00	 100.00	    64.0000	 3.2708	 0.0000	 1.5899	 2.0896	 0.5362	 0.3235	 0.3545	 0.5746	 64.0000	 0.0000	 9999.000	 9999.000	 0.8663	 0.0003	 0.0902	 0.0040	 0.1601	 0.9970	 1.5899	 1.7295	 102.1308	 1.9573	 0.0010	
m70208c2r8.htb	 300.0	  0.03	 2.000	  0.00	 -15.00	 60.00	    49.9200	 6.4941	 0.0000	 3.6595	 3.3333	 0.4925	 0.0024	 0.3695	 0.6992	 64.0000	 0.0000	 21.590	 9999.000	 0.8360	 0.0006	 0.1071	 0.0000	 0.3656	 0.9852	 3.6595	 2.8347	 49.9250	 0.4806	 0.0010	
m70208c3r8.htb	 300.0	  0.03	 2.000	  0.00	 -20.00	 60.00	    46.5500	 6.8826	 0.0000	 3.5983	 3.6692	 0.5468	 0.0009	 0.4148	 0.6197	 64.0000	 0.0000	 23.500	 9999.000	 0.8462	 0.0004	 0.1561	 0.0000	 0.4367	 0.9794	 3.5983	 3.2842	 46.5515	 0.5966	 0.0010	
m70208c4r8.htb	 180.0	  0.03	 2.000	 -10.00	 -15.00	 50.00	    64.0000	 14.4028	 0.0000	 5.5224	 4.2786	 0.7483	 0.0000	 0.5641	 0.7585	 64.0000	 0.0000	 47.070	 9999.000	 0.7085	 0.0044	 0.2812	 0.0000	 1.9120	 0.7519	 5.5224	 8.9216	 71.9878	 1.2205	 0.1000	
m70208c5r8.htb	   0.0	  0.03	 2.000	  0.00	 -10.00	 60.00	    53.4700	 24.2317	 0.0000	 8.7668	 7.3632	 0.6998	 0.0000	 0.6499	 0.5982	 64.0000	 0.0000	 27.260	 9999.000	 0.9803	 0.0000	 0.6205	 0.0000	 1.6565	 0.7986	 8.7668	 15.4649	 53.4693	 0.6035	 0.1000	
m70209c1r8.htb	   0.0	  0.03	 2.000	 -5.00	 -15.00	 60.00	    64.0000	 8.3259	 0.0000	 6.9355	 5.2405	 0.2015	 0.1804	 0.2663	 0.4795	 64.0000	 0.0000	 9999.000	 9999.000	 0.5188	 0.0286	 0.0219	 0.0149	 0.2131	 0.9947	 6.8418	 1.5365	 256.0000	 5.2650	 0.0010	
m70209c2r8.htb	 100.0	  0.05	 2.000	 -5.00	 -15.00	 50.00	    5.5300	 15.8662	 0.0000	 11.5751	 9.9502	 0.2095	 0.3796	 0.2890	 0.5514	 64.0000	 0.0000	 9999.000	 9999.000	 0.5973	 0.0146	 0.0287	 0.0229	 0.1870	 0.9959	 11.5751	 4.2910	 5.5275	 0.2484	 0.0010	
m70212c1r8.htb	  60.0	  0.03	 2.000	 10.00	 -25.00	 60.00	    64.0000	 6.5429	 0.0000	 4.2472	 6.3184	 0.3864	 0.0624	 0.3752	 0.5639	 64.0000	 0.0000	 9999.000	 9999.000	 0.5986	 0.0144	 0.0489	 0.0028	 0.3078	 0.9893	 4.1484	 2.4922	 256.0000	 4.9015	 0.0010	
m70212c2r8.htb	   0.0	  0.03	 2.000	 10.00	 -20.00	 40.00	    0.8500	 2.6189	 0.0000	 2.2033	 1.8242	 0.2549	 0.2674	 0.2786	 0.3682	 64.0000	 0.0000	 9999.000	 9999.000	 0.0055	 0.8498	 0.0003	 0.8174	 0.7769	 0.9415	 2.2033	 0.4158	 0.8470	 0.1022	 0.0778	
m70212c3r8.htb	  50.0	  0.03	 2.000	 10.00	 -30.00	 60.00	    64.0000	 9.7218	 0.0000	 4.2171	 4.7761	 0.6275	 0.0000	 0.5301	 0.5394	 64.0000	 0.0000	 47.060	 9999.000	 0.9323	 0.0000	 0.3692	 0.0000	 0.5292	 0.9706	 4.2144	 7.0378	 256.0000	 1.9779	 0.1000	
m70212c4r8.htb	   0.0	  0.03	 2.000	  0.00	 -30.00	 60.00	    0.1200	 0.8922	 0.0000	 0.5114	 0.5638	 0.3519	 0.4233	 0.2114	 0.4527	 64.0000	 0.0000	 9999.000	 9999.000	 0.0000	   NaN	 0.0000	   NaN	 0.2528	 0.9927	 0.5114	 0.3837	 0.1185	 0.1001	 0.0047	
m70213c1r8.htb	 270.0	  0.03	 2.000	 -5.00	 -15.00	 40.00	    8.5500	 1.8765	 0.0000	 1.4045	 0.0332	 0.2774	 0.7508	 0.2380	 0.4141	 64.0000	 0.0000	 9999.000	 9999.000	 0.4134	 0.0618	 0.0173	 0.1405	 0.3715	 0.9847	 1.4045	 0.4720	 8.5540	 1.6724	 0.0010	
m70216c1r8.htb	   0.0	  0.03	 4.000	  0.00	 -15.00	 60.00	    48.3500	 6.8957	 0.0000	 2.0864	 3.4549	 0.5888	 0.0024	 0.3691	 0.7564	 64.0000	 0.0000	 13.110	 9999.000	 0.9190	 0.0000	 0.1303	 0.0000	 0.1932	 0.9956	 2.0864	 4.8093	 48.3487	 0.2678	 0.0873	
m70219c1r8.htb	   0.0	  0.03	 2.000	  0.00	  0.00	 120.00	    0.7100	 5.4438	 0.0000	 4.1750	 0.0000	 0.1975	 0.9930	 0.2248	 0.7694	 64.0000	 0.0000	 9999.000	 9999.000	 0.0031	 0.8875	 0.0000	 0.9553	 0.3859	 0.9836	 4.1750	 1.2689	 0.7085	 0.2194	 0.0041	
m70221c1r8.htb	 180.0	  0.03	 2.000	 -5.00	 -15.00	 70.00	    29.6400	 3.7685	 0.0000	 1.4193	 2.1393	 0.5260	 0.0026	 0.3425	 0.7286	 64.0000	 0.0000	 16.660	 9999.000	 0.9231	 0.0000	 0.1176	 0.0000	 0.1139	 0.9984	 1.4193	 2.3492	 29.6447	 0.7002	 0.0010	
m70221c2r8.htb	 180.0	  0.03	 2.000	  0.00	  0.00	 100.00	    64.0000	 6.6757	 0.0000	 3.8518	 3.1509	 0.4333	 0.0905	 0.3301	 0.7201	 64.0000	 0.0000	 9999.000	 9999.000	 0.8968	 0.0001	 0.0939	 0.0004	 0.0574	 0.9996	 3.8474	 3.4825	 256.0000	 2.1471	 0.1000	
m70222c1r8.htb	   0.0	  0.03	 2.000	  0.00	  0.00	 100.00	    64.0000	 5.0177	 0.0000	 3.2441	 2.3881	 0.3911	 0.0739	 0.3261	 0.6295	 64.0000	 0.0000	 9999.000	 9999.000	 0.4734	 0.0405	 0.0374	 0.0093	 0.3239	 0.9882	 3.0716	 2.0062	 256.0000	 5.6215	 0.0010	
m70222c2r8.htb	 300.0	  0.03	 2.000	  0.00	  0.00	 100.00	    0.1200	 4.2171	 0.0000	 2.1400	 2.1891	 0.4487	 0.2953	 0.2860	 0.6982	 64.0000	 0.0000	 9999.000	 9999.000	 0.0000	   NaN	 0.0000	   NaN	 0.6469	 0.9577	 2.1400	 2.0779	 0.1196	 0.1001	 0.0041	
m70222c3r8.htb	 180.0	  0.03	 2.000	  0.00	 -10.00	 100.00	    0.0000	 10.5024	 0.0000	 10.5024	 7.4627	 0.2317	 0.8039	 0.2518	 0.6021	 64.0000	 0.0000	 9999.000	 9999.000	 0.0000	   NaN	 0.0000	   NaN	 0.4208	 0.9807	 10.5024	 0.0000	 3.7176	 0.1936	 0.0769	
m70222c4r8.htb	  50.0	  0.03	 2.000	  0.00	 -25.00	 60.00	    3.2300	 2.9467	 0.0000	 2.2647	 1.8905	 0.4028	 0.1723	 0.3061	 0.5267	 64.0000	 0.0000	 9999.000	 9999.000	 0.0063	 0.8389	 0.0008	 0.7897	 1.4784	 0.8305	 2.2647	 0.6820	 3.2293	 0.1000	 0.0033	
m70223c1r8.htb	   0.0	  0.05	 2.000	 10.00	 10.00	 50.00	    39.3000	 5.1831	 0.0000	 3.5334	 3.2338	 0.4167	 0.1941	 0.3268	 0.5724	 64.0000	 0.0000	 9999.000	 9999.000	 0.7255	 0.0036	 0.0901	 0.0040	 0.2831	 0.9909	 3.5334	 1.6496	 39.2963	 1.0708	 0.0010	
m70223c2r8.htb	   0.0	  0.05	 2.000	  0.00	  0.00	 100.00	    64.0000	 10.7696	 0.0000	 4.1899	 3.7313	 0.6680	 0.0048	 0.4530	 0.8296	 64.0000	 0.0000	 39.920	 9999.000	 0.9675	 0.0000	 0.2237	 0.0000	 0.4380	 0.9793	 4.1899	 7.7468	 136.2941	 1.3214	 0.1000	
m70223c3r8.htb	   0.0	  0.05	 2.000	  0.00	  0.00	 100.00	    64.0000	 19.5990	 0.0000	 7.6121	 6.4677	 0.6725	 0.0000	 0.6454	 0.5152	 64.0000	 0.0000	 27.170	 9999.000	 0.9709	 0.0000	 0.5848	 0.0000	 1.1033	 0.8937	 7.6121	 12.0045	 65.7249	 0.4909	 0.0010	
m70226c1r8.htb	 270.0	  0.03	 2.000	 -5.00	 -5.00	 40.00	    25.3600	 3.7129	 0.0000	 1.6234	 1.0448	 0.4590	 0.0765	 0.3913	 0.4411	 64.0000	 0.0000	 9999.000	 9999.000	 0.8459	 0.0004	 0.1317	 0.0004	 0.5632	 0.9671	 1.6234	 2.0896	 25.3608	 0.2370	 0.0336	
m70226c2r8.htb	 180.0	  0.03	 2.000	 20.00	 -5.00	 60.00	    17.7600	 8.5088	 0.0000	 5.8196	 4.1791	 0.3545	 0.0060	 0.3501	 0.5367	 64.0000	 0.0000	 9.200	 19.060	 0.8895	 0.0001	 0.1033	 0.0000	 0.1161	 0.9984	 5.8196	 2.6892	 17.7636	 0.6187	 0.0010	
m70226c3r8.htb	 180.0	  0.03	 2.000	  0.00	 -10.00	 60.00	    19.9700	 8.6741	 0.0000	 6.5275	 5.6503	 0.2773	 0.1450	 0.3189	 0.4692	 64.0000	 0.0000	 9999.000	 9999.000	 0.9279	 0.0000	 0.0914	 0.0007	 0.0659	 0.9995	 6.5275	 2.1466	 19.9655	 0.9739	 0.0010	
m70306c1r8.htb	   0.0	  0.03	 2.000	 -10.00	 -10.00	 60.00	    5.2300	 3.4250	 0.0000	 2.7931	 1.6418	 0.2657	 0.7195	 0.2084	 0.4533	 64.0000	 0.0000	 9999.000	 9999.000	 0.1185	 0.3644	 0.0036	 0.4244	 0.1910	 0.9957	 2.7931	 0.6320	 5.2345	 0.2150	 0.0010	
m70306c2r8.htb	 240.0	  0.03	 2.000	  0.00	  0.00	 100.00	    124.4900	 12.0956	 0.0000	 4.3444	 2.8745	 0.6769	 0.0000	 0.6462	 0.4350	 512.0000	 0.0000	 89.870	 322.260	 0.9471	 0.0000	 0.6217	 0.0000	 0.8775	 0.9966	 4.3444	 7.7511	 124.4865	 1.0847	 0.1000	
m70306c3r8.htb	  90.0	  0.03	 2.000	 20.00	 10.00	 60.00	    69.0600	 17.3147	 0.0000	 7.8836	 7.5622	 0.5536	 0.0000	 0.5199	 0.6503	 256.0000	 0.0000	 41.870	 105.990	 0.9564	 0.0000	 0.3811	 0.0000	 0.2776	 0.9996	 7.8836	 9.4312	 69.0551	 0.7892	 0.1000	
m70308c1r8.htb	   0.0	  0.03	 2.000	 20.00	 -10.00	 60.00	    51.0800	 5.4941	 0.0000	 3.9961	 1.4340	 0.3128	 0.1702	 0.3183	 0.4804	 64.0000	 0.0000	 9999.000	 9999.000	 0.8742	 0.0002	 0.0677	 0.0013	 0.1049	 0.9987	 3.9961	 1.4980	 51.0772	 1.9132	 0.0010	
m70308c2r8.htb	   0.0	  0.03	 2.000	 -5.00	 -5.00	 50.00	    64.0000	 8.2097	 0.0000	 6.4996	 5.2239	 0.2263	 0.4407	 0.2655	 0.5394	 64.0000	 0.0000	 9999.000	 9999.000	 0.5624	 0.0200	 0.0251	 0.0338	 0.2290	 0.9939	 5.4654	 2.8318	 256.0000	 5.5295	 0.1000	
m70308c3r8.htb	   0.0	  0.03	 2.000	 10.00	 -10.00	 50.00	    47.9900	 10.0197	 0.0000	 5.6245	 4.8756	 0.4408	 0.0000	 0.4646	 0.4740	 256.0000	 0.0000	 42.100	 9999.000	 0.8993	 0.0000	 0.2715	 0.0000	 0.3779	 0.9990	 5.6245	 4.3952	 47.9912	 1.7791	 0.0010	
m70309c1r8.htb	   0.0	  0.03	 2.000	  0.00	 -10.00	 50.00	    25.1100	 6.2073	 0.0000	 3.1835	 1.3433	 0.6119	 0.0000	 0.5585	 0.4001	 256.0000	 0.0000	 17.960	 62.330	 0.8517	 0.0001	 0.2898	 0.0000	 0.7852	 0.9925	 3.1835	 3.0237	 25.1113	 1.0571	 0.1000	
m70309c2r8.htb	   0.0	  0.03	 2.000	  0.00	 -5.00	 50.00	    64.0000	 16.5355	 0.0000	 11.7318	 5.8706	 0.2816	 0.4976	 0.3432	 0.6600	 64.0000	 0.0000	 9999.000	 9999.000	 0.6912	 0.0055	 0.0581	 0.0221	 0.2865	 0.9907	 11.4370	 5.2841	 256.0000	 5.1832	 0.0010	
m70309c3r8.htb	   0.0	  0.03	 2.000	  5.00	  0.00	 50.00	    40.0400	 17.1573	 0.0000	 10.2048	 8.7562	 0.4646	 0.0001	 0.4983	 0.5746	 256.0000	 0.0000	 24.490	 62.730	 0.8802	 0.0000	 0.2627	 0.0000	 0.5937	 0.9965	 10.2048	 6.9525	 40.0447	 0.7991	 0.1000	
m70312c1r8.htb	   0.0	  0.03	 2.000	 -5.00	  0.00	 70.00	    1.1300	 5.2093	 0.0000	 3.4255	 1.3184	 0.3283	 0.2432	 0.2841	 0.5710	 64.0000	 0.0000	 9999.000	 9999.000	 0.6156	 0.0123	 0.0355	 0.0114	 0.1490	 0.9974	 3.4255	 1.7842	 1.1342	 0.1637	 0.0010	
m70313c1r8.htb	   0.0	  0.03	 2.000	  0.00	  0.00	 100.00	    33.3600	 14.3741	 0.0000	 12.0355	 10.3234	 0.2271	 0.1055	 0.3304	 0.4763	 256.0000	 0.0000	 9999.000	 9999.000	 0.6367	 0.0032	 0.0568	 0.0015	 0.3970	 0.9989	 12.0355	 2.3386	 33.3575	 0.9514	 0.1000	
m70313c2r8.htb	  60.0	  0.03	 2.000	 10.00	  5.00	 50.00	    27.0000	 25.7217	 0.0000	 18.5265	 16.0697	 0.3780	 0.0001	 0.4334	 0.7470	 64.0000	 0.0000	 13.170	 25.570	 0.6167	 0.0122	 0.1031	 0.0000	 0.6491	 0.9574	 18.5265	 7.1952	 26.9960	 0.5643	 0.1000	
m70410c1r8.htb	   0.0	  0.03	 2.000	 10.00	 -20.00	 40.00	    60.9500	 16.6715	 0.0000	 4.9896	 5.9950	 0.7436	 0.0000	 0.5112	 0.9577	 256.0000	 0.0000	 39.800	 114.260	 0.9679	 0.0000	 0.3664	 0.0000	 0.3388	 0.9993	 4.9896	 11.6820	 60.9532	 0.8958	 0.1000	
m70410c2r8.htb	   0.0	  0.03	 2.000	  5.00	 -20.00	 40.00	    39.2200	 16.8652	 0.0000	 8.0643	 6.1194	 0.6121	 0.0000	 0.5654	 0.6463	 128.0000	 0.0000	 30.090	 9999.000	 0.8814	 0.0001	 0.3647	 0.0000	 1.6823	 0.8911	 8.0642	 8.8010	 39.2195	 1.2291	 0.1000	
m70410c3r8.htb	   0.0	  0.03	 2.000	  0.00	  0.00	 100.00	    64.0000	 12.8516	 0.0000	 6.1663	 6.1194	 0.5367	 0.0612	 0.4220	 0.8960	 64.0000	 0.0000	 9999.000	 9999.000	 0.7739	 0.0018	 0.1259	 0.0006	 0.6392	 0.9586	 6.1251	 7.1707	 256.0000	 3.8764	 0.0010	
m70411c1r8.htb	   0.0	  0.03	 2.000	  0.00	  0.00	 100.00	    36.9400	 4.6123	 0.0000	 3.6925	 3.5572	 0.2892	 0.2315	 0.2865	 0.4438	 64.0000	 0.0000	 9999.000	 9999.000	 0.5293	 0.0263	 0.0310	 0.0180	 0.2419	 0.9933	 3.6925	 0.9198	 36.9382	 2.0585	 0.0010	
m70411c2r8.htb	 180.0	  0.03	 4.000	  5.00	  0.00	 100.00	    0.3900	 2.3371	 0.0000	 0.8615	 0.6731	 0.6700	 0.0775	 0.3137	 0.7378	 64.0000	 0.0000	 9999.000	 9999.000	 0.0068	 0.8333	 0.0008	 0.7364	 0.8834	 0.9269	 0.8615	 1.4825	 0.3850	 0.1127	 0.0730	
m70412c2r8.htb	  90.0	  0.03	 2.000	  0.00	  0.00	 100.00	    2.0400	 0.8885	 0.0000	 0.7558	 0.9950	 0.4717	 0.0381	 0.3036	 0.4247	 64.0000	 0.0000	 0.250	 0.280	 0.0049	 0.8587	 0.0004	 0.7813	 0.5117	 0.9724	 0.7558	 0.1327	 2.0375	 0.1044	 0.0011	
m70412c3r8.htb	 180.0	  0.03	 2.000	  0.00	  0.00	 40.00	    29.0100	 3.9328	 0.0000	 3.0938	 3.0348	 0.3095	 0.6292	 0.2499	 0.4599	 64.0000	 0.0000	 9999.000	 9999.000	 0.5521	 0.0218	 0.0391	 0.0619	 0.3780	 0.9842	 3.0938	 0.8390	 29.0110	 0.4769	 0.0010	
m70417c1r8.htb	 270.0	  0.03	 2.000	  0.00	 -15.00	 50.00	    64.0000	 3.6902	 0.0000	 2.1468	 0.7960	 0.5341	 0.0781	 0.3894	 0.6335	 64.0000	 0.0000	 9999.000	 9999.000	 0.6825	 0.0061	 0.0533	 0.0018	 0.3932	 0.9830	 2.1468	 1.8323	 256.0000	 2.3662	 0.0010	
m70417c2r8.htb	   0.0	  0.03	 2.000	 10.00	 -15.00	 50.00	    11.9200	 26.8020	 0.0000	 14.4660	 11.5920	 0.4686	 0.0000	 0.5163	 0.6921	 64.0000	 0.0000	 9.530	 47.080	 0.9165	 0.0001	 0.3315	 0.0000	 0.3066	 0.9894	 14.4660	 12.3360	 11.9215	 1.3579	 0.0010	
m70417c3r8.htb	   0.0	  0.03	 8.000	  0.00	  0.00	 100.00	    64.0000	 3.8120	 0.0000	 2.1206	 1.8408	 0.6389	 0.5060	 0.3032	 0.8803	 64.0000	 0.0000	 9999.000	 9999.000	 0.7704	 0.0019	 0.0641	 0.0161	 0.2179	 0.9945	 2.1206	 1.7128	 84.2710	 1.7357	 0.0010	
m70418c1r8.htb	  64.0	  0.03	 4.000	  0.00	 -20.00	 60.00	    43.6500	 6.2962	 0.0000	 3.4063	 0.9453	 0.5000	 0.0006	 0.4403	 0.4836	 64.0000	 0.0000	 31.310	 9999.000	 0.9091	 0.0001	 0.2542	 0.0000	 0.4197	 0.9808	 3.4063	 2.8899	 43.6487	 1.0721	 0.0010	
m70418c2r8.htb	   0.0	  0.03	 4.000	 10.00	 -10.00	 50.00	    38.3900	 9.2116	 0.0000	 3.1359	 1.2438	 0.6444	 0.0000	 0.6267	 0.3696	 64.0000	 0.0000	 25.220	 9999.000	 0.9952	 0.0000	 0.6787	 0.0000	 0.2975	 0.9900	 3.1359	 6.0758	 38.3932	 0.9074	 0.0010	
m70418c3r8.htb	  60.0	  0.03	 4.000	  0.00	  0.00	 100.00	    102.3800	 19.8129	 0.0000	 8.5170	 8.5130	 0.6397	 0.0000	 0.5677	 0.6843	 256.0000	 0.0000	 56.310	 124.940	 0.9529	 0.0000	 0.4220	 0.0000	 0.4445	 0.9984	 8.5170	 11.2959	 102.3798	 0.6770	 0.1000	
m70419c1r8.htb	  90.0	  0.03	 4.000	  0.00	 -10.00	 50.00	    35.5900	 30.0760	 0.0000	 12.4286	 7.5373	 0.5924	 0.0000	 0.6203	 0.6347	 128.0000	 0.0000	 31.770	 9999.000	 0.9821	 0.0000	 0.5638	 0.0000	 0.2389	 0.9986	 12.2926	 17.7834	 35.5882	 1.8825	 0.1000	
m70419c2r8.htb	   0.0	  0.03	 4.000	  0.00	  0.00	 40.00	    27.7000	 30.4496	 0.0000	 15.6450	 11.9403	 0.4974	 0.0000	 0.5767	 0.5837	 256.0000	 0.0000	 20.250	 75.040	 0.9202	 0.0000	 0.5113	 0.0000	 1.1951	 0.9771	 15.6450	 14.8046	 27.6976	 1.1132	 0.0010	
m70419c4r8.htb	   0.0	  0.03	 4.000	 10.00	 -20.00	 50.00	    64.0000	 6.8441	 0.0000	 4.8903	 5.4229	 0.2986	 0.1030	 0.3615	 0.3768	 64.0000	 0.0000	 9999.000	 9999.000	 0.7696	 0.0019	 0.1125	 0.0012	 0.2888	 0.9905	 4.7056	 2.1478	 84.9176	 3.0451	 0.1000	
m70508c1r8.htb	  90.0	  0.03	 2.000	 -10.00	 -15.00	 50.00	    49.1700	 8.9024	 0.0000	 5.1431	 3.9801	 0.3709	 0.2086	 0.3408	 0.6005	 64.0000	 0.0000	 9999.000	 9999.000	 0.5347	 0.0252	 0.0641	 0.0155	 1.1543	 0.8856	 5.1431	 3.7592	 49.1749	 0.2505	 0.0034	
m70508c2r8.htb	  90.0	  0.03	 2.000	 10.00	 -15.00	 50.00	    36.6600	 20.1963	 0.0000	 13.5477	 15.0746	 0.3483	 0.0001	 0.4979	 0.4546	 64.0000	 0.0000	 33.560	 9999.000	 0.9504	 0.0000	 0.3031	 0.0000	 0.2655	 0.9919	 13.4194	 6.7769	 36.6629	 2.0972	 0.1000	
m70522c2r8.htb	   0.0	  0.03	 2.000	 10.00	 -15.00	 40.00	    1.1700	 1.6187	 0.0000	 1.5769	 1.4925	 0.2471	 0.8631	 0.2252	 0.4833	 64.0000	 0.0000	 9999.000	 9999.000	 0.0884	 0.4373	 0.0020	 0.5536	 0.3037	 0.9896	 1.5769	 0.0418	 1.1671	 0.1249	 0.0152	
m70522c1r8.htb	   0.0	  0.03	 2.000	  0.00	 -10.00	 60.00	    4.1000	 1.5013	 0.0000	 1.2178	 0.7960	 0.2254	 0.9715	 0.1369	 0.5246	 64.0000	 0.0000	 9999.000	 9999.000	 0.7593	 0.0022	 0.0098	 0.1850	 0.0950	 0.9989	 1.2178	 0.2835	 4.0959	 0.5403	 0.0010	
m70522c3r8.htb	   0.0	  0.03	 2.000	 -10.00	  0.00	 50.00	    5.6000	 6.3193	 0.0000	 3.1104	 2.8856	 0.4526	 0.0603	 0.3683	 0.4954	 64.0000	 0.0000	 9999.000	 9999.000	 0.4932	 0.0349	 0.0804	 0.0068	 0.8797	 0.9275	 3.1104	 3.2090	 5.6015	 0.2626	 0.0010	
