FILE			 PrfOR	 PrfSF	 PrfTF	 RFXctr	 RFYctr	 RFDiam	     MaxLoc	 MaxRsp	 MinLoc	 MinRsp	 Spont	 SMI		 AnovaP	 SDI		 VarTerm	 MaxX 	 MinX 	 HWHML	 HWHMR	 RsqMn	 PMean	 RsqRaw	 Praw		 Chi2		 ChiP		 Brat		 Ampl		 Peak		 SD		 Offst		
m60321c1r8.htb	   0.0	  0.03	 2.000	  0.00	 -10.00	 50.00	    0.1000	 4.6965	 64.0000	 3.4067	 2.5373	 0.4019	 0.3350	 0.3032	 0.5852	 64.0000	 0.0000	 9999.000	 9999.000	 0.3187	 0.1133	 0.0327	 0.0881	 0.7446	 0.9457	 1.4876	 3.2090	 0.0990	 5.6953	 0.1000	
m60321c2r8.htb	 270.0	  0.03	 2.000	 -10.00	 -10.00	 50.00	    60.9600	 1.7957	 0.0000	 1.2155	 0.6468	 0.4906	 0.1340	 0.3443	 0.4485	 64.0000	 0.0000	 9999.000	 9999.000	 0.3328	 0.1039	 0.0457	 0.0430	 0.7101	 0.9501	 1.2155	 0.5802	 60.9588	 1.9128	 0.0113	
m60321c3r8.htb	 270.0	  0.03	 2.000	 -5.00	 -15.00	 40.00	    19.8800	 4.8420	 0.0000	 3.8027	 2.7861	 0.5189	 0.0738	 0.4161	 0.4520	 64.0000	 0.0000	 9999.000	 9999.000	 0.3050	 0.1231	 0.0478	 0.0384	 3.8607	 0.4252	 3.8027	 1.0394	 19.8808	 0.6723	 0.0010	
m60322c1r8.htb	  60.0	  0.03	 4.000	 10.00	 -10.00	 50.00	    26.4500	 9.9910	 0.0000	 4.0415	 2.3383	 0.6667	 0.0000	 0.6125	 0.4427	 64.0000	 0.0000	 18.180	 9999.000	 0.8843	 0.0002	 0.5059	 0.0000	 1.2692	 0.8666	 4.0415	 5.9495	 26.4487	 0.9855	 0.0010	
m60322c2r8.htb	   0.0	  0.03	 4.000	 10.00	 -10.00	 40.00	    15.1500	 15.5269	 0.0000	 11.9706	 9.1542	 0.2366	 0.1499	 0.3205	 0.4970	 64.0000	 0.0000	 9999.000	 9999.000	 0.9250	 0.0000	 0.1235	 0.0007	 0.0879	 0.9991	 11.9695	 3.5574	 15.1466	 1.2450	 0.1000	
m60322c3r8.htb	   0.0	  0.03	 4.000	  0.00	 -12.00	 50.00	    64.0000	 10.5901	 0.0000	 6.0191	 5.6219	 0.4682	 0.0019	 0.5170	 0.4323	 64.0000	 0.0000	 63.330	 9999.000	 0.8528	 0.0004	 0.2160	 0.0000	 0.3960	 0.9828	 5.7733	 5.0000	 256.0000	 5.0732	 0.0010	
m60323c1r8.htb	 130.0	  0.03	 2.000	 -10.00	 -20.00	 50.00	    35.4000	 7.4542	 0.0000	 4.4376	 3.8308	 0.5188	 0.0054	 0.4357	 0.5360	 64.0000	 0.0000	 21.720	 9999.000	 0.8373	 0.0005	 0.1913	 0.0000	 0.6057	 0.9624	 4.4376	 3.0166	 35.3961	 0.8025	 0.1000	
m60323c2r8.htb	 360.0	  0.03	 2.000	 10.00	 -15.00	 30.00	    22.6100	 5.4265	 0.0000	 4.1717	 1.9403	 0.3359	 0.5194	 0.2809	 0.5365	 64.0000	 0.0000	 9999.000	 9999.000	 0.3783	 0.0779	 0.0309	 0.0973	 0.4903	 0.9744	 2.2175	 3.2090	 22.6065	 10.0667	 0.0010	
m60323c3r8.htb	 220.0	  0.03	 2.000	  5.00	 -18.00	 40.00	    38.6300	 10.9449	 0.0000	 5.3192	 5.6219	 0.5514	 0.0000	 0.6004	 0.3652	 64.0000	 0.0000	 17.700	 9999.000	 0.9437	 0.0000	 0.5185	 0.0000	 0.4919	 0.9743	 5.3192	 5.6258	 38.6325	 0.5199	 0.0010	
m60324c1r8.htb	 130.0	  0.03	 2.000	  0.00	 -5.00	 40.00	    64.0000	 12.4653	 0.0000	 4.6013	 3.5323	 0.6314	 0.0000	 0.5815	 0.5165	 64.0000	 0.0000	 48.820	 9999.000	 0.9756	 0.0000	 0.4941	 0.0000	 0.3835	 0.9838	 4.5930	 9.8145	 256.0000	 2.0858	 0.1000	
m60324c2r8.htb	  40.0	  0.03	 2.000	  0.00	 -10.00	 40.00	    7.3500	 12.0246	 0.0000	 7.8043	 4.3284	 0.4421	 0.0022	 0.4760	 0.5017	 64.0000	 0.0000	 2.860	 4.670	 0.6339	 0.0102	 0.1580	 0.0001	 1.0050	 0.9090	 7.8043	 4.2203	 7.3531	 0.4162	 0.0010	
m60405c1r8.htb	 240.0	  0.03	 2.000	 -5.00	 -10.00	 40.00	    6.0400	 14.0310	 0.0000	 12.2139	 5.0249	 0.1672	 0.3420	 0.3173	 0.3631	 64.0000	 0.0000	 9999.000	 9999.000	 0.4080	 0.0641	 0.0415	 0.0541	 0.5004	 0.9735	 12.2139	 1.8172	 6.0390	 1.8412	 0.0010	
m60405c2r8.htb	 270.0	  0.03	 2.000	 -10.00	 -15.00	 40.00	    2.7700	 10.9513	 0.0000	 6.3245	 3.7313	 0.3425	 0.4467	 0.3186	 0.5892	 64.0000	 0.0000	 9999.000	 9999.000	 0.8762	 0.0002	 0.0784	 0.0075	 0.1307	 0.9980	 6.3245	 4.6269	 2.7683	 0.2734	 0.0010	
m60405c3r8.htb	 270.0	  0.03	 2.000	 -5.00	 -15.00	 40.00	    0.0700	 10.5096	 64.0000	 7.4002	 5.1741	 0.3615	 0.1137	 0.3810	 0.5282	 64.0000	 0.0000	 9999.000	 9999.000	 0.7747	 0.0017	 0.1108	 0.0014	 0.3153	 0.9888	 7.3998	 3.1098	 0.0711	 1.4016	 0.1000	
m60405c4r8.htb	 300.0	  0.03	 2.000	  0.00	 -10.00	 40.00	    33.6100	 10.8111	 0.0000	 7.0868	 5.8209	 0.3816	 0.0000	 0.4867	 0.3650	 64.0000	 0.0000	 26.430	 9999.000	 0.8722	 0.0002	 0.3187	 0.0000	 0.8420	 0.9327	 7.0868	 3.7243	 33.6084	 1.3096	 0.0010	
m60406c1r8.htb	   0.0	  0.03	 2.000	  8.00	 -10.00	 40.00	    27.6300	 13.4902	 0.0000	 4.2972	 2.0896	 0.7273	 0.0000	 0.6606	 0.4578	 64.0000	 0.0000	 16.430	 9999.000	 0.9666	 0.0000	 0.6777	 0.0000	 0.6749	 0.9544	 4.2972	 9.1930	 27.6315	 0.7656	 0.0010	
m60406c2r8.htb	   0.0	  0.03	 2.000	  0.00	 -10.00	 40.00	    18.4000	 26.4347	 0.0000	 18.2985	 16.0697	 0.3403	 0.0086	 0.4589	 0.6098	 64.0000	 0.0000	 18.100	 9999.000	 0.6371	 0.0099	 0.1381	 0.0003	 0.9764	 0.9134	 11.8078	 14.6269	 18.3975	 4.9091	 0.0353	
m60406c3r8.htb	  40.0	  0.03	 2.000	  5.00	 -10.00	 30.00	    38.3300	 3.5414	 0.0000	 1.6487	 1.3930	 0.6053	 0.0842	 0.4025	 0.5252	 64.0000	 0.0000	 9999.000	 9999.000	 0.8821	 0.0002	 0.1347	 0.0004	 0.2568	 0.9924	 1.6487	 1.8927	 38.3275	 1.7059	 0.0010	
m60411c2r6.htb	 180.0	  0.03	 2.000	 -10.00	  5.00	 50.00	    5.5000	 5.9801	 0.0000	 3.5920	 0.5970	 0.3265	 0.5708	 0.3489	 0.3919	 64.0000	 0.0000	 9999.000	 9999.000	 0.4910	 0.0355	 0.0775	 0.0640	 1.4165	 0.8413	 3.5920	 2.3881	 5.5011	 0.2596	 0.0010	
m60412c1r8.htb	 240.0	  0.03	 2.000	 -10.00	 -10.00	 40.00	    64.0000	 9.6150	 0.0000	 4.4141	 1.2935	 0.5990	 0.0000	 0.5505	 0.4671	 64.0000	 0.0000	 47.910	 9999.000	 0.9212	 0.0000	 0.3801	 0.0000	 0.8232	 0.9353	 4.4141	 5.9046	 156.6071	 1.7763	 0.0010	
m60412c2r8.htb	   0.0	  0.03	 2.000	 -10.00	 -15.00	 40.00	    31.1400	 5.8341	 0.0000	 3.2198	 1.2935	 0.5100	 0.0009	 0.4512	 0.4754	 64.0000	 0.0000	 28.770	 9999.000	 0.9270	 0.0000	 0.1708	 0.0000	 0.2262	 0.9941	 3.1290	 2.7052	 31.1377	 2.2048	 0.1000	
m70918c1r8.htb	 240.0	  0.03	 2.000	 -3.00	 -3.00	 35.00	    62.3700	 4.3133	 0.0000	 3.6656	 3.8184	 0.2611	 0.1506	 0.2481	 0.5172	 64.0000	 0.0000	 9999.000	 9999.000	 0.2426	 0.1780	 0.0081	 0.0882	 0.2231	 0.9942	 3.5567	 0.7566	 62.3715	 3.2696	 0.1000	
m70918c2r8.htb	   0.0	  0.03	 2.000	  0.00	  0.00	 35.00	    50.9900	 6.3088	 0.0000	 2.9300	 4.3781	 0.5338	 0.0489	 0.3885	 0.7278	 64.0000	 0.0000	 49.630	 9999.000	 0.7861	 0.0014	 0.1332	 0.0004	 0.3004	 0.9898	 2.0206	 4.2882	 50.9871	 3.5409	 0.1000	
m70919c1r8.htb	   0.0	  0.03	 2.000	 -3.00	 -2.00	 35.00	    29.2300	 11.9485	 0.0000	 7.1973	 3.1675	 0.4146	 0.0000	 0.5115	 0.3902	 64.0000	 0.0000	 19.260	 9999.000	 0.9911	 0.0000	 0.3796	 0.0000	 0.0828	 0.9992	 7.1973	 4.7512	 29.2325	 0.9120	 0.0010	
m70919c2r8.htb	   0.0	  0.03	 2.000	 -5.00	 -10.00	 35.00	    21.7900	 2.5013	 0.0000	 1.7678	 1.1692	 0.4153	 0.0083	 0.3576	 0.3522	 64.0000	 0.0000	 16.120	 9999.000	 0.6522	 0.0085	 0.0728	 0.0002	 0.3103	 0.9891	 1.7678	 0.7335	 21.7891	 1.1301	 0.1000	
m70919c3r8.htb	   0.0	  0.03	 2.000	 -3.00	  2.00	 30.00	    20.1300	 5.1216	 0.0000	 1.7096	 0.7960	 0.7402	 0.0000	 0.6307	 0.3636	 64.0000	 0.0000	 14.710	 9999.000	 0.8377	 0.0005	 0.4742	 0.0000	 1.1639	 0.8840	 1.7095	 3.4121	 20.1325	 1.1002	 0.1000	
m70920c1r8.htb	   0.0	  0.03	 2.000	  0.00	  3.00	 40.00	    36.5900	 12.0147	 0.0000	 6.8893	 4.9005	 0.4496	 0.0000	 0.4818	 0.4823	 64.0000	 0.0000	 19.670	 9999.000	 0.9937	 0.0000	 0.3187	 0.0000	 0.0815	 0.9992	 6.8893	 5.1254	 36.5880	 0.6517	 0.1000	
m70920c3r8.htb	   0.0	  0.03	 2.000	  5.00	 -10.00	 35.00	    52.1500	 18.4545	 0.0000	 6.1701	 3.2338	 0.7313	 0.0000	 0.6762	 0.5031	 64.0000	 0.0000	 42.400	 9999.000	 0.9722	 0.0000	 0.6733	 0.0000	 1.0214	 0.9065	 6.1701	 12.2844	 52.1502	 1.4225	 0.0010	
m70925c1r8.htb	   0.0	  0.03	 2.000	  0.00	 -5.00	 50.00	    49.7300	 8.2631	 0.0000	 4.5990	 1.8408	 0.5170	 0.0028	 0.5065	 0.4093	 64.0000	 0.0000	 14.540	 9999.000	 0.7167	 0.0040	 0.1748	 0.0000	 0.9629	 0.9154	 4.5990	 3.6641	 49.7269	 0.2933	 0.0119	
m70925c2r8.htb	   0.0	  0.03	 2.000	  8.00	 -8.00	 35.00	    31.2300	 6.1586	 0.0000	 2.7547	 1.2935	 0.6912	 0.0001	 0.5430	 0.4844	 64.0000	 0.0000	 17.300	 9999.000	 0.8510	 0.0004	 0.2660	 0.0000	 0.7856	 0.9404	 2.7547	 3.4039	 31.2254	 0.6812	 0.1000	
m70925c3r8.htb	   0.0	  0.03	 2.000	  0.00	 -5.00	 25.00	    35.1800	 5.6310	 0.0000	 3.1978	 1.3930	 0.5814	 0.0033	 0.4591	 0.5049	 64.0000	 0.0000	 26.610	 9999.000	 0.7646	 0.0020	 0.1838	 0.0000	 0.8312	 0.9342	 3.1978	 2.4332	 35.1821	 1.1979	 0.0010	
m71003c1r8.htb	   0.0	  0.03	 2.000	 -3.00	  3.00	 35.00	    34.2200	 9.6066	 0.0000	 4.0846	 0.2488	 0.6398	 0.0000	 0.5323	 0.5327	 64.0000	 0.0000	 19.020	 9999.000	 0.8985	 0.0001	 0.3684	 0.0000	 0.9397	 0.9188	 4.0846	 5.5220	 34.2152	 0.6884	 0.0010	
m71003c2r8.htb	   0.0	  0.03	 2.000	  0.00	  0.00	 40.00	    28.4000	 17.1867	 0.0000	 4.8751	 2.4378	 0.7151	 0.0000	 0.6063	 0.6122	 64.0000	 0.0000	 20.790	 9999.000	 0.9921	 0.0000	 0.5968	 0.0000	 0.1408	 0.9976	 4.8751	 12.3116	 28.3987	 1.1171	 0.0010	
m71004c1r8.htb	   0.0	  0.03	 2.000	  5.00	  0.00	 35.00	    38.7000	 16.9059	 0.0000	 4.0888	 1.8905	 0.8021	 0.0000	 0.7135	 0.4880	 64.0000	 0.0000	 30.470	 9999.000	 0.9681	 0.0000	 0.7256	 0.0000	 1.1277	 0.8898	 4.0884	 12.8175	 38.7002	 1.3056	 0.1000	
m71004c2r8.htb	   0.0	  0.03	 2.000	  0.00	 10.00	 25.00	    23.9300	 30.3272	 0.0000	 8.4624	 3.4328	 0.7504	 0.0000	 0.7423	 0.4908	 64.0000	 0.0000	 18.680	 9999.000	 0.9825	 0.0000	 0.8083	 0.0000	 1.0245	 0.9061	 8.4603	 21.8668	 23.9260	 1.2731	 0.1000	
m71005c1r8.htb	   0.0	  0.03	 2.000	  0.00	  0.00	 40.00	    8.9000	 3.6014	 0.0000	 2.5749	 2.0896	 0.3087	 0.0927	 0.2926	 0.4159	 64.0000	 0.0000	 9999.000	 9999.000	 0.7520	 0.0025	 0.0566	 0.0013	 0.1863	 0.9959	 2.5749	 1.0265	 8.8967	 0.4618	 0.1000	
m71005c2r8.htb	   0.0	  0.03	 2.000	  0.00	  5.00	 35.00	    10.4500	 5.0362	 0.0000	 4.3319	 3.4826	 0.1782	 0.9300	 0.2508	 0.3349	 64.0000	 0.0000	 9999.000	 9999.000	 0.5690	 0.0188	 0.0204	 0.1791	 0.1357	 0.9978	 4.3319	 0.7043	 10.4517	 0.4060	 0.0010	
m71016c1r8.htb	  90.0	  0.03	 2.000	  0.00	 -12.00	 40.00	    36.5500	 20.1681	 0.0000	 12.5669	 12.8607	 0.3745	 0.0175	 0.2965	 1.1951	 64.0000	 0.0000	 23.380	 9999.000	 0.9006	 0.0001	 0.0910	 0.0000	 0.0718	 0.9994	 12.5669	 7.6012	 36.5484	 0.8659	 0.0010	
m71129c1r8.htb	   0.0	  0.03	 2.000	  0.00	 -7.00	 40.00	    5.4000	 2.6258	 0.0000	 1.0655	 0.1990	 0.7324	 0.0692	 0.4215	 0.7862	 64.0000	 0.0000	 9999.000	 9999.000	 0.4767	 0.0395	 0.0757	 0.0087	 0.7859	 0.9403	 1.0653	 1.5605	 5.3965	 0.9562	 0.1000	
m71129c2r8.htb	   0.0	  0.03	 2.000	  0.00	 -8.00	 30.00	    64.0000	 2.6535	 0.0000	 1.5344	 0.3980	 0.4969	 0.0140	 0.3407	 0.7003	 64.0000	 0.0000	 62.580	 9999.000	 0.2849	 0.1388	 0.0297	 0.0207	 1.1367	 0.8884	 1.5166	 1.1978	 256.0000	 4.2924	 0.0010	
m71129c3r8.htb	 120.0	  0.03	 2.000	  5.00	 -5.00	 40.00	    6.3200	 5.4639	 0.0000	 3.5982	 1.2935	 0.2475	 0.9480	 0.2159	 0.8037	 64.0000	 0.0000	 9999.000	 9999.000	 0.3061	 0.1223	 0.0099	 0.3500	 0.2580	 0.9924	 3.5982	 1.8657	 6.3186	 0.2293	 0.1000	
m71203c1r8.htb	   0.0	  0.03	 2.000	  0.00	 -10.00	 40.00	    4.2500	 4.5211	 0.0000	 3.5226	 3.7313	 0.3350	 0.6221	 0.2282	 0.6559	 64.0000	 0.0000	 9999.000	 9999.000	 0.4952	 0.0344	 0.0174	 0.0775	 0.1333	 0.9979	 3.5226	 0.9985	 4.2518	 0.8960	 0.0010	
m71204c1r8.htb	   0.0	  0.03	 2.000	 -5.00	 -10.00	 30.00	    19.1000	 10.0565	 0.0000	 5.0637	 3.6816	 0.5398	 0.0000	 0.5428	 0.4700	 64.0000	 0.0000	 12.220	 33.520	 0.9634	 0.0000	 0.4060	 0.0000	 0.2683	 0.9918	 5.0637	 4.9928	 19.1048	 0.8574	 0.1000	
m71205c2r8.htb	   0.0	  0.03	 2.000	  0.00	  3.00	 30.00	    48.2300	 25.3708	 0.0000	 7.9525	 4.4776	 0.7015	 0.0000	 0.7518	 0.3899	 128.0000	 0.0000	 40.110	 9999.000	 0.9887	 0.0000	 0.8593	 0.0000	 0.9016	 0.9701	 7.9487	 17.4220	 48.2285	 1.5037	 0.1000	
m71205c3r8.htb	   0.0	  0.03	 2.000	  5.00	  5.00	 30.00	    47.3400	 40.9186	 0.0000	 15.8806	 8.8060	 0.6063	 0.0000	 0.6897	 0.5456	 64.0000	 0.0000	 41.930	 9999.000	 0.9927	 0.0000	 0.7548	 0.0000	 0.6974	 0.9517	 15.7940	 25.1246	 47.3359	 1.8299	 0.1000	
m71206c1r8.htb	   0.0	  0.03	 2.000	 -5.00	 -10.00	 30.00	    24.7600	 34.2289	 0.0000	 27.8725	 25.4726	 0.1874	 0.0101	 0.3221	 0.6210	 64.0000	 0.0000	 21.970	 9999.000	 0.9311	 0.0000	 0.1015	 0.0000	 0.0605	 0.9996	 27.8725	 6.3564	 24.7575	 1.8492	 0.0010	
m71210c1r8.htb	   0.0	  0.03	 2.000	  0.00	  0.00	 60.00	    0.0500	 10.0798	 64.0000	 6.0162	 7.2637	 0.4717	 0.2799	 0.3556	 0.8668	 64.0000	 0.0000	 9999.000	 9999.000	 0.6530	 0.0084	 0.0719	 0.0106	 0.4013	 0.9824	 6.0158	 4.0640	 0.0502	 1.4189	 0.1000	
m71211c1r8.htb	   0.0	  0.03	 2.000	 -5.00	 -15.00	 40.00	    15.5100	 7.9705	 0.0000	 3.4664	 1.6418	 0.5976	 0.0000	 0.6055	 0.3397	 64.0000	 0.0000	 11.700	 47.310	 0.9481	 0.0000	 0.5181	 0.0000	 0.5980	 0.9633	 3.4664	 4.5040	 15.5090	 1.1878	 0.0010	
m71211c2r8.htb	   0.0	  0.03	 2.000	  0.00	 -15.00	 40.00	    25.7900	 16.0688	 0.0000	 12.5728	 8.6070	 0.2181	 0.5065	 0.3449	 0.4267	 64.0000	 0.0000	 9999.000	 9999.000	 0.5408	 0.0240	 0.0449	 0.0449	 0.3819	 0.9839	 12.5728	 3.4959	 25.7927	 0.2187	 0.0073	
m71211c3r8.htb	   0.0	  0.03	 2.000	  0.00	 -15.00	 40.00	    45.6900	 22.3103	 0.0000	 16.4632	 12.6368	 0.2819	 0.0000	 0.5009	 0.3749	 64.0000	 0.0000	 40.530	 9999.000	 0.8010	 0.0011	 0.3266	 0.0000	 1.2759	 0.8654	 16.4400	 5.8702	 45.6883	 1.8412	 0.1000	
m71218c1r8.htb	 240.0	  0.03	 2.000	  0.00	  0.00	 30.00	    14.3300	 20.7188	 0.0000	 12.5366	 8.4080	 0.4242	 0.0000	 0.5366	 0.4947	 64.0000	 0.0000	 11.510	 9999.000	 0.8073	 0.0010	 0.3444	 0.0000	 1.7267	 0.7859	 12.5268	 8.1920	 14.3278	 1.3545	 0.1000	
m71218c2r8.htb	   0.0	  0.03	 2.000	  0.00	  0.00	 20.00	    64.0000	 6.3969	 0.0000	 1.2382	 0.0000	 0.7972	 0.0000	 0.5753	 0.5166	 64.0000	 0.0000	 53.660	 9999.000	 0.9904	 0.0000	 0.4270	 0.0000	 0.1180	 0.9983	 1.2382	 5.9745	 236.9242	 2.4154	 0.0010	
m71218c3r8.htb	 270.0	  0.03	 2.000	  0.00	  0.00	 40.00	    64.0000	 6.2869	 0.0000	 2.6181	 1.0945	 0.5940	 0.0000	 0.5339	 0.4176	 64.0000	 0.0000	 55.630	 9999.000	 0.9431	 0.0000	 0.3961	 0.0000	 0.4174	 0.9810	 2.6181	 3.6856	 76.5223	 1.8713	 0.0010	
m71219c1r8.htb	   0.0	  0.03	 2.000	  0.00	  0.00	 20.00	    20.5200	 0.5271	 0.0000	 0.1135	 0.1741	 0.8611	 0.0022	 0.3885	 0.4927	 64.0000	 0.0000	 13.960	 9999.000	 0.5272	 0.0268	 0.0683	 0.0004	 0.7594	 0.9438	 0.1135	 0.4136	 20.5225	 0.9673	 0.0010	
m71219c2r8.htb	 150.0	  0.03	 2.000	  5.00	  5.00	 20.00	    31.9000	 2.1535	 0.0000	 0.3180	 0.0498	 0.7981	 0.0000	 0.4423	 0.6395	 64.0000	 0.0000	 21.050	 9999.000	 0.9539	 0.0000	 0.2558	 0.0000	 0.1286	 0.9980	 0.3180	 1.8355	 31.9000	 0.9095	 0.1000	
m71231c1r8.htb	 270.0	  0.03	 2.000	  8.00	 -12.00	 35.00	    24.8300	 7.2226	 0.0000	 1.8085	 2.5823	 0.7947	 0.0000	 0.5819	 0.5794	 64.0000	 0.0000	 16.340	 9999.000	 0.9481	 0.0000	 0.4513	 0.0000	 0.5970	 0.9634	 1.8085	 5.4141	 24.8341	 0.9038	 0.1000	
m71231c2r8.htb	   0.0	  0.03	 2.000	 -5.00	 -10.00	 35.00	    37.8200	 11.8998	 0.0000	 6.9319	 6.3184	 0.4598	 0.0000	 0.4198	 0.6564	 64.0000	 0.0000	 34.400	 9999.000	 0.7881	 0.0014	 0.1577	 0.0000	 0.6898	 0.9526	 6.9319	 4.9679	 37.8235	 2.0377	 0.0010	
m71231c3r8.htb	 270.0	  0.03	 2.000	 -10.00	 -10.00	 25.00	    9.6800	 15.2396	 0.0000	 11.1384	 13.2196	 0.2603	 0.4880	 0.3574	 0.5114	 64.0000	 0.0000	 9999.000	 9999.000	 0.8667	 0.0003	 0.1064	 0.0091	 0.1638	 0.9968	 11.1380	 4.1016	 9.6843	 2.1352	 0.0010	
m80102c1r8.htb	 270.0	  0.03	 2.000	  0.00	 -20.00	 40.00	    20.2800	 6.7453	 0.0000	 2.8409	 2.2388	 0.6667	 0.0000	 0.5449	 0.5043	 64.0000	 0.0000	 14.750	 9999.000	 0.8701	 0.0002	 0.3532	 0.0000	 1.3033	 0.8608	 2.8408	 3.9045	 20.2791	 1.0899	 0.1000	
m80102c2r8.htb	   0.0	  0.03	 2.000	  0.00	 -15.00	 30.00	    21.2400	 10.2873	 0.0000	 5.8907	 5.6716	 0.4213	 0.0027	 0.4427	 0.4931	 64.0000	 0.0000	 19.600	 9999.000	 0.9282	 0.0000	 0.2278	 0.0000	 0.2221	 0.9943	 5.8906	 4.3968	 21.2432	 2.1669	 0.0010	
m80102c3r8.htb	   0.0	  0.03	 2.000	 10.00	 -18.00	 30.00	    14.8400	 2.0437	 0.0000	 1.4622	 1.2687	 0.2667	 0.7409	 0.2085	 0.4888	 64.0000	 0.0000	 9999.000	 9999.000	 0.9229	 0.0000	 0.0269	 0.0277	 0.0374	 0.9998	 1.4622	 0.5814	 14.8386	 0.8247	 0.1000	
m80103c1r8.htb	   0.0	  0.03	 2.000	  0.00	 -10.00	 30.00	    19.7900	 27.4539	 0.0000	 15.9898	 6.1194	 0.4418	 0.0000	 0.5331	 0.5885	 64.0000	 0.0000	 14.090	 9999.000	 0.9527	 0.0000	 0.4202	 0.0000	 0.3173	 0.9887	 15.9897	 11.4641	 19.7896	 1.0449	 0.1000	
m80103c2r8.htb	   0.0	  0.03	 2.000	  0.00	 -20.00	 35.00	    19.4300	 4.4727	 0.0000	 1.9168	 0.8955	 0.5714	 0.0004	 0.4989	 0.4272	 64.0000	 0.0000	 17.310	 9999.000	 0.9070	 0.0001	 0.2588	 0.0000	 0.2323	 0.9938	 1.9168	 2.5560	 19.4345	 1.8759	 0.0010	
m80103c3r8.htb	   0.0	  0.03	 2.000	  8.00	 -10.00	 30.00	    19.0800	 21.5624	 0.0000	 9.6501	 8.3582	 0.5803	 0.0000	 0.6278	 0.5052	 64.0000	 0.0000	 14.990	 9999.000	 0.9566	 0.0000	 0.6047	 0.0000	 0.7653	 0.9430	 9.6472	 11.9152	 19.0815	 1.2891	 0.1000	
m80103c4r8.htb	 120.0	  0.03	 2.000	 -8.00	 -15.00	 30.00	    21.0200	 26.6716	 0.0000	 17.8041	 15.6219	 0.3855	 0.0000	 0.5323	 0.4984	 64.0000	 0.0000	 16.650	 9999.000	 0.9514	 0.0000	 0.3470	 0.0000	 0.2754	 0.9913	 17.8041	 8.8675	 21.0221	 1.3279	 0.0273	
m80104c1r8.htb	   0.0	  0.03	 2.000	 -10.00	 -10.00	 25.00	    15.6300	 2.5261	 0.0000	 1.6883	 0.0000	 0.3889	 0.6755	 0.1855	 0.7462	 64.0000	 0.0000	 9999.000	 9999.000	 0.7575	 0.0023	 0.0246	 0.0354	 0.0362	 0.9998	 1.6883	 0.8378	 15.6302	 0.6708	 0.1000	
