FILE			 PrfOR	 PrfSF	 PrfTF	 RFXctr	 RFYctr	 RFDiam	     MaxLoc	 MaxRsp	 MinLoc	 MinRsp	 Spont	 SMI		 AnovaP	 SDI		 VarTerm	 MaxX 	 MinX 	 HWHML	 HWHMR	 RsqMn	 PMean	 RsqRaw	 Praw		 Chi2		 ChiP		 Brat		 Ampl		 Peak		 SD		 Offst		
m70723c1r8.htb	   0.0	  0.03	 2.000	 -8.00	 -8.00	 30.00	    12.2200	 3.6103	 0.0000	 2.2921	 1.6915	 0.4145	 0.0014	 0.3375	 0.4732	 64.0000	 0.0000	 9999.000	 9999.000	 0.5972	 0.0146	 0.0806	 0.0001	 0.6479	 0.9576	 2.2921	 1.3183	 12.2245	 0.9492	 0.1000	
m70524c1r8.htb	   0.0	  0.03	 2.000	  0.00	 -15.00	 40.00	    0.3300	 12.6098	 64.0000	 8.9730	 2.7861	 0.4176	 0.0124	 0.4470	 0.5765	 64.0000	 0.0000	 9999.000	 9999.000	 0.3227	 0.1105	 0.0669	 0.0138	 1.2098	 0.8765	 4.1023	 8.5075	 0.3311	 4.9538	 0.0110	
m70524c3r8.htb	   0.0	  0.03	 2.000	  0.00	  5.00	 30.00	    22.2300	 7.9981	 0.0000	 4.5339	 0.6219	 0.4292	 0.0341	 0.3170	 0.7124	 64.0000	 0.0000	 8.180	 12.880	 0.8643	 0.0003	 0.1046	 0.0001	 0.1776	 0.9963	 4.5339	 3.4642	 22.2264	 0.3866	 0.1000	
m70525c1r8.htb	   0.0	  0.03	 1.000	  0.00	 -5.00	 40.00	    5.0700	 12.5938	 0.0000	 6.9792	 0.5970	 0.4816	 0.0003	 0.4887	 0.5269	 64.0000	 0.0000	 4.310	 25.530	 0.7032	 0.0047	 0.2045	 0.0000	 0.9771	 0.9133	 6.7432	 5.8506	 5.0725	 1.5572	 0.1000	
m70529c1r8.htb	   0.0	  0.03	 2.000	 -10.00	  8.00	 40.00	    3.8900	 3.7122	 0.0000	 1.4374	 0.7960	 0.6548	 0.0119	 0.4516	 0.5778	 64.0000	 0.0000	 1.700	 2.950	 0.9113	 0.0001	 0.1899	 0.0000	 0.2579	 0.9924	 1.4374	 2.2748	 3.8940	 0.4671	 0.1000	
m70529c2r8.htb	   0.0	  0.03	 2.000	  5.00	  5.00	 25.00	    2.7800	 26.1521	 0.0000	 12.8688	 5.8706	 0.4611	 0.0053	 0.4735	 0.7030	 64.0000	 0.0000	 0.750	 1.010	 0.7045	 0.0047	 0.1612	 0.0001	 0.5930	 0.9638	 12.8688	 13.2836	 2.7759	 0.2606	 0.0010	
m70530c1r8.htb	   0.0	  0.03	 2.000	 -10.00	  5.00	 32.00	    14.3700	 1.7601	 0.0000	 0.9408	 0.0249	 0.4487	 0.0806	 0.2535	 0.5685	 64.0000	 0.0000	 9999.000	 9999.000	 0.7663	 0.0020	 0.0594	 0.0010	 0.1312	 0.9979	 0.9408	 0.8194	 14.3728	 0.6630	 0.0010	
m70601c1r8.htb	   0.0	  0.03	 2.000	  0.00	 -15.00	 30.00	    2.0200	 10.5964	 0.0000	 6.2872	 3.8806	 0.4879	 0.0208	 0.4167	 0.6631	 64.0000	 0.0000	 1.190	 2.830	 0.7474	 0.0026	 0.1447	 0.0002	 0.4828	 0.9752	 6.2872	 4.3092	 2.0168	 0.7426	 0.0010	
m70605c1r8.htb	   0.0	  0.03	 2.000	  5.00	 12.00	 30.00	    26.1400	 1.9088	 0.0000	 0.6051	 0.1990	 0.7429	 0.1731	 0.3671	 0.5668	 64.0000	 0.0000	 9999.000	 9999.000	 0.4649	 0.0431	 0.0597	 0.0203	 0.7122	 0.9498	 0.6051	 1.3037	 26.1428	 0.1991	 0.0795	
m70607c1r8.htb	   0.0	  0.03	 2.000	  5.00	 -2.00	 30.00	    2.5600	 1.3988	 0.0000	 0.6458	 0.1493	 0.5833	 0.2342	 0.3329	 0.4445	 64.0000	 0.0000	 9999.000	 9999.000	 0.5958	 0.0148	 0.0698	 0.0119	 0.4611	 0.9772	 0.0000	 1.3988	 2.5555	 4.8636	 0.0061	
m70607c2r8.htb	   0.0	  0.03	 2.000	  5.00	 -8.00	 20.00	    9.6200	 5.5867	 0.0000	 1.8831	 0.1990	 0.7459	 0.0000	 0.5015	 0.5842	 64.0000	 0.0000	 7.360	 30.100	 0.8474	 0.0004	 0.2915	 0.0000	 2.5303	 0.6392	 1.8806	 3.7061	 9.6231	 1.1977	 0.1000	
m70607c3r8.htb	   0.0	  0.03	 2.000	  5.00	 -10.00	 20.00	    11.0000	 23.4855	 0.0000	 10.2641	 7.4129	 0.5952	 0.0000	 0.6165	 0.5600	 64.0000	 0.0000	 8.910	 44.860	 0.9673	 0.0000	 0.5051	 0.0000	 0.2862	 0.9907	 10.2260	 13.2595	 10.9984	 1.3767	 0.1000	
m70608c1r8.htb	   0.0	  0.03	 2.000	  0.00	  0.00	 60.00	    1.2000	 6.5602	 0.0000	 4.0835	 1.6915	 0.3784	 0.2207	 0.3642	 0.4238	 64.0000	 0.0000	 9999.000	 9999.000	 0.4133	 0.0618	 0.0494	 0.0353	 0.6092	 0.9620	 4.0835	 2.4772	 1.2037	 0.1437	 0.0999	
m70608c1r21.htb	   0.0	  0.03	 2.000	  0.00	  0.00	 60.00	    64.0000	 3.6141	 0.0000	 2.7768	 1.5423	 0.2593	 0.9672	 0.2403	 0.4942	 64.0000	 0.0000	 9999.000	 9999.000	 0.6893	 0.0056	 0.0192	 0.1923	 0.1345	 0.9978	 2.0504	 1.5672	 119.8066	 9.4297	 0.0010	
m70609c1r8.htb	 120.0	  0.03	 2.000	  0.00	  0.00	 70.00	    17.3900	 8.7502	 0.0000	 6.3859	 4.6269	 0.2921	 0.0006	 0.4605	 0.2878	 64.0000	 0.0000	 11.660	 35.220	 0.8872	 0.0001	 0.2467	 0.0000	 0.3786	 0.9842	 6.3859	 2.3643	 17.3886	 0.9401	 0.0010	
m70609c1r18.htb	 120.0	  0.03	 2.000	  8.00	 -5.00	 40.00	    7.2300	 6.6541	 0.0000	 4.6031	 4.5274	 0.3037	 0.0880	 0.3484	 0.4103	 64.0000	 0.0000	 9999.000	 9999.000	 0.9388	 0.0000	 0.1420	 0.0003	 0.0641	 0.9995	 4.6031	 2.0510	 7.2310	 0.9470	 0.0010	
m70609c2r8.htb	 120.0	  0.03	 2.000	  0.00	  8.00	 30.00	    6.7500	 3.0014	 0.0000	 1.4984	 2.1891	 0.5405	 0.0077	 0.4689	 0.3838	 64.0000	 0.0000	 9999.000	 9999.000	 0.6644	 0.0074	 0.1459	 0.0002	 0.7848	 0.9405	 1.4768	 1.5246	 6.7476	 1.4487	 0.1000	
m70609c2r18.htb	 120.0	  0.03	 2.000	 -10.00	 10.00	 40.00	    22.3200	 2.4834	 0.0000	 1.6292	 1.2438	 0.4237	 0.2196	 0.3797	 0.3731	 64.0000	 0.0000	 9999.000	 9999.000	 0.6612	 0.0077	 0.0791	 0.0072	 0.6640	 0.9557	 1.6273	 0.8561	 22.3206	 1.5475	 0.1000	
m70611c2r8.htb	 120.0	  0.03	 2.000	  0.00	 -3.00	 30.00	    2.3200	 37.0194	 0.0000	 26.2889	 14.3781	 0.2893	 0.0005	 0.4664	 0.5779	 64.0000	 0.0000	 1.350	 3.160	 0.9311	 0.0000	 0.2627	 0.0000	 0.2326	 0.9937	 26.2889	 10.7306	 2.3243	 0.7266	 0.0010	
m70611c2r18.htb	 120.0	  0.03	 2.000	  0.00	 -3.00	 30.00	    2.9300	 33.1238	 0.0000	 21.0499	 13.4826	 0.3829	 0.0000	 0.5243	 0.5949	 64.0000	 0.0000	 2.580	 20.690	 0.8673	 0.0003	 0.2895	 0.0000	 0.6776	 0.9541	 21.0495	 12.0743	 2.9308	 1.7717	 0.0010	
m70611c1r8.htb	 120.0	  0.03	 2.000	 -5.00	 -10.00	 30.00	    20.8500	 9.7892	 0.0000	 4.3001	 1.6418	 0.5869	 0.0000	 0.5555	 0.4724	 64.0000	 0.0000	 19.120	 9999.000	 0.9408	 0.0000	 0.3582	 0.0000	 0.3341	 0.9875	 4.0553	 5.7339	 20.8529	 2.1281	 0.1000	
m70611c1r18.htb	 120.0	  0.03	 2.000	 -5.00	 -10.00	 30.00	    13.5200	 9.3283	 0.0000	 4.4398	 1.8905	 0.5445	 0.0000	 0.5476	 0.4192	 64.0000	 0.0000	 11.290	 9999.000	 0.9532	 0.0000	 0.3891	 0.0000	 0.7692	 0.9425	 4.4173	 4.9110	 13.5209	 1.4977	 0.1000	
m70612c1r8.htb	   0.0	  0.03	 2.000	  0.00	 -8.00	 30.00	    2.3800	 23.6396	 0.0000	 16.6632	 8.6567	 0.3241	 0.0210	 0.4306	 0.6120	 64.0000	 0.0000	 2.050	 13.840	 0.8003	 0.0011	 0.1547	 0.0001	 0.4365	 0.9794	 16.6631	 6.9765	 2.3789	 1.6296	 0.0010	
m70612c1r18.htb	   0.0	  0.03	 2.000	  0.00	 -8.00	 30.00	    2.2500	 21.5010	 0.0000	 12.4735	 9.1045	 0.4600	 0.0003	 0.5279	 0.6438	 64.0000	 0.0000	 2.120	 26.680	 0.7859	 0.0014	 0.2319	 0.0000	 1.5765	 0.8130	 8.8240	 12.6771	 2.2475	 2.7091	 0.0317	
m70612c2r8.htb	   0.0	  0.03	 2.000	  0.00	 -7.00	 30.00	    7.5100	 15.7931	 0.0000	 10.8257	 4.8259	 0.3867	 0.0081	 0.4552	 0.5145	 64.0000	 0.0000	 9999.000	 9999.000	 0.5260	 0.0270	 0.1147	 0.0011	 4.5187	 0.3403	 10.8256	 4.9674	 7.5078	 1.7380	 0.0010	
m70612c2r18.htb	   0.0	  0.03	 2.000	  0.00	 -7.00	 30.00	    1.8900	 18.3265	 0.0000	 11.4951	 6.0199	 0.3807	 0.0102	 0.4372	 0.6641	 64.0000	 0.0000	 1.450	 5.940	 0.9555	 0.0000	 0.2029	 0.0000	 0.2559	 0.9925	 11.4951	 6.8314	 1.8882	 1.2065	 0.0010	
m70613c2r8.htb	 180.0	  0.03	 2.000	  5.00	  0.00	 40.00	    0.0900	 7.4281	 64.0000	 5.0401	 3.1343	 0.2645	 0.7313	 0.3045	 0.4085	 64.0000	 0.0000	 9999.000	 9999.000	 0.3757	 0.0792	 0.0227	 0.1559	 0.3126	 0.9890	 5.0401	 2.3881	 0.0905	 0.7965	 0.0390	
m70613c2r18.htb	 180.0	  0.03	 2.000	  5.00	  0.00	 40.00	    6.1300	 9.5624	 0.0000	 7.2490	 4.4279	 0.1802	 0.8850	 0.2585	 0.4016	 64.0000	 0.0000	 9999.000	 9999.000	 0.7294	 0.0034	 0.0313	 0.0955	 0.0921	 0.9990	 7.2490	 2.3134	 6.1260	 0.2263	 0.1000	
m70613c1r8.htb	   0.0	  0.03	 2.000	  0.00	  0.00	 50.00	    1.2300	 3.3788	 0.0000	 2.4111	 1.7413	 0.3380	 0.1140	 0.3494	 0.3209	 64.0000	 0.0000	 9999.000	 9999.000	 0.8545	 0.0004	 0.1221	 0.0007	 0.2016	 0.9952	 2.4111	 0.9677	 1.2320	 0.8451	 0.0010	
m70613c1r18.htb	   0.0	  0.03	 2.000	  0.00	  0.00	 50.00	    1.0500	 4.8055	 64.0000	 3.3032	 1.8905	 0.3368	 0.1420	 0.3530	 0.4349	 64.0000	 0.0000	 9999.000	 9999.000	 0.6581	 0.0080	 0.0891	 0.0043	 0.4854	 0.9749	 3.3032	 1.5023	 1.0473	 0.6385	 0.1000	
m70618c1r8.htb	   0.0	  0.03	 2.000	  8.00	  3.00	 30.00	    3.2300	 12.3308	 0.0000	 10.2440	 8.0597	 0.2362	 0.4934	 0.3455	 0.4491	 64.0000	 0.0000	 9999.000	 9999.000	 0.6407	 0.0096	 0.0541	 0.0274	 0.2552	 0.9925	 10.2234	 2.1074	 3.2308	 1.1524	 0.1000	
m70618c1r18.htb	   0.0	  0.03	 2.000	  8.00	  3.00	 30.00	    3.9700	 14.0067	 0.0000	 11.8189	 7.1144	 0.2400	 0.1853	 0.3440	 0.4812	 64.0000	 0.0000	 9999.000	 9999.000	 0.3200	 0.1124	 0.0403	 0.0578	 1.1516	 0.8860	 11.7851	 2.2216	 3.9662	 1.2808	 0.1000	
m70619c1r8.htb	   0.0	  0.03	 2.000	 -5.00	  5.00	 30.00	    6.3000	 2.6059	 0.0000	 1.7737	 1.7910	 0.3500	 0.5284	 0.3310	 0.3834	 64.0000	 0.0000	 9999.000	 9999.000	 0.5626	 0.0199	 0.0455	 0.0436	 0.3852	 0.9837	 1.7729	 0.8329	 6.2994	 1.5536	 0.0190	
m70619c1r18.htb	   0.0	  0.03	 2.000	  5.00	  0.00	 40.00	    1.1700	 8.9557	 64.0000	 7.2588	 5.5224	 0.2637	 0.0846	 0.4172	 0.3099	 64.0000	 0.0000	 9999.000	 9999.000	 0.7898	 0.0014	 0.1205	 0.0008	 0.2873	 0.9906	 7.2588	 1.6969	 1.1699	 0.6806	 0.1000	
m70621c2r8.htb	   0.0	  0.03	 2.000	 -8.00	  5.00	 30.00	    11.3800	 2.6202	 0.0000	 1.5008	 0.8955	 0.3488	 0.9245	 0.2053	 0.4875	 64.0000	 0.0000	 9999.000	 9999.000	 0.4871	 0.0366	 0.0179	 0.2081	 0.2259	 0.9941	 1.5008	 1.1194	 11.3822	 0.2337	 0.0010	
m70621c2r18.htb	   0.0	  0.03	 2.000	  8.00	  5.00	 30.00	    12.4800	 3.1139	 0.0000	 1.6207	 1.0945	 0.5000	 0.1283	 0.3908	 0.5524	 64.0000	 0.0000	 9999.000	 9999.000	 0.5823	 0.0168	 0.0809	 0.0066	 1.0109	 0.9081	 1.5490	 1.5649	 12.4758	 1.9470	 0.1000	
m70622c1r8.htb	   0.0	  0.03	 2.000	  5.00	  8.00	 30.00	    64.0000	 15.4313	 0.0000	 8.7002	 4.4776	 0.4565	 0.0005	 0.4667	 0.6187	 64.0000	 0.0000	 58.240	 9999.000	 0.8491	 0.0004	 0.2396	 0.0000	 0.4820	 0.9752	 8.7002	 6.7512	 75.7572	 2.1820	 0.0010	
m70622c1r18.htb	   0.0	  0.03	 2.000	  0.00	  0.00	 30.00	    64.0000	 13.8873	 0.0000	 9.3495	 4.5274	 0.4755	 0.0050	 0.4820	 0.5657	 64.0000	 0.0000	 48.750	 9999.000	 0.7447	 0.0027	 0.1716	 0.0000	 0.8710	 0.9287	 9.3495	 4.8926	 122.9662	 1.6829	 0.0010	
m70625c1r8.htb	   0.0	  0.03	 2.000	  8.00	 -8.00	 30.00	    17.6300	 9.0807	 0.0000	 4.9442	 1.6418	 0.5204	 0.0001	 0.4963	 0.4906	 64.0000	 0.0000	 13.380	 9999.000	 0.8878	 0.0001	 0.2748	 0.0000	 0.4447	 0.9787	 4.9439	 4.1369	 17.6298	 1.1900	 0.1000	
m70625c1r18.htb	   0.0	  0.03	 2.000	  0.00	 -2.00	 30.00	    11.2000	 14.1208	 0.0000	 8.8676	 2.8358	 0.4390	 0.0144	 0.4442	 0.5497	 64.0000	 0.0000	 9999.000	 9999.000	 0.5506	 0.0221	 0.1120	 0.0013	 0.9359	 0.9193	 8.8676	 5.2532	 11.1955	 0.3200	 0.1000	
m70625c2r8.htb	   0.0	  0.03	 2.000	 -3.00	  5.00	 30.00	    28.6300	 9.7514	 0.0000	 4.5942	 1.9900	 0.5920	 0.0000	 0.5240	 0.5255	 64.0000	 0.0000	 18.500	 9999.000	 0.9070	 0.0001	 0.3472	 0.0000	 0.6135	 0.9616	 4.5942	 5.1573	 28.6305	 0.8812	 0.0010	
m70625c2r18.htb	   0.0	  0.03	 2.000	  0.00	 -5.00	 30.00	    8.4500	 11.1901	 0.0000	 7.2984	 3.0348	 0.4553	 0.0486	 0.4167	 0.5967	 64.0000	 0.0000	 3.340	 5.490	 0.7222	 0.0037	 0.1224	 0.0007	 0.6238	 0.9604	 7.2984	 3.8917	 8.4465	 0.4246	 0.0010	
m70626c1r8.htb	   0.0	  0.03	 2.000	  8.00	  5.00	 25.00	    11.7400	 3.5888	 0.0000	 1.9658	 1.6915	 0.4074	 0.3688	 0.3180	 0.4147	 64.0000	 0.0000	 9999.000	 9999.000	 0.2446	 0.1759	 0.0241	 0.1443	 0.9615	 0.9156	 1.9658	 1.6230	 11.7431	 0.2134	 0.0089	
m70626c1r18.htb	   0.0	  0.03	 2.000	  8.00	  5.00	 50.00	    2.9700	 0.9721	 0.0000	 0.3566	 0.4975	 0.6667	 0.0804	 0.2984	 0.4756	 64.0000	 0.0000	 9999.000	 9999.000	 0.7079	 0.0045	 0.1091	 0.0015	 0.3656	 0.9852	 0.3566	 0.6155	 2.9724	 1.1642	 0.0010	
m70628c1r8.htb	   0.0	  0.03	 2.000	 -10.00	 -10.00	 30.00	    33.3000	 5.3852	 0.0000	 1.7666	 0.5970	 0.7679	 0.0000	 0.5324	 0.5607	 64.0000	 0.0000	 15.110	 27.650	 0.8421	 0.0005	 0.2851	 0.0000	 1.2475	 0.8702	 1.7666	 3.6186	 33.3036	 0.5130	 0.0010	
m70628c1r18.htb	   0.0	  0.03	 2.000	 -10.00	 -10.00	 30.00	    43.8300	 14.0430	 0.0000	 4.4891	 2.1393	 0.6842	 0.0000	 0.6200	 0.4784	 64.0000	 0.0000	 22.080	 9999.000	 0.9882	 0.0000	 0.6347	 0.0000	 0.3034	 0.9896	 4.4891	 9.5540	 43.8301	 0.5926	 0.1000	
m70703c1r8.htb	   0.0	  0.03	 2.000	  0.00	 -10.00	 30.00	    4.2600	 4.0398	 0.0000	 3.1310	 0.8955	 0.3053	 0.5780	 0.3138	 0.4180	 64.0000	 0.0000	 9999.000	 9999.000	 0.3726	 0.0808	 0.0283	 0.1132	 0.4741	 0.9760	 1.8757	 2.1642	 4.2644	 8.0085	 0.0010	
m70703c2r8.htb	   0.0	  0.03	 2.000	  0.00	 -5.00	 30.00	    40.4000	 5.1017	 0.0000	 3.2297	 3.3831	 0.4312	 0.3544	 0.2992	 0.6272	 64.0000	 0.0000	 9999.000	 9999.000	 0.7514	 0.0025	 0.0752	 0.0089	 0.1980	 0.9954	 3.2297	 1.8720	 40.4000	 0.9573	 0.0010	
m70705c1r8.htb	   0.0	  0.03	 2.000	 -8.00	  5.00	 30.00	    18.5400	 1.8151	 0.0000	 0.9153	 0.6468	 0.5349	 0.1984	 0.3583	 0.4487	 64.0000	 0.0000	 9999.000	 9999.000	 0.7930	 0.0013	 0.0979	 0.0027	 0.5897	 0.9642	 0.9153	 0.8998	 18.5365	 1.2676	 0.0010	
m70705c1r18.htb	   0.0	  0.03	 2.000	 -8.00	  5.00	 30.00	    9.7200	 1.2230	 0.0000	 1.0541	 0.8955	 0.6170	 0.0087	 0.3747	 0.5373	 64.0000	 0.0000	 9999.000	 9999.000	 0.0029	 0.8911	 0.0006	 0.8156	 1.6081	 0.8073	 1.0541	 0.1689	 9.7182	 0.1180	 0.0015	
m70705c1r28.htb	   0.0	  0.03	 2.000	 -8.00	  5.00	 30.00	    37.4400	 1.5787	 0.0000	 0.6434	 0.7463	 0.6154	 0.2228	 0.3203	 0.5522	 64.0000	 0.0000	 9999.000	 9999.000	 0.8971	 0.0001	 0.1068	 0.0017	 0.0573	 0.9996	 0.6425	 0.9362	 37.4411	 1.5944	 0.1000	
m70705c1r38.htb	   0.0	  0.03	 2.000	 -8.00	  5.00	 30.00	    64.0000	 3.1629	 0.0000	 1.1458	 1.8905	 0.7558	 0.0061	 0.4811	 0.5851	 64.0000	 0.0000	 9999.000	 9999.000	 0.6461	 0.0090	 0.1456	 0.0002	 1.1685	 0.8833	 1.1458	 2.3143	 256.0000	 2.6437	 0.0010	
m70706c2r8.htb	   0.0	  0.03	 4.000	 -5.00	 -5.00	 30.00	    38.2900	 15.7834	 0.0000	 7.2475	 3.4826	 0.6101	 0.0000	 0.5120	 0.7522	 64.0000	 0.0000	 29.930	 9999.000	 0.9010	 0.0001	 0.3560	 0.0000	 0.5747	 0.9658	 7.2475	 8.5360	 38.2922	 1.2904	 0.0010	
m70709c1r8.htb	   0.0	  0.03	 2.000	 -2.00	  0.00	 30.00	    15.2900	 4.1564	 0.0000	 3.7185	 1.4925	 0.2473	 0.9368	 0.2437	 0.4060	 64.0000	 0.0000	 9999.000	 9999.000	 0.4565	 0.0458	 0.0158	 0.2375	 0.2043	 0.9951	 3.7185	 0.4379	 15.2908	 1.4502	 0.0010	
m70709c2r8.htb	   0.0	  0.03	 2.000	 -8.00	  0.00	 30.00	    64.0000	 5.8220	 0.0000	 4.0540	 2.7861	 0.3280	 0.1299	 0.3931	 0.3614	 64.0000	 0.0000	 9999.000	 9999.000	 0.7250	 0.0036	 0.1004	 0.0023	 0.3749	 0.9845	 2.7631	 3.0597	 73.6196	 5.9381	 0.0301	
m70709c3r8.htb	   0.0	  0.03	 2.000	 -10.00	  6.00	 30.00	    15.5000	 2.3616	 0.0000	 1.2833	 1.1940	 0.5208	 0.2746	 0.3523	 0.4858	 64.0000	 0.0000	 9999.000	 9999.000	 0.5460	 0.0229	 0.0605	 0.0194	 0.4563	 0.9776	 1.2833	 1.0783	 15.5021	 0.4938	 0.0010	
m70710c1r8.htb	 180.0	  0.03	 2.000	 -5.00	 -10.00	 30.00	    12.7500	 7.9213	 0.0000	 3.8482	 2.0398	 0.5455	 0.0000	 0.5387	 0.4079	 64.0000	 0.0000	 10.290	 9999.000	 0.9446	 0.0000	 0.3489	 0.0000	 0.4085	 0.9818	 3.8407	 4.0806	 12.7507	 1.3687	 0.1000	
m70710c2r8.htb	 180.0	  0.03	 2.000	  0.00	  0.00	 30.00	    1.0200	 18.5652	 64.0000	 12.3225	 8.8060	 0.4136	 0.0000	 0.5736	 0.3877	 64.0000	 0.0000	 9999.000	 13.740	 0.7199	 0.0038	 0.2950	 0.0000	 2.1642	 0.7056	 6.7742	 11.7910	 1.0186	 3.2970	 0.1000	
m70711c1r8.htb	   0.0	  0.03	 2.000	  0.00	  8.00	 30.00	    8.5300	 14.8381	 0.0000	 11.9651	 8.7065	 0.2393	 0.0454	 0.3767	 0.4036	 64.0000	 0.0000	 9999.000	 9999.000	 0.5622	 0.0200	 0.0965	 0.0029	 1.0438	 0.9031	 11.9625	 2.8755	 8.5320	 1.1887	 0.1000	
m70711c2r8.htb	   0.0	  0.03	 2.000	 -5.00	  5.00	 30.00	    47.2600	 9.6007	 0.0000	 6.1780	 3.0348	 0.4031	 0.0018	 0.4318	 0.4611	 64.0000	 0.0000	 27.700	 9999.000	 0.7673	 0.0020	 0.1948	 0.0000	 0.8066	 0.9376	 6.1780	 3.4228	 47.2572	 0.7486	 0.0010	
m70712c1r8.htb	   0.0	  0.03	 2.000	 -5.00	  5.00	 30.00	    46.9200	 15.2381	 0.0000	 6.1598	 1.8905	 0.6246	 0.0000	 0.6226	 0.4686	 64.0000	 0.0000	 38.180	 9999.000	 0.9715	 0.0000	 0.6001	 0.0000	 0.4823	 0.9752	 6.1590	 9.0790	 46.9184	 1.4180	 0.1000	
m70717c3r8.htb	   0.0	  0.03	 2.000	  0.00	  5.00	 30.00	    64.0000	 5.2104	 0.0000	 2.0448	 1.5920	 0.5913	 0.0118	 0.4423	 0.5825	 64.0000	 0.0000	 59.560	 9999.000	 0.9190	 0.0000	 0.1918	 0.0000	 0.1593	 0.9970	 2.0427	 3.4724	 256.0000	 3.2345	 0.0010	
m70718c1r8.htb	   0.0	  0.03	 2.000	  2.00	  5.00	 30.00	    3.1300	 23.4754	 0.0000	 16.4605	 5.3731	 0.2333	 0.2406	 0.3577	 0.5153	 64.0000	 0.0000	 9999.000	 9999.000	 0.5122	 0.0301	 0.0595	 0.0205	 0.5083	 0.9727	 16.4605	 7.0149	 3.1326	 0.2012	 0.1000	
m70718c2r8.htb	  90.0	  0.03	 2.000	  0.00	 -5.00	 30.00	    20.0700	 14.1501	 0.0000	 7.9169	 6.3184	 0.4513	 0.0000	 0.5084	 0.4594	 64.0000	 0.0000	 11.930	 29.090	 0.9736	 0.0000	 0.3942	 0.0000	 0.1709	 0.9966	 7.9169	 6.2332	 20.0657	 0.7582	 0.1000	
m70718c3r8.htb	  90.0	  0.03	 2.000	  0.00	  2.00	 30.00	    64.0000	 2.5402	 0.0000	 0.8407	 0.7960	 0.7251	 0.0000	 0.4600	 0.5356	 64.0000	 0.0000	 40.720	 9999.000	 0.9043	 0.0001	 0.1663	 0.0000	 0.2866	 0.9907	 0.8407	 1.7269	 76.5072	 0.9961	 0.1000	
m70719c1r8.htb	  90.0	  0.03	 2.000	  5.00	  5.00	 30.00	    31.8600	 30.0252	 0.0000	 17.1504	 8.2587	 0.4337	 0.0000	 0.6273	 0.4078	 64.0000	 0.0000	 29.650	 9999.000	 0.9542	 0.0000	 0.5667	 0.0000	 0.5737	 0.9659	 16.5802	 13.4449	 31.8587	 2.2938	 0.1000	
m70719c2r8.htb	  90.0	  0.03	 2.000	 -5.00	  0.00	 30.00	    19.3500	 33.1905	 0.0000	 19.0585	 12.5871	 0.4362	 0.0000	 0.6214	 0.4560	 64.0000	 0.0000	 18.070	 9999.000	 0.9592	 0.0000	 0.5089	 0.0000	 0.7927	 0.9394	 18.3324	 14.8581	 19.3455	 2.3437	 0.0612	
m70719c3r8.htb	  90.0	  0.03	 2.000	 -5.00	 -5.00	 30.00	    64.0000	 26.2929	 0.0000	 15.4213	 10.9950	 0.3771	 0.2182	 0.3625	 1.1054	 64.0000	 0.0000	 9999.000	 9999.000	 0.8928	 0.0001	 0.1070	 0.0016	 0.1156	 0.9984	 15.2016	 11.4893	 125.6160	 2.5369	 0.1000	
m70720c1r8.htb	  90.0	  0.03	 2.000	 -5.00	  0.00	 30.00	    64.0000	 21.9467	 0.0000	 17.0942	 7.2139	 0.2591	 0.0502	 0.4309	 0.4456	 64.0000	 0.0000	 9999.000	 9999.000	 0.6789	 0.0063	 0.1144	 0.0011	 0.5819	 0.9651	 12.9230	 9.0299	 89.8963	 9.1776	 0.0010	
m70720c2r8.htb	   0.0	  0.03	 2.000	 -5.00	 -2.00	 30.00	    11.2200	 27.7167	 0.0000	 17.6743	 7.9602	 0.3342	 0.0000	 0.4271	 0.6968	 64.0000	 0.0000	 9.600	 9999.000	 0.9040	 0.0001	 0.1979	 0.0000	 0.2147	 0.9946	 17.6743	 10.0424	 11.2215	 1.6371	 0.0010	
m70723c1r8.htb	   0.0	  0.03	 2.000	 -8.00	 -8.00	 30.00	    12.2200	 3.6103	 0.0000	 2.2921	 1.6915	 0.4145	 0.0014	 0.3375	 0.4732	 64.0000	 0.0000	 9999.000	 9999.000	 0.5972	 0.0146	 0.0806	 0.0001	 0.6479	 0.9576	 2.2921	 1.3183	 12.2243	 0.9492	 0.1000	
m70723c1r18.htb	   0.0	  0.03	 2.000	 -8.00	 -8.00	 30.00	    3.9400	 3.5269	 0.0000	 2.8285	 2.2388	 0.3103	 0.9220	 0.2726	 0.4608	 64.0000	 0.0000	 9999.000	 9999.000	 0.2579	 0.1628	 0.0129	 0.3485	 0.3313	 0.9877	 2.8285	 0.6985	 3.9436	 0.1010	 0.0998	
m70723c1r28.htb	   0.0	  0.03	 2.000	 -8.00	 -8.00	 30.00	    3.3200	 1.2535	 0.0000	 0.4478	 0.4478	 0.7778	 0.1877	 0.3943	 0.4961	 64.0000	 0.0000	 9999.000	 9999.000	 0.5146	 0.0296	 0.0646	 0.0156	 0.6662	 0.9554	 0.4478	 0.8058	 3.3201	 0.3778	 0.0010	
m70723c1r38.htb	   0.0	  0.03	 2.000	 -8.00	 -8.00	 30.00	    4.0700	 2.8925	 0.0000	 1.8859	 2.8192	 0.5161	 0.4795	 0.3629	 0.4627	 64.0000	 0.0000	 9999.000	 9999.000	 0.4055	 0.0652	 0.0682	 0.0762	 2.5074	 0.6433	 1.8859	 1.0066	 4.0714	 0.7184	 0.0010	
m70730c1r8.htb	   0.0	  0.03	 2.000	 -5.00	  0.00	 30.00	    8.9600	 9.7956	 0.0000	 3.5499	 0.8955	 0.6224	 0.0000	 0.5581	 0.4866	 64.0000	 0.0000	 7.600	 46.600	 0.8889	 0.0001	 0.3683	 0.0000	 0.4938	 0.9741	 3.4529	 6.3427	 8.9619	 1.5586	 0.1000	
m70730c1r18.htb	   0.0	  0.03	 2.000	 -5.00	  0.00	 15.00	    8.0900	 10.0355	 0.0000	 4.4417	 1.4428	 0.5837	 0.0000	 0.5410	 0.4801	 64.0000	 0.0000	 6.660	 35.150	 0.9289	 0.0000	 0.3662	 0.0000	 0.5347	 0.9700	 4.3949	 5.6405	 8.0924	 1.4232	 0.1000	
m70730c1r28.htb	   0.0	  0.03	 2.000	 -5.00	  0.00	 60.00	    2.9500	 9.7336	 0.0000	 6.8171	 1.2438	 0.3600	 0.0680	 0.4213	 0.4962	 64.0000	 0.0000	 9999.000	 9999.000	 0.4434	 0.0502	 0.0707	 0.0113	 0.9657	 0.9150	 3.6889	 6.0448	 2.9487	 6.9607	 0.0010	
m70730c1r38.htb	   0.0	  0.03	 2.000	 -5.00	  0.00	 80.00	    1.6900	 7.5848	 0.0000	 5.8756	 1.1443	 0.3240	 0.2027	 0.3614	 0.4765	 64.0000	 0.0000	 9999.000	 9999.000	 0.3225	 0.1107	 0.0395	 0.0602	 0.8012	 0.9383	 3.2565	 4.3284	 1.6916	 7.4165	 0.0010	
m70730c2r8.htb	   0.0	  0.03	 2.000	  0.00	 -5.00	 30.00	    0.6700	 21.0980	 0.0000	 16.3894	 6.6667	 0.2089	 0.0619	 0.3979	 0.3737	 64.0000	 0.0000	 9999.000	 9999.000	 0.4750	 0.0400	 0.0771	 0.0081	 0.9495	 0.9173	 16.3894	 4.7087	 0.6713	 0.2560	 0.0100	
m70730c2r18.htb	   0.0	  0.03	 2.000	  0.00	 -5.00	 15.00	    1.3700	 17.5458	 64.0000	 14.9618	 7.8109	 0.2177	 0.4859	 0.3096	 0.5445	 64.0000	 0.0000	 9999.000	 9999.000	 0.4395	 0.0516	 0.0375	 0.0676	 0.6913	 0.9524	 11.5010	 6.0448	 1.3742	 3.5718	 0.1000	
m70730c2r28.htb	   0.0	  0.03	 2.000	  0.00	 -5.00	 60.00	    0.4900	 16.9793	 64.0000	 14.8337	 8.4577	 0.1931	 0.3659	 0.3331	 0.4383	 64.0000	 0.0000	 9999.000	 9999.000	 0.4570	 0.0456	 0.0451	 0.0444	 0.5794	 0.9653	 14.8337	 2.1457	 0.4864	 0.9159	 0.0125	
m70730c2r38.htb	   0.0	  0.03	 2.000	  0.00	 -5.00	 80.00	    0.7800	 20.6256	 0.0000	 15.1032	 7.8109	 0.2005	 0.2293	 0.3770	 0.3861	 64.0000	 0.0000	 9999.000	 9999.000	 0.8554	 0.0004	 0.1009	 0.0023	 0.1757	 0.9964	 15.1032	 5.5224	 0.7796	 0.2054	 0.1000	
m70731c1r8.htb	   0.0	  0.03	 2.000	 -2.00	  0.00	 30.00	    16.5000	 6.2227	 0.0000	 2.7044	 0.6965	 0.5735	 0.0000	 0.5306	 0.4073	 64.0000	 0.0000	 13.260	 9999.000	 0.8924	 0.0001	 0.3630	 0.0000	 0.7769	 0.9415	 2.7044	 3.5183	 16.5030	 1.3793	 0.0010	
m70731c1r18.htb	   0.0	  0.03	 2.000	 -2.00	  0.00	 15.00	    8.8800	 4.7701	 0.0000	 2.6198	 1.1443	 0.4184	 0.1010	 0.3603	 0.4976	 64.0000	 0.0000	 9999.000	 9999.000	 0.7612	 0.0021	 0.1118	 0.0013	 0.2649	 0.9920	 2.6163	 2.1538	 8.8818	 1.2530	 0.1000	
m70731c1r28.htb	   0.0	  0.03	 2.000	 -2.00	  0.00	 60.00	    43.2300	 7.5259	 0.0000	 2.1058	 0.5473	 0.7834	 0.0000	 0.6678	 0.3771	 256.0000	 0.0000	 26.990	 71.490	 0.9331	 0.0000	 0.6207	 0.0000	 1.5505	 0.9561	 2.1058	 5.4201	 43.2277	 0.8277	 0.1000	
m70731c1r38.htb	   0.0	  0.03	 2.000	 -2.00	  0.00	 90.00	    59.5200	 9.6230	 0.0000	 2.0028	 0.9950	 0.8413	 0.0000	 0.6934	 0.4326	 256.0000	 0.0000	 34.940	 84.300	 0.9552	 0.0000	 0.6550	 0.0000	 1.8065	 0.9366	 2.0028	 7.6202	 59.5187	 0.7484	 0.1000	
m70731c2r8.htb	   0.0	  0.03	 2.000	  2.00	 -7.00	 25.00	    14.1600	 11.4153	 0.0000	 6.8993	 5.0249	 0.4958	 0.0003	 0.5034	 0.4812	 64.0000	 0.0000	 8.900	 23.600	 0.8750	 0.0002	 0.2557	 0.0000	 1.0445	 0.9030	 6.8993	 4.5160	 14.1594	 0.8291	 0.1000	
m70731c2r18.htb	   0.0	  0.03	 2.000	  2.00	 -7.00	 12.50	    8.7500	 8.0488	 0.0000	 5.0248	 5.0580	 0.4242	 0.0912	 0.4610	 0.4173	 64.0000	 0.0000	 9999.000	 9999.000	 0.9270	 0.0000	 0.2545	 0.0002	 0.4269	 0.9802	 5.0248	 3.0240	 8.7521	 0.5237	 0.1000	
m70731c2r28.htb	   0.0	  0.03	 2.000	  2.00	 -7.00	 50.00	    29.2800	 10.4406	 0.0000	 5.3611	 2.3217	 0.4943	 0.0005	 0.5263	 0.4359	 64.0000	 0.0000	 27.800	 9999.000	 0.9644	 0.0000	 0.3081	 0.0000	 0.1883	 0.9958	 4.7715	 5.6691	 29.2783	 2.6710	 0.1000	
m70731c2r38.htb	   0.0	  0.03	 2.000	  2.00	 -7.00	 100.00	    64.0000	 12.6088	 0.0000	 7.0778	 3.4826	 0.5075	 0.0000	 0.5285	 0.4862	 64.0000	 0.0000	 56.260	 9999.000	 0.9154	 0.0001	 0.3219	 0.0000	 0.4060	 0.9820	 7.0778	 5.5573	 77.3639	 1.9472	 0.0010	
m70801c2r8.htb	   0.0	  0.03	 2.000	 -5.00	 -7.00	 30.00	    0.8200	 17.4242	 64.0000	 14.0978	 11.1940	 0.2356	 0.6594	 0.3034	 0.6386	 64.0000	 0.0000	 9999.000	 9999.000	 0.7945	 0.0013	 0.0538	 0.0278	 0.1224	 0.9982	 11.0063	 6.4179	 0.8190	 3.5702	 0.0368	
m70801c2r18.htb	   0.0	  0.03	 2.000	 -5.00	 -7.00	 15.00	    0.6600	 21.8278	 0.0000	 15.4632	 10.5030	 0.3541	 0.6480	 0.3035	 0.9398	 64.0000	 0.0000	 9999.000	 9999.000	 0.3494	 0.0937	 0.0274	 0.1426	 0.9069	 0.9236	 15.4632	 6.3648	 0.6611	 0.2291	 0.0086	
m70801c2r28.htb	   0.0	  0.03	 2.000	 -5.00	 -7.00	 60.00	    1.7000	 25.7609	 64.0000	 18.9769	 16.7910	 0.3444	 0.1557	 0.4338	 0.6790	 64.0000	 0.0000	 9999.000	 9999.000	 0.6770	 0.0065	 0.1118	 0.0041	 0.7805	 0.9410	 18.9769	 6.7841	 1.6969	 0.5067	 0.1000	
m70801c3r8.htb	   0.0	  0.03	 2.000	  5.00	  5.00	 25.00	    7.8000	 45.9287	 0.0000	 25.7791	 5.3234	 0.4219	 0.0000	 0.5580	 0.6515	 64.0000	 0.0000	 6.130	 27.130	 0.9752	 0.0000	 0.4510	 0.0000	 0.1789	 0.9962	 25.7263	 20.2024	 7.8001	 1.2668	 0.1000	
m70801c3r18.htb	   0.0	  0.03	 2.000	  5.00	  5.00	 12.50	    3.3900	 30.2320	 0.0000	 19.6803	 8.9552	 0.3547	 0.0044	 0.4012	 0.8244	 64.0000	 0.0000	 9999.000	 9999.000	 0.6639	 0.0075	 0.1550	 0.0001	 0.9857	 0.9119	 19.6803	 10.5517	 3.3934	 1.4744	 0.0010	
m70801c3r28.htb	   0.0	  0.03	 2.000	  5.00	  5.00	 50.00	    17.9300	 50.2553	 0.0000	 24.6469	 7.0647	 0.4915	 0.0000	 0.6653	 0.5135	 64.0000	 0.0000	 16.480	 9999.000	 0.9861	 0.0000	 0.6673	 0.0000	 0.2898	 0.9905	 24.6463	 25.6090	 17.9271	 2.1292	 0.0010	
m70801c3r38.htb	   0.0	  0.03	 2.000	  5.00	  5.00	 100.00	    55.2700	 46.6240	 0.0000	 23.8926	 8.8060	 0.4856	 0.0000	 0.6391	 0.5633	 64.0000	 0.0000	 51.120	 9999.000	 0.9611	 0.0000	 0.6192	 0.0000	 0.7147	 0.9495	 23.8925	 22.7315	 55.2735	 2.1963	 0.0010	
m70802c1r8.htb	   0.0	  0.03	 2.000	 -8.00	 -7.00	 30.00	    2.9900	 13.3966	 0.0000	 9.2136	 1.9403	 0.3217	 0.1744	 0.3496	 0.6946	 64.0000	 0.0000	 9999.000	 9999.000	 0.7354	 0.0031	 0.0942	 0.0033	 0.5328	 0.9702	 9.0008	 4.3958	 2.9939	 1.3946	 0.1000	
m70802c1r18.htb	   0.0	  0.03	 2.000	 -8.00	 -7.00	 15.00	    1.3900	 7.2030	 64.0000	 4.6873	 1.5423	 0.3742	 0.4461	 0.3591	 0.6083	 64.0000	 0.0000	 9999.000	 9999.000	 0.8136	 0.0009	 0.0728	 0.0101	 0.5678	 0.9666	 2.8067	 4.3964	 1.3864	 2.8883	 0.1000	
m70802c1r28.htb	   0.0	  0.03	 2.000	 -8.00	 -7.00	 60.00	    1.6500	 13.0143	 64.0000	 7.4492	 0.8458	 0.4729	 0.0003	 0.4753	 0.5524	 64.0000	 0.0000	 1.040	 2.510	 0.9160	 0.0001	 0.2720	 0.0000	 0.3528	 0.9862	 7.4492	 5.5651	 1.6505	 0.7528	 0.1000	
m70802c1r38.htb	   0.0	  0.03	 2.000	 -8.00	 -7.00	 120.00	    1.4800	 12.2597	 64.0000	 7.4816	 1.9403	 0.3849	 0.0007	 0.4251	 0.5225	 64.0000	 0.0000	 1.170	 4.760	 0.9323	 0.0000	 0.2577	 0.0000	 0.2956	 0.9901	 7.4413	 4.8184	 1.4781	 1.2083	 0.0476	
m70802c2r8.htb	   0.0	  0.03	 2.000	  2.00	 -2.00	 30.00	    7.7900	 26.2902	 0.0000	 13.0526	 2.6866	 0.4593	 0.0000	 0.5460	 0.5784	 64.0000	 0.0000	 6.710	 44.430	 0.8857	 0.0002	 0.3988	 0.0000	 2.0109	 0.7338	 12.6603	 13.6299	 7.7936	 1.6400	 0.1000	
m70802c2r38.htb	   0.0	  0.03	 2.000	  2.00	 -2.00	 120.00	    64.0000	 19.2060	 0.0000	 12.3353	 2.7363	 0.3822	 0.0445	 0.4468	 0.6191	 64.0000	 0.0000	 63.650	 9999.000	 0.7418	 0.0028	 0.1277	 0.0005	 0.5911	 0.9640	 11.4762	 7.9459	 256.0000	 5.9040	 0.0010	
m70803c1r8.htb	   0.0	  0.03	 2.000	 -7.00	  7.00	 25.00	    0.1500	 1.9801	 64.0000	 0.4204	 0.1990	 0.7333	 0.1531	 0.3202	 0.8196	 64.0000	 0.0000	 9999.000	 9999.000	 0.7174	 0.0040	 0.0953	 0.0031	 0.2066	 0.9950	 0.3355	 1.6446	 0.1492	 2.2795	 0.1000	
m70803c1r18.htb	   0.0	  0.03	 2.000	 -7.00	  7.00	 50.00	    0.5800	 2.6104	 64.0000	 0.7608	 0.6965	 0.6944	 0.0344	 0.3845	 0.6605	 64.0000	 0.0000	 9999.000	 5.070	 0.8449	 0.0005	 0.1517	 0.0001	 0.2166	 0.9945	 0.6559	 1.9545	 0.5847	 1.8766	 0.1000	
m70803c1r28.htb	   0.0	  0.03	 2.000	 -7.00	  7.00	 100.00	    1.1300	 7.2413	 64.0000	 1.3177	 1.0448	 0.7931	 0.0000	 0.4775	 0.8617	 64.0000	 0.0000	 0.800	 2.210	 0.9344	 0.0000	 0.3492	 0.0000	 0.5612	 0.9673	 1.3175	 5.9237	 1.1303	 0.8688	 0.1000	
m70803c1r38.htb	   0.0	  0.03	 2.000	 -7.00	  7.00	 25.00	    1.0500	 1.8937	 64.0000	 0.4334	 0.3483	 0.8600	 0.0587	 0.4768	 0.6131	 64.0000	 0.0000	 9999.000	 9999.000	 0.5488	 0.0224	 0.0899	 0.0041	 1.0414	 0.9035	 0.0000	 1.8937	 1.0539	 2.3393	 0.1000	
m70803c2r8.htb	   0.0	  0.03	 2.000	 -10.00	 -3.00	 30.00	    9.4800	 13.5600	 0.0000	 8.5067	 3.8806	 0.4272	 0.0715	 0.3985	 0.7024	 64.0000	 0.0000	 9999.000	 9999.000	 0.6489	 0.0088	 0.1024	 0.0021	 0.5208	 0.9714	 8.4646	 5.0954	 9.4756	 2.9565	 0.0010	
m70803c2r18.htb	   0.0	  0.03	 2.000	 -10.00	 -3.00	 60.00	    64.0000	 12.9725	 0.0000	 7.6341	 1.9403	 0.5047	 0.0007	 0.4639	 0.6822	 64.0000	 0.0000	 9999.000	 9999.000	 0.3612	 0.0869	 0.0997	 0.0024	 5.1966	 0.2677	 1.1216	 11.9403	 256.0000	 11.3097	 0.0010	
m70803c2r28.htb	   0.0	  0.03	 2.000	 -10.00	 -3.00	 120.00	    50.1300	 25.2757	 0.0000	 11.6526	 6.0697	 0.4903	 0.0011	 0.4497	 0.7816	 64.0000	 0.0000	 9999.000	 9999.000	 0.6630	 0.0075	 0.1754	 0.0000	 0.8260	 0.9349	 11.6526	 13.6231	 50.1257	 0.2426	 0.0617	
m70806c1r8.htb	   0.0	  0.03	 2.000	  7.00	  3.00	 25.00	    33.8000	 5.1078	 0.0000	 0.9681	 0.1990	 0.8413	 0.0000	 0.6334	 0.4541	 256.0000	 0.0000	 29.820	 9999.000	 0.8954	 0.0000	 0.4528	 0.0000	 1.4098	 0.9653	 0.9458	 4.1620	 33.8005	 1.8018	 0.1000	
m70806c1r18.htb	   0.0	  0.03	 2.000	  7.00	  3.00	 50.00	    60.3800	 6.3288	 0.0000	 1.5685	 0.6965	 0.7634	 0.0000	 0.6228	 0.4065	 256.0000	 0.0000	 38.070	 102.640	 0.9468	 0.0000	 0.5793	 0.0000	 0.6760	 0.9950	 1.5685	 4.7602	 60.3768	 0.8427	 0.1000	
m70806c1r28.htb	   0.0	  0.03	 2.000	  7.00	  3.00	 100.00	    87.7000	 6.9776	 0.0000	 1.2655	 1.0945	 0.8580	 0.0000	 0.6663	 0.4769	 256.0000	 0.0000	 62.280	 9999.000	 0.8962	 0.0000	 0.5951	 0.0000	 1.1207	 0.9806	 1.2655	 5.7121	 87.7030	 1.0490	 0.1000	
m70806c1r38.htb	   0.0	  0.03	 2.000	  7.00	  3.00	 12.50	    13.7400	 5.8044	 0.0000	 2.0596	 0.2488	 0.7444	 0.0000	 0.5791	 0.4939	 64.0000	 0.0000	 8.190	 19.990	 0.8969	 0.0001	 0.3866	 0.0000	 0.9515	 0.9171	 2.0596	 3.7448	 13.7402	 0.7588	 0.1000	
m70807c1r8.htb	   0.0	  0.03	 2.000	  0.00	  0.00	 30.00	    21.7000	 14.6207	 0.0000	 5.8395	 2.7861	 0.6258	 0.0000	 0.6557	 0.4170	 64.0000	 0.0000	 20.000	 9999.000	 0.9674	 0.0000	 0.5552	 0.0000	 0.4378	 0.9793	 5.3960	 9.2247	 21.6964	 2.1855	 0.1000	
m70807c1r18.htb	   0.0	  0.03	 2.000	  0.00	  0.00	 60.00	    48.4500	 12.7722	 0.0000	 2.8818	 1.2438	 0.7663	 0.0000	 0.6473	 0.5138	 64.0000	 0.0000	 41.600	 9999.000	 0.9882	 0.0000	 0.6584	 0.0000	 0.2301	 0.9939	 2.8799	 9.8924	 48.4467	 1.6543	 0.0523	
m70807c1r28.htb	   0.0	  0.03	 2.000	  0.00	  0.00	 120.00	    64.0000	 14.2017	 0.0000	 2.1465	 1.6418	 0.8253	 0.0000	 0.7145	 0.4640	 64.0000	 0.0000	 57.340	 9999.000	 0.9850	 0.0000	 0.7822	 0.0000	 0.5569	 0.9677	 2.1465	 12.2920	 100.1087	 2.2683	 0.0010	
m70807c1r38.htb	   0.0	  0.03	 2.000	  0.00	  0.00	 15.00	    13.7500	 12.7192	 0.0000	 3.3686	 1.4428	 0.7744	 0.0000	 0.5936	 0.6521	 64.0000	 0.0000	 11.140	 9999.000	 0.9596	 0.0000	 0.4627	 0.0000	 0.5403	 0.9695	 3.3521	 9.3671	 13.7528	 1.3842	 0.1000	
m70809c1r8.htb	 180.0	  0.03	 2.000	  0.00	  2.00	 35.00	    18.2100	 8.6841	 0.0000	 5.6876	 1.6915	 0.3955	 0.0004	 0.4531	 0.3975	 256.0000	 0.0000	 14.010	 59.450	 0.7895	 0.0003	 0.2129	 0.0000	 0.9597	 0.9871	 5.6872	 2.9969	 18.2135	 1.2280	 0.1000	
m70809c1r18.htb	 180.0	  0.03	 2.000	  0.00	  2.00	 70.00	    27.5700	 8.3648	 0.0000	 4.4296	 1.6915	 0.6000	 0.0000	 0.5871	 0.3998	 256.0000	 0.0000	 22.380	 116.680	 0.8005	 0.0002	 0.3075	 0.0000	 1.2901	 0.9722	 4.4284	 3.9365	 27.5701	 1.4033	 0.1000	
m70809c1r28.htb	 180.0	  0.03	 2.000	  0.00	  2.00	 140.00	    99.5400	 9.0241	 0.0000	 4.1778	 2.0896	 0.5960	 0.0000	 0.5526	 0.4721	 256.0000	 0.0000	 81.990	 9999.000	 0.9660	 0.0000	 0.4206	 0.0000	 0.2922	 0.9995	 4.1777	 4.8464	 99.5360	 1.4694	 0.1000	
m70809c1r38.htb	 180.0	  0.03	 2.000	  0.00	  2.00	 18.00	    24.0800	 8.8769	 0.0000	 5.7508	 1.6915	 0.4211	 0.0006	 0.4739	 0.4074	 256.0000	 0.0000	 9999.000	 9999.000	 0.6223	 0.0039	 0.1621	 0.0000	 1.3323	 0.9698	 5.7508	 3.1261	 24.0762	 0.4863	 0.1000	
m70809c2r8.htb	 180.0	  0.03	 2.000	  0.00	 -5.00	 25.00	    20.8400	 14.9411	 0.0000	 7.0427	 1.9900	 0.5968	 0.0000	 0.5742	 0.5344	 64.0000	 0.0000	 16.550	 9999.000	 0.9477	 0.0000	 0.4185	 0.0000	 0.5363	 0.9699	 7.0404	 7.9008	 20.8368	 1.3240	 0.1000	
m70809c2r18.htb	 180.0	  0.03	 2.000	  0.00	 -5.00	 50.00	    64.0000	 11.1786	 0.0000	 3.7291	 1.1940	 0.7054	 0.0000	 0.6129	 0.4741	 64.0000	 0.0000	 50.100	 9999.000	 0.9469	 0.0000	 0.5228	 0.0000	 1.2460	 0.8705	 3.7157	 9.1459	 256.0000	 2.1718	 0.1000	
m70809c2r28.htb	 180.0	  0.03	 2.000	  0.00	 -5.00	 100.00	    37.1900	 8.4197	 0.0000	 3.2155	 0.4478	 0.7173	 0.0000	 0.6141	 0.4478	 128.0000	 0.0000	 31.210	 9999.000	 0.9045	 0.0000	 0.4519	 0.0000	 1.0254	 0.9605	 3.2155	 5.2042	 37.1851	 1.5496	 0.0010	
m70810c1r8.htb	  90.0	  0.03	 2.000	  0.00	  0.00	 30.00	    10.2200	 6.9275	 0.0000	 3.1123	 0.6965	 0.5211	 0.0001	 0.4915	 0.4861	 64.0000	 0.0000	 6.660	 18.650	 0.9582	 0.0000	 0.3055	 0.0000	 0.2771	 0.9912	 3.1123	 3.8151	 10.2161	 0.8764	 0.1000	
m70810c1r18.htb	  90.0	  0.03	 2.000	  0.00	  0.00	 60.00	    59.3700	 3.0008	 0.0000	 1.7727	 0.6468	 0.5797	 0.1432	 0.3636	 0.5985	 64.0000	 0.0000	 9999.000	 9999.000	 0.4267	 0.0564	 0.0577	 0.0226	 1.0980	 0.8946	 1.7727	 1.2280	 59.3716	 1.0571	 0.0010	
m70810c1r28.htb	  90.0	  0.03	 2.000	  0.00	  0.00	 120.00	    45.4000	 2.2832	 0.0000	 1.1600	 0.7214	 0.5463	 0.0041	 0.3441	 0.5633	 64.0000	 0.0000	 9999.000	 9999.000	 0.6381	 0.0098	 0.0773	 0.0002	 0.3812	 0.9840	 1.1600	 1.1232	 45.4037	 1.2211	 0.0010	
m70810c1r38.htb	  90.0	  0.03	 2.000	  0.00	  0.00	 15.00	    7.4100	 8.0106	 0.0000	 3.2637	 0.8955	 0.6194	 0.0000	 0.5315	 0.4765	 64.0000	 0.0000	 4.400	 10.750	 0.8592	 0.0003	 0.3774	 0.0000	 0.8782	 0.9277	 3.2637	 4.7469	 7.4150	 0.7601	 0.0010	
m70815c1r8.htb	   0.0	  0.03	 2.000	  0.00	  0.00	 25.00	    6.9400	 9.5999	 0.0000	 5.8622	 1.2935	 0.3993	 0.0045	 0.3752	 0.5518	 64.0000	 0.0000	 5.250	 21.290	 0.8883	 0.0001	 0.1439	 0.0000	 0.2239	 0.9942	 5.8622	 3.7377	 6.9438	 1.1907	 0.0010	
m70815c1r18.htb	   0.0	  0.03	 2.000	  0.00	  0.00	 50.00	    3.3600	 10.6939	 0.0000	 7.1946	 1.3930	 0.3792	 0.0559	 0.3792	 0.5694	 64.0000	 0.0000	 9999.000	 9999.000	 0.6712	 0.0069	 0.1110	 0.0013	 0.6290	 0.9598	 7.1946	 3.4992	 3.3620	 1.2090	 0.0010	
m70815c1r28.htb	   0.0	  0.03	 2.000	  0.00	  0.00	 100.00	    4.5200	 8.6061	 0.0000	 5.5998	 0.8955	 0.3667	 0.0290	 0.4150	 0.4406	 64.0000	 0.0000	 3.760	 19.720	 0.8744	 0.0002	 0.1613	 0.0001	 0.3101	 0.9892	 5.5093	 3.0968	 4.5164	 1.4416	 0.1000	
m70815c1r38.htb	   0.0	  0.03	 2.000	  0.00	  0.00	 12.50	    3.0200	 6.6049	 0.0000	 3.9129	 2.1891	 0.4898	 0.0280	 0.4126	 0.5944	 64.0000	 0.0000	 9999.000	 9999.000	 0.5971	 0.0146	 0.1107	 0.0014	 0.8661	 0.9294	 3.9129	 2.6920	 3.0157	 0.8991	 0.0010	
m70816c1r8.htb	   0.0	  0.03	 2.000	  6.00	  5.00	 25.00	    3.5900	 8.2871	 0.0000	 5.5823	 1.0448	 0.3723	 0.5680	 0.2977	 0.6475	 64.0000	 0.0000	 9999.000	 9999.000	 0.8405	 0.0005	 0.0646	 0.0156	 0.0743	 0.9993	 3.5659	 4.7212	 3.5892	 2.7660	 0.1000	
m70816c1r18.htb	   0.0	  0.03	 2.000	  6.00	  5.00	 50.00	    1.3700	 7.7326	 64.0000	 5.4515	 0.9453	 0.2767	 0.2704	 0.2887	 0.5646	 64.0000	 0.0000	 9999.000	 9999.000	 0.8499	 0.0004	 0.0948	 0.0032	 0.2880	 0.9906	 5.4370	 2.2956	 1.3737	 1.1893	 0.0801	
m70816c1r28.htb	   0.0	  0.03	 2.000	  6.00	  5.00	 100.00	    0.9800	 5.6966	 64.0000	 3.4610	 1.3930	 0.4198	 0.2170	 0.3504	 0.7189	 64.0000	 0.0000	 9999.000	 9999.000	 0.6557	 0.0082	 0.0392	 0.0077	 0.3048	 0.9895	 2.5261	 3.1705	 0.9828	 2.6112	 0.1000	
m70816c1r38.htb	   0.0	  0.03	 2.000	  6.00	  5.00	 12.50	    11.2100	 6.6194	 0.0000	 3.0808	 0.4478	 0.5662	 0.0079	 0.4189	 0.6589	 64.0000	 0.0000	 5.950	 12.530	 0.9125	 0.0001	 0.1997	 0.0000	 0.3397	 0.9871	 3.0808	 3.5386	 11.2148	 0.6323	 0.1000	
m70817c1r8.htb	 180.0	  0.03	 2.000	  3.00	  0.00	 40.00	    0.1300	 7.3134	 64.0000	 2.1838	 3.3831	 0.6759	 0.0000	 0.5675	 0.4699	 64.0000	 0.0000	 9999.000	 5.290	 0.9518	 0.0000	 0.4011	 0.0000	 0.4556	 0.9777	 0.0000	 7.3134	 0.1324	 3.9519	 0.0050	
m70817c1r18.htb	 180.0	  0.03	 2.000	  3.00	  0.00	 80.00	    0.0000	 4.7827	 64.0000	 2.4324	 2.9353	 0.5140	 0.0264	 0.4238	 0.5112	 64.0000	 0.0000	 9999.000	 5.780	 0.7135	 0.0042	 0.1335	 0.0004	 1.3956	 0.8450	 0.6782	 4.1045	 0.0000	 4.9567	 0.1000	
m70817c1r28.htb	 180.0	  0.03	 2.000	  3.00	  0.00	 160.00	    0.1800	 4.0839	 64.0000	 1.7006	 1.8408	 0.6154	 0.0032	 0.4339	 0.5291	 64.0000	 0.0000	 9999.000	 9999.000	 0.6693	 0.0070	 0.1611	 0.0001	 1.2036	 0.8775	 0.0000	 4.0839	 0.1793	 4.1065	 0.1000	
m70817c1r38.htb	 180.0	  0.03	 2.000	  3.00	  0.00	 20.00	    0.7500	 5.5279	 64.0000	 2.0936	 1.6915	 0.6378	 0.0000	 0.5081	 0.4754	 64.0000	 0.0000	 9999.000	 11.510	 0.7369	 0.0031	 0.2447	 0.0000	 1.2684	 0.8667	 0.0000	 5.5279	 0.7501	 3.1021	 0.1000	
m70820c1r8.htb	 180.0	  0.03	 2.000	  0.00	  0.00	 35.00	    2.4100	 24.2305	 64.0000	 19.1597	 7.6617	 0.2421	 0.5157	 0.3098	 0.7504	 64.0000	 0.0000	 9999.000	 9999.000	 0.7269	 0.0035	 0.0597	 0.0203	 0.1959	 0.9955	 19.1567	 5.0738	 2.4135	 0.8389	 0.1000	
m70820c1r18.htb	 180.0	  0.03	 2.000	  0.00	  0.00	 70.00	    2.1200	 27.8966	 64.0000	 17.3101	 14.1791	 0.4358	 0.0007	 0.4942	 0.7393	 64.0000	 0.0000	 1.430	 3.970	 0.9314	 0.0000	 0.2565	 0.0000	 0.1499	 0.9973	 17.3039	 10.5927	 2.1189	 0.8733	 0.0845	
m70820c1r28.htb	 180.0	  0.03	 2.000	  0.00	  0.00	 140.00	    1.4600	 19.2981	 0.0000	 13.4409	 8.7065	 0.3473	 0.0438	 0.4132	 0.6665	 64.0000	 0.0000	 1.250	 7.990	 0.8070	 0.0010	 0.1393	 0.0003	 0.2998	 0.9898	 13.4407	 5.8574	 1.4619	 1.5835	 0.0010	
m70820c1r38.htb	 180.0	  0.03	 2.000	  0.00	  0.00	 18.00	    5.1800	 14.4205	 0.0000	 11.6455	 8.6070	 0.2007	 0.9616	 0.2034	 0.6936	 64.0000	 0.0000	 9999.000	 9999.000	 0.3156	 0.1155	 0.0093	 0.3667	 0.2676	 0.9918	 11.6455	 2.7750	 5.1826	 0.2062	 0.0510	
m70821c1r8.htb	 180.0	  0.03	 2.000	  0.00	  0.00	 40.00	    6.5600	 13.6118	 0.0000	 9.1516	 5.3234	 0.3392	 0.0002	 0.4761	 0.3908	 64.0000	 0.0000	 5.140	 23.380	 0.8409	 0.0005	 0.2501	 0.0000	 0.4012	 0.9824	 9.1516	 4.4601	 6.5619	 1.2887	 0.0010	
m70821c1r18.htb	 180.0	  0.03	 2.000	  0.00	  0.00	 80.00	    13.3000	 13.3912	 0.0000	 5.5134	 2.4378	 0.5489	 0.0000	 0.5017	 0.6013	 64.0000	 0.0000	 10.460	 48.760	 0.9868	 0.0000	 0.3804	 0.0000	 0.0724	 0.9994	 5.5134	 7.8778	 13.3036	 1.3077	 0.0010	
m70821c1r28.htb	 180.0	  0.03	 2.000	  0.00	  0.00	 160.00	    4.3300	 16.2545	 0.0000	 9.6706	 4.6269	 0.4464	 0.0000	 0.6177	 0.3275	 64.0000	 0.0000	 3.730	 26.310	 0.8672	 0.0003	 0.4256	 0.0000	 1.8793	 0.7579	 9.6705	 6.5840	 4.3348	 1.6603	 0.0010	
m70821c1r38.htb	 180.0	  0.03	 2.000	  0.00	  0.00	 20.00	    3.3400	 12.5775	 0.0000	 7.7969	 6.6667	 0.4493	 0.0002	 0.4910	 0.4866	 64.0000	 0.0000	 2.300	 7.240	 0.8233	 0.0007	 0.2457	 0.0000	 0.7969	 0.9389	 7.7969	 4.7807	 3.3400	 0.9781	 0.0010	
m70822c1r8.htb	 180.0	  0.03	 2.000	 -5.00	 -7.00	 30.00	    23.0800	 9.0788	 0.0000	 4.3774	 1.6915	 0.4961	 0.0020	 0.4767	 0.4114	 64.0000	 0.0000	 9999.000	 9999.000	 0.4112	 0.0627	 0.1034	 0.0020	 1.5840	 0.8117	 4.3774	 4.7015	 23.0816	 0.2387	 0.1000	
m70822c1r18.htb	 180.0	  0.03	 2.000	 -5.00	 -7.00	 60.00	    54.4200	 6.2130	 0.0000	 4.0933	 1.2935	 0.4361	 0.1686	 0.3648	 0.5468	 64.0000	 0.0000	 9999.000	 9999.000	 0.8417	 0.0005	 0.1089	 0.0015	 0.2037	 0.9952	 4.0933	 2.1197	 54.4208	 0.9956	 0.0856	
m70822c1r28.htb	 180.0	  0.03	 2.000	 -5.00	 -7.00	 120.00	    128.0000	 4.7584	 0.0000	 3.0487	 1.3433	 0.4867	 0.0071	 0.4343	 0.4306	 128.0000	 0.0000	 9999.000	 9999.000	 0.4552	 0.0323	 0.0980	 0.0015	 1.1738	 0.9474	 2.9880	 1.8169	 256.0000	 3.0411	 0.0922	
m70822c1r38.htb	 180.0	  0.03	 2.000	 -5.00	 -7.00	 15.00	    7.7500	 5.3035	 0.0000	 2.7859	 1.0945	 0.4918	 0.1738	 0.3810	 0.5751	 64.0000	 0.0000	 9999.000	 9999.000	 0.7320	 0.0033	 0.0939	 0.0033	 0.3650	 0.9852	 2.6882	 2.6153	 7.7519	 1.7019	 0.1000	
m70823c1r8.htb	 180.0	  0.03	 2.000	  0.00	 -7.00	 20.00	    19.5000	 5.2695	 0.0000	 2.5288	 0.2985	 0.6019	 0.0259	 0.4444	 0.5206	 64.0000	 0.0000	 8.870	 16.170	 0.9102	 0.0001	 0.1708	 0.0001	 0.3677	 0.9850	 2.5288	 2.7407	 19.4984	 0.5105	 0.1000	
m70823c1r18.htb	 180.0	  0.03	 2.000	  0.00	 -7.00	 40.00	    34.3800	 7.1925	 0.0000	 2.5869	 0.3483	 0.6644	 0.0000	 0.5574	 0.4705	 64.0000	 0.0000	 16.920	 9999.000	 0.9878	 0.0000	 0.4529	 0.0000	 0.1461	 0.9975	 2.5869	 4.6056	 34.3772	 0.5725	 0.1000	
m70823c1r28.htb	 180.0	  0.03	 2.000	  0.00	 -7.00	 80.00	    64.0000	 5.3547	 0.0000	 0.9864	 0.1990	 0.8430	 0.0000	 0.5876	 0.5201	 64.0000	 0.0000	 43.590	 9999.000	 0.9718	 0.0000	 0.5076	 0.0000	 0.3742	 0.9845	 0.9864	 4.8121	 118.2615	 1.3941	 0.1000	
m70823c1r38.htb	 180.0	  0.03	 2.000	  0.00	 -7.00	 10.00	    7.0800	 3.0762	 0.0000	 1.0512	 0.4478	 0.6054	 0.0001	 0.4147	 0.5718	 64.0000	 0.0000	 5.580	 26.060	 0.8915	 0.0001	 0.1474	 0.0000	 0.1395	 0.9977	 1.0512	 2.0249	 7.0826	 1.3102	 0.0010	
m70824c1r8.htb	   0.0	  0.03	 2.000	  0.00	  0.00	 20.00	    1.8600	 18.0180	 0.0000	 13.6278	 4.1791	 0.3324	 0.0036	 0.4634	 0.4552	 64.0000	 0.0000	 9999.000	 9999.000	 0.3938	 0.0704	 0.0939	 0.0033	 2.2301	 0.6935	 13.6278	 4.3905	 1.8572	 0.1054	 0.0884	
m70824c1r18.htb	   0.0	  0.03	 2.000	  0.00	  0.00	 40.00	    0.0700	 12.6426	 64.0000	 11.1052	 4.6269	 0.2283	 0.3754	 0.3533	 0.4128	 64.0000	 0.0000	 9999.000	 9999.000	 0.2974	 0.1288	 0.0290	 0.1084	 0.8286	 0.9346	 7.9411	 4.7015	 0.0672	 6.6847	 0.1000	
m70824c1r28.htb	   0.0	  0.03	 2.000	  0.00	  0.00	 80.00	    8.9200	 11.9833	 0.0000	 9.0682	 4.5771	 0.3428	 0.0496	 0.4560	 0.4320	 64.0000	 0.0000	 9999.000	 9999.000	 0.5030	 0.0324	 0.0850	 0.0053	 0.9277	 0.9206	 4.7445	 7.2388	 8.9152	 6.4683	 0.0126	
m70824c1r38.htb	   0.0	  0.03	 2.000	  0.00	  0.00	 10.00	    30.5100	 14.0443	 0.0000	 10.8856	 6.6667	 0.2578	 0.4529	 0.3353	 0.5090	 64.0000	 0.0000	 9999.000	 9999.000	 0.9362	 0.0000	 0.0831	 0.0059	 0.1009	 0.9988	 10.8856	 3.1587	 30.5121	 0.3180	 0.1000	
m70827c1r8.htb	   0.0	  0.03	 2.000	  0.00	 -5.00	 25.00	    9.5900	 13.1911	 0.0000	 7.0566	 1.0448	 0.4498	 0.0199	 0.4482	 0.6133	 64.0000	 0.0000	 8.510	 9999.000	 0.9884	 0.0000	 0.1925	 0.0000	 0.0433	 0.9998	 6.7719	 6.4191	 9.5863	 1.8321	 0.1000	
m70827c1r18.htb	   0.0	  0.03	 2.000	  0.00	 -5.00	 50.00	    19.1000	 13.0823	 0.0000	 6.4944	 1.2438	 0.5455	 0.0000	 0.5083	 0.5869	 64.0000	 0.0000	 16.710	 9999.000	 0.9235	 0.0000	 0.3059	 0.0000	 0.3141	 0.9889	 6.4246	 6.6577	 19.0968	 1.7413	 0.1000	
m70827c1r28.htb	   0.0	  0.03	 2.000	  0.00	 -5.00	 100.00	    43.5800	 12.0256	 0.0000	 5.6436	 1.3930	 0.5627	 0.0000	 0.5273	 0.5499	 64.0000	 0.0000	 37.180	 9999.000	 0.9627	 0.0000	 0.3893	 0.0000	 0.5700	 0.9663	 5.6382	 6.3874	 43.5814	 1.6165	 0.1000	
m70827c1r38.htb	   0.0	  0.03	 2.000	  0.00	 -5.00	 12.50	    3.4000	 9.4063	 0.0000	 6.8430	 2.4378	 0.2864	 0.3957	 0.2865	 0.5916	 64.0000	 0.0000	 9999.000	 9999.000	 0.7079	 0.0045	 0.0674	 0.0135	 0.3332	 0.9876	 6.8095	 2.5968	 3.4023	 1.2056	 0.1000	
m70828c1r8.htb	   0.0	  0.03	 2.000	 -5.00	 -10.00	 25.00	    7.2800	 6.2879	 0.0000	 2.8563	 0.6468	 0.5512	 0.0001	 0.4614	 0.5166	 64.0000	 0.0000	 4.850	 14.370	 0.7962	 0.0012	 0.2526	 0.0000	 0.7964	 0.9389	 2.8563	 3.4315	 7.2790	 0.9250	 0.0010	
m70828c1r18.htb	   0.0	  0.03	 2.000	 -5.00	 -10.00	 50.00	    15.2500	 5.9450	 0.0000	 3.6274	 0.4478	 0.4878	 0.0546	 0.4226	 0.5150	 64.0000	 0.0000	 9999.000	 9999.000	 0.6649	 0.0074	 0.1104	 0.0014	 0.6550	 0.9568	 3.6274	 2.3176	 15.2451	 0.5482	 0.1000	
m70828c1r28.htb	   0.0	  0.03	 2.000	 -5.00	 -10.00	 100.00	    19.1500	 4.9121	 0.0000	 2.8605	 0.6219	 0.4430	 0.0181	 0.3558	 0.5801	 64.0000	 0.0000	 9999.000	 9999.000	 0.6504	 0.0086	 0.0655	 0.0005	 0.4099	 0.9817	 2.6540	 2.2581	 19.1540	 2.4049	 0.1000	
m70828c1r38.htb	   0.0	  0.03	 2.000	 -5.00	 -10.00	 12.50	    2.2600	 5.0213	 0.0000	 2.0978	 0.1990	 0.5588	 0.0042	 0.4214	 0.5921	 64.0000	 0.0000	 1.440	 3.850	 0.9326	 0.0000	 0.2185	 0.0000	 0.1540	 0.9972	 2.0978	 2.9235	 2.2573	 0.8436	 0.0010	
m70831c1r8.htb	 180.0	  0.03	 2.000	  5.00	 -7.00	 30.00	    9.6500	 25.6057	 0.0000	 14.4454	 4.8756	 0.4283	 0.0000	 0.5399	 0.5462	 64.0000	 0.0000	 8.480	 9999.000	 0.8912	 0.0001	 0.3476	 0.0000	 0.6025	 0.9628	 14.4453	 11.1603	 9.6522	 1.7838	 0.0010	
m70831c1r18.htb	 180.0	  0.03	 2.000	  5.00	 -7.00	 60.00	    25.2500	 25.5309	 0.0000	 12.1569	 2.8856	 0.5170	 0.0000	 0.6503	 0.4331	 64.0000	 0.0000	 23.380	 9999.000	 0.8960	 0.0001	 0.5810	 0.0000	 1.9567	 0.7437	 12.1565	 13.3743	 25.2538	 2.2057	 0.0010	
m70831c1r28.htb	 180.0	  0.03	 2.000	  5.00	 -7.00	 120.00	    64.0000	 23.9699	 0.0000	 12.8082	 2.9851	 0.4663	 0.0000	 0.5791	 0.5091	 64.0000	 0.0000	 58.980	 9999.000	 0.9589	 0.0000	 0.4382	 0.0000	 0.3849	 0.9837	 12.1164	 12.9872	 256.0000	 3.2407	 0.1000	
m70831c1r38.htb	 180.0	  0.03	 2.000	  5.00	 -7.00	 15.00	    5.0800	 23.1730	 0.0000	 15.3966	 5.9204	 0.3787	 0.0003	 0.4875	 0.5556	 64.0000	 0.0000	 3.940	 17.290	 0.7517	 0.0025	 0.2206	 0.0000	 1.0656	 0.8997	 15.3966	 7.7764	 5.0840	 1.2578	 0.0010	
m70905c1r8.htb	 180.0	  0.03	 2.000	  0.00	  0.00	 40.00	    5.2200	 14.6727	 0.0000	 8.9706	 4.0299	 0.4000	 0.0041	 0.4738	 0.5034	 64.0000	 0.0000	 4.660	 42.460	 0.8422	 0.0005	 0.1980	 0.0000	 0.4298	 0.9800	 8.9704	 5.7023	 5.2205	 1.8782	 0.0010	
m70905c1r18.htb	 180.0	  0.03	 2.000	  0.00	  0.00	 80.00	    15.8600	 13.0745	 0.0000	 9.3701	 2.9851	 0.3675	 0.0395	 0.4076	 0.5526	 64.0000	 0.0000	 9999.000	 9999.000	 0.6569	 0.0081	 0.1154	 0.0011	 0.6450	 0.9579	 9.3701	 3.7044	 15.8562	 1.4951	 0.0010	
m70905c1r28.htb	 180.0	  0.03	 2.000	  0.00	  0.00	 160.00	    35.5300	 14.7117	 0.0000	 6.8253	 2.4378	 0.5314	 0.0000	 0.5337	 0.5398	 64.0000	 0.0000	 34.210	 9999.000	 0.9691	 0.0000	 0.3543	 0.0000	 0.1087	 0.9986	 5.2844	 9.4273	 35.5252	 3.0871	 0.1000	
m70905c1r38.htb	 180.0	  0.03	 2.000	  0.00	  0.00	 20.00	    2.5400	 12.0590	 0.0000	 10.2886	 2.6368	 0.1907	 0.6456	 0.2661	 0.5383	 64.0000	 0.0000	 9999.000	 9999.000	 0.5037	 0.0322	 0.0348	 0.0782	 0.6074	 0.9622	 8.4023	 3.6567	 2.5379	 2.8442	 0.1000	
