FILE		 PrDir	 PrSpd	 PrHDsp	 RFX	 RFY	 RFDiam	 Spont	 DirMI	 BRate	 Ampl	 PD360	 PD180	 PD90	 FWHM	 DSI	 AnovaP		 Rmeans	 Pmeans		 Rraw	 Praw		 DirDI	 VarTrm	 Chi2		 ChiP		
m70108c1r7.htb	    0.0	  15.00	  0.000	  20.00	 -15.00	  40.00	   7.86	  0.232	  10.21	   2.08	 342.09	  17.91	  17.91	  42.39	  0.469	 0.05482386	  0.221	 0.20190250	  0.022	 0.06001347	 0.3005	  0.477	  0.76354	 0.94326767	
m70110c1r7.htb	    0.0	  20.00	  0.000	 -10.00	  -5.00	  40.00	   1.14	  0.386	   0.71	   0.48	  35.63	  35.63	  35.63	 100.02	  8.816	 0.32683968	  0.462	 0.04410873	  0.029	 0.03113299	 0.2253	  0.507	  0.14055	 0.99764325	
m70110c2r7.htb	    0.0	  20.00	  0.000	  10.00	 -15.00	  40.00	   2.64	  0.452	   3.05	   0.92	  82.06	  82.06	  82.06	  54.89	  0.692	 0.90054620	  0.311	 0.11859233	  0.012	 0.34059051	 0.2484	  0.814	  0.59341	 0.96379327	
m70110c3r7.htb	    0.0	  20.00	  0.000	  10.00	 -15.00	  40.00	   1.94	  0.573	   2.85	   2.65	  51.26	  51.26	  51.26	  42.39	  0.745	 0.07236600	  0.576	 0.01770560	  0.101	 0.00415863	 0.3685	  0.711	  0.50481	 0.97303091	
m70111c1r7.htb	    0.0	  20.00	  0.000	   0.00	   0.00	  50.00	   1.99	  0.293	   3.10	   1.26	 151.33	 151.33	  28.67	  42.39	  0.531	 0.80845502	  0.548	 0.02250333	  0.027	 0.14659424	 0.2605	  0.465	  0.14283	 0.99756804	
m70112c1r7.htb	    0.0	  20.00	  0.000	   0.00	   0.00	  50.00	   3.78	  0.349	   4.18	   1.45	 232.65	 127.35	  52.65	  42.39	  0.784	 0.17466908	  0.659	 0.00786019	  0.043	 0.00871952	 0.3112	  0.506	  0.19875	 0.99537758	
m70116c1r7.htb	    0.0	  20.00	  0.000	   0.00	   0.00	  40.00	   1.92	  0.252	   3.88	   2.09	 311.44	  48.56	  48.56	  42.39	  0.515	 0.87150410	  0.555	 0.02117681	  0.011	 0.18518699	 0.2044	  1.221	  0.09065	 0.99900331	
m70117c1r7.htb	    0.0	  20.00	  0.000	  15.00	  -5.00	  40.00	   3.06	  0.270	   2.99	   2.28	   5.50	   5.50	   5.50	 332.52	  1.033	 0.37595356	  0.484	 0.03745543	  0.044	 0.00781331	 0.2159	  0.626	  0.01732	 0.99996273	
m70117c2r7.htb	    0.0	  20.00	  0.000	  20.00	 -10.00	  50.00	   6.80	  0.249	   6.03	   1.67	  12.56	  12.56	  12.56	  42.39	  1.860	 0.44391060	  0.500	 0.03302049	  0.035	 0.04586938	 0.2784	  0.476	  0.19995	 0.99532342	
m70117c3r7.htb	    0.0	  20.00	  0.000	  20.00	 -20.00	  50.00	  21.06	  0.095	  21.30	   1.54	 137.86	 137.86	  42.14	  42.39	  0.865	 0.99220491	  0.477	 0.03941446	  0.017	 0.41789028	 0.2058	  0.439	  0.16410	 0.99681258	
m70118c1r7.htb	    0.0	  20.00	  0.000	   0.00	   0.00	  40.00	   1.24	  0.643	   1.99	   2.79	   8.62	   8.62	   8.62	  42.39	  0.790	 0.07672778	  0.723	 0.00366433	  0.121	 0.00157638	 0.3979	  0.781	  0.62344	 0.96042391	
m70118c2r7.htb	    0.0	  20.00	  0.000	   0.00	   0.00	 120.00	   3.57	  0.294	   3.12	   1.11	  45.52	  45.52	  45.52	  42.39	  1.683	 0.67936884	  0.677	 0.00643634	  0.023	 0.06819796	 0.2345	  0.626	  0.21965	 0.99439323	
m70122c1r7.htb	    0.0	  20.00	  0.000	   0.00	   0.00	 100.00	   3.38	  0.188	   3.97	   0.44	  83.62	  83.62	  83.62	  42.39	  0.429	 0.82986849	  0.299	 0.12799315	  0.007	 0.30828803	 0.1663	  0.467	  0.10809	 0.99859122	
m70123c1r7.htb	    0.0	  20.00	  0.000	   0.00	   0.00	 120.00	   1.14	  0.333	   0.78	   0.00	 174.84	 174.84	   5.16	  42.39	 -0.005	 0.95606098	  0.033	 0.63996288	  0.000	 0.84223469	 0.1146	  0.692	  0.05505	 0.99962807	
m70123c2r7.htb	    0.0	  20.00	  0.000	   0.00	   0.00	 120.00	   5.14	  0.310	   5.39	   2.22	 240.25	 119.75	  60.25	  42.39	  0.900	 0.76661442	  0.460	 0.04448782	  0.016	 0.17088040	 0.2661	  0.783	  0.22250	 0.99425225	
m70123c3r7.htb	    0.0	  40.00	  0.000	   0.00	   0.00	 120.00	   8.01	  0.439	   8.23	   5.01	 191.27	 168.73	  11.27	  81.10	  0.958	 0.08648567	  0.454	 0.04663535	  0.097	 0.00497699	 0.3481	  0.849	  0.48254	 0.97517853	
m70124c1r7.htb	    0.0	  30.00	  0.000	   0.00	   0.00	  60.00	   2.64	  0.414	   1.12	   3.06	 268.83	  91.17	  88.83	 526.42	  1.989	 0.25148750	  0.256	 0.16453820	  0.050	 0.04580628	 0.3717	  0.483	  1.01270	 0.90786436	
m70124c2r7.htb	    0.0	  30.00	  0.000	  10.00	 -20.00	  80.00	   3.73	  0.284	   4.71	   1.21	  43.50	  43.50	  43.50	 192.08	  0.553	 0.57611720	  0.482	 0.03785503	  0.029	 0.13402463	 0.2965	  0.477	  0.38305	 0.98384091	
m70124c3r7.htb	    0.0	  30.00	  0.000	  15.00	 -20.00	  60.00	   6.52	  0.244	   8.21	   2.79	 289.79	  70.21	  70.21	  42.39	  0.623	 0.53420756	  0.530	 0.02608527	  0.044	 0.06106840	 0.3018	  0.461	  0.27688	 0.99125741	
m70124c4r7.htb	    0.0	  30.00	  0.000	  10.00	 -20.00	  60.00	   8.06	  0.310	  10.55	   3.20	 233.93	 126.07	  53.93	  42.39	  0.563	 0.00799274	  0.456	 0.04587741	  0.101	 0.00406136	 0.4273	  0.418	  1.65655	 0.79859524	
m70125c2r7.htb	    0.0	  40.00	  0.000	   0.00	   0.00	 120.00	   2.69	  0.273	   3.30	   0.98	 202.65	 157.35	  22.65	  42.39	  0.617	 0.93159802	  0.183	 0.25119901	  0.009	 0.41238972	 0.1859	  0.654	  0.22565	 0.99409450	
m70125c3r7.htb	    0.0	  40.00	  0.000	   0.00	  -5.00	  40.00	   5.82	  0.251	   7.15	   0.98	 184.90	 175.10	   4.90	  42.39	  0.423	 0.78373306	  0.246	 0.17452830	  0.016	 0.27103232	 0.2260	  0.583	  0.36694	 0.98509290	
m70125c4r7.htb	    0.0	  40.00	  0.000	   0.00	   0.00	 100.00	  14.53	  0.105	  22.56	   4.40	  98.25	  98.25	  81.75	 415.39	  0.354	 0.83707689	  0.620	 0.01174730	  0.024	 0.16965978	 0.2578	  0.404	  0.29799	 0.98994345	
m70126c1r7.htb	    0.0	  40.00	  0.000	   0.00	   0.00	  40.00	   2.14	  0.283	   4.17	   1.41	 118.81	 118.81	  61.19	  42.39	  0.410	 0.72928675	  0.211	 0.21353750	  0.016	 0.27110428	 0.2560	  0.533	  0.35314	 0.98613062	
m70126c2r7.htb	    0.0	  40.00	  0.000	  20.00	 -10.00	  60.00	  14.13	  0.207	  16.33	   3.77	  43.95	  43.95	  43.95	 175.81	  0.632	 0.17277047	  0.816	 0.00084615	  0.103	 0.00362817	 0.3476	  0.480	  0.21227	 0.99475068	
m70126c3r7.htb	    0.0	  40.00	  0.000	  10.00	 -15.00	  60.00	   9.60	  0.266	  11.75	   3.58	 143.23	 143.23	  36.77	  73.03	  0.625	 0.04731790	  0.741	 0.00287057	  0.127	 0.00116588	 0.3875	  0.464	  0.52433	 0.97109001	
m70126c4r7.htb	    0.0	  40.00	  0.000	  10.00	 -10.00	  60.00	   4.63	  0.227	   5.67	   1.19	 183.52	 176.48	   3.52	  42.39	  0.532	 0.35626400	  0.194	 0.23539890	  0.029	 0.13207737	 0.2794	  0.442	  0.82053	 0.93567480	
m70126c5r7.htb	    0.0	  40.00	  0.000	  10.00	 -10.00	  60.00	   1.74	  0.259	   4.29	   0.60	 339.14	  20.86	  20.86	 179.31	  0.191	 0.79798436	  0.145	 0.31145117	  0.010	 0.38211883	 0.2220	  0.513	  0.33683	 0.98731415	
m70129c1r7.htb	    0.0	  40.00	  0.000	   0.00	 -10.00	  60.00	   2.94	  0.320	   4.46	   1.51	 242.35	 117.65	  62.35	 166.71	  0.497	 0.26616537	  0.675	 0.00660569	  0.070	 0.01808708	 0.3648	  0.414	  0.53878	 0.96961765	
m70131c2r7.htb	    0.0	  20.00	  0.000	  15.00	 -10.00	  60.00	   4.90	  0.245	   5.67	   1.32	 318.63	  41.37	  41.37	  42.39	  0.634	 0.67453137	  0.197	 0.23161976	  0.014	 0.21695173	 0.2365	  0.646	  0.17268	 0.99648037	
m70131c2r7.htb	    0.0	  20.00	  0.000	  15.00	 -10.00	  60.00	   4.90	  0.245	   5.67	   1.32	 318.63	  41.37	  41.37	  42.39	  0.634	 0.67453137	  0.197	 0.23161957	  0.014	 0.21695161	 0.2365	  0.646	  0.17268	 0.99648036	
m70201c1r7.htb	    0.0	  30.00	  0.000	   0.00	   0.00	  80.00	   2.89	  0.565	   2.49	   2.55	  76.06	  76.06	  76.06	  42.39	  1.186	 0.00903653	  0.678	 0.00638262	  0.151	 0.00036064	 0.4651	  0.451	  0.58878	 0.96430235	
m70201c2r7.htb	   90.0	  50.00	  0.000	  10.00	 -15.00	  50.00	  14.88	  0.127	  19.14	   0.61	 214.08	 145.92	  34.08	 213.51	  0.126	 0.80775981	  0.034	 0.63311242	  0.002	 0.71817544	 0.2305	  0.521	  0.46858	 0.97648693	
m70201c3r7.htb	  320.0	  30.00	  0.000	  10.00	 -20.00	  60.00	   0.95	  0.073	   2.31	   0.30	  61.19	  61.19	  61.19	  59.71	  0.179	 0.99999188	  0.358	 0.08892572	  0.001	 0.82258886	 0.1101	  0.546	  0.08377	 0.99914701	
m70202c1r7.htb	    0.0	  30.00	  0.000	   0.00	 -15.00	  60.00	   0.65	  0.452	   1.20	   1.38	 155.70	 155.70	  24.30	  42.39	  0.715	 0.64424692	  0.314	 0.11624252	  0.027	 0.14416076	 0.3408	  0.545	  0.42533	 0.98035076	
m70202c2r7.htb	  120.0	  30.00	  0.000	  20.00	 -20.00	  60.00	   7.16	  0.252	  14.79	   4.39	 221.39	 138.61	  41.39	 110.80	  0.365	 0.40397300	  0.921	 0.00004204	  0.087	 0.00788723	 0.3097	  0.658	  0.07583	 0.99929907	
m70202c3r7.htb	  120.0	  30.00	  0.000	  10.00	 -10.00	  60.00	   7.81	  0.148	   8.57	   2.54	 185.51	 174.49	   5.51	 394.92	  0.769	 0.71640852	  0.694	 0.00526399	  0.051	 0.04426511	 0.2761	  0.356	  0.09761	 0.99884709	
m70202c4r7.htb	  120.0	  30.00	  0.000	  20.00	 -25.00	  50.00	   6.72	  0.336	  13.53	   5.10	 358.37	   1.63	   1.63	  53.58	  0.428	 0.13853495	  0.910	 0.00006570	  0.128	 0.00110766	 0.3929	  0.614	  0.11819	 0.99832110	
m70205c1r7.htb	    0.0	  30.00	  0.000	  10.00	 -10.00	  60.00	  10.30	  0.150	  13.89	   4.18	 197.89	 162.11	  17.89	 321.03	  0.538	 0.89394721	  0.774	 0.00177442	  0.034	 0.10120935	 0.2498	  0.512	  0.03550	 0.99984435	
m70205c2r7.htb	    0.0	  30.00	  0.000	   0.00	   0.00	 100.00	   2.99	  0.312	   4.15	   1.08	 262.02	  97.98	  82.02	  42.39	  0.482	 0.38146938	  0.390	 0.07232420	  0.037	 0.08574158	 0.2783	  0.454	  0.61482	 0.96140266	
m70205c3r7.htb	    0.0	  30.00	  0.000	  -5.00	 -10.00	  60.00	   3.03	  0.286	   3.64	   0.53	 113.45	 113.45	  66.55	 180.71	  0.465	 0.47733307	  0.228	 0.19323695	  0.018	 0.22842366	 0.3278	  0.340	  0.57371	 0.96593941	
m70207c1r7.htb	    0.0	  30.00	  0.000	 -10.00	 -10.00	 100.00	   7.11	  0.246	   5.41	   3.51	 298.06	  61.94	  61.94	 315.64	  1.950	 0.33665680	  0.761	 0.00215014	  0.073	 0.01505046	 0.3171	  0.432	  0.25937	 0.99228398	
m70207c2r7.htb	    0.0	  30.00	  0.000	   0.00	 -20.00	  60.00	   8.31	  0.236	   7.97	   1.88	 354.94	   5.06	   5.06	  88.75	  1.217	 0.55711283	  0.675	 0.00662921	  0.050	 0.04510945	 0.2726	  0.491	  0.25898	 0.99230602	
m70208c1r7.htb	    0.0	  40.00	  0.000	   0.00	   0.00	 100.00	   0.95	  0.450	   2.37	   1.12	 330.73	  29.27	  29.27	 114.74	  0.440	 0.48443313	  0.168	 0.27289836	  0.023	 0.18402816	 0.3199	  0.633	  0.37387	 0.98456013	
m70208c2r7.htb	    0.0	  40.00	  0.000	   0.00	 -15.00	  60.00	   4.38	  0.252	   4.50	   0.27	 219.91	 140.09	  39.91	 144.99	  0.693	 0.97507494	  0.111	 0.38106742	  0.005	 0.52172668	 0.1688	  0.729	  0.14969	 0.99733496	
m70208c3r7.htb	    0.0	  40.00	  0.000	   0.00	 -20.00	  60.00	   2.84	  0.306	   3.75	   1.65	 336.46	  23.54	  23.54	  42.39	  0.644	 0.89249142	  0.304	 0.12405440	  0.011	 0.34382054	 0.2135	  0.638	  0.21264	 0.99473327	
m70208c4r7.htb	    0.0	  40.00	  0.000	 -10.00	 -15.00	  50.00	   6.32	  0.380	  10.46	   5.09	  78.26	  78.26	  78.26	 317.82	  0.551	 0.11531876	  0.396	 0.06962759	  0.054	 0.03876651	 0.4040	  0.660	  0.75977	 0.94375807	
m70208c5r7.htb	    0.0	  30.00	  0.000	   0.00	 -10.00	  60.00	   4.43	  0.341	   6.73	   8.43	  25.17	  25.17	  25.17	 324.08	  0.785	 0.02957463	  0.740	 0.00292988	  0.149	 0.00039746	 0.4216	  0.511	  0.39479	 0.98290101	
m70209c1r7.htb	    0.0	  30.00	  0.000	  -5.00	 -15.00	  60.00	   3.63	  0.293	   7.43	   1.88	   9.32	   9.32	   9.32	  42.39	  0.331	 0.12945874	  0.242	 0.17807774	  0.043	 0.06456566	 0.3923	  0.426	  0.98700	 0.91176001	
m70209c2r7.htb	    0.0	  30.00	  0.000	  -5.00	 -15.00	  50.00	   7.06	  0.257	  10.03	   3.21	 126.71	 126.71	  53.29	 150.24	  0.520	 0.28954404	  0.930	 0.00002681	  0.100	 0.00429930	 0.3324	  0.523	  0.08839	 0.99905171	
m70212c1r7.htb	    0.0	  30.00	  0.000	  10.00	 -25.00	  60.00	   3.83	  0.340	   2.74	   3.73	 165.99	 165.99	  14.01	 479.19	  1.414	 0.43324337	  0.307	 0.12143290	  0.024	 0.16751353	 0.3407	  0.605	  0.79973	 0.93848448	
m70212c2r7.htb	    0.0	  30.00	  0.000	  10.00	 -20.00	  40.00	   2.04	  0.317	   2.15	   0.85	 255.04	 104.96	  75.04	 135.49	  0.884	 0.37342290	  0.808	 0.00097748	  0.076	 0.01355874	 0.3273	  0.332	  0.23765	 0.99347528	
m70212c3r7.htb	  300.0	  30.00	  0.000	  10.00	 -30.00	  60.00	   5.57	  0.336	   7.52	   3.52	 269.92	  90.08	  89.92	 205.05	  0.644	 0.07056630	  0.792	 0.00130927	  0.127	 0.00118717	 0.3584	  0.548	  0.24549	 0.99305559	
m70212c4r7.htb	  300.0	  30.00	  0.000	   0.00	 -30.00	  60.00	   0.50	  0.409	   0.60	   0.22	  48.03	  48.03	  48.03	  42.39	  0.694	 0.70602273	  0.287	 0.13751423	  0.017	 0.24259804	 0.2440	  0.493	  0.24175	 0.99325724	
m70213c1r7.htb	    0.0	  30.00	  0.000	  -5.00	 -15.00	  40.00	   0.05	  0.295	   0.94	   0.97	 243.46	 116.54	  63.46	 379.43	  0.521	 0.77697386	  0.101	 0.40506266	  0.022	 0.19218969	 0.2581	  0.436	  0.30426	 0.98953732	
m70216c1r7.htb	    0.0	  30.00	  0.000	   0.00	 -15.00	  60.00	   3.13	  0.483	   2.57	   2.24	 106.87	 106.87	  73.13	  42.39	  1.334	 0.42089586	  0.504	 0.03216111	  0.046	 0.05697896	 0.3051	  0.646	  0.34530	 0.98670558	
m70219c1r7.htb	    0.0	  30.00	  0.000	   0.00	   0.00	 120.00	   1.00	  0.705	   1.36	   3.17	 329.07	  30.93	  30.93	  42.39	  0.896	 0.12670480	  0.439	 0.05183448	  0.064	 0.02314823	 0.3555	  1.101	  0.75391	 0.94451793	
m70221c1r7.htb	    0.0	  50.00	  0.000	  -5.00	 -15.00	  70.00	   1.79	  0.302	   2.33	   0.67	 283.34	  76.66	  76.66	  42.39	  0.553	 0.89625453	  0.259	 0.16130219	  0.012	 0.33906685	 0.1652	  0.565	  0.14547	 0.99747964	
m70222c1r7.htb	    0.0	  30.00	  0.000	   0.00	   0.00	 100.00	   1.34	  0.327	   2.49	   2.76	  78.97	  78.97	  78.97	 392.31	  0.707	 0.76444489	  0.270	 0.15147182	  0.032	 0.11463674	 0.2874	  0.567	  0.37485	 0.98448380	
m70222c2r7.htb	    0.0	  30.00	  0.000	   0.00	   0.00	 100.00	   2.64	  0.256	   2.70	   0.69	 249.87	 110.13	  69.87	 120.89	  0.918	 0.98356036	  0.618	 0.01205638	  0.013	 0.30992705	 0.1598	  0.624	  0.04765	 0.99972070	
m70222c3r7.htb	    0.0	  30.00	  0.000	   0.00	 -10.00	 100.00	   8.41	  0.227	  10.07	   2.55	 296.56	  63.44	  63.44	  42.39	  0.605	 0.65202596	  0.449	 0.04832304	  0.029	 0.12849156	 0.2983	  0.495	  0.30524	 0.98947358	
m70222c4r7.htb	    0.0	  30.00	  0.000	   0.00	 -25.00	  60.00	   1.79	  0.377	   1.12	   2.16	 345.85	  14.15	  14.15	 365.66	  1.447	 0.50318788	  0.654	 0.00829988	  0.046	 0.05720258	 0.3020	  0.472	  0.27500	 0.99137038	
m70223c1r7.htb	    0.0	  30.00	  0.000	  10.00	  10.00	  50.00	   2.79	  0.351	   4.25	   1.71	 279.24	  80.76	  80.76	 110.80	  0.539	 0.62565072	  0.776	 0.00171233	  0.052	 0.04248851	 0.3254	  0.572	  0.16804	 0.99666191	
m70223c2r7.htb	    0.0	  30.00	  0.000	   0.00	   0.00	 100.00	   3.33	  0.254	   7.05	   2.48	 338.39	  21.61	  21.61	  46.21	  0.400	 0.99066755	  0.777	 0.00168214	  0.013	 0.32109240	 0.1363	  1.074	  0.06413	 0.99949674	
m70223c3r7.htb	    0.0	  40.00	  0.000	   0.00	   0.00	 100.00	   6.17	  0.347	   6.75	   7.61	  11.90	  11.90	  11.90	 283.51	  0.929	 0.05458110	  0.816	 0.00083400	  0.158	 0.00025563	 0.3966	  0.559	  0.07366	 0.99933828	
m70226c1r7.htb	    0.0	  30.00	  0.000	  -5.00	  -5.00	  40.00	   1.39	  0.333	   1.75	   0.33	 259.36	 100.64	  79.36	  82.89	  0.479	 0.82128739	  0.100	 0.40816681	  0.003	 0.60903421	 0.2578	  0.438	  0.27653	 0.99127842	
m70226c2r7.htb	    0.0	  30.00	  0.000	  20.00	  -5.00	  60.00	   4.63	  0.284	   6.89	   1.33	 162.41	 162.41	  17.59	  97.47	  0.370	 0.80774058	  0.384	 0.07529400	  0.021	 0.19930456	 0.2808	  0.575	  0.21406	 0.99466507	
m70226c3r7.htb	    0.0	  30.00	  0.000	   0.00	 -10.00	  60.00	   6.37	  0.411	   7.18	   2.13	 291.74	  68.26	  68.26	  88.83	  0.723	 0.47140908	  0.289	 0.13535404	  0.030	 0.12543007	 0.3657	  0.607	  0.90739	 0.92349771	
m70306c1r7.htb	    0.0	  30.00	  0.000	 -10.00	 -10.00	  60.00	   1.79	  0.397	   2.61	   1.41	 343.84	  16.16	  16.16	  42.39	  0.632	 0.50746167	  0.670	 0.00699806	  0.054	 0.03888478	 0.3292	  0.474	  0.22453	 0.99415043	
m70306c2r7.htb	    0.0	  30.00	  0.000	   0.00	   0.00	 100.00	   4.78	  0.172	   7.41	   1.61	 289.92	  70.08	  70.08	  42.39	  0.379	 0.84824516	  0.411	 0.06259506	  0.017	 0.24474317	 0.2444	  0.439	  0.17836	 0.99625214	
m70306c3r7.htb	    0.0	  30.00	  0.000	  20.00	  10.00	  60.00	   5.67	  0.242	   7.02	   4.63	  41.26	  41.26	  41.26	 467.86	  0.774	 0.72833573	  0.183	 0.25132447	  0.034	 0.10157448	 0.2515	  0.637	  0.13134	 0.99793593	
m70308c1r7.htb	    0.0	  50.00	  0.000	  20.00	 -10.00	  60.00	   1.89	  0.418	   4.94	   1.56	 133.94	 133.94	  46.06	  42.39	  0.339	 0.17715057	  0.343	 0.09756636	  0.055	 0.03623693	 0.3651	  0.509	  0.96425	 0.91516705	
m70308c2r7.htb	    0.0	  50.00	  0.000	  -5.00	  -5.00	  50.00	   5.12	  0.214	   8.74	   2.99	 291.79	  68.21	  68.21	  42.39	  0.453	 0.78005817	  0.707	 0.00451505	  0.037	 0.08769505	 0.2466	  0.523	  0.17750	 0.99628702	
m70308c3r7.htb	    0.0	  50.00	  0.000	  10.00	 -10.00	  50.00	   3.48	  0.361	   6.70	   2.87	 139.36	 139.36	  40.64	  72.13	  0.471	 0.00750495	  0.681	 0.00618241	  0.152	 0.00035521	 0.4328	  0.411	  0.70028	 0.95129379	
m70309c1r7.htb	    0.0	  30.00	  0.000	   0.00	 -10.00	  50.00	   0.70	  0.622	   1.07	   1.63	 287.28	  72.72	  72.72	  42.39	  0.814	 0.00642014	  0.540	 0.02413333	  0.136	 0.00075403	 0.4691	  0.400	  1.06730	 0.89942572	
m70309c2r7.htb	  270.0	  30.00	  0.000	   0.00	  -5.00	  50.00	   3.38	  0.188	  18.09	   1.44	 231.97	 128.03	  51.97	  42.39	  0.089	 0.96079427	  0.467	 0.04247605	  0.014	 0.29129842	 0.1843	  0.718	  0.17963	 0.99620032	
m70309c3r7.htb	  270.0	  30.00	  0.000	   5.00	   0.00	  50.00	   8.66	  0.247	  16.22	   3.32	 298.00	  62.00	  62.00	 162.03	  0.305	 0.31312435	  0.596	 0.01476853	  0.057	 0.03321689	 0.3302	  0.584	  0.39299	 0.98304710	
m70312c1r7.htb	    0.0	  50.00	  0.000	  -5.00	   0.00	  70.00	   1.39	  0.453	   2.84	   2.30	 116.87	 116.87	  63.13	  42.39	  0.614	 0.24269134	  0.371	 0.08169014	  0.043	 0.06338090	 0.3719	  0.566	  0.59200	 0.96394826	
m70313c1r7.htb	    0.0	  30.00	  0.000	   0.00	   0.00	 100.00	   1.47	  0.543	   1.50	   2.54	  25.46	  25.46	  25.46	  42.44	  0.990	 0.00393358	  0.783	 0.00151158	  0.094	 0.00003769	 0.3619	  0.581	  0.20238	 0.99521312	
m70313c2r7.htb	    0.0	  30.00	  0.000	  10.00	   5.00	  50.00	  14.18	  0.316	  20.78	   6.73	  51.19	  51.19	  51.19	  89.25	  0.505	 0.37842683	  0.753	 0.00242373	  0.074	 0.01497531	 0.3616	  0.837	  0.16517	 0.99677177	
m70410c1r7.htb	    0.0	  30.00	  0.000	  10.00	 -20.00	  40.00	   5.97	  0.300	  10.75	   5.59	 341.49	  18.51	  18.51	  42.39	  0.539	 0.25893958	  0.559	 0.02048823	  0.061	 0.02662425	 0.3122	  0.703	  0.53146	 0.97036702	
m70410c2r7.htb	    0.0	  30.00	  0.000	   5.00	 -20.00	  40.00	   6.12	  0.234	  11.50	   3.90	  27.96	  27.96	  27.96	  42.39	  0.420	 0.67934139	  0.352	 0.09235253	  0.029	 0.12856421	 0.2977	  0.679	  0.33159	 0.98768486	
m70410c3r7.htb	    0.0	  30.00	  0.000	   0.00	   0.00	 100.00	   7.66	  0.390	   9.98	   4.24	 315.64	  44.36	  44.36	  42.39	  0.646	 0.17398788	  0.367	 0.08392641	  0.092	 0.05691452	 0.4194	  0.669	  2.27194	 0.68588196	
m70411c1r7.htb	    0.0	  30.00	  0.000	   0.00	   0.00	 100.00	   3.18	  0.267	   4.29	   1.97	 296.89	  63.11	  63.11	  42.39	  0.642	 0.80387106	  0.560	 0.02030178	  0.027	 0.14292599	 0.2414	  0.600	  0.41322	 0.98138070	
m70411c2r7.htb	    0.0	  30.00	  0.000	   5.00	   0.00	 100.00	   0.80	  0.393	   0.52	   0.69	  16.89	  16.89	  16.89	  42.39	  1.659	 0.90140652	  0.283	 0.14052874	  0.007	 0.30204028	 0.2173	  0.693	  0.09773	 0.99884428	
m70412c1r7.htb	    0.0	  30.00	  0.000	   0.00	   0.00	  50.00	   0.35	  0.375	   1.59	   0.68	 139.05	 139.05	  40.95	  42.39	  0.353	 0.54593045	  0.286	 0.13819728	  0.021	 0.20125673	 0.2872	  0.538	  0.63386	 0.95922834	
m70412c1r8.htb	    0.0	  30.00	  0.000	   0.00	   0.00	  50.00	   0.35	  0.375	   1.59	   0.68	 139.05	 139.05	  40.95	  42.39	  0.353	 0.54593045	  0.286	 0.13819670	  0.021	 0.20125616	 0.2872	  0.538	  0.63385	 0.95922853	
m70412c2r7.htb	    0.0	  30.00	  0.000	   0.00	   0.00	  60.00	   0.65	  0.696	   0.36	   0.42	 340.34	  19.66	  19.66	  42.39	  3.226	 0.49411447	  0.377	 0.07853126	  0.041	 0.07161581	 0.2777	  0.523	  0.55075	 0.96837567	
m70412c3r7.htb	    0.0	  30.00	  0.000	   0.00	   0.00	  40.00	   3.08	  0.321	   2.19	   2.16	 230.10	 129.90	  50.10	 311.42	  1.710	 0.64097401	  0.734	 0.00316427	  0.063	 0.03170991	 0.3117	  0.429	  0.24515	 0.99307446	
m70417c1r7.htb	    0.0	  50.00	  0.000	   0.00	 -15.00	  50.00	   0.70	  0.509	   2.65	   2.71	 329.56	  30.44	  30.44	  83.70	  0.581	 0.08663309	  0.850	 0.00040961	  0.131	 0.00098479	 0.3923	  0.612	  0.31548	 0.98879325	
m70417c2r7.htb	    0.0	  50.00	  0.000	  10.00	 -15.00	  50.00	   8.66	  0.200	  20.02	   4.05	 318.97	  41.03	  41.03	  42.39	  0.263	 0.80851913	  0.762	 0.00212752	  0.037	 0.08659229	 0.2878	  0.702	  0.11837	 0.99831610	
m70417c3r7.htb	    0.0	  64.00	  0.000	   0.00	   0.00	 100.00	   0.90	  0.361	   2.45	   0.71	 108.94	 108.94	  71.06	  47.00	  0.314	 0.97256306	  0.251	 0.16909839	  0.006	 0.50801935	 0.1997	  0.806	  0.21390	 0.99467270	
m70418c1r7.htb	    0.0	  64.00	  0.000	   0.00	 -20.00	  60.00	   1.29	  0.394	   4.28	   3.42	 287.30	  72.70	  72.70	  42.39	  0.534	 0.16402267	  0.810	 0.00093427	  0.107	 0.00313009	 0.3716	  0.485	  0.24552	 0.99305414	
m70418c2r7.htb	    0.0	  64.00	  0.000	  10.00	 -10.00	  50.00	   1.99	  0.201	   5.58	   2.61	 323.49	  36.51	  36.51	 381.14	  0.421	 0.96407701	  0.853	 0.00037754	  0.021	 0.19730003	 0.2031	  0.594	  0.02590	 0.99991684	
m70418c3r7.htb	    0.0	  64.00	  0.000	   0.00	   0.00	 100.00	   4.08	  0.338	   9.45	   4.30	 341.96	  18.04	  18.04	  55.55	  0.445	 0.29808760	  0.761	 0.00215714	  0.084	 0.00926052	 0.3339	  0.639	  0.23562	 0.99358211	
m70419c1r7.htb	    0.0	  64.00	  0.000	   0.00	 -10.00	  50.00	   4.68	  0.160	  22.62	   2.68	  20.57	  20.57	  20.57	 170.70	  0.130	 0.75344918	  0.715	 0.00409789	  0.036	 0.09325411	 0.2859	  0.515	  0.17639	 0.99633191	
m70419c2r7.htb	    0.0	  64.00	  0.000	   0.00	   0.00	  40.00	   7.51	  0.116	  26.61	   2.48	 138.69	 138.69	  41.31	  42.39	  0.115	 0.78363472	  0.550	 0.02219445	  0.030	 0.12340927	 0.2641	  0.444	  0.18997	 0.99576448	
m70419c4r7.htb	    0.0	  64.00	  0.000	  10.00	 -20.00	  50.00	   4.78	  0.281	   4.13	   3.51	 139.50	 139.50	  40.50	 511.69	  1.225	 0.15051463	  0.125	 0.35133223	  0.050	 0.04677106	 0.3763	  0.371	  0.80889	 0.93725261	
