FILE		 PrDir	 PrSpd	 PrHDsp	 RFX	 RFY	 RFDiam	 Spont	 DirMI	 BRate	 Ampl	 PD360	 PD180	 PD90	 FWHM	 DSI	 AnovaP		 Rmeans	 Pmeans		 Rraw	 Praw		 DirDI	 VarTrm	 Chi2		 ChiP		
m21144c1r3.htb	   45.0	   5.00	  0.000	  10.00	   0.00	  10.00	   0.86	  0.353	   2.75	   0.76	  44.73	  44.73	  44.73	  42.39	  0.287	 0.45320455	  0.272	 0.15017084	  0.009	 0.14177599	 0.2343	  0.919	  0.27339	 0.99146630	
m60110c1r6.htb	   45.0	   5.00	  0.000	   0.00	   0.00	  50.00	   1.59	  0.202	   2.10	   0.85	 339.28	  20.72	  20.72	  54.04	  0.624	 0.85833134	  0.659	 0.00788131	  0.018	 0.14026047	 0.2120	  0.502	  0.10358	 0.99870426	
m60110c2r7.htb	   45.0	   5.00	  0.000	   3.00	  -7.00	  30.00	   8.01	  0.195	  14.53	   2.76	 109.36	 109.36	  70.64	 249.22	  0.297	 0.20225803	  0.545	 0.02312914	  0.070	 0.01778956	 0.3564	  0.424	  0.85835	 0.93045918	
m60125c1r8.htb	   45.0	  10.00	  0.000	   0.00	   0.00	  50.00	   3.88	  0.211	   5.74	   0.51	 302.84	  57.16	  57.16	 231.32	  0.215	 0.78618907	  0.095	 0.42066904	  0.007	 0.44953139	 0.2629	  0.391	  0.70354	 0.95089158	
m60125c2r7.htb	   45.0	  10.00	  0.000	  -7.00	  -3.00	  40.00	   9.35	  0.303	   5.26	   1.95	 289.04	  70.96	  70.96	 167.36	 -0.910	 0.27009698	  0.572	 0.01839581	  0.126	 0.02651791	 0.3722	  0.364	  1.91719	 0.75098635	
m60125c3r7.htb	   45.0	  10.00	  0.000	  -8.00	 -18.00	  30.00	   2.84	  0.270	  11.90	   3.22	  81.80	  81.80	  81.80	  42.39	  0.262	 0.07600211	  0.234	 0.18756832	  0.063	 0.02529089	 0.3680	  0.525	  0.90877	 0.92329946	
m60125c4r2.htb	   90.0	  10.00	  0.000	   0.00	  -8.00	  30.00	   2.59	  0.360	   3.28	   1.40	 309.02	  50.98	  50.98	  76.70	  0.670	 0.59204031	  0.399	 0.06811590	  0.039	 0.08131095	 0.2663	  0.615	  0.23768	 0.99347390	
m60201c2r9.htb	   90.0	   5.00	  0.000	   0.00	 -10.00	  30.00	  14.83	  0.262	  21.75	   4.55	 273.28	  86.72	  86.72	  42.39	  0.396	 0.02999067	  0.506	 0.03165894	  0.108	 0.00296456	 0.4375	  0.457	  0.93085	 0.92009311	
m60201c3r3.htb	  270.0	  20.00	  0.000	   8.00	 -15.00	  50.00	   4.38	  0.310	  10.55	   3.86	 325.65	  34.35	  34.35	  51.83	  0.385	 0.61219301	  0.901	 0.00009375	  0.070	 0.02313939	 0.2841	  0.741	  0.05782	 0.99959011	
m60201c4r3.htb	  270.0	  20.00	  0.000	   8.00	 -18.00	  30.00	  14.08	  0.109	  18.27	   1.79	 209.80	 150.20	  29.80	 139.19	  0.300	 0.69554486	  0.603	 0.01388557	  0.042	 0.06966555	 0.2359	  0.388	  0.21640	 0.99455188	
m60201c5r9.htb	  100.0	  30.00	  0.000	  10.00	 -10.00	  50.00	   2.74	  0.280	  10.68	   3.41	 147.26	 147.26	  32.74	  89.00	  0.301	 0.52682622	  0.805	 0.00104216	  0.063	 0.02474037	 0.3065	  0.691	  0.07427	 0.99932726	
m60203c1r7.htb	    0.0	   5.00	  0.000	  -2.00	 -12.00	  50.00	   7.16	  0.337	   9.06	   3.01	 320.19	  39.81	  39.81	  54.95	  0.614	 0.02710680	  0.714	 0.00410986	  0.137	 0.00071541	 0.4507	  0.397	  0.49660	 0.97383159	
m60203c2r3.htb	    0.0	   5.00	  0.000	  -5.00	 -10.00	  40.00	   8.51	  0.174	  13.32	   3.05	  24.06	  24.06	  24.06	  62.91	  0.388	 0.27231611	  0.922	 0.00003985	  0.102	 0.00384342	 0.3126	  0.389	  0.10020	 0.99878609	
m60203c3r8.htb	    0.0	  25.00	  0.000	   5.00	 -20.00	  40.00	   5.67	  0.398	   7.72	   5.18	  30.01	  30.01	  30.01	  42.39	  0.716	 0.59256628	  0.666	 0.00727445	  0.099	 0.04806914	 0.3772	  0.707	  0.44349	 0.97876422	
m60207c1r7.htb	  120.0	  10.00	  0.000	  -8.00	 -12.00	  50.00	   1.96	  0.337	   4.69	   2.58	 282.90	  77.10	  77.10	  42.39	  0.485	 0.37420951	  0.753	 0.00243823	  0.048	 0.01606474	 0.3079	  0.595	  0.15280	 0.99722583	
m60207c3r7.htb	   50.0	  10.00	  0.000	  -5.00	  -5.00	  50.00	   9.65	  0.206	  16.21	   1.56	 326.01	  33.99	  33.99	 159.02	  0.192	 0.63853751	  0.118	 0.36448287	  0.013	 0.31725793	 0.3076	  0.550	  0.34954	 0.98639552	
m60207c4r8.htb	   45.0	   8.00	  0.000	  10.00	  10.00	  50.00	   9.15	  0.450	   2.22	   8.43	 179.38	 179.38	   0.62	 530.50	  5.626	 0.21973415	  0.080	 0.46167020	  0.053	 0.04001524	 0.3984	  0.715	  0.57008	 0.96632958	
m60301c1r7.htb	   45.0	  10.00	  0.000	   0.00	  -5.00	  40.00	   4.83	  0.253	  10.54	   2.48	 303.39	  56.61	  56.61	  70.29	  0.302	 0.64398281	  0.705	 0.00461175	  0.046	 0.05543298	 0.3213	  0.545	  0.18851	 0.99582737	
m60301c2r8.htb	   45.0	  10.00	  0.000	  -5.00	 -10.00	  40.00	  12.34	  0.192	  17.93	   4.22	 295.01	  64.99	  64.99	 148.75	  0.430	 0.59609659	  0.981	 0.00000026	  0.146	 0.01513677	 0.3468	  0.457	  0.05044	 0.99968727	
m60301c3r7.htb	   45.0	  10.00	  0.000	  10.00	  -5.00	  40.00	   5.32	  0.233	  15.00	   0.65	  25.18	  25.18	  25.18	 279.93	  0.063	 0.52267095	  0.045	 0.58519075	  0.001	 0.75515352	 0.3068	  0.558	  1.24140	 0.87123649	
m60301c4r7.htb	   45.0	  10.00	  0.000	  20.00	 -10.00	  50.00	   6.87	  0.420	   7.93	   2.46	  48.96	  48.96	  48.96	 270.01	  0.698	 0.18719890	  0.156	 0.29302079	  0.074	 0.09939791	 0.4892	  0.403	  4.43748	 0.35002483	
m60302c1r8.htb	   30.0	  10.00	  0.000	   0.00	  -2.00	  40.00	   2.59	  0.285	   6.68	   1.61	 283.26	  76.74	  76.74	  75.20	  0.282	 0.09068298	  0.530	 0.02616062	  0.082	 0.01000996	 0.4076	  0.327	  0.98166	 0.91256445	
m60302c2r8.htb	   30.0	  10.00	  0.000	   0.00	 -10.00	  40.00	   2.49	  0.327	   8.16	   3.18	 299.82	  60.18	  60.18	  42.39	  0.359	 0.33538226	  0.492	 0.03515412	  0.053	 0.04061526	 0.3522	  0.536	  0.57451	 0.96585362	
m60302c3r7.htb	   30.0	  10.00	  0.000	  -5.00	  -5.00	  60.00	   6.89	  0.197	   8.17	   1.16	 303.09	  56.91	  56.91	 162.87	  0.475	 0.80777087	  0.242	 0.17862175	  0.027	 0.23110149	 0.2557	  0.439	  0.41555	 0.98118386	
m60302c4r7.htb	    0.0	  10.00	  0.000	  -5.00	   0.00	  50.00	   9.40	  0.203	  15.04	   2.69	 335.32	  24.68	  24.68	 222.09	  0.323	 0.37397343	  0.439	 0.05181595	  0.039	 0.07852349	 0.3140	  0.491	  0.45947	 0.97732512	
m60404c3r7.htb	    0.0	  10.00	  0.000	  10.00	  10.00	  40.00	   2.35	  0.230	   3.40	   0.93	 125.70	 125.70	  54.30	  68.39	  0.472	 0.80226956	  0.788	 0.00139552	  0.026	 0.07935422	 0.2234	  0.469	  0.04362	 0.99976563	
m60404c4r7.htb	    0.0	  10.00	  0.000	  10.00	   5.00	  40.00	   4.28	  0.260	   8.03	   1.60	   1.60	   1.60	   1.60	  42.39	  0.299	 0.78174259	  0.327	 0.10743638	  0.038	 0.22901872	 0.2957	  0.506	  0.49585	 0.97390331	
m60404c5r7.htb	    0.0	  10.00	  0.000	   0.00	   0.00	  40.00	   5.07	  0.207	   7.70	   0.12	  71.42	  71.42	  71.42	 253.07	  0.043	 0.77563409	  0.035	 0.63064896	  0.000	 0.97549512	 0.3229	  0.354	  1.02214	 0.90642006	
m60405c2r7.htb	  270.0	  10.00	  0.000	 -10.00	 -15.00	  40.00	   4.33	  0.407	   5.05	   2.61	 258.57	 101.43	  78.57	 114.12	  0.783	 0.10363895	  0.750	 0.00254566	  0.113	 0.00226197	 0.3976	  0.528	  0.26161	 0.99215551	
m60405c3r7.htb	  270.0	  10.00	  0.000	  -5.00	 -15.00	  40.00	   3.93	  0.509	   3.10	   2.23	 313.18	  46.82	  46.82	  51.51	  1.589	 0.00859894	  0.777	 0.00167880	  0.173	 0.00012362	 0.4825	  0.438	  0.53682	 0.96981851	
m60414c1r7.htb	  250.0	  10.00	  0.000	  -8.00	  -8.00	  50.00	   0.65	  0.531	   3.90	   3.05	 287.27	  72.73	  72.73	  77.67	  0.483	 0.02360579	  0.832	 0.00060918	  0.166	 0.00017965	 0.4167	  0.560	  0.29779	 0.98995641	
m60414c3r7.htb	  270.0	  10.00	  0.000	 -10.00	   0.00	  50.00	  12.56	  0.153	  20.18	   1.99	 269.79	  90.21	  89.79	 211.07	  0.208	 0.46688921	  0.418	 0.06002498	  0.032	 0.08309861	 0.2884	  0.463	  0.21648	 0.99454821	
m60419c1r7.htb	  360.0	  10.00	  0.000	  10.00	   5.00	  50.00	   5.92	  0.343	   8.82	   4.61	  27.57	  27.57	  27.57	  42.39	  0.614	 0.05486864	  0.599	 0.01439025	  0.118	 0.00177911	 0.4193	  0.462	  0.45847	 0.97741574	
m60419c2r7.htb	  180.0	  10.00	  0.000	  10.00	 -10.00	  40.00	   9.05	  0.152	  11.46	   1.45	 335.84	  24.16	  24.16	 130.63	  0.375	 0.79099158	  0.401	 0.06717456	  0.018	 0.23033470	 0.2195	  0.514	  0.32236	 0.98832542	
m60420c2r7.htb	    0.0	  10.00	  0.000	   5.00	   0.00	  40.00	  14.78	  0.142	  26.16	   2.31	 270.42	  89.58	  89.58	 181.03	  0.169	 0.72099503	  0.445	 0.04951823	  0.024	 0.16805646	 0.2749	  0.527	  0.35493	 0.98599793	
m60424c1r7.htb	    0.0	  10.00	  0.000	 -10.00	 -10.00	  40.00	   0.05	  0.236	   6.24	   0.93	  81.29	  81.29	  81.29	  50.15	  0.130	 0.91950192	  0.153	 0.29751655	  0.006	 0.50752015	 0.2219	  0.599	  0.27368	 0.99144934	
m60424c2r7.htb	   90.0	  10.00	  0.000	   8.00	  -8.00	  40.00	   0.39	  0.144	   6.18	   0.64	 314.19	  45.81	  45.81	  42.39	  0.100	 0.88688039	  0.123	 0.35505892	  0.009	 0.45484065	 0.2014	  0.392	  0.25901	 0.99230414	
m60515c4r7.htb	    0.0	  10.00	  0.000	 -10.00	  10.00	  40.00	   1.34	  0.234	   3.24	   0.50	 128.15	 128.15	  51.85	  42.39	  0.208	 0.89108376	  0.206	 0.21962854	  0.009	 0.41225511	 0.2319	  0.400	  0.24967	 0.99282702	
m60517c1r7.htb	    0.0	  10.00	  0.000	   0.00	   0.00	  40.00	   1.94	  0.232	   5.13	   0.96	 273.07	  86.93	  86.93	  42.39	  0.231	 0.66474343	  0.358	 0.08889044	  0.026	 0.14966625	 0.2907	  0.411	  0.25052	 0.99278043	
m60517c2r7.htb	    0.0	  10.00	  0.000	 -10.00	 -10.00	  40.00	   0.80	  0.329	   2.76	   0.67	 352.31	   7.69	   7.69	  42.39	  0.255	 0.78211046	  0.269	 0.15227332	  0.014	 0.30273531	 0.2420	  0.531	  0.42881	 0.98005091	
m60517c3r7.htb	    0.0	  10.00	  0.000	  10.00	 -10.00	  30.00	   2.79	  0.139	   9.98	   0.01	 180.00	 180.00	   0.00	 384.10	  0.002	 0.99008719	  0.005	 0.85049402	  0.000	 0.93079228	 0.1624	  0.549	  0.23067	 0.99383894	
m60517c4r7.htb	    0.0	  10.00	  0.000	   5.00	  -8.00	  30.00	   4.18	  0.164	  10.45	   3.51	 198.02	 161.98	  18.02	 302.48	  0.359	 0.87462371	  0.727	 0.00350915	  0.026	 0.15570566	 0.2490	  0.585	  0.12223	 0.99820677	
m60517c5r7.htb	    0.0	  10.00	  0.000	  10.00	 -10.00	  40.00	   6.07	  0.254	  18.18	   5.24	 320.34	  39.66	  39.66	  76.95	  0.302	 0.45097487	  0.818	 0.00081154	  0.072	 0.01602576	 0.3314	  0.689	  0.09770	 0.99884490	
m60517c6r7.htb	    0.0	  10.00	  0.000	   8.00	  10.00	  40.00	   4.38	  0.171	  21.11	   2.60	 313.50	  46.50	  46.50	  42.39	  0.135	 0.15867189	  0.179	 0.25654081	  0.035	 0.09825861	 0.3222	  0.470	  1.11159	 0.89242842	
m60518c2r7.htb	    0.0	  10.00	  0.000	  -8.00	  -5.00	  40.00	   1.99	  0.261	  13.40	   5.08	  68.13	  68.13	  68.13	  42.39	  0.308	 0.10727822	  0.468	 0.04221427	  0.079	 0.01181130	 0.3771	  0.468	  0.65243	 0.95706310	
m60519c3r7.htb	    0.0	  10.00	  0.000	  -5.00	  -5.00	  30.00	   4.53	  0.166	  14.93	   4.15	 339.85	  20.15	  20.15	  42.39	  0.285	 0.73361226	  0.606	 0.01347573	  0.039	 0.07994521	 0.2421	  0.568	  0.26672	 0.99186000	
m60523c1r7.htb	    0.0	  10.00	  0.000	   0.00	   0.00	  40.00	   4.74	  0.271	  10.98	   3.18	 301.94	  58.06	  58.06	  87.74	  0.338	 0.20468819	  0.608	 0.01319361	  0.048	 0.01666061	 0.2732	  0.736	  0.22341	 0.99420648	
m60523c2r7.htb	    0.0	  10.00	  0.000	   0.00	 -10.00	  40.00	  11.69	  0.215	  24.11	   4.12	 288.14	  71.86	  71.86	 178.50	  0.249	 0.70817626	  0.511	 0.03034318	  0.037	 0.08848310	 0.2928	  0.727	  0.19373	 0.99560082	
m60523c3r7.htb	   60.0	  10.00	  0.000	   0.00	 -10.00	  40.00	   2.89	  0.216	   4.72	   1.83	 245.10	 114.90	  65.10	  42.39	  0.500	 0.57790112	  0.840	 0.00050738	  0.062	 0.02645055	 0.2971	  0.361	  0.13916	 0.99768888	
m60523c4r7.htb	    0.0	  10.00	  0.000	 -10.00	 -10.00	  40.00	   7.52	  0.313	   8.17	   9.51	 273.14	  86.86	  86.86	 447.76	  0.936	 0.26986872	  0.537	 0.02472414	  0.059	 0.05210568	 0.3840	  0.603	  0.61994	 0.96082232	
m60524c1r7.htb	    0.0	  10.00	  0.000	  -5.00	  -7.00	  30.00	   1.94	  0.290	   5.31	   1.05	  88.54	  88.54	  88.54	  42.39	  0.237	 0.85392041	  0.282	 0.14098198	  0.019	 0.22309003	 0.1862	  0.742	  0.13085	 0.99795090	
m60524c2r7.htb	    0.0	  10.00	  0.000	 -10.00	   0.00	  30.00	   1.49	  0.208	   4.90	   2.59	 308.19	  51.81	  51.81	 442.15	  0.432	 0.83446139	  0.467	 0.04253484	  0.009	 0.29009106	 0.2089	  0.611	  0.23991	 0.99335576	
m60524c3r7.htb	    0.0	  10.00	  0.000	   0.00	   7.00	  70.00	  11.54	  0.356	  15.43	   4.26	 285.42	  74.58	  74.58	  63.00	  0.523	 0.40067834	  0.373	 0.08048271	  0.041	 0.07022928	 0.3447	  0.799	  0.55934	 0.96747337	
m60524c4r7.htb	    0.0	  10.00	  0.000	  -5.00	  -5.00	  40.00	   5.47	  0.270	   8.45	   1.49	 131.36	 131.36	  48.64	  62.82	  0.333	 0.51237238	  0.302	 0.12557302	  0.024	 0.16681561	 0.3076	  0.511	  0.50748	 0.97276878	
m60524c5r7.htb	    0.0	  10.00	  0.000	 -10.00	  -5.00	  40.00	   4.58	  0.157	  20.59	   3.52	 248.74	 111.26	  68.74	 108.05	  0.180	 0.30037210	  0.882	 0.00017456	  0.093	 0.00603699	 0.3141	  0.443	  0.12804	 0.99803623	
m60525c1r7.htb	    0.0	  10.00	  0.000	  10.00	 -10.00	  40.00	   0.80	  0.289	   3.34	   0.82	 304.02	  55.98	  55.98	  79.94	  0.243	 0.82031010	  0.352	 0.09190158	  0.025	 0.16280841	 0.1850	  0.561	  0.11745	 0.99834187	
m60525c2r7.htb	    0.0	  10.00	  0.000	   5.00	   0.00	  40.00	   8.66	  0.189	  21.97	   3.68	  88.74	  88.74	  88.74	  42.39	  0.217	 0.75091227	  0.486	 0.03692315	  0.032	 0.11246709	 0.2437	  0.767	  0.27741	 0.99122516	
m60525c3r7.htb	    0.0	  10.00	  0.000	  10.00	 -10.00	  40.00	   3.73	  0.173	   4.03	   0.74	 202.37	 157.63	  22.37	 301.10	  0.714	 0.97090495	  0.458	 0.04526902	  0.010	 0.38687559	 0.1737	  0.504	  0.15583	 0.99711784	
m60525c4r7.htb	    0.0	  10.00	  0.000	  10.00	 -10.00	  30.00	   4.43	  0.278	  10.40	   3.68	 204.49	 155.51	  24.49	 176.77	  0.381	 0.28443528	  0.660	 0.00776180	  0.079	 0.01135164	 0.3172	  0.593	  0.29169	 0.99034421	
m60531c1r7.htb	    0.0	  10.00	  0.000	   0.00	   0.00	  70.00	   5.87	  0.385	   2.58	   5.90	  36.54	  36.54	  36.54	 452.37	  2.259	 0.48178533	  0.409	 0.06368661	  0.034	 0.10093904	 0.2886	  0.905	  0.34997	 0.98636431	
m60531c2r7.htb	  270.0	  10.00	  0.000	  -5.00	  -5.00	  50.00	   5.87	  0.131	   9.51	   0.88	 229.10	 130.90	  49.10	  42.39	  0.195	 0.97675784	  0.397	 0.06908593	  0.009	 0.40336079	 0.1884	  0.509	  0.09403	 0.99892884	
m60601c1r7.htb	    0.0	  10.00	  0.000	   0.00	   7.00	  40.00	   0.10	  0.397	   1.92	   0.84	 318.99	  41.01	  41.01	  42.39	  0.315	 0.25648953	  0.206	 0.21955549	  0.029	 0.13357862	 0.3405	  0.519	  1.00645	 0.90881635	
m60601c2r7.htb	   90.0	  10.00	  0.000	 -10.00	 -15.00	  40.00	   1.33	  0.362	   3.13	   1.05	  91.88	  91.88	  88.12	  79.99	  0.367	 0.44076262	  0.286	 0.13832897	  0.022	 0.10790443	 0.2959	  0.590	  0.31252	 0.98899203	
m60601c3r7.htb	   90.0	  10.00	  0.000	   0.00	 -10.00	  40.00	   1.54	  0.298	   4.20	   2.54	 248.69	 111.31	  68.69	  43.99	  0.488	 0.21375329	  0.837	 0.00055052	  0.101	 0.00399625	 0.3507	  0.397	  0.19758	 0.99542986	
m60601c4r7.htb	   90.0	  10.00	  0.000	   0.00	   0.00	  40.00	   3.53	  0.311	  11.64	   3.72	 357.93	   2.07	   2.07	 143.08	  0.314	 0.42650095	  0.521	 0.02815461	  0.054	 0.03751636	 0.3281	  0.768	  0.34929	 0.98641440	
m60601c5r7.htb	   90.0	  10.00	  0.000	   0.00	  -8.00	  40.00	   8.09	  0.112	  22.22	   2.12	 279.64	  80.36	  80.36	  61.39	  0.130	 0.81559339	  0.638	 0.00984184	  0.020	 0.12366300	 0.2321	  0.494	  0.09894	 0.99881587	
m60602c1r7.htb	    0.0	  10.00	  0.000	   0.00	  -7.00	  30.00	   5.92	  0.174	  12.36	   2.23	 159.87	 159.87	  20.13	  42.39	  0.257	 0.74844250	  0.328	 0.10696468	  0.017	 0.24872629	 0.2274	  0.527	  0.33960	 0.98711658	
m60602c2r7.htb	    0.0	  10.00	  0.000	  -8.00	  -8.00	  30.00	   7.51	  0.177	  13.74	   2.07	 237.32	 122.68	  57.32	 114.47	  0.249	 0.89141282	  0.744	 0.00277325	  0.028	 0.13605086	 0.2377	  0.589	  0.09889	 0.99881713	
m60602c3r7.htb	    0.0	  10.00	  0.000	   0.00	   5.00	  30.00	   3.68	  0.313	   8.84	   4.47	 303.09	  56.91	  56.91	 192.82	  0.464	 0.21331782	  0.677	 0.00648650	  0.103	 0.00368109	 0.3545	  0.617	  0.18251	 0.99608111	
m60602c4r7.htb	    0.0	  10.00	  0.000	   0.00	 -10.00	  20.00	   2.06	  0.299	   5.40	   1.93	 279.53	  80.47	  80.47	  59.65	  0.366	 0.23274726	  0.633	 0.01030362	  0.048	 0.01578231	 0.3207	  0.513	  0.18462	 0.99599281	
m60602c5r7.htb	    0.0	  10.00	  0.000	  -5.00	  -5.00	  50.00	   9.90	  0.198	  15.63	   3.73	 131.13	 131.13	  48.87	  93.42	  0.394	 0.96814565	  0.873	 0.00022532	  0.021	 0.19528856	 0.1629	  1.216	  0.03780	 0.99982367	
m60605c1r7.htb	    0.0	  10.00	  0.000	  -3.00	  -7.00	  30.00	   8.61	  0.115	  28.16	   1.27	   8.78	   8.78	   8.78	 256.07	  0.061	 0.75819142	  0.023	 0.69713322	  0.006	 0.48916738	 0.2747	  0.429	  0.42869	 0.98006109	
m60605c2r7.htb	    0.0	  10.00	  0.000	 -10.00	 -10.00	  30.00	   0.35	  0.318	   0.58	   0.47	  62.28	  62.28	  62.28	  92.48	  0.671	 0.86242577	  0.633	 0.01032818	  0.032	 0.11007005	 0.2395	  0.444	  0.02701	 0.99990962	
m60605c3r7.htb	    0.0	  10.00	  0.000	  -5.00	  -2.00	  30.00	  15.72	  0.201	  12.39	   5.52	 281.14	  78.86	  78.86	 328.19	  2.521	 0.10677138	  0.720	 0.00384887	  0.093	 0.00606928	 0.3629	  0.402	  0.62308	 0.96046488	
m60606c1r7.htb	    0.0	  10.00	  0.000	   8.00	  -8.00	  40.00	   0.00	  1.000	   0.00	   0.01	 310.33	  49.67	  49.67	  42.39	  0.710	 0.62691487	  0.147	 0.30873504	  0.007	 0.35263401	 0.2390	  0.225	  0.12562	 0.93912421	
m60606c2r7.htb	   90.0	  10.00	  0.000	 -10.00	   0.00	  40.00	   0.45	  0.850	   0.00	   0.46	 273.08	  86.92	  86.92	 212.44	 55.096	 0.73846710	  0.789	 0.00137633	  0.043	 0.06640905	 0.1984	  0.982	  0.05668	 0.99960593	
m60606c3r7.htb	   90.0	  10.00	  0.000	  -8.00	 -10.00	  40.00	   0.45	  0.484	   0.51	   0.46	 260.47	  99.53	  80.47	 104.17	  0.882	 0.96793200	  0.318	 0.11372473	  0.009	 0.41590654	 0.1990	  0.766	  0.10103	 0.99876628	
m60606c4r7.htb	   90.0	  10.00	  0.000	   8.00	  -5.00	  40.00	   0.25	  0.393	   2.94	   1.40	 275.49	  84.51	  84.51	  42.39	  0.342	 0.49378799	  0.344	 0.09692893	  0.028	 0.13878706	 0.3047	  0.583	  0.55835	 0.96757805	
m60606c5r7.htb	   90.0	  10.00	  0.000	   8.00	   0.00	  40.00	   0.90	  0.381	   3.88	   1.81	 151.88	 151.88	  28.12	  42.39	  0.378	 0.18598109	  0.431	 0.05464507	  0.035	 0.04113882	 0.3376	  0.528	  0.52348	 0.97117489	
m60613c5r7.htb	    0.0	  10.00	  0.000	  -8.00	 -15.00	  30.00	   8.09	  0.287	  15.79	   4.41	 289.22	  70.78	  70.78	 118.63	  0.364	 0.00062406	  0.715	 0.00405994	  0.137	 0.00003255	 0.4252	  0.467	  0.72662	 0.94800625	
m60613c6r7.htb	    0.0	  10.00	  0.000	  -5.00	 -10.00	  30.00	   1.80	  0.180	  13.90	   1.82	 317.77	  42.23	  42.23	  56.92	  0.130	 0.87010775	  0.517	 0.02896805	  0.018	 0.18582321	 0.2531	  0.588	  0.10796	 0.99859444	
m60614c1r7.htb	    0.0	  10.00	  0.000	   0.00	  -8.00	  30.00	   4.58	  0.182	  15.06	   1.20	  34.39	  34.39	  34.39	 213.76	  0.103	 0.87017868	  0.195	 0.23342301	  0.008	 0.41928236	 0.2633	  0.542	  0.26766	 0.99180505	
m60614c2r7.htb	    0.0	  10.00	  0.000	   5.00	  -5.00	  60.00	  14.88	  0.128	  17.92	   1.38	 312.66	  47.34	  47.34	  42.39	  0.311	 0.93519129	  0.241	 0.17966942	  0.009	 0.40890488	 0.1845	  0.603	  0.21016	 0.99485095	
m60614c3r7.htb	    0.0	  10.00	  0.000	   8.00	 -15.00	  30.00	   7.46	  0.157	  11.44	   3.58	 255.64	 104.36	  75.64	 259.18	  0.474	 0.46661617	  0.916	 0.00005245	  0.079	 0.01168251	 0.2792	  0.429	  0.07671	 0.99928302	
m60614c4r7.htb	    0.0	  10.00	  0.000	   8.00	 -18.00	  40.00	  16.62	  0.233	  18.52	   5.45	 327.31	  32.69	  32.69	  42.39	  0.741	 0.38348373	  0.726	 0.00353402	  0.143	 0.01629709	 0.4033	  0.431	  0.34722	 0.98656553	
m60615c1r7.htb	    0.0	  10.00	  0.000	  -8.00	 -17.00	  30.00	   2.39	  0.296	  15.65	   5.41	 160.12	 160.12	  19.88	  42.39	  0.289	 0.34975430	  0.359	 0.08840953	  0.041	 0.07019388	 0.3667	  0.638	  0.42896	 0.98003796	
m60615c2r7.htb	    0.0	  10.00	  0.000	 -10.00	 -17.00	  40.00	   6.02	  0.221	   9.29	   2.42	 285.19	  74.81	  74.81	  42.39	  0.426	 0.47767102	  0.601	 0.01411549	  0.050	 0.04702751	 0.3323	  0.445	  0.36129	 0.98552189	
m60616c1r7.htb	    0.0	  20.00	  0.000	 -10.00	 -15.00	  30.00	   1.69	  0.325	   6.17	   1.73	  89.88	  89.88	  89.88	  42.39	  0.278	 0.44072339	  0.466	 0.04268914	  0.040	 0.07377648	 0.3168	  0.566	  0.42541	 0.98034399	
m60616c2r7.htb	    0.0	  20.00	  0.000	   5.00	 -10.00	  30.00	   2.84	  0.183	   5.94	   0.70	 274.87	  85.13	  85.13	 111.47	  0.183	 0.70481960	  0.438	 0.05226874	  0.021	 0.13072917	 0.2388	  0.363	  0.23256	 0.99374135	
m60619c1r7.htb	    0.0	  20.00	  0.000	   0.00	   0.00	  40.00	   2.84	  0.222	   5.41	   1.27	 185.33	 174.67	   5.33	 372.62	  0.330	 0.80025565	  0.147	 0.30772094	  0.024	 0.17012526	 0.2672	  0.439	  0.19051	 0.99574129	
m60619c2r7.htb	    0.0	  20.00	  0.000	  -5.00	   0.00	  40.00	   2.09	  0.199	   6.63	   1.91	 233.95	 126.05	  53.95	 143.36	  0.296	 0.84333616	  0.911	 0.00006238	  0.040	 0.07373769	 0.2309	  0.583	  0.04839	 0.99971202	
m60619c3r7.htb	    0.0	  20.00	  0.000	   0.00	  -5.00	  40.00	   1.24	  0.350	   3.62	   2.30	  22.89	  22.89	  22.89	  42.39	  0.491	 0.37846885	  0.570	 0.01869978	  0.059	 0.02951392	 0.3278	  0.469	  0.33093	 0.98773134	
m60619c4r7.htb	    0.0	  30.00	  0.000	  -8.00	  -8.00	  30.00	  15.67	  0.142	  20.86	   2.43	 183.00	 177.00	   3.00	  42.39	  0.319	 0.40815181	  0.562	 0.02003307	  0.038	 0.04065721	 0.2704	  0.467	  0.31257	 0.98898821	
m60620c1r7.htb	    0.0	  30.00	  0.000	   5.00	   5.00	  40.00	   7.00	  0.131	  14.43	   1.25	 315.34	  44.66	  44.66	  42.39	  0.144	 0.70997562	  0.199	 0.22865656	  0.008	 0.34292424	 0.1917	  0.605	  0.32622	 0.98805944	
m60620c2r7.htb	    0.0	  30.00	  0.000	   0.00	   5.00	  40.00	  17.15	  0.117	  21.41	   0.70	 313.14	  46.86	  46.86	 354.68	  0.142	 0.78462825	  0.049	 0.56741632	  0.002	 0.63394271	 0.2211	  0.492	  0.50393	 0.97311695	
m60620c3r7.htb	    0.0	  30.00	  0.000	   0.00	  10.00	  40.00	  17.16	  0.174	  18.15	   6.64	 213.78	 146.22	  33.78	 501.23	  0.871	 0.42290410	  0.400	 0.06750503	  0.063	 0.02415594	 0.3081	  0.522	  0.18383	 0.99602598	
m60620c4r7.htb	    0.0	  30.00	  0.000	   0.00	   8.00	  40.00	   4.08	  0.336	   8.56	   4.16	 197.69	 162.31	  17.69	  42.39	  0.481	 0.10104740	  0.459	 0.04505529	  0.076	 0.01303744	 0.3502	  0.540	  0.96516	 0.91503196	
m60621c1r7.htb	    0.0	  30.00	  0.000	   0.00	  -8.00	  30.00	   1.92	  0.342	   6.64	   2.47	   1.40	   1.40	   1.40	 149.33	  0.344	 0.13562639	  0.214	 0.21048421	  0.029	 0.06436517	 0.3246	  0.795	  0.81728	 0.93611588	
m60621c2r7.htb	    0.0	  30.00	  0.000	   8.00	  -2.00	  30.00	   0.13	  0.475	   0.65	   0.41	 137.92	 137.92	  42.08	  42.39	  0.443	 0.27967250	  0.234	 0.18661135	  0.020	 0.12231461	 0.2441	  0.543	  0.34703	 0.98657975	
m60621c3r7.htb	  180.0	  30.00	  0.000	  10.00	   0.00	  60.00	   1.79	  0.442	   1.33	   0.63	 135.96	 135.96	  44.04	  42.39	  3.684	 0.87377395	  0.261	 0.15984390	  0.010	 0.36622523	 0.2332	  0.791	  0.33002	 0.98779457	
m60621c4r7.htb	  180.0	  20.00	  0.000	   0.00	 -10.00	  40.00	   2.19	  0.377	   5.22	   2.21	 136.13	 136.13	  43.87	  42.39	  0.422	 0.21083654	  0.642	 0.00940452	  0.084	 0.00895564	 0.3716	  0.539	  0.37078	 0.98479836	
m60621c5r7.htb	  130.0	  20.00	  0.000	 -10.00	 -10.00	  40.00	   0.36	  0.245	   1.11	   0.48	 199.93	 160.07	  19.93	 116.04	  0.394	 0.82794254	  0.858	 0.00033105	  0.026	 0.07735294	 0.2039	  0.407	  0.02528	 0.99992081	
m60621c6r7.htb	  180.0	  20.00	  0.000	   8.00	 -10.00	  40.00	   2.69	  0.354	   6.01	   1.78	 108.06	 108.06	  71.94	  42.39	  0.349	 0.93800183	  0.412	 0.06256644	  0.015	 0.28477256	 0.1774	  0.961	  0.19512	 0.99553948	
m60623c3r7.htb	   90.0	  30.00	  0.000	  -5.00	  10.00	  40.00	   6.00	  0.209	   8.67	   1.43	 276.92	  83.08	  83.08	  89.57	  0.349	 0.68836587	  0.469	 0.04168135	  0.018	 0.14732720	 0.1785	  0.701	  0.18997	 0.99576468	
m60623c4r7.htb	   90.0	  30.00	  0.000	   3.00	  -5.00	  40.00	   0.80	  0.392	   2.62	   1.52	 249.69	 110.31	  69.69	  42.39	  0.453	 0.83916413	  0.545	 0.02307698	  0.026	 0.15272220	 0.2462	  0.656	  0.25504	 0.99252868	
m60626c2r7.htb	    0.0	  30.00	  0.000	  -8.00	  -8.00	  40.00	   3.93	  0.206	   8.19	   1.29	 323.72	  36.28	  36.28	 181.78	  0.232	 0.28364865	  0.504	 0.03216800	  0.043	 0.06541545	 0.3261	  0.350	  0.87259	 0.92846018	
m60628c1r7.htb	    0.0	  30.00	  0.000	   0.00	  -8.00	  40.00	   4.68	  0.299	  11.65	   3.83	 281.32	  78.68	  78.68	  55.77	  0.354	 0.18214836	  0.749	 0.00258444	  0.096	 0.00504563	 0.3759	  0.506	  0.51381	 0.97214235	
m60628c2r7.htb	    0.0	  30.00	  0.000	  -8.00	 -10.00	  40.00	   1.96	  0.397	   1.35	   2.30	 290.49	  69.51	  69.51	 491.88	  1.362	 0.12435479	  0.431	 0.05481218	  0.056	 0.00900645	 0.3218	  0.469	  0.28242	 0.99092057	
m60703c1r7.htb	    0.0	  20.00	  0.000	  10.00	   8.00	  40.00	   3.88	  0.150	  18.09	   1.87	  46.54	  46.54	  46.54	  42.39	  0.116	 0.65862440	  0.327	 0.10750427	  0.029	 0.13069251	 0.2797	  0.439	  0.65734	 0.95648312	
m60703c2r7.htb	    0.0	  20.00	  0.000	   8.00	  10.00	  40.00	   0.30	  0.202	   7.32	   1.82	 244.97	 115.03	  64.97	  42.39	  0.206	 0.61862500	  0.450	 0.04804463	  0.034	 0.09913323	 0.2753	  0.400	  0.43595	 0.97942929	
m60703c3r7.htb	    0.0	  20.00	  0.000	  -5.00	  10.00	  40.00	   0.20	  0.426	   2.02	   1.08	  38.24	  38.24	  38.24	 122.59	  0.372	 0.13691329	  0.744	 0.00277387	  0.098	 0.00459984	 0.3266	  0.473	  0.96203	 0.91549795	
m60705c1r7.htb	    0.0	  20.00	  0.000	   0.00	 -10.00	  30.00	   2.24	  0.405	   3.49	   1.30	 308.67	  51.33	  51.33	  42.39	  0.508	 0.72769533	  0.525	 0.02732536	  0.030	 0.12489956	 0.2559	  0.714	  0.22295	 0.99422989	
m60705c2r7.htb	    0.0	  20.00	  0.000	  -5.00	 -10.00	  40.00	   1.64	  0.268	   3.76	   0.72	 259.57	 100.43	  79.57	 173.93	  0.254	 0.51718567	  0.344	 0.09673178	  0.029	 0.13190145	 0.2811	  0.382	  0.35060	 0.98631756	
m60705c3r7.htb	    0.0	  20.00	  0.000	   5.00	 -10.00	  40.00	   8.36	  0.145	  25.19	   1.99	  57.49	  57.49	  57.49	 160.70	  0.106	 0.94970908	  0.383	 0.07537359	  0.026	 0.32045808	 0.2988	  0.468	  1.44883	 0.83566573	
m60712c1r7.htb	    0.0	  20.00	  0.000	   3.00	  -5.00	  40.00	   3.98	  0.183	   7.11	   1.20	 255.44	 104.56	  75.44	  42.39	  0.277	 0.96749187	  0.503	 0.03250273	  0.012	 0.33308076	 0.2131	  0.494	  0.13105	 0.99794489	
m60712c1r7.htb	    0.0	  20.00	  0.000	   3.00	  -5.00	  40.00	   3.98	  0.183	   7.11	   1.20	 255.44	 104.56	  75.44	  42.39	  0.277	 0.96749187	  0.503	 0.03250521	  0.012	 0.33308535	 0.2131	  0.494	  0.13105	 0.99794488	
m60717c3r7.htb	  150.0	  20.00	  0.000	 -10.00	 -10.00	  40.00	   0.80	  0.213	  14.06	   4.01	 282.05	  77.95	  77.95	  42.39	  0.232	 0.62530187	  0.949	 0.00000920	  0.065	 0.02197681	 0.2834	  0.596	  0.05512	 0.99962714	
m60814c1r7.htb	    0.0	  20.00	  0.000	   0.00	   0.00	  40.00	   0.65	  0.400	   4.06	   2.01	 237.64	 122.36	  57.64	  42.39	  0.371	 0.67511089	  0.490	 0.03573406	  0.033	 0.10697021	 0.3699	  0.676	  0.44198	 0.97889822	
m60814c2r7.htb	    0.0	  20.00	  0.000	   0.00	   0.00	  40.00	  14.33	  0.144	  18.68	   1.95	  98.61	  98.61	  81.39	  42.39	  0.309	 0.79195211	  0.346	 0.09590494	  0.017	 0.25042753	 0.2322	  0.541	  0.69160	 0.95236126	
m60814c3r7.htb	   50.0	  20.00	  0.000	 -10.00	  10.00	  40.00	   1.54	  0.415	   1.81	   1.33	 159.10	 159.10	  20.90	  42.39	  0.832	 0.15835982	  0.468	 0.04213181	  0.061	 0.02661124	 0.3294	  0.385	  0.63394	 0.95921813	
m60814c4r7.htb	    0.0	  20.00	  0.000	   0.00	   0.00	  40.00	   9.30	  0.102	  11.83	   0.79	 186.56	 173.44	   6.56	  42.39	  0.239	 0.96753111	  0.142	 0.31787247	  0.006	 0.51020657	 0.1807	  0.429	  0.16722	 0.99669335	
m60822c1r7.htb	    0.0	  20.00	  0.000	 -10.00	   0.00	  40.00	   0.10	  0.239	   5.59	   1.02	 100.54	 100.54	  79.46	 222.40	  0.157	 0.65706026	  0.152	 0.29913715	  0.020	 0.20710367	 0.2920	  0.458	  0.70801	 0.95033776	
m60822c2r7.htb	    0.0	  20.00	  0.000	   0.00	  -5.00	  40.00	   1.24	  0.158	   4.03	   0.62	 186.89	 173.11	   6.89	  42.39	  0.181	 0.98300981	  0.396	 0.06938873	  0.010	 0.38659944	 0.1998	  0.437	  0.11353	 0.99844852	
m61117c1r7.htb	   60.0	  20.00	  0.000	  10.00	 -10.00	  40.00	   0.80	  0.276	   3.99	   1.77	 199.71	 160.29	  19.71	  42.39	  0.357	 0.72498342	  0.777	 0.00166568	  0.047	 0.05426133	 0.2412	  0.487	  0.10247	 0.99873153	
m61117c2r7.htb	   60.0	  20.00	  0.000	   5.00	  10.00	  40.00	  11.09	  0.282	  13.15	   4.20	 348.31	  11.69	  11.69	  80.60	  0.671	 0.00203720	  0.809	 0.00096365	  0.209	 0.00001969	 0.4589	  0.369	  0.69180	 0.95233670	
m61117c3r7.htb	  150.0	  20.00	  0.000	   0.00	   0.00	  40.00	  10.05	  0.327	   8.81	   8.73	 243.04	 116.96	  63.04	 329.48	  1.166	 0.00110674	  0.421	 0.05848352	  0.247	 0.00000280	 0.4624	  0.442	  0.50893	 0.97262602	
m70403c1r7.htb	    0.0	  30.00	  0.000	  -5.00	 -10.00	  40.00	   0.00	  0.472	   7.93	   8.97	 349.33	  10.67	  10.67	  42.39	  0.531	 0.21599196	  0.379	 0.07750334	  0.056	 0.03486655	 0.3246	  1.592	  0.40374	 0.98216935	
m70404c3r7.htb	    0.0	  30.00	  0.000	  10.00	  10.00	  30.00	   0.20	  0.422	   2.65	   1.27	  44.00	  44.00	  44.00	 131.14	  0.342	 0.11274265	  0.609	 0.01303422	  0.089	 0.00720724	 0.3774	  0.425	  0.39931	 0.98253320	
m70405c2r7.htb	    0.0	  30.00	  0.000	  10.00	 -10.00	  40.00	   2.64	  0.238	  10.67	   3.66	 214.62	 145.38	  34.62	 257.55	  0.313	 0.17110711	  0.387	 0.07379915	  0.088	 0.00760938	 0.3603	  0.437	  0.76759	 0.94273889	
m70723c1r7.htb	    0.0	  20.00	  0.000	  -8.00	  -8.00	  30.00	   0.60	  0.380	   2.06	   0.98	 257.06	 102.94	  77.06	  56.67	  0.402	 0.85831629	  0.515	 0.02956665	  0.028	 0.13514456	 0.2349	  0.718	  0.08755	 0.99906938	
m70523c2r7.htb	    0.0	  30.00	  0.000	   0.00	   0.00	  40.00	   1.49	  0.333	   2.89	   0.68	 340.18	  19.82	  19.82	 115.60	  0.327	 0.46863959	  0.339	 0.09968124	  0.023	 0.17592867	 0.2909	  0.455	  0.51510	 0.97201410	
m70523c3r7.htb	    0.0	  30.00	  0.000	   0.00	   0.00	  40.00	  11.09	  0.121	  21.11	   2.74	 277.28	  82.72	  82.72	 218.40	  0.215	 0.63875443	  0.623	 0.01138305	  0.043	 0.06600707	 0.2474	  0.485	  0.24789	 0.99292490	
m70524c1r7.htb	    0.0	  20.00	  0.000	   0.00	 -15.00	  40.00	   4.85	  0.202	  10.10	   0.87	   8.29	   8.29	   8.29	 194.15	  0.142	 0.68998251	  0.225	 0.19647193	  0.008	 0.27070209	 0.1980	  0.662	  0.17353	 0.99644656	
m70524c3r7.htb	    0.0	  30.00	  0.000	   0.00	   5.00	  30.00	   0.55	  0.390	   1.23	   0.95	 239.91	 120.09	  59.91	  42.39	  0.582	 0.69153314	  0.761	 0.00214662	  0.047	 0.05458227	 0.3378	  0.428	  0.33659	 0.98733100	
m70525c1r7.htb	    0.0	  30.00	  0.000	   0.00	  -5.00	  40.00	   0.65	  0.257	   9.21	   1.93	  48.78	  48.78	  48.78	  42.39	  0.184	 0.52893164	  0.430	 0.05517193	  0.035	 0.09493088	 0.2957	  0.546	  0.33660	 0.98733084	
m70529c1r7.htb	    0.0	  20.00	  0.000	 -10.00	   8.00	  40.00	   0.70	  0.592	   1.29	   1.55	 206.85	 153.15	  26.85	  42.39	  0.722	 0.57096381	  0.230	 0.19169757	  0.021	 0.20391610	 0.3427	  0.652	  0.44340	 0.97877171	
m70529c2r7.htb	    0.0	  20.00	  0.000	   5.00	   5.00	  25.00	   3.73	  0.220	  13.53	   1.64	 321.95	  38.05	  38.05	 184.52	  0.143	 0.51458380	  0.292	 0.13270924	  0.023	 0.18118923	 0.3072	  0.527	  0.50154	 0.97335079	
m70530c1r7.htb	    0.0	  20.00	  0.000	 -10.00	   5.00	  32.00	   0.10	  0.623	   0.96	   1.35	 355.34	   4.66	   4.66	  85.72	  0.611	 0.08485644	  0.598	 0.01445394	  0.089	 0.00718207	 0.3475	  0.654	  0.60572	 0.96242641	
m70601c1r7.htb	    0.0	  20.00	  0.000	   0.00	 -15.00	  30.00	   5.07	  0.186	   6.03	   1.46	  71.64	  71.64	  71.64	  42.39	  0.604	 0.91979712	  0.516	 0.02933705	  0.020	 0.21588385	 0.2426	  0.443	  0.14583	 0.99746730	
m70605c1r7.htb	    0.0	  20.00	  0.000	   5.00	  12.00	  30.00	   0.00	  0.478	   0.49	   0.56	 296.64	  63.36	  63.36	  42.39	  0.534	 0.87252445	  0.510	 0.03056399	  0.020	 0.20650033	 0.2275	  0.567	  0.13417	 0.99784795	
m70607c1r7.htb	    0.0	  20.00	  0.000	   5.00	  -2.00	  30.00	   0.35	  0.280	   1.78	   0.53	  42.29	  42.29	  42.29	  42.39	  0.269	 0.89429275	  0.393	 0.07075953	  0.020	 0.21187195	 0.2268	  0.457	  0.09259	 0.99896094	
m70607c2r7.htb	    0.0	  20.00	  0.000	   5.00	  -8.00	  20.00	   0.00	  0.437	   5.17	   2.55	   1.57	   1.57	   1.57	  76.17	  0.330	 0.25434242	  0.687	 0.00576875	  0.082	 0.00995133	 0.3955	  0.569	  0.25482	 0.99254107	
m70607c3r7.htb	    0.0	  20.00	  0.000	   5.00	 -10.00	  20.00	   3.33	  0.180	  23.87	   2.09	 250.00	 110.00	  70.00	 111.57	  0.093	 0.44915542	  0.112	 0.37957615	  0.018	 0.24035895	 0.3190	  0.589	  0.77816	 0.94135148	
m70608c1r7.htb	    0.0	  20.00	  0.000	   0.00	   0.00	  60.00	   0.70	  0.174	   3.52	   0.58	  63.97	  63.97	  63.97	  91.98	  0.171	 0.98943941	  0.220	 0.20317128	  0.004	 0.56484506	 0.1762	  0.532	  0.06873	 0.99942282	
m70609c1r7.htb	    0.0	  20.00	  0.000	   0.00	   0.00	  70.00	   3.83	  0.265	   6.36	   1.16	  17.04	  17.04	  17.04	 145.20	  0.314	 0.01930826	  0.409	 0.06365362	  0.063	 0.02444384	 0.4035	  0.296	  1.69020	 0.79249673	
m70609c2r7.htb	    0.0	  20.00	  0.000	   0.00	   8.00	  30.00	   1.54	  0.424	   2.41	   0.93	 207.54	 152.46	  27.54	  42.39	  0.517	 0.05159654	  0.097	 0.41333285	  0.021	 0.19457425	 0.3689	  0.344	  1.30606	 0.86034651	
m70611c2r7.htb	    0.0	  20.00	  0.000	   0.00	  -3.00	  30.00	  12.49	  0.252	  22.51	   8.69	 281.84	  78.16	  78.16	 169.77	  0.464	 0.00162131	  0.931	 0.00002607	  0.253	 0.00000201	 0.4449	  0.482	  0.15936	 0.99698924	
m70611c1r7.htb	    0.0	  20.00	  0.000	  -5.00	 -10.00	  30.00	   0.75	  0.193	   7.00	   1.31	 317.72	  42.28	  42.28	  94.97	  0.173	 0.86640369	  0.773	 0.00177709	  0.036	 0.09383342	 0.2333	  0.465	  0.06375	 0.99950273	
m70612c1r7.htb	    0.0	  20.00	  0.000	   0.00	  -8.00	  30.00	   5.42	  0.196	  19.74	   3.07	  58.52	  58.52	  58.52	  42.39	  0.177	 0.75689894	  0.379	 0.07748205	  0.022	 0.19400507	 0.2921	  0.626	  0.33597	 0.98737574	
m70612c2r7.htb	    0.0	  20.00	  0.000	   0.00	  -7.00	  30.00	   5.72	  0.354	  10.25	   7.06	 280.73	  79.27	  79.27	 275.91	  0.609	 0.00456241	  0.847	 0.00043253	  0.195	 0.00004030	 0.4918	  0.436	  0.41103	 0.98156394	
m70613c2r7.htb	    0.0	  20.00	  0.000	   5.00	   0.00	  40.00	   3.28	  0.279	   5.32	   1.88	 209.99	 150.01	  29.99	  42.39	  0.481	 0.11871398	  0.544	 0.02340591	  0.078	 0.01220398	 0.3794	  0.330	  0.44575	 0.97856312	
m70613c1r7.htb	    0.0	  20.00	  0.000	   0.00	   0.00	  50.00	   1.59	  0.292	   1.66	   1.42	 331.16	  28.84	  28.84	 633.86	  0.952	 0.65556057	  0.185	 0.24735168	  0.043	 0.06457105	 0.3047	  0.364	  0.26101	 0.99219026	
m70618c1r7.htb	    0.0	  20.00	  0.000	   8.00	   3.00	  30.00	   6.32	  0.315	   4.65	   5.07	 352.71	   7.29	   7.29	 551.95	  1.490	 0.20889712	  0.018	 0.72769615	  0.020	 0.21544137	 0.3882	  0.474	  1.01306	 0.90780942	
m70619c1r7.htb	    0.0	  20.00	  0.000	  -5.00	   5.00	  30.00	   1.74	  0.414	   2.26	   0.18	 312.11	  47.89	  47.89	 315.18	  0.253	 0.38127462	  0.040	 0.60714343	  0.003	 0.63547265	 0.3321	  0.375	  1.46917	 0.83208877	
m70621c2r7.htb	    0.0	  20.00	  0.000	  -8.00	   5.00	  30.00	   0.80	  0.413	   1.39	   1.22	 194.82	 165.18	  14.82	  42.39	  0.672	 0.25893087	  0.626	 0.01104309	  0.078	 0.01237819	 0.3645	  0.386	  0.28713	 0.99062999	
m70622c1r7.htb	  180.0	  20.00	  0.000	   5.00	   8.00	  30.00	   7.01	  0.178	  14.25	   1.99	 356.24	   3.76	   3.76	  42.39	  0.215	 0.82797037	  0.518	 0.02886060	  0.026	 0.15384904	 0.2694	  0.525	  0.14163	 0.99760797	
m70625c1r7.htb	  180.0	  30.00	  0.000	   8.00	  -8.00	  30.00	   1.74	  0.284	   6.33	   2.10	 183.90	 176.10	   3.90	  66.72	  0.314	 0.68439828	  0.857	 0.00033801	  0.055	 0.03557080	 0.2937	  0.574	  0.09616	 0.99888059	
m70625c2r7.htb	  180.0	  30.00	  0.000	  -3.00	   5.00	  30.00	   2.34	  0.343	   7.76	   4.26	 244.35	 115.65	  64.35	  42.39	  0.440	 0.26312256	  0.607	 0.01333824	  0.081	 0.01368448	 0.3499	  0.582	  0.36653	 0.98512458	
m70626c1r7.htb	  180.0	  30.00	  0.000	   8.00	   5.00	  25.00	   1.89	  0.174	   2.96	   0.38	 181.36	 178.64	   1.36	  42.39	  0.263	 0.92692879	  0.215	 0.20906987	  0.009	 0.40791755	 0.1938	  0.350	  0.31371	 0.98891231	
m70628c1r7.htb	    0.0	  20.00	  0.000	 -10.00	 -10.00	  30.00	   0.60	  0.278	   2.84	   0.57	   5.26	   5.26	   5.26	  45.49	  0.203	 0.92742501	  0.269	 0.15286139	  0.009	 0.40342113	 0.2392	  0.493	  0.20628	 0.99503307	
m70703c1r7.htb	    0.0	  20.00	  0.000	   0.00	 -10.00	  30.00	   1.49	  0.209	   3.68	   0.76	 266.01	  93.99	  86.01	  91.55	  0.257	 0.91926588	  0.612	 0.01272236	  0.021	 0.20148590	 0.1974	  0.510	  0.09012	 0.99901471	
m70703c2r7.htb	    0.0	  20.00	  0.000	   0.00	  -5.00	  30.00	   2.79	  0.302	   3.76	   0.80	 223.21	 136.79	  43.21	  42.39	  0.453	 0.84672718	  0.160	 0.28535162	  0.009	 0.39825752	 0.2656	  0.567	  0.27344	 0.99146350	
m70705c1r7.htb	    0.0	  20.00	  0.000	  -8.00	   5.00	  30.00	   1.24	  0.366	   1.24	   0.57	 342.16	  17.84	  17.84	 162.23	  1.014	 0.76822961	  0.422	 0.05838550	  0.022	 0.19380716	 0.2821	  0.442	  0.25020	 0.99279805	
m70706c2r7.htb	    0.0	  20.00	  0.000	  -5.00	  -5.00	  30.00	   0.90	  0.218	  10.85	   1.51	 134.32	 134.32	  45.68	  42.39	  0.132	 0.74192647	  0.417	 0.06033216	  0.024	 0.16990836	 0.2350	  0.633	  0.30234	 0.98966294	
m70709c1r7.htb	    0.0	  20.00	  0.000	  -2.00	   0.00	  30.00	   1.84	  0.257	   2.90	   2.09	  60.57	  60.57	  60.57	 580.74	  0.665	 0.57745391	  0.057	 0.53520745	  0.029	 0.13004936	 0.3090	  0.364	  0.30729	 0.98933897	
m70709c2r7.htb	    0.0	  20.00	  0.000	  -8.00	   0.00	  30.00	   3.53	  0.191	   5.90	   0.85	  31.68	  31.68	  31.68	  95.14	  0.264	 0.50553750	  0.394	 0.07013273	  0.031	 0.11997887	 0.2815	  0.335	  0.35288	 0.98615006	
m70709c3r7.htb	    0.0	  20.00	  0.000	 -10.00	   6.00	  30.00	   0.45	  0.420	   1.57	   1.21	 115.52	 115.52	  64.48	  42.39	  0.518	 0.62438240	  0.296	 0.13011537	  0.031	 0.11934834	 0.2633	  0.519	  0.63816	 0.95873020	
m70710c1r7.htb	    0.0	  20.00	  0.000	  -5.00	 -10.00	  30.00	   0.85	  0.204	   7.28	   1.19	 148.17	 148.17	  31.83	  42.39	  0.156	 0.73421891	  0.194	 0.23565871	  0.014	 0.28891435	 0.2787	  0.431	  0.34173	 0.98696330	
m70710c2r7.htb	    0.0	  20.00	  0.000	   0.00	   0.00	  30.00	   8.26	  0.184	  12.77	   1.99	 296.60	  63.40	  63.40	 168.87	  0.306	 0.52988762	  0.683	 0.00604812	  0.051	 0.04415856	 0.3114	  0.430	  0.35311	 0.98613264	
m70711c1r7.htb	    0.0	  20.00	  0.000	   0.00	   8.00	  30.00	   7.66	  0.208	  13.04	   3.60	 341.44	  18.56	  18.56	  42.39	  0.401	 0.25185495	  0.562	 0.02003451	  0.067	 0.02090192	 0.3543	  0.395	  0.37222	 0.98468722	
m70711c2r7.htb	    0.0	  20.00	  0.000	  -5.00	   5.00	  30.00	   3.08	  0.270	   5.52	   4.33	 251.03	 108.97	  71.03	 403.79	  0.640	 0.28749798	  0.199	 0.22847349	  0.057	 0.03236555	 0.3792	  0.442	  0.58380	 0.96484681	
m70712c1r7.htb	    0.0	  20.00	  0.000	  -5.00	   5.00	  30.00	   1.44	  0.368	  12.81	   4.32	 180.02	 179.98	   0.02	  79.74	  0.275	 0.00530837	  0.708	 0.00446774	  0.170	 0.00014777	 0.4811	  0.446	  1.02126	 0.90655546	
m70717c3r7.htb	    0.0	  20.00	  0.000	   0.00	   5.00	  30.00	   2.14	  0.348	   5.13	   1.35	 170.76	 170.76	   9.24	 219.13	  0.310	 0.05458984	  0.124	 0.35296249	  0.043	 0.06490852	 0.3778	  0.438	  1.12642	 0.89005821	
m70718c1r7.htb	    0.0	  20.00	  0.000	   2.00	   5.00	  30.00	   4.03	  0.211	  15.01	   3.63	 315.06	  44.94	  44.94	 174.13	  0.249	 0.44246726	  0.823	 0.00072772	  0.072	 0.01578685	 0.3087	  0.526	  0.11333	 0.99845397	
m70718c2r7.htb	    0.0	  20.00	  0.000	   0.00	  -5.00	  30.00	   6.67	  0.197	  11.97	   2.87	  62.27	  62.27	  62.27	  42.39	  0.351	 0.41740759	  0.288	 0.13666817	  0.036	 0.09294821	 0.3072	  0.462	  0.76991	 0.94243567	
m70718c3r7.htb	    0.0	  20.00	  0.000	   0.00	   2.00	  30.00	   0.65	  0.571	   0.30	   1.39	 157.47	 157.47	  22.53	 280.45	  1.332	 0.46039679	  0.361	 0.08702796	  0.054	 0.03792731	 0.3233	  0.546	  0.17992	 0.99618816	
m70719c1r7.htb	    0.0	  20.00	  0.000	   5.00	   5.00	  30.00	   6.32	  0.086	  30.77	   2.24	 144.37	 144.37	  35.63	  42.39	  0.084	 0.82444019	  0.682	 0.00606895	  0.032	 0.11266151	 0.2728	  0.340	  0.10249	 0.99873109	
m70719c2r7.htb	    0.0	  20.00	  0.000	  -5.00	   0.00	  30.00	  13.38	  0.115	  31.50	   1.67	 311.50	  48.50	  48.50	 260.25	  0.084	 0.24288002	  0.081	 0.45712329	  0.019	 0.22491121	 0.3621	  0.318	  0.92687	 0.92067527	
m70719c3r7.htb	    0.0	  20.00	  0.000	  -5.00	  -5.00	  30.00	   5.47	  0.237	  20.80	   0.95	 155.06	 155.06	  24.94	 182.90	  0.058	 0.30371254	  0.026	 0.67707835	  0.003	 0.62002883	 0.3213	  0.643	  1.19978	 0.87813559	
m70720c1r7.htb	    0.0	  20.00	  0.000	  -5.00	   0.00	  30.00	   4.53	  0.173	  14.37	   5.37	 358.06	   1.94	   1.94	 359.15	  0.353	 0.74718296	  0.507	 0.03151771	  0.036	 0.09402496	 0.2714	  0.573	  0.28988	 0.99045774	
m70720c2r7.htb	    0.0	  20.00	  0.000	  -5.00	  -2.00	  30.00	  14.28	  0.170	  29.97	   5.34	  19.68	  19.68	  19.68	 101.84	  0.254	 0.06934438	  0.897	 0.00010530	  0.145	 0.00048392	 0.3922	  0.419	  0.23844	 0.99343389	
m70723c1r7.htb	    0.0	  20.00	  0.000	  -8.00	  -8.00	  30.00	   0.60	  0.380	   2.06	   0.98	 257.07	 102.93	  77.07	  56.68	  0.402	 0.85831629	  0.515	 0.02957356	  0.028	 0.13515127	 0.2349	  0.718	  0.08755	 0.99906933	
m70730c1r7.htb	    0.0	  20.00	  0.000	  -5.00	   0.00	  30.00	   0.85	  0.253	   9.40	   0.00	 173.51	 173.51	   6.49	 269.62	  0.000	 0.44398280	  0.000	        NaN	  0.000	        NaN	 0.3155	  0.482	  1.25433	 0.86907590	
m70730c2r7.htb	    0.0	  20.00	  0.000	   0.00	  -5.00	  30.00	   5.77	  0.163	  17.22	   1.78	 236.68	 123.32	  56.68	 139.50	  0.135	 0.11252899	  0.418	 0.06004250	  0.051	 0.04427828	 0.3842	  0.311	  0.79584	 0.93900439	
m70731c1r7.htb	    0.0	  20.00	  0.000	  -2.00	   0.00	  30.00	   0.60	  0.340	   5.11	   3.48	  24.88	  24.88	  24.88	  42.39	  0.436	 0.08555663	  0.671	 0.00690675	  0.106	 0.00316463	 0.3744	  0.425	  0.46715	 0.97661927	
m70801c2r7.htb	    0.0	  20.00	  0.000	  -5.00	  -7.00	  30.00	  10.20	  0.159	  15.13	   1.02	 270.19	  89.81	  89.81	 160.34	  0.171	 0.96291103	  0.110	 0.38285461	  0.004	 0.55844310	 0.1819	  0.691	  0.18724	 0.99588187	
m70801c3r7.htb	    0.0	  20.00	  0.000	   5.00	   5.00	  25.00	   8.81	  0.148	  43.08	  10.08	 297.00	  63.00	  63.00	  42.39	  0.227	 0.57916917	  0.787	 0.00141113	  0.061	 0.02736926	 0.3099	  0.632	  0.11059	 0.99852635	
m70802c1r7.htb	    0.0	  20.00	  0.000	  -8.00	  -7.00	  30.00	   2.64	  0.305	   6.79	   6.72	 220.03	 139.97	  40.03	 362.89	  0.618	 0.05992241	  0.590	 0.01563303	  0.081	 0.01075835	 0.3939	  0.512	  0.86669	 0.92928977	
m70802c2r7.htb	    0.0	  20.00	  0.000	   2.00	  -2.00	  30.00	   2.59	  0.237	  16.11	  10.22	 139.85	 139.85	  40.15	 674.44	  0.431	 0.00287104	  0.017	 0.73456604	  0.051	 0.04504082	 0.4966	  0.347	  2.54429	 0.63672282	
m70803c1r7.htb	    0.0	  20.00	  0.000	  -7.00	   7.00	  25.00	   0.30	  0.568	   0.56	   0.57	 165.06	 165.06	  14.94	 123.75	  0.682	 0.86414921	  0.842	 0.00048309	  0.037	 0.08910065	 0.1837	  0.813	  0.03633	 0.99983699	
m70803c2r7.htb	    0.0	  20.00	  0.000	 -10.00	  -3.00	  60.00	   1.89	  0.376	  12.10	   8.40	  23.31	  23.31	  23.31	  42.39	  0.452	 0.09745715	  0.638	 0.00979057	  0.100	 0.00424918	 0.3718	  0.736	  0.39935	 0.98253043	
m70806c1r7.htb	    0.0	  20.00	  0.000	   7.00	   3.00	  12.50	   0.25	  0.492	   4.06	   1.46	 255.37	 104.63	  75.37	 116.13	  0.278	 0.00108234	  0.126	 0.34795902	  0.059	 0.02947970	 0.4618	  0.468	  2.16959	 0.70460004	
m70807c1r7.htb	    0.0	  20.00	  0.000	   0.00	   0.00	  30.00	   2.54	  0.305	  15.30	   5.69	 291.10	  68.90	  68.90	  63.79	  0.308	 0.00152632	  0.731	 0.00330186	  0.193	 0.00004489	 0.4641	  0.436	  0.82528	 0.93502707	
m70809c1r7.htb	    0.0	  20.00	  0.000	   0.00	   2.00	  35.00	   1.34	  0.357	   3.69	   5.67	  74.20	  74.20	  74.20	 428.24	  0.707	 0.05286348	  0.217	 0.20598990	  0.095	 0.00542715	 0.4442	  0.407	  1.26048	 0.86804400	
m70810c1r7.htb	    0.0	  20.00	  0.000	   0.00	   0.00	  30.00	   0.50	  0.436	   4.09	   2.38	 139.50	 139.50	  40.50	 182.04	  0.398	 0.00315382	  0.724	 0.00362098	  0.178	 0.00009932	 0.4452	  0.410	  1.10864	 0.89289891	
m70815c1r7.htb	    0.0	  20.00	  0.000	   0.00	   0.00	  25.00	   0.65	  0.271	   4.20	   1.14	 316.13	  43.87	  43.87	 198.02	  0.242	 0.47065488	  0.451	 0.04774907	  0.040	 0.07522759	 0.2792	  0.501	  0.37756	 0.98427268	
m70816c1r7.htb	    0.0	  20.00	  0.000	   6.00	   5.00	  25.00	   2.59	  0.262	  15.13	   3.25	 257.46	 102.54	  77.46	  94.20	  0.206	 0.45296286	  0.445	 0.04955285	  0.044	 0.06135717	 0.3305	  0.620	  0.41503	 0.98122801	
m70820c1r7.htb	    0.0	  20.00	  0.000	   0.00	   0.00	  35.00	  12.19	  0.080	  19.09	   1.25	 189.54	 170.46	   9.54	 214.81	  0.153	 0.99971068	  0.365	 0.08478871	  0.003	 0.62383750	 0.1080	  0.727	  0.01410	 0.99997528	
m70821c1r7.htb	    0.0	  20.00	  0.000	   0.00	   0.00	  40.00	   6.92	  0.262	   7.51	   5.07	  22.98	  22.98	  22.98	 356.13	  0.895	 0.06189610	  0.654	 0.00833161	  0.084	 0.00933133	 0.3892	  0.396	  1.17462	 0.88225904	
m70822c1r7.htb	    0.0	  20.00	  0.000	  -5.00	  -7.00	  30.00	   1.29	  0.344	   3.54	   0.54	 208.10	 151.90	  28.10	 177.95	  0.193	 0.87120106	  0.211	 0.21336127	  0.008	 0.44485589	 0.2265	  0.584	  0.24267	 0.99320822	
m70823c1r7.htb	    0.0	  20.00	  0.000	   0.00	  -7.00	  20.00	   0.30	  0.257	   3.41	   1.67	 108.73	 108.73	  71.27	  42.39	  0.350	 0.61871924	  0.876	 0.00020728	  0.030	 0.02817421	 0.2306	  0.532	  0.07632	 0.99929023	
m70824c1r7.htb	    0.0	  20.00	  0.000	   0.00	   0.00	  20.00	   5.42	  0.287	  13.12	   4.89	 303.59	  56.41	  56.41	  42.39	  0.388	 0.09503832	  0.854	 0.00037073	  0.129	 0.00109451	 0.4031	  0.487	  0.20118	 0.99526752	
m70827c1r7.htb	    0.0	  20.00	  0.000	   0.00	  -5.00	  25.00	   0.75	  0.325	   4.49	   5.75	  28.80	  28.80	  28.80	 707.48	  0.605	 0.11673442	  0.010	 0.79493938	  0.025	 0.15820482	 0.3760	  0.515	  1.00691	 0.90874635	
m70828c1r7.htb	    0.0	  20.00	  0.000	  -5.00	 -10.00	  25.00	   0.25	  0.361	   1.18	   0.38	  64.65	  64.65	  64.65	  42.39	  0.289	 0.83656925	  0.258	 0.16258267	  0.011	 0.36250240	 0.2031	  0.515	  0.18449	 0.99599821	
m70829c1r7.htb	    0.0	  20.00	  0.000	  -2.00	  -2.00	  25.00	   0.65	  0.369	   9.83	   4.80	 294.40	  65.60	  65.60	  42.39	  0.343	 0.05801075	  0.404	 0.06585906	  0.077	 0.01274666	 0.4330	  0.502	  0.67851	 0.95395183	
m70831c1r7.htb	    0.0	  20.00	  0.000	   5.00	  -7.00	  30.00	   3.78	  0.174	  26.12	   3.51	 300.24	  59.76	  59.76	  60.83	  0.136	 0.18763007	  0.358	 0.08875769	  0.059	 0.02998357	 0.3820	  0.405	  0.49344	 0.97413618	
m70905c1r7.htb	    0.0	  20.00	  0.000	   0.00	   0.00	  40.00	   2.99	  0.216	  15.03	   0.62	 234.52	 125.48	  54.52	 210.34	  0.049	 0.20500016	  0.042	 0.59701926	  0.003	 0.62466122	 0.3553	  0.426	  1.41301	 0.84193121	
