FILE			 PrfOR	 PrfSF	 PrfTF	 RFXctr	 RFYctr	 RFDiam	 GrType	 MaxLoc	 MaxRsp	 MinLoc	 MinRsp	 Spont	 TFMI		 AnovaP	 TFDI  	 VarTerm	 MaxX 	 MinX 	 TFHWHM	 RsqMn	 PMean	 RsqRaw	 Praw		 Chi2		 ChiP		 Brat		 Ampl		 Peak		 SD		 Offst		
m60110c1r3.htb	   0.0	  0.05	 2.000	  0.00	  0.00	 50.00	   0.0	 1.6300	  0.82	 0.5000	  0.08	  0.55	 2.706	 0.98127255	 0.065	  0.844	  8.00	  0.50	  0.1800	 0.2900	 0.34907290	 0.0026	 0.72497395	 0.0086	        NaN	  0.08	  0.75	 1.6256	 0.0851	 0.0044	
m60110c1r3.htb	   0.0	  0.05	 2.000	  0.00	  0.00	 50.00	   1.0	 4.3200	  0.24	 0.5000	  0.06	  0.55	 0.780	 0.90039055	 0.167	  0.863	  8.00	  0.50	  3.6800	 0.2736	 0.36577523	 0.0062	 0.58553126	 0.0526	        NaN	  0.00	  0.24	 4.3217	 1.2839	 0.0010	
m60110c2r4.htb	  30.0	  0.05	 2.000	  3.00	 -7.00	 30.00	   0.0	 1.3000	 12.42	 8.0000	  5.90	  3.23	 1.020	 0.00053613	 0.521	  0.550	  8.00	  0.50	  2.5800	 0.9367	 0.00689893	 0.3285	 0.00001362	 0.1266	        NaN	  3.05	  9.37	 1.2998	 1.1760	 0.0010	
m60110c2r4.htb	  30.0	  0.05	 2.000	  3.00	 -7.00	 30.00	   1.0	 0.5000	 14.20	 8.0000	  7.59	  3.23	 0.816	 0.00003585	 0.523	  0.468	  8.00	  0.50	  1.7000	 0.9518	 0.00456125	 0.4082	 0.00000060	 0.1885	        NaN	  6.81	  7.39	 0.5000	 1.2255	 0.1000	
m60110c3r4.htb	  90.0	  0.03	 1.000	 20.00	 -15.00	 30.00	   0.0	 1.5200	 30.77	 8.0000	 19.02	  9.14	 0.543	 0.00002332	 0.560	  0.334	  8.00	  0.50	  0.5900	 0.9052	 0.01275009	 0.4742	 0.00000090	 0.3385	        NaN	 19.02	 11.75	 1.5247	 0.2562	 0.1000	
m60110c3r4.htb	  90.0	  0.03	 1.000	 20.00	 -15.00	 30.00	   1.0	 0.6300	 21.80	 8.0000	 13.82	  9.14	 0.639	 0.00226848	 0.474	  0.530	  8.00	  0.50	  2.4000	 0.9029	 0.01323873	 0.3269	 0.00009431	 0.2859	        NaN	 10.15	 11.65	 0.6317	 1.5826	 0.1000	
m60117c2r4.htb	  90.0	  0.05	 4.000	  5.00	 -10.00	 40.00	   0.0	 1.3200	 22.34	 8.0000	 13.21	 13.03	 1.418	 0.00009946	 0.521	  0.519	  8.00	  0.50	  2.6400	 0.9555	 0.00404068	 0.3829	 0.00000167	 0.1951	        NaN	  9.13	 13.21	 1.3243	 1.1340	 0.1000	
m60117c2r4.htb	  90.0	  0.05	 4.000	  5.00	 -10.00	 40.00	   1.0	 1.4000	 22.66	 8.0000	 14.53	 13.03	 1.305	 0.00102897	 0.490	  0.480	  8.00	  0.50	  2.6200	 0.9976	 0.00004912	 0.3292	 0.00001325	 0.0189	        NaN	 11.10	 11.57	 1.3996	 1.0816	 0.1000	
m60125c1r4.htb	  30.0	  0.05	 2.000	  0.00	  0.00	 50.00	   0.0	 1.2900	  5.17	 8.0000	  2.85	  4.93	 15.364	 0.50116342	 0.283	  0.775	  8.00	  0.50	  2.7600	 0.9416	 0.00610372	 0.0661	 0.07138506	 0.0146	        NaN	  1.44	  3.73	 1.2885	 1.2670	 0.1000	
m60125c1r4.htb	  30.0	  0.05	 2.000	  0.00	  0.00	 50.00	   1.0	 2.2100	  7.36	 0.5000	  4.75	  4.93	 1.215	 0.38449026	 0.289	  0.711	  8.00	  0.50	  0.3500	 0.7709	 0.05019477	 0.0667	 0.07012110	 0.1706	        NaN	  4.75	  2.61	 2.2089	 0.1207	 0.0229	
m60125c2r4.htb	  30.0	  0.03	 2.000	 -7.00	 -3.00	 40.00	   0.0	 2.8400	 13.74	 0.5000	 10.23	  6.52	 0.486	 0.25246684	 0.306	  0.427	  8.00	  0.50	  1.3100	 0.9202	 0.00981472	 0.1012	 0.02434587	 0.0371	        NaN	 10.23	  3.51	 2.8399	 0.3109	 0.1000	
m60125c2r4.htb	  30.0	  0.03	 2.000	 -7.00	 -3.00	 40.00	   1.0	 1.4300	 14.36	 8.0000	  7.22	  6.52	 0.806	 0.00001264	 0.537	  0.447	  8.00	  0.50	  2.2700	 0.9992	 0.00001008	 0.4557	 0.00000008	 0.0028	        NaN	  5.91	  8.46	 1.4331	 0.8630	 0.1000	
m60125c2r11.htb	  30.0	  0.03	 2.000	 -7.00	 -3.00	 40.00	   0.0	 3.1200	 19.54	 0.5000	 12.22	  6.52	 0.562	 0.00453926	 0.442	  0.435	  8.00	  0.50	  0.9800	 0.7096	 0.07333875	 0.1985	 0.00118689	 0.3368	        NaN	 12.22	  7.31	 3.1249	 0.2218	 0.1000	
m60125c2r11.htb	  30.0	  0.03	 2.000	 -7.00	 -3.00	 40.00	   1.0	 1.4900	 16.35	 8.0000	  8.78	  6.52	 0.768	 0.00000002	 0.626	  0.323	  8.00	  0.50	  2.6700	 0.9927	 0.00026470	 0.5964	 0.00000000	 0.0542	        NaN	  5.23	 11.12	 1.4858	 1.0793	 0.1000	
m60125c3r2.htb	  30.0	  0.03	 2.000	  0.00	 -10.00	 30.00	   0.0	 1.3400	 19.79	 8.0000	  6.77	  2.64	 1.105	 0.00000000	 0.664	  0.488	  8.00	  0.50	  2.6400	 0.9437	 0.00577374	 0.6314	 0.00000000	 0.6602	        NaN	  0.84	 18.96	 1.3356	 1.1351	 0.1000	
m60125c3r2.htb	  30.0	  0.03	 2.000	  0.00	 -10.00	 30.00	   1.0	 1.1400	 20.86	 8.0000	  9.33	  2.64	 1.036	 0.00000011	 0.617	  0.496	  8.00	  0.50	  2.6900	 0.9153	 0.01074798	 0.5159	 0.00000000	 0.5365	        NaN	  3.10	 17.76	 1.1412	 1.2956	 0.1000	
m60125c4r5.htb	  90.0	  0.05	 2.000	  0.00	 -8.00	 30.00	   0.0	 1.0900	 18.99	 8.0000	  8.00	  3.73	 1.081	 0.00010266	 0.542	  0.722	  8.00	  0.50	  2.6400	 0.8144	 0.03603371	 0.3256	 0.00001514	 0.5322	        NaN	  2.49	 16.49	 1.0887	 1.2955	 0.1000	
m60125c4r5.htb	  90.0	  0.05	 2.000	  0.00	 -8.00	 30.00	   1.0	 1.2200	 22.21	 8.0000	  8.25	  3.73	 1.127	 0.00000116	 0.601	  0.649	  8.00	  0.50	  2.7000	 0.8984	 0.01419195	 0.4611	 0.00000006	 0.5266	        NaN	  0.80	 21.42	 1.2211	 1.2478	 0.1000	
m60201c2r4.htb	  90.0	  0.03	 2.000	  0.00	 -10.00	 50.00	   0.0	 1.2700	 25.17	 8.0000	 13.48	 14.73	 1.701	 0.00000004	 0.627	  0.408	  8.00	  0.50	  2.6500	 0.9935	 0.00022339	 0.5773	 0.00000000	 0.0430	        NaN	  7.41	 17.76	 1.2690	 1.2563	 0.0010	
m60201c2r4.htb	  90.0	  0.03	 2.000	  0.00	 -10.00	 50.00	   1.0	 1.2500	 27.62	 8.0000	 13.65	 14.73	 1.614	 0.00000011	 0.599	  0.522	  8.00	  0.50	  2.6100	 0.9774	 0.00145280	 0.5502	 0.00000000	 0.2788	        NaN	  7.55	 20.07	 1.2466	 1.1629	 0.1000	
m60201c3r7.htb	 270.0	  0.03	 2.000	  8.00	 -15.00	 50.00	   0.0	 1.8900	 24.99	 8.0000	  9.94	  5.17	 1.209	 0.00000121	 0.589	  0.703	  8.00	  0.50	  2.7600	 0.8448	 0.02726654	 0.4327	 0.00000021	 0.8120	        NaN	  1.04	 23.96	 1.8916	 0.9974	 0.1000	
m60201c3r7.htb	 270.0	  0.03	 2.000	  8.00	 -15.00	 50.00	   1.0	 1.9000	 24.28	 8.0000	 11.59	  5.17	 1.129	 0.00000525	 0.559	  0.668	  8.00	  0.50	  2.7400	 0.8733	 0.01991441	 0.4173	 0.00000041	 0.5396	        NaN	  4.36	 19.93	 1.8995	 0.9826	 0.1000	
m60201c4r8.htb	 270.0	  0.05	 2.000	  8.00	 -18.00	 50.00	   0.0	 1.2800	  5.32	 8.0000	  2.55	  2.74	 1.304	 0.08550585	 0.381	  0.551	  8.00	  0.50	  2.3100	 0.9665	 0.00263368	 0.1574	 0.00434160	 0.0174	        NaN	  1.95	  3.37	 1.2826	 0.9498	 0.1000	
m60201c4r8.htb	 270.0	  0.05	 2.000	  8.00	 -18.00	 50.00	   1.0	 1.3000	  5.54	 8.0000	  2.17	  2.74	 1.668	 0.00641375	 0.495	  0.506	  8.00	  0.50	  2.7900	 0.8034	 0.03943529	 0.2147	 0.00070142	 0.3935	        NaN	  0.00	  5.54	 1.3012	 1.2815	 0.1000	
m60201c5r4.htb	  30.0	  0.03	 2.000	 10.00	 -10.00	 50.00	   0.0	 8.0000	 27.01	 0.5000	  4.71	  2.63	 1.056	 0.00000025	 0.684	  0.698	  8.00	  0.50	  0.0000	 0.9996	 0.00000396	 0.7407	 0.00000000	 0.0006	        NaN	  1.25	 25.92	 9.4067	 1.4617	 0.0010	
m60201c5r4.htb	  30.0	  0.03	 2.000	 10.00	 -10.00	 50.00	   1.0	 8.0000	 28.28	 0.5000	  4.03	  2.63	 1.079	 0.00000000	 0.719	  0.647	  8.00	  0.50	  0.0000	 0.9985	 0.00002351	 0.8056	 0.00000000	 0.0053	        NaN	  0.00	 29.19	 11.7100	 1.5027	 0.0931	
m60201c5r5.htb	  30.0	  0.03	 2.000	 10.00	 -10.00	 50.00	   0.0	 7.9300	 28.57	 0.5000	  4.85	  2.29	 0.931	 0.00000003	 0.707	  0.682	 12.81	  0.50	  4.8800	 0.9827	 0.00000020	 0.7967	 0.00000000	 0.6460	 0.95781241	  4.11	 24.45	 7.9283	 0.9797	 0.1000	
m60201c5r5.htb	  30.0	  0.03	 2.000	 10.00	 -10.00	 50.00	   1.0	 8.0500	 28.73	 0.5000	  3.84	  2.29	 0.952	 0.00000002	 0.730	  0.662	 12.81	  0.50	  4.7600	 0.9704	 0.00000131	 0.7865	 0.00000000	 1.5154	 0.82391723	  3.00	 25.72	 8.0475	 0.9964	 0.1000	
m60203c1r4.htb	   0.0	  0.03	 2.000	 -2.00	 -12.00	 50.00	   0.0	 1.5600	 14.65	 16.0000	  5.77	  6.67	 1.835	 0.00000026	 0.629	  0.483	 16.00	  0.50	  5.1900	 0.8794	 0.00568477	 0.4432	 0.00000001	 1.0341	        NaN	  0.00	 14.65	 1.5621	 1.6633	 0.1000	
m60203c1r4.htb	   0.0	  0.03	 2.000	 -2.00	 -12.00	 50.00	   1.0	 1.7500	 14.97	 16.0000	  6.37	  6.67	 1.713	 0.00000002	 0.621	  0.423	 16.00	  0.50	  5.0700	 0.9321	 0.00176795	 0.5130	 0.00000000	 0.4166	        NaN	  1.69	 13.28	 1.7548	 1.5249	 0.0160	
m60203c2r7.htb	   0.0	  0.03	 2.000	 -5.00	 -10.00	 40.00	   0.0	 0.9700	 17.91	 16.0000	 11.17	  9.25	 1.569	 0.00001094	 0.563	  0.459	 16.00	  0.50	  5.0900	 0.6961	 0.03890842	 0.2958	 0.00000709	 1.2096	        NaN	  4.33	 13.58	 0.9680	 2.3177	 0.1000	
m60203c2r7.htb	   0.0	  0.03	 2.000	 -5.00	 -10.00	 40.00	   1.0	 1.2100	 19.60	 16.0000	  9.67	  9.25	 1.251	 0.00000000	 0.647	  0.357	 16.00	  0.50	  3.1000	 0.9524	 0.00086274	 0.6573	 0.00000000	 0.7001	        NaN	  8.95	 10.65	 1.2078	 1.0816	 0.1000	
m60203c3r4.htb	   0.0	  0.03	 2.000	  5.00	 -20.00	 40.00	   0.0	 0.5000	 13.35	 16.0000	  4.56	  6.11	 1.557	 0.00302291	 0.524	  0.718	 16.00	  0.50	  3.3500	 0.9054	 0.00346924	 0.3448	 0.00004350	 0.5416	        NaN	  2.08	 11.27	 0.5000	 1.8903	 0.1000	
m60203c3r4.htb	   0.0	  0.03	 2.000	  5.00	 -20.00	 40.00	   1.0	 1.1600	 15.89	 16.0000	  6.19	  6.11	 1.210	 0.00005040	 0.579	  0.541	 16.00	  0.50	  2.4800	 0.9992	 0.00000025	 0.5175	 0.00000008	 0.0016	        NaN	  5.92	  9.97	 1.1595	 0.9692	 0.0374	
m60207c1r4.htb	 120.0	  0.03	 2.000	 -8.00	 -12.00	 50.00	   0.0	 2.4500	  8.43	 16.0000	  1.64	  1.09	 1.149	 0.00000000	 0.657	  0.486	 16.00	  0.50	  4.6300	 0.8359	 0.01071353	 0.5375	 0.00000000	 1.1213	        NaN	  0.00	  8.43	 2.4456	 1.0200	 0.1000	
m60207c1r4.htb	 120.0	  0.03	 2.000	 -8.00	 -12.00	 50.00	   1.0	 2.5000	 10.47	 16.0000	  2.31	  1.09	 1.129	 0.00000000	 0.683	  0.426	 16.00	  0.50	  4.7900	 0.9361	 0.00156434	 0.5885	 0.00000000	 0.9473	        NaN	  0.00	 10.47	 2.5029	 1.0474	 0.1000	
m60207c2r4.htb	 300.0	  0.03	 4.000	  0.00	 -2.00	 50.00	   0.0	 1.3900	  8.68	 16.0000	  6.05	  4.48	 0.654	 0.00062730	 0.472	  0.268	 16.00	  0.50	  2.9400	 0.9083	 0.00325791	 0.2929	 0.00000800	 0.3479	        NaN	  5.93	  2.75	 1.3866	 0.9560	 0.1000	
m60207c2r4.htb	 300.0	  0.03	 4.000	  0.00	 -2.00	 50.00	   1.0	 0.5000	  9.64	 16.0000	  6.09	  4.48	 0.822	 0.00071589	 0.453	  0.395	 16.00	  0.50	  3.3400	 0.8530	 0.00853202	 0.2720	 0.00001931	 0.4269	        NaN	  4.82	  4.82	 0.5000	 2.1197	 0.0010	
m60207c3r4.htb	  50.0	  0.03	 4.000	 -5.00	 -5.00	 50.00	   0.0	 1.5700	 19.96	 16.0000	 10.94	 10.40	 1.553	 0.00020121	 0.520	  0.607	 16.00	  0.50	  5.1800	 0.8662	 0.00703673	 0.3061	 0.00000454	 0.5487	        NaN	  5.11	 14.85	 1.5711	 1.6555	 0.1000	
m60207c3r4.htb	  50.0	  0.03	 4.000	 -5.00	 -5.00	 50.00	   1.0	 1.2600	 23.03	 16.0000	 13.36	 10.40	 1.264	 0.00000003	 0.585	  0.406	 16.00	  0.50	  4.6400	 0.9498	 0.00096156	 0.5160	 0.00000000	 0.5423	        NaN	  9.15	 13.88	 1.2622	 1.5989	 0.1000	
m60207c4r3.htb	  30.0	  0.03	 2.000	 10.00	 10.00	 50.00	   0.0	 5.8000	 22.93	 0.5000	 13.23	  8.11	 0.654	 0.01508800	 0.412	  0.642	 16.00	  0.50	  2.6800	 0.9671	 0.00040953	 0.2169	 0.00017682	 0.0774	        NaN	 13.23	  9.70	 5.8038	 0.3164	 0.1000	
m60207c4r3.htb	  30.0	  0.03	 2.000	 10.00	 10.00	 50.00	   1.0	 4.5600	 23.87	 0.5000	 11.11	  8.11	 0.754	 0.00001523	 0.539	  0.700	 16.00	  0.50	  7.6500	 0.9897	 0.00003998	 0.4130	 0.00000003	 0.0515	        NaN	 10.60	 13.27	 4.5563	 0.8586	 0.0127	
m60301c1r3.htb	  30.0	  0.03	 2.000	  0.00	 -5.00	 40.00	   0.0	 2.0800	  7.86	 16.0000	  2.80	  0.70	 0.926	 0.00001927	 0.535	  0.474	 16.00	  0.50	  4.7600	 0.9343	 0.00165660	 0.3847	 0.00000013	 0.3974	        NaN	  1.23	  6.64	 2.0842	 1.1775	 0.1000	
m60301c1r3.htb	  30.0	  0.03	 2.000	  0.00	 -5.00	 40.00	   1.0	 0.8500	  7.07	 16.0000	  2.64	  0.70	 0.836	 0.00000001	 0.588	  0.343	 16.00	  0.50	  2.4200	 0.9915	 0.00002747	 0.5635	 0.00000000	 0.1156	        NaN	  2.46	  4.61	 0.8470	 1.1053	 0.1000	
m60301c2r3.htb	  30.0	  0.03	 2.000	 -5.00	 -10.00	 40.00	   0.0	 2.1800	  7.10	 16.0000	  2.51	  0.85	 0.863	 0.00000063	 0.580	  0.389	 16.00	  0.50	  4.2900	 0.9939	 0.00001420	 0.4833	 0.00000000	 0.0207	        NaN	  1.70	  5.40	 2.1840	 1.0026	 0.1000	
m60301c2r3.htb	  30.0	  0.03	 2.000	 -5.00	 -10.00	 40.00	   1.0	 1.2200	  6.12	 16.0000	  2.70	  0.85	 0.922	 0.00084506	 0.481	  0.444	 16.00	  0.50	  4.8200	 0.9853	 0.00008115	 0.3095	 0.00000392	 0.0187	        NaN	  0.82	  5.30	 1.2240	 1.7374	 0.1000	
m60301c3r3.htb	  30.0	  0.03	 2.000	 10.00	 -5.00	 40.00	   0.0	 3.0200	 22.34	 0.5000	 13.63	  6.69	 0.602	 0.00000047	 0.598	  0.437	 16.00	  0.50	  3.8700	 0.8671	 0.00693976	 0.4266	 0.00000002	 0.7308	        NaN	 12.93	  9.42	 3.0157	 0.7236	 0.1000	
m60301c3r3.htb	  30.0	  0.03	 2.000	 10.00	 -5.00	 40.00	   1.0	 1.4500	 21.62	 16.0000	 12.26	  6.69	 0.649	 0.00004224	 0.467	  0.554	 16.00	  0.50	  3.6300	 0.8811	 0.00552297	 0.3463	 0.00000076	 0.4329	        NaN	 11.14	 10.48	 1.4486	 1.1068	 0.1000	
m60301c4r3.htb	  30.0	  0.03	 4.000	 20.00	 -10.00	 50.00	   0.0	 4.0200	 23.96	 0.5000	 16.76	  8.86	 0.478	 0.18498449	 0.367	  0.968	 16.00	  0.50	  3.5600	 0.7754	 0.02054639	 0.0999	 0.01474267	 0.2103	        NaN	 16.75	  7.21	 4.0174	 0.5285	 0.1000	
m60301c4r3.htb	  30.0	  0.03	 4.000	 20.00	 -10.00	 50.00	   1.0	 6.2600	 24.35	 0.5000	 16.58	  8.86	 0.490	 0.72171918	 0.246	  0.993	 16.00	  0.50	  1.9300	 0.8079	 0.01482688	 0.0406	 0.12271860	 0.0767	        NaN	 16.58	  7.76	 6.2591	 0.2240	 0.1000	
m60302c1r3.htb	  30.0	  0.03	 2.000	  0.00	 -2.00	 50.00	   0.0	 2.0900	  8.88	 16.0000	  2.24	  1.39	 1.091	 0.00000000	 0.677	  0.348	 16.00	  0.50	  4.4900	 0.9549	 0.00077372	 0.6417	 0.00000000	 0.4299	        NaN	  0.71	  8.17	 2.0924	 1.0875	 0.1000	
m60302c1r3.htb	  30.0	  0.03	 2.000	  0.00	 -2.00	 50.00	   1.0	 1.4700	  7.10	 16.0000	  3.76	  1.39	 1.022	 0.00002387	 0.543	  0.322	 16.00	  0.50	  4.9700	 0.9430	 0.00124283	 0.3836	 0.00000013	 0.2137	        NaN	  1.95	  5.15	 1.4685	 1.6104	 0.1000	
m60302c2r3.htb	  30.0	  0.05	 2.000	  0.00	 -10.00	 40.00	   0.0	 5.6000	 18.54	 0.5000	  4.21	  1.89	 0.889	 0.00000000	 0.626	  0.663	 16.00	  0.50	  9.5900	 0.9952	 0.00000865	 0.6021	 0.00000000	 0.0671	        NaN	  3.75	 14.80	 5.6041	 0.8561	 0.1000	
m60302c2r3.htb	  30.0	  0.05	 2.000	  0.00	 -10.00	 40.00	   1.0	 3.1700	 22.20	 0.5000	  5.69	  1.89	 1.011	 0.00000000	 0.688	  0.576	 16.00	  0.50	  5.5600	 0.8171	 0.01340560	 0.5829	 0.00000000	 2.9194	        NaN	  0.00	 22.20	 3.1714	 1.0276	 0.1000	
m60302c3r3.htb	  30.0	  0.03	 4.000	 -5.00	 -5.00	 60.00	   0.0	 1.8700	  7.88	 16.0000	  3.64	  3.53	 1.527	 0.00000290	 0.577	  0.352	 16.00	  0.50	  5.2100	 0.8799	 0.00563965	 0.3998	 0.00000006	 0.9385	        NaN	  1.24	  6.64	 1.8654	 1.4741	 0.1000	
m60302c3r3.htb	  30.0	  0.03	 4.000	 -5.00	 -5.00	 60.00	   1.0	 1.6100	  8.14	 16.0000	  3.78	  3.53	 1.516	 0.00000187	 0.589	  0.348	 16.00	  0.50	  5.1400	 0.8723	 0.00639572	 0.4046	 0.00000005	 0.5856	        NaN	  1.20	  6.94	 1.6128	 1.5944	 0.1000	
m60302c4r3.htb	  30.0	  0.03	 4.000	 -5.00	  0.00	 50.00	   0.0	 1.7800	 24.40	 16.0000	 11.50	  8.76	 1.264	 0.00000245	 0.556	  0.693	 16.00	  0.50	  5.1100	 0.8920	 0.00453929	 0.4086	 0.00000004	 0.5842	        NaN	  4.63	 19.78	 1.7752	 1.4786	 0.1000	
m60302c4r3.htb	  30.0	  0.03	 4.000	 -5.00	  0.00	 50.00	   1.0	 1.2900	 26.92	 16.0000	 13.00	  8.76	 1.218	 0.00000000	 0.642	  0.459	 16.00	  0.50	  4.8500	 0.9013	 0.00378044	 0.5736	 0.00000000	 1.1351	        NaN	  5.43	 21.49	 1.2864	 1.6978	 0.1000	
m60404c3r3.htb	   0.0	  0.03	 2.000	 10.00	 10.00	 30.00	   0.0	 0.9200	  4.16	 16.0000	  0.23	  0.90	 1.205	 0.00000002	 0.581	  0.515	 16.00	  0.50	  1.1700	 0.9795	 0.00015794	 0.5387	 0.00000000	 0.2517	        NaN	  0.23	  3.93	 0.9186	 0.6431	 0.1000	
m60404c3r3.htb	   0.0	  0.03	 2.000	 10.00	 10.00	 30.00	   1.0	 0.5000	  2.58	 16.0000	  0.43	  0.90	 1.245	 0.00228389	 0.465	  0.588	 16.00	  0.50	  2.3300	 0.8649	 0.00718247	 0.2465	 0.00005478	 0.5039	        NaN	  0.23	  2.35	 0.5000	 1.5593	 0.0010	
m60404c4r3.htb	   0.0	  0.03	 1.000	 10.00	  5.00	 40.00	   0.0	 1.4200	 12.58	 16.0000	  5.50	  4.63	 1.351	 0.00000000	 0.663	  0.323	 16.00	  0.50	  4.9100	 0.9170	 0.00266124	 0.5952	 0.00000000	 1.0477	        NaN	  1.84	 10.75	 1.4225	 1.6085	 0.1000	
m60404c4r3.htb	   0.0	  0.03	 1.000	 10.00	  5.00	 40.00	   1.0	 1.3100	 12.23	 16.0000	  4.04	  4.63	 1.343	 0.00000000	 0.660	  0.392	 16.00	  0.50	  4.0300	 0.9585	 0.00065368	 0.6161	 0.00000000	 0.4740	        NaN	  2.08	 10.15	 1.3071	 1.3800	 0.0010	
m60404c5r3.htb	   0.0	  0.03	 2.000	  0.00	  0.00	 40.00	   0.0	 1.3400	 15.80	 16.0000	  6.19	  6.52	 1.512	 0.00000000	 0.695	  0.321	 16.00	  0.50	  4.7400	 0.9980	 0.00000145	 0.7216	 0.00000000	 0.0325	        NaN	  1.77	 14.03	 1.3414	 1.5875	 0.1000	
m60404c5r3.htb	   0.0	  0.03	 2.000	  0.00	  0.00	 40.00	   1.0	 0.8800	 15.13	 16.0000	  7.67	  6.52	 1.284	 0.00000000	 0.611	  0.373	 16.00	  0.50	  3.3700	 0.8702	 0.00661417	 0.5421	 0.00000000	 1.9747	        NaN	  6.34	  8.79	 0.8845	 1.4888	 0.0010	
m60405c2r3.htb	   0.0	  0.03	 2.000	 -10.00	 -15.00	 40.00	   0.0	 1.3800	 13.28	 16.0000	  6.56	  7.11	 1.094	 0.00002428	 0.512	  0.511	 16.00	  0.50	  1.9100	 0.9719	 0.00029854	 0.3949	 0.00000008	 0.1281	        NaN	  6.54	  6.75	 1.3833	 0.6986	 0.1000	
m60405c2r3.htb	   0.0	  0.03	 2.000	 -10.00	 -15.00	 40.00	   1.0	 1.4000	 13.61	 16.0000	  7.63	  7.11	 1.003	 0.00669888	 0.428	  0.616	 16.00	  0.50	  1.7300	 0.9460	 0.00111383	 0.2378	 0.00007760	 0.1072	        NaN	  7.62	  5.99	 1.3973	 0.6496	 0.1000	
m60405c3r3.htb	 270.0	  0.03	 2.000	 -5.00	 -15.00	 40.00	   0.0	 1.3700	 18.37	 16.0000	  5.58	  5.62	 1.088	 0.00000000	 0.626	  0.536	 16.00	  0.50	  3.3300	 0.9948	 0.00001022	 0.6166	 0.00000000	 0.1108	        NaN	  4.50	 13.87	 1.3720	 1.0596	 0.1000	
m60405c3r3.htb	 270.0	  0.03	 2.000	 -5.00	 -15.00	 40.00	   1.0	 1.0700	 18.25	 16.0000	  5.63	  5.62	 1.144	 0.00000000	 0.668	  0.462	 16.00	  0.50	  3.7800	 0.9523	 0.00086632	 0.6823	 0.00000000	 0.8384	        NaN	  3.08	 15.17	 1.0704	 1.3872	 0.1000	
m60414c1r3.htb	 180.0	  0.05	 2.000	 -8.00	 -8.00	 50.00	   0.0	 2.6900	  3.26	 16.0000	  0.85	  0.90	 1.021	 0.27564940	 0.340	  0.941	 16.00	  0.50	  1.7900	 0.6824	 0.04273935	 0.0736	 0.03606125	 0.2550	        NaN	  0.85	  2.41	 2.6947	 0.4170	 0.1000	
m60414c1r3.htb	 180.0	  0.05	 2.000	 -8.00	 -8.00	 50.00	   1.0	 2.9000	  3.42	 16.0000	  1.55	  0.90	 0.870	 0.84987204	 0.187	  0.994	 16.00	  0.50	  0.9700	 0.0513	 0.66605692	 0.0018	 0.74675534	 0.1060	        NaN	  1.55	  1.86	 2.9037	 0.2340	 0.1000	
m60414c3r3.htb	 180.0	  0.05	 2.000	 -10.00	  0.00	 30.00	   0.0	 1.5600	 20.40	 16.0000	 11.64	 13.03	 1.237	 0.00001077	 0.525	  0.473	 16.00	  0.50	  2.9500	 0.9893	 0.00004307	 0.4207	 0.00000002	 0.0479	        NaN	 11.29	  9.12	 1.5561	 0.8911	 0.1000	
m60414c3r3.htb	 180.0	  0.05	 2.000	 -10.00	  0.00	 30.00	   1.0	 1.6200	 20.57	 16.0000	 12.44	 13.03	 1.318	 0.00000136	 0.559	  0.374	 16.00	  0.50	  4.5000	 0.9872	 0.00006164	 0.4643	 0.00000000	 0.0520	        NaN	 10.05	 10.52	 1.6167	 1.2998	 0.1000	
m60419c1r3.htb	 180.0	  0.03	 2.000	 10.00	  5.00	 50.00	   0.0	 4.4600	  8.09	 0.5000	  4.64	  3.88	 1.067	 0.12042624	 0.389	  0.613	 16.00	  0.50	 11.2500	 0.9356	 0.00158976	 0.1362	 0.00370763	 0.0652	        NaN	  3.60	  4.49	 4.4597	 1.2766	 0.0010	
m60419c1r3.htb	 180.0	  0.03	 2.000	 10.00	  5.00	 50.00	   1.0	 6.6500	 10.62	 0.5000	  5.88	  3.88	 0.809	 0.00121141	 0.503	  0.532	 16.00	  0.50	  9.3500	 0.8772	 0.00590672	 0.2664	 0.00002426	 0.3606	        NaN	  5.85	  4.77	 6.6507	 0.7646	 0.1000	
m60419c2r3.htb	 180.0	  0.03	 2.000	 10.00	 -10.00	 40.00	   0.0	 1.3900	 16.95	 16.0000	 12.93	 11.89	 1.066	 0.47783477	 0.328	  0.653	 16.00	  0.50	  4.4100	 0.8570	 0.00806656	 0.0670	 0.04583882	 0.0864	        NaN	 11.55	  5.40	 1.3898	 1.4761	 0.0010	
m60419c2r3.htb	 180.0	  0.03	 2.000	 10.00	 -10.00	 40.00	   1.0	 1.4300	 17.68	 16.0000	 12.62	 11.89	 0.964	 0.12888631	 0.350	  0.585	 16.00	  0.50	  2.3200	 0.9675	 0.00039943	 0.1381	 0.00346548	 0.0392	        NaN	 12.55	  5.13	 1.4331	 0.8200	 0.0010	
m60420c2r3.htb	   0.0	  0.03	 2.000	  5.00	  0.00	 40.00	   0.0	 1.8500	 33.46	 16.0000	 16.60	 13.33	 1.041	 0.00000000	 0.572	  0.584	 16.00	  0.50	  4.3700	 0.9483	 0.00101821	 0.5466	 0.00000000	 1.0748	        NaN	 12.51	 20.95	 1.8463	 1.1944	 0.0010	
m60420c2r3.htb	   0.0	  0.03	 2.000	  5.00	  0.00	 40.00	   1.0	 1.1000	 33.94	 16.0000	 16.65	 13.33	 0.970	 0.00000000	 0.626	  0.465	 16.00	  0.50	  3.0500	 0.9738	 0.00025954	 0.6733	 0.00000000	 0.3907	        NaN	 15.35	 18.59	 1.1019	 1.1251	 0.1000	
m60424c1r3.htb	 180.0	  0.03	 2.000	 -10.00	 -10.00	 40.00	   0.0	 3.5400	 23.27	 0.5000	  7.80	  0.15	 0.839	 0.00000000	 0.682	  0.434	 16.00	  0.50	  6.4600	 0.8893	 0.00477785	 0.7049	 0.00000000	 2.9987	        NaN	  3.87	 19.40	 3.5447	 1.0090	 0.1000	
m60424c1r3.htb	 180.0	  0.03	 2.000	 -10.00	 -10.00	 40.00	   1.0	 2.2400	 25.56	 16.0000	  8.39	  0.15	 0.791	 0.00000000	 0.742	  0.376	 16.00	  0.50	  3.9200	 0.9143	 0.00283944	 0.7718	 0.00000000	 3.1924	        NaN	  6.48	 19.08	 2.2360	 0.9002	 0.1000	
m60424c2r3.htb	   0.0	  0.03	 2.000	  8.00	 -8.00	 40.00	   0.0	 3.8000	 14.34	 0.5000	  3.00	  0.15	 0.826	 0.00000000	 0.651	  0.511	 16.00	  0.50	  4.9600	 0.9739	 0.00025733	 0.6699	 0.00000000	 0.2866	        NaN	  2.62	 11.72	 3.7965	 0.7131	 0.1000	
m60424c2r3.htb	   0.0	  0.03	 2.000	  8.00	 -8.00	 40.00	   1.0	 1.9000	 15.07	 16.0000	  2.43	  0.15	 0.843	 0.00000000	 0.667	  0.570	 16.00	  0.50	  2.5900	 0.9697	 0.00034743	 0.6517	 0.00000000	 0.4619	        NaN	  2.26	 12.81	 1.9029	 0.7085	 0.1000	
