FILE			 PrfOR	 PrfSF	 PrfTF	 RFXctr	 RFYctr	 RFDiam	 GrType	 MaxLoc	 MaxRsp	 MinLoc	 MinRsp	 AvgRsp	 Spont	 ModIx	 AnovaP	 DDI  	 VarTerm	 MSgrp	 MSerror	 MaxX 	 MinX 	 MaxLoc	 HWHM	
m60321c1r4.htb	   0.0	  0.03	 2.000	  0.00	 -10.00	 50.00	   0.0	 89.00	 12.81	 330.00	  9.06	 10.19	  1.44	 0.303	 0.01687896	 0.442	  0.386	      0.334	      0.149	 330.00	  0.00	 9999.00	 9999.00	
m60321c1r4.htb	   0.0	  0.03	 2.000	  0.00	 -10.00	 50.00	   1.0	 264.00	 12.93	 141.00	  9.05	 10.72	  1.44	 0.330	 0.07264756	 0.403	  0.502	      0.440	      0.252	 330.00	  0.00	 9999.00	 9999.00	
m60321c2r4.htb	   0.0	  0.03	 2.000	 -10.00	 -10.00	 50.00	   0.0	 269.00	  6.20	 144.00	  2.75	  4.23	  1.89	 0.600	 0.00044171	 0.479	  0.491	      0.821	      0.241	 330.00	  0.00	 269.00	 47.00	
m60321c2r4.htb	   0.0	  0.03	 2.000	 -10.00	 -10.00	 50.00	   1.0	 274.00	  7.82	 161.00	  3.83	  5.09	  1.89	 0.506	 0.00943063	 0.458	  0.506	      0.625	      0.256	 330.00	  0.00	 274.00	 30.00	
m60321c3r4.htb	 270.0	  0.03	 2.000	 -5.00	 -15.00	 40.00	   0.0	 285.00	 18.13	 194.00	 14.55	 15.71	  8.36	 0.212	 0.00026807	 0.482	  0.264	      0.248	      0.070	 330.00	  0.00	 285.00	 40.00	
m60321c3r4.htb	 270.0	  0.03	 2.000	 -5.00	 -15.00	 40.00	   1.0	 302.00	 18.14	 70.00	 14.83	 16.50	  8.36	 0.203	 0.01973925	 0.405	  0.343	      0.258	      0.118	 330.00	  0.00	 9999.00	 9999.00	
m60322c1r4.htb	  30.0	  0.03	 4.000	 10.00	 -10.00	 50.00	   0.0	 17.00	 10.36	 280.00	  6.25	  8.52	  2.19	 0.594	 0.00000005	 0.583	  0.452	      1.301	      0.204	 330.00	  0.00	 17.00	 50.00	
m60322c1r4.htb	  30.0	  0.03	 4.000	 10.00	 -10.00	 50.00	   1.0	 225.00	 13.05	 166.00	  7.50	  9.73	  2.19	 0.524	 0.00000000	 0.611	  0.362	      1.215	      0.131	 330.00	  0.00	 225.00	 24.00	
m60322c2r4.htb	  60.0	  0.03	 4.000	 10.00	 -10.00	 40.00	   0.0	 230.00	 21.29	 101.00	 17.74	 19.78	  7.91	 0.300	 0.00059589	 0.505	  0.390	      0.503	      0.152	 330.00	  0.00	 230.00	 100.00	
m60322c2r4.htb	  60.0	  0.03	 4.000	 10.00	 -10.00	 40.00	   1.0	 106.00	 39.85	 79.00	 16.83	 17.80	  7.91	 0.137	 0.89753199	 0.275	  0.409	      0.084	      0.167	 330.00	  0.00	 9999.00	 9999.00	
m60322c3r4.htb	   0.0	  0.03	 4.000	  0.00	 -12.00	 50.00	   0.0	  0.00	 18.52	 254.00	 15.10	 16.28	  9.50	 0.287	 0.00364142	 0.489	  0.356	      0.346	      0.126	 330.00	  0.00	  0.00	 28.00	
m60322c3r4.htb	   0.0	  0.03	 4.000	  0.00	 -12.00	 50.00	   1.0	 10.00	 18.37	 123.00	 14.25	 16.09	  9.50	 0.241	 0.00231939	 0.461	  0.340	      0.333	      0.115	 330.00	  0.00	 10.00	 58.00	
m60323c1r4.htb	   0.0	  0.03	 2.000	 -10.00	 -20.00	 50.00	   0.0	 282.00	 10.73	 317.00	  5.41	  6.26	  2.54	 0.429	 0.03853032	 0.437	  0.474	      0.442	      0.224	 330.00	  0.00	 9999.00	 9999.00	
m60323c1r4.htb	   0.0	  0.03	 2.000	 -10.00	 -20.00	 50.00	   1.0	 105.00	 12.21	 178.00	  7.95	  9.19	  2.54	 0.372	 0.01463081	 0.446	  0.492	      0.554	      0.242	 330.00	  0.00	 9999.00	 9999.00	
m60323c2r4.htb	   0.0	  0.03	 2.000	 10.00	 -15.00	 60.00	   0.0	 135.00	 12.03	 162.00	  6.83	  8.71	  1.04	 0.549	 0.00000073	 0.569	  0.454	      1.126	      0.206	 330.00	  0.00	 135.00	 10.00	
m60323c2r4.htb	   0.0	  0.03	 2.000	 10.00	 -15.00	 60.00	   1.0	  0.00	 11.78	 146.00	  7.14	  9.32	  1.04	 0.556	 0.00000000	 0.564	  0.465	      1.632	      0.216	 330.00	  0.00	  0.00	 56.00	
m60323c3r4.htb	   0.0	  0.03	 2.000	  5.00	 -18.00	 40.00	   0.0	 225.00	 17.37	 84.00	  7.07	 10.85	  5.22	 0.618	 0.00000000	 0.676	  0.392	      2.564	      0.154	 330.00	  0.00	 225.00	 46.00	
m60323c3r4.htb	   0.0	  0.03	 2.000	  5.00	 -18.00	 40.00	   1.0	 225.00	 17.84	 110.00	  7.87	 11.87	  5.22	 0.578	 0.00000000	 0.662	  0.375	      2.383	      0.141	 330.00	  0.00	 225.00	 46.00	
m60324c1r4.htb	  30.0	  0.03	 2.000	  0.00	 -5.00	 50.00	   0.0	 235.00	 19.17	 25.00	 12.16	 15.69	  2.16	 0.417	 0.00015760	 0.596	  0.369	      0.585	      0.136	 330.00	  0.00	 235.00	 69.00	
m60324c1r4.htb	  30.0	  0.03	 2.000	  0.00	 -5.00	 50.00	   1.0	 250.00	 20.69	 120.00	 13.40	 16.68	  2.16	 0.436	 0.00372898	 0.570	  0.451	      0.610	      0.203	 330.00	  0.00	 250.00	 56.00	
m60324c2r4.htb	   0.0	  0.03	 2.000	  0.00	 -10.00	 40.00	   0.0	  8.00	 12.49	 108.00	  8.13	 10.66	  3.77	 0.368	 0.06697652	 0.428	  0.478	      0.418	      0.229	 330.00	  0.00	 9999.00	 9999.00	
m60324c2r4.htb	   0.0	  0.03	 2.000	  0.00	 -10.00	 40.00	   1.0	 35.00	 15.16	 330.00	  9.14	 11.74	  3.77	 0.406	 0.00009809	 0.559	  0.345	      0.513	      0.119	 330.00	  0.00	 35.00	 28.00	
m60324c3r4.htb	   0.0	  0.03	 2.000	  0.00	 -10.00	 40.00	   0.0	 195.00	  3.94	 297.00	  1.26	  2.71	  0.70	 0.682	 0.00067241	 0.450	  0.530	      0.921	      0.281	 330.00	  0.00	 195.00	 49.00	
m60324c3r4.htb	   0.0	  0.03	 2.000	  0.00	 -10.00	 40.00	   1.0	 181.00	  5.95	 282.00	  1.68	  3.45	  0.70	 0.698	 0.00000709	 0.520	  0.543	      1.392	      0.295	 330.00	  0.00	 181.00	 46.00	
m60405c1r4.htb	   0.0	  0.03	 2.000	 -5.00	 -10.00	 40.00	   0.0	 255.00	 20.03	 185.00	 13.08	 15.75	  3.88	 0.371	 0.00000000	 0.580	  0.339	      1.026	      0.115	 330.00	  0.00	 255.00	 28.00	
m60405c1r4.htb	   0.0	  0.03	 2.000	 -5.00	 -10.00	 40.00	   1.0	 255.00	 21.41	 178.00	 12.51	 15.44	  3.88	 0.386	 0.00000000	 0.613	  0.305	      1.326	      0.093	 330.00	  0.00	 255.00	 28.00	
m60405c2r4.htb	   0.0	  0.03	 2.000	 -10.00	 -15.00	 40.00	   0.0	 274.00	 16.82	 73.00	 11.74	 13.81	  8.16	 0.392	 0.00000054	 0.558	  0.379	      0.796	      0.143	 330.00	  0.00	 274.00	 56.00	
m60405c2r4.htb	   0.0	  0.03	 2.000	 -10.00	 -15.00	 40.00	   1.0	 75.00	 30.33	 48.00	 10.39	 14.30	  8.16	 0.496	 0.00000000	 0.651	  0.340	      1.239	      0.116	 330.00	  0.00	 75.00	 11.00	
m60405c3r5.htb	 270.0	  0.03	 2.000	 -5.00	 -15.00	 40.00	   0.0	 76.00	 17.66	 110.00	 10.03	 12.49	  4.78	 0.471	 0.00000000	 0.625	  0.356	      1.108	      0.127	 330.00	  0.00	 76.00	 12.00	
m60405c3r5.htb	 270.0	  0.03	 2.000	 -5.00	 -15.00	 40.00	   1.0	 77.00	 24.54	 108.00	  9.97	 12.53	  4.78	 0.500	 0.00000000	 0.668	  0.304	      1.031	      0.093	 330.00	  0.00	 77.00	 11.00	
m60405c4r4.htb	   0.0	  0.03	 2.000	  0.00	 -10.00	 40.00	   0.0	 303.00	 11.44	 24.00	  7.35	  9.00	  3.93	 0.391	 0.00037298	 0.491	  0.385	      0.514	      0.149	 330.00	  0.00	 303.00	 27.00	
m60405c4r4.htb	   0.0	  0.03	 2.000	  0.00	 -10.00	 40.00	   1.0	 105.00	 10.72	 33.00	  8.24	  9.38	  3.93	 0.277	 0.12555741	 0.385	  0.390	      0.235	      0.152	 330.00	  0.00	 9999.00	 9999.00	
m60406c1r4.htb	   0.0	  0.03	 2.000	  8.00	 -10.00	 40.00	   0.0	 285.00	 11.39	 259.00	  6.53	  8.24	  2.39	 0.447	 0.05313165	 0.425	  0.648	      0.781	      0.420	 330.00	  0.00	 9999.00	 9999.00	
m60406c1r4.htb	   0.0	  0.03	 2.000	  8.00	 -10.00	 40.00	   1.0	 164.00	 12.29	 266.00	  7.37	  9.96	  2.39	 0.481	 0.06017873	 0.420	  0.721	      0.943	      0.520	 330.00	  0.00	 9999.00	 9999.00	
m60406c2r4.htb	   0.0	  0.03	 2.000	  0.00	 -10.00	 40.00	   0.0	 64.00	 28.71	 135.00	 24.50	 26.09	 11.11	 0.215	 0.03231014	 0.461	  0.375	      0.287	      0.140	 330.00	  0.00	 9999.00	 9999.00	
m60406c2r4.htb	   0.0	  0.03	 2.000	  0.00	 -10.00	 40.00	   1.0	 265.00	 34.47	 287.00	 26.77	 28.23	 11.11	 0.210	 0.01594621	 0.482	  0.340	      0.265	      0.116	 330.00	  0.00	 9999.00	 9999.00	
m60406c3r4.htb	   0.0	  0.03	 2.000	  5.00	 -10.00	 30.00	   0.0	 48.00	 25.79	 168.00	 19.15	 22.22	 14.83	 0.282	 0.00306446	 0.452	  0.476	      0.634	      0.227	 330.00	  0.00	 48.00	 50.00	
m60406c3r4.htb	   0.0	  0.03	 2.000	  5.00	 -10.00	 30.00	   1.0	 75.00	 54.72	 106.00	 20.94	 23.86	 14.83	 0.280	 0.01702704	 0.446	  0.507	      0.577	      0.258	 330.00	  0.00	 9999.00	 9999.00	
m60411c2r4.htb	   0.0	  0.03	 2.000	 -10.00	  5.00	 40.00	   0.0	 166.00	 13.60	 139.00	  3.76	  5.45	  0.30	 0.563	 0.00001735	 0.541	  0.423	      0.792	      0.179	 330.00	  0.00	 166.00	 11.00	
m60411c2r4.htb	   0.0	  0.03	 2.000	 -10.00	  5.00	 40.00	   1.0	 194.00	  7.87	 27.00	  5.10	  6.72	  0.30	 0.422	 0.00012116	 0.498	  0.371	      0.524	      0.137	 330.00	  0.00	 194.00	 83.00	
m60412c1r4.htb	   0.0	  0.03	 2.000	 -10.00	 -10.00	 40.00	   0.0	 254.00	 12.55	 40.00	  6.70	  8.98	  0.90	 0.531	 0.00000000	 0.601	  0.398	      1.310	      0.158	 330.00	  0.00	 254.00	 53.00	
m60412c1r4.htb	   0.0	  0.03	 2.000	 -10.00	 -10.00	 40.00	   1.0	 233.00	 13.41	 44.00	  7.08	  9.54	  0.90	 0.514	 0.00000000	 0.608	  0.380	      1.382	      0.144	 330.00	  0.00	 233.00	 58.00	
m60412c2r4.htb	   0.0	  0.03	 2.000	 -10.00	 -15.00	 40.00	   0.0	 169.00	 15.54	 259.00	  7.02	 10.05	  1.00	 0.522	 0.00000000	 0.553	  0.483	      1.761	      0.234	 330.00	  0.00	 169.00	 23.00	
m60412c2r4.htb	   0.0	  0.03	 2.000	 -10.00	 -15.00	 40.00	   1.0	 181.00	 14.35	 87.00	  6.95	 10.97	  1.00	 0.543	 0.00000000	 0.580	  0.474	      1.734	      0.225	 330.00	  0.00	 181.00	 46.00	
m70918c1r4.htb	   0.0	  0.03	 2.000	 -3.00	 -3.00	 35.00	   0.0	 231.00	  5.71	 298.00	  2.78	  3.84	  3.63	 0.531	 0.12186564	 0.449	  0.533	      0.442	      0.284	 330.00	  0.00	 9999.00	 9999.00	
m70918c2r4.htb	   0.0	  0.03	 2.000	  0.00	  0.00	 35.00	   0.0	 125.00	  7.98	 52.00	  5.04	  6.57	  4.93	 0.420	 0.90522569	 0.315	  0.899	      0.397	      0.808	 330.00	  0.00	 9999.00	 9999.00	
m70919c1r4.htb	   0.0	  0.03	 2.000	 -3.00	 -2.00	 35.00	   0.0	 66.00	 11.52	 315.00	  8.84	 10.63	  2.71	 0.321	 0.74122199	 0.325	  0.709	      0.349	      0.503	 330.00	  0.00	 9999.00	 9999.00	
m70919c2r4.htb	   0.0	  0.03	 2.000	 -5.00	 -10.00	 35.00	   0.0	 135.00	  5.26	  0.00	  2.81	  3.07	  1.34	 0.315	 0.63038165	 0.320	  0.393	      0.125	      0.154	 330.00	  0.00	 9999.00	 9999.00	
m70919c3r4.htb	   0.0	  0.03	 2.000	 -3.00	  2.00	 30.00	   0.0	 202.00	  6.92	 21.00	  4.65	  5.91	  0.60	 0.464	 0.00016219	 0.466	  0.408	      0.618	      0.166	 330.00	  0.00	 202.00	 86.00	
m70920c1r4.htb	   0.0	  0.03	 2.000	  0.00	  3.00	 40.00	   0.0	 45.00	 24.17	 19.00	  9.33	 10.39	  3.48	 0.364	 0.35151868	 0.394	  0.559	      0.351	      0.313	 330.00	  0.00	 9999.00	 9999.00	
m70920c3r4.htb	   0.0	  0.03	 2.000	  5.00	 -10.00	 35.00	   0.0	  1.00	 27.77	 238.00	 23.80	 26.29	  5.37	 0.227	 0.06078865	 0.435	  0.423	      0.324	      0.179	 330.00	  0.00	 9999.00	 9999.00	
m70925c1r4.htb	   0.0	  0.03	 2.000	  0.00	 -5.00	 50.00	   0.0	 283.00	 11.85	 246.00	  4.19	  5.29	  0.55	 0.447	 0.24208160	 0.361	  0.629	      0.508	      0.395	 330.00	  0.00	 9999.00	 9999.00	
m70925c2r4.htb	   0.0	  0.03	 2.000	  8.00	 -8.00	 35.00	   0.0	 83.00	 16.37	  0.00	 10.71	 12.93	  1.29	 0.348	 0.00121921	 0.433	  0.498	      0.765	      0.248	 330.00	  0.00	 83.00	 29.00	
m70925c3r4.htb	   0.0	  0.03	 2.000	  0.00	 -5.00	 25.00	   0.0	 215.00	  7.51	 330.00	  5.12	  6.57	  0.80	 0.383	 0.09747591	 0.381	  0.507	      0.421	      0.257	 330.00	  0.00	 9999.00	 9999.00	
m71003c1r4.htb	   0.0	  0.03	 2.000	 -3.00	  3.00	 35.00	   0.0	 165.00	  9.43	 132.00	  4.80	  5.87	  1.44	 0.453	 0.16525136	 0.418	  0.468	      0.316	      0.219	 330.00	  0.00	 9999.00	 9999.00	
m71003c2r4.htb	   0.0	  0.03	 2.000	  0.00	  0.00	 40.00	   0.0	 168.00	  8.64	 263.00	  5.23	  6.98	  2.29	 0.449	 0.01560791	 0.410	  0.536	      0.654	      0.288	 330.00	  0.00	 9999.00	 9999.00	
m71004c1r4.htb	   0.0	  0.03	 2.000	  5.00	  0.00	 35.00	   0.0	 329.00	 16.52	 254.00	 10.03	 12.42	  3.08	 0.433	 0.00967257	 0.476	  0.573	      0.797	      0.328	 330.00	  0.00	 329.00	  1.00	
m71004c2r4.htb	   0.0	  0.03	 2.000	  0.00	 10.00	 25.00	   0.0	 314.00	 24.83	 47.00	 19.56	 22.55	  5.12	 0.228	 0.09118515	 0.383	  0.495	      0.409	      0.245	 330.00	  0.00	 9999.00	 9999.00	
m71005c1r4.htb	   0.0	  0.03	 2.000	  0.00	  0.00	 40.00	   0.0	 178.00	  3.43	 275.00	  2.26	  2.83	  0.97	 0.364	 0.10899334	 0.334	  0.464	      0.338	      0.215	 330.00	  0.00	 9999.00	 9999.00	
m71005c2r4.htb	   0.0	  0.03	 2.000	  0.00	  5.00	 35.00	   0.0	 166.00	  8.92	 202.00	  4.99	  5.57	  4.63	 0.222	 0.63833159	 0.282	  0.377	      0.114	      0.142	 330.00	  0.00	 9999.00	 9999.00	
m71016c1r4.htb	   0.0	  0.03	 2.000	  0.00	 -12.00	 40.00	   0.0	 222.00	 30.88	 254.00	 12.98	 16.31	 11.37	 0.335	 0.15701347	 0.298	  1.055	      1.601	      1.113	 330.00	  0.00	 9999.00	 9999.00	
m71128c1r4.htb	   0.0	  0.03	 2.000	 10.00	  0.00	 30.00	   0.0	 175.00	  9.13	  3.00	  8.07	  8.94	  3.88	 0.383	 0.52761666	 0.340	  0.613	      0.345	      0.376	 330.00	  0.00	 9999.00	 9999.00	
m71129c1r4.htb	   0.0	  0.03	 2.000	  0.00	 -7.00	 40.00	   0.0	 315.00	  8.41	 279.00	  3.73	  5.56	  0.00	 0.493	 0.21342485	 0.398	  0.859	      0.988	      0.738	 330.00	  0.00	 9999.00	 9999.00	
m71129c2r4.htb	   0.0	  0.03	 2.000	  0.00	 -8.00	 30.00	   0.0	 287.00	  6.52	 45.00	  3.55	  5.76	  0.35	 0.381	 0.04845933	 0.292	  0.845	      1.313	      0.713	 330.00	  0.00	 9999.00	 9999.00	
m71129c3r4.htb	   0.0	  0.03	 2.000	  5.00	 -5.00	 40.00	   0.0	 126.00	 14.61	 48.00	  5.72	  8.77	  0.30	 0.664	 0.00494072	 0.480	  0.906	      2.168	      0.820	 330.00	  0.00	 126.00	 31.00	
m71203c1r4.htb	   0.0	  0.03	 2.000	  0.00	 -10.00	 40.00	   0.0	 39.00	  5.95	  8.00	  2.25	  3.54	  1.54	 0.546	 0.34139203	 0.356	  0.743	      0.627	      0.552	 330.00	  0.00	 9999.00	 9999.00	
m71204c1r4.htb	   0.0	  0.03	 2.000	 -5.00	 -10.00	 30.00	   0.0	 315.00	 12.95	 171.00	  8.95	 10.17	  4.33	 0.321	 0.08978054	 0.395	  0.522	      0.455	      0.272	 330.00	  0.00	 9999.00	 9999.00	
m71205c2r4.htb	   0.0	  0.03	 2.000	  0.00	  3.00	 30.00	   0.0	 231.00	 20.10	 307.00	 11.85	 14.67	  2.34	 0.385	 0.42740526	 0.339	  1.167	      1.400	      1.362	 330.00	  0.00	 9999.00	 9999.00	
m71205c3r4.htb	   0.0	  0.03	 2.000	  5.00	  5.00	 30.00	   0.0	 107.00	 40.09	 327.00	 29.65	 35.27	  3.58	 0.271	 0.00000000	 0.560	  0.361	      1.050	      0.130	 330.00	  0.00	 107.00	 148.00	
m71206c1r4.htb	   0.0	  0.03	 2.000	 -5.00	 -10.00	 30.00	   0.0	 255.00	 37.57	 181.00	 32.19	 34.65	 23.63	 0.175	 0.70757238	 0.334	  0.572	      0.239	      0.328	 330.00	  0.00	 9999.00	 9999.00	
m71210c1r4.htb	   0.0	  0.03	 2.000	  0.00	  0.00	 60.00	   0.0	 180.00	  4.48	 128.00	  2.79	  3.74	  2.64	 0.440	 0.49437902	 0.297	  0.651	      0.404	      0.424	 330.00	  0.00	 9999.00	 9999.00	
m71211c1r4.htb	   0.0	  0.03	 2.000	 -5.00	 -15.00	 40.00	   0.0	 250.00	  8.63	  0.00	  5.78	  7.52	  1.04	 0.392	 0.05416038	 0.437	  0.457	      0.386	      0.208	 330.00	  0.00	 9999.00	 9999.00	
m71211c2r4.htb	   0.0	  0.03	 2.000	  0.00	 -15.00	 40.00	   0.0	 15.00	 25.79	 195.00	 23.64	 24.06	 19.95	 0.130	 0.33325605	 0.353	  0.309	      0.109	      0.095	 330.00	  0.00	 9999.00	 9999.00	
m71211c3r4.htb	   0.0	  0.03	 2.000	  0.00	 -15.00	 40.00	   0.0	 319.00	 25.27	 220.00	 19.77	 22.01	 14.23	 0.249	 0.00000120	 0.540	  0.284	      0.426	      0.080	 330.00	  0.00	 319.00	 11.00	
m71218c1r4.htb	   0.0	  0.03	 2.000	  0.00	  0.00	 30.00	   0.0	 254.00	 28.89	 214.00	 15.32	 17.31	  6.57	 0.259	 0.23262354	 0.384	  0.521	      0.354	      0.271	 330.00	  0.00	 9999.00	 9999.00	
m71218c2r4.htb	   0.0	  0.03	 2.000	  0.00	  0.00	 20.00	   0.0	 90.00	 12.61	 24.00	  9.90	 11.19	  0.50	 0.282	 0.85319351	 0.305	  0.636	      0.228	      0.404	 330.00	  0.00	 9999.00	 9999.00	
m71218c3r4.htb	  90.0	  0.03	 2.000	  0.00	  0.00	 40.00	   0.0	 255.00	 15.91	 170.00	  7.39	 10.11	  1.09	 0.524	 0.00000003	 0.551	  0.500	      1.636	      0.250	 330.00	  0.00	 255.00	 31.00	
m71219c1r4.htb	   0.0	  0.03	 2.000	  0.00	  0.00	 20.00	   0.0	 115.00	  2.20	 246.00	  1.52	  2.04	  1.09	 0.462	 0.52122322	 0.347	  0.466	      0.201	      0.218	 330.00	  0.00	 9999.00	 9999.00	
m71219c2r4.htb	 180.0	  0.03	 2.000	  5.00	  5.00	 20.00	   0.0	 148.00	  2.74	  4.00	  1.02	  1.87	  0.32	 0.505	 0.00339853	 0.322	  0.626	      1.035	      0.392	 330.00	  0.00	 148.00	 36.00	
m71231c1r4.htb	   0.0	  0.03	 2.000	  8.00	 -12.00	 35.00	   0.0	 270.00	 11.49	 205.00	  6.74	  8.07	  1.49	 0.496	 0.00000633	 0.583	  0.361	      0.621	      0.131	 330.00	  0.00	 270.00	 26.00	
m71231c2r4.htb	   0.0	  0.03	 2.000	 -5.00	 -10.00	 35.00	   0.0	 284.00	 16.89	  3.00	 11.04	 13.88	  3.78	 0.370	 0.30673777	 0.352	  0.748	      0.662	      0.559	 330.00	  0.00	 9999.00	 9999.00	
m71231c3r4.htb	   0.0	  0.03	 2.000	 -10.00	 -10.00	 25.00	   0.0	 195.00	 20.85	 27.00	 16.94	 19.33	 14.54	 0.323	 0.15508825	 0.403	  0.608	      0.546	      0.370	 330.00	  0.00	 9999.00	 9999.00	
m80102c1r4.htb	   0.0	  0.03	 2.000	  0.00	 -20.00	 40.00	   0.0	 268.00	 10.30	 50.00	  5.86	  8.23	  0.70	 0.496	 0.00000005	 0.599	  0.344	      0.751	      0.118	 330.00	  0.00	 268.00	 62.00	
m80102c2r4.htb	   0.0	  0.03	 2.000	  0.00	 -15.00	 30.00	   0.0	 305.00	 28.05	 190.00	 25.32	 26.83	  9.20	 0.165	 0.04758708	 0.380	  0.388	      0.278	      0.150	 330.00	  0.00	 9999.00	 9999.00	
m80102c3r4.htb	   0.0	  0.03	 2.000	 10.00	 -18.00	 30.00	   0.0	 306.00	 19.03	 68.00	 15.14	 17.73	  5.72	 0.262	 0.24107125	 0.382	  0.534	      0.367	      0.285	 330.00	  0.00	 9999.00	 9999.00	
m80103c1r4.htb	   0.0	  0.03	 2.000	  0.00	 -10.00	 30.00	   0.0	 168.00	 24.85	 74.00	 20.33	 22.13	  3.28	 0.199	 0.11297810	 0.385	  0.419	      0.278	      0.175	 330.00	  0.00	 9999.00	 9999.00	
m80103c2r4.htb	   0.0	  0.03	 2.000	  0.00	 -20.00	 35.00	   0.0	 195.00	 20.89	 97.00	 15.69	 17.99	  3.18	 0.295	 0.05858421	 0.412	  0.538	      0.527	      0.289	 330.00	  0.00	 9999.00	 9999.00	
m80103c3r4.htb	   0.0	  0.03	 2.000	  8.00	 -10.00	 30.00	   0.0	 312.00	 21.35	 53.00	 13.45	 17.26	 10.75	 0.407	 0.00001287	 0.515	  0.507	      1.165	      0.257	 330.00	  0.00	 312.00	 18.00	
m80103c4r4.htb	   0.0	  0.03	 2.000	 -8.00	 -15.00	 30.00	   0.0	 137.00	 33.06	 41.00	 21.54	 28.11	 10.15	 0.382	 0.00000004	 0.572	  0.463	      1.377	      0.215	 330.00	  0.00	 137.00	 55.00	
m80104c1r4.htb	   0.0	  0.03	 2.000	 -10.00	 -10.00	 25.00	   0.0	 297.00	 26.52	 24.00	 19.55	 22.50	  7.46	 0.266	 0.00056165	 0.481	  0.398	      0.529	      0.159	 330.00	  0.00	 297.00	 33.00	
