FILE			 PrfOR	 PrfSF	 PrfTF	 RFXctr	 RFYctr	 RFDiam	 GrType	 MaxLoc	 MaxRsp	 MinLoc	 MinRsp	 AvgRsp	 Spont	 ModIx	 AnovaP	 DDI  	 VarTerm	 MSgrp	 MSerror	 MaxX 	 MinX 	 MaxLoc	 HWHM	
m60110c2r2.htb	  30.0	  0.05	 2.000	  3.00	 -7.00	 30.00	   0.0	 75.00	  2.79	 55.00	  2.11	  2.70	  0.70	 0.479	 0.98500491	 0.287	  0.659	      0.125	      0.434	 330.00	  0.00	 9999.00	 9999.00	
m60110c2r2.htb	  30.0	  0.05	 2.000	  3.00	 -7.00	 30.00	   1.0	 60.00	  3.52	 90.00	  2.10	  2.68	  0.70	 0.561	 0.45001679	 0.435	  0.524	      0.278	      0.274	 330.00	  0.00	 9999.00	 9999.00	
m60125c1r5.htb	  30.0	  0.05	 2.000	  0.00	  0.00	 50.00	   0.0	 73.00	 17.20	 35.00	  5.40	  6.65	  6.27	 0.512	 0.28750045	 0.492	  0.484	      0.293	      0.234	 330.00	  0.00	 9999.00	 9999.00	
m60125c1r5.htb	  30.0	  0.05	 2.000	  0.00	  0.00	 50.00	   1.0	 50.00	  9.37	  8.00	  5.47	  6.79	  6.27	 0.406	 0.55993023	 0.450	  0.404	      0.145	      0.164	 330.00	  0.00	 9999.00	 9999.00	
m60125c2r3.htb	  30.0	  0.03	 2.000	 -7.00	 -3.00	 40.00	   0.0	 218.00	 15.49	  0.00	 11.21	 11.64	  5.22	 0.353	 0.12460600	 0.500	  0.381	      0.244	      0.145	 330.00	  0.00	 9999.00	 9999.00	
m60125c2r3.htb	  30.0	  0.03	 2.000	 -7.00	 -3.00	 40.00	   1.0	 105.00	 13.64	 283.00	 11.83	 12.77	  5.22	 0.216	 0.68963612	 0.447	  0.273	      0.055	      0.074	 330.00	  0.00	 9999.00	 9999.00	
m60125c3r4.htb	  30.0	  0.03	 2.000	 -8.00	 -18.00	 30.00	   0.0	 250.00	 23.00	 137.00	 18.17	 20.85	  5.60	 0.247	 0.37538337	 0.458	  0.377	      0.159	      0.142	 330.00	  0.00	 9999.00	 9999.00	
m60125c3r4.htb	  30.0	  0.03	 2.000	 -8.00	 -18.00	 30.00	   1.0	 284.00	 24.24	 234.00	 19.87	 21.10	  5.60	 0.148	 0.88505907	 0.346	  0.362	      0.067	      0.131	 330.00	  0.00	 9999.00	 9999.00	
m60125c4r3.htb	 180.0	  0.03	 2.000	  0.00	 -8.00	 30.00	   0.0	 291.00	 18.21	 176.00	 11.89	 16.03	  3.88	 0.489	 0.23794640	 0.504	  0.640	      0.547	      0.410	 330.00	  0.00	 9999.00	 9999.00	
m60125c4r3.htb	 180.0	  0.03	 2.000	  0.00	 -8.00	 30.00	   1.0	 103.00	 37.72	 68.00	 11.77	 16.33	  3.88	 0.474	 0.07128490	 0.502	  0.629	      0.732	      0.396	 330.00	  0.00	 9999.00	 9999.00	
m60201c2r2.htb	  60.0	  0.03	 2.000	  0.00	 -10.00	 50.00	   0.0	 105.00	 22.12	 38.00	 18.53	 20.18	  7.55	 0.253	 0.63845927	 0.406	  0.476	      0.182	      0.227	 330.00	  0.00	 9999.00	 9999.00	
m60201c2r2.htb	  60.0	  0.03	 2.000	  0.00	 -10.00	 50.00	   1.0	 84.00	 25.31	 130.00	 19.38	 21.25	  7.55	 0.227	 0.36330229	 0.432	  0.395	      0.174	      0.156	 330.00	  0.00	 9999.00	 9999.00	
m60201c3r6.htb	 270.0	  0.03	 2.000	  8.00	 -15.00	 50.00	   0.0	 195.00	 27.20	 159.00	 15.31	 20.47	  3.86	 0.459	 0.36126092	 0.509	  0.637	      0.472	      0.406	 330.00	  0.00	 9999.00	 9999.00	
m60201c3r6.htb	 270.0	  0.03	 2.000	  8.00	 -15.00	 50.00	   1.0	 330.00	 24.35	 157.00	 16.28	 20.60	  3.86	 0.383	 0.56428234	 0.441	  0.730	      0.472	      0.532	 330.00	  0.00	 9999.00	 9999.00	
m60201c4r6.htb	 270.0	  0.03	 2.000	  8.00	 -18.00	 30.00	   0.0	 86.00	 11.37	 109.00	  4.99	  7.26	  4.39	 0.612	 0.84783107	 0.340	  1.106	      0.691	      1.222	 330.00	  0.00	 9999.00	 9999.00	
m60201c4r6.htb	 270.0	  0.03	 2.000	  8.00	 -18.00	 30.00	   1.0	 282.00	 17.16	 314.00	  4.91	  7.75	  4.39	 0.652	 0.82801640	 0.343	  1.178	      0.819	      1.389	 330.00	  0.00	 9999.00	 9999.00	
m60201c5r6.htb	  30.0	  0.03	 2.000	 10.00	 -10.00	 50.00	   0.0	 278.00	 37.32	 209.00	 20.00	 23.26	  3.98	 0.374	 0.18760734	 0.469	  0.691	      0.688	      0.477	 330.00	  0.00	 9999.00	 9999.00	
m60201c5r6.htb	  30.0	  0.03	 2.000	 10.00	 -10.00	 50.00	   1.0	 262.00	 33.63	 178.00	 18.11	 22.74	  3.98	 0.397	 0.10124357	 0.480	  0.696	      0.829	      0.485	 330.00	  0.00	 9999.00	 9999.00	
m60203c1r2.htb	  30.0	  0.03	 2.000	 -2.00	 -12.00	 50.00	   0.0	  5.00	 13.72	 255.00	  8.51	 10.69	  3.28	 0.475	 0.00050125	 0.521	  0.480	      0.775	      0.230	 330.00	  0.00	  5.00	 49.00	
m60203c1r2.htb	  30.0	  0.03	 2.000	 -2.00	 -12.00	 50.00	   1.0	 90.00	 12.00	 258.00	  9.27	 10.76	  3.28	 0.333	 0.00024266	 0.471	  0.359	      0.463	      0.129	 330.00	  0.00	 90.00	 86.00	
m60203c2r5.htb	   0.0	  0.03	 2.000	 -5.00	 -10.00	 40.00	   0.0	 186.00	 17.83	 109.00	 12.66	 14.73	  8.56	 0.302	 0.00013547	 0.487	  0.355	      0.477	      0.126	 330.00	  0.00	 186.00	 29.00	
m60203c2r5.htb	   0.0	  0.03	 2.000	 -5.00	 -10.00	 40.00	   1.0	 148.00	 16.55	 254.00	 13.17	 15.02	  8.56	 0.276	 0.00029135	 0.490	  0.320	      0.361	      0.102	 330.00	  0.00	 148.00	 49.00	
m60203c3r2.htb	   0.0	  0.03	 2.000	  5.00	 -20.00	 40.00	   0.0	 165.00	 11.46	 308.00	  8.15	 10.10	  3.63	 0.343	 0.10534121	 0.406	  0.496	      0.396	      0.246	 330.00	  0.00	 9999.00	 9999.00	
m60203c3r2.htb	   0.0	  0.03	 2.000	  5.00	 -20.00	 40.00	   1.0	 170.00	 12.17	 24.00	  8.97	 10.54	  3.63	 0.296	 0.21871960	 0.352	  0.536	      0.382	      0.288	 330.00	  0.00	 9999.00	 9999.00	
m60207c1r2.htb	  30.0	  0.03	 2.000	 -8.00	 -12.00	 50.00	   0.0	 310.00	 13.43	 42.00	  6.37	  9.97	  2.59	 0.604	 0.00000000	 0.610	  0.453	      1.781	      0.205	 330.00	  0.00	 310.00	 20.00	
m60207c1r2.htb	  30.0	  0.03	 2.000	 -8.00	 -12.00	 50.00	   1.0	 130.00	 16.35	 212.00	  7.22	 11.15	  2.59	 0.559	 0.00000000	 0.608	  0.423	      2.148	      0.179	 330.00	  0.00	 130.00	 36.00	
m60207c2r2.htb	 300.0	  0.03	 4.000	  0.00	 -2.00	 50.00	   0.0	 67.00	 18.78	 138.00	 16.93	 17.82	  8.91	 0.104	 0.97426162	 0.193	  0.477	      0.078	      0.228	 330.00	  0.00	 9999.00	 9999.00	
m60207c2r2.htb	 300.0	  0.03	 4.000	  0.00	 -2.00	 50.00	   1.0	 293.00	 21.45	 264.00	 17.04	 18.13	  8.91	 0.179	 0.22018300	 0.359	  0.384	      0.196	      0.148	 330.00	  0.00	 9999.00	 9999.00	
m60207c3r2.htb	 300.0	  0.03	 4.000	 -5.00	 -5.00	 50.00	   0.0	 225.00	 23.27	 261.00	 13.80	 17.08	  7.31	 0.449	 0.00001346	 0.509	  0.588	      1.562	      0.346	 330.00	  0.00	 225.00	 14.00	
m60207c3r2.htb	 300.0	  0.03	 4.000	 -5.00	 -5.00	 50.00	   1.0	 46.00	 43.27	 17.00	 17.57	 19.04	  7.31	 0.282	 0.06019805	 0.378	  0.593	      0.638	      0.352	 330.00	  0.00	 9999.00	 9999.00	
m60207c4r2.htb	  30.0	  0.03	 2.000	 10.00	 10.00	 40.00	   0.0	 195.00	 15.64	 229.00	 10.49	 12.59	  5.57	 0.361	 0.05761510	 0.401	  0.564	      0.582	      0.318	 330.00	  0.00	 9999.00	 9999.00	
m60207c4r2.htb	  30.0	  0.03	 2.000	 10.00	 10.00	 40.00	   1.0	 330.00	 16.46	 216.00	 11.09	 14.11	  5.57	 0.410	 0.03289611	 0.453	  0.589	      0.701	      0.346	 330.00	  0.00	 9999.00	 9999.00	
m60301c1r4.htb	  30.0	  0.03	 2.000	  0.00	 -5.00	 40.00	   0.0	 291.00	  9.02	 17.00	  7.57	  8.34	  1.24	 0.214	 0.69957762	 0.333	  0.342	      0.086	      0.117	 330.00	  0.00	 9999.00	 9999.00	
m60301c1r4.htb	  30.0	  0.03	 2.000	  0.00	 -5.00	 40.00	   1.0	 285.00	  8.42	 69.00	  6.52	  7.63	  1.24	 0.280	 0.03117226	 0.419	  0.314	      0.201	      0.098	 330.00	  0.00	 9999.00	 9999.00	
m60301c2r4.htb	  30.0	  0.03	 2.000	 -5.00	 -10.00	 40.00	   0.0	 80.00	 15.77	 221.00	 14.05	 15.21	  3.68	 0.114	 0.99992500	 0.140	  0.989	      0.093	      0.977	 330.00	  0.00	 9999.00	 9999.00	
m60301c2r4.htb	  30.0	  0.03	 2.000	 -5.00	 -10.00	 40.00	   1.0	 188.00	 15.54	 60.00	 13.28	 14.75	  3.68	 0.171	 0.99998153	 0.148	  1.098	      0.087	      1.205	 330.00	  0.00	 9999.00	 9999.00	
m60301c3r4.htb	  30.0	  0.03	 4.000	 10.00	 -5.00	 40.00	   0.0	 229.00	 25.23	 265.00	 20.45	 20.80	  7.55	 0.151	 0.76720361	 0.347	  0.372	      0.091	      0.138	 330.00	  0.00	 9999.00	 9999.00	
m60301c3r4.htb	  30.0	  0.03	 4.000	 10.00	 -5.00	 40.00	   1.0	 211.00	 17.78	 114.00	 16.14	 17.25	  7.55	 0.228	 0.57862602	 0.391	  0.412	      0.147	      0.170	 330.00	  0.00	 9999.00	 9999.00	
m60301c4r4.htb	  30.0	  0.03	 4.000	 20.00	 -10.00	 50.00	   0.0	 15.00	 38.37	 330.00	 13.53	 18.01	 11.14	 0.282	 0.99943139	 0.241	  1.441	      0.284	      2.078	 330.00	  0.00	 9999.00	 9999.00	
m60301c4r4.htb	  30.0	  0.03	 4.000	 20.00	 -10.00	 50.00	   1.0	 313.00	 42.66	 197.00	 14.49	 17.24	 11.14	 0.378	 0.98411686	 0.291	  1.386	      0.561	      1.920	 330.00	  0.00	 9999.00	 9999.00	
m60302c1r4.htb	  30.0	  0.03	 2.000	  0.00	 -2.00	 50.00	   0.0	  0.00	 10.24	 100.00	  5.72	  7.77	  2.09	 0.495	 0.00000130	 0.533	  0.414	      0.904	      0.172	 330.00	  0.00	  0.00	 43.00	
m60302c1r4.htb	  30.0	  0.03	 2.000	  0.00	 -2.00	 50.00	   1.0	 330.00	  7.71	 57.00	  4.60	  5.96	  2.09	 0.461	 0.00070067	 0.499	  0.378	      0.466	      0.143	 330.00	  0.00	 330.00	  0.00	
m60302c2r4.htb	  30.0	  0.05	 4.000	  0.00	 -10.00	 40.00	   0.0	  0.00	 19.40	 87.00	 12.80	 15.48	  2.32	 0.494	 0.43312914	 0.566	  0.532	      0.308	      0.283	 330.00	  0.00	 9999.00	 9999.00	
m60302c2r4.htb	  30.0	  0.05	 4.000	  0.00	 -10.00	 40.00	   1.0	 12.00	 25.04	 174.00	 14.41	 18.92	  2.32	 0.523	 0.04529316	 0.610	  0.511	      0.688	      0.261	 330.00	  0.00	 9999.00	 9999.00	
m60302c3r4.htb	  30.0	  0.03	 4.000	 -5.00	 -5.00	 60.00	   0.0	  0.00	  9.95	 90.00	  6.13	  8.19	  4.13	 0.419	 0.00001998	 0.526	  0.346	      0.525	      0.120	 330.00	  0.00	  0.00	 42.00	
m60302c3r4.htb	  30.0	  0.03	 4.000	 -5.00	 -5.00	 60.00	   1.0	 187.00	  9.18	 96.00	  6.16	  7.90	  4.13	 0.475	 0.00002423	 0.537	  0.357	      0.551	      0.127	 330.00	  0.00	 187.00	 50.00	
m60302c4r4.htb	  30.0	  0.03	 2.000	 -5.00	  0.00	 50.00	   0.0	  0.00	 24.23	 102.00	 16.22	 20.95	  8.71	 0.429	 0.00000154	 0.569	  0.460	      1.101	      0.211	 330.00	  0.00	  0.00	 48.00	
m60302c4r4.htb	  30.0	  0.03	 2.000	 -5.00	  0.00	 50.00	   1.0	 221.00	 24.18	 109.00	 18.74	 22.18	  8.71	 0.287	 0.00014031	 0.516	  0.363	      0.497	      0.132	 330.00	  0.00	 221.00	 109.00	
m60404c3r4.htb	   0.0	  0.03	 1.000	 10.00	 10.00	 40.00	   0.0	  0.00	  7.02	 74.00	  4.53	  5.76	  1.54	 0.408	 0.08643389	 0.408	  0.464	      0.363	      0.215	 330.00	  0.00	 9999.00	 9999.00	
m60404c3r4.htb	   0.0	  0.03	 1.000	 10.00	 10.00	 40.00	   1.0	 297.00	  6.75	 58.00	  3.80	  5.66	  1.54	 0.539	 0.00299891	 0.477	  0.449	      0.564	      0.201	 330.00	  0.00	 297.00	 33.00	
m60404c4r4.htb	   0.0	  0.03	 1.000	 10.00	  5.00	 40.00	   0.0	 20.00	 12.53	 108.00	  7.45	 10.17	  5.32	 0.427	 0.00000164	 0.520	  0.415	      0.894	      0.172	 330.00	  0.00	 20.00	 43.00	
m60404c4r4.htb	   0.0	  0.03	 1.000	 10.00	  5.00	 40.00	   1.0	 15.00	 13.40	 283.00	  8.11	 10.26	  5.32	 0.529	 0.00000000	 0.638	  0.337	      1.034	      0.114	 330.00	  0.00	 15.00	 42.00	
m60404c5r4.htb	   0.0	  0.03	 2.000	  0.00	  0.00	 40.00	   0.0	 214.00	 16.32	 302.00	  8.15	 11.32	  5.19	 0.464	 0.00000000	 0.634	  0.316	      0.939	      0.100	 330.00	  0.00	 214.00	 41.00	
m60404c5r4.htb	   0.0	  0.03	 2.000	  0.00	  0.00	 40.00	   1.0	 225.00	 13.86	 126.00	  9.17	 10.89	  5.19	 0.460	 0.00000058	 0.601	  0.339	      0.705	      0.115	 330.00	  0.00	 225.00	 47.00	
m60405c2r4.htb	   0.0	  0.03	 2.000	 -10.00	 -15.00	 40.00	   0.0	 273.00	 16.87	 112.00	 11.70	 13.81	  8.16	 0.392	 0.00000054	 0.558	  0.379	      0.796	      0.143	 330.00	  0.00	 273.00	 57.00	
m60405c2r4.htb	   0.0	  0.03	 2.000	 -10.00	 -15.00	 40.00	   1.0	 75.00	 17.93	 42.00	 10.55	 14.30	  8.16	 0.496	 0.00000000	 0.651	  0.340	      1.239	      0.116	 330.00	  0.00	 75.00	 14.00	
m60405c3r5.htb	 270.0	  0.03	 2.000	 -5.00	 -15.00	 40.00	   0.0	 76.00	 17.46	 111.00	 10.03	 12.49	  4.78	 0.471	 0.00000000	 0.625	  0.356	      1.108	      0.127	 330.00	  0.00	 76.00	 12.00	
m60405c3r5.htb	 270.0	  0.03	 2.000	 -5.00	 -15.00	 40.00	   1.0	 78.00	 18.73	 113.00	 10.01	 12.53	  4.78	 0.500	 0.00000000	 0.668	  0.304	      1.031	      0.093	 330.00	  0.00	 78.00	 13.00	
m60414c1r4.htb	 180.0	  0.05	 2.000	 -8.00	 -8.00	 50.00	   0.0	 75.00	  4.25	 39.00	  1.78	  2.66	  0.40	 0.670	 0.01732257	 0.421	  0.503	      0.566	      0.253	 330.00	  0.00	 9999.00	 9999.00	
m60414c1r4.htb	 180.0	  0.05	 2.000	 -8.00	 -8.00	 50.00	   1.0	 255.00	  4.66	 11.00	  2.14	  3.04	  0.40	 0.570	 0.00007971	 0.511	  0.383	      0.578	      0.146	 330.00	  0.00	 255.00	 34.00	
m60414c3r4.htb	 180.0	  0.05	 2.000	 -10.00	  0.00	 50.00	   0.0	 255.00	 26.63	 26.00	 17.61	 21.46	 14.05	 0.383	 0.00000000	 0.621	  0.343	      0.928	      0.118	 330.00	  0.00	 255.00	 53.00	
m60414c3r4.htb	 180.0	  0.05	 2.000	 -10.00	  0.00	 50.00	   1.0	 255.00	 27.52	 150.00	 18.63	 22.49	 14.05	 0.369	 0.00000001	 0.597	  0.372	      1.015	      0.138	 330.00	  0.00	 255.00	 46.00	
m60419c1r4.htb	 180.0	  0.03	 2.000	 10.00	  5.00	 50.00	   0.0	 330.00	 10.10	 244.00	  6.61	  8.84	  4.33	 0.419	 0.06019542	 0.432	  0.517	      0.485	      0.268	 330.00	  0.00	 9999.00	 9999.00	
m60419c1r4.htb	 180.0	  0.03	 2.000	 10.00	  5.00	 50.00	   1.0	  0.00	 11.36	 210.00	  6.76	  9.60	  4.33	 0.414	 0.00309262	 0.432	  0.518	      0.748	      0.268	 330.00	  0.00	  0.00	 73.00	
m60419c2r4.htb	 180.0	  0.03	 2.000	 10.00	 -10.00	 40.00	   0.0	 16.00	 31.78	 45.00	 13.27	 14.83	  9.55	 0.225	 0.10573841	 0.373	  0.444	      0.318	      0.197	 330.00	  0.00	 9999.00	 9999.00	
m60419c2r4.htb	 180.0	  0.03	 2.000	 10.00	 -10.00	 40.00	   1.0	 25.00	 18.79	 317.00	 13.74	 15.54	  9.55	 0.294	 0.04265535	 0.419	  0.470	      0.428	      0.221	 330.00	  0.00	 9999.00	 9999.00	
m60420c2r6.htb	   0.0	  0.03	 2.000	  5.00	  0.00	 40.00	   0.0	  0.00	 34.52	 45.00	 31.56	 32.98	 19.55	 0.082	 0.02422152	 0.374	  0.208	      0.092	      0.043	 330.00	  0.00	 9999.00	 9999.00	
m60420c2r6.htb	   0.0	  0.03	 2.000	  5.00	  0.00	 40.00	   1.0	  1.00	 34.67	 24.00	 31.88	 32.65	 19.55	 0.091	 0.52655218	 0.372	  0.234	      0.050	      0.055	 330.00	  0.00	 9999.00	 9999.00	
m60424c1r4.htb	 180.0	  0.03	 2.000	 -10.00	 -10.00	 40.00	   0.0	 285.00	 18.05	 87.00	 13.82	 15.94	  0.05	 0.333	 0.00000000	 0.566	  0.313	      0.730	      0.098	 330.00	  0.00	 285.00	 45.00	
m60424c1r4.htb	 180.0	  0.03	 2.000	 -10.00	 -10.00	 40.00	   1.0	  1.00	 23.26	 92.00	 17.58	 20.28	  0.05	 0.370	 0.00000000	 0.708	  0.210	      0.587	      0.044	 330.00	  0.00	  1.00	 44.00	
m60424c2r4.htb	   0.0	  0.03	 2.000	  8.00	 -8.00	 40.00	   0.0	 262.00	 19.12	 16.00	 10.11	 13.22	  0.25	 0.485	 0.00000001	 0.555	  0.502	      1.749	      0.252	 330.00	  0.00	 262.00	 32.00	
m60424c2r4.htb	   0.0	  0.03	 2.000	  8.00	 -8.00	 40.00	   1.0	 95.00	 21.32	 10.00	 14.85	 18.10	  0.25	 0.311	 0.00253023	 0.437	  0.485	      0.672	      0.235	 330.00	  0.00	 95.00	 42.00	
m60515c4r4.htb	   0.0	  0.03	 2.000	 -10.00	 10.00	 40.00	   0.0	 253.00	  5.40	 118.00	  3.46	  4.73	  1.64	 0.543	 0.00440971	 0.506	  0.398	      0.424	      0.158	 330.00	  0.00	 253.00	 77.00	
m60515c4r4.htb	   0.0	  0.03	 2.000	 -10.00	 10.00	 40.00	   1.0	 253.00	  9.48	 215.00	  4.65	  4.88	  1.64	 0.293	 0.26397390	 0.368	  0.354	      0.157	      0.125	 330.00	  0.00	 9999.00	 9999.00	
m60517c1r4.htb	   0.0	  0.03	 2.000	  0.00	  0.00	 40.00	   0.0	 195.00	  8.23	 270.00	  4.81	  6.06	  2.44	 0.381	 0.00199123	 0.432	  0.405	      0.481	      0.164	 330.00	  0.00	 195.00	 26.00	
m60517c1r4.htb	   0.0	  0.03	 2.000	  0.00	  0.00	 40.00	   1.0	 203.00	  7.86	 100.00	  5.28	  6.65	  2.44	 0.381	 0.00618381	 0.469	  0.359	      0.332	      0.129	 330.00	  0.00	 203.00	 56.00	
m60517c2r4.htb	   0.0	  0.03	 2.000	 -10.00	 -10.00	 40.00	   0.0	 15.00	  5.21	 294.00	  4.13	  4.79	  0.65	 0.339	 0.46425369	 0.336	  0.405	      0.162	      0.164	 330.00	  0.00	 9999.00	 9999.00	
m60517c2r4.htb	   0.0	  0.03	 2.000	 -10.00	 -10.00	 40.00	   1.0	 325.00	  6.06	  0.00	  4.22	  4.78	  0.65	 0.265	 0.76416547	 0.327	  0.393	      0.103	      0.154	 330.00	  0.00	 9999.00	 9999.00	
m60517c3r4.htb	   0.0	  0.03	 2.000	 10.00	 -10.00	 30.00	   0.0	 16.00	 21.62	 57.00	 13.62	 14.20	  3.43	 0.226	 0.60306901	 0.327	  0.482	      0.195	      0.233	 330.00	  0.00	 9999.00	 9999.00	
m60517c3r4.htb	   0.0	  0.03	 2.000	 10.00	 -10.00	 30.00	   1.0	 45.00	 15.84	 301.00	 13.02	 14.11	  3.43	 0.188	 0.15230300	 0.342	  0.390	      0.224	      0.152	 330.00	  0.00	 9999.00	 9999.00	
m60517c4r4.htb	   0.0	  0.03	 2.000	  5.00	 -8.00	 30.00	   0.0	  0.00	 28.80	 236.00	 23.45	 26.18	  5.29	 0.198	 0.31418980	 0.366	  0.491	      0.284	      0.241	 330.00	  0.00	 9999.00	 9999.00	
m60517c4r4.htb	   0.0	  0.03	 2.000	  5.00	 -8.00	 30.00	   1.0	 330.00	 27.27	 230.00	 22.53	 25.33	  5.29	 0.182	 0.70355965	 0.337	  0.516	      0.195	      0.266	 330.00	  0.00	 9999.00	 9999.00	
m60517c5r4.htb	   0.0	  0.03	 2.000	 10.00	 -10.00	 40.00	   0.0	 225.00	 33.27	 194.00	 17.52	 19.83	  2.49	 0.255	 0.88377694	 0.264	  0.884	      0.409	      0.782	 330.00	  0.00	 9999.00	 9999.00	
m60517c5r4.htb	   0.0	  0.03	 2.000	 10.00	 -10.00	 40.00	   1.0	 196.00	 30.75	 165.00	 15.72	 18.10	  2.49	 0.236	 0.93837089	 0.261	  0.797	      0.275	      0.635	 330.00	  0.00	 9999.00	 9999.00	
m60517c6r4.htb	   0.0	  0.03	 2.000	  8.00	 10.00	 40.00	   0.0	 196.00	 24.09	 95.00	 19.44	 21.64	  5.78	 0.226	 0.22000850	 0.402	  0.437	      0.255	      0.191	 330.00	  0.00	 9999.00	 9999.00	
m60517c6r4.htb	   0.0	  0.03	 2.000	  8.00	 10.00	 40.00	   1.0	 324.00	 24.35	 35.00	 19.28	 21.03	  5.78	 0.227	 0.03441699	 0.469	  0.335	      0.229	      0.112	 330.00	  0.00	 9999.00	 9999.00	
m60518c2r4.htb	   0.0	  0.03	 2.000	 -8.00	 -5.00	 40.00	   0.0	 257.00	 19.91	 219.00	 16.99	 18.08	  2.27	 0.113	 0.91178362	 0.270	  0.351	      0.059	      0.123	 330.00	  0.00	 9999.00	 9999.00	
m60518c2r4.htb	   0.0	  0.03	 2.000	 -8.00	 -5.00	 40.00	   1.0	 237.00	 21.38	 296.00	 18.06	 18.91	  2.27	 0.190	 0.27701299	 0.476	  0.254	      0.080	      0.064	 330.00	  0.00	 9999.00	 9999.00	
m60519c3r4.htb	   0.0	  0.03	 2.000	 -5.00	 -5.00	 30.00	   0.0	  0.00	 28.25	 275.00	 24.33	 26.40	  1.99	 0.202	 0.06862834	 0.493	  0.294	      0.162	      0.087	 330.00	  0.00	 9999.00	 9999.00	
m60519c3r4.htb	   0.0	  0.03	 2.000	 -5.00	 -5.00	 30.00	   1.0	 213.00	 28.88	 311.00	 25.39	 27.31	  1.99	 0.176	 0.29556117	 0.485	  0.262	      0.084	      0.068	 330.00	  0.00	 9999.00	 9999.00	
m60523c1r4.htb	   0.0	  0.03	 2.000	  0.00	  0.00	 40.00	   0.0	 224.00	 10.99	 289.00	  7.84	  9.95	  3.63	 0.316	 0.74358212	 0.312	  0.718	      0.357	      0.515	 330.00	  0.00	 9999.00	 9999.00	
m60523c1r4.htb	   0.0	  0.03	 2.000	  0.00	  0.00	 40.00	   1.0	 197.00	 14.64	 233.00	  8.81	 10.99	  3.63	 0.351	 0.46150351	 0.325	  0.715	      0.506	      0.512	 330.00	  0.00	 9999.00	 9999.00	
m60523c2r4.htb	   0.0	  0.03	 2.000	  0.00	 -10.00	 40.00	   0.0	 45.00	 29.62	 142.00	 24.50	 26.98	  9.70	 0.189	 0.41725717	 0.309	  0.630	      0.412	      0.397	 330.00	  0.00	 9999.00	 9999.00	
m60523c2r4.htb	   0.0	  0.03	 2.000	  0.00	 -10.00	 40.00	   1.0	 96.00	 31.16	 160.00	 24.82	 28.32	  9.70	 0.199	 0.44943999	 0.324	  0.643	      0.415	      0.414	 330.00	  0.00	 9999.00	 9999.00	
m60523c3r4.htb	   0.0	  0.03	 2.000	  0.00	 -10.00	 40.00	   0.0	 263.00	  5.44	  0.00	  3.99	  4.81	  2.99	 0.278	 0.36164971	 0.335	  0.351	      0.136	      0.123	 330.00	  0.00	 9999.00	 9999.00	
m60523c3r4.htb	   0.0	  0.03	 2.000	  0.00	 -10.00	 40.00	   1.0	 255.00	  6.04	 151.00	  4.32	  5.34	  2.99	 0.368	 0.18024166	 0.394	  0.397	      0.222	      0.158	 330.00	  0.00	 9999.00	 9999.00	
m60523c4r4.htb	   0.0	  0.03	 2.000	 -10.00	 -10.00	 40.00	   0.0	 265.00	 25.10	 14.00	 17.07	 21.65	  9.45	 0.354	 0.00000000	 0.618	  0.312	      0.878	      0.097	 330.00	  0.00	 265.00	 56.00	
m60523c4r4.htb	   0.0	  0.03	 2.000	 -10.00	 -10.00	 40.00	   1.0	 277.00	 27.94	 14.00	 19.47	 23.01	  9.45	 0.303	 0.00000025	 0.554	  0.356	      0.734	      0.126	 330.00	  0.00	 277.00	 45.00	
m60524c1r4.htb	   0.0	  0.03	 2.000	 -5.00	 -7.00	 30.00	   0.0	 224.00	  7.02	 322.00	  5.05	  6.41	  1.99	 0.378	 0.47780709	 0.329	  0.590	      0.338	      0.348	 330.00	  0.00	 9999.00	 9999.00	
m60524c1r4.htb	   0.0	  0.03	 2.000	 -5.00	 -7.00	 30.00	   1.0	 45.00	  7.86	 137.00	  5.80	  7.03	  1.99	 0.360	 0.52641665	 0.333	  0.563	      0.290	      0.316	 330.00	  0.00	 9999.00	 9999.00	
m60524c2r4.htb	   0.0	  0.03	 2.000	 -10.00	  0.00	 30.00	   0.0	 75.00	 13.84	 40.00	  8.56	 11.28	  1.19	 0.359	 0.02077040	 0.415	  0.538	      0.630	      0.290	 330.00	  0.00	 9999.00	 9999.00	
m60524c2r4.htb	   0.0	  0.03	 2.000	 -10.00	  0.00	 30.00	   1.0	 72.00	 22.16	 38.00	 10.62	 13.83	  1.19	 0.440	 0.00351815	 0.482	  0.580	      0.926	      0.336	 330.00	  0.00	 72.00	 13.00	
m60524c3r4.htb	 240.0	  0.03	 2.000	  0.00	  7.00	 30.00	   0.0	 170.00	 12.46	 138.00	  4.79	  6.60	  3.18	 0.500	 0.24392604	 0.379	  0.728	      0.680	      0.530	 330.00	  0.00	 9999.00	 9999.00	
m60524c3r4.htb	 240.0	  0.03	 2.000	  0.00	  7.00	 30.00	   1.0	 330.00	  8.91	 160.00	  5.69	  7.43	  3.18	 0.474	 0.30409327	 0.398	  0.742	      0.654	      0.551	 330.00	  0.00	 9999.00	 9999.00	
m60524c5r4.htb	   0.0	  0.03	 2.000	 -10.00	 -5.00	 40.00	   0.0	 323.00	 22.97	 38.00	 17.87	 18.61	  5.52	 0.234	 0.48594566	 0.319	  0.682	      0.447	      0.465	 330.00	  0.00	 9999.00	 9999.00	
m60524c5r4.htb	   0.0	  0.03	 2.000	 -10.00	 -5.00	 40.00	   1.0	 246.00	 19.15	 131.00	 14.14	 17.23	  5.52	 0.309	 0.33631581	 0.359	  0.670	      0.513	      0.449	 330.00	  0.00	 9999.00	 9999.00	
m60525c1r4.htb	   0.0	  0.03	 2.000	 10.00	 -10.00	 40.00	   0.0	 155.00	 11.48	 57.00	  5.58	  8.75	  0.40	 0.554	 0.00000000	 0.606	  0.366	      1.292	      0.134	 330.00	  0.00	 155.00	 51.00	
m60525c1r4.htb	   0.0	  0.03	 2.000	 10.00	 -10.00	 40.00	   1.0	 159.00	 15.13	 62.00	  6.56	 10.46	  0.40	 0.542	 0.00000000	 0.641	  0.348	      1.998	      0.121	 330.00	  0.00	 159.00	 48.00	
m60525c2r4.htb	   0.0	  0.03	 2.000	  5.00	  0.00	 40.00	   0.0	 78.00	 32.03	  0.00	 24.53	 28.47	  9.15	 0.238	 0.00000073	 0.534	  0.314	      0.539	      0.099	 330.00	  0.00	 78.00	 49.00	
m60525c2r4.htb	   0.0	  0.03	 2.000	  5.00	  0.00	 40.00	   1.0	 224.00	 31.80	 330.00	 29.50	 30.76	  9.15	 0.108	 0.23914364	 0.378	  0.270	      0.094	      0.073	 330.00	  0.00	 9999.00	 9999.00	
m60525c3r4.htb	   0.0	  0.03	 2.000	 10.00	 -10.00	 40.00	   0.0	 193.00	 12.05	 297.00	  7.25	  9.37	  4.43	 0.384	 0.00027835	 0.468	  0.437	      0.678	      0.191	 330.00	  0.00	 193.00	 49.00	
m60525c3r4.htb	   0.0	  0.03	 2.000	 10.00	 -10.00	 40.00	   1.0	 17.00	 14.34	 328.00	  8.38	 10.25	  4.43	 0.343	 0.00142910	 0.433	  0.447	      0.607	      0.200	 330.00	  0.00	 17.00	 18.00	
m60525c4r4.htb	   0.0	  0.03	 2.000	 10.00	 -10.00	 40.00	   0.0	 165.00	 19.54	 47.00	 15.50	 17.23	  4.78	 0.238	 0.40562996	 0.344	  0.559	      0.329	      0.313	 330.00	  0.00	 9999.00	 9999.00	
m60525c4r4.htb	   0.0	  0.03	 2.000	 10.00	 -10.00	 40.00	   1.0	 179.00	 23.26	 273.00	 16.68	 20.02	  4.78	 0.304	 0.02020769	 0.435	  0.537	      0.631	      0.289	 330.00	  0.00	 9999.00	 9999.00	
m60531c1r4.htb	   0.0	  0.03	 2.000	 -10.00	  0.00	 50.00	   0.0	 225.00	  1.00	 118.00	  0.34	  0.89	  0.54	 0.706	 0.78807037	 0.270	  0.702	      0.317	      0.492	 330.00	  0.00	 9999.00	 9999.00	
m60531c1r4.htb	   0.0	  0.03	 2.000	 -10.00	  0.00	 50.00	   1.0	 275.00	  1.94	 330.00	  0.53	  1.49	  0.54	 0.661	 0.64571919	 0.315	  0.743	      0.438	      0.552	 330.00	  0.00	 9999.00	 9999.00	
m60531c2r4.htb	   0.0	  0.03	 2.000	 -5.00	 -5.00	 50.00	   0.0	 263.00	 14.52	 20.00	  8.36	 11.08	  5.87	 0.500	 0.00000310	 0.552	  0.473	      1.113	      0.223	 330.00	  0.00	 263.00	 47.00	
m60531c2r4.htb	   0.0	  0.03	 2.000	 -5.00	 -5.00	 50.00	   1.0	 81.00	 13.49	 24.00	  9.90	 11.49	  5.87	 0.323	 0.01054285	 0.441	  0.427	      0.437	      0.182	 330.00	  0.00	 9999.00	 9999.00	
m60601c1r4.htb	   0.0	  0.03	 2.000	  0.00	  7.00	 40.00	   0.0	 159.00	  6.94	 122.00	  2.80	  4.18	  0.25	 0.513	 0.00280689	 0.458	  0.445	      0.559	      0.198	 330.00	  0.00	 159.00	 13.00	
m60601c1r4.htb	   0.0	  0.03	 2.000	  0.00	  7.00	 40.00	   1.0	 167.00	  6.36	 80.00	  4.48	  5.73	  0.25	 0.399	 0.08399243	 0.394	  0.478	      0.388	      0.229	 330.00	  0.00	 9999.00	 9999.00	
m60601c2r4.htb	   0.0	  0.03	 2.000	 -10.00	 -15.00	 40.00	   0.0	 97.00	  7.46	  0.00	  0.83	  3.38	  0.75	 0.903	 0.02860635	 0.725	  0.364	      0.594	      0.133	 330.00	  0.00	 9999.00	 9999.00	
m60601c2r4.htb	   0.0	  0.03	 2.000	 -10.00	 -15.00	 40.00	   1.0	 110.00	 19.47	 63.00	  0.58	  4.76	  0.75	 1.000	 0.40844960	 0.680	  0.939	      1.212	      0.882	 330.00	  0.00	 9999.00	 9999.00	
m60601c3r4.htb	  90.0	  0.03	 2.000	  0.00	 -10.00	 40.00	   0.0	 99.00	  9.02	 20.00	  6.02	  7.39	  2.04	 0.357	 0.01816074	 0.417	  0.441	      0.432	      0.194	 330.00	  0.00	 9999.00	 9999.00	
m60601c3r4.htb	  90.0	  0.03	 2.000	  0.00	 -10.00	 40.00	   1.0	 288.00	  9.65	 32.00	  7.40	  8.61	  2.04	 0.253	 0.57749497	 0.327	  0.464	      0.186	      0.216	 330.00	  0.00	 9999.00	 9999.00	
m60601c4r4.htb	  90.0	  0.03	 2.000	  0.00	  0.00	 40.00	   0.0	 79.00	 23.33	 164.00	 16.13	 20.22	  7.16	 0.320	 0.04538060	 0.412	  0.654	      0.818	      0.428	 330.00	  0.00	 9999.00	 9999.00	
m60601c4r4.htb	  90.0	  0.03	 2.000	  0.00	  0.00	 40.00	   1.0	 71.00	 23.42	 156.00	 16.67	 20.56	  7.16	 0.259	 0.11535097	 0.340	  0.678	      0.726	      0.460	 330.00	  0.00	 9999.00	 9999.00	
m60601c5r4.htb	  90.0	  0.03	 2.000	  0.00	 -8.00	 40.00	   0.0	 285.00	 23.92	 32.00	 19.74	 21.71	  8.66	 0.233	 0.02125448	 0.467	  0.351	      0.268	      0.123	 330.00	  0.00	 9999.00	 9999.00	
m60601c5r4.htb	  90.0	  0.03	 2.000	  0.00	 -8.00	 40.00	   1.0	 106.00	 25.57	 28.00	 20.12	 22.91	  8.66	 0.247	 0.00803099	 0.463	  0.383	      0.366	      0.147	 330.00	  0.00	 106.00	 40.00	
m60602c1r4.htb	   0.0	  0.03	 2.000	  0.00	 -7.00	 30.00	   0.0	 169.00	 13.73	 15.00	 12.29	 13.26	  3.58	 0.163	 0.95880934	 0.243	  0.526	      0.107	      0.276	 330.00	  0.00	 9999.00	 9999.00	
m60602c1r4.htb	   0.0	  0.03	 2.000	  0.00	 -7.00	 30.00	   1.0	 165.00	 15.75	 325.00	 14.71	 15.44	  3.58	 0.304	 0.01605882	 0.421	  0.464	      0.486	      0.215	 330.00	  0.00	 9999.00	 9999.00	
m60602c2r4.htb	   0.0	  0.03	 2.000	 -8.00	 -8.00	 30.00	   0.0	 122.00	 25.87	 67.00	 21.36	 22.89	  7.56	 0.232	 0.82930847	 0.311	  0.706	      0.297	      0.499	 330.00	  0.00	 9999.00	 9999.00	
m60602c2r4.htb	   0.0	  0.03	 2.000	 -8.00	 -8.00	 30.00	   1.0	 285.00	 27.70	 28.00	 22.68	 24.40	  7.56	 0.271	 0.12761899	 0.402	  0.591	      0.537	      0.349	 330.00	  0.00	 9999.00	 9999.00	
m60602c3r4.htb	   0.0	  0.03	 2.000	  0.00	  5.00	 30.00	   0.0	 17.00	 16.39	 57.00	  9.85	 11.11	  2.99	 0.338	 0.85314566	 0.304	  0.782	      0.346	      0.612	 330.00	  0.00	 9999.00	 9999.00	
m60602c3r4.htb	   0.0	  0.03	 2.000	  0.00	  5.00	 30.00	   1.0	 135.00	 22.34	 166.00	  9.80	 12.45	  2.99	 0.344	 0.38031952	 0.354	  0.695	      0.525	      0.484	 330.00	  0.00	 9999.00	 9999.00	
m60602c4r4.htb	   0.0	  0.03	 2.000	  0.00	 -10.00	 20.00	   0.0	 290.00	 11.86	 200.00	  7.91	  9.67	  3.33	 0.351	 0.20009471	 0.362	  0.587	      0.470	      0.344	 330.00	  0.00	 9999.00	 9999.00	
m60602c4r4.htb	   0.0	  0.03	 2.000	  0.00	 -10.00	 20.00	   1.0	 294.00	 13.81	 150.00	  9.68	 11.14	  3.33	 0.312	 0.18766624	 0.381	  0.551	      0.422	      0.303	 330.00	  0.00	 9999.00	 9999.00	
m60602c5r4.htb	   0.0	  0.03	 2.000	 -5.00	 -5.00	 50.00	   0.0	 75.00	 32.70	 106.00	 13.41	 15.79	  9.25	 0.340	 0.59600411	 0.368	  0.743	      0.466	      0.552	 330.00	  0.00	 9999.00	 9999.00	
m60602c5r4.htb	   0.0	  0.03	 2.000	 -5.00	 -5.00	 50.00	   1.0	 304.00	 19.07	 94.00	 14.68	 17.23	  9.25	 0.210	 0.84610474	 0.221	  0.842	      0.407	      0.709	 330.00	  0.00	 9999.00	 9999.00	
m60605c1r4.htb	   0.0	  0.03	 2.000	 -3.00	 -7.00	 30.00	   0.0	 165.00	 26.41	  0.00	 22.88	 25.02	  5.67	 0.175	 0.49898768	 0.325	  0.514	      0.250	      0.264	 330.00	  0.00	 9999.00	 9999.00	
m60605c1r4.htb	   0.0	  0.03	 2.000	 -3.00	 -7.00	 30.00	   1.0	 10.00	 29.18	 247.00	 25.74	 27.95	  5.67	 0.148	 0.22163704	 0.337	  0.413	      0.225	      0.170	 330.00	  0.00	 9999.00	 9999.00	
m60605c2r4.htb	   0.0	  0.03	 2.000	 -10.00	 -10.00	 30.00	   0.0	 255.00	  1.87	  7.00	  1.25	  1.65	  0.60	 0.400	 0.32893424	 0.366	  0.364	      0.153	      0.133	 330.00	  0.00	 9999.00	 9999.00	
m60605c2r4.htb	   0.0	  0.03	 2.000	 -10.00	 -10.00	 30.00	   1.0	 195.00	  1.92	 16.00	  1.12	  1.67	  0.60	 0.574	 0.03688138	 0.413	  0.402	      0.320	      0.162	 330.00	  0.00	 9999.00	 9999.00	
m60605c3r4.htb	   0.0	  0.03	 2.000	 -5.00	 -2.00	 30.00	   0.0	 30.00	 12.35	 118.00	 10.00	 10.84	  6.11	 0.272	 0.59245996	 0.394	  0.390	      0.129	      0.152	 330.00	  0.00	 9999.00	 9999.00	
m60605c3r4.htb	   0.0	  0.03	 2.000	 -5.00	 -2.00	 30.00	   1.0	 62.00	 12.69	 90.00	 10.95	 11.76	  6.11	 0.226	 0.34912472	 0.413	  0.312	      0.111	      0.097	 330.00	  0.00	 9999.00	 9999.00	
m60606c1r4.htb	   0.0	  0.03	 2.000	  8.00	 -8.00	 30.00	   0.0	 105.00	  1.34	 141.00	  0.26	  0.86	  0.00	 0.714	 0.01378922	 0.422	  0.513	      0.608	      0.263	 330.00	  0.00	 9999.00	 9999.00	
m60606c1r4.htb	   0.0	  0.03	 2.000	  8.00	 -8.00	 30.00	   1.0	 80.00	  1.58	 113.00	  0.45	  0.93	  0.00	 0.560	 0.76039838	 0.281	  0.509	      0.175	      0.259	 330.00	  0.00	 9999.00	 9999.00	
m60606c2r4.htb	   0.0	  0.03	 2.000	 -10.00	  0.00	 40.00	   0.0	 262.00	  7.94	 330.00	  0.48	  2.26	  0.05	 0.888	 0.00001046	 0.521	  0.919	      3.878	      0.845	 330.00	  0.00	 262.00	 13.00	
m60606c2r4.htb	   0.0	  0.03	 2.000	 -10.00	  0.00	 40.00	   1.0	 166.00	 13.15	 204.00	  4.68	  6.27	  0.05	 0.550	 0.45751443	 0.347	  0.982	      0.958	      0.965	 330.00	  0.00	 9999.00	 9999.00	
m60606c3r4.htb	  90.0	  0.03	 2.000	 -8.00	 -10.00	 40.00	   0.0	 94.00	 14.50	 190.00	  0.90	  4.61	  0.15	 0.939	 0.00000000	 0.621	  0.959	      8.637	      0.919	 330.00	  0.00	 94.00	 20.00	
m60606c3r4.htb	  90.0	  0.03	 2.000	 -8.00	 -10.00	 40.00	   1.0	 75.00	 21.31	 135.00	 11.00	 13.68	  0.15	 0.404	 0.25131534	 0.392	  0.828	      0.870	      0.685	 330.00	  0.00	 9999.00	 9999.00	
m60606c4r4.htb	  90.0	  0.03	 2.000	  8.00	 -5.00	 40.00	   0.0	 95.00	 23.81	 161.00	 16.70	 19.32	  0.50	 0.312	 0.00000048	 0.535	  0.363	      0.738	      0.132	 330.00	  0.00	 95.00	 26.00	
m60606c4r4.htb	  90.0	  0.03	 2.000	  8.00	 -5.00	 40.00	   1.0	 91.00	 28.15	 155.00	 22.99	 24.44	  0.50	 0.194	 0.07773039	 0.426	  0.366	      0.230	      0.134	 330.00	  0.00	 9999.00	 9999.00	
m60606c5r4.htb	  90.0	  0.03	 2.000	  8.00	  0.00	 40.00	   0.0	 274.00	 16.94	 146.00	  9.51	 12.08	  1.09	 0.451	 0.00194684	 0.453	  0.668	      1.312	      0.446	 330.00	  0.00	 274.00	 33.00	
m60606c5r4.htb	  90.0	  0.03	 2.000	  8.00	  0.00	 40.00	   1.0	 284.00	 20.04	  0.00	 13.57	 16.04	  1.09	 0.334	 0.02608656	 0.422	  0.543	      0.620	      0.295	 330.00	  0.00	 9999.00	 9999.00	
m60613c5r4.htb	   0.0	  0.03	 2.000	 -8.00	 -15.00	 30.00	   0.0	 255.00	 24.64	 152.00	 17.31	 20.70	  5.97	 0.346	 0.00031827	 0.526	  0.422	      0.683	      0.178	 330.00	  0.00	 255.00	 48.00	
m60613c5r4.htb	   0.0	  0.03	 2.000	 -8.00	 -15.00	 30.00	   1.0	 240.00	 26.93	 328.00	 17.85	 22.08	  5.97	 0.355	 0.00000005	 0.662	  0.267	      0.545	      0.071	 330.00	  0.00	 240.00	 42.00	
m60613c6r4.htb	   0.0	  0.03	 2.000	 -5.00	 -10.00	 30.00	   0.0	 317.00	 28.33	 18.00	 23.51	 24.98	  6.27	 0.176	 0.57951774	 0.428	  0.333	      0.096	      0.111	 330.00	  0.00	 9999.00	 9999.00	
m60613c6r4.htb	   0.0	  0.03	 2.000	 -5.00	 -10.00	 30.00	   1.0	 166.00	 57.62	 139.00	 23.75	 25.82	  6.27	 0.202	 0.20598474	 0.509	  0.264	      0.099	      0.070	 330.00	  0.00	 9999.00	 9999.00	
m60614c1r4.htb	   0.0	  0.03	 2.000	  0.00	 -8.00	 30.00	   0.0	 165.00	 26.14	 129.00	 16.96	 20.52	  3.88	 0.370	 0.00388749	 0.645	  0.291	      0.273	      0.085	 330.00	  0.00	 165.00	 14.00	
m60614c1r4.htb	   0.0	  0.03	 2.000	  0.00	 -8.00	 30.00	   1.0	  0.00	 22.06	 148.00	 19.31	 20.82	  3.88	 0.230	 0.58755888	 0.430	  0.428	      0.157	      0.183	 330.00	  0.00	 9999.00	 9999.00	
m60614c2r4.htb	   0.0	  0.03	 2.000	  5.00	 -5.00	 30.00	   0.0	 146.00	 13.85	 315.00	 11.13	 13.07	 10.45	 0.370	 0.19516241	 0.405	  0.630	      0.546	      0.397	 330.00	  0.00	 9999.00	 9999.00	
m60614c2r4.htb	   0.0	  0.03	 2.000	  5.00	 -5.00	 30.00	   1.0	 24.00	 16.88	 95.00	 12.08	 14.05	 10.45	 0.264	 0.75149097	 0.302	  0.707	      0.342	      0.500	 330.00	  0.00	 9999.00	 9999.00	
m60614c3r4.htb	   0.0	  0.03	 2.000	  8.00	 -15.00	 30.00	   0.0	 236.00	 17.14	 52.00	 14.97	 16.04	  8.41	 0.235	 0.02897512	 0.443	  0.338	      0.235	      0.114	 330.00	  0.00	 9999.00	 9999.00	
m60614c3r4.htb	   0.0	  0.03	 2.000	  8.00	 -15.00	 30.00	   1.0	 252.00	 18.07	 99.00	 14.17	 16.12	  8.41	 0.283	 0.00035081	 0.480	  0.370	      0.476	      0.137	 330.00	  0.00	 252.00	 78.00	
m60614c4r4.htb	   0.0	  0.03	 2.000	  8.00	 -18.00	 30.00	   0.0	 195.00	 13.10	 29.00	 10.18	 11.94	  6.40	 0.330	 0.00015586	 0.517	  0.334	      0.444	      0.112	 330.00	  0.00	 195.00	 87.00	
m60614c4r4.htb	   0.0	  0.03	 2.000	  8.00	 -18.00	 30.00	   1.0	 261.00	 13.74	  4.00	 10.38	 12.11	  6.40	 0.288	 0.24785395	 0.433	  0.376	      0.182	      0.141	 330.00	  0.00	 9999.00	 9999.00	
m60615c1r4.htb	   0.0	  0.03	 2.000	 -8.00	 -17.00	 30.00	   0.0	  4.00	 26.93	 286.00	 19.78	 23.26	  2.14	 0.265	 0.02021466	 0.422	  0.556	      0.676	      0.309	 330.00	  0.00	 9999.00	 9999.00	
m60615c1r4.htb	   0.0	  0.03	 2.000	 -8.00	 -17.00	 30.00	   1.0	  0.00	 30.92	 259.00	 22.53	 26.29	  2.14	 0.308	 0.00008350	 0.511	  0.473	      0.878	      0.223	 330.00	  0.00	  0.00	 40.00	
m60615c2r4.htb	   0.0	  0.03	 2.000	 -10.00	 -17.00	 40.00	   0.0	 196.00	 14.53	 77.00	  9.18	 12.33	  4.98	 0.437	 0.00004003	 0.647	  0.274	      0.372	      0.075	 330.00	  0.00	 196.00	 72.00	
m60615c2r4.htb	   0.0	  0.03	 2.000	 -10.00	 -17.00	 40.00	   1.0	 330.00	 15.05	 49.00	 11.01	 12.91	  4.98	 0.272	 0.00006564	 0.575	  0.209	      0.208	      0.044	 330.00	  0.00	 330.00	  0.00	
m60616c1r4.htb	   0.0	  0.03	 2.000	 -10.00	 -15.00	 30.00	   0.0	 315.00	 14.46	 158.00	 12.77	 13.84	  0.70	 0.178	 0.60416262	 0.306	  0.417	      0.146	      0.174	 330.00	  0.00	 9999.00	 9999.00	
m60616c1r4.htb	   0.0	  0.03	 2.000	 -10.00	 -15.00	 30.00	   1.0	 292.00	 16.52	 192.00	 12.47	 15.01	  0.70	 0.281	 0.00061474	 0.487	  0.327	      0.352	      0.107	 330.00	  0.00	 292.00	 38.00	
m60616c2r4.htb	   0.0	  0.03	 2.000	  5.00	 -10.00	 30.00	   0.0	 327.00	  9.97	 77.00	  6.19	  8.43	  1.14	 0.382	 0.00010450	 0.477	  0.362	      0.507	      0.131	 330.00	  0.00	 327.00	  3.00	
m60616c2r4.htb	   0.0	  0.03	 2.000	  5.00	 -10.00	 30.00	   1.0	  0.00	 11.27	 254.00	  7.97	  9.62	  1.14	 0.381	 0.00114133	 0.498	  0.372	      0.431	      0.139	 330.00	  0.00	  0.00	 32.00	
m60619c1r4.htb	   0.0	  0.03	 2.000	  0.00	  0.00	 40.00	   0.0	 68.00	 14.64	 118.00	  9.52	 11.76	  4.28	 0.430	 0.23044545	 0.359	  0.628	      0.515	      0.394	 330.00	  0.00	 9999.00	 9999.00	
m60619c1r4.htb	   0.0	  0.03	 2.000	  0.00	  0.00	 40.00	   1.0	 255.00	 14.38	  0.00	 10.51	 12.16	  4.28	 0.272	 0.02763291	 0.398	  0.410	      0.350	      0.168	 330.00	  0.00	 9999.00	 9999.00	
m60619c2r4.htb	   0.0	  0.03	 2.000	 -5.00	  0.00	 40.00	   0.0	  6.00	 16.30	 128.00	 12.81	 14.62	  0.70	 0.283	 0.11153075	 0.489	  0.322	      0.175	      0.104	 330.00	  0.00	 9999.00	 9999.00	
m60619c2r4.htb	   0.0	  0.03	 2.000	 -5.00	  0.00	 40.00	   1.0	 228.00	 19.26	 189.00	 13.74	 14.55	  0.70	 0.299	 0.39872114	 0.506	  0.328	      0.116	      0.108	 330.00	  0.00	 9999.00	 9999.00	
m60619c3r4.htb	   0.0	  0.03	 2.000	  0.00	 -5.00	 40.00	   0.0	 15.00	 10.20	 162.00	  7.21	  8.65	  0.75	 0.354	 0.00115607	 0.463	  0.375	      0.436	      0.140	 330.00	  0.00	 15.00	 62.00	
m60619c3r4.htb	   0.0	  0.03	 2.000	  0.00	 -5.00	 40.00	   1.0	 209.00	 10.08	 105.00	  7.92	  9.16	  0.75	 0.275	 0.08972788	 0.396	  0.380	      0.241	      0.144	 330.00	  0.00	 9999.00	 9999.00	
m60619c4r4.htb	   0.0	  0.03	 2.000	 -8.00	 -8.00	 30.00	   0.0	 195.00	 24.57	 110.00	 16.32	 19.59	 15.92	 0.383	 0.00000000	 0.592	  0.362	      1.404	      0.131	 330.00	  0.00	 195.00	 40.00	
m60619c4r4.htb	   0.0	  0.03	 2.000	 -8.00	 -8.00	 30.00	   1.0	 166.00	 24.32	 79.00	 15.04	 19.82	 15.92	 0.432	 0.00000000	 0.622	  0.369	      1.449	      0.136	 330.00	  0.00	 166.00	 45.00	
m60620c1r4.htb	   0.0	  0.03	 2.000	  5.00	  5.00	 40.00	   0.0	 327.00	 22.86	 79.00	 18.01	 20.39	  5.52	 0.222	 0.67456662	 0.312	  0.653	      0.326	      0.426	 330.00	  0.00	 9999.00	 9999.00	
m60620c1r4.htb	   0.0	  0.03	 2.000	  5.00	  5.00	 40.00	   1.0	 223.00	 56.93	 193.00	 22.99	 25.30	  5.52	 0.216	 0.28286006	 0.373	  0.531	      0.344	      0.282	 330.00	  0.00	 9999.00	 9999.00	
m60620c2r4.htb	   0.0	  0.03	 2.000	  0.00	  5.00	 40.00	   0.0	 83.00	 38.68	 104.00	 25.38	 27.77	 14.26	 0.226	 0.60218114	 0.383	  0.582	      0.284	      0.339	 330.00	  0.00	 9999.00	 9999.00	
m60620c2r4.htb	   0.0	  0.03	 2.000	  0.00	  5.00	 40.00	   1.0	 191.00	 34.55	  0.00	 29.53	 29.91	 14.26	 0.185	 0.50702609	 0.440	  0.346	      0.113	      0.120	 330.00	  0.00	 9999.00	 9999.00	
m60620c3r4.htb	   0.0	  0.03	 2.000	  0.00	 10.00	 40.00	   0.0	 262.00	 30.71	 137.00	 27.96	 29.37	 14.18	 0.161	 0.34675628	 0.367	  0.401	      0.181	      0.161	 330.00	  0.00	 9999.00	 9999.00	
m60620c3r4.htb	   0.0	  0.03	 2.000	  0.00	 10.00	 40.00	   1.0	 136.00	 31.80	 117.00	 30.08	 31.02	 14.18	 0.133	 0.07761919	 0.366	  0.339	      0.198	      0.115	 330.00	  0.00	 9999.00	 9999.00	
m60620c4r4.htb	   0.0	  0.03	 2.000	  0.00	  8.00	 40.00	   0.0	 259.00	 14.30	 144.00	 10.82	 12.90	  3.58	 0.347	 0.75218940	 0.408	  0.536	      0.195	      0.288	 330.00	  0.00	 9999.00	 9999.00	
m60620c4r4.htb	   0.0	  0.03	 2.000	  0.00	  8.00	 40.00	   1.0	 254.00	 33.93	 216.00	 11.54	 13.46	  3.58	 0.471	 0.01079142	 0.559	  0.460	      0.556	      0.211	 330.00	  0.00	 9999.00	 9999.00	
m60621c1r4.htb	   0.0	  0.03	 2.000	  0.00	 -8.00	 30.00	   0.0	 321.00	 10.20	 245.00	  7.21	  8.23	  0.92	 0.311	 0.22536959	 0.399	  0.426	      0.243	      0.181	 330.00	  0.00	 9999.00	 9999.00	
m60621c1r4.htb	   0.0	  0.03	 2.000	  0.00	 -8.00	 30.00	   1.0	 330.00	 11.40	 227.00	  8.72	 10.24	  0.92	 0.281	 0.43050772	 0.374	  0.453	      0.212	      0.205	 330.00	  0.00	 9999.00	 9999.00	
m60621c2r4.htb	   0.0	  0.03	 2.000	  8.00	 -2.00	 30.00	   0.0	 10.00	  6.30	 62.00	  3.58	  4.32	  0.30	 0.327	 0.93803658	 0.266	  0.646	      0.181	      0.417	 330.00	  0.00	 9999.00	 9999.00	
m60621c2r4.htb	   0.0	  0.03	 2.000	  8.00	 -2.00	 30.00	   1.0	 192.00	  8.87	 126.00	  4.48	  5.70	  0.30	 0.477	 0.08308480	 0.381	  0.619	      0.651	      0.383	 330.00	  0.00	 9999.00	 9999.00	
m60621c3r4.htb	   0.0	  0.03	 2.000	 10.00	  0.00	 40.00	   0.0	 179.00	  3.58	 107.00	  0.33	  2.21	  1.55	 0.841	 0.11233717	 0.414	  0.960	      1.478	      0.921	 330.00	  0.00	 9999.00	 9999.00	
m60621c3r4.htb	   0.0	  0.03	 2.000	 10.00	  0.00	 40.00	   1.0	 187.00	  4.83	 121.00	  1.13	  2.84	  1.55	 0.733	 0.12965087	 0.434	  0.806	      1.007	      0.650	 330.00	  0.00	 9999.00	 9999.00	
m60621c4r4.htb	 180.0	  0.03	 2.000	  0.00	 -10.00	 40.00	   0.0	 161.00	  6.00	 251.00	  3.01	  5.24	  2.14	 0.570	 0.62410953	 0.310	  0.885	      0.639	      0.783	 330.00	  0.00	 9999.00	 9999.00	
m60621c4r4.htb	 180.0	  0.03	 2.000	  0.00	 -10.00	 40.00	   1.0	 91.00	  7.25	 209.00	  5.59	  6.90	  2.14	 0.387	 0.78800772	 0.304	  0.694	      0.310	      0.482	 330.00	  0.00	 9999.00	 9999.00	
m60621c5r4.htb	 130.0	  0.03	 2.000	 -10.00	 -10.00	 40.00	   0.0	  0.00	 24.98	 256.00	 19.61	 22.29	  1.74	 0.255	 0.06616055	 0.470	  0.384	      0.276	      0.147	 330.00	  0.00	 9999.00	 9999.00	
m60621c5r4.htb	 130.0	  0.03	 2.000	 -10.00	 -10.00	 40.00	   1.0	 122.00	 27.64	 254.00	 22.58	 25.10	  1.74	 0.283	 0.15878595	 0.510	  0.395	      0.236	      0.156	 330.00	  0.00	 9999.00	 9999.00	
m60621c6r4.htb	 130.0	  0.03	 2.000	  8.00	 -10.00	 40.00	   0.0	 195.00	 13.58	 127.00	  9.08	 10.13	  2.65	 0.306	 0.00004702	 0.492	  0.315	      0.409	      0.099	 330.00	  0.00	 195.00	 26.00	
m60621c6r4.htb	 130.0	  0.03	 2.000	  8.00	 -10.00	 40.00	   1.0	 195.00	 12.60	 75.00	  8.15	  9.89	  2.65	 0.379	 0.00001565	 0.505	  0.378	      0.639	      0.143	 330.00	  0.00	 195.00	 47.00	
m60622c1r4.htb	   0.0	  0.03	 2.000	  0.00	 -7.00	 30.00	   0.0	 136.00	  2.63	 44.00	  0.54	  1.71	  0.00	 0.698	 0.97462605	 0.210	  1.078	      0.395	      1.161	 330.00	  0.00	 9999.00	 9999.00	
m60622c1r4.htb	   0.0	  0.03	 2.000	  0.00	 -7.00	 30.00	   1.0	 195.00	  2.75	 12.00	  1.24	  3.12	  0.00	 0.573	 0.98117343	 0.222	  1.307	      0.539	      1.709	 330.00	  0.00	 9999.00	 9999.00	
m60623c3r4.htb	   0.0	  0.03	 2.000	 -5.00	 10.00	 40.00	   0.0	 259.00	 21.97	 198.00	 15.68	 17.23	  4.98	 0.329	 0.25517488	 0.405	  0.636	      0.510	      0.404	 330.00	  0.00	 9999.00	 9999.00	
m60623c3r4.htb	   0.0	  0.03	 2.000	 -5.00	 10.00	 40.00	   1.0	 93.00	 23.23	 36.00	 16.63	 19.74	  4.98	 0.363	 0.00393476	 0.469	  0.574	      0.896	      0.330	 330.00	  0.00	 93.00	 22.00	
m60623c4r4.htb	  90.0	  0.03	 2.000	  3.00	 -5.00	 40.00	   0.0	 104.00	  3.27	 62.00	  1.85	  2.67	  0.37	 0.571	 0.86159993	 0.421	  0.417	      0.094	      0.174	 330.00	  0.00	 9999.00	 9999.00	
m60623c4r4.htb	  90.0	  0.03	 2.000	  3.00	 -5.00	 40.00	   1.0	 144.00	  5.03	 95.00	  2.70	  3.53	  0.37	 0.633	 0.44845306	 0.514	  0.437	      0.196	      0.191	 330.00	  0.00	 9999.00	 9999.00	
m60626c2r4.htb	   0.0	  0.03	 2.000	 -8.00	 -8.00	 40.00	   0.0	 330.00	 14.05	 144.00	 10.43	 12.30	  4.78	 0.294	 0.00003603	 0.480	  0.333	      0.465	      0.111	 330.00	  0.00	 330.00	  0.00	
m60626c2r4.htb	   0.0	  0.03	 2.000	 -8.00	 -8.00	 40.00	   1.0	 330.00	 14.39	 93.00	 10.69	 12.52	  4.78	 0.277	 0.00000175	 0.498	  0.294	      0.446	      0.086	 330.00	  0.00	 330.00	  0.00	
m60628c1r4.htb	   0.0	  0.03	 2.000	  0.00	 -8.00	 40.00	   0.0	 75.00	 22.98	 28.00	 12.09	 14.57	  4.13	 0.352	 0.00460626	 0.410	  0.616	      1.012	      0.380	 330.00	  0.00	 75.00	 12.00	
m60628c1r4.htb	   0.0	  0.03	 2.000	  0.00	 -8.00	 40.00	   1.0	 235.00	 20.69	 327.00	 13.36	 16.31	  4.13	 0.364	 0.00000354	 0.517	  0.439	      0.951	      0.192	 330.00	  0.00	 235.00	 36.00	
m60628c2r4.htb	   0.0	  0.03	 2.000	 -8.00	 -10.00	 40.00	   0.0	 75.00	 12.47	 28.00	  4.81	  6.01	  1.07	 0.402	 0.07051589	 0.455	  0.408	      0.303	      0.167	 330.00	  0.00	 9999.00	 9999.00	
m60628c2r4.htb	   0.0	  0.03	 2.000	 -8.00	 -10.00	 40.00	   1.0	 257.00	 15.28	 292.00	  4.78	  6.35	  1.07	 0.497	 0.00443320	 0.537	  0.417	      0.495	      0.174	 330.00	  0.00	 257.00	 12.00	
m60703c1r4.htb	   0.0	  0.03	 2.000	 10.00	  8.00	 40.00	   0.0	 314.00	 62.09	 286.00	 25.64	 27.64	  2.79	 0.203	 0.13830363	 0.444	  0.374	      0.211	      0.140	 330.00	  0.00	 9999.00	 9999.00	
m60703c1r4.htb	   0.0	  0.03	 2.000	 10.00	  8.00	 40.00	   1.0	 206.00	 29.90	 85.00	 26.07	 28.03	  2.79	 0.168	 0.11794501	 0.398	  0.397	      0.247	      0.157	 330.00	  0.00	 9999.00	 9999.00	
m60703c2r4.htb	   0.0	  0.03	 2.000	  8.00	 10.00	 40.00	   0.0	 179.00	 11.38	 300.00	  9.13	 10.41	  0.60	 0.242	 0.60251454	 0.348	  0.409	      0.140	      0.167	 330.00	  0.00	 9999.00	 9999.00	
m60703c2r4.htb	   0.0	  0.03	 2.000	  8.00	 10.00	 40.00	   1.0	 195.00	 10.01	  9.00	  8.70	  9.54	  0.60	 0.254	 0.37741618	 0.379	  0.366	      0.146	      0.134	 330.00	  0.00	 9999.00	 9999.00	
m60703c3r4.htb	   0.0	  0.03	 2.000	 -5.00	 10.00	 40.00	   0.0	  2.00	  6.05	 73.00	  3.96	  4.72	  0.30	 0.421	 0.02526299	 0.426	  0.400	      0.337	      0.160	 330.00	  0.00	 9999.00	 9999.00	
m60703c3r4.htb	   0.0	  0.03	 2.000	 -5.00	 10.00	 40.00	   1.0	  0.00	  5.19	 267.00	  3.18	  4.27	  0.30	 0.474	 0.00098045	 0.453	  0.406	      0.519	      0.165	 330.00	  0.00	  0.00	 22.00	
m60705c1r4.htb	   0.0	  0.03	 2.000	  0.00	 -10.00	 40.00	   0.0	 195.00	 21.76	 164.00	 12.76	 14.83	  3.63	 0.240	 0.01661737	 0.420	  0.363	      0.296	      0.132	 330.00	  0.00	 9999.00	 9999.00	
m60705c1r4.htb	   0.0	  0.03	 2.000	  0.00	 -10.00	 40.00	   1.0	 194.00	 21.07	 158.00	 13.79	 15.15	  3.63	 0.191	 0.06806382	 0.380	  0.340	      0.204	      0.115	 330.00	  0.00	 9999.00	 9999.00	
m60705c2r4.htb	   0.0	  0.03	 2.000	 -5.00	 -10.00	 40.00	   0.0	 52.00	  6.06	 142.00	  4.65	  5.38	  1.04	 0.244	 0.79798727	 0.330	  0.372	      0.088	      0.139	 330.00	  0.00	 9999.00	 9999.00	
m60705c2r4.htb	   0.0	  0.03	 2.000	 -5.00	 -10.00	 40.00	   1.0	 199.00	  7.46	 158.00	  4.39	  5.06	  1.04	 0.395	 0.14701993	 0.428	  0.380	      0.214	      0.144	 330.00	  0.00	 9999.00	 9999.00	
m60705c3r4.htb	   0.0	  0.03	 2.000	  5.00	 -10.00	 40.00	   0.0	 102.00	 27.14	 303.00	 24.99	 26.22	  5.77	 0.103	 0.46827163	 0.330	  0.289	      0.082	      0.083	 330.00	  0.00	 9999.00	 9999.00	
m60705c3r4.htb	   0.0	  0.03	 2.000	  5.00	 -10.00	 40.00	   1.0	 83.00	 28.39	 178.00	 25.75	 26.97	  5.77	 0.108	 0.80705131	 0.300	  0.377	      0.088	      0.142	 330.00	  0.00	 9999.00	 9999.00	
m60712c1r4.htb	   0.0	  0.03	 2.000	  3.00	 -5.00	 40.00	   0.0	 189.00	 20.44	 284.00	 14.01	 17.04	  5.36	 0.351	 0.00044655	 0.516	  0.419	      0.615	      0.176	 330.00	  0.00	 189.00	 47.00	
m60712c1r4.htb	   0.0	  0.03	 2.000	  3.00	 -5.00	 40.00	   1.0	 37.00	 22.21	 296.00	 15.94	 18.71	  5.36	 0.309	 0.00018450	 0.503	  0.400	      0.606	      0.160	 330.00	  0.00	 37.00	 40.00	
m60712c1r4.htb	   0.0	  0.03	 2.000	  3.00	 -5.00	 40.00	   0.0	 189.00	 20.44	 284.00	 14.01	 17.04	  5.36	 0.351	 0.00044655	 0.516	  0.419	      0.615	      0.176	 330.00	  0.00	 189.00	 47.00	
m60712c1r4.htb	   0.0	  0.03	 2.000	  3.00	 -5.00	 40.00	   1.0	 37.00	 22.21	 296.00	 15.94	 18.71	  5.36	 0.309	 0.00018450	 0.503	  0.400	      0.606	      0.160	 330.00	  0.00	 37.00	 40.00	
m60717c3r4.htb	 150.0	  0.03	 2.000	 -10.00	 -10.00	 40.00	   0.0	 75.00	 21.68	 199.00	 18.37	 20.23	  0.00	 0.230	 0.65065314	 0.333	  0.564	      0.251	      0.318	 330.00	  0.00	 9999.00	 9999.00	
m60717c3r4.htb	 150.0	  0.03	 2.000	 -10.00	 -10.00	 40.00	   1.0	  0.00	 22.82	 20.00	 20.19	 21.53	  0.00	 0.184	 0.56342302	 0.323	  0.478	      0.201	      0.228	 330.00	  0.00	 9999.00	 9999.00	
m60814c1r4.htb	   0.0	  0.03	 2.000	  0.00	  0.00	 40.00	   0.0	 16.00	 18.30	 53.00	 10.61	 12.58	  0.35	 0.316	 0.22702499	 0.374	  0.636	      0.531	      0.405	 330.00	  0.00	 9999.00	 9999.00	
m60814c1r4.htb	   0.0	  0.03	 2.000	  0.00	  0.00	 40.00	   1.0	 188.00	 13.77	 301.00	  9.88	 11.94	  0.35	 0.448	 0.01871712	 0.475	  0.570	      0.719	      0.325	 330.00	  0.00	 9999.00	 9999.00	
m60814c2r4.htb	   0.0	  0.03	 2.000	  0.00	  0.00	 40.00	   0.0	 106.00	 43.48	 136.00	 22.97	 24.46	 11.80	 0.191	 0.85522605	 0.381	  0.422	      0.099	      0.178	 330.00	  0.00	 9999.00	 9999.00	
m60814c2r4.htb	   0.0	  0.03	 2.000	  0.00	  0.00	 40.00	   1.0	 307.00	 27.76	 146.00	 25.98	 27.12	 11.80	 0.113	 0.98513919	 0.280	  0.422	      0.052	      0.178	 330.00	  0.00	 9999.00	 9999.00	
m60814c3r4.htb	   0.0	  0.03	 2.000	 -10.00	 10.00	 40.00	   0.0	 63.00	  1.48	 256.00	  0.87	  1.26	  0.80	 0.441	 0.96815381	 0.235	  0.555	      0.111	      0.308	 330.00	  0.00	 9999.00	 9999.00	
m60814c3r4.htb	   0.0	  0.03	 2.000	 -10.00	 10.00	 40.00	   1.0	 193.00	  3.45	 40.00	  1.19	  1.52	  0.80	 0.385	 0.87174552	 0.290	  0.466	      0.117	      0.217	 330.00	  0.00	 9999.00	 9999.00	
m60814c4r4.htb	   0.0	  0.03	 2.000	 -10.00	 10.00	 40.00	   0.0	 223.00	 22.36	 174.00	 15.71	 18.03	 12.74	 0.347	 0.00005693	 0.520	  0.405	      0.666	      0.164	 330.00	  0.00	 223.00	 20.00	
m60814c4r4.htb	   0.0	  0.03	 2.000	 -10.00	 10.00	 40.00	   1.0	 68.00	 24.19	 160.00	 17.11	 20.51	 12.74	 0.330	 0.00000020	 0.539	  0.386	      0.877	      0.149	 330.00	  0.00	 68.00	 46.00	
m60822c1r4.htb	   0.0	  0.03	 2.000	 -10.00	  0.00	 40.00	   0.0	 244.00	 16.12	 168.00	 12.89	 14.15	  0.45	 0.216	 0.01111022	 0.429	  0.302	      0.217	      0.091	 330.00	  0.00	 9999.00	 9999.00	
m60822c1r4.htb	   0.0	  0.03	 2.000	 -10.00	  0.00	 40.00	   1.0	 225.00	 16.69	 131.00	 12.13	 14.51	  0.45	 0.337	 0.00000084	 0.554	  0.313	      0.529	      0.098	 330.00	  0.00	 225.00	 50.00	
m60822c2r4.htb	   0.0	  0.03	 2.000	  0.00	 -5.00	 40.00	   0.0	 245.00	 16.76	 182.00	  9.67	 12.21	  0.40	 0.419	 0.00000016	 0.545	  0.406	      0.983	      0.165	 330.00	  0.00	 245.00	 28.00	
m60822c2r4.htb	   0.0	  0.03	 2.000	  0.00	 -5.00	 40.00	   1.0	 275.00	 14.33	 113.00	 11.70	 13.04	  0.40	 0.286	 0.01922151	 0.418	  0.429	      0.405	      0.184	 330.00	  0.00	 9999.00	 9999.00	
m61117c1r4.htb	 180.0	  0.03	 2.000	 10.00	 -10.00	 40.00	   0.0	 224.00	  7.63	 320.00	  2.95	  5.32	  0.80	 0.644	 0.00000000	 0.604	  0.365	      1.202	      0.133	 330.00	  0.00	 224.00	 45.00	
m61117c2r4.htb	  60.0	  0.03	 2.000	  5.00	 10.00	 40.00	   0.0	 255.00	 19.54	 57.00	 16.92	 18.38	 11.14	 0.250	 0.02786959	 0.401	  0.438	      0.399	      0.192	 330.00	  0.00	 9999.00	 9999.00	
m61117c3r4.htb	  60.0	  0.03	 2.000	  0.00	  0.00	 40.00	   0.0	 325.00	 23.84	 58.00	 10.22	 17.64	 12.19	 0.623	 0.00000000	 0.737	  0.337	      3.588	      0.113	 330.00	  0.00	 325.00	  5.00	
m70403c1r4.htb	   0.0	  0.03	 2.000	 -5.00	 -10.00	 40.00	   0.0	 63.00	 12.46	 260.00	  6.05	 10.60	  1.09	 0.513	 0.00220730	 0.427	  1.118	      3.625	      1.250	 330.00	  0.00	 63.00	 79.00	
m70404c3r4.htb	   0.0	  0.03	 2.000	 10.00	 10.00	 30.00	   0.0	 279.00	  7.44	 19.00	  2.34	  4.29	  0.27	 0.689	 0.00000000	 0.628	  0.366	      2.228	      0.134	 330.00	  0.00	 279.00	 37.00	
m70405c2r4.htb	   0.0	  0.03	 2.000	 10.00	 -10.00	 40.00	   0.0	 207.00	 19.71	 107.00	 16.26	 18.64	  1.69	 0.230	 0.01727926	 0.412	  0.391	      0.341	      0.153	 330.00	  0.00	 9999.00	 9999.00	
m70723c1r4.htb	   0.0	  0.03	 2.000	 -8.00	 -8.00	 30.00	   0.0	 12.00	  3.98	 330.00	  2.08	  2.98	  0.80	 0.432	 0.18562960	 0.405	  0.465	      0.301	      0.216	 330.00	  0.00	 9999.00	 9999.00	
m70523c2r4.htb	   0.0	  0.03	 2.000	  0.00	  0.00	 70.00	   0.0	 50.00	  8.25	 107.00	  3.47	  5.17	  0.80	 0.617	 0.00000008	 0.553	  0.428	      1.135	      0.183	 330.00	  0.00	 50.00	 22.00	
m70523c3r4.htb	   0.0	  0.03	 2.000	  0.00	  0.00	 40.00	   0.0	 75.00	 37.88	 170.00	 28.61	 32.66	 17.96	 0.296	 0.00000000	 0.556	  0.402	      1.353	      0.162	 330.00	  0.00	 75.00	 42.00	
m70524c1r4.htb	   0.0	  0.03	 2.000	  0.00	 -15.00	 40.00	   0.0	 135.00	 26.73	 163.00	  9.04	 11.82	  1.29	 0.403	 0.00003372	 0.502	  0.428	      0.773	      0.183	 330.00	  0.00	 135.00	 10.00	
m70524c3r4.htb	   0.0	  0.03	 2.000	  0.00	  5.00	 30.00	   0.0	 15.00	  3.54	 99.00	  2.82	  3.12	  0.20	 0.329	 0.43082122	 0.318	  0.353	      0.128	      0.125	 330.00	  0.00	 9999.00	 9999.00	
m70525c1r4.htb	   0.0	  0.03	 1.000	  0.00	 -5.00	 40.00	   0.0	  0.00	 17.04	 183.00	 12.12	 14.66	  1.14	 0.371	 0.00000171	 0.519	  0.419	      0.908	      0.175	 330.00	  0.00	  0.00	 73.00	
m70529c1r4.htb	   0.0	  0.03	 2.000	 -10.00	  8.00	 40.00	   0.0	 287.00	  2.15	 182.00	  1.04	  1.80	  0.15	 0.520	 0.44851926	 0.351	  0.578	      0.335	      0.334	 330.00	  0.00	 9999.00	 9999.00	
m70529c2r4.htb	   0.0	  0.03	 2.000	  5.00	  5.00	 25.00	   0.0	 255.00	 19.02	 154.00	 11.99	 15.54	  3.13	 0.409	 0.00231180	 0.474	  0.583	      0.981	      0.340	 330.00	  0.00	 255.00	 52.00	
m70529c3r4.htb	   0.0	  0.03	 2.000	 10.00	  5.00	 40.00	   0.0	 330.00	 16.01	 20.00	 11.44	 13.22	  5.25	 0.341	 0.57646623	 0.330	  0.943	      0.769	      0.889	 330.00	  0.00	 9999.00	 9999.00	
m70530c1r4.htb	   0.0	  0.03	 2.000	 -10.00	  5.00	 20.00	   0.0	 285.00	  1.18	 32.00	  0.65	  1.21	  0.15	 0.485	 0.98152717	 0.245	  0.734	      0.169	      0.539	 330.00	  0.00	 9999.00	 9999.00	
m70601c1r4.htb	   0.0	  0.03	 2.000	  0.00	 -15.00	 30.00	   0.0	 165.00	  8.47	 110.00	  6.97	  7.91	  1.94	 0.342	 0.10934564	 0.393	  0.432	      0.298	      0.186	 330.00	  0.00	 9999.00	 9999.00	
m70605c1r4.htb	   0.0	  0.03	 2.000	  5.00	 12.00	 30.00	   0.0	 19.00	  5.72	 279.00	  3.13	  4.46	  0.60	 0.504	 0.01507115	 0.432	  0.525	      0.629	      0.276	 330.00	  0.00	 9999.00	 9999.00	
m70607c1r4.htb	   0.0	  0.03	 2.000	  5.00	 -2.00	 30.00	   0.0	 327.00	  1.78	 22.00	  0.57	  1.24	  0.05	 0.568	 0.04044781	 0.425	  0.440	      0.378	      0.194	 330.00	  0.00	 9999.00	 9999.00	
m70607c2r4.htb	   0.0	  0.03	 2.000	  5.00	 -8.00	 20.00	   0.0	 24.00	  8.31	 308.00	  6.19	  7.71	  0.45	 0.264	 0.91961506	 0.250	  0.653	      0.199	      0.426	 330.00	  0.00	 9999.00	 9999.00	
m70607c3r4.htb	   0.0	  0.03	 2.000	  5.00	 -10.00	 20.00	   0.0	 75.00	 30.07	 111.00	 22.99	 25.08	  3.13	 0.185	 0.94835250	 0.248	  0.721	      0.214	      0.519	 330.00	  0.00	 9999.00	 9999.00	
m70608c1r4.htb	   0.0	  0.03	 2.000	  0.00	  0.00	 60.00	   0.0	 255.00	  6.16	 11.00	  3.30	  4.67	  1.64	 0.594	 0.00416327	 0.471	  0.524	      0.741	      0.275	 330.00	  0.00	 255.00	 52.00	
m70609c1r4.htb	   0.0	  0.03	 2.000	  0.00	  0.00	 70.00	   0.0	 285.00	  5.70	 203.00	  4.18	  4.95	  2.69	 0.308	 0.02425200	 0.407	  0.313	      0.208	      0.098	 330.00	  0.00	 9999.00	 9999.00	
m70609c2r4.htb	 120.0	  0.03	 2.000	  0.00	  8.00	 30.00	   0.0	 105.00	  2.83	 207.00	  1.95	  2.41	  1.44	 0.431	 0.41441093	 0.360	  0.407	      0.173	      0.166	 330.00	  0.00	 9999.00	 9999.00	
m70611c2r4.htb	 120.0	  0.03	 2.000	  0.00	 -3.00	 30.00	   0.0	 285.00	 29.83	 142.00	 25.48	 27.50	 13.73	 0.186	 0.00842837	 0.437	  0.355	      0.312	      0.126	 330.00	  0.00	 285.00	 45.00	
m70611c1r4.htb	 120.0	  0.03	 2.000	 -5.00	 -10.00	 30.00	   0.0	 223.00	 14.45	 255.00	  5.35	  5.91	  1.64	 0.333	 0.17619865	 0.394	  0.387	      0.212	      0.149	 330.00	  0.00	 9999.00	 9999.00	
m70612c1r4.htb	   0.0	  0.03	 2.000	  0.00	 -8.00	 30.00	   0.0	 251.00	 23.48	 300.00	 16.84	 18.57	  5.92	 0.280	 0.07193133	 0.422	  0.473	      0.392	      0.224	 330.00	  0.00	 9999.00	 9999.00	
m70612c2r4.htb	   0.0	  0.03	 2.000	  0.00	 -7.00	 30.00	   0.0	 260.00	 23.06	 124.00	 16.51	 19.16	  7.01	 0.348	 0.00927476	 0.471	  0.543	      0.718	      0.294	 330.00	  0.00	 260.00	 52.00	
m70613c2r4.htb	   0.0	  0.03	 2.000	  5.00	  0.00	 40.00	   0.0	 315.00	  6.43	  0.00	  3.82	  4.98	  3.33	 0.381	 0.05320251	 0.432	  0.385	      0.275	      0.148	 330.00	  0.00	 9999.00	 9999.00	
m70613c1r4.htb	   0.0	  0.03	 2.000	  0.00	  0.00	 50.00	   0.0	 227.00	  2.73	 120.00	  1.89	  2.36	  1.54	 0.578	 0.11070523	 0.402	  0.444	      0.314	      0.197	 330.00	  0.00	 9999.00	 9999.00	
m70618c1r4.htb	   0.0	  0.03	 2.000	  8.00	  3.00	 30.00	   0.0	 183.00	 10.03	 85.00	  5.97	  7.21	  3.73	 0.409	 0.00562773	 0.491	  0.383	      0.381	      0.147	 330.00	  0.00	 183.00	 25.00	
m70619c1r4.htb	   0.0	  0.03	 2.000	 -5.00	  5.00	 30.00	   0.0	 215.00	  1.71	 274.00	  0.56	  1.00	  0.50	 0.714	 0.04225553	 0.462	  0.404	      0.317	      0.164	 330.00	  0.00	 9999.00	 9999.00	
m70621c1r4.htb	   0.0	  0.03	 2.000	  8.00	  5.00	 30.00	   0.0	 284.00	 13.34	 140.00	 10.34	 12.09	  0.95	 0.350	 0.00224062	 0.485	  0.397	      0.457	      0.158	 330.00	  0.00	 284.00	 46.00	
m70621c2r4.htb	   0.0	  0.03	 2.000	 -8.00	  5.00	 30.00	   0.0	 225.00	  2.22	 122.00	  1.43	  1.98	  0.90	 0.442	 0.29889676	 0.335	  0.457	      0.250	      0.209	 330.00	  0.00	 9999.00	 9999.00	
m70622c1r4.htb	   0.0	  0.03	 2.000	  5.00	  8.00	 30.00	   0.0	 12.00	 24.69	 330.00	 14.29	 15.75	  3.48	 0.301	 0.36980599	 0.386	  0.579	      0.368	      0.335	 330.00	  0.00	 9999.00	 9999.00	
m70625c1r4.htb	   0.0	  0.03	 2.000	  8.00	 -8.00	 30.00	   0.0	 135.00	 10.95	 55.00	  7.42	  8.90	  1.09	 0.362	 0.00333941	 0.402	  0.512	      0.725	      0.262	 330.00	  0.00	 135.00	 37.00	
m70625c2r4.htb	   0.0	  0.03	 2.000	 -3.00	  5.00	 30.00	   0.0	  3.00	 14.93	 27.00	 12.38	 12.82	  2.09	 0.234	 0.25942373	 0.377	  0.414	      0.215	      0.171	 330.00	  0.00	 9999.00	 9999.00	
m70626c1r4.htb	   0.0	  0.03	 2.000	  8.00	  5.00	 25.00	   0.0	 204.00	  5.29	 229.00	  3.61	  3.93	  2.24	 0.292	 0.78364913	 0.329	  0.372	      0.090	      0.139	 330.00	  0.00	 9999.00	 9999.00	
m70628c1r4.htb	   0.0	  0.03	 2.000	 -10.00	 -10.00	 30.00	   0.0	 330.00	  7.02	 56.00	  5.59	  5.87	  1.19	 0.319	 0.33143188	 0.384	  0.371	      0.158	      0.137	 330.00	  0.00	 9999.00	 9999.00	
m70703c1r4.htb	   0.0	  0.03	 2.000	  0.00	 -10.00	 30.00	   0.0	 196.00	  4.04	 134.00	  1.56	  2.88	  0.65	 0.632	 0.01664832	 0.436	  0.524	      0.618	      0.275	 330.00	  0.00	 9999.00	 9999.00	
m70703c2r4.htb	   0.0	  0.03	 2.000	  0.00	 -5.00	 30.00	   0.0	 116.00	  9.63	 91.00	  8.62	  8.83	  6.17	 0.146	 0.80178111	 0.311	  0.272	      0.046	      0.074	 330.00	  0.00	 9999.00	 9999.00	
m70705c1r4.htb	   0.0	  0.03	 2.000	 -8.00	  5.00	 30.00	   0.0	 15.00	  2.74	 195.00	  2.14	  2.36	  0.80	 0.475	 0.59482206	 0.366	  0.380	      0.122	      0.144	 330.00	  0.00	 9999.00	 9999.00	
m70706c2r4.htb	   0.0	  0.03	 4.000	 -5.00	 -5.00	 30.00	   0.0	  7.00	  8.31	 92.00	  5.14	  6.60	  0.30	 0.433	 0.19513217	 0.391	  0.583	      0.466	      0.339	 330.00	  0.00	 9999.00	 9999.00	
m70709c1r4.htb	   0.0	  0.03	 2.000	 -2.00	  0.00	 30.00	   0.0	 87.00	  8.37	 310.00	  7.43	  8.01	  0.95	 0.251	 0.24640510	 0.404	  0.304	      0.118	      0.093	 330.00	  0.00	 9999.00	 9999.00	
m70709c2r4.htb	   0.0	  0.03	 2.000	 -8.00	  0.00	 30.00	   0.0	 84.00	  8.05	 21.00	  6.67	  7.22	  3.58	 0.239	 0.53533966	 0.343	  0.355	      0.114	      0.126	 330.00	  0.00	 9999.00	 9999.00	
m70709c3r4.htb	   0.0	  0.03	 2.000	 -10.00	  6.00	 30.00	   0.0	 174.00	  3.20	 238.00	  1.64	  2.40	  0.50	 0.514	 0.57233971	 0.300	  0.633	      0.349	      0.401	 330.00	  0.00	 9999.00	 9999.00	
m70710c1r4.htb	   0.0	  0.03	 2.000	 -5.00	 -10.00	 30.00	   0.0	 174.00	 13.93	 324.00	  7.77	  9.71	  1.24	 0.433	 0.00001212	 0.512	  0.457	      0.950	      0.209	 330.00	  0.00	 174.00	 39.00	
m70710c2r4.htb	 180.0	  0.03	 2.000	  0.00	  0.00	 30.00	   0.0	 264.00	 17.40	 212.00	 12.02	 13.10	  8.56	 0.365	 0.00089728	 0.529	  0.382	      0.466	      0.146	 330.00	  0.00	 264.00	 19.00	
m70711c1r4.htb	   0.0	  0.03	 2.000	  0.00	  8.00	 30.00	   0.0	 260.00	 16.59	 31.00	 13.95	 15.71	  9.20	 0.335	 0.00092309	 0.519	  0.364	      0.421	      0.133	 330.00	  0.00	 260.00	 70.00	
m70711c2r4.htb	   0.0	  0.03	 2.000	 -5.00	  5.00	 30.00	   0.0	 187.00	 11.93	 245.00	  9.72	 10.44	  2.79	 0.201	 0.58385277	 0.317	  0.401	      0.138	      0.161	 330.00	  0.00	 9999.00	 9999.00	
m70712c1r4.htb	   0.0	  0.03	 2.000	 -5.00	  5.00	 30.00	   0.0	 178.00	 16.95	 278.00	 12.45	 14.54	  0.65	 0.350	 0.00000015	 0.590	  0.286	      0.491	      0.082	 330.00	  0.00	 178.00	 45.00	
m70717c3r4.htb	   0.0	  0.03	 2.000	  0.00	  5.00	 30.00	   0.0	 253.00	  9.38	  0.00	  5.89	  8.09	  0.30	 0.335	 0.05720485	 0.376	  0.521	      0.497	      0.271	 330.00	  0.00	 9999.00	 9999.00	
m70718c1r4.htb	   0.0	  0.03	 2.000	  2.00	  5.00	 30.00	   0.0	 11.00	 29.89	 330.00	 22.42	 23.80	  6.72	 0.184	 0.87590922	 0.296	  0.615	      0.202	      0.378	 330.00	  0.00	 9999.00	 9999.00	
m70718c2r4.htb	   0.0	  0.03	 2.000	  0.00	 -5.00	 30.00	   0.0	 81.00	 24.92	 177.00	 15.45	 19.95	  8.36	 0.387	 0.00000000	 0.608	  0.354	      1.534	      0.125	 330.00	  0.00	 81.00	 49.00	
m70718c3r4.htb	  90.0	  0.03	 2.000	  0.00	  2.00	 30.00	   0.0	 160.00	  7.20	 71.00	  2.47	  4.98	  0.90	 0.637	 0.00000010	 0.518	  0.508	      1.580	      0.258	 330.00	  0.00	 160.00	 43.00	
m70719c1r4.htb	  90.0	  0.03	 2.000	  5.00	  5.00	 30.00	   0.0	 286.00	 29.13	 172.00	 23.61	 25.73	  3.98	 0.283	 0.00000001	 0.600	  0.284	      0.553	      0.081	 330.00	  0.00	 286.00	 44.00	
m70719c2r4.htb	  90.0	  0.03	 2.000	 -5.00	  0.00	 30.00	   0.0	  5.00	 34.18	 208.00	 30.55	 32.48	 14.48	 0.165	 0.01209197	 0.461	  0.296	      0.206	      0.088	 330.00	  0.00	 9999.00	 9999.00	
m70719c3r4.htb	  90.0	  0.03	 2.000	 -5.00	 -5.00	 30.00	   0.0	 253.00	 50.13	 223.00	 20.62	 21.96	  5.77	 0.241	 0.08578315	 0.405	  0.483	      0.394	      0.233	 330.00	  0.00	 9999.00	 9999.00	
m70720c1r4.htb	  90.0	  0.03	 2.000	 -5.00	  0.00	 30.00	   0.0	 260.00	 27.68	 182.00	 21.39	 22.94	  6.07	 0.167	 0.46389348	 0.361	  0.406	      0.162	      0.165	 330.00	  0.00	 9999.00	 9999.00	
m70720c2r4.htb	   0.0	  0.03	 2.000	 -5.00	 -2.00	 30.00	   0.0	 257.00	 73.20	 286.00	 31.38	 32.38	 12.14	 0.131	 0.01635871	 0.448	  0.250	      0.141	      0.063	 330.00	  0.00	 9999.00	 9999.00	
m70723c1r4.htb	   0.0	  0.03	 2.000	 -8.00	 -8.00	 30.00	   0.0	 176.00	  3.51	 330.00	  2.09	  2.98	  0.80	 0.432	 0.18562960	 0.405	  0.465	      0.301	      0.216	 330.00	  0.00	 9999.00	 9999.00	
m70724c1r4.htb	   0.0	  0.03	 2.000	  0.00	  5.00	 40.00	   0.0	 87.00	 19.17	 138.00	 15.68	 16.73	 16.62	 0.210	 0.51925290	 0.378	  0.398	      0.147	      0.158	 330.00	  0.00	 9999.00	 9999.00	
m70730c1r4.htb	   0.0	  0.03	 2.000	 -5.00	  0.00	 30.00	   0.0	  8.00	 15.04	 85.00	 11.46	 13.15	  0.75	 0.260	 0.11242123	 0.397	  0.402	      0.256	      0.162	 330.00	  0.00	 9999.00	 9999.00	
m70801c3r4.htb	   0.0	  0.03	 2.000	  5.00	  5.00	 25.00	   0.0	 195.00	 73.61	 163.00	 44.64	 49.03	 12.04	 0.216	 0.00008046	 0.544	  0.358	      0.504	      0.128	 330.00	  0.00	 195.00	 11.00	
m70802c1r4.htb	   0.0	  0.03	 2.000	 -8.00	 -7.00	 30.00	   0.0	 253.00	 21.40	 214.00	 11.53	 13.98	  4.83	 0.362	 0.00045949	 0.480	  0.461	      0.722	      0.213	 330.00	  0.00	 253.00	 14.00	
m70802c2r4.htb	   0.0	  0.03	 2.000	  2.00	 -2.00	 30.00	   0.0	 31.00	 25.73	 330.00	 21.19	 23.67	  3.38	 0.190	 0.21574162	 0.339	  0.481	      0.308	      0.231	 330.00	  0.00	 9999.00	 9999.00	
m70803c2r4.htb	   0.0	  0.03	 2.000	 -10.00	 -3.00	 30.00	   0.0	 18.00	 15.69	 297.00	  9.61	 12.92	  2.24	 0.579	 0.00000001	 0.585	  0.519	      1.857	      0.269	 330.00	  0.00	 18.00	 45.00	
m70806c1r4.htb	   0.0	  0.03	 2.000	  7.00	  3.00	 25.00	   0.0	 298.00	 11.97	 197.00	  5.72	  8.92	  0.40	 0.496	 0.00000000	 0.566	  0.391	      1.184	      0.153	 330.00	  0.00	 298.00	 32.00	
m70807c1r4.htb	   0.0	  0.03	 2.000	  0.00	  0.00	 30.00	   0.0	 269.00	 23.84	 24.00	 16.79	 20.56	  1.44	 0.322	 0.00000001	 0.578	  0.323	      0.731	      0.104	 330.00	  0.00	 269.00	 59.00	
m70809c1r4.htb	   0.0	  0.03	 2.000	  0.00	  2.00	 35.00	   0.0	 156.00	 12.74	 324.00	  8.57	 10.16	  2.34	 0.357	 0.00000015	 0.506	  0.347	      0.719	      0.120	 330.00	  0.00	 156.00	 59.00	
m70810c1r4.htb	 180.0	  0.03	 2.000	  0.00	  0.00	 30.00	   0.0	 105.00	  7.38	 330.00	  4.57	  5.82	  0.60	 0.478	 0.00031535	 0.502	  0.395	      0.547	      0.156	 330.00	  0.00	 105.00	 59.00	
m70815c1r4.htb	   0.0	  0.03	 2.000	  0.00	  0.00	 25.00	   0.0	 70.00	  9.04	 183.00	  5.19	  7.69	  2.39	 0.538	 0.00000059	 0.567	  0.394	      0.859	      0.155	 330.00	  0.00	 70.00	 58.00	
m70816c1r4.htb	   0.0	  0.03	 2.000	  6.00	  5.00	 25.00	   0.0	 75.00	 18.56	 40.00	  7.03	  8.96	  1.54	 0.410	 0.00118719	 0.455	  0.491	      0.747	      0.241	 330.00	  0.00	 75.00	 13.00	
m70817c1r4.htb	 180.0	  0.03	 2.000	  3.00	  0.00	 40.00	   0.0	 330.00	  9.98	 67.00	  3.50	  6.50	  1.49	 0.724	 0.00000000	 0.635	  0.429	      2.257	      0.184	 330.00	  0.00	 330.00	  0.00	
m70820c1r4.htb	 180.0	  0.03	 2.000	  0.00	  0.00	 35.00	   0.0	 268.00	 28.44	 194.00	 20.65	 23.45	 11.39	 0.305	 0.00685514	 0.478	  0.488	      0.606	      0.239	 330.00	  0.00	 268.00	 30.00	
m70822c1r4.htb	 180.0	  0.03	 2.000	 -5.00	 -7.00	 30.00	   0.0	 252.00	  7.39	  7.00	  5.71	  6.50	  1.19	 0.261	 0.71556548	 0.303	  0.453	      0.148	      0.205	 330.00	  0.00	 9999.00	 9999.00	
m70823c1r4.htb	 180.0	  0.03	 2.000	  0.00	 -7.00	 20.00	   0.0	  0.00	  7.87	 312.00	  5.76	  6.68	  0.75	 0.311	 0.58808601	 0.321	  0.530	      0.240	      0.281	 330.00	  0.00	 9999.00	 9999.00	
m70824c1r4.htb	   0.0	  0.03	 2.000	  0.00	  0.00	 20.00	   0.0	 26.00	 31.30	 256.00	 18.81	 22.65	  4.39	 0.533	 0.39316676	 0.378	  1.018	      1.106	      1.035	 330.00	  0.00	 9999.00	 9999.00	
m70827c1r4.htb	   0.0	  0.03	 2.000	  0.00	 -5.00	 25.00	   0.0	 255.00	 29.34	 214.00	 17.34	 18.32	  2.44	 0.279	 0.01301718	 0.429	  0.473	      0.521	      0.223	 330.00	  0.00	 9999.00	 9999.00	
m70828c1r4.htb	   0.0	  0.03	 2.000	 -5.00	 -10.00	 25.00	   0.0	 251.00	  7.29	 165.00	  2.44	  3.15	  0.15	 0.529	 0.29499895	 0.397	  0.534	      0.343	      0.285	 330.00	  0.00	 9999.00	 9999.00	
m70829c1r4.htb	   0.0	  0.03	 2.000	 -2.00	 -2.00	 25.00	   0.0	 258.00	 13.33	  8.00	  8.86	 11.04	  0.60	 0.370	 0.00002732	 0.510	  0.363	      0.564	      0.132	 330.00	  0.00	 258.00	 57.00	
m70831c1r4.htb	 180.0	  0.03	 2.000	  5.00	 -7.00	 30.00	   0.0	 109.00	 37.12	 144.00	 27.61	 30.27	  4.23	 0.173	 0.00600341	 0.443	  0.332	      0.284	      0.110	 330.00	  0.00	 109.00	 14.00	
m70905c1r4.htb	 180.0	  0.03	 2.000	  0.00	  0.00	 40.00	   0.0	 102.00	 21.41	 32.00	 15.06	 17.77	  3.28	 0.255	 0.00005201	 0.451	  0.384	      0.601	      0.147	 330.00	  0.00	 102.00	 29.00	
