FILE			 PrfOR	 PrfSF	 PrfTF	 RFXctr	 RFYctr	 RFDiam	 GrType	 MaxLoc	 MaxRsp	 MinLoc	 MinRsp	 Spont	 CMI		 AnovaP	 SFDI  	 VarTerm	 MaxX 	 MinX 	 RsqMn	 PMean	 RsqRaw	 Praw		 Chi2		 ChiP		 Rmax			 C50		 n		 Offset	 Halfmax_slope	
m70108c1r5.htb	   0.0	  0.03	 2.000	 20.00	 -15.00	 40.00	   0.0	 0.9550	 16.68	 0.0150	  5.16	  5.37	 1.073	 0.00000000	 0.647	  0.501	  0.96	  0.01	  0.9917	 0.0000	 0.66114963	 0.0000	 0.10716847	 0.9910	 17.26368159	 40.45	  1.00	 4.5442	 24.5594	 
m70110c1r5.htb	   0.0	  0.03	 2.000	 -10.00	 -5.00	 40.00	   0.0	 0.9550	  7.97	 0.0150	  5.80	  6.19	 1.221	 0.86660538	 0.160	  1.413	  0.96	  0.01	  0.6518	 0.0281	 0.01203944	 0.1969	 0.02327963	 0.9991	 2.20089088	 38.86	  4.51	 5.8031	 2.9254	 
m70110c2r5.htb	   0.0	  0.03	 2.000	 10.00	 -15.00	 40.00	   0.0	 0.9550	  4.88	 0.0150	  1.12	  1.09	 0.993	 0.00006038	 0.505	  0.716	  0.96	  0.01	  0.9068	 0.0009	 0.32689478	 0.0000	 0.47245775	 0.9249	 3.80755526	 41.32	  5.22	 1.1207	 4.6966	 
m70110c3r5.htb	  90.0	  0.03	 2.000	 10.00	 -15.00	 40.00	   0.0	 0.9550	  5.69	 0.0150	  0.63	  1.69	 1.290	 0.00000055	 0.573	  0.650	  0.96	  0.01	  0.9280	 0.0005	 0.42396548	 0.0000	 0.52793316	 0.9127	 6.61691542	 37.00	  1.33	 0.5336	 9.5273	 
m70111c1r5.htb	  90.0	  0.03	 2.000	 20.00	  5.00	 50.00	   0.0	 0.9550	  5.51	 0.0150	  4.06	  3.93	 0.915	 0.08249787	 0.376	  0.420	  0.96	  0.01	  0.5047	 0.0736	 0.07990961	 0.0177	 0.75711338	 0.8597	 1.55122835	 38.04	  2.85	 4.0641	 2.0278	 
m70112c1r5.htb	 120.0	  0.03	 2.000	  0.00	  0.00	 50.00	   0.0	 0.9550	  5.27	 0.0150	  2.95	  2.74	 0.914	 0.01159563	 0.444	  0.468	  0.96	  0.01	  0.8853	 0.0016	 0.19796456	 0.0001	 0.38666778	 0.9430	 3.22141347	 74.67	  3.83	 2.9539	 1.8287	 
m70116c1r5.htb	   0.0	  0.03	 2.000	  0.00	  0.00	 40.00	   0.0	 0.9550	  8.06	 0.0150	  2.93	  2.84	 0.982	 0.00401358	 0.367	  1.238	  0.96	  0.01	  0.8564	 0.0028	 0.11295300	 0.0000	 0.14063016	 0.9866	 5.13532126	 44.89	 10.00	 2.9276	 6.0931	 
m70117c1r5.htb	 150.0	  0.03	 2.000	 15.00	 -5.00	 40.00	   0.0	 0.9550	  5.20	 0.0150	  2.30	  2.54	 1.088	 0.05013921	 0.368	  0.776	  0.96	  0.01	  0.9352	 0.0004	 0.16472861	 0.0005	 0.10884714	 0.9908	 2.99797620	 47.44	  4.75	 2.3037	 3.1990	 
m70117c2r5.htb	  30.0	  0.03	 2.000	 20.00	 -10.00	 50.00	   0.0	 0.9550	 12.20	 0.0150	  6.23	  6.72	 1.119	 0.00000004	 0.579	  0.403	  0.96	  0.01	  0.9204	 0.0006	 0.46307575	 0.0000	 0.53411409	 0.9113	 12.28855721	 95.68	  1.03	 6.0630	 8.8854	 
m70117c3r5.htb	  60.0	  0.03	 2.000	 20.00	 -20.00	 50.00	   0.0	 0.9550	 25.04	 0.0150	 19.11	 20.04	 1.188	 0.01312122	 0.504	  0.457	  0.96	  0.01	  0.8535	 0.0030	 0.30213564	 0.0002	 0.97261879	 0.8079	 5.93870058	 19.90	  4.72	 19.1055	 15.8910	 
m70118c1r5.htb	  90.0	  0.05	 2.000	  0.00	  0.00	 40.00	   0.0	 0.9550	  1.93	 0.0150	  0.54	  1.74	 7.796	 0.09321127	 0.339	  0.872	  0.96	  0.01	  0.7379	 0.0133	 0.05697974	 0.0045	 0.16929242	 0.9824	 2.66169154	 76.37	  0.90	 0.4646	 2.5026	 
m70118c2r5.htb	   0.0	  0.05	 4.000	  0.00	  0.00	 40.00	   0.0	 0.9550	  3.83	 0.0150	  2.49	  3.23	 2.243	 0.18449208	 0.304	  0.780	  0.96	  0.01	  0.3906	 0.1335	 0.02468077	 0.0638	 0.52338621	 0.9137	 1.35353498	 36.39	  5.57	 2.4871	 1.8956	 
m70122c1r5.htb	  90.0	  0.03	 4.000	  0.00	  0.00	 100.00	   0.0	 0.9550	  7.79	 0.0150	  6.25	  5.77	 0.784	 0.50284757	 0.277	  0.507	  0.96	  0.01	  0.6290	 0.0333	 0.04949791	 0.0641	 0.35989267	 0.9484	 2.06976987	 36.40	  1.23	 6.2085	 3.0585	 
m70123c1r5.htb	   0.0	  0.03	 4.000	 -20.00	  0.00	 120.00	   0.0	 0.9550	  1.99	 0.0150	  0.35	  0.70	 1.269	 0.02024097	 0.430	  0.646	  0.96	  0.01	  0.9170	 0.0007	 0.18915010	 0.0002	 0.15438723	 0.9846	 1.64022813	 48.88	 10.00	 0.3489	 1.7790	 
m70123c2r5.htb	 180.0	  0.03	 4.000	 10.00	 -20.00	 100.00	   0.0	 0.9550	  8.93	 0.0150	  4.41	  6.72	 2.038	 0.00636137	 0.403	  0.796	  0.96	  0.01	  0.9443	 0.0003	 0.22804346	 0.0000	 0.20110383	 0.9774	 4.52892498	 26.54	  4.80	 4.4142	 9.0985	 
m70123c3r5.htb	 180.0	  0.03	 2.000	  0.00	  0.00	 120.00	   0.0	 0.9550	 15.73	 0.0150	  9.97	 11.66	 1.414	 0.00523393	 0.391	  0.747	  0.96	  0.01	  0.9351	 0.0004	 0.14803441	 0.0000	 0.08773868	 0.9933	 6.76191348	 62.12	  4.06	 9.9738	 5.1239	 
m70124c1r5.htb	   0.0	  0.03	 2.000	  0.00	  0.00	 60.00	   0.0	 0.9550	  5.18	 0.0150	  1.76	  3.28	 1.801	 0.00032638	 0.435	  0.779	  0.96	  0.01	  0.9292	 0.0005	 0.29804390	 0.0000	 0.38486367	 0.9434	 3.41635036	 37.87	 10.00	 1.7641	 4.8674	 
m70124c2r5.htb	 240.0	  0.03	 2.000	 10.00	 -20.00	 80.00	   0.0	 0.9550	  7.40	 0.0150	  3.96	  4.43	 1.159	 0.00028074	 0.478	  0.428	  0.96	  0.01	  0.9825	 0.0000	 0.31873821	 0.0000	 0.09588974	 0.9923	 3.93439741	 35.67	  1.99	 3.9548	 5.5585	 
m70124c3r5.htb	 180.0	  0.03	 2.000	 15.00	 -20.00	 60.00	   0.0	 0.9550	  8.83	 0.0150	  5.38	  6.50	 1.484	 0.00008166	 0.459	  0.470	  0.96	  0.01	  0.9318	 0.0004	 0.24962082	 0.0000	 0.17714741	 0.9812	 3.58247055	 28.57	  2.68	 5.3798	 6.3713	 
m70124c4r5.htb	 180.0	  0.03	 2.000	 10.00	 -20.00	 60.00	   0.0	 0.9550	 11.35	 0.0150	  5.80	  6.37	 1.117	 0.00020189	 0.527	  0.566	  0.96	  0.01	  0.9000	 0.0011	 0.29913804	 0.0000	 0.35839840	 0.9487	 11.52689056	 100.00	  1.53	 5.7846	 5.9183	 
m70125c1r5.htb	 270.0	  0.03	 2.000	  0.00	  0.00	 60.00	   0.0	 0.9550	  2.12	 0.0150	  0.02	  0.40	 1.218	 0.00000000	 0.567	  0.545	  0.96	  0.01	  0.9285	 0.0005	 0.37321717	 0.0000	 0.20794821	 0.9763	 2.11406370	 22.97	  3.23	 0.0239	 4.7640	 
m70125c2r5.htb	 180.0	  0.03	 2.000	  0.00	  0.00	 120.00	   0.0	 0.9550	  6.39	 0.0150	  3.30	  4.59	 1.751	 0.00000000	 0.399	  0.588	  0.96	  0.01	  0.9756	 0.0000	 0.18856333	 0.0000	 0.09152228	 0.9928	 3.35608604	 17.26	  1.62	 3.2348	 9.7110	 
m70125c3r5.htb	 180.0	  0.03	 2.000	  0.00	 -5.00	 100.00	   0.0	 0.9550	  8.80	 0.0150	  5.49	  5.62	 1.040	 0.03137413	 0.430	  0.505	  0.96	  0.01	  0.8537	 0.0029	 0.16394341	 0.0005	 0.19174154	 0.9789	 3.31293258	 52.85	 10.00	 5.4939	 3.3163	 
m70125c4r5.htb	 180.0	  0.03	 2.000	  0.00	  0.00	 100.00	   0.0	 0.9550	 26.70	 0.0150	 17.12	 19.45	 3.221	 0.00000138	 0.550	  0.467	  0.96	  0.01	  0.8462	 0.0033	 0.37172954	 0.0000	 0.80360605	 0.8486	 27.46268657	  1.48	  0.42	 3.3494	 55.9019	 
m70126c1r5.htb	 150.0	  0.03	 2.000	  0.00	  0.00	 60.00	   0.0	 0.9550	  5.23	 0.0150	  2.18	  2.04	 0.960	 0.00075991	 0.489	  0.562	  0.96	  0.01	  0.8482	 0.0032	 0.25405840	 0.0000	 0.42349889	 0.9353	 5.77114428	 88.10	  1.55	 2.1684	 3.3716	 
m70126c2r5.htb	   0.0	  0.03	 2.000	 20.00	 -10.00	 60.00	   0.0	 0.9550	 21.84	 0.0150	 11.01	 10.95	 0.999	 0.00000000	 0.592	  0.525	  0.96	  0.01	  0.9798	 0.0000	 0.54156581	 0.0000	 0.16944966	 0.9824	 11.36774394	 20.88	  2.05	 10.9535	 27.6205	 
m70126c3r5.htb	   0.0	  0.03	 2.000	 10.00	 -15.00	 60.00	   0.0	 0.9550	 14.21	 0.0150	  8.79	 11.47	 2.179	 0.00000038	 0.442	  0.514	  0.96	  0.01	  0.9555	 0.0001	 0.24728278	 0.0000	 0.08374594	 0.9937	 11.15691558	 78.72	  0.74	 8.2329	 11.4199	 
m70126c4r5.htb	   0.0	  0.03	 4.000	 10.00	 -10.00	 60.00	   0.0	 0.9550	  8.96	 0.0150	  3.92	  3.98	 1.013	 0.00000000	 0.588	  0.370	  0.96	  0.01	  0.9884	 0.0000	 0.61672953	 0.0000	 0.10347709	 0.9914	 5.07615566	 15.91	  2.92	 3.9147	 16.6776	 
m70126c5r5.htb	   0.0	  0.03	 4.000	 10.00	 -10.00	 60.00	   0.0	 0.9550	  6.09	 0.0150	  1.46	  1.54	 1.018	 0.00000001	 0.560	  0.546	  0.96	  0.01	  0.9641	 0.0001	 0.51603436	 0.0000	 0.33840462	 0.9527	 4.63662109	 13.59	  3.30	 1.4585	 18.2908	 
m70129c1r5.htb	 150.0	  0.03	 2.000	  0.00	 -10.00	 60.00	   0.0	 0.9550	  9.72	 0.0150	  3.16	  2.79	 0.963	 0.00000000	 0.599	  0.469	  0.96	  0.01	  0.9910	 0.0000	 0.56682979	 0.0000	 0.06796098	 0.9954	 10.04975124	 54.54	  1.22	 3.0393	 10.5070	 
m70131c1r5.htb	   0.0	  0.03	 2.000	 10.00	 -10.00	 50.00	   0.0	 0.9550	 10.47	 0.0150	  3.35	  5.97	 1.586	 0.00000000	 0.435	  1.019	  0.96	  0.01	  0.9790	 0.0000	 0.30331573	 0.0000	 0.13714008	 0.9870	 7.16023869	 12.83	  2.76	 3.3347	 29.3298	 
m70131c2r5.htb	 360.0	  0.03	 2.000	 15.00	 -10.00	 60.00	   0.0	 0.9550	 10.58	 0.0150	  4.99	  4.53	 0.924	 0.00003810	 0.509	  0.547	  0.96	  0.01	  0.9676	 0.0001	 0.35879813	 0.0000	 0.12787772	 0.9883	 9.99197346	 84.95	  2.05	 4.9905	 5.3043	 
m70131c2r5.htb	 360.0	  0.03	 2.000	 15.00	 -10.00	 60.00	   0.0	 0.9550	 10.58	 0.0150	  4.99	  4.53	 0.923	 0.00003810	 0.509	  0.547	  0.96	  0.01	  0.9676	 0.0001	 0.35879737	 0.0000	 0.12787149	 0.9883	 9.98689229	 84.91	  2.05	 4.9907	 5.3039	 
m70201c1r5.htb	 180.0	  0.03	 2.000	  0.00	  0.00	 80.00	   0.0	 0.9550	  6.70	 0.0150	  4.22	  5.92	 3.191	 0.00090270	 0.486	  0.465	  0.96	  0.01	  0.6762	 0.0232	 0.19952804	 0.0001	 1.65873211	 0.6461	 2.47438710	 23.85	 10.00	 4.2213	 5.8491	 
m70201c2r5.htb	 360.0	  0.03	 2.000	 10.00	 -15.00	 50.00	   0.0	 0.9550	 18.20	 0.0150	  9.80	 10.30	 1.086	 0.00000530	 0.534	  0.541	  0.96	  0.01	  0.8913	 0.0014	 0.36781987	 0.0000	 0.38265336	 0.9438	 17.58688492	 100.00	  1.09	 9.6220	 11.7523	 
m70201c3r5.htb	 320.0	  0.03	 2.000	 10.00	 -20.00	 60.00	   0.0	 0.9550	  1.81	 0.0150	  0.69	  0.75	 1.050	 0.03150852	 0.358	  0.517	  0.96	  0.01	  0.9647	 0.0001	 0.18511629	 0.0002	 0.01881758	 0.9993	 1.12231508	 19.89	  4.33	 0.6927	 2.9890	 
m70202c1r5.htb	   0.0	  0.03	 2.000	  0.00	 -15.00	 60.00	   0.0	 0.9550	  4.53	 0.0150	  1.10	  2.09	 1.422	 0.00002126	 0.525	  0.535	  0.96	  0.01	  0.9817	 0.0000	 0.37657019	 0.0000	 0.22294867	 0.9738	 4.16924618	 32.40	  1.48	 1.0596	 6.6665	 
m70202c2r5.htb	   0.0	  0.03	 2.000	 20.00	 -20.00	 60.00	   0.0	 0.9550	 27.68	 0.0150	  9.93	  8.21	 0.912	 0.00000000	 0.705	  0.510	  0.96	  0.01	  0.9808	 0.0000	 0.79339239	 0.0000	 0.53084554	 0.9121	 18.07012394	 23.29	  2.86	 9.9224	 39.7638	 
m70202c3r5.htb	   0.0	  0.03	 2.000	 10.00	 -10.00	 60.00	   0.0	 0.9550	  9.98	 0.0150	  7.41	  7.81	 1.184	 0.00712913	 0.449	  0.456	  0.96	  0.01	  0.7242	 0.0152	 0.17247603	 0.0004	 0.62797118	 0.8900	 2.57081986	 29.95	 10.00	 7.4108	 4.6723	 
m70202c4r5.htb	  60.0	  0.03	 2.000	 20.00	 -25.00	 50.00	   0.0	 0.9550	 24.67	 0.0150	  5.45	  5.37	 0.999	 0.00000000	 0.641	  0.857	  0.96	  0.01	  0.9667	 0.0001	 0.58707782	 0.0000	 0.53567822	 0.9110	 26.81592040	 54.48	  1.68	 5.3846	 25.1690	 
m70202c5r5.htb	   0.0	  0.03	 2.000	 20.00	 -20.00	 60.00	   0.0	 0.9550	 26.01	 0.0150	  8.43	 11.51	 1.213	 0.00000097	 0.483	  1.423	  0.96	  0.01	  0.9770	 0.0000	 0.58571924	 0.0000	 0.44818419	 0.9301	 17.57791661	 26.03	 10.00	 8.4331	 36.8191	 
m70205c1r5.htb	   0.0	  0.03	 2.000	 10.00	 -10.00	 60.00	   0.0	 0.9550	 17.16	 0.0150	  8.01	  9.40	 1.775	 0.00000120	 0.541	  0.557	  0.96	  0.01	  0.9493	 0.0002	 0.41959805	 0.0000	 0.51381784	 0.9158	 17.56218905	  9.53	  0.56	 3.3945	 42.0889	 
m70205c2r5.htb	  90.0	  0.03	 2.000	  0.00	  0.00	 60.00	   0.0	 0.9550	  7.91	 0.0150	  5.96	  6.72	 1.667	 0.39879459	 0.331	  0.470	  0.96	  0.01	  0.8780	 0.0018	 0.08018622	 0.0175	 0.07140902	 0.9950	 4.07064527	 100.00	  1.09	 5.9227	 2.7141	 
m70205c3r5.htb	 180.0	  0.03	 2.000	 -5.00	 -10.00	 60.00	   0.0	 0.9550	  6.58	 0.0150	  4.17	  2.69	 0.620	 0.01962015	 0.397	  0.500	  0.96	  0.01	  0.8815	 0.0017	 0.18269209	 0.0002	 0.57095769	 0.9030	 2.41762121	 46.82	 10.00	 4.1656	 2.7574	 
m70207c1r5.htb	 360.0	  0.03	 2.000	 -10.00	 -10.00	 100.00	   0.0	 0.9550	 10.08	 0.0150	  7.20	  6.32	 0.873	 0.01471709	 0.394	  0.375	  0.96	  0.01	  0.8515	 0.0031	 0.18417029	 0.0002	 0.17422046	 0.9816	 5.16459623	 44.38	  0.73	 6.7937	 7.3478	 
m70207c2r5.htb	 300.0	  0.03	 2.000	  0.00	 -20.00	 60.00	   0.0	 0.9550	 12.42	 0.0150	  7.45	  7.51	 1.013	 0.01174775	 0.472	  0.613	  0.96	  0.01	  0.7838	 0.0080	 0.17495824	 0.0003	 0.74233172	 0.8632	 5.72726418	 41.75	  2.27	 7.4501	 6.7947	 
m70208c1r5.htb	 360.0	  0.03	 2.000	  0.00	  0.00	 100.00	   0.0	 0.9550	  3.01	 0.0150	  1.24	  1.99	 1.739	 0.13595119	 0.356	  0.726	  0.96	  0.01	  0.8467	 0.0033	 0.11792740	 0.0036	 0.14204788	 0.9864	 1.77158770	 27.46	 10.00	 1.2375	 3.3036	 
m70208c2r5.htb	 300.0	  0.03	 2.000	  0.00	 -15.00	 60.00	   0.0	 0.9550	  9.32	 0.0150	  2.40	  2.14	 1.008	 0.00000000	 0.608	  0.577	  0.96	  0.01	  0.9156	 0.0007	 0.51152819	 0.0000	 0.73726159	 0.8644	 10.84577114	 48.06	  1.01	 2.0826	 13.5411	 
m70208c3r5.htb	 300.0	  0.03	 2.000	  0.00	 -20.00	 60.00	   0.0	 0.9550	 10.23	 0.0150	  3.59	  4.73	 1.211	 0.00000093	 0.553	  0.606	  0.96	  0.01	  0.9054	 0.0010	 0.40450826	 0.0000	 0.42002706	 0.9361	 9.07348082	 52.36	  1.70	 3.5645	 8.8353	 
m70208c4r5.htb	 180.0	  0.03	 2.000	 -10.00	 -15.00	 50.00	   0.0	 0.9550	 15.41	 0.0150	  8.26	  9.25	 1.216	 0.02708719	 0.425	  0.787	  0.96	  0.01	  0.9220	 0.0006	 0.18150762	 0.0002	 0.15484026	 0.9845	 15.29566858	 100.00	  0.90	 7.9250	 11.7718	 
m70208c5r5.htb	   0.0	  0.03	 2.000	  0.00	 -10.00	 60.00	   0.0	 0.9550	 19.17	 0.0150	 10.29	  9.55	 1.030	 0.00000007	 0.564	  0.478	  0.96	  0.01	  0.9140	 0.0008	 0.45154249	 0.0000	 0.43889541	 0.9321	 11.02326835	 12.50	  1.07	 9.2676	 37.3644	 
m70209c1r5.htb	  90.0	  0.03	 2.000	 -5.00	 -15.00	 60.00	   0.0	 0.9550	  8.80	 0.0150	  3.75	  2.89	 0.884	 0.00052713	 0.481	  0.618	  0.96	  0.01	  0.9343	 0.0004	 0.28854517	 0.0000	 0.12240939	 0.9890	 7.61440298	 46.59	  1.09	 3.5708	 9.5057	 
m70209c2r5.htb	 100.0	  0.05	 2.000	 -5.00	 -15.00	 50.00	   0.0	 0.9550	 12.95	 0.0150	  8.23	  9.90	 1.548	 0.05792045	 0.372	  0.811	  0.96	  0.01	  0.9034	 0.0010	 0.15456534	 0.0008	 0.14307831	 0.9862	 4.71711387	 21.81	 10.00	 8.2315	 12.3662	 
m70212c1r5.htb	  60.0	  0.03	 2.000	 10.00	 -25.00	 60.00	   0.0	 0.9550	 10.70	 0.0150	  4.45	  4.93	 1.189	 0.00010085	 0.528	  0.600	  0.96	  0.01	  0.9600	 0.0001	 0.33479041	 0.0000	 0.14249580	 0.9863	 11.19402985	 53.35	  0.80	 3.8318	 14.2270	 
m70212c2r5.htb	   0.0	  0.03	 2.000	 10.00	 -20.00	 40.00	   0.0	 0.9550	  4.54	 0.0150	  1.85	  2.19	 1.145	 0.00000015	 0.545	  0.361	  0.96	  0.01	  0.9740	 0.0000	 0.46718850	 0.0000	 0.22206606	 0.9740	 2.74570082	 21.25	  2.54	 1.8489	 6.6173	 
m70212c3r5.htb	  50.0	  0.03	 2.000	 10.00	 -30.00	 60.00	   0.0	 0.9550	 15.13	 0.0150	  2.90	  3.88	 1.088	 0.00000000	 0.674	  0.594	  0.96	  0.01	  0.9821	 0.0000	 0.71649543	 0.0000	 0.39827025	 0.9406	 12.56273603	 26.18	  2.81	 2.8910	 24.5485	 
m70212c4r5.htb	   0.0	  0.03	 2.000	  0.00	 -30.00	 60.00	   0.0	 0.9550	  1.78	 0.0150	  0.81	  1.14	 1.552	 0.01864551	 0.443	  0.378	  0.96	  0.01	  0.7527	 0.0114	 0.15722262	 0.0007	 0.60718468	 0.8948	 1.22840759	 36.08	  1.42	 0.7952	 1.7823	 
m70213c1r5.htb	 270.0	  0.03	 2.000	 -5.00	 -15.00	 40.00	   0.0	 0.9550	  3.69	 0.0150	  0.01	  0.00	 0.996	 0.00000000	 0.695	  0.423	  0.96	  0.01	  0.9681	 0.0001	 0.71060339	 0.0000	 0.51151353	 0.9164	 3.86329734	 35.82	  3.07	 0.0131	 5.4435	 
m70216c1r5.htb	   0.0	  0.03	 4.000	  0.00	 -15.00	 60.00	   0.0	 0.9550	  5.73	 0.0150	  2.61	  2.44	 0.946	 0.04925634	 0.395	  0.802	  0.96	  0.01	  0.6747	 0.0235	 0.11925405	 0.0034	 0.23804602	 0.9712	 3.38430610	 41.96	  2.97	 2.6140	 4.0071	 
m70219c1r5.htb	   0.0	  0.03	 2.000	  0.00	  0.00	 120.00	   0.0	 0.9550	  8.99	 0.0150	  0.03	  0.55	 1.062	 0.00000000	 0.722	  0.604	  0.96	  0.01	  0.9893	 0.0000	 0.79675101	 0.0000	 0.29025824	 0.8649	 10.00000000	 65.01	  5.61	 0.0271	 7.4126	 
m70221c1r5.htb	 180.0	  0.03	 2.000	 -5.00	 -15.00	 70.00	   0.0	 0.9550	  2.76	 0.0150	  0.73	  0.95	 1.116	 0.00375167	 0.428	  0.624	  0.96	  0.01	  0.8997	 0.0011	 0.23088489	 0.0000	 0.25466794	 0.9683	 2.06182767	 40.83	  4.90	 0.7335	 2.6145	 
m70221c2r5.htb	 180.0	  0.03	 2.000	  0.00	  0.00	 100.00	   0.0	 0.9550	  5.32	 0.0150	  2.92	  3.43	 1.274	 0.26444617	 0.328	  0.682	  0.96	  0.01	  0.9528	 0.0002	 0.10591866	 0.0060	 0.01104490	 0.9997	 2.40745484	 48.33	 10.00	 2.9157	 2.5526	 
m70222c1r5.htb	   0.0	  0.03	 2.000	  0.00	  0.00	 100.00	   0.0	 0.9550	  6.00	 0.0150	  1.56	  2.14	 1.226	 0.00008597	 0.487	  0.741	  0.96	  0.01	  0.9080	 0.0009	 0.32002236	 0.0000	 0.55312123	 0.9071	 6.91542289	 42.05	  0.94	 1.2689	 9.7663	 
m70222c2r5.htb	 300.0	  0.03	 2.000	  0.00	  0.00	 100.00	   0.0	 0.9550	  3.14	 0.0150	  1.53	  1.99	 2.731	 0.01487375	 0.351	  0.502	  0.96	  0.01	  0.9529	 0.0002	 0.10525731	 0.0001	 0.01560971	 0.9995	 3.21232529	  1.67	  0.93	 0.0000	 17.8116	 
m70222c3r5.htb	 180.0	  0.03	 2.000	  0.00	 -10.00	 100.00	   0.0	 0.9550	 11.90	 0.0150	  8.35	  7.91	 0.890	 0.08514555	 0.402	  0.521	  0.96	  0.01	  0.8520	 0.0030	 0.13390890	 0.0018	 0.18587174	 0.9798	 7.44773616	 100.00	  2.09	 8.3506	 3.1207	 
m70222c4r5.htb	  50.0	  0.03	 2.000	  0.00	 -25.00	 60.00	   0.0	 0.9550	  4.96	 0.0150	  2.07	  2.09	 1.006	 0.00122540	 0.455	  0.543	  0.96	  0.01	  0.8757	 0.0019	 0.25142627	 0.0000	 0.28786580	 0.9623	 3.43827575	 43.35	  2.09	 2.0714	 3.9391	 
m70223c1r5.htb	   0.0	  0.03	 2.000	 10.00	 10.00	 50.00	   0.0	 0.9550	  6.47	 0.0150	  1.91	  1.54	 1.313	 0.00000036	 0.554	  0.565	  0.96	  0.01	  0.6613	 0.0261	 0.30700681	 0.0000	 2.21350304	 0.5293	 7.00451923	  4.87	  0.84	 0.0000	 29.9441	 
m70223c2r5.htb	   0.0	  0.05	 2.000	  0.00	  0.00	 100.00	   0.0	 0.9550	  5.22	 0.0150	  2.41	  3.08	 1.324	 0.07559604	 0.411	  0.683	  0.96	  0.01	  0.6866	 0.0212	 0.11091452	 0.0048	 0.42264286	 0.9355	 2.82632376	  2.92	  8.14	 2.3931	 76.3273	 
m70223c3r5.htb	   0.0	  0.05	 2.000	  0.00	  0.00	 100.00	   0.0	 0.9550	  8.91	 0.0150	  5.37	  5.42	 1.015	 0.38193145	 0.354	  0.746	  0.96	  0.01	  0.8463	 0.0033	 0.07917080	 0.0183	 0.11092262	 0.9905	 3.58346679	 61.34	 10.00	 5.3712	 2.9758	 
m70226c1r5.htb	 270.0	  0.03	 2.000	 -5.00	 -5.00	 70.00	   0.0	 0.9550	  2.15	 0.0150	  0.97	  1.49	 1.797	 0.05213504	 0.344	  0.522	  0.96	  0.01	  0.9345	 0.0004	 0.16333246	 0.0005	 0.08362406	 0.9937	 1.18445639	  7.04	 10.00	 0.9671	 11.0268	 
m70226c2r5.htb	 180.0	  0.03	 2.000	 20.00	 -5.00	 60.00	   0.0	 0.9550	  5.98	 0.0150	  4.35	  4.45	 1.067	 0.01240916	 0.333	  0.476	  0.96	  0.01	  0.9125	 0.0008	 0.10358304	 0.0001	 0.11760663	 0.9896	 1.64733394	 25.33	  3.67	 4.3500	 3.3358	 
m70226c3r5.htb	 180.0	  0.03	 2.000	  0.00	 -10.00	 60.00	   0.0	 0.9550	  6.89	 0.0150	  4.14	  6.57	 8.578	 0.00591491	 0.413	  0.521	  0.96	  0.01	  0.8909	 0.0014	 0.21705076	 0.0000	 0.19331437	 0.9787	 2.75158343	 21.05	 10.00	 4.1364	 7.2372	 
m70306c1r5.htb	   0.0	  0.03	 2.000	 -10.00	 -10.00	 60.00	   0.0	 0.9550	  3.75	 0.0150	  2.36	  2.65	 1.269	 0.00846034	 0.337	  0.489	  0.96	  0.01	  0.9380	 0.0003	 0.09412226	 0.0001	 0.06246669	 0.9959	 1.59007945	 50.99	  3.13	 2.3577	 1.5044	 
m70306c2r5.htb	 240.0	  0.03	 2.000	  0.00	  0.00	 100.00	   0.0	 0.9550	 11.38	 0.0150	  2.24	  3.13	 1.114	 0.00000000	 0.647	  0.567	  0.96	  0.01	  0.9471	 0.0002	 0.64272620	 0.0000	 0.97212117	 0.8080	 11.59203980	 43.03	  1.68	 2.1951	 13.8021	 
m70306c3r5.htb	  90.0	  0.03	 2.000	 20.00	 10.00	 60.00	   0.0	 0.9550	 19.27	 0.0150	  5.63	  5.47	 0.989	 0.00000000	 0.587	  0.769	  0.96	  0.01	  0.9944	 0.0000	 0.61764086	 0.0000	 0.10127471	 0.9917	 15.59927235	 42.78	  2.42	 5.6254	 18.0623	 
m70308c1r5.htb	   0.0	  0.03	 2.000	 20.00	 -10.00	 60.00	   0.0	 0.9550	  9.22	 0.0150	  0.68	  1.24	 1.071	 0.00000000	 0.598	  0.808	  0.96	  0.01	  0.9854	 0.0000	 0.69201574	 0.0000	 0.22382857	 0.9737	 9.11871090	 38.54	  2.97	 0.6808	 11.8200	 
m70308c2r5.htb	   0.0	  0.03	 2.000	 -5.00	 -5.00	 50.00	   0.0	 0.9550	 10.09	 0.0150	  4.06	  3.78	 0.957	 0.00012878	 0.473	  0.703	  0.96	  0.01	  0.9889	 0.0000	 0.33925307	 0.0000	 0.05095982	 0.9970	 7.47747970	 48.48	  2.11	 4.0540	 7.5820	 
m70308c3r5.htb	   0.0	  0.03	 2.000	 10.00	 -10.00	 50.00	   0.0	 0.9550	 12.50	 0.0150	  3.14	  2.44	 0.935	 0.00000000	 0.662	  0.462	  0.96	  0.01	  0.9923	 0.0000	 0.72705176	 0.0000	 0.07978147	 0.9941	 12.68656716	 49.22	  1.59	 3.0896	 13.3774	 
m70309c1r5.htb	   0.0	  0.03	 2.000	  0.00	 -10.00	 50.00	   0.0	 0.9550	  4.05	 0.0150	  0.69	  1.64	 1.405	 0.00000013	 0.546	  0.521	  0.96	  0.01	  0.9860	 0.0000	 0.47546313	 0.0000	 0.07180824	 0.9950	 4.07678321	 36.15	  1.62	 0.6696	 5.8023	 
m70309c2r5.htb	   0.0	  0.03	 2.000	  0.00	 -5.00	 50.00	   0.0	 0.9550	 29.56	 0.0150	  5.87	  5.52	 0.988	 0.00000000	 0.698	  0.682	  0.96	  0.01	  0.9936	 0.0000	 0.82016999	 0.0000	 0.28149147	 0.9635	 28.33035788	 39.21	  1.85	 5.8046	 36.5140	 
m70309c3r5.htb	   0.0	  0.03	 2.000	  5.00	  0.00	 50.00	   0.0	 0.9550	 23.51	 0.0150	  7.99	  8.06	 1.006	 0.00000000	 0.609	  0.660	  0.96	  0.01	  0.9890	 0.0000	 0.60281561	 0.0000	 0.09353467	 0.9926	 19.29660978	 45.96	  1.94	 7.9679	 21.0006	 
m70312c1r5.htb	   0.0	  0.03	 2.000	 -5.00	  0.00	 70.00	   0.0	 0.9550	  4.27	 0.0150	  0.21	  1.54	 1.490	 0.00000002	 0.553	  0.716	  0.96	  0.01	  0.9688	 0.0001	 0.49930285	 0.0000	 0.22262752	 0.9739	 4.06319622	 18.48	  4.39	 0.2064	 11.3133	 
m70313c1r5.htb	  60.0	  0.03	 2.000	  0.00	  0.00	 100.00	   0.0	 0.9550	  2.21	 0.0150	  1.21	  1.64	 1.762	 0.21039879	 0.302	  0.631	  0.96	  0.01	  0.6310	 0.0329	 0.03806097	 0.0209	 0.15791446	 0.9841	 1.03404650	 68.26	 10.00	 1.2096	 0.7736	 
m70313c2r5.htb	  60.0	  0.03	 2.000	 10.00	  5.00	 50.00	   0.0	 0.9550	 26.46	 0.0150	 16.53	 18.11	 1.199	 0.01291561	 0.432	  0.831	  0.96	  0.01	  0.9044	 0.0010	 0.19926427	 0.0001	 0.14989268	 0.9852	 20.65703526	 100.00	  1.32	 16.4477	 11.7943	 
m70410c1r5.htb	   0.0	  0.03	 2.000	 10.00	 -20.00	 40.00	   0.0	 0.9550	  8.32	 0.0150	  1.51	  2.45	 1.164	 0.00013187	 0.420	  1.191	  0.96	  0.01	  0.9633	 0.0001	 0.24694510	 0.0000	 0.06340570	 0.9958	 8.00068077	 38.52	  1.94	 1.4921	 10.4437	 
m70410c2r5.htb	   0.0	  0.03	 2.000	  5.00	 -20.00	 40.00	   0.0	 0.9550	 22.46	 0.0150	  7.69	  8.56	 1.063	 0.00000000	 0.603	  0.719	  0.96	  0.01	  0.9485	 0.0002	 0.60301669	 0.0000	 0.51665926	 0.9152	 15.77027725	 32.21	  2.48	 7.6824	 24.7116	 
m70410c3r5.htb	   0.0	  0.03	 2.000	  0.00	  0.00	 100.00	   0.0	 0.9550	  4.69	 0.0150	  1.67	  0.85	 0.799	 0.56916266	 0.350	  1.018	  0.96	  0.01	  0.8361	 0.0039	 0.08879586	 0.0397	 0.06419785	 0.9958	 6.04122246	 93.04	  1.18	 1.6236	 4.0233	 
m70411c1r5.htb	   0.0	  0.03	 2.000	  0.00	  0.00	 100.00	   0.0	 0.9550	  5.50	 0.0150	  2.18	  1.74	 0.882	 0.00013758	 0.470	  0.560	  0.96	  0.01	  0.8994	 0.0011	 0.30716107	 0.0000	 0.38746722	 0.9428	 3.31751246	 48.93	 10.00	 2.1848	 3.5809	 
m70411c2r5.htb	 180.0	  0.03	 4.000	  5.00	  0.00	 100.00	   0.0	 0.9550	  0.59	 0.0150	  0.12	  0.40	 2.395	 0.44096051	 0.284	  0.602	  0.96	  0.01	  0.7768	 0.0087	 0.03290864	 0.0320	 0.02872812	 0.9987	 0.99502488	 98.74	  3.35	 0.1244	 0.3474	 
m70412c1r5.htb	   0.0	  0.03	 2.000	  0.00	  0.00	 50.00	   0.0	 0.9550	  2.04	 0.0150	  0.03	  0.04	 1.008	 0.00000000	 0.651	  0.366	  0.96	  0.01	  0.9876	 0.0000	 0.72777914	 0.0000	 0.78705492	 0.8526	 2.01157656	 39.00	 10.00	 0.0264	 2.7428	 
m70412c2r5.htb	  90.0	  0.03	 2.000	 -15.00	  0.00	 60.00	   0.0	 0.9550	  4.58	 0.0150	  2.96	  4.08	 3.239	 0.00323390	 0.322	  0.524	  0.96	  0.01	  0.9636	 0.0001	 0.13038294	 0.0000	 0.02408404	 0.9990	 1.62343432	 20.80	  9.70	 2.9574	 4.4805	 
m70412c3r5.htb	 180.0	  0.03	 2.000	  0.00	  0.00	 40.00	   0.0	 0.9550	  5.41	 0.0150	  2.91	  3.03	 1.055	 0.00262584	 0.453	  0.527	  0.96	  0.01	  0.8496	 0.0032	 0.22648860	 0.0000	 0.57148119	 0.9029	 2.56780371	 25.26	  2.71	 2.9055	 5.1981	 
m70417c1r5.htb	 270.0	  0.03	 2.000	  0.00	 -15.00	 50.00	   0.0	 0.9550	  7.72	 0.0150	  0.93	  1.14	 1.032	 0.00000000	 0.630	  0.554	  0.96	  0.01	  0.9969	 0.0000	 0.77750837	 0.0000	 0.04450445	 0.9975	 7.19779759	 43.95	  3.62	 0.9346	 8.2143	 
m70417c2r5.htb	   0.0	  0.03	 2.000	 10.00	 -15.00	 50.00	   0.0	 0.9550	 29.21	 0.0150	  9.37	  8.96	 0.993	 0.00000000	 0.604	  0.791	  0.96	  0.01	  0.9886	 0.0000	 0.60864434	 0.0000	 0.29731106	 0.9605	 24.77577676	 34.61	  1.44	 9.1050	 37.3719	 
m70417c3r5.htb	   0.0	  0.03	 8.000	  0.00	  0.00	 100.00	   0.0	 0.9550	  3.44	 0.0150	  0.75	  1.64	 1.913	 0.07214959	 0.378	  0.882	  0.96	  0.01	  0.8044	 0.0062	 0.13131575	 0.0021	 0.25746791	 0.9678	 4.57672408	 17.82	  0.66	 0.0000	 9.8921	 
m70418c1r5.htb	  64.0	  0.03	 4.000	  0.00	 -20.00	 60.00	   0.0	 0.9550	  9.87	 0.0150	  0.87	  1.89	 1.128	 0.00000000	 0.650	  0.667	  0.96	  0.01	  0.9929	 0.0000	 0.77516011	 0.0000	 0.44903014	 0.9299	 10.64676617	 42.80	  2.12	 0.8654	 12.3586	 
m70418c2r5.htb	   0.0	  0.03	 4.000	 10.00	 -10.00	 50.00	   0.0	 0.9550	 16.23	 0.0150	  2.78	  2.94	 1.025	 0.00000000	 0.691	  0.556	  0.96	  0.01	  0.9755	 0.0000	 0.77222168	 0.0000	 0.57890243	 0.9012	 14.48521513	 19.15	  1.72	 2.6021	 38.0499	 
m70418c3r5.htb	  60.0	  0.03	 4.000	  0.00	  0.00	 100.00	   0.0	 0.9550	 18.05	 0.0150	  1.47	  2.59	 1.113	 0.00000000	 0.721	  0.687	  0.96	  0.01	  0.9711	 0.0000	 0.76970380	 0.0000	 0.75054792	 0.8613	 20.39800995	 24.54	  1.24	 0.8468	 42.2368	 
m70419c1r5.htb	  90.0	  0.03	 4.000	  0.00	 -10.00	 50.00	   0.0	 0.9550	 19.75	 0.0150	  1.18	  2.49	 1.076	 0.00000000	 0.624	  1.088	  0.96	  0.01	  0.9869	 0.0000	 0.69550825	 0.0000	 0.19134339	 0.9790	 18.85008786	 28.75	  3.49	 1.1800	 33.9554	 
m70419c2r5.htb	   0.0	  0.03	 4.000	  0.00	  0.00	 40.00	   0.0	 0.9550	 33.34	 0.0150	 12.98	 10.85	 0.905	 0.00000000	 0.666	  0.583	  0.96	  0.01	  0.9962	 0.0000	 0.81533736	 0.0000	 0.16971957	 0.9823	 20.35788424	 18.45	  5.74	 12.9836	 57.0316	 
m70419c4r5.htb	   0.0	  0.03	 4.000	 10.00	 -20.00	 50.00	   0.0	 0.9550	 10.24	 0.0150	  1.96	  3.13	 1.170	 0.00000000	 0.683	  0.446	  0.96	  0.01	  0.9939	 0.0000	 0.79901368	 0.0000	 0.15724078	 0.9842	 10.39800995	 42.80	  1.73	 1.9283	 12.3865	 
m70508c1r5.htb	  90.0	  0.03	 2.000	 -10.00	 -15.00	 50.00	   0.0	 0.0150	  0.17	 0.0150	  0.17	  0.25	 0.000	 0.73276505	 0.173	  0.446	  0.96	  0.01	  0.0000	    NaN	 0.00000000	    NaN	 0.14280959	 0.9862	 0.00000000	 40.09	  1.87	 0.1663	    NaN	 
m70508c2r5.htb	  90.0	  0.03	 2.000	 10.00	 -15.00	 50.00	   0.0	 0.9550	 15.88	 0.0150	 11.79	 12.59	 1.294	 0.09940070	 0.380	  0.538	  0.96	  0.01	  0.8470	 0.0033	 0.12821956	 0.0023	 0.23604173	 0.9716	 6.43765497	 49.84	  1.03	 11.6204	 7.7507	 
m70522c2r5.htb	   0.0	  0.03	 2.000	 10.00	 -15.00	 40.00	   0.0	 0.9550	  3.73	 0.0150	  2.44	  1.99	 0.741	 0.12258015	 0.380	  0.351	  0.96	  0.01	  0.9612	 0.0001	 0.13778044	 0.0016	 0.05768429	 0.9964	 2.70826121	 100.00	  1.96	 2.4416	 1.1773	 
m70522c1r5.htb	   0.0	  0.03	 2.000	  0.00	 -10.00	 60.00	   0.0	 0.9550	  2.19	 0.0150	  0.38	  0.90	 1.396	 0.00572225	 0.433	  0.698	  0.96	  0.01	  0.9277	 0.0005	 0.22690094	 0.0000	 0.22152323	 0.9740	 1.81149561	 18.11	  3.59	 0.3833	 5.2244	 
m70522c3r5.htb	   0.0	  0.03	 2.000	 -10.00	  0.00	 50.00	   0.0	 0.9550	  4.84	 0.0150	  3.45	  4.13	 1.946	 0.01793175	 0.308	  0.425	  0.96	  0.01	  0.8731	 0.0020	 0.09366096	 0.0002	 0.05283347	 0.9968	 1.39035827	 45.06	 10.00	 3.4537	 1.6197	 
