FILE			 PrfOR	 PrfSF	 PrfTF	 RFXctr	 RFYctr	 RFDiam	 GrType	 MaxLoc	 MaxRsp	 MinLoc	 MinRsp	 Spont	 CMI		 AnovaP	 SFDI  	 VarTerm	 MaxX 	 MinX 	 RsqMn	 PMean	 RsqRaw	 Praw		 Chi2		 ChiP		 Rmax			 C50		 n		 Offset	 Halfmax_slope	
m60110c1r4.htb	   0.0	  0.05	 2.000	  0.00	  0.00	 50.00	   0.0	 0.9550	  1.70	 0.0150	  0.27	  1.14	 2.573	 0.01117686	 0.390	  0.805	  0.96	  0.01	  0.9117	 0.0008	 0.20487785	 0.0001	 0.18047842	 0.9807	 1.43653888	 11.72	 10.00	 0.2661	 7.8463	 
m60110c1r4.htb	   0.0	  0.05	 2.000	  0.00	  0.00	 50.00	   1.0	 0.9550	  1.80	 0.0150	  0.63	  1.14	 2.113	 0.12440422	 0.296	  0.802	  0.96	  0.01	  0.9370	 0.0003	 0.13377082	 0.0018	 0.08604155	 0.9935	 1.17230169	 21.91	 10.00	 0.6298	 3.0141	 
m60110c2r5.htb	  30.0	  0.05	 1.000	  3.00	 -7.00	 30.00	   0.0	 0.9550	  7.59	 0.0150	  1.12	  1.07	 1.002	 0.00697584	 0.497	  0.954	  0.96	  0.01	  0.9463	 0.0002	 0.33337664	 0.0000	 0.37657647	 0.9450	 12.43781095	 88.09	  1.28	 1.0539	 8.2242	 
m60110c2r5.htb	  30.0	  0.05	 1.000	  3.00	 -7.00	 30.00	   1.0	 0.9550	  8.29	 0.0150	  1.53	  1.07	 0.967	 0.00528703	 0.525	  0.862	  0.96	  0.01	  0.9767	 0.0000	 0.35343858	 0.0000	 0.22599292	 0.9733	 14.05472637	 100.00	  1.56	 1.5108	 7.1124	 
m60110c3r5.htb	  90.0	  0.03	 2.000	 20.00	 -15.00	 30.00	   0.0	 0.9550	 30.62	 0.0150	  8.76	 11.61	 1.152	 0.00000000	 0.696	  0.621	  0.96	  0.01	  0.9359	 0.0004	 0.73302968	 0.0000	 1.49752499	 0.6828	 26.86873443	 43.98	  1.91	 8.7189	 30.6200	 
m60110c3r5.htb	  90.0	  0.03	 2.000	 20.00	 -15.00	 30.00	   1.0	 0.9550	 24.71	 0.0150	  9.21	 11.61	 1.162	 0.00000003	 0.630	  0.666	  0.96	  0.01	  0.9746	 0.0000	 0.70690965	 0.0000	 1.60559352	 0.6581	 15.53910114	 16.16	  3.45	 9.2043	 50.2962	 
m60117c2r5.htb	  90.0	  0.05	 2.000	  5.00	 -10.00	 40.00	   0.0	 0.9550	 25.85	 0.0150	 14.19	 16.82	 1.320	 0.00000003	 0.564	  0.519	  0.96	  0.01	  0.9902	 0.0000	 0.50420955	 0.0000	 0.08901426	 0.9931	 18.86454473	 59.88	  1.16	 13.9281	 18.6485	 
m60117c2r5.htb	  90.0	  0.05	 2.000	  5.00	 -10.00	 40.00	   1.0	 0.9550	 27.59	 0.0150	 17.13	 16.82	 1.117	 0.00000056	 0.558	  0.487	  0.96	  0.01	  0.9654	 0.0001	 0.44045662	 0.0000	 0.35189720	 0.9500	 19.24468055	 84.38	  1.49	 17.0850	 12.0570	 
m60125c1r6.htb	  30.0	  0.05	 2.000	  0.00	  0.00	 50.00	   0.0	 0.9550	  7.59	 0.0150	  5.43	  4.73	 2.183	 0.85124625	 0.265	  0.571	  0.96	  0.01	  0.8434	 0.0035	 0.06098935	 0.1196	 0.17448669	 0.9816	 11.44278607	 35.74	  0.19	 1.3437	 9.0191	 
m60125c1r6.htb	  30.0	  0.05	 2.000	  0.00	  0.00	 50.00	   1.0	 0.9550	  6.41	 0.0150	  3.96	  4.73	 2.367	 0.55246188	 0.381	  0.582	  0.96	  0.01	  0.7608	 0.0105	 0.09606457	 0.0486	 0.22344028	 0.9737	 8.79061873	 43.87	  0.28	 1.5297	 9.4713	 
m60125c2r5.htb	  30.0	  0.03	 2.000	 -7.00	 -3.00	 40.00	   0.0	 0.9550	 15.15	 0.0150	  6.00	  7.55	 1.224	 0.00000003	 0.673	  0.368	  0.96	  0.01	  0.9186	 0.0007	 0.69860362	 0.0000	 1.45241426	 0.6933	 14.80604311	 62.03	  1.22	 5.8402	 13.9093	 
m60125c2r5.htb	  30.0	  0.03	 2.000	 -7.00	 -3.00	 40.00	   1.0	 0.9550	 19.30	 0.0150	  7.18	  7.55	 1.088	 0.00000000	 0.734	  0.324	  0.96	  0.01	  0.9896	 0.0000	 0.86197241	 0.0000	 1.24715286	 0.7417	 13.52338095	 40.57	  2.52	 7.1754	 16.4635	 
m60125c3r5.htb	  30.0	  0.03	 2.000	 -8.00	 -18.00	 30.00	   0.0	 0.9550	 19.19	 0.0150	  2.78	  2.69	 1.017	 0.00000000	 0.769	  0.409	  0.96	  0.01	  0.9986	 0.0000	 0.90483495	 0.0000	 0.07694590	 0.9945	 20.00841526	 28.15	  1.35	 2.4015	 36.5962	 
m60125c3r5.htb	  30.0	  0.03	 2.000	 -8.00	 -18.00	 30.00	   1.0	 0.9550	 20.08	 0.0150	  3.12	  2.69	 1.025	 0.00000001	 0.724	  0.538	  0.96	  0.01	  0.9866	 0.0000	 0.81951459	 0.0000	 0.33725561	 0.9529	 31.52985075	 69.65	  0.89	 2.1177	 31.8262	 
m60125c4r6.htb	  90.0	  0.05	 2.000	  0.00	 -8.00	 30.00	   0.0	 0.9550	 26.04	 0.0150	  3.36	  4.23	 1.077	 0.00011414	 0.618	  1.039	  0.96	  0.01	  0.9677	 0.0001	 0.74626109	 0.0000	 2.55213617	 0.4659	 40.29850746	 68.76	  1.02	 2.5540	 38.1840	 
m60125c4r6.htb	  90.0	  0.05	 2.000	  0.00	 -8.00	 30.00	   1.0	 0.9550	 18.02	 0.0150	  5.94	  4.23	 1.019	 0.04886720	 0.500	  0.966	  0.96	  0.01	  0.9970	 0.0000	 0.50698801	 0.0001	 0.02108886	 0.9992	 12.08616167	 15.73	  5.38	 5.9373	 42.5916	 
m60201c2r5.htb	  90.0	  0.03	 2.000	  0.00	 -10.00	 50.00	   0.0	 0.9550	 26.87	 0.0150	 14.56	 13.28	 0.906	 0.00000000	 0.585	  0.518	  0.96	  0.01	  0.9923	 0.0000	 0.56684566	 0.0000	 0.06507076	 0.9957	 13.67329247	 41.22	  2.62	 14.5576	 16.3807	 
m60201c2r5.htb	  90.0	  0.03	 2.000	  0.00	 -10.00	 50.00	   1.0	 0.9550	 29.05	 0.0150	 14.04	 13.28	 0.949	 0.00000000	 0.651	  0.436	  0.96	  0.01	  0.9947	 0.0000	 0.68900023	 0.0000	 0.08143362	 0.9940	 23.61898386	 53.49	  1.10	 13.5870	 26.2653	 
m60201c3r8.htb	 270.0	  0.03	 2.000	  8.00	 -15.00	 50.00	   0.0	 0.9550	 23.29	 0.0150	  3.96	  4.53	 1.038	 0.00000000	 0.626	  0.889	  0.96	  0.01	  0.9849	 0.0000	 0.59879958	 0.0000	 0.23799082	 0.9712	 22.33323500	 30.19	  1.67	 3.8138	 37.7327	 
m60201c3r8.htb	 270.0	  0.03	 2.000	  8.00	 -15.00	 50.00	   1.0	 0.9550	 26.50	 0.0150	  5.47	  4.53	 0.992	 0.00000000	 0.615	  0.923	  0.96	  0.01	  0.9969	 0.0000	 0.65629256	 0.0000	 0.07661955	 0.9945	 21.99427091	 26.77	  2.44	 5.4472	 41.6918	 
m60201c4r9.htb	 270.0	  0.05	 2.000	  8.00	 -18.00	 50.00	   0.0	 0.9550	  5.73	 0.0150	  3.05	  3.98	 1.529	 0.00003962	 0.498	  0.404	  0.96	  0.01	  0.9604	 0.0001	 0.35529205	 0.0000	 0.27592105	 0.9645	 2.68134117	 25.20	 10.00	 3.0519	 5.6811	 
m60201c4r9.htb	 270.0	  0.05	 2.000	  8.00	 -18.00	 50.00	   1.0	 0.9550	  6.40	 0.0150	  3.00	  3.98	 1.462	 0.00000259	 0.527	  0.394	  0.96	  0.01	  0.9199	 0.0006	 0.39282325	 0.0000	 0.67124126	 0.8799	 7.10045702	 100.00	  1.19	 2.9480	 4.4032	 
m60201c5r7.htb	 100.0	  0.03	 2.000	 10.00	 -10.00	 50.00	   0.0	 0.9550	 25.62	 0.0150	  2.67	  3.98	 1.065	 0.00000000	 0.705	  0.720	  0.96	  0.01	  0.9986	 0.0000	 0.89946856	 0.0000	 0.08296195	 0.9938	 27.44996647	 37.01	  1.75	 2.5713	 37.7592	 
m60201c5r7.htb	 100.0	  0.03	 2.000	 10.00	 -10.00	 50.00	   1.0	 0.9550	 30.35	 0.0150	  3.16	  3.98	 1.058	 0.00000000	 0.689	  0.872	  0.96	  0.01	  0.9935	 0.0000	 0.80186877	 0.0000	 0.23016734	 0.9726	 33.90853830	 30.70	  1.33	 2.5617	 57.6195	 
m60203c1r5.htb	   0.0	  0.03	 2.000	 -2.00	 -12.00	 50.00	   0.0	 0.9550	 17.60	 0.0150	  7.39	  7.46	 1.007	 0.00000000	 0.711	  0.341	  0.96	  0.01	  0.9554	 0.0001	 0.72037990	 0.0000	 2.30340181	 0.5119	 13.28281671	 55.90	  2.25	 7.3872	 11.3930	 
m60203c1r5.htb	   0.0	  0.03	 2.000	 -2.00	 -12.00	 50.00	   1.0	 0.9550	 16.37	 0.0150	  7.73	  7.46	 0.991	 0.00000000	 0.655	  0.367	  0.96	  0.01	  0.9932	 0.0000	 0.74308840	 0.0000	 0.18775018	 0.9795	 8.64201155	 26.60	 10.00	 7.7261	 18.6318	 
m60203c2r8.htb	   0.0	  0.03	 2.000	 -5.00	 -10.00	 40.00	   0.0	 0.9550	 19.96	 0.0150	  8.64	  8.16	 0.965	 0.00000000	 0.707	  0.336	  0.96	  0.01	  0.9937	 0.0000	 0.76078575	 0.0000	 0.19693146	 0.9781	 23.51694332	 100.00	  1.40	 8.5769	 12.8510	 
m60203c2r8.htb	   0.0	  0.03	 2.000	 -5.00	 -10.00	 40.00	   1.0	 0.9550	 19.19	 0.0150	  8.15	  8.16	 1.005	 0.00000000	 0.652	  0.407	  0.96	  0.01	  0.9961	 0.0000	 0.67153324	 0.0000	 0.05089237	 0.9970	 23.64471908	 100.00	  0.89	 7.6051	 18.4949	 
m60203c3r5.htb	   0.0	  0.03	 2.000	  5.00	 -20.00	 40.00	   0.0	 0.9550	 14.75	 0.0150	  4.83	  4.78	 1.033	 0.00000010	 0.566	  0.639	  0.96	  0.01	  0.9813	 0.0000	 0.47754271	 0.0000	 0.22244694	 0.9739	 20.00779734	 89.70	  0.96	 4.4485	 16.0465	 
m60203c3r5.htb	   0.0	  0.03	 2.000	  5.00	 -20.00	 40.00	   1.0	 0.9550	 15.03	 0.0150	  5.94	  4.78	 0.960	 0.00000001	 0.563	  0.580	  0.96	  0.01	  0.9781	 0.0000	 0.50775739	 0.0000	 0.18592172	 0.9798	 18.90739292	 100.00	  1.49	 5.9011	 9.9040	 
m60207c1r5.htb	 120.0	  0.03	 4.000	 -8.00	 -12.00	 50.00	   0.0	 0.9550	  6.55	 0.0150	  0.79	  0.80	 1.005	 0.00000000	 0.631	  0.531	  0.96	  0.01	  0.9863	 0.0000	 0.70780578	 0.0000	 0.20681753	 0.9765	 10.14925373	 80.42	  1.62	 0.7693	 6.4048	 
m60207c1r5.htb	 120.0	  0.03	 4.000	 -8.00	 -12.00	 50.00	   1.0	 0.9550	  8.85	 0.0150	  0.76	  0.80	 1.012	 0.00000000	 0.671	  0.537	  0.96	  0.01	  0.9983	 0.0000	 0.68424502	 0.0000	 0.05111744	 0.9970	 13.88059701	 72.19	  1.30	 0.6660	 10.9842	 
m60207c2r5.htb	 300.0	  0.03	 4.000	  0.00	 -2.00	 50.00	   0.0	 0.9550	  9.70	 0.0150	  3.83	  4.88	 1.322	 0.00000006	 0.569	  0.475	  0.96	  0.01	  0.9802	 0.0000	 0.48695050	 0.0000	 0.16391543	 0.9832	 12.97988118	 100.00	  0.76	 3.3214	 11.3648	 
m60207c2r5.htb	 300.0	  0.03	 4.000	  0.00	 -2.00	 50.00	   1.0	 0.9550	  9.58	 0.0150	  4.50	  4.88	 1.216	 0.00000574	 0.516	  0.451	  0.96	  0.01	  0.9744	 0.0000	 0.40054712	 0.0000	 0.14735534	 0.9856	 8.05962311	 57.57	  1.17	 4.3872	 8.2280	 
m60207c4r6.htb	  30.0	  0.03	 2.000	 10.00	 10.00	 50.00	   0.0	 0.9550	 13.80	 0.0150	  9.45	  8.91	 1.017	 0.25527944	 0.311	  0.785	  0.96	  0.01	  0.6101	 0.0381	 0.06879268	 0.0283	 0.37925127	 0.9445	 7.46316999	 37.57	  0.74	 8.8238	 11.6622	 
m60207c4r6.htb	  30.0	  0.03	 2.000	 10.00	 10.00	 50.00	   1.0	 0.9550	 17.23	 0.0150	  9.10	  8.91	 0.987	 0.01128261	 0.456	  0.818	  0.96	  0.01	  0.9155	 0.0007	 0.20546992	 0.0001	 0.22566336	 0.9733	 9.41008816	 54.74	  3.32	 9.0983	 8.1569	 
m60301c1r5.htb	  30.0	  0.03	 2.000	  0.00	 -5.00	 40.00	   0.0	 0.9550	 12.28	 0.0150	  2.15	  2.24	 1.020	 0.00000000	 0.665	  0.544	  0.96	  0.01	  0.9852	 0.0000	 0.68935948	 0.0000	 0.41946061	 0.9362	 19.32006633	 86.87	  1.27	 2.0383	 13.0379	 
m60301c1r5.htb	  30.0	  0.03	 2.000	  0.00	 -5.00	 40.00	   1.0	 0.9550	 10.10	 0.0150	  1.73	  2.24	 1.073	 0.00000000	 0.658	  0.489	  0.96	  0.01	  0.9924	 0.0000	 0.61107457	 0.0000	 0.11344389	 0.9902	 12.95905085	 35.80	  0.88	 0.9852	 20.4837	 
m60301c2r5.htb	  30.0	  0.03	 2.000	 -5.00	 -10.00	 40.00	   0.0	 0.9550	 30.22	 0.0150	  6.12	  7.46	 1.059	 0.00088292	 0.683	  0.760	  0.96	  0.01	  0.9957	 0.0000	 0.90459488	 0.0000	 0.51332020	 0.7736	 24.65418811	 30.13	  3.26	 6.1204	 41.8995	 
m60301c2r5.htb	  30.0	  0.03	 2.000	 -5.00	 -10.00	 40.00	   1.0	 0.9550	 29.44	 0.0150	  5.52	  7.46	 1.092	 0.00050249	 0.682	  0.745	  0.96	  0.01	  0.9642	 0.0001	 0.82185211	 0.0000	 6.04300181	 0.1095	 26.29909660	 14.46	  1.49	 4.6409	 87.8315	 
m60301c3r5.htb	  30.0	  0.03	 4.000	 10.00	 -5.00	 40.00	   0.0	 0.9550	 23.36	 0.0150	  5.19	  6.02	 1.101	 0.00000000	 0.646	  0.728	  0.96	  0.01	  0.9826	 0.0000	 0.65286985	 0.0000	 0.24820276	 0.9695	 30.93328248	 57.85	  0.95	 4.2637	 34.3749	 
m60301c3r5.htb	  30.0	  0.03	 4.000	 10.00	 -5.00	 40.00	   1.0	 0.9550	 17.00	 0.0150	  6.16	  6.02	 1.091	 0.00000172	 0.551	  0.718	  0.96	  0.01	  0.9039	 0.0010	 0.39319802	 0.0000	 0.61852305	 0.8922	 13.62514982	 18.31	  1.09	 5.3197	 34.8922	 
m60301c4r5.htb	  30.0	  0.03	 4.000	 20.00	 -10.00	 50.00	   0.0	 0.9550	 12.63	 0.0150	  5.58	  6.67	 1.287	 0.00000000	 0.662	  0.302	  0.96	  0.01	  0.9876	 0.0000	 0.72050462	 0.0000	 0.18154840	 0.9805	 7.80443520	  7.19	  1.56	 4.9577	 47.2857	 
m60301c4r5.htb	  30.0	  0.03	 4.000	 20.00	 -10.00	 50.00	   1.0	 0.9550	 11.98	 0.0150	  6.41	  6.67	 1.203	 0.00000012	 0.554	  0.387	  0.96	  0.01	  0.9899	 0.0000	 0.47881960	 0.0000	 0.08622468	 0.9934	 5.85535673	  6.84	  2.02	 6.1488	 41.9497	 
m60302c1r5.htb	  30.0	  0.03	 2.000	  0.00	 -2.00	 50.00	   0.0	 0.9550	  7.29	 0.0150	  3.21	  1.74	 0.736	 0.13469213	 0.520	  0.460	  0.96	  0.01	  0.9818	 0.0000	 0.45248619	 0.0008	 0.11955020	 0.9894	 4.31587245	 44.98	  3.79	 3.2054	 4.8036	 
m60302c1r5.htb	  30.0	  0.03	 2.000	  0.00	 -2.00	 50.00	   1.0	 0.9550	  8.93	 0.0150	  2.68	  1.74	 0.820	 0.00005452	 0.729	  0.318	  0.96	  0.01	  0.9414	 0.0003	 0.79672327	 0.0000	 3.56763847	 0.3121	 7.95823666	 60.44	  2.85	 2.6752	 6.1365	 
m60302c1r6.htb	  30.0	  0.03	 2.000	  0.00	 -2.00	 50.00	   0.0	 0.9550	  9.17	 0.0150	  1.96	  2.49	 1.091	 0.00000000	 0.649	  0.501	  0.96	  0.01	  0.9704	 0.0001	 0.68651858	 0.0000	 0.65775600	 0.8831	 14.77611940	 97.50	  1.25	 1.8823	 9.0053	 
m60302c1r6.htb	  30.0	  0.03	 2.000	  0.00	 -2.00	 50.00	   1.0	 0.9550	  8.78	 0.0150	  2.12	  2.49	 1.079	 0.00000000	 0.623	  0.462	  0.96	  0.01	  0.9985	 0.0000	 0.58649611	 0.0000	 0.01177966	 0.9997	 8.68912139	 42.99	  1.53	 2.0658	 10.5532	 
m60302c2r6.htb	  30.0	  0.05	 4.000	  0.00	 -10.00	 40.00	   0.0	 0.9550	 19.72	 0.0150	  1.73	  1.39	 0.989	 0.00000000	 0.719	  0.654	  0.96	  0.01	  0.9738	 0.0000	 0.80530264	 0.0000	 0.76309105	 0.8583	 25.14340984	 50.67	  1.49	 1.6028	 26.2181	 
m60302c2r6.htb	  30.0	  0.05	 4.000	  0.00	 -10.00	 40.00	   1.0	 0.9550	 19.48	 0.0150	  2.41	  1.39	 0.967	 0.00000000	 0.706	  0.617	  0.96	  0.01	  0.9977	 0.0000	 0.82373207	 0.0000	 0.17371211	 0.9817	 20.70315536	 43.57	  1.98	 2.3815	 23.7745	 
m60302c3r5.htb	  30.0	  0.03	 4.000	 -5.00	 -5.00	 60.00	   0.0	 0.9550	  6.49	 0.0150	  2.45	  3.13	 1.216	 0.00000000	 0.605	  0.344	  0.96	  0.01	  0.9770	 0.0000	 0.58130859	 0.0000	 0.22975020	 0.9726	 8.40030169	 100.00	  1.26	 2.4100	 4.9774	 
m60302c3r5.htb	  30.0	  0.03	 4.000	 -5.00	 -5.00	 60.00	   1.0	 0.9550	  6.37	 0.0150	  2.72	  3.13	 1.177	 0.00000864	 0.533	  0.453	  0.96	  0.01	  0.9272	 0.0005	 0.37333272	 0.0000	 0.76659269	 0.8574	 7.58462764	 100.00	  1.40	 2.6964	 4.1587	 
m60302c4r5.htb	   0.0	  0.03	 2.000	 -5.00	  0.00	 50.00	   0.0	 0.9550	 24.73	 0.0150	 10.60	  6.97	 0.795	 0.00000000	 0.681	  0.473	  0.96	  0.01	  0.9548	 0.0001	 0.72488660	 0.0000	 2.73303897	 0.4346	 14.37951234	 29.13	  3.38	 10.6031	 25.3115	 
m60302c4r5.htb	   0.0	  0.03	 2.000	 -5.00	  0.00	 50.00	   1.0	 0.9550	 26.48	 0.0150	  8.12	  6.97	 0.898	 0.00000000	 0.686	  0.537	  0.96	  0.01	  0.9804	 0.0000	 0.76533140	 0.0000	 0.77218701	 0.8561	 26.85274420	 39.66	  1.05	 7.2762	 38.6153	 
m60404c3r5.htb	   0.0	  0.03	 1.000	 10.00	 10.00	 40.00	   0.0	 0.9550	 10.04	 0.0150	  2.14	  2.04	 0.987	 0.00000000	 0.637	  0.500	  0.96	  0.01	  0.9982	 0.0000	 0.74967425	 0.0000	 0.03709356	 0.9981	 8.04110031	 47.36	  5.70	 2.1404	 8.6285	 
m60404c3r5.htb	   0.0	  0.03	 1.000	 10.00	 10.00	 40.00	   1.0	 0.9550	  7.33	 0.0150	  1.31	  2.04	 1.035	 0.00000000	 0.652	  0.473	  0.96	  0.01	  0.9273	 0.0005	 0.64869449	 0.0000	 0.83098845	 0.8420	 6.25303182	 20.35	  2.17	 1.2837	 15.6469	 
m60404c4r5.htb	   0.0	  0.03	 1.000	 10.00	  5.00	 40.00	   0.0	 0.9550	 13.18	 0.0150	  4.88	  4.63	 0.972	 0.00000000	 0.589	  0.540	  0.96	  0.01	  0.9765	 0.0000	 0.59276428	 0.0000	 0.29104768	 0.9617	 8.74519427	 28.77	  2.47	 4.8701	 15.4151	 
m60404c4r5.htb	   0.0	  0.03	 1.000	 10.00	  5.00	 40.00	   1.0	 0.9550	 14.01	 0.0150	  4.91	  4.63	 0.989	 0.00000000	 0.633	  0.448	  0.96	  0.01	  0.9806	 0.0000	 0.64344134	 0.0000	 0.27802708	 0.9641	 14.52340493	 53.65	  1.06	 4.5928	 16.4091	 
m60404c5r5.htb	   0.0	  0.03	 2.000	  0.00	  0.00	 40.00	   0.0	 0.9550	 11.33	 0.0150	  4.97	  6.17	 1.269	 0.00000000	 0.579	  0.421	  0.96	  0.01	  0.9949	 0.0000	 0.57119484	 0.0000	 0.03078099	 0.9986	 9.39972714	 46.29	  1.14	 4.7843	 11.5946	 
m60404c5r5.htb	   0.0	  0.03	 2.000	  0.00	  0.00	 40.00	   1.0	 0.9550	 11.64	 0.0150	  5.19	  6.17	 1.265	 0.00000000	 0.603	  0.397	  0.96	  0.01	  0.9875	 0.0000	 0.53300462	 0.0000	 0.14338501	 0.9862	 14.06589811	 100.00	  0.81	 4.7398	 11.7028	 
m60405c2r5.htb	 270.0	  0.03	 2.000	 -10.00	 -15.00	 40.00	   0.0	 0.9550	 17.79	 0.0150	  3.69	  2.99	 0.954	 0.00000000	 0.695	  0.521	  0.96	  0.01	  0.9912	 0.0000	 0.80254356	 0.0000	 0.22387723	 0.9736	 17.78571316	 49.81	  2.07	 3.6735	 17.6070	 
m60405c2r5.htb	 270.0	  0.03	 2.000	 -10.00	 -15.00	 40.00	   1.0	 0.9550	 16.16	 0.0150	  2.53	  2.99	 1.014	 0.00000000	 0.725	  0.467	  0.96	  0.01	  0.9978	 0.0000	 0.82447413	 0.0000	 0.08964545	 0.9931	 24.09381663	 62.38	  0.92	 1.7795	 25.7543	 
m60405c3r4.htb	 270.0	  0.03	 2.000	 -5.00	 -15.00	 40.00	   0.0	 0.9550	 18.98	 0.0150	  5.85	  6.12	 1.021	 0.00000000	 0.709	  0.492	  0.96	  0.01	  0.9534	 0.0002	 0.74539498	 0.0000	 2.96849903	 0.3965	 14.28526740	 35.71	  2.47	 5.8481	 19.9267	 
m60405c3r4.htb	 270.0	  0.03	 2.000	 -5.00	 -15.00	 40.00	   1.0	 0.9550	 20.41	 0.0150	  4.97	  6.12	 1.059	 0.00000000	 0.756	  0.378	  0.96	  0.01	  0.9978	 0.0000	 0.88966694	 0.0000	 0.11376646	 0.9901	 17.52200402	 27.47	  1.67	 4.8315	 32.4586	 
m60414c1r5.htb	 250.0	  0.05	 2.000	 -8.00	 -8.00	 50.00	   0.0	 0.9550	  3.96	 0.0150	  0.41	  0.50	 1.043	 0.00000024	 0.615	  0.583	  0.96	  0.01	  0.8489	 0.0032	 0.40030468	 0.0000	 1.26701102	 0.7370	 7.08955224	 92.38	  1.14	 0.3499	 4.8815	 
m60414c1r5.htb	 250.0	  0.05	 2.000	 -8.00	 -8.00	 50.00	   1.0	 0.9550	  4.92	 0.0150	  0.30	  0.50	 1.049	 0.00000000	 0.600	  0.568	  0.96	  0.01	  0.9681	 0.0001	 0.62853888	 0.0000	 0.48462065	 0.9223	 5.90150623	 40.98	  1.56	 0.2631	 7.4843	 
m60414c3r5.htb	 270.0	  0.05	 2.000	 -10.00	  0.00	 50.00	   0.0	 0.9550	 29.21	 0.0150	 14.36	 12.24	 0.875	 0.00000000	 0.693	  0.392	  0.96	  0.01	  0.9844	 0.0000	 0.73778164	 0.0000	 0.47758977	 0.9238	 18.10034278	 50.02	  2.35	 14.3550	 17.6130	 
m60414c3r5.htb	 270.0	  0.05	 2.000	 -10.00	  0.00	 50.00	   1.0	 0.9550	 27.19	 0.0150	 13.76	 12.24	 0.885	 0.00000000	 0.622	  0.460	  0.96	  0.01	  0.9971	 0.0000	 0.67400178	 0.0000	 0.02914878	 0.9987	 14.31752152	 31.63	  2.46	 13.7540	 22.7650	 
m60419c1r5.htb	 360.0	  0.03	 2.000	 10.00	  5.00	 50.00	   0.0	 0.9550	  9.26	 0.0150	  3.62	  2.99	 0.899	 0.00004142	 0.523	  0.582	  0.96	  0.01	  0.9845	 0.0000	 0.36324269	 0.0000	 0.06792814	 0.9954	 11.84592195	 100.00	  2.06	 3.6218	 5.0348	 
m60419c1r5.htb	 360.0	  0.03	 2.000	 10.00	  5.00	 50.00	   1.0	 0.9550	 13.52	 0.0150	  3.48	  2.99	 0.939	 0.00000000	 0.635	  0.550	  0.96	  0.01	  0.9954	 0.0000	 0.65840914	 0.0000	 0.09137868	 0.9929	 12.59946075	 51.57	  2.22	 3.4759	 11.8992	 
m60419c2r5.htb	  25.0	  0.03	 2.000	 10.00	 -10.00	 40.00	   0.0	 0.9550	 16.17	 0.0150	  9.62	  9.20	 0.948	 0.00001270	 0.532	  0.463	  0.96	  0.01	  0.9333	 0.0004	 0.36827334	 0.0000	 0.42124183	 0.9358	 13.60710965	 100.00	  1.31	 9.5685	 7.8161	 
m60419c2r5.htb	  25.0	  0.03	 2.000	 10.00	 -10.00	 40.00	   1.0	 0.9550	 18.23	 0.0150	  9.33	  9.20	 0.973	 0.00000006	 0.575	  0.536	  0.96	  0.01	  0.9038	 0.0010	 0.44962175	 0.0000	 1.04193222	 0.7911	 9.98885706	 33.84	  2.04	 9.3112	 14.8775	 
m60420c2r4.htb	   0.0	  0.03	 2.000	  5.00	  0.00	 40.00	   0.0	 0.9550	 31.90	 0.0150	 19.04	 17.31	 0.882	 0.00000023	 0.677	  0.411	  0.96	  0.01	  0.9141	 0.0008	 0.68807196	 0.0000	 2.00046310	 0.5723	 12.85902674	  8.60	  6.17	 19.0360	 92.6922	 
m60420c2r4.htb	   0.0	  0.03	 2.000	  5.00	  0.00	 40.00	   1.0	 0.9550	 32.91	 0.0150	 16.71	 17.31	 0.966	 0.00000007	 0.665	  0.457	  0.96	  0.01	  0.9886	 0.0000	 0.78792472	 0.0000	 0.59157821	 0.8984	 16.21916282	 10.53	  3.56	 16.6982	 85.0522	 
m60424c1r5.htb	   0.0	  0.03	 2.000	 -10.00	 -10.00	 40.00	   0.0	 0.9550	 20.00	 0.0150	  0.04	  0.14	 1.006	 0.00000000	 0.822	  0.457	  0.96	  0.01	  0.9939	 0.0000	 0.93695778	 0.0000	 0.92086746	 0.8204	 21.33259282	 31.09	  2.40	 0.0217	 34.6825	 
m60424c1r5.htb	   0.0	  0.03	 2.000	 -10.00	 -10.00	 40.00	   1.0	 0.9550	 22.44	 0.0150	  0.04	  0.14	 1.006	 0.00000000	 0.807	  0.564	  0.96	  0.01	  0.9876	 0.0000	 0.92461442	 0.0000	 1.77366481	 0.6207	 23.32781359	 23.79	  2.32	 0.0000	 49.8260	 
m60424c2r5.htb	  90.0	  0.03	 2.000	  8.00	 -8.00	 40.00	   0.0	 0.9550	 22.98	 0.0150	  0.05	  0.50	 1.020	 0.00000000	 0.711	  0.931	  0.96	  0.01	  0.9896	 0.0000	 0.80956056	 0.0000	 0.33651334	 0.9530	 23.61196128	 27.55	  2.84	 0.0395	 43.5924	 
m60424c2r5.htb	  90.0	  0.03	 2.000	  8.00	 -8.00	 40.00	   1.0	 0.9550	 25.66	 0.0150	  0.15	  0.50	 1.017	 0.00000000	 0.738	  0.836	  0.96	  0.01	  0.9871	 0.0000	 0.86953665	 0.0000	 0.43762874	 0.9324	 25.73927075	 21.05	  3.14	 0.1400	 63.2799	 
m60515c4r5.htb	   0.0	  0.03	 2.000	 -10.00	 10.00	 40.00	   0.0	 0.9550	  5.95	 0.0150	  1.31	  1.29	 0.998	 0.00000000	 0.594	  0.467	  0.96	  0.01	  0.9895	 0.0000	 0.56660148	 0.0000	 0.21243515	 0.9756	 5.02704399	 30.54	  2.19	 1.3028	 8.3159	 
m60515c4r5.htb	   0.0	  0.03	 2.000	 -10.00	 10.00	 40.00	   1.0	 0.9550	  6.30	 0.0150	  1.46	  1.29	 0.982	 0.00000000	 0.608	  0.464	  0.96	  0.01	  0.9756	 0.0000	 0.54816552	 0.0000	 0.50241639	 0.9184	 8.64367592	 83.46	  1.83	 1.4497	 4.9153	 
m60517c1r5.htb	   0.0	  0.03	 2.000	  0.00	  0.00	 40.00	   0.0	 0.9550	  9.81	 0.0150	  2.10	  2.89	 1.118	 0.00000000	 0.624	  0.508	  0.96	  0.01	  0.9907	 0.0000	 0.70200514	 0.0000	 0.13956394	 0.9867	 12.38138190	 69.67	  1.62	 2.0706	 9.0935	 
m60517c1r5.htb	   0.0	  0.03	 2.000	  0.00	  0.00	 40.00	   1.0	 0.9550	  8.74	 0.0150	  1.93	  2.89	 1.173	 0.00000000	 0.647	  0.433	  0.96	  0.01	  0.9830	 0.0000	 0.61962209	 0.0000	 0.13774250	 0.9870	 13.13432836	 72.29	  0.83	 1.4212	 13.3694	 
m60517c2r5.htb	   0.0	  0.03	 2.000	 -10.00	 -10.00	 40.00	   0.0	 0.9550	  6.92	 0.0150	  1.13	  1.04	 0.996	 0.00000000	 0.678	  0.387	  0.96	  0.01	  0.9962	 0.0000	 0.73026419	 0.0000	 0.12016568	 0.9893	 10.89552239	 84.99	  1.27	 1.0656	 7.4863	 
m60517c2r5.htb	   0.0	  0.03	 2.000	 -10.00	 -10.00	 40.00	   1.0	 0.9550	  5.64	 0.0150	  1.54	  1.04	 0.957	 0.00000000	 0.624	  0.419	  0.96	  0.01	  0.9694	 0.0001	 0.59050645	 0.0000	 0.84120945	 0.8396	 4.19665124	 43.41	  4.86	 1.5360	 4.9043	 
m60517c3r5.htb	   0.0	  0.03	 2.000	 10.00	 -10.00	 30.00	   0.0	 0.9550	 22.09	 0.0150	  2.95	  4.63	 1.105	 0.00000000	 0.730	  0.561	  0.96	  0.01	  0.9961	 0.0000	 0.84985743	 0.0000	 0.33135107	 0.9540	 33.73134328	 77.06	  1.36	 2.7883	 24.4573	 
m60517c3r5.htb	   0.0	  0.03	 2.000	 10.00	 -10.00	 30.00	   1.0	 0.9550	 19.47	 0.0150	  3.33	  4.63	 1.098	 0.00000000	 0.707	  0.565	  0.96	  0.01	  0.9948	 0.0000	 0.83246901	 0.0000	 0.51523831	 0.9155	 16.78463107	 25.15	  2.43	 3.3163	 33.7842	 
m60517c4r5.htb	   0.0	  0.03	 2.000	  5.00	 -8.00	 30.00	   0.0	 0.9550	 28.49	 0.0150	  7.38	  8.26	 1.047	 0.00000000	 0.679	  0.679	  0.96	  0.01	  0.9793	 0.0000	 0.76076624	 0.0000	 0.45374135	 0.9289	 21.68284259	 18.89	  2.30	 7.3169	 58.8164	 
m60517c4r5.htb	   0.0	  0.03	 2.000	  5.00	 -8.00	 30.00	   1.0	 0.9550	 27.59	 0.0150	  6.79	  8.26	 1.118	 0.00000000	 0.644	  0.786	  0.96	  0.01	  0.9048	 0.0010	 0.62537571	 0.0000	 1.22909611	 0.7460	 27.47848488	 17.12	  0.97	 4.4468	 71.5422	 
m60517c5r5.htb	   0.0	  0.03	 2.000	 10.00	 -10.00	 40.00	   0.0	 0.9550	 32.00	 0.0150	  6.52	  4.93	 0.984	 0.00000000	 0.658	  0.815	  0.96	  0.01	  0.9953	 0.0000	 0.71165855	 0.0000	 0.11019833	 0.9906	 28.82274403	 15.33	  1.37	 5.3668	 89.0783	 
m60517c5r5.htb	   0.0	  0.03	 2.000	 10.00	 -10.00	 40.00	   1.0	 0.9550	 29.51	 0.0150	  4.63	  4.93	 1.003	 0.00000000	 0.669	  0.799	  0.96	  0.01	  0.9918	 0.0000	 0.76133585	 0.0000	 0.15640414	 0.9843	 25.31456868	  8.60	  2.43	 4.2703	 153.5315	 
m60517c6r5.htb	   0.0	  0.03	 2.000	  8.00	 10.00	 40.00	   0.0	 0.9550	 27.70	 0.0150	  5.39	  4.38	 0.982	 0.00000000	 0.752	  0.483	  0.96	  0.01	  0.9956	 0.0000	 0.86157549	 0.0000	 0.18492403	 0.9800	 29.41373987	 34.67	  1.24	 4.8031	 45.4077	 
m60517c6r5.htb	   0.0	  0.03	 2.000	  8.00	 10.00	 40.00	   1.0	 0.9550	 25.72	 0.0150	  4.99	  4.38	 0.998	 0.00000000	 0.753	  0.463	  0.96	  0.01	  0.9935	 0.0000	 0.84408117	 0.0000	 0.17197314	 0.9820	 22.97937498	 13.23	  1.43	 4.0143	 82.1990	 
m60518c2r5.htb	   0.0	  0.03	 2.000	 -8.00	 -5.00	 40.00	   0.0	 0.9550	 19.76	 0.0150	  0.75	  1.94	 1.067	 0.00000000	 0.736	  0.668	  0.96	  0.01	  0.9929	 0.0000	 0.89726116	 0.0000	 0.40654356	 0.9389	 19.24693494	 22.06	  3.03	 0.7404	 45.0239	 
m60518c2r5.htb	   0.0	  0.03	 2.000	 -8.00	 -5.00	 40.00	   1.0	 0.9550	 21.30	 0.0150	  0.28	  1.94	 1.085	 0.00000000	 0.735	  0.727	  0.96	  0.01	  0.9782	 0.0000	 0.85233166	 0.0000	 0.66520170	 0.8814	 21.97515299	 15.23	  1.88	 0.0000	 72.6305	 
m60519c3r5.htb	   0.0	  0.03	 2.000	 -5.00	 -5.00	 30.00	   0.0	 0.9550	 28.47	 0.0150	  3.95	  5.36	 1.078	 0.00000000	 0.728	  0.628	  0.96	  0.01	  0.9944	 0.0000	 0.83969432	 0.0000	 0.60304255	 0.8957	 25.69436925	 14.56	  1.84	 3.5606	 88.6706	 
m60519c3r5.htb	   0.0	  0.03	 2.000	 -5.00	 -5.00	 30.00	   1.0	 0.9550	 28.81	 0.0150	  3.62	  5.36	 1.088	 0.00000000	 0.715	  0.739	  0.96	  0.01	  0.9884	 0.0000	 0.81658319	 0.0000	 0.56916787	 0.9035	 26.79014746	 14.60	  1.70	 3.0713	 91.2401	 
m60523c1r5.htb	   0.0	  0.03	 2.000	  0.00	  0.00	 40.00	   0.0	 0.9550	 15.87	 0.0150	  5.38	  5.27	 1.009	 0.00000005	 0.536	  0.841	  0.96	  0.01	  0.9278	 0.0005	 0.46414901	 0.0000	 0.32376586	 0.9555	 21.93280985	 100.00	  1.11	 5.1816	 14.3435	 
m60523c1r5.htb	   0.0	  0.03	 2.000	  0.00	  0.00	 40.00	   1.0	 0.9550	 17.47	 0.0150	  6.19	  5.27	 0.961	 0.00000013	 0.522	  0.916	  0.96	  0.01	  0.8668	 0.0023	 0.41806365	 0.0000	 0.92749654	 0.8188	 12.03440770	 38.05	  2.95	 6.1878	 15.6880	 
m60523c2r5.htb	   0.0	  0.03	 2.000	  0.00	 -10.00	 40.00	   0.0	 0.9550	 29.51	 0.0150	  9.04	 10.70	 1.152	 0.00000004	 0.554	  1.086	  0.96	  0.01	  0.9387	 0.0003	 0.47032723	 0.0000	 0.49442096	 0.9201	 40.39847574	 80.66	  0.87	 7.8290	 37.1621	 
m60523c2r5.htb	   0.0	  0.03	 2.000	  0.00	 -10.00	 40.00	   1.0	 0.9550	 26.62	 0.0150	  9.92	 10.70	 1.110	 0.00000029	 0.522	  1.035	  0.96	  0.01	  0.9720	 0.0000	 0.45507391	 0.0000	 0.30544515	 0.9590	 16.80358092	 15.23	  2.90	 9.9030	 57.2759	 
m60523c3r5.htb	  60.0	  0.03	 2.000	  0.00	 -10.00	 40.00	   0.0	 0.9550	  6.45	 0.0150	  3.12	  3.18	 1.020	 0.00000075	 0.545	  0.379	  0.96	  0.01	  0.9728	 0.0000	 0.43869112	 0.0000	 0.13847106	 0.9869	 3.38588767	 46.48	  5.65	 3.1173	 3.6845	 
m60523c3r5.htb	  60.0	  0.03	 2.000	  0.00	 -10.00	 40.00	   1.0	 0.9550	  5.89	 0.0150	  2.50	  3.18	 1.125	 0.00000009	 0.550	  0.350	  0.96	  0.01	  0.9953	 0.0000	 0.48682515	 0.0000	 0.02555770	 0.9989	 3.69894909	 18.42	  1.62	 2.4335	 10.0594	 
m60523c4r5.htb	   0.0	  0.03	 2.000	 -10.00	 -10.00	 40.00	   0.0	 0.9550	 21.28	 0.0150	  8.98	  8.26	 0.954	 0.00000000	 0.631	  0.508	  0.96	  0.01	  0.9808	 0.0000	 0.64238380	 0.0000	 0.28277533	 0.9632	 13.66751070	 24.25	  1.68	 8.8519	 28.5354	 
m60523c4r5.htb	   0.0	  0.03	 2.000	 -10.00	 -10.00	 40.00	   1.0	 0.9550	 26.33	 0.0150	  8.11	  8.26	 1.014	 0.00000000	 0.654	  0.627	  0.96	  0.01	  0.9868	 0.0000	 0.72638161	 0.0000	 0.33037677	 0.9542	 24.92564198	 35.07	  1.14	 7.4373	 38.6744	 
m60524c1r5.htb	   0.0	  0.03	 2.000	 -5.00	 -7.00	 30.00	   0.0	 0.9550	  4.57	 0.0150	  0.85	  1.00	 1.044	 0.00000001	 0.578	  0.502	  0.96	  0.01	  0.9608	 0.0001	 0.51421503	 0.0000	 0.45493637	 0.9287	 4.22012766	 35.37	  2.04	 0.8384	 6.0053	 
m60524c1r5.htb	   0.0	  0.03	 2.000	 -5.00	 -7.00	 30.00	   1.0	 0.9550	  4.56	 0.0150	  0.83	  1.00	 1.045	 0.00000000	 0.603	  0.571	  0.96	  0.01	  0.8971	 0.0012	 0.59462553	 0.0000	 1.91122883	 0.5910	 3.72688695	 27.91	 10.00	 0.8299	 7.3544	 
m60524c2r5.htb	 240.0	  0.03	 2.000	 -10.00	  0.00	 30.00	   0.0	 0.9550	 16.64	 0.0150	  1.66	  2.04	 1.035	 0.00000000	 0.681	  0.698	  0.96	  0.01	  0.9846	 0.0000	 0.76059155	 0.0000	 0.41763835	 0.9366	 24.92537313	 69.64	  1.37	 1.5304	 19.8488	 
m60524c2r5.htb	 240.0	  0.03	 2.000	 -10.00	  0.00	 30.00	   1.0	 0.9550	 17.55	 0.0150	  1.80	  2.04	 1.029	 0.00000000	 0.673	  0.686	  0.96	  0.01	  0.9981	 0.0000	 0.73493394	 0.0000	 0.04961069	 0.9971	 19.64854490	 37.89	  1.55	 1.6744	 26.8490	 
m60524c3r5.htb	 240.0	  0.03	 2.000	  0.00	  7.00	 70.00	   0.0	 0.9550	 16.21	 0.0150	  8.60	  7.81	 0.911	 0.00387286	 0.460	  0.807	  0.96	  0.01	  0.8169	 0.0052	 0.20890998	 0.0001	 0.68361264	 0.8771	 8.79644031	 32.41	  1.76	 8.5618	 13.8005	 
m60524c3r5.htb	 240.0	  0.03	 2.000	  0.00	  7.00	 70.00	   1.0	 0.9550	 17.66	 0.0150	  7.73	  7.81	 1.003	 0.00001343	 0.513	  0.678	  0.96	  0.01	  0.8985	 0.0012	 0.35346533	 0.0000	 0.34736909	 0.9509	 21.50001106	 100.00	  0.84	 7.1216	 17.4431	 
m60524c4r5.htb	  90.0	  0.03	 2.000	 -5.00	 -5.00	 40.00	   0.0	 0.9550	 12.51	 0.0150	  5.11	  4.93	 0.976	 0.00000015	 0.568	  0.588	  0.96	  0.01	  0.9493	 0.0002	 0.45592305	 0.0000	 0.52368420	 0.9137	 7.79433268	 38.43	  3.22	 5.1074	 10.1167	 
m60524c4r5.htb	  90.0	  0.03	 2.000	 -5.00	 -5.00	 40.00	   1.0	 0.9550	 11.83	 0.0150	  5.04	  4.93	 0.981	 0.00000000	 0.594	  0.471	  0.96	  0.01	  0.9525	 0.0002	 0.55048391	 0.0000	 0.51169168	 0.9163	 7.06883414	 20.63	  2.16	 5.0129	 17.4327	 
m60524c5r5.htb	   0.0	  0.03	 2.000	 -10.00	 -5.00	 40.00	   0.0	 0.9550	 20.22	 0.0150	  5.45	  6.07	 1.052	 0.00000000	 0.648	  0.706	  0.96	  0.01	  0.9556	 0.0001	 0.60797507	 0.0000	 0.85857448	 0.8354	 14.89362105	  8.18	  2.91	 5.3407	 96.9199	 
m60524c5r5.htb	   0.0	  0.03	 2.000	 -10.00	 -5.00	 40.00	   1.0	 0.9550	 17.73	 0.0150	  7.90	  6.07	 0.983	 0.00004541	 0.482	  0.746	  0.96	  0.01	  0.9598	 0.0001	 0.35216141	 0.0000	 0.16368638	 0.9832	 10.44605542	  9.06	  1.73	 7.4562	 55.4951	 
m60525c1r5.htb	   0.0	  0.03	 2.000	 10.00	 -10.00	 40.00	   0.0	 0.9550	 12.41	 0.0150	  0.85	  0.80	 1.016	 0.00000000	 0.711	  0.536	  0.96	  0.01	  0.9865	 0.0000	 0.79065752	 0.0000	 0.36528390	 0.9473	 18.65848805	 60.07	  1.17	 0.6073	 18.3257	 
m60525c1r5.htb	   0.0	  0.03	 2.000	 10.00	 -10.00	 40.00	   1.0	 0.9550	 12.09	 0.0150	  0.49	  0.80	 1.043	 0.00000000	 0.694	  0.606	  0.96	  0.01	  0.9938	 0.0000	 0.80557332	 0.0000	 0.25288945	 0.9686	 17.48744144	 44.24	  1.05	 0.0000	 23.1918	 
m60525c2r5.htb	   0.0	  0.03	 2.000	  5.00	  0.00	 40.00	   0.0	 0.9550	 27.74	 0.0150	  9.04	 10.25	 1.074	 0.00000000	 0.630	  0.719	  0.96	  0.01	  0.9854	 0.0000	 0.67635115	 0.0000	 0.41477910	 0.9372	 19.00466127	 15.00	  2.38	 8.9625	 65.2842	 
m60525c2r5.htb	   0.0	  0.03	 2.000	  5.00	  0.00	 40.00	   1.0	 0.9550	 31.24	 0.0150	  9.48	 10.25	 1.146	 0.00000000	 0.678	  0.617	  0.96	  0.01	  0.9970	 0.0000	 0.75437919	 0.0000	 0.09793485	 0.9921	 47.53731343	 80.09	  0.65	 6.1197	 50.6911	 
m60525c3r5.htb	   0.0	  0.03	 2.000	 10.00	 -10.00	 40.00	   0.0	 0.9550	  8.79	 0.0150	  3.67	  3.28	 0.932	 0.00000014	 0.527	  0.482	  0.96	  0.01	  0.9872	 0.0000	 0.47509880	 0.0000	 0.03466987	 0.9983	 5.70390114	 30.91	  1.95	 3.6556	 9.3277	 
m60525c3r5.htb	   0.0	  0.03	 2.000	 10.00	 -10.00	 40.00	   1.0	 0.9550	 10.76	 0.0150	  3.85	  3.28	 0.928	 0.00000000	 0.571	  0.513	  0.96	  0.01	  0.9792	 0.0000	 0.54518184	 0.0000	 0.11536851	 0.9899	 8.05547297	 36.61	  1.89	 3.8357	 11.1159	 
m60525c4r5.htb	   0.0	  0.03	 2.000	 10.00	 -10.00	 30.00	   0.0	 0.9550	 23.46	 0.0150	  4.39	  5.97	 1.107	 0.00000000	 0.703	  0.595	  0.96	  0.01	  0.9954	 0.0000	 0.79371292	 0.0000	 0.21531581	 0.9751	 25.76849151	 41.97	  1.34	 4.1004	 33.0952	 
m60525c4r5.htb	   0.0	  0.03	 2.000	 10.00	 -10.00	 30.00	   1.0	 0.9550	 24.04	 0.0150	  5.20	  5.97	 1.092	 0.00000000	 0.698	  0.634	  0.96	  0.01	  0.9746	 0.0000	 0.72495550	 0.0000	 0.65150245	 0.8845	 25.38521528	 34.25	  1.17	 4.5511	 40.0015	 
m60531c1r5.htb	   0.0	  0.03	 2.000	 -10.00	  0.00	 50.00	   0.0	 0.9550	  8.16	 0.0150	  3.93	  6.27	 2.239	 0.42902985	 0.407	  0.867	  0.96	  0.01	  0.8252	 0.0046	 0.15809583	 0.0219	 0.19470370	 0.9784	 4.22751896	 44.03	 10.00	 3.9299	 5.0588	 
m60531c1r5.htb	   0.0	  0.03	 2.000	 -10.00	  0.00	 50.00	   1.0	 0.9550	  6.79	 0.0150	  4.61	  6.27	 2.997	 0.64558538	 0.350	  0.813	  0.96	  0.01	  0.1554	 0.3815	 0.02568427	 0.3653	 0.93759387	 0.8163	 12.68656716	 43.63	  0.17	 0.0241	 9.0884	 
m60531c2r5.htb	 270.0	  0.03	 2.000	 -5.00	 -5.00	 50.00	   0.0	 0.9550	 14.70	 0.0150	  4.46	  6.22	 1.317	 0.00000000	 0.649	  0.510	  0.96	  0.01	  0.9802	 0.0000	 0.67932035	 0.0000	 0.38366440	 0.9436	 22.75012905	 100.00	  0.75	 3.5256	 20.0062	 
m60531c2r5.htb	 270.0	  0.03	 2.000	 -5.00	 -5.00	 50.00	   1.0	 0.9550	 16.61	 0.0150	  4.61	  6.22	 1.263	 0.00000000	 0.662	  0.542	  0.96	  0.01	  0.9817	 0.0000	 0.70557762	 0.0000	 0.32262471	 0.9557	 25.74626866	 97.99	  0.84	 3.8718	 21.1301	 
m60601c1r5.htb	   0.0	  0.03	 2.000	  0.00	  7.00	 40.00	   0.0	 0.9550	  7.11	 0.0150	  0.16	  0.65	 1.075	 0.00000000	 0.630	  0.695	  0.96	  0.01	  0.9906	 0.0000	 0.64595662	 0.0000	 0.19622929	 0.9782	 9.11593916	 60.92	  2.58	 0.1622	 6.9464	 
m60601c1r5.htb	   0.0	  0.03	 2.000	  0.00	  7.00	 40.00	   1.0	 0.9550	  7.27	 0.0150	  0.33	  0.65	 1.061	 0.00000000	 0.610	  0.764	  0.96	  0.01	  0.9776	 0.0000	 0.64115285	 0.0000	 0.42465287	 0.9351	 7.07659215	 35.07	  3.94	 0.3312	 10.3536	 
m60601c2r5.htb	  90.0	  0.03	 2.000	 -10.00	 -15.00	 40.00	   0.0	 0.9550	  5.92	 0.0150	  0.68	  1.84	 1.288	 0.00000000	 0.587	  0.594	  0.96	  0.01	  0.9845	 0.0000	 0.58494185	 0.0000	 0.17802208	 0.9811	 5.92063699	 31.23	  1.86	 0.6638	 9.6026	 
m60601c2r5.htb	  90.0	  0.03	 2.000	 -10.00	 -15.00	 40.00	   1.0	 0.9550	  7.78	 0.0150	  0.85	  1.84	 1.207	 0.00000000	 0.618	  0.602	  0.96	  0.01	  0.9738	 0.0000	 0.68904544	 0.0000	 0.24129655	 0.9707	 7.90449595	 37.75	  2.13	 0.8394	 10.4884	 
m60601c3r5.htb	  90.0	  0.03	 2.000	  0.00	 -10.00	 40.00	   0.0	 0.9550	  8.55	 0.0150	  1.83	  1.84	 1.017	 0.00000000	 0.627	  0.502	  0.96	  0.01	  0.9732	 0.0000	 0.60404265	 0.0000	 0.26773307	 0.9660	 12.91044776	 86.60	  1.18	 1.7254	 9.1754	 
m60601c3r5.htb	  90.0	  0.03	 2.000	  0.00	 -10.00	 40.00	   1.0	 0.9550	  9.20	 0.0150	  1.34	  1.84	 1.056	 0.00000000	 0.633	  0.556	  0.96	  0.01	  0.9912	 0.0000	 0.60488778	 0.0000	 0.17263568	 0.9819	 10.73509043	 41.64	  1.30	 1.1952	 14.0435	 
m60601c4r5.htb	  90.0	  0.03	 2.000	  0.00	  0.00	 40.00	   0.0	 0.9550	 24.24	 0.0150	  2.64	  5.85	 1.180	 0.00000000	 0.661	  0.895	  0.96	  0.01	  0.9778	 0.0000	 0.76369749	 0.0000	 0.59648131	 0.8972	 24.88014097	 32.70	  1.79	 2.5371	 38.6354	 
m60601c4r5.htb	  90.0	  0.03	 2.000	  0.00	  0.00	 40.00	   1.0	 0.9550	 21.12	 0.0150	  4.78	  5.85	 1.135	 0.00000000	 0.609	  0.842	  0.96	  0.01	  0.9676	 0.0001	 0.68323764	 0.0000	 0.48776072	 0.9216	 16.35060005	 12.02	  4.01	 4.7718	 73.4418	 
m60601c5r5.htb	  90.0	  0.03	 2.000	  0.00	 -8.00	 40.00	   0.0	 0.9550	 25.84	 0.0150	 10.52	 11.59	 1.078	 0.00000000	 0.627	  0.588	  0.96	  0.01	  0.9698	 0.0001	 0.63801987	 0.0000	 0.34037256	 0.9523	 16.50324889	 26.86	  2.05	 10.4739	 31.0725	 
m60601c5r5.htb	  90.0	  0.03	 2.000	  0.00	 -8.00	 40.00	   1.0	 0.9550	 27.24	 0.0150	  8.30	 11.59	 1.157	 0.00000000	 0.662	  0.586	  0.96	  0.01	  0.9977	 0.0000	 0.78023864	 0.0000	 0.08040037	 0.9941	 19.87882174	 17.48	  1.90	 8.1169	 57.4444	 
m60602c1r5.htb	   0.0	  0.03	 2.000	  0.00	 -7.00	 30.00	   0.0	 0.9550	 13.71	 0.0150	  5.90	  6.82	 1.189	 0.00133841	 0.483	  0.918	  0.96	  0.01	  0.8929	 0.0013	 0.25428984	 0.0000	 0.59084094	 0.8985	 16.73883410	 100.00	  0.89	 5.5128	 13.0780	 
m60602c1r5.htb	   0.0	  0.03	 2.000	  0.00	 -7.00	 30.00	   1.0	 0.9550	 18.49	 0.0150	  6.77	  6.82	 1.052	 0.00000000	 0.566	  0.784	  0.96	  0.01	  0.9580	 0.0001	 0.53438704	 0.0000	 0.55560365	 0.9065	 11.73172163	 46.64	 10.00	 6.7668	 13.6226	 
m60602c2r5.htb	   0.0	  0.03	 2.000	 -8.00	 -8.00	 30.00	   0.0	 0.9550	 25.61	 0.0150	  8.68	  8.06	 0.967	 0.00000014	 0.576	  0.918	  0.96	  0.01	  0.9585	 0.0001	 0.46105403	 0.0000	 0.27249179	 0.9651	 31.41523929	 86.55	  1.64	 8.6388	 18.1137	 
m60602c2r5.htb	   0.0	  0.03	 2.000	 -8.00	 -8.00	 30.00	   1.0	 0.9550	 24.74	 0.0150	  7.55	  8.06	 1.017	 0.00000000	 0.585	  0.854	  0.96	  0.01	  0.9633	 0.0001	 0.51967279	 0.0000	 0.54048792	 0.9099	 36.53695064	 100.00	  0.94	 6.8674	 27.2263	 
m60602c3r5.htb	   0.0	  0.03	 2.000	  0.00	  5.00	 30.00	   0.0	 0.9550	 14.06	 0.0150	  5.96	  6.32	 1.048	 0.00000480	 0.550	  0.618	  0.96	  0.01	  0.9735	 0.0000	 0.40372115	 0.0000	 0.33924029	 0.9525	 16.57297548	 97.99	  1.59	 5.9435	 8.4552	 
m60602c3r5.htb	   0.0	  0.03	 2.000	  0.00	  5.00	 30.00	   1.0	 0.9550	 17.31	 0.0150	  4.76	  6.32	 1.124	 0.00000000	 0.624	  0.615	  0.96	  0.01	  0.9813	 0.0000	 0.61007480	 0.0000	 0.37714843	 0.9449	 20.45135970	 62.72	  1.21	 4.5405	 19.1130	 
m60602c4r5.htb	   0.0	  0.03	 2.000	  0.00	 -10.00	 20.00	   0.0	 0.9550	  8.67	 0.0150	  2.05	  2.74	 1.119	 0.00000014	 0.531	  0.709	  0.96	  0.01	  0.9700	 0.0001	 0.46658354	 0.0000	 0.09338558	 0.9926	 13.65671642	 98.87	  1.58	 2.0281	 6.9186	 
m60602c4r5.htb	   0.0	  0.03	 2.000	  0.00	 -10.00	 20.00	   1.0	 0.9550	  9.47	 0.0150	  2.14	  2.74	 1.103	 0.00000001	 0.578	  0.659	  0.96	  0.01	  0.9901	 0.0000	 0.52046034	 0.0000	 0.13040610	 0.9880	 8.05021154	 33.81	  2.25	 2.1309	 11.9264	 
m60602c5r5.htb	   0.0	  0.03	 2.000	 -5.00	 -5.00	 50.00	   0.0	 0.9550	 16.99	 0.0150	  3.27	  4.83	 1.398	 0.00000007	 0.691	  0.598	  0.96	  0.01	  0.9508	 0.0002	 0.66564017	 0.0000	 1.03011393	 0.7940	 27.36318408	 41.97	  0.60	 0.0000	 40.6153	 
m60602c5r5.htb	   0.0	  0.03	 2.000	 -5.00	 -5.00	 50.00	   1.0	 0.9550	 19.42	 0.0150	  5.54	  4.83	 1.135	 0.00000006	 0.647	  0.651	  0.96	  0.01	  0.9836	 0.0000	 0.69158790	 0.0000	 0.39228740	 0.9418	 16.82684310	 42.26	  1.91	 5.5125	 19.9852	 
m60605c1r5.htb	   0.0	  0.03	 2.000	 -3.00	 -7.00	 30.00	   0.0	 0.9550	 27.96	 0.0150	  6.27	 11.24	 1.350	 0.00000000	 0.632	  0.847	  0.96	  0.01	  0.9665	 0.0001	 0.65662863	 0.0000	 0.35718019	 0.9489	 26.48732438	 23.19	  1.24	 5.3990	 57.6970	 
m60605c1r5.htb	   0.0	  0.03	 2.000	 -3.00	 -7.00	 30.00	   1.0	 0.9550	 28.48	 0.0150	  7.64	 11.24	 1.293	 0.00000000	 0.618	  0.840	  0.96	  0.01	  0.9791	 0.0000	 0.63530950	 0.0000	 0.30151293	 0.9597	 22.63795847	 15.82	  1.57	 7.1020	 70.6365	 
m60605c2r5.htb	   0.0	  0.03	 2.000	 -10.00	 -10.00	 30.00	   0.0	 0.9550	  1.17	 0.0150	  0.34	  0.60	 1.443	 0.00424051	 0.385	  0.471	  0.96	  0.01	  0.9260	 0.0005	 0.23444664	 0.0000	 0.06176341	 0.9960	 0.82837789	 21.04	 10.00	 0.3426	 2.1828	 
m60605c2r5.htb	   0.0	  0.03	 2.000	 -10.00	 -10.00	 30.00	   1.0	 0.9550	  1.30	 0.0150	  0.49	  0.60	 1.266	 0.02474107	 0.364	  0.432	  0.96	  0.01	  0.8836	 0.0016	 0.17655308	 0.0003	 0.04648222	 0.9974	 0.80438953	 43.23	  8.24	 0.4943	 0.9592	 
m60605c3r5.htb	   0.0	  0.03	 2.000	 -5.00	 -2.00	 30.00	   0.0	 0.9550	 11.25	 0.0150	  9.80	  8.76	 0.586	 0.86327977	 0.270	  0.563	  0.96	  0.01	  0.3700	 0.1472	 0.01421994	 0.3255	 0.20726706	 0.9764	 1.88540856	 44.36	  1.62	 9.7907	 2.1937	 
m60605c3r5.htb	   0.0	  0.03	 2.000	 -5.00	 -2.00	 30.00	   1.0	 0.9550	 12.39	 0.0150	  8.92	  8.76	 0.867	 0.21270414	 0.344	  0.538	  0.96	  0.01	  0.9763	 0.0000	 0.11793803	 0.0036	 0.02451488	 0.9990	 3.73827201	 10.17	  1.60	 8.7556	 17.5039	 
m60606c1r5.htb	   0.0	  0.03	 2.000	  8.00	 -8.00	 30.00	   0.0	 0.9550	  2.00	 0.0150	  0.00	  0.00	 1.000	 0.00000000	 0.693	  0.314	  0.96	  0.01	  0.9914	 0.0000	 0.68784963	 0.0000	 0.00002070	    NaN	 2.04453997	 56.06	  7.13	 0.0000	 1.8762	 
m60606c1r5.htb	   0.0	  0.03	 2.000	  8.00	 -8.00	 30.00	   1.0	 0.9550	  1.40	 0.0150	  0.00	  0.00	 1.000	 0.00000000	 0.666	  0.299	  0.96	  0.01	  0.9773	 0.0000	 0.60900218	 0.0000	 0.04525562	    NaN	 1.39708583	 31.09	  7.66	 0.0000	 2.3659	 
m60606c2r5.htb	  90.0	  0.03	 2.000	 -10.00	  0.00	 40.00	   0.0	 0.9550	  7.81	 0.0150	  0.08	  1.00	 1.134	 0.00000020	 0.616	  0.849	  0.96	  0.01	  0.9792	 0.0000	 0.46541323	 0.0000	 0.99188990	 0.8032	 8.76901959	 54.78	  3.61	 0.0823	 7.6417	 
m60606c2r5.htb	  90.0	  0.03	 2.000	 -10.00	  0.00	 40.00	   1.0	 0.9550	  8.83	 0.0150	  0.02	  1.00	 1.128	 0.00000000	 0.688	  0.682	  0.96	  0.01	  0.9865	 0.0000	 0.70926470	 0.0000	 0.08719920	 0.9573	 8.86184937	 33.99	  4.83	 0.0248	 13.4964	 
m60606c3r5.htb	  90.0	  0.03	 2.000	 -8.00	 -10.00	 40.00	   0.0	 0.9550	 11.77	 0.0150	  0.29	  0.35	 1.005	 0.00000000	 0.617	  0.914	  0.96	  0.01	  0.9904	 0.0000	 0.68287714	 0.0000	 0.02578057	 0.9989	 11.49500249	 33.16	  6.07	 0.2929	 17.9609	 
m60606c3r5.htb	  90.0	  0.03	 2.000	 -8.00	 -10.00	 40.00	   1.0	 0.9550	 16.52	 0.0150	  0.06	  0.35	 1.014	 0.00000000	 0.702	  0.879	  0.96	  0.01	  0.9644	 0.0001	 0.73231743	 0.0000	 0.81558373	 0.8457	 16.76646172	 27.34	  3.21	 0.0561	 31.3318	 
m60606c4r5.htb	  90.0	  0.03	 2.000	  8.00	 -5.00	 40.00	   0.0	 0.9550	 24.60	 0.0150	  0.26	  0.50	 1.010	 0.00000000	 0.719	  0.904	  0.96	  0.01	  0.9794	 0.0000	 0.86727637	 0.0000	 2.17103537	 0.5377	 25.00750001	 25.20	  2.72	 0.2479	 50.7766	 
m60606c4r5.htb	  90.0	  0.03	 2.000	  8.00	 -5.00	 40.00	   1.0	 0.9550	 25.14	 0.0150	  0.66	  0.50	 1.002	 0.00000000	 0.732	  0.835	  0.96	  0.01	  0.9916	 0.0000	 0.94091784	 0.0000	 0.78595330	 0.8528	 24.48599123	 19.53	  5.05	 0.6627	 68.6799	 
m60606c5r5.htb	  90.0	  0.03	 2.000	  8.00	  0.00	 40.00	   0.0	 0.9550	 16.84	 0.0150	  0.78	  1.24	 1.030	 0.00000000	 0.672	  0.837	  0.96	  0.01	  0.9934	 0.0000	 0.76913798	 0.0000	 0.48392676	 0.9224	 17.31178015	 41.97	  3.10	 0.7778	 20.4448	 
m60606c5r5.htb	  90.0	  0.03	 2.000	  8.00	  0.00	 40.00	   1.0	 0.9550	 20.74	 0.0150	  0.55	  1.24	 1.034	 0.00000000	 0.674	  0.973	  0.96	  0.01	  0.9920	 0.0000	 0.76300844	 0.0000	 0.28541673	 0.9627	 21.94258772	 33.77	  2.36	 0.5361	 32.6910	 
m60613c5r5.htb	   0.0	  0.03	 2.000	 -8.00	 -15.00	 30.00	   0.0	 0.9550	 21.91	 0.0150	  6.52	  6.53	 1.013	 0.00000000	 0.715	  0.423	  0.96	  0.01	  0.9997	 0.0000	 0.81761149	 0.0000	 0.00496112	 0.9999	 20.92505689	 44.09	  1.38	 6.3270	 25.4155	 
m60613c5r5.htb	   0.0	  0.03	 2.000	 -8.00	 -15.00	 30.00	   1.0	 0.9550	 21.97	 0.0150	  5.51	  6.53	 1.064	 0.00000000	 0.716	  0.469	  0.96	  0.01	  0.9823	 0.0000	 0.77930868	 0.0000	 0.36693629	 0.9470	 23.48414874	 37.25	  1.07	 4.7733	 35.0900	 
m60613c6r5.htb	   0.0	  0.03	 2.000	 -5.00	 -10.00	 30.00	   0.0	 0.9550	 20.87	 0.0150	  5.62	  6.97	 1.097	 0.00000073	 0.561	  0.919	  0.96	  0.01	  0.9993	 0.0000	 0.65278943	 0.0000	 0.02656643	 0.9989	 15.28754174	 20.84	  4.11	 5.6155	 38.7195	 
m60613c6r5.htb	   0.0	  0.03	 2.000	 -5.00	 -10.00	 30.00	   1.0	 0.9550	 20.36	 0.0150	  3.61	  6.97	 1.192	 0.00001204	 0.547	  1.119	  0.96	  0.01	  0.9840	 0.0000	 0.57906826	 0.0000	 0.11483433	 0.9900	 18.30974791	 14.14	  1.51	 3.0140	 62.4090	 
m60614c1r5.htb	   0.0	  0.03	 2.000	  0.00	 -8.00	 30.00	   0.0	 0.9550	 26.78	 0.0150	  4.57	  5.07	 1.052	 0.00000000	 0.735	  0.578	  0.96	  0.01	  0.9884	 0.0000	 0.88731789	 0.0000	 0.71890630	 0.8687	 42.01492537	 80.90	  1.05	 3.9409	 34.2094	 
m60614c1r5.htb	   0.0	  0.03	 2.000	  0.00	 -8.00	 30.00	   1.0	 0.9550	 27.59	 0.0150	  4.31	  5.07	 1.058	 0.00000000	 0.661	  0.828	  0.96	  0.01	  0.9981	 0.0000	 0.77334270	 0.0000	 0.09420250	 0.9925	 33.28115247	 42.45	  1.16	 3.6440	 43.9195	 
m60614c2r5.htb	   0.0	  0.03	 2.000	  5.00	 -5.00	 30.00	   0.0	 0.9550	 17.55	 0.0150	 10.88	 11.83	 1.166	 0.00041415	 0.493	  0.500	  0.96	  0.01	  0.9739	 0.0000	 0.34120987	 0.0000	 0.05546604	 0.9966	 6.68788118	 53.98	 10.00	 10.8803	 6.4888	 
m60614c2r5.htb	   0.0	  0.03	 2.000	  5.00	 -5.00	 30.00	   1.0	 0.9550	 15.71	 0.0150	 10.04	 11.83	 1.259	 0.00608704	 0.487	  0.629	  0.96	  0.01	  0.8013	 0.0065	 0.21463315	 0.0001	 0.52531145	 0.9133	 5.66762583	 44.05	 10.00	 10.0401	 6.7642	 
m60614c3r5.htb	   0.0	  0.03	 2.000	  8.00	 -15.00	 30.00	   0.0	 0.9550	 23.81	 0.0150	 11.34	 12.39	 1.093	 0.00000000	 0.634	  0.474	  0.96	  0.01	  0.9766	 0.0000	 0.63699169	 0.0000	 0.43773339	 0.9323	 14.58401901	 40.84	  2.10	 11.3260	 17.8416	 
m60614c3r5.htb	   0.0	  0.03	 2.000	  8.00	 -15.00	 30.00	   1.0	 0.9550	 23.53	 0.0150	 10.58	 12.39	 1.180	 0.00000000	 0.617	  0.495	  0.96	  0.01	  0.9812	 0.0000	 0.58505321	 0.0000	 0.27999081	 0.9637	 28.83861830	 100.00	  0.74	 9.3591	 25.4366	 
m60614c4r5.htb	   0.0	  0.03	 2.000	  8.00	 -18.00	 40.00	   0.0	 0.9550	 16.27	 0.0150	  9.17	  9.35	 1.030	 0.00000014	 0.591	  0.420	  0.96	  0.01	  0.9585	 0.0001	 0.46115548	 0.0000	 0.32560111	 0.9551	 14.77395227	 100.00	  1.51	 9.1427	 7.6491	 
m60614c4r5.htb	   0.0	  0.03	 2.000	  8.00	 -18.00	 40.00	   1.0	 0.9550	 16.97	 0.0150	  8.57	  9.35	 1.077	 0.00000002	 0.588	  0.454	  0.96	  0.01	  0.9381	 0.0003	 0.48553164	 0.0000	 0.65119122	 0.8846	 17.48965525	 100.00	  1.23	 8.4721	 10.5627	 
m60615c1r5.htb	   0.0	  0.03	 2.000	 -8.00	 -17.00	 30.00	   0.0	 0.9550	 27.49	 0.0150	  3.88	  4.58	 1.033	 0.00000000	 0.616	  1.042	  0.96	  0.01	  0.9956	 0.0000	 0.71901014	 0.0000	 0.01574696	 0.9995	 27.43328008	 35.91	  1.88	 3.8140	 38.5910	 
m60615c1r5.htb	   0.0	  0.03	 2.000	 -8.00	 -17.00	 30.00	   1.0	 0.9550	 29.06	 0.0150	  3.81	  4.58	 1.043	 0.00000000	 0.677	  0.934	  0.96	  0.01	  0.9813	 0.0000	 0.69251265	 0.0000	 0.61912313	 0.8920	 43.58195938	 69.55	  1.16	 3.3076	 37.8898	 
m60615c2r5.htb	   0.0	  0.03	 2.000	 -10.00	 -17.00	 40.00	   0.0	 0.9550	 14.21	 0.0150	  5.21	  5.27	 1.014	 0.00000000	 0.616	  0.483	  0.96	  0.01	  0.9832	 0.0000	 0.67039504	 0.0000	 0.24147378	 0.9706	 9.52866587	 20.20	  1.91	 5.1450	 23.8863	 
m60615c2r5.htb	   0.0	  0.03	 2.000	 -10.00	 -17.00	 40.00	   1.0	 0.9550	 15.84	 0.0150	  4.56	  5.27	 1.146	 0.00000000	 0.707	  0.388	  0.96	  0.01	  0.9977	 0.0000	 0.78371257	 0.0000	 0.07489503	 0.9947	 23.95522388	 71.32	  0.65	 2.7324	 27.2904	 
m60616c1r5.htb	   0.0	  0.03	 2.000	 -10.00	 -15.00	 30.00	   0.0	 0.9550	 14.06	 0.0150	  0.40	  1.69	 1.137	 0.00000000	 0.681	  0.826	  0.96	  0.01	  0.9770	 0.0000	 0.68813010	 0.0000	 0.58758972	 0.8993	 23.80597015	 67.76	  1.07	 0.0000	 22.2239	 
m60616c1r5.htb	   0.0	  0.03	 2.000	 -10.00	 -15.00	 30.00	   1.0	 0.9550	 16.66	 0.0150	  1.25	  1.69	 1.079	 0.00000000	 0.649	  0.814	  0.96	  0.01	  0.9897	 0.0000	 0.76920468	 0.0000	 0.09379778	 0.9926	 21.56566425	 48.90	  1.42	 1.1021	 23.6337	 
m60616c2r5.htb	   0.0	  0.03	 2.000	  5.00	 -10.00	 30.00	   0.0	 0.9550	 12.03	 0.0150	  1.67	  2.49	 1.093	 0.00000000	 0.665	  0.587	  0.96	  0.01	  0.9828	 0.0000	 0.73230933	 0.0000	 0.57883122	 0.9013	 18.95522388	 82.80	  1.41	 1.6014	 12.5285	 
m60616c2r5.htb	   0.0	  0.03	 2.000	  5.00	 -10.00	 30.00	   1.0	 0.9550	 11.99	 0.0150	  1.52	  2.49	 1.108	 0.00000000	 0.644	  0.675	  0.96	  0.01	  0.9575	 0.0001	 0.63898204	 0.0000	 0.69645970	 0.8740	 14.54937433	 42.74	  1.26	 1.3121	 18.7374	 
m60619c1r5.htb	   0.0	  0.03	 2.000	  0.00	  0.00	 40.00	   0.0	 0.9550	 12.80	 0.0150	  3.48	  3.43	 0.997	 0.00000000	 0.665	  0.479	  0.96	  0.01	  0.9752	 0.0000	 0.69406885	 0.0000	 0.72262399	 0.8679	 19.40708122	 100.00	  1.61	 3.4591	 9.6286	 
m60619c1r5.htb	   0.0	  0.03	 2.000	  0.00	  0.00	 40.00	   1.0	 0.9550	 13.80	 0.0150	  3.69	  3.43	 0.990	 0.00000000	 0.669	  0.497	  0.96	  0.01	  0.9693	 0.0001	 0.72228506	 0.0000	 0.68743339	 0.8762	 12.74434062	 38.33	  1.52	 3.5962	 17.2812	 
m60619c2r5.htb	   0.0	  0.03	 2.000	 -5.00	  0.00	 40.00	   0.0	 0.9550	 17.76	 0.0150	  1.16	  2.59	 1.119	 0.00000000	 0.755	  0.505	  0.96	  0.01	  0.9934	 0.0000	 0.89387731	 0.0000	 0.57620672	 0.9019	 20.80904516	 30.78	  1.32	 0.7798	 35.2914	 
m60619c2r5.htb	   0.0	  0.03	 2.000	 -5.00	  0.00	 40.00	   1.0	 0.9550	 18.21	 0.0150	  1.81	  2.59	 1.090	 0.00000000	 0.721	  0.561	  0.96	  0.01	  0.9941	 0.0000	 0.83595284	 0.0000	 0.21240982	 0.9756	 18.36084448	 24.47	  1.64	 1.6233	 38.0147	 
m60619c3r5.htb	   0.0	  0.03	 2.000	  0.00	 -5.00	 40.00	   0.0	 0.9550	  9.48	 0.0150	  1.04	  1.00	 1.005	 0.00000000	 0.687	  0.481	  0.96	  0.01	  0.9897	 0.0000	 0.81169376	 0.0000	 0.28882922	 0.9621	 9.41897564	 24.45	  1.66	 0.9491	 19.5197	 
m60619c3r5.htb	   0.0	  0.03	 2.000	  0.00	 -5.00	 40.00	   1.0	 0.9550	 11.18	 0.0150	  1.04	  1.00	 1.015	 0.00000000	 0.703	  0.477	  0.96	  0.01	  0.9783	 0.0000	 0.80473743	 0.0000	 0.61685529	 0.8926	 13.69758293	 37.26	  1.22	 0.7732	 19.9109	 
m60619c4r5.htb	   0.0	  0.03	 2.000	 -8.00	 -8.00	 30.00	   0.0	 0.9550	 25.53	 0.0150	 17.30	 17.20	 0.989	 0.00001241	 0.596	  0.382	  0.96	  0.01	  0.9028	 0.0010	 0.48076697	 0.0000	 1.33419096	 0.7210	 8.23840999	 46.07	 10.00	 17.2951	 9.3673	 
m60619c4r5.htb	   0.0	  0.03	 2.000	 -8.00	 -8.00	 30.00	   1.0	 0.9550	 24.93	 0.0150	 15.49	 17.20	 1.097	 0.00000215	 0.573	  0.429	  0.96	  0.01	  0.9836	 0.0000	 0.56511096	 0.0000	 0.26995173	 0.9656	 9.52215878	 18.03	  2.95	 15.4788	 27.4086	 
m60620c1r5.htb	   0.0	  0.03	 2.000	  5.00	  5.00	 40.00	   0.0	 0.9550	 27.01	 0.0150	  3.12	  6.52	 1.188	 0.00000000	 0.633	  1.002	  0.96	  0.01	  0.9790	 0.0000	 0.69780177	 0.0000	 0.28821583	 0.9622	 30.24280172	 33.36	  1.35	 2.6610	 47.8291	 
m60620c1r5.htb	   0.0	  0.03	 2.000	  5.00	  5.00	 40.00	   1.0	 0.9550	 27.44	 0.0150	  4.87	  6.52	 1.139	 0.00000000	 0.573	  1.180	  0.96	  0.01	  0.9913	 0.0000	 0.57414853	 0.0000	 0.06812195	 0.9954	 30.49666567	 43.22	  1.38	 4.5798	 37.8420	 
m60620c2r5.htb	   0.0	  0.03	 2.000	  0.00	  5.00	 40.00	   0.0	 0.9550	 30.06	 0.0150	 12.72	 11.89	 0.957	 0.00000008	 0.515	  0.974	  0.96	  0.01	  0.9482	 0.0002	 0.46627645	 0.0000	 0.26520628	 0.9664	 26.80230158	 67.20	  1.74	 12.6807	 19.8856	 
m60620c2r5.htb	   0.0	  0.03	 2.000	  0.00	  5.00	 40.00	   1.0	 0.9550	 27.53	 0.0150	 12.08	 11.89	 0.970	 0.00000000	 0.585	  0.724	  0.96	  0.01	  0.9749	 0.0000	 0.56635579	 0.0000	 0.37755070	 0.9448	 15.82761560	 26.36	  2.88	 12.0799	 30.6563	 
m60620c3r5.htb	   0.0	  0.03	 2.000	  0.00	 10.00	 40.00	   0.0	 0.9550	 31.13	 0.0150	 15.05	 18.96	 1.358	 0.00000000	 0.607	  0.598	  0.96	  0.01	  0.9602	 0.0001	 0.54220506	 0.0000	 0.49190569	 0.9207	 33.85993348	 100.00	  1.03	 14.5979	 23.6854	 
m60620c3r5.htb	   0.0	  0.03	 2.000	  0.00	 10.00	 40.00	   1.0	 0.9550	 32.93	 0.0150	 13.32	 18.96	 1.511	 0.00000000	 0.617	  0.682	  0.96	  0.01	  0.9961	 0.0000	 0.57344064	 0.0000	 0.12126437	 0.9892	 46.13241870	 100.00	  0.62	 10.1905	 45.0722	 
m60620c4r5.htb	   0.0	  0.03	 2.000	  0.00	  8.00	 40.00	   0.0	 0.9550	 13.40	 0.0150	  4.33	  5.20	 1.111	 0.00000001	 0.604	  0.558	  0.96	  0.01	  0.9695	 0.0001	 0.57982260	 0.0000	 0.32921992	 0.9544	 11.63626590	 43.95	  1.65	 4.2874	 13.6044	 
m60620c4r5.htb	   0.0	  0.03	 2.000	  0.00	  8.00	 40.00	   1.0	 0.9550	 19.88	 0.0150	  5.65	  5.20	 1.003	 0.00000000	 0.649	  0.589	  0.96	  0.01	  0.9932	 0.0000	 0.69176425	 0.0000	 0.11426477	 0.9901	 19.86705317	 62.09	  2.15	 5.6395	 15.1868	 
m60621c1r5.htb	   0.0	  0.03	 2.000	  0.00	 -8.00	 30.00	   0.0	 0.9550	 13.62	 0.0150	  1.02	  1.58	 1.046	 0.00000010	 0.608	  0.902	  0.96	  0.01	  0.9963	 0.0000	 0.74146462	 0.0000	 0.03108506	 0.9986	 13.37983298	 50.04	  4.31	 1.0160	 13.3354	 
m60621c1r5.htb	   0.0	  0.03	 2.000	  0.00	 -8.00	 30.00	   1.0	 0.9550	 17.01	 0.0150	  1.05	  1.58	 1.039	 0.00000000	 0.666	  0.812	  0.96	  0.01	  0.9895	 0.0000	 0.83293476	 0.0000	 0.37855658	 0.9446	 26.11940299	 75.49	  1.93	 1.0397	 16.3540	 
m60621c2r5.htb	   0.0	  0.03	 2.000	  8.00	 -2.00	 30.00	   0.0	 0.9550	  7.15	 0.0150	  0.04	  0.10	 1.008	 0.00000000	 0.700	  0.577	  0.96	  0.01	  0.9936	 0.0000	 0.72785267	 0.0000	 0.07023217	 0.9655	 11.34328358	 81.56	  3.29	 0.0416	 5.5986	 
m60621c2r5.htb	   0.0	  0.03	 2.000	  8.00	 -2.00	 30.00	   1.0	 0.9550	  8.18	 0.0150	  0.11	  0.10	 1.003	 0.00000000	 0.681	  0.634	  0.96	  0.01	  0.9972	 0.0000	 0.70875653	 0.0000	 0.22981941	 0.9726	 12.61194030	 73.13	  2.16	 0.1065	 7.9592	 
m60621c3r5.htb	 180.0	  0.03	 2.000	 10.00	  0.00	 40.00	   0.0	 0.9550	  5.03	 0.0150	  0.32	  0.30	 0.996	 0.00000713	 0.570	  0.756	  0.96	  0.01	  0.9543	 0.0002	 0.38806167	 0.0000	 0.62333385	 0.8911	 8.35820896	 93.09	 10.00	 0.3184	 2.9428	 
m60621c3r5.htb	 180.0	  0.03	 2.000	 10.00	  0.00	 40.00	   1.0	 0.9550	  3.77	 0.0150	  0.24	  0.30	 1.004	 0.01367682	 0.500	  0.896	  0.96	  0.01	  0.8733	 0.0020	 0.19086244	 0.0002	 0.60259591	 0.8958	 6.64179104	 91.06	  2.67	 0.2361	 2.8720	 
m60621c4r5.htb	 180.0	  0.03	 2.000	  0.00	 -10.00	 40.00	   0.0	 0.9550	  8.91	 0.0150	  1.61	  2.19	 1.087	 0.00000044	 0.580	  0.848	  0.96	  0.01	  0.9402	 0.0003	 0.43340297	 0.0000	 0.80907536	 0.8473	 14.02985075	 93.89	  4.85	 1.6051	 4.9875	 
m60621c4r5.htb	 180.0	  0.03	 2.000	  0.00	 -10.00	 40.00	   1.0	 0.9550	  7.98	 0.0150	  1.58	  2.19	 1.097	 0.00044486	 0.507	  0.906	  0.96	  0.01	  0.9460	 0.0002	 0.29615367	 0.0000	 0.29506565	 0.9610	 12.83582090	 95.27	  1.46	 1.5477	 7.1684	 
m60621c5r5.htb	 130.0	  0.03	 2.000	 -10.00	 -10.00	 40.00	   0.0	 0.9550	 26.36	 0.0150	  1.15	  2.04	 1.039	 0.00000000	 0.727	  0.768	  0.96	  0.01	  0.9927	 0.0000	 0.87748224	 0.0000	 0.46978839	 0.9255	 27.15073441	 28.65	  2.15	 1.1016	 47.8893	 
m60621c5r5.htb	 130.0	  0.03	 2.000	 -10.00	 -10.00	 40.00	   1.0	 0.9550	 30.64	 0.0150	  0.56	  2.04	 1.054	 0.00000000	 0.748	  0.791	  0.96	  0.01	  0.9942	 0.0000	 0.88322452	 0.0000	 0.17469586	 0.9816	 35.26141832	 28.26	  1.52	 0.1644	 63.8387	 
m60621c6r5.htb	 180.0	  0.03	 2.000	  8.00	 -10.00	 40.00	   0.0	 0.9550	 10.16	 0.0150	  1.81	  2.34	 1.070	 0.00000005	 0.570	  0.757	  0.96	  0.01	  0.9499	 0.0002	 0.47556525	 0.0000	 0.51614704	 0.9153	 8.63318802	 21.31	  2.32	 1.7897	 20.6755	 
m60621c6r5.htb	 180.0	  0.03	 2.000	  8.00	 -10.00	 40.00	   1.0	 0.9550	 11.33	 0.0150	  2.04	  2.34	 1.049	 0.00000000	 0.641	  0.629	  0.96	  0.01	  0.9926	 0.0000	 0.63767832	 0.0000	 0.38355833	 0.9436	 9.59572465	 26.07	  2.64	 2.0355	 18.6084	 
m60623c3r5.htb	  90.0	  0.03	 2.000	 -5.00	 10.00	 40.00	   0.0	 0.9550	 23.64	 0.0150	  5.27	  5.32	 1.004	 0.00000000	 0.649	  0.749	  0.96	  0.01	  0.9807	 0.0000	 0.72832868	 0.0000	 0.40503975	 0.9392	 23.41861180	 53.35	  2.22	 5.2593	 21.2979	 
m60623c3r5.htb	  90.0	  0.03	 2.000	 -5.00	 10.00	 40.00	   1.0	 0.9550	 24.92	 0.0150	  4.51	  5.32	 1.024	 0.00000000	 0.677	  0.735	  0.96	  0.01	  0.9880	 0.0000	 0.79620014	 0.0000	 0.33374405	 0.9536	 22.31088434	 37.43	  2.54	 4.5047	 29.7167	 
m60623c4r5.htb	  90.0	  0.03	 2.000	  3.00	 -5.00	 40.00	   0.0	 0.9550	  2.96	 0.0150	  0.31	  0.41	 1.041	 0.00008840	 0.601	  0.510	  0.96	  0.01	  0.9165	 0.0007	 0.49785854	 0.0000	 0.73624827	 0.8646	 2.65732385	 24.80	  4.27	 0.3092	 5.6319	 
m60623c4r5.htb	  90.0	  0.03	 2.000	  3.00	 -5.00	 40.00	   1.0	 0.9550	  6.29	 0.0150	  0.44	  0.41	 1.003	 0.00000000	 0.639	  0.586	  0.96	  0.01	  0.9900	 0.0000	 0.76184756	 0.0000	 0.24791135	 0.9695	 6.70404706	 58.02	  3.86	 0.4408	 5.4619	 
m60626c2r5.htb	   0.0	  0.03	 2.000	 -8.00	 -8.00	 40.00	   0.0	 0.9550	 12.58	 0.0150	  5.12	  5.47	 1.073	 0.00000000	 0.660	  0.394	  0.96	  0.01	  0.9331	 0.0004	 0.58383370	 0.0000	 1.12391227	 0.7713	 15.63319756	 100.00	  1.07	 4.9520	 10.5358	 
m60626c2r5.htb	   0.0	  0.03	 2.000	 -8.00	 -8.00	 40.00	   1.0	 0.9550	 15.19	 0.0150	  5.13	  5.47	 1.056	 0.00000000	 0.689	  0.371	  0.96	  0.01	  0.9928	 0.0000	 0.76428705	 0.0000	 0.13251793	 0.9877	 12.45271877	 34.79	  1.48	 5.0149	 18.6471	 
m60628c1r5.htb	   0.0	  0.03	 2.000	  0.00	 -8.00	 40.00	   0.0	 0.9550	 16.59	 0.0150	  5.61	  5.52	 0.996	 0.00000718	 0.532	  0.931	  0.96	  0.01	  0.9445	 0.0003	 0.38393272	 0.0000	 0.25965212	 0.9674	 22.83642719	 100.00	  1.51	 5.5655	 11.8114	 
m60628c1r5.htb	   0.0	  0.03	 2.000	  0.00	 -8.00	 40.00	   1.0	 0.9550	 15.62	 0.0150	  3.78	  5.52	 1.246	 0.00000000	 0.642	  0.609	  0.96	  0.01	  0.9872	 0.0000	 0.58130305	 0.0000	 0.09368055	 0.9926	 24.92537313	 36.54	  0.54	 0.0000	 37.8305	 
m60628c2r5.htb	   0.0	  0.03	 2.000	 -8.00	 -10.00	 40.00	   0.0	 0.9550	  6.29	 0.0150	  1.54	  1.49	 0.991	 0.00000000	 0.637	  0.429	  0.96	  0.01	  0.9630	 0.0001	 0.59715542	 0.0000	 0.70322944	 0.8724	 5.44934621	 36.03	  1.98	 1.5341	 7.6172	 
m60628c2r5.htb	   0.0	  0.03	 2.000	 -8.00	 -10.00	 40.00	   1.0	 0.9550	  6.69	 0.0150	  1.11	  1.49	 1.061	 0.00000000	 0.587	  0.552	  0.96	  0.01	  0.9751	 0.0000	 0.61963795	 0.0000	 0.21696440	 0.9748	 10.44776119	 74.98	  0.95	 0.8677	 9.6540	 
m60703c1r5.htb	   0.0	  0.03	 2.000	 10.00	  8.00	 40.00	   0.0	 0.9550	 31.38	 0.0150	  5.65	  4.88	 0.977	 0.00000000	 0.676	  0.791	  0.96	  0.01	  0.9975	 0.0000	 0.81634390	 0.0000	 0.12048638	 0.9893	 27.16314440	 20.20	  1.94	 5.4820	 68.1298	 
m60703c1r5.htb	   0.0	  0.03	 2.000	 10.00	  8.00	 40.00	   1.0	 0.9550	 31.84	 0.0150	  3.81	  4.88	 1.028	 0.00000000	 0.700	  0.775	  0.96	  0.01	  0.9922	 0.0000	 0.83666260	 0.0000	 0.47585658	 0.9242	 30.40562964	 13.17	  1.55	 2.7863	 111.3298	 
m60703c1r5.htb	   0.0	  0.03	 2.000	 10.00	  8.00	 40.00	   0.0	 0.9550	 31.38	 0.0150	  5.65	  4.88	 0.977	 0.00000000	 0.676	  0.791	  0.96	  0.01	  0.9975	 0.0000	 0.81634382	 0.0000	 0.12049235	 0.9893	 27.16300226	 20.20	  1.94	 5.4820	 68.1301	 
m60703c1r5.htb	   0.0	  0.03	 2.000	 10.00	  8.00	 40.00	   1.0	 0.9550	 31.84	 0.0150	  3.81	  4.88	 1.028	 0.00000000	 0.700	  0.775	  0.96	  0.01	  0.9922	 0.0000	 0.83666260	 0.0000	 0.47584969	 0.9242	 30.40563861	 13.17	  1.55	 2.7864	 111.3298	 
m60703c2r5.htb	   0.0	  0.03	 2.000	  8.00	 10.00	 40.00	   0.0	 0.9550	 13.15	 0.0150	  0.58	  1.14	 1.095	 0.00000000	 0.726	  0.544	  0.96	  0.01	  0.9571	 0.0001	 0.77184638	 0.0000	 1.09494436	 0.7783	 15.22075380	 21.04	  1.22	 0.0000	 35.7382	 
m60703c2r5.htb	   0.0	  0.03	 2.000	  8.00	 10.00	 40.00	   1.0	 0.9550	 12.99	 0.0150	  0.62	  1.14	 1.088	 0.00000000	 0.719	  0.544	  0.96	  0.01	  0.9692	 0.0001	 0.78335135	 0.0000	 0.74989756	 0.8614	 13.66323042	 15.47	  1.48	 0.1984	 42.8056	 
m60703c3r5.htb	   0.0	  0.03	 2.000	 -5.00	 10.00	 40.00	   0.0	 0.9550	  6.92	 0.0150	  0.19	  0.35	 1.027	 0.00000000	 0.706	  0.504	  0.96	  0.01	  0.9864	 0.0000	 0.80849706	 0.0000	 1.00628781	 0.7997	 8.61998152	 47.99	  1.87	 0.1729	 9.0092	 
m60703c3r5.htb	   0.0	  0.03	 2.000	 -5.00	 10.00	 40.00	   1.0	 0.9550	  6.13	 0.0150	  0.31	  0.35	 1.018	 0.00000000	 0.686	  0.521	  0.96	  0.01	  0.9480	 0.0002	 0.72573779	 0.0000	 1.04513925	 0.7903	 5.82594585	 20.51	  4.78	 0.3071	 15.4270	 
m60705c1r5.htb	   0.0	  0.03	 2.000	  0.00	 -10.00	 40.00	   0.0	 0.9550	 12.52	 0.0150	  2.02	  2.94	 1.129	 0.00000000	 0.613	  0.671	  0.96	  0.01	  0.9617	 0.0001	 0.58489274	 0.0000	 0.59072875	 0.8986	 13.51798991	 30.96	  1.23	 1.7000	 23.0685	 
m60705c1r5.htb	   0.0	  0.03	 2.000	  0.00	 -10.00	 40.00	   1.0	 0.9550	 14.04	 0.0150	  2.53	  2.94	 1.080	 0.00000000	 0.675	  0.542	  0.96	  0.01	  0.9923	 0.0000	 0.70465557	 0.0000	 0.12527497	 0.9886	 11.94567149	 17.11	  2.03	 2.4436	 35.4447	 
m60705c2r5.htb	   0.0	  0.03	 2.000	 -5.00	 -10.00	 40.00	   0.0	 0.9550	  7.64	 0.0150	  1.23	  1.29	 1.012	 0.00000000	 0.673	  0.430	  0.96	  0.01	  0.9963	 0.0000	 0.82964858	 0.0000	 0.24836091	 0.9694	 11.64179104	 84.19	  1.64	 1.2163	 6.9313	 
m60705c2r5.htb	   0.0	  0.03	 2.000	 -5.00	 -10.00	 40.00	   1.0	 0.9550	  6.46	 0.0150	  1.01	  1.29	 1.096	 0.00000000	 0.618	  0.481	  0.96	  0.01	  0.9760	 0.0000	 0.59380294	 0.0000	 0.27948516	 0.9638	 10.44776119	 51.42	  0.68	 0.1498	 13.8827	 
m60705c3r5.htb	   0.0	  0.03	 2.000	  5.00	 -10.00	 40.00	   0.0	 0.9550	 30.37	 0.0150	  4.39	  6.61	 1.129	 0.00000000	 0.698	  0.745	  0.96	  0.01	  0.9949	 0.0000	 0.81768228	 0.0000	 0.44812748	 0.9301	 28.15233812	 13.97	  1.56	 3.5509	 97.4883	 
m60705c3r5.htb	   0.0	  0.03	 2.000	  5.00	 -10.00	 40.00	   1.0	 0.9550	 30.09	 0.0150	  6.71	  6.61	 1.081	 0.00000001	 0.649	  0.823	  0.96	  0.01	  0.9823	 0.0000	 0.71894364	 0.0000	 1.16801119	 0.7607	 24.91867074	 11.14	  1.66	 5.8487	 108.4953	 
m60712c1r5.htb	   0.0	  0.03	 2.000	  3.00	 -5.00	 40.00	   0.0	 0.9550	 12.28	 0.0150	  4.63	  4.73	 1.024	 0.00000226	 0.543	  0.620	  0.96	  0.01	  0.9487	 0.0002	 0.40768019	 0.0000	 0.20227874	 0.9772	 15.92752487	 100.00	  1.25	 4.5445	 9.5051	 
m60712c1r5.htb	   0.0	  0.03	 2.000	  3.00	 -5.00	 40.00	   1.0	 0.9550	 13.72	 0.0150	  4.14	  4.73	 1.058	 0.00000000	 0.609	  0.562	  0.96	  0.01	  0.9724	 0.0000	 0.53810745	 0.0000	 0.42473208	 0.9351	 13.08391382	 42.78	  1.33	 3.9846	 16.5796	 
m60712c1r5.htb	   0.0	  0.03	 2.000	  3.00	 -5.00	 40.00	   0.0	 0.9550	 12.28	 0.0150	  4.63	  4.73	 1.024	 0.00000226	 0.543	  0.620	  0.96	  0.01	  0.9487	 0.0002	 0.40767996	 0.0000	 0.20227838	 0.9772	 15.92741324	 100.00	  1.25	 4.5444	 9.5052	 
m60712c1r5.htb	   0.0	  0.03	 2.000	  3.00	 -5.00	 40.00	   1.0	 0.9550	 13.72	 0.0150	  4.14	  4.73	 1.058	 0.00000000	 0.609	  0.562	  0.96	  0.01	  0.9724	 0.0000	 0.53810708	 0.0000	 0.42473665	 0.9351	 13.08514075	 42.79	  1.33	 3.9845	 16.5794	 
m60717c3r5.htb	 150.0	  0.03	 2.000	 -10.00	 -10.00	 40.00	   0.0	 0.9550	 23.16	 0.0150	  0.26	  0.30	 1.013	 0.00000000	 0.704	  0.971	  0.96	  0.01	  0.9650	 0.0001	 0.77997891	 0.0000	 0.64309358	 0.8865	 35.89552239	 60.95	  1.33	 0.0000	 32.8390	 
m60717c3r5.htb	 150.0	  0.03	 2.000	 -10.00	 -10.00	 40.00	   1.0	 0.9550	 24.68	 0.0150	  0.06	  0.30	 1.013	 0.00000000	 0.766	  0.749	  0.96	  0.01	  0.9849	 0.0000	 0.83889274	 0.0000	 1.23826988	 0.7438	 27.19428253	 31.11	  2.04	 0.0000	 44.0329	 
m60814c1r5.htb	   0.0	  0.03	 2.000	  0.00	  0.00	 40.00	   0.0	 0.9550	 13.21	 0.0150	  0.12	  0.60	 1.040	 0.00000000	 0.747	  0.606	  0.96	  0.01	  0.9836	 0.0000	 0.85441974	 0.0000	 0.59775938	 0.8969	 21.64179104	 74.49	  1.73	 0.0933	 14.3744	 
m60814c1r5.htb	   0.0	  0.03	 2.000	  0.00	  0.00	 40.00	   1.0	 0.9550	 13.59	 0.0150	  0.16	  0.60	 1.039	 0.00000000	 0.724	  0.636	  0.96	  0.01	  0.9971	 0.0000	 0.80113915	 0.0000	 0.14994235	 0.9852	 21.04477612	 66.61	  1.60	 0.1124	 16.2881	 
m60814c2r5.htb	   0.0	  0.03	 2.000	  0.00	  0.00	 40.00	   0.0	 0.9550	 24.07	 0.0150	 12.32	 13.50	 1.114	 0.00088795	 0.538	  0.690	  0.96	  0.01	  0.9116	 0.0008	 0.37985338	 0.0000	 0.39400977	 0.9415	 18.21902478	 67.58	  1.75	 12.2954	 13.4194	 
m60814c2r5.htb	   0.0	  0.03	 2.000	  0.00	  0.00	 40.00	   1.0	 0.9550	 27.79	 0.0150	 12.65	 13.50	 1.080	 0.00000014	 0.617	  0.567	  0.96	  0.01	  0.9820	 0.0000	 0.62850779	 0.0000	 0.13424251	 0.9874	 22.80709768	 65.62	  1.83	 12.6246	 17.1090	 
m60814c3r5.htb	  50.0	  0.03	 2.000	 -10.00	 10.00	 40.00	   0.0	 0.9550	  0.81	 0.0150	  0.23	  0.25	 1.042	 0.01238469	 0.417	  0.447	  0.96	  0.01	  0.7371	 0.0134	 0.16335256	 0.0005	 5.56505088	 0.1348	 0.58048081	 32.30	  7.57	 0.2256	 0.9285	 
m60814c3r5.htb	  50.0	  0.03	 2.000	 -10.00	 10.00	 40.00	   1.0	 0.9550	  0.86	 0.0150	  0.18	  0.25	 1.084	 0.00196463	 0.438	  0.457	  0.96	  0.01	  0.8222	 0.0048	 0.22568679	 0.0000	 0.26457226	 0.9665	 0.68108517	 23.08	 10.00	 0.1756	 1.6150	 
m60814c4r5.htb	  50.0	  0.03	 2.000	 -10.00	 10.00	 40.00	   0.0	 0.9550	 22.95	 0.0150	  9.26	  9.39	 1.010	 0.00000000	 0.670	  0.463	  0.96	  0.01	  0.9795	 0.0000	 0.69293755	 0.0000	 0.57281282	 0.9026	 16.63007470	 51.19	  2.47	 9.2582	 15.6565	 
m60814c4r5.htb	  50.0	  0.03	 2.000	 -10.00	 10.00	 40.00	   1.0	 0.9550	 23.31	 0.0150	  9.46	  9.39	 1.009	 0.00000000	 0.694	  0.400	  0.96	  0.01	  0.9900	 0.0000	 0.76169756	 0.0000	 0.29056123	 0.9618	 20.33768690	 51.89	  1.32	 9.2648	 21.7028	 
m60822c1r5.htb	   0.0	  0.03	 2.000	 -10.00	  0.00	 40.00	   0.0	 0.9550	 18.43	 0.0150	  0.17	  0.60	 1.024	 0.00000000	 0.788	  0.526	  0.96	  0.01	  0.9980	 0.0000	 0.93830930	 0.0000	 0.09166569	 0.9928	 20.22524328	 39.66	  2.54	 0.1639	 25.3791	 
m60822c1r5.htb	   0.0	  0.03	 2.000	 -10.00	  0.00	 40.00	   1.0	 0.9550	 18.77	 0.0150	  0.14	  0.60	 1.025	 0.00000000	 0.801	  0.499	  0.96	  0.01	  0.9999	 0.0000	 0.94909105	 0.0000	 0.02368680	 0.9990	 19.64280980	 32.10	  2.68	 0.1358	 30.8654	 
m60822c2r5.htb	 230.0	  0.03	 2.000	  0.00	 -5.00	 40.00	   0.0	 0.9550	 14.21	 0.0150	  0.24	  0.45	 1.015	 0.00000000	 0.750	  0.590	  0.96	  0.01	  0.9978	 0.0000	 0.86694905	 0.0000	 0.40140111	 0.9400	 16.37827637	 48.05	  2.56	 0.2398	 16.6276	 
m60822c2r5.htb	 230.0	  0.03	 2.000	  0.00	 -5.00	 40.00	   1.0	 0.9550	 15.70	 0.0150	  0.40	  0.45	 1.009	 0.00000000	 0.724	  0.669	  0.96	  0.01	  0.9980	 0.0000	 0.83977271	 0.0000	 0.17925684	 0.9809	 17.03965416	 38.01	  2.36	 0.3936	 22.3595	 
