FILE			 PrfOR	 PrfSF	 PrfTF	 RFXctr	 RFYctr	 RFDiam	 GrType	 MaxLoc	 MaxRsp	 MinLoc	 MinRsp	 Spont	 CMI		 AnovaP	 SFDI  	 VarTerm	 MaxX 	 MinX 	 RsqMn	 PMean	 RsqRaw	 Praw		 Chi2		 ChiP		 Rmax			 C50		 n		 Offset	 Halfmax_slope	
m70108c1r5.htb	   0.0	  0.03	 2.000	 20.00	 -15.00	 40.00	   0.0	 0.9550	 16.91	 0.0150	  5.09	  5.37	 1.106	 0.00000000	 0.647	  0.501	  0.96	  0.01	  0.9931	 0.0000	 0.66206936	 0.0000	 0.09278212	 0.9927	 22.38991427	 67.79	  0.82	 4.1490	 23.9630	 
m70110c1r5.htb	   0.0	  0.03	 2.000	 -10.00	 -5.00	 40.00	   0.0	 0.9550	  7.97	 0.0150	  5.80	  6.19	 1.221	 0.86660538	 0.160	  1.413	  0.96	  0.01	  0.6518	 0.0281	 0.01203945	 0.1969	 0.02327959	 0.9991	 2.20085181	 38.86	  4.51	 5.8032	 2.9254	 
m70110c2r5.htb	   0.0	  0.03	 2.000	 10.00	 -15.00	 40.00	   0.0	 0.9550	  4.88	 0.0150	  1.12	  1.09	 0.993	 0.00006038	 0.505	  0.716	  0.96	  0.01	  0.9068	 0.0009	 0.32689460	 0.0000	 0.47246137	 0.9249	 3.80754085	 41.32	  5.22	 1.1207	 4.6965	 
m70110c3r5.htb	  90.0	  0.03	 2.000	 10.00	 -15.00	 40.00	   0.0	 0.9550	  5.99	 0.0150	  0.58	  1.69	 1.306	 0.00000055	 0.573	  0.650	  0.96	  0.01	  0.9373	 0.0003	 0.42819909	 0.0000	 0.47283312	 0.9248	 9.92537313	 73.32	  1.00	 0.3754	 9.0642	 
m70111c1r5.htb	  90.0	  0.03	 2.000	 20.00	  5.00	 50.00	   0.0	 0.9550	  5.51	 0.0150	  4.06	  3.93	 0.915	 0.08249787	 0.376	  0.420	  0.96	  0.01	  0.5047	 0.0736	 0.07991185	 0.0177	 0.75689789	 0.8597	 1.55220852	 38.10	  2.84	 4.0645	 2.0243	 
m70112c1r5.htb	 120.0	  0.03	 2.000	  0.00	  0.00	 50.00	   0.0	 0.9550	  5.27	 0.0150	  2.95	  2.74	 0.914	 0.01159563	 0.444	  0.468	  0.96	  0.01	  0.8853	 0.0016	 0.19796506	 0.0001	 0.38669173	 0.9430	 3.21824552	 74.62	  3.84	 2.9539	 1.8295	 
m70116c1r5.htb	   0.0	  0.03	 2.000	  0.00	  0.00	 40.00	   0.0	 0.9550	  8.06	 0.0150	  2.93	  2.84	 0.982	 0.00401358	 0.367	  1.238	  0.96	  0.01	  0.8564	 0.0028	 0.11295299	 0.0000	 0.14063016	 0.9866	 5.13532631	 44.89	 10.00	 2.9276	 6.0930	 
m70117c1r5.htb	 150.0	  0.03	 2.000	 15.00	 -5.00	 40.00	   0.0	 0.9550	  5.20	 0.0150	  2.30	  2.54	 1.088	 0.05013921	 0.368	  0.776	  0.96	  0.01	  0.9352	 0.0004	 0.16472873	 0.0005	 0.10884777	 0.9908	 2.99801483	 47.44	  4.75	 2.3037	 3.1990	 
m70117c2r5.htb	  30.0	  0.03	 2.000	 20.00	 -10.00	 50.00	   0.0	 0.9550	 12.22	 0.0150	  6.22	  6.72	 1.122	 0.00000004	 0.579	  0.403	  0.96	  0.01	  0.9205	 0.0006	 0.46311526	 0.0000	 0.53357863	 0.9115	 12.64623612	 100.00	  1.01	 6.0444	 8.9263	 
m70117c3r5.htb	  60.0	  0.03	 2.000	 20.00	 -20.00	 50.00	   0.0	 0.9550	 25.04	 0.0150	 19.11	 20.04	 1.187	 0.01312122	 0.504	  0.457	  0.96	  0.01	  0.8535	 0.0030	 0.30213555	 0.0002	 0.97262680	 0.8079	 5.93862513	 19.90	  4.72	 19.1056	 15.8900	 
m70118c1r5.htb	  90.0	  0.05	 2.000	  0.00	  0.00	 40.00	   0.0	 0.9550	  1.96	 0.0150	  0.54	  1.74	 6.968	 0.09321127	 0.339	  0.872	  0.96	  0.01	  0.7374	 0.0133	 0.05694354	 0.0045	 0.16640145	 0.9828	 3.06810723	 100.00	  0.85	 0.4532	 2.4731	 
m70118c2r5.htb	   0.0	  0.05	 4.000	  0.00	  0.00	 40.00	   0.0	 0.9550	  3.83	 0.0150	  2.49	  3.23	 2.243	 0.18449208	 0.304	  0.780	  0.96	  0.01	  0.3906	 0.1335	 0.02468078	 0.0638	 0.52338654	 0.9137	 1.35354327	 36.39	  5.57	 2.4871	 1.8956	 
m70122c1r5.htb	  90.0	  0.03	 4.000	  0.00	  0.00	 100.00	   0.0	 0.9550	  7.79	 0.0150	  6.25	  5.77	 0.784	 0.50284757	 0.277	  0.507	  0.96	  0.01	  0.6289	 0.0334	 0.04949019	 0.0642	 0.36002529	 0.9484	 2.07368885	 36.49	  1.23	 6.2077	 3.0595	 
m70123c1r5.htb	   0.0	  0.03	 4.000	 -20.00	  0.00	 120.00	   0.0	 0.9550	  1.99	 0.0150	  0.35	  0.70	 1.269	 0.02024097	 0.430	  0.646	  0.96	  0.01	  0.9170	 0.0007	 0.18915016	 0.0002	 0.15438651	 0.9846	 1.64022447	 48.88	 10.00	 0.3489	 1.7790	 
m70123c2r5.htb	 180.0	  0.03	 4.000	 10.00	 -20.00	 100.00	   0.0	 0.9550	  8.93	 0.0150	  4.41	  6.72	 2.038	 0.00636137	 0.403	  0.796	  0.96	  0.01	  0.9443	 0.0003	 0.22804317	 0.0000	 0.20110548	 0.9774	 4.52905293	 26.54	  4.80	 4.4141	 9.0983	 
m70123c3r5.htb	 180.0	  0.03	 2.000	  0.00	  0.00	 120.00	   0.0	 0.9550	 15.73	 0.0150	  9.97	 11.66	 1.415	 0.00523393	 0.391	  0.747	  0.96	  0.01	  0.9351	 0.0004	 0.14803258	 0.0000	 0.08775426	 0.9933	 6.77049722	 62.17	  4.05	 9.9733	 5.1220	 
m70124c1r5.htb	   0.0	  0.03	 2.000	  0.00	  0.00	 60.00	   0.0	 0.9550	  5.18	 0.0150	  1.76	  3.28	 1.801	 0.00032638	 0.435	  0.779	  0.96	  0.01	  0.9292	 0.0005	 0.29804395	 0.0000	 0.38485510	 0.9434	 3.41637096	 37.87	 10.00	 1.7641	 4.8677	 
m70124c2r5.htb	 240.0	  0.03	 2.000	 10.00	 -20.00	 80.00	   0.0	 0.9550	  7.40	 0.0150	  3.96	  4.43	 1.159	 0.00028074	 0.478	  0.428	  0.96	  0.01	  0.9825	 0.0000	 0.31873843	 0.0000	 0.09589435	 0.9923	 3.93460038	 35.67	  1.99	 3.9548	 5.5585	 
m70124c3r5.htb	 180.0	  0.03	 2.000	 15.00	 -20.00	 60.00	   0.0	 0.9550	  8.83	 0.0150	  5.38	  6.50	 1.484	 0.00008166	 0.459	  0.470	  0.96	  0.01	  0.9318	 0.0004	 0.24962084	 0.0000	 0.17714751	 0.9812	 3.58245371	 28.57	  2.68	 5.3798	 6.3713	 
m70124c4r5.htb	 180.0	  0.03	 2.000	 10.00	 -20.00	 60.00	   0.0	 0.9550	 11.35	 0.0150	  5.80	  6.37	 1.117	 0.00020189	 0.527	  0.566	  0.96	  0.01	  0.9000	 0.0011	 0.29913774	 0.0000	 0.35840191	 0.9487	 11.52677610	 100.00	  1.53	 5.7845	 5.9184	 
m70125c1r5.htb	 270.0	  0.03	 2.000	  0.00	  0.00	 60.00	   0.0	 0.9550	  2.12	 0.0150	  0.02	  0.40	 1.218	 0.00000000	 0.567	  0.545	  0.96	  0.01	  0.9285	 0.0005	 0.37321708	 0.0000	 0.20794929	 0.9763	 2.11406337	 22.97	  3.23	 0.0239	 4.7640	 
m70125c2r5.htb	 180.0	  0.03	 2.000	  0.00	  0.00	 120.00	   0.0	 0.9550	  6.39	 0.0150	  3.30	  4.59	 1.751	 0.00000000	 0.399	  0.588	  0.96	  0.01	  0.9756	 0.0000	 0.18856333	 0.0000	 0.09152297	 0.9928	 3.35610311	 17.26	  1.62	 3.2348	 9.7110	 
m70125c3r5.htb	 180.0	  0.03	 2.000	  0.00	 -5.00	 100.00	   0.0	 0.9550	  8.80	 0.0150	  5.49	  5.62	 1.040	 0.03137413	 0.430	  0.505	  0.96	  0.01	  0.8537	 0.0029	 0.16394349	 0.0005	 0.19174169	 0.9789	 3.31294919	 52.85	 10.00	 5.4939	 3.3163	 
m70125c4r5.htb	 180.0	  0.03	 2.000	  0.00	  0.00	 100.00	   0.0	 0.9550	 27.29	 0.0150	 17.56	 19.45	 2.966	 0.00000138	 0.550	  0.467	  0.96	  0.01	  0.8384	 0.0038	 0.36831529	 0.0000	 0.96037069	 0.8108	 41.19402985	 31.87	  0.23	 4.0506	 38.5916	 
m70126c1r5.htb	 150.0	  0.03	 2.000	  0.00	  0.00	 60.00	   0.0	 0.9550	  5.34	 0.0150	  2.17	  2.04	 0.964	 0.00075991	 0.489	  0.562	  0.96	  0.01	  0.8534	 0.0030	 0.25561757	 0.0000	 0.39445516	 0.9414	 6.59595300	 100.00	  1.52	 2.1574	 3.3986	 
m70126c2r5.htb	   0.0	  0.03	 2.000	 20.00	 -10.00	 60.00	   0.0	 0.9550	 21.84	 0.0150	 11.01	 10.95	 0.999	 0.00000000	 0.592	  0.525	  0.96	  0.01	  0.9798	 0.0000	 0.54156575	 0.0000	 0.16945121	 0.9824	 11.36767846	 20.88	  2.05	 10.9535	 27.6203	 
m70126c3r5.htb	   0.0	  0.03	 2.000	 10.00	 -15.00	 60.00	   0.0	 0.9550	 14.21	 0.0150	  8.79	 11.47	 2.179	 0.00000038	 0.442	  0.514	  0.96	  0.01	  0.9555	 0.0001	 0.24728412	 0.0000	 0.08373324	 0.9937	 11.15424591	 78.71	  0.74	 8.2334	 11.4169	 
m70126c4r5.htb	   0.0	  0.03	 4.000	 10.00	 -10.00	 60.00	   0.0	 0.9550	  8.96	 0.0150	  3.92	  3.98	 1.013	 0.00000000	 0.588	  0.370	  0.96	  0.01	  0.9884	 0.0000	 0.61672956	 0.0000	 0.10347577	 0.9914	 5.07619869	 15.91	  2.92	 3.9147	 16.6776	 
m70126c5r5.htb	   0.0	  0.03	 4.000	 10.00	 -10.00	 60.00	   0.0	 0.9550	  6.09	 0.0150	  1.46	  1.54	 1.018	 0.00000001	 0.560	  0.546	  0.96	  0.01	  0.9641	 0.0001	 0.51603446	 0.0000	 0.33840207	 0.9527	 4.63665009	 13.59	  3.30	 1.4585	 18.2910	 
m70129c1r5.htb	 150.0	  0.03	 2.000	  0.00	 -10.00	 60.00	   0.0	 0.9550	  9.77	 0.0150	  3.14	  2.79	 0.971	 0.00000000	 0.599	  0.469	  0.96	  0.01	  0.9914	 0.0000	 0.56705505	 0.0000	 0.06383927	 0.9958	 11.12027348	 64.45	  1.14	 2.9874	 10.4643	 
m70131c1r5.htb	   0.0	  0.03	 2.000	 10.00	 -10.00	 50.00	   0.0	 0.9550	 10.47	 0.0150	  3.35	  5.97	 1.586	 0.00000000	 0.435	  1.019	  0.96	  0.01	  0.9790	 0.0000	 0.30331580	 0.0000	 0.13714115	 0.9870	 7.16027710	 12.83	  2.76	 3.3346	 29.3298	 
m70131c2r5.htb	 360.0	  0.03	 2.000	 15.00	 -10.00	 60.00	   0.0	 0.9550	 10.58	 0.0150	  4.99	  4.53	 0.924	 0.00003810	 0.509	  0.547	  0.96	  0.01	  0.9676	 0.0001	 0.35879849	 0.0000	 0.12787135	 0.9883	 9.99456560	 84.98	  2.05	 4.9906	 5.3039	 
m70131c2r5.htb	 360.0	  0.03	 2.000	 15.00	 -10.00	 60.00	   0.0	 0.9550	 10.58	 0.0150	  4.99	  4.53	 0.924	 0.00003810	 0.509	  0.547	  0.96	  0.01	  0.9676	 0.0001	 0.35879804	 0.0000	 0.12787403	 0.9883	 9.99222871	 84.95	  2.05	 4.9906	 5.3043	 
m70201c1r5.htb	 180.0	  0.03	 2.000	  0.00	  0.00	 80.00	   0.0	 0.9550	  6.70	 0.0150	  4.22	  5.92	 3.192	 0.00090270	 0.486	  0.465	  0.96	  0.01	  0.6762	 0.0232	 0.19952804	 0.0001	 1.65872980	 0.6461	 2.47438542	 23.85	 10.00	 4.2213	 5.8491	 
m70201c2r5.htb	 360.0	  0.03	 2.000	 10.00	 -15.00	 50.00	   0.0	 0.9550	 18.20	 0.0150	  9.80	 10.30	 1.086	 0.00000530	 0.534	  0.541	  0.96	  0.01	  0.8913	 0.0014	 0.36781959	 0.0000	 0.38266164	 0.9438	 17.58657501	 100.00	  1.09	 9.6221	 11.7518	 
m70201c3r5.htb	 320.0	  0.03	 2.000	 10.00	 -20.00	 60.00	   0.0	 0.9550	  1.81	 0.0150	  0.69	  0.75	 1.050	 0.03150852	 0.358	  0.517	  0.96	  0.01	  0.9647	 0.0001	 0.18511631	 0.0002	 0.01881810	 0.9993	 1.12230846	 19.89	  4.33	 0.6927	 2.9890	 
m70202c1r5.htb	   0.0	  0.03	 2.000	  0.00	 -15.00	 60.00	   0.0	 0.9550	  4.53	 0.0150	  1.10	  2.09	 1.422	 0.00002126	 0.525	  0.535	  0.96	  0.01	  0.9817	 0.0000	 0.37657028	 0.0000	 0.22294723	 0.9738	 4.16924742	 32.40	  1.48	 1.0596	 6.6665	 
m70202c2r5.htb	   0.0	  0.03	 2.000	 20.00	 -20.00	 60.00	   0.0	 0.9550	 27.68	 0.0150	  9.93	  8.21	 0.912	 0.00000000	 0.705	  0.510	  0.96	  0.01	  0.9808	 0.0000	 0.79339245	 0.0000	 0.53084269	 0.9121	 18.07018610	 23.29	  2.86	 9.9224	 39.7638	 
m70202c3r5.htb	   0.0	  0.03	 2.000	 10.00	 -10.00	 60.00	   0.0	 0.9550	  9.98	 0.0150	  7.41	  7.81	 1.184	 0.00712913	 0.449	  0.456	  0.96	  0.01	  0.7242	 0.0152	 0.17247593	 0.0004	 0.62797043	 0.8900	 2.57080882	 29.95	 10.00	 7.4108	 4.6722	 
m70202c4r5.htb	  60.0	  0.03	 2.000	 20.00	 -25.00	 50.00	   0.0	 0.9550	 25.64	 0.0150	  5.28	  5.37	 1.013	 0.00000000	 0.641	  0.857	  0.96	  0.01	  0.9769	 0.0000	 0.59328261	 0.0000	 0.40804967	 0.9386	 40.22388060	 92.68	  1.34	 5.1183	 24.4963	 
m70202c5r5.htb	   0.0	  0.03	 2.000	 20.00	 -20.00	 60.00	   0.0	 0.9550	 26.01	 0.0150	  8.43	 11.51	 1.213	 0.00000097	 0.483	  1.423	  0.96	  0.01	  0.9770	 0.0000	 0.58571924	 0.0000	 0.44818326	 0.9301	 17.57792061	 26.03	 10.00	 8.4331	 36.8191	 
m70205c1r5.htb	   0.0	  0.03	 2.000	 10.00	 -10.00	 60.00	   0.0	 0.9550	 17.27	 0.0150	  7.98	  9.40	 2.195	 0.00000120	 0.541	  0.557	  0.96	  0.01	  0.9504	 0.0002	 0.42009041	 0.0000	 0.50135536	 0.9186	 24.37019284	  9.62	  0.39	 0.0000	 40.2012	 
m70205c2r5.htb	  90.0	  0.03	 2.000	  0.00	  0.00	 60.00	   0.0	 0.9550	  7.91	 0.0150	  5.96	  6.72	 1.667	 0.39879459	 0.331	  0.470	  0.96	  0.01	  0.8780	 0.0018	 0.08018644	 0.0175	 0.07140893	 0.9950	 4.07056806	 100.00	  1.09	 5.9227	 2.7139	 
m70205c3r5.htb	 180.0	  0.03	 2.000	 -5.00	 -10.00	 60.00	   0.0	 0.9550	  6.58	 0.0150	  4.17	  2.69	 0.620	 0.01962015	 0.397	  0.500	  0.96	  0.01	  0.8815	 0.0017	 0.18269165	 0.0002	 0.57095339	 0.9030	 2.41763492	 46.82	 10.00	 4.1656	 2.7573	 
m70207c1r5.htb	 360.0	  0.03	 2.000	 -10.00	 -10.00	 100.00	   0.0	 0.9550	 10.08	 0.0150	  7.20	  6.32	 0.874	 0.01471709	 0.394	  0.375	  0.96	  0.01	  0.8515	 0.0031	 0.18417832	 0.0002	 0.17407160	 0.9817	 5.18721646	 44.80	  0.72	 6.7908	 7.3475	 
m70207c2r5.htb	 300.0	  0.03	 2.000	  0.00	 -20.00	 60.00	   0.0	 0.9550	 12.42	 0.0150	  7.45	  7.51	 1.013	 0.01174775	 0.472	  0.613	  0.96	  0.01	  0.7839	 0.0080	 0.17497130	 0.0003	 0.74241140	 0.8632	 5.73142988	 41.79	  2.26	 7.4502	 6.7911	 
m70208c1r5.htb	 360.0	  0.03	 2.000	  0.00	  0.00	 100.00	   0.0	 0.9550	  3.01	 0.0150	  1.24	  1.99	 1.739	 0.13595119	 0.356	  0.726	  0.96	  0.01	  0.8467	 0.0033	 0.11792738	 0.0036	 0.14204677	 0.9864	 1.77158594	 27.46	 10.00	 1.2375	 3.3036	 
m70208c2r5.htb	 300.0	  0.03	 2.000	  0.00	 -15.00	 60.00	   0.0	 0.9550	  9.66	 0.0150	  2.32	  2.14	 1.042	 0.00000000	 0.608	  0.577	  0.96	  0.01	  0.9287	 0.0005	 0.51885291	 0.0000	 0.61319002	 0.8934	 15.99074878	 100.00	  0.82	 1.8199	 13.2814	 
m70208c3r5.htb	 300.0	  0.03	 2.000	  0.00	 -20.00	 60.00	   0.0	 0.9550	 10.23	 0.0150	  3.59	  4.73	 1.211	 0.00000093	 0.553	  0.606	  0.96	  0.01	  0.9054	 0.0010	 0.40450754	 0.0000	 0.42005541	 0.9361	 9.07298838	 52.35	  1.70	 3.5645	 8.8355	 
m70208c4r5.htb	 180.0	  0.03	 2.000	 -10.00	 -15.00	 50.00	   0.0	 0.9550	 15.41	 0.0150	  8.26	  9.25	 1.216	 0.02708719	 0.425	  0.787	  0.96	  0.01	  0.9220	 0.0006	 0.18150745	 0.0002	 0.15483947	 0.9845	 15.29582858	 100.00	  0.90	 7.9249	 11.7721	 
m70208c5r5.htb	   0.0	  0.03	 2.000	  0.00	 -10.00	 60.00	   0.0	 0.9550	 19.72	 0.0150	 10.27	  9.55	 1.305	 0.00000007	 0.564	  0.478	  0.96	  0.01	  0.9106	 0.0008	 0.44986726	 0.0000	 0.43097230	 0.9338	 21.50654476	 35.58	  0.48	 6.4472	 31.9808	 
m70209c1r5.htb	  90.0	  0.03	 2.000	 -5.00	 -15.00	 60.00	   0.0	 0.9550	  8.80	 0.0150	  3.75	  2.89	 0.884	 0.00052713	 0.481	  0.618	  0.96	  0.01	  0.9343	 0.0004	 0.28854739	 0.0000	 0.12244258	 0.9890	 7.61876610	 46.64	  1.09	 3.5706	 9.5046	 
m70209c2r5.htb	 100.0	  0.05	 2.000	 -5.00	 -15.00	 50.00	   0.0	 0.9550	 12.95	 0.0150	  8.23	  9.90	 1.548	 0.05792045	 0.372	  0.811	  0.96	  0.01	  0.9034	 0.0010	 0.15456534	 0.0008	 0.14307846	 0.9862	 4.71710796	 21.81	 10.00	 8.2315	 12.3662	 
m70212c1r5.htb	  60.0	  0.03	 2.000	 10.00	 -25.00	 60.00	   0.0	 0.9550	 10.78	 0.0150	  4.36	  4.93	 1.264	 0.00010085	 0.528	  0.600	  0.96	  0.01	  0.9628	 0.0001	 0.33576640	 0.0000	 0.12879370	 0.9882	 15.00940653	 100.00	  0.63	 3.3802	 14.6402	 
m70212c2r5.htb	   0.0	  0.03	 2.000	 10.00	 -20.00	 40.00	   0.0	 0.9550	  4.54	 0.0150	  1.85	  2.19	 1.145	 0.00000015	 0.545	  0.361	  0.96	  0.01	  0.9740	 0.0000	 0.46718835	 0.0000	 0.22206680	 0.9740	 2.74572766	 21.25	  2.54	 1.8488	 6.6174	 
m70212c3r5.htb	  50.0	  0.03	 2.000	 10.00	 -30.00	 60.00	   0.0	 0.9550	 15.13	 0.0150	  2.90	  3.88	 1.088	 0.00000000	 0.674	  0.594	  0.96	  0.01	  0.9821	 0.0000	 0.71649542	 0.0000	 0.39827029	 0.9406	 12.56271518	 26.18	  2.81	 2.8910	 24.5486	 
m70212c4r5.htb	   0.0	  0.03	 2.000	  0.00	 -30.00	 60.00	   0.0	 0.9550	  1.78	 0.0150	  0.81	  1.14	 1.551	 0.01864551	 0.443	  0.378	  0.96	  0.01	  0.7528	 0.0114	 0.15724136	 0.0007	 0.60744291	 0.8947	 1.23393941	 36.36	  1.41	 0.7950	 1.7799	 
m70213c1r5.htb	 270.0	  0.03	 2.000	 -5.00	 -15.00	 40.00	   0.0	 0.9550	  3.69	 0.0150	  0.01	  0.00	 0.996	 0.00000000	 0.695	  0.423	  0.96	  0.01	  0.9681	 0.0001	 0.71060365	 0.0000	 0.51151975	 0.9164	 3.86329580	 35.82	  3.07	 0.0131	 5.4435	 
m70216c1r5.htb	   0.0	  0.03	 4.000	  0.00	 -15.00	 60.00	   0.0	 0.9550	  5.73	 0.0150	  2.61	  2.44	 0.946	 0.04925634	 0.395	  0.802	  0.96	  0.01	  0.6747	 0.0235	 0.11925372	 0.0034	 0.23804548	 0.9712	 3.38435292	 41.96	  2.97	 2.6140	 4.0073	 
m70219c1r5.htb	   0.0	  0.03	 2.000	  0.00	  0.00	 120.00	   0.0	 0.9550	  9.50	 0.0150	  0.02	  0.55	 1.059	 0.00000000	 0.722	  0.604	  0.96	  0.01	  0.9891	 0.0000	 0.79661136	 0.0000	 0.16422684	 0.9212	 15.00000000	 83.12	  3.90	 0.0164	 7.0580	 
m70221c1r5.htb	 180.0	  0.03	 2.000	 -5.00	 -15.00	 70.00	   0.0	 0.9550	  2.76	 0.0150	  0.73	  0.95	 1.116	 0.00375167	 0.428	  0.624	  0.96	  0.01	  0.8997	 0.0011	 0.23088485	 0.0000	 0.25466789	 0.9683	 2.06182657	 40.83	  4.90	 0.7335	 2.6146	 
m70221c2r5.htb	 180.0	  0.03	 2.000	  0.00	  0.00	 100.00	   0.0	 0.9550	  5.32	 0.0150	  2.92	  3.43	 1.274	 0.26444617	 0.328	  0.682	  0.96	  0.01	  0.9528	 0.0002	 0.10591854	 0.0060	 0.01104490	 0.9997	 2.40746564	 48.33	 10.00	 2.9157	 2.5526	 
m70222c1r5.htb	   0.0	  0.03	 2.000	  0.00	  0.00	 100.00	   0.0	 0.9550	  6.19	 0.0150	  1.54	  2.14	 1.258	 0.00008597	 0.487	  0.741	  0.96	  0.01	  0.9223	 0.0006	 0.32505509	 0.0000	 0.52000629	 0.9145	 10.37313433	 100.00	  0.74	 1.0947	 9.1514	 
m70222c2r5.htb	 300.0	  0.03	 2.000	  0.00	  0.00	 100.00	   0.0	 0.9550	  3.14	 0.0150	  1.53	  1.99	 2.731	 0.01487375	 0.351	  0.502	  0.96	  0.01	  0.9529	 0.0002	 0.10525732	 0.0001	 0.01560988	 0.9995	 3.21233642	  1.67	  0.93	 0.0000	 17.8115	 
m70222c3r5.htb	 180.0	  0.03	 2.000	  0.00	 -10.00	 100.00	   0.0	 0.9550	 11.90	 0.0150	  8.35	  7.91	 0.890	 0.08514555	 0.402	  0.521	  0.96	  0.01	  0.8520	 0.0030	 0.13390889	 0.0018	 0.18587048	 0.9798	 7.44791900	 100.00	  2.09	 8.3506	 3.1208	 
m70222c4r5.htb	  50.0	  0.03	 2.000	  0.00	 -25.00	 60.00	   0.0	 0.9550	  4.96	 0.0150	  2.07	  2.09	 1.006	 0.00122540	 0.455	  0.543	  0.96	  0.01	  0.8757	 0.0019	 0.25142613	 0.0000	 0.28787746	 0.9623	 3.43841365	 43.35	  2.09	 2.0714	 3.9393	 
m70223c1r5.htb	   0.0	  0.03	 2.000	 10.00	 10.00	 50.00	   0.0	 0.9550	  6.47	 0.0150	  1.91	  1.54	 1.313	 0.00000036	 0.554	  0.565	  0.96	  0.01	  0.6613	 0.0261	 0.30700677	 0.0000	 2.21349607	 0.5293	 7.00451374	  4.87	  0.84	 0.0000	 29.9441	 
m70223c2r5.htb	   0.0	  0.05	 2.000	  0.00	  0.00	 100.00	   0.0	 0.9550	  5.22	 0.0150	  2.41	  3.08	 1.324	 0.07559604	 0.411	  0.683	  0.96	  0.01	  0.6866	 0.0212	 0.11091500	 0.0048	 0.42264467	 0.9355	 2.82646880	  2.92	  8.13	 2.3929	 76.2969	 
m70223c3r5.htb	   0.0	  0.05	 2.000	  0.00	  0.00	 100.00	   0.0	 0.9550	  8.91	 0.0150	  5.37	  5.42	 1.015	 0.38193145	 0.354	  0.746	  0.96	  0.01	  0.8463	 0.0033	 0.07917089	 0.0183	 0.11092213	 0.9905	 3.58350354	 61.34	 10.00	 5.3712	 2.9757	 
m70226c1r5.htb	 270.0	  0.03	 2.000	 -5.00	 -5.00	 70.00	   0.0	 0.9550	  2.15	 0.0150	  0.97	  1.49	 1.797	 0.05213504	 0.344	  0.522	  0.96	  0.01	  0.9345	 0.0004	 0.16333246	 0.0005	 0.08362434	 0.9937	 1.18445603	  7.04	 10.00	 0.9671	 11.0268	 
m70226c2r5.htb	 180.0	  0.03	 2.000	 20.00	 -5.00	 60.00	   0.0	 0.9550	  5.98	 0.0150	  4.35	  4.45	 1.067	 0.01240916	 0.333	  0.476	  0.96	  0.01	  0.9125	 0.0008	 0.10358306	 0.0001	 0.11760518	 0.9896	 1.64732092	 25.33	  3.67	 4.3500	 3.3357	 
m70226c3r5.htb	 180.0	  0.03	 2.000	  0.00	 -10.00	 60.00	   0.0	 0.9550	  6.89	 0.0150	  4.14	  6.57	 8.577	 0.00591491	 0.413	  0.521	  0.96	  0.01	  0.8909	 0.0014	 0.21705083	 0.0000	 0.19331349	 0.9787	 2.75160004	 21.05	 10.00	 4.1364	 7.2370	 
m70306c1r5.htb	   0.0	  0.03	 2.000	 -10.00	 -10.00	 60.00	   0.0	 0.9550	  3.75	 0.0150	  2.36	  2.65	 1.269	 0.00846034	 0.337	  0.489	  0.96	  0.01	  0.9380	 0.0003	 0.09412219	 0.0001	 0.06246682	 0.9959	 1.59010118	 50.99	  3.13	 2.3577	 1.5044	 
m70306c2r5.htb	 240.0	  0.03	 2.000	  0.00	  0.00	 100.00	   0.0	 0.9550	 11.53	 0.0150	  2.00	  3.13	 1.159	 0.00000000	 0.647	  0.567	  0.96	  0.01	  0.9388	 0.0003	 0.63710569	 0.0000	 0.98068953	 0.8059	 17.38805970	 77.06	  1.12	 1.7957	 14.1490	 
m70306c3r5.htb	  90.0	  0.03	 2.000	 20.00	 10.00	 60.00	   0.0	 0.9550	 19.27	 0.0150	  5.63	  5.47	 0.989	 0.00000000	 0.587	  0.769	  0.96	  0.01	  0.9944	 0.0000	 0.61764079	 0.0000	 0.10127251	 0.9917	 15.59917276	 42.78	  2.42	 5.6254	 18.0622	 
m70308c1r5.htb	   0.0	  0.03	 2.000	 20.00	 -10.00	 60.00	   0.0	 0.9550	  9.22	 0.0150	  0.68	  1.24	 1.071	 0.00000000	 0.598	  0.808	  0.96	  0.01	  0.9854	 0.0000	 0.69201577	 0.0000	 0.22382773	 0.9737	 9.11874975	 38.54	  2.97	 0.6808	 11.8200	 
m70308c2r5.htb	   0.0	  0.03	 2.000	 -5.00	 -5.00	 50.00	   0.0	 0.9550	 10.09	 0.0150	  4.06	  3.78	 0.957	 0.00012878	 0.473	  0.703	  0.96	  0.01	  0.9889	 0.0000	 0.33925321	 0.0000	 0.05095713	 0.9970	 7.47721420	 48.48	  2.11	 4.0541	 7.5819	 
m70308c3r5.htb	   0.0	  0.03	 2.000	 10.00	 -10.00	 50.00	   0.0	 0.9550	 12.61	 0.0150	  3.10	  2.44	 0.942	 0.00000000	 0.662	  0.462	  0.96	  0.01	  0.9928	 0.0000	 0.72741463	 0.0000	 0.09273664	 0.9927	 14.06914091	 56.75	  1.46	 3.0300	 13.2717	 
m70309c1r5.htb	   0.0	  0.03	 2.000	  0.00	 -10.00	 50.00	   0.0	 0.9550	  4.05	 0.0150	  0.69	  1.64	 1.405	 0.00000013	 0.546	  0.521	  0.96	  0.01	  0.9860	 0.0000	 0.47546342	 0.0000	 0.07181019	 0.9950	 4.07680459	 36.15	  1.62	 0.6696	 5.8022	 
m70309c2r5.htb	   0.0	  0.03	 2.000	  0.00	 -5.00	 50.00	   0.0	 0.9550	 29.56	 0.0150	  5.87	  5.52	 0.988	 0.00000000	 0.698	  0.682	  0.96	  0.01	  0.9936	 0.0000	 0.82016986	 0.0000	 0.28150070	 0.9635	 28.33071009	 39.21	  1.85	 5.8046	 36.5141	 
m70309c3r5.htb	   0.0	  0.03	 2.000	  5.00	  0.00	 50.00	   0.0	 0.9550	 23.51	 0.0150	  7.99	  8.06	 1.006	 0.00000000	 0.609	  0.660	  0.96	  0.01	  0.9890	 0.0000	 0.60281561	 0.0000	 0.09353554	 0.9926	 19.29632111	 45.96	  1.94	 7.9679	 21.0005	 
m70312c1r5.htb	   0.0	  0.03	 2.000	 -5.00	  0.00	 70.00	   0.0	 0.9550	  4.27	 0.0150	  0.21	  1.54	 1.490	 0.00000002	 0.553	  0.716	  0.96	  0.01	  0.9688	 0.0001	 0.49930294	 0.0000	 0.22262799	 0.9739	 4.06320027	 18.48	  4.39	 0.2064	 11.3134	 
m70313c1r5.htb	  60.0	  0.03	 2.000	  0.00	  0.00	 100.00	   0.0	 0.9550	  2.21	 0.0150	  1.21	  1.64	 1.762	 0.21039879	 0.302	  0.631	  0.96	  0.01	  0.6310	 0.0329	 0.03806126	 0.0209	 0.15791452	 0.9841	 1.03409179	 68.27	 10.00	 1.2096	 0.7732	 
m70313c2r5.htb	  60.0	  0.03	 2.000	 10.00	  5.00	 50.00	   0.0	 0.9550	 26.46	 0.0150	 16.53	 18.11	 1.199	 0.01291561	 0.432	  0.831	  0.96	  0.01	  0.9044	 0.0010	 0.19926418	 0.0001	 0.14989165	 0.9852	 20.65698980	 100.00	  1.32	 16.4477	 11.7944	 
m70410c1r5.htb	   0.0	  0.03	 2.000	 10.00	 -20.00	 40.00	   0.0	 0.9550	  8.32	 0.0150	  1.51	  2.45	 1.164	 0.00013187	 0.420	  1.191	  0.96	  0.01	  0.9633	 0.0001	 0.24694521	 0.0000	 0.06340615	 0.9958	 8.00053956	 38.52	  1.94	 1.4921	 10.4437	 
m70410c2r5.htb	   0.0	  0.03	 2.000	  5.00	 -20.00	 40.00	   0.0	 0.9550	 22.45	 0.0150	  7.69	  8.56	 1.063	 0.00000000	 0.603	  0.719	  0.96	  0.01	  0.9485	 0.0002	 0.60301659	 0.0000	 0.51666177	 0.9152	 15.77021711	 32.21	  2.48	 7.6824	 24.7116	 
m70410c3r5.htb	   0.0	  0.03	 2.000	  0.00	  0.00	 100.00	   0.0	 0.9550	  4.74	 0.0150	  1.66	  0.85	 0.805	 0.56916266	 0.350	  1.018	  0.96	  0.01	  0.8392	 0.0037	 0.08911400	 0.0393	 0.06398111	 0.9958	 6.42904305	 100.00	  1.17	 1.6126	 4.0607	 
m70411c1r5.htb	   0.0	  0.03	 2.000	  0.00	  0.00	 100.00	   0.0	 0.9550	  5.50	 0.0150	  2.18	  1.74	 0.882	 0.00013758	 0.470	  0.560	  0.96	  0.01	  0.8994	 0.0011	 0.30716107	 0.0000	 0.38746712	 0.9428	 3.31753017	 48.93	 10.00	 2.1848	 3.5810	 
m70411c2r5.htb	 180.0	  0.03	 4.000	  5.00	  0.00	 100.00	   0.0	 0.9550	  0.60	 0.0150	  0.12	  0.40	 2.382	 0.44096051	 0.284	  0.602	  0.96	  0.01	  0.7764	 0.0088	 0.03289436	 0.0320	 0.02864536	 0.9987	 1.02200288	 100.00	  3.33	 0.1242	 0.3473	 
m70412c1r5.htb	   0.0	  0.03	 2.000	  0.00	  0.00	 50.00	   0.0	 0.9550	  2.04	 0.0150	  0.03	  0.04	 1.008	 0.00000000	 0.651	  0.366	  0.96	  0.01	  0.9876	 0.0000	 0.72777906	 0.0000	 0.78705843	 0.8526	 2.01158151	 39.00	 10.00	 0.0264	 2.7428	 
m70412c2r5.htb	  90.0	  0.03	 2.000	 -15.00	  0.00	 60.00	   0.0	 0.9550	  4.58	 0.0150	  2.96	  4.08	 3.239	 0.00323390	 0.322	  0.524	  0.96	  0.01	  0.9636	 0.0001	 0.13038314	 0.0000	 0.02408431	 0.9990	 1.62341347	 20.80	  9.70	 2.9574	 4.4806	 
m70412c3r5.htb	 180.0	  0.03	 2.000	  0.00	  0.00	 40.00	   0.0	 0.9550	  5.41	 0.0150	  2.91	  3.03	 1.055	 0.00262584	 0.453	  0.527	  0.96	  0.01	  0.8496	 0.0032	 0.22648837	 0.0000	 0.57147867	 0.9029	 2.56777581	 25.25	  2.71	 2.9055	 5.1981	 
m70417c1r5.htb	 270.0	  0.03	 2.000	  0.00	 -15.00	 50.00	   0.0	 0.9550	  7.72	 0.0150	  0.93	  1.14	 1.032	 0.00000000	 0.630	  0.554	  0.96	  0.01	  0.9969	 0.0000	 0.77750823	 0.0000	 0.04450482	 0.9975	 7.19775524	 43.95	  3.62	 0.9346	 8.2143	 
m70417c2r5.htb	   0.0	  0.03	 2.000	 10.00	 -15.00	 50.00	   0.0	 0.9550	 29.21	 0.0150	  9.37	  8.96	 0.993	 0.00000000	 0.604	  0.791	  0.96	  0.01	  0.9886	 0.0000	 0.60864436	 0.0000	 0.29731511	 0.9605	 24.77589188	 34.61	  1.44	 9.1050	 37.3720	 
m70417c3r5.htb	   0.0	  0.03	 8.000	  0.00	  0.00	 100.00	   0.0	 0.9550	  3.44	 0.0150	  0.75	  1.64	 1.913	 0.07214959	 0.378	  0.882	  0.96	  0.01	  0.8045	 0.0062	 0.13131771	 0.0021	 0.25746984	 0.9678	 4.57593678	 17.81	  0.66	 0.0000	 9.8923	 
m70418c1r5.htb	  64.0	  0.03	 4.000	  0.00	 -20.00	 60.00	   0.0	 0.9550	 10.58	 0.0150	  0.77	  1.89	 1.134	 0.00000000	 0.650	  0.667	  0.96	  0.01	  0.9985	 0.0000	 0.77956193	 0.0000	 0.04302576	 0.9977	 15.97014925	 70.01	  1.54	 0.7229	 11.9405	 
m70418c2r5.htb	   0.0	  0.03	 4.000	 10.00	 -10.00	 50.00	   0.0	 0.9550	 16.23	 0.0150	  2.78	  2.94	 1.025	 0.00000000	 0.691	  0.556	  0.96	  0.01	  0.9755	 0.0000	 0.77222171	 0.0000	 0.57889966	 0.9012	 14.48522729	 19.15	  1.72	 2.6021	 38.0499	 
m70418c3r5.htb	  60.0	  0.03	 4.000	  0.00	  0.00	 100.00	   0.0	 0.9550	 19.49	 0.0150	  1.32	  2.59	 1.153	 0.00000000	 0.721	  0.687	  0.96	  0.01	  0.9877	 0.0000	 0.78281190	 0.0000	 0.25743598	 0.9678	 30.59701493	 50.43	  0.88	 0.0000	 38.6184	 
m70419c1r5.htb	  90.0	  0.03	 4.000	  0.00	 -10.00	 50.00	   0.0	 0.9550	 19.75	 0.0150	  1.18	  2.49	 1.076	 0.00000000	 0.624	  1.088	  0.96	  0.01	  0.9869	 0.0000	 0.69550830	 0.0000	 0.19134254	 0.9790	 18.85010983	 28.75	  3.49	 1.1800	 33.9554	 
m70419c2r5.htb	   0.0	  0.03	 4.000	  0.00	  0.00	 40.00	   0.0	 0.9550	 33.34	 0.0150	 12.98	 10.85	 0.905	 0.00000000	 0.666	  0.583	  0.96	  0.01	  0.9962	 0.0000	 0.81533733	 0.0000	 0.16972613	 0.9823	 20.35784832	 18.45	  5.74	 12.9836	 57.0324	 
m70419c4r5.htb	   0.0	  0.03	 4.000	 10.00	 -20.00	 50.00	   0.0	 0.9550	 10.45	 0.0150	  1.88	  3.13	 1.181	 0.00000000	 0.683	  0.446	  0.96	  0.01	  0.9926	 0.0000	 0.79799217	 0.0000	 0.16614934	 0.9829	 12.65611346	 55.76	  1.43	 1.8077	 12.2470	 
