FILE			 PrfOR	 PrfSF	 PrfTF	 RFXctr	 RFYctr	 RFDiam	 GrType	 MaxLoc	 MaxRsp	 MinLoc	 MinRsp	 Spont	 CMI		 AnovaP	 SFDI  	 VarTerm	 MaxX 	 MinX 	 RsqMn	 PMean	 RsqRaw	 Praw		 Chi2		 ChiP		 Rmax			 C50		 n		 Offset	 Halfmax_slope	
m60831c2r5.htb	 180.0	  0.03	 2.000	  5.00	 -10.00	 40.00	   0.0	 0.9550	 34.21	 0.0150	 16.77	 16.52	 0.986	 0.00000000	 0.632	  0.546	  0.96	  0.01	  0.9938	 0.0000	 0.68615168	 0.0000	 0.08960655	 0.9931	 18.05523970	 26.13	  2.59	 16.7637	 34.9185	 
m60831c2r5.htb	 180.0	  0.03	 2.000	  5.00	 -10.00	 40.00	   1.0	 0.9550	 32.65	 0.0150	 15.01	 16.52	 1.035	 0.00278530	 0.517	  1.027	  0.96	  0.01	  0.8816	 0.0017	 0.23358926	 0.0000	 4.17485926	 0.2432	 17.64340378	  9.58	  5.33	 15.0066	 109.4136	 
m60831c3r5.htb	 180.0	  0.03	 2.000	  0.00	  0.00	 40.00	   0.0	 0.9550	 38.86	 0.0150	 13.72	 14.33	 1.047	 0.00000000	 0.647	  0.666	  0.96	  0.01	  0.9745	 0.0000	 0.72354334	 0.0000	 0.61189899	 0.8937	 31.24926876	 30.66	  1.34	 13.1869	 53.1420	 
m60831c3r5.htb	 180.0	  0.03	 2.000	  0.00	  0.00	 40.00	   1.0	 0.9550	 38.24	 0.0150	 11.81	 14.33	 1.083	 0.00000000	 0.689	  0.626	  0.96	  0.01	  0.9956	 0.0000	 0.79369161	 0.0000	 0.11058222	 0.9905	 27.08888496	 10.90	  2.12	 11.4172	 126.5494	 
m60901c1r5.htb	 180.0	  0.03	 2.000	 -10.00	  0.00	 40.00	   0.0	 0.9550	  2.93	 0.0150	  0.01	  0.20	 1.069	 0.00000000	 0.702	  0.363	  0.96	  0.01	  0.9846	 0.0000	 0.66880021	 0.0000	 0.34009403	    NaN	 2.91902182	 48.31	 10.00	 0.0098	 3.1004	 
m60901c1r5.htb	 180.0	  0.03	 2.000	 -10.00	  0.00	 40.00	   1.0	 0.9550	  3.34	 0.0150	  0.00	  0.20	 1.066	 0.00000000	 0.663	  0.467	  0.96	  0.01	  0.9789	 0.0000	 0.61962606	 0.0000	 0.10584631	    NaN	 4.28186118	 62.46	  2.96	 0.0021	 3.1744	 
m60901c2r5.htb	 180.0	  0.03	 2.000	  5.00	  0.00	 40.00	   0.0	 0.9550	 19.65	 0.0150	  0.09	  0.50	 1.023	 0.00000000	 0.768	  0.648	  0.96	  0.01	  0.9964	 0.0000	 0.89189929	 0.0000	 0.62181535	 0.8914	 23.73721664	 45.06	  2.07	 0.0642	 26.1465	 
m60901c2r5.htb	 180.0	  0.03	 2.000	  5.00	  0.00	 40.00	   1.0	 0.9550	 22.58	 0.0150	  0.38	  0.50	 1.013	 0.00000000	 0.738	  0.766	  0.96	  0.01	  0.9913	 0.0000	 0.90175213	 0.0000	 0.43529457	 0.9329	 22.39350829	 29.16	  3.98	 0.3843	 39.4904	 
m60901c3r5.htb	 180.0	  0.03	 2.000	 -10.00	 -10.00	 40.00	   0.0	 0.9550	  7.99	 0.0150	  0.92	  1.59	 1.129	 0.00000000	 0.574	  0.711	  0.96	  0.01	  0.9808	 0.0000	 0.59269704	 0.0000	 0.05162604	 0.9969	 12.01492537	 66.77	  1.15	 0.7679	 10.8945	 
m60901c3r5.htb	 180.0	  0.03	 2.000	 -10.00	 -10.00	 40.00	   1.0	 0.9550	  9.77	 0.0150	  1.52	  1.59	 1.054	 0.00000000	 0.615	  0.649	  0.96	  0.01	  0.9873	 0.0000	 0.75974507	 0.0000	 0.23053955	 0.9725	 8.24625584	 24.90	 10.00	 1.5225	 18.4547	 
m61025c1r5.htb	   0.0	  0.03	 2.000	  0.00	 -10.00	 40.00	   0.0	 0.9550	  9.72	 0.0150	  2.86	  3.18	 1.065	 0.00000000	 0.585	  0.573	  0.96	  0.01	  0.9679	 0.0001	 0.52048960	 0.0000	 0.33892933	 0.9525	 14.31535204	 100.00	  1.18	 2.7589	 8.9563	 
m61025c1r5.htb	   0.0	  0.03	 2.000	  0.00	 -10.00	 40.00	   1.0	 0.9550	 10.46	 0.0150	  3.58	  3.18	 0.999	 0.00000000	 0.566	  0.576	  0.96	  0.01	  0.9440	 0.0003	 0.53641332	 0.0000	 0.29476224	 0.9610	 7.42960415	 45.57	  3.42	 3.5780	 8.0992	 
m61025c1r5.htb	   0.0	  0.03	 2.000	  0.00	 -10.00	 40.00	   0.0	 0.9550	  9.72	 0.0150	  2.86	  3.18	 1.065	 0.00000000	 0.585	  0.573	  0.96	  0.01	  0.9679	 0.0001	 0.52048968	 0.0000	 0.33892994	 0.9525	 14.31542467	 100.00	  1.18	 2.7589	 8.9563	 
m61025c1r5.htb	   0.0	  0.03	 2.000	  0.00	 -10.00	 40.00	   1.0	 0.9550	 10.46	 0.0150	  3.58	  3.18	 0.999	 0.00000000	 0.566	  0.576	  0.96	  0.01	  0.9440	 0.0003	 0.53641330	 0.0000	 0.29475852	 0.9610	 7.42959818	 45.57	  3.42	 3.5780	 8.0992	 
m61025c2r5.htb	   0.0	  0.03	 2.000	  0.00	 -10.00	 40.00	   0.0	 0.9550	 11.09	 0.0150	  2.61	  3.03	 1.083	 0.00000000	 0.600	  0.568	  0.96	  0.01	  0.9922	 0.0000	 0.65001317	 0.0000	 0.08741321	 0.9933	 16.94029851	 90.06	  1.03	 2.3653	 12.8969	 
m61025c2r5.htb	   0.0	  0.03	 2.000	  0.00	 -10.00	 40.00	   1.0	 0.9550	 12.13	 0.0150	  3.13	  3.03	 1.031	 0.00000000	 0.659	  0.457	  0.96	  0.01	  0.9983	 0.0000	 0.75963988	 0.0000	 0.04708345	 0.9973	 9.39071063	 26.98	  2.49	 3.1244	 17.6300	 
m61025c3r5.htb	   0.0	  0.03	 2.000	  0.00	 -10.00	 40.00	   0.0	 0.9550	 12.21	 0.0150	  4.30	  5.67	 1.240	 0.00000000	 0.662	  0.370	  0.96	  0.01	  0.9862	 0.0000	 0.70550323	 0.0000	 0.23623710	 0.9715	 16.61552837	 100.00	  1.05	 4.1017	 11.3859	 
m61025c3r5.htb	   0.0	  0.03	 2.000	  0.00	 -10.00	 40.00	   1.0	 0.9550	 12.20	 0.0150	  4.48	  5.67	 1.249	 0.00000000	 0.664	  0.392	  0.96	  0.01	  0.9773	 0.0000	 0.63068454	 0.0000	 0.43259486	 0.9334	 16.74423687	 100.00	  0.83	 3.9898	 13.7995	 
m61026c1r5.htb	   0.0	  0.03	 2.000	 -5.00	  0.00	 40.00	   0.0	 0.9550	  6.71	 0.0150	  0.75	  1.55	 1.154	 0.00000000	 0.604	  0.628	  0.96	  0.01	  0.9944	 0.0000	 0.61006833	 0.0000	 0.18592155	 0.9798	 6.07952771	 31.00	  3.41	 0.7538	 10.0706	 
m61026c1r5.htb	   0.0	  0.03	 2.000	 -5.00	  0.00	 40.00	   1.0	 0.9550	  9.24	 0.0150	  0.45	  1.55	 1.146	 0.00000000	 0.682	  0.599	  0.96	  0.01	  0.9690	 0.0001	 0.78462299	 0.0000	 0.59442653	 0.8977	 8.87039381	 22.73	  3.25	 0.4484	 20.3256	 
m61026c2r5.htb	   0.0	  0.03	 2.000	  0.00	 -5.00	 40.00	   0.0	 0.9550	  7.83	 0.0150	  0.47	  0.40	 0.991	 0.00000000	 0.601	  0.759	  0.96	  0.01	  0.9650	 0.0001	 0.53771478	 0.0000	 0.24790979	 0.9695	 8.59674381	 41.61	  2.15	 0.4663	 10.2524	 
m61026c2r5.htb	   0.0	  0.03	 2.000	  0.00	 -5.00	 40.00	   1.0	 0.9550	 10.93	 0.0150	  0.21	  0.40	 1.009	 0.00000000	 0.685	  0.699	  0.96	  0.01	  0.9807	 0.0000	 0.77428725	 0.0000	 0.29799625	 0.9604	 11.41681357	 35.13	  2.73	 0.2112	 16.3707	 
m61026c3r5.htb	   0.0	  0.03	 2.000	  0.00	 -10.00	 40.00	   0.0	 0.9550	 10.11	 0.0150	  1.08	  1.39	 1.037	 0.00000000	 0.617	  0.732	  0.96	  0.01	  0.9914	 0.0000	 0.60549787	 0.0000	 0.21942683	 0.9744	 12.96771102	 61.73	  1.91	 1.0677	 10.3037	 
m61026c3r5.htb	   0.0	  0.03	 2.000	  0.00	 -10.00	 40.00	   1.0	 0.9550	 10.73	 0.0150	  0.75	  1.39	 1.066	 0.00000000	 0.638	  0.688	  0.96	  0.01	  0.9885	 0.0000	 0.62951890	 0.0000	 0.12596451	 0.9885	 15.98036808	 59.28	  1.18	 0.5419	 15.8157	 
m61026c4r5.htb	   0.0	  0.03	 2.000	  0.00	 -10.00	 40.00	   0.0	 0.9550	 14.66	 0.0150	  1.16	  3.07	 1.166	 0.00000000	 0.698	  0.635	  0.96	  0.01	  0.9801	 0.0000	 0.83736288	 0.0000	 0.91165366	 0.8226	 15.96289254	 41.34	  2.04	 1.1423	 19.3136	 
m61026c4r5.htb	   0.0	  0.03	 2.000	  0.00	 -10.00	 40.00	   1.0	 0.9550	 14.39	 0.0150	  1.85	  3.07	 1.140	 0.00000002	 0.669	  0.749	  0.96	  0.01	  0.9209	 0.0006	 0.67448055	 0.0000	 1.84472202	 0.6053	 16.63649271	 47.11	  1.61	 1.7903	 18.2566	 
m61031c1r5.htb	 150.0	  0.03	 2.000	  0.00	 -10.00	 40.00	   0.0	 0.9550	  6.34	 0.0150	  2.25	  2.79	 1.151	 0.00000002	 0.579	  0.473	  0.96	  0.01	  0.9466	 0.0002	 0.48375977	 0.0000	 0.53096096	 0.9120	 4.18419662	 39.12	  4.20	 2.2495	 5.4729	 
m61031c1r5.htb	 150.0	  0.03	 2.000	  0.00	 -10.00	 40.00	   1.0	 0.9550	  6.63	 0.0150	  2.26	  2.79	 1.143	 0.00000000	 0.574	  0.470	  0.96	  0.01	  0.9830	 0.0000	 0.58474821	 0.0000	 0.18754539	 0.9796	 4.37765403	 16.33	  3.46	 2.2619	 13.9232	 
m61031c2r5.htb	   0.0	  0.03	 2.000	 10.00	 -10.00	 40.00	   0.0	 0.9550	  3.68	 0.0150	  1.03	  2.29	 1.908	 0.00000538	 0.529	  0.543	  0.96	  0.01	  0.8444	 0.0034	 0.34822856	 0.0000	 1.15357570	 0.7642	 3.53377539	 69.09	  3.41	 1.0262	 2.2894	 
m61031c2r5.htb	   0.0	  0.03	 2.000	 10.00	 -10.00	 40.00	   1.0	 0.9550	  4.58	 0.0150	  1.11	  2.29	 1.621	 0.00015922	 0.491	  0.636	  0.96	  0.01	  0.9552	 0.0001	 0.32289859	 0.0000	 0.26437733	 0.9666	 6.41845615	 88.77	  2.19	 1.1110	 3.1059	 
m61106c1r5.htb	 180.0	  0.03	 2.000	 -5.00	 10.00	 40.00	   0.0	 0.9550	  2.85	 0.0150	  0.00	  0.70	 1.323	 0.00000002	 0.589	  0.613	  0.96	  0.01	  0.9571	 0.0001	 0.49387350	 0.0000	 0.21731962	 0.8970	 5.37313433	 90.08	  2.08	 0.0000	 2.6100	 
m61106c2r5.htb	   0.0	  0.03	 2.000	  0.00	 -10.00	 40.00	   0.0	 0.9550	 11.16	 0.0150	  0.41	  0.40	 0.999	 0.00000000	 0.653	  0.832	  0.96	  0.01	  0.9772	 0.0000	 0.68524900	 0.0000	 1.08884999	 0.7798	 10.90655024	 39.04	  4.70	 0.4087	 14.3711	 
m61106c3r5.htb	 120.0	  0.03	 2.000	  0.00	 -10.00	 40.00	   0.0	 0.9550	 24.40	 0.0150	 11.71	 15.62	 1.446	 0.00000059	 0.577	  0.743	  0.96	  0.01	  0.8644	 0.0024	 0.39364999	 0.0000	 0.89205283	 0.8273	 14.05440653	 49.32	  3.38	 11.7050	 14.0036	 
m61108c1r5.htb	 180.0	  0.03	 2.000	  8.00	 -10.00	 40.00	   0.0	 0.9550	  6.12	 0.0150	  1.09	  1.69	 1.137	 0.00000000	 0.623	  0.467	  0.96	  0.01	  0.9589	 0.0001	 0.66869732	 0.0000	 1.06742336	 0.7849	 7.79013624	 67.72	  1.75	 1.0840	 5.7132	 
m61108c4r5.htb	 180.0	  0.03	 2.000	  5.00	 -10.00	 40.00	   0.0	 0.9550	 33.71	 0.0150	  5.58	  5.12	 1.035	 0.00000000	 0.729	  0.633	  0.96	  0.01	  0.9962	 0.0000	 0.85493953	 0.0000	 0.14236393	 0.9863	 33.19093005	 17.74	  1.25	 4.1320	 89.9589	 
m61109c1r5.htb	 180.0	  0.03	 2.000	  0.00	 -10.00	 40.00	   0.0	 0.9550	  6.38	 0.0150	  1.86	  2.19	 1.080	 0.00001310	 0.481	  0.696	  0.96	  0.01	  0.9533	 0.0002	 0.37555073	 0.0000	 0.09507173	 0.9924	 5.60779926	 49.93	  2.20	 1.8535	 5.4987	 
m61109c2r5.htb	   0.0	  0.03	 2.000	  0.00	  5.00	 40.00	   0.0	 0.9550	 18.93	 0.0150	  5.94	  5.77	 0.989	 0.00000000	 0.646	  0.542	  0.96	  0.01	  0.9645	 0.0001	 0.66836119	 0.0000	 0.77921143	 0.8544	 15.19649265	 38.04	  1.94	 5.9098	 20.1096	 
m61109c3r5.htb	   0.0	  0.03	 2.000	  0.00	  0.00	 40.00	   0.0	 0.9550	 23.23	 0.0150	  5.68	  5.22	 0.976	 0.00000000	 0.689	  0.567	  0.96	  0.01	  0.9966	 0.0000	 0.80093978	 0.0000	 0.07292544	 0.9949	 19.92232052	 36.43	  2.09	 5.6508	 27.4721	 
m61109c4r5.htb	   0.0	  0.03	 2.000	  0.00	 -5.00	 40.00	   0.0	 0.9550	 25.26	 0.0150	  3.59	  4.18	 1.033	 0.00000000	 0.754	  0.519	  0.96	  0.01	  0.9940	 0.0000	 0.87767562	 0.0000	 0.30337422	 0.9594	 24.79685125	 31.23	  1.77	 3.4738	 40.3490	 
m61109c5r5.htb	 180.0	  0.03	 2.000	  0.00	  0.00	 40.00	   0.0	 0.9550	 14.83	 0.0150	  4.58	  5.62	 1.158	 0.00000000	 0.654	  0.455	  0.96	  0.01	  0.9903	 0.0000	 0.72823440	 0.0000	 0.40310827	 0.9396	 15.37551934	 44.12	  1.06	 4.1653	 20.1698	 
m61110c1r5.htb	 180.0	  0.03	 2.000	  8.00	 -10.00	 40.00	   0.0	 0.9550	 25.42	 0.0150	 13.88	 14.43	 1.050	 0.00000007	 0.558	  0.579	  0.96	  0.01	  0.9762	 0.0000	 0.48242889	 0.0000	 0.17524687	 0.9815	 11.55185085	 46.26	 10.00	 13.8794	 12.8876	 
m61110c2r5.htb	 180.0	  0.03	 2.000	  5.00	 -15.00	 40.00	   0.0	 0.9550	 25.54	 0.0150	 10.82	 10.80	 0.999	 0.00000000	 0.612	  0.690	  0.96	  0.01	  0.9312	 0.0004	 0.53608065	 0.0000	 1.16074094	 0.7624	 16.90697065	 46.46	  2.65	 10.8163	 17.7550	 
m61110c3r5.htb	 180.0	  0.03	 2.000	  0.00	 -30.00	 40.00	   0.0	 0.9550	 18.96	 0.0150	  5.80	  4.43	 0.906	 0.00000000	 0.690	  0.455	  0.96	  0.01	  0.9893	 0.0000	 0.75797591	 0.0000	 0.22749428	 0.9730	 14.16767417	 34.14	  2.51	 5.7933	 20.7557	 
m61113c1r5.htb	  60.0	  0.03	 1.000	  8.00	 -10.00	 40.00	   0.0	 0.9550	  7.68	 0.0150	  5.28	  5.42	 1.081	 0.12306664	 0.367	  0.493	  0.96	  0.01	  0.7971	 0.0068	 0.11413165	 0.0042	 0.30080160	 0.9599	 5.01733591	 100.00	  1.13	 5.2407	 3.2316	 
m61113c2r5.htb	  90.0	  0.03	 2.000	 -10.00	 -10.00	 40.00	   0.0	 0.9550	  7.34	 0.0150	  3.44	  3.28	 0.967	 0.00474029	 0.429	  0.669	  0.96	  0.01	  0.8504	 0.0031	 0.21261070	 0.0001	 0.24080001	 0.9707	 5.02427454	 44.56	  1.67	 3.4174	 5.7854	 
m61113c3r5.htb	 270.0	  0.03	 2.000	 -5.00	 -15.00	 40.00	   0.0	 0.9550	 21.29	 0.0150	 10.75	 13.53	 1.731	 0.00000049	 0.574	  0.549	  0.96	  0.01	  0.9517	 0.0002	 0.43662399	 0.0000	 0.30088868	 0.9599	 27.15968238	 100.00	  0.51	 7.8643	 28.2470	 
m61115c1r5.htb	 180.0	  0.03	 2.000	  0.00	 -5.00	 40.00	   0.0	 0.9550	 16.55	 0.0150	  3.43	  4.63	 1.112	 0.00000000	 0.590	  0.942	  0.96	  0.01	  0.9498	 0.0002	 0.55920046	 0.0000	 0.47383352	 0.9246	 14.30302930	 22.17	  1.74	 3.2940	 32.5220	 
m61115c2r5.htb	   0.0	  0.03	 2.000	 10.00	 -5.00	 40.00	   0.0	 0.9550	  1.77	 0.0150	  1.17	  1.09	 1.531	 0.08359510	 0.377	  0.341	  0.96	  0.01	  0.4042	 0.1248	 0.06380874	 0.0349	 0.78750002	 0.8525	 1.81667213	 44.30	  0.35	 0.7378	 2.1807	 
m61115c3r5.htb	  90.0	  0.03	 2.000	 -10.00	 -15.00	 40.00	   0.0	 0.9550	 18.69	 0.0150	  7.90	  8.76	 1.089	 0.00000000	 0.655	  0.403	  0.96	  0.01	  0.9945	 0.0000	 0.72745252	 0.0000	 0.09426422	 0.9925	 11.22174313	 22.10	  2.24	 7.8704	 25.7655	 
m61115c4r5.htb	   0.0	  0.03	 2.000	  5.00	 -5.00	 40.00	   0.0	 0.9550	 26.07	 0.0150	  8.26	  7.31	 0.956	 0.00000000	 0.690	  0.495	  0.96	  0.01	  0.9866	 0.0000	 0.79026325	 0.0000	 0.38122770	 0.9441	 18.97542905	 21.76	  1.92	 8.1473	 44.1294	 
m61116c1r5.htb	  90.0	  0.03	 2.000	  0.00	  0.00	 40.00	   0.0	 0.9550	  4.23	 0.0150	  0.62	  0.50	 0.968	 0.00001625	 0.513	  0.743	  0.96	  0.01	  0.8542	 0.0029	 0.33257677	 0.0000	 0.84382906	 0.8390	 3.62347881	 51.56	 10.00	 0.6177	 3.7973	 
m61121c1r5.htb	  30.0	  0.03	 2.000	  5.00	 -10.00	 40.00	   0.0	 0.9550	  9.67	 0.0150	  0.00	  0.00	 1.000	 0.00000000	 0.744	  0.524	  0.96	  0.01	  0.9898	 0.0000	 0.84572059	 0.0000	 0.00535234	 0.9999	 9.67256371	 37.23	  7.18	 0.0044	 13.4042	 
m61122c1r5.htb	 180.0	  0.03	 2.000	  0.00	 -10.00	 40.00	   0.0	 0.9550	  7.56	 0.0150	  0.78	  0.60	 0.973	 0.00000000	 0.607	  0.664	  0.96	  0.01	  0.9917	 0.0000	 0.71622666	 0.0000	 0.22944867	 0.9727	 7.06742907	 46.75	  4.40	 0.7832	 7.5913	 
m61122c2r5.htb	  60.0	  0.03	 2.000	  0.00	 -15.00	 40.00	   0.0	 0.9550	  5.70	 0.0150	  1.64	  1.79	 1.039	 0.00000000	 0.624	  0.440	  0.96	  0.01	  0.9562	 0.0001	 0.56785855	 0.0000	 0.73407561	 0.8652	 4.06196255	 49.10	 10.00	 1.6398	 4.3144	 
m61122c3r5.htb	  60.0	  0.03	 2.000	 -5.00	  0.00	 40.00	   0.0	 0.9550	 10.79	 0.0150	  1.47	  1.79	 1.038	 0.00000014	 0.584	  0.770	  0.96	  0.01	  0.9957	 0.0000	 0.47910177	 0.0000	 0.10135780	 0.9917	 11.20742095	 42.49	  1.99	 1.4518	 13.1882	 
m61122c4r5.htb	  60.0	  0.03	 2.000	 -5.00	 -5.00	 40.00	   0.0	 0.9550	 25.11	 0.0150	  9.89	 11.29	 1.102	 0.00000000	 0.658	  0.571	  0.96	  0.01	  0.9627	 0.0001	 0.62768358	 0.0000	 0.95454122	 0.8122	 16.32755126	 38.57	  2.89	 9.8842	 21.1618	 
m61127c1r5.htb	 180.0	  0.03	 2.000	 10.00	 -10.00	 40.00	   0.0	 0.9550	  5.82	 0.0150	  0.05	  0.10	 1.013	 0.00000000	 0.691	  0.509	  0.96	  0.01	  0.9686	 0.0001	 0.67266485	 0.0000	 0.96029878	 0.8109	 6.21604967	 25.24	  1.96	 0.0239	 12.4700	 
m61127c2r5.htb	  30.0	  0.03	 2.000	  5.00	 -5.00	 40.00	   0.0	 0.9550	 22.29	 0.0150	  8.22	 10.75	 1.247	 0.00000000	 0.661	  0.514	  0.96	  0.01	  0.9819	 0.0000	 0.69050740	 0.0000	 0.20814139	 0.9763	 29.51775773	 100.00	  1.07	 7.8952	 19.9234	 
m61127c3r5.htb	  90.0	  0.03	 2.000	 10.00	 -5.00	 40.00	   0.0	 0.9550	 10.62	 0.0150	  0.12	  0.45	 1.033	 0.00000000	 0.703	  0.638	  0.96	  0.01	  0.9970	 0.0000	 0.75258511	 0.0000	 0.17542198	 0.9815	 14.72626918	 59.19	  1.91	 0.1103	 12.2034	 
m61127c4r5.htb	 270.0	  0.03	 2.000	  5.00	 -10.00	 40.00	   0.0	 0.9550	 17.52	 0.0150	  1.80	  2.64	 1.062	 0.00000000	 0.709	  0.628	  0.96	  0.01	  0.9971	 0.0000	 0.82333140	 0.0000	 0.32692136	 0.9549	 20.08295306	 43.24	  1.65	 1.7186	 23.8790	 
m61128c1r5.htb	 180.0	  0.03	 2.000	 10.00	 -10.00	 40.00	   0.0	 0.9550	  6.37	 0.0150	  0.53	  0.70	 1.039	 0.00000000	 0.638	  0.514	  0.96	  0.01	  0.9922	 0.0000	 0.64216538	 0.0000	 0.07173287	 0.9950	 8.21230128	 50.07	  1.44	 0.4766	 8.7558	 
m61128c2r5.htb	 180.0	  0.03	 2.000	  5.00	  0.00	 40.00	   0.0	 0.9550	 26.30	 0.0150	  8.37	  7.31	 0.948	 0.00000000	 0.623	  0.727	  0.96	  0.01	  0.9861	 0.0000	 0.67920380	 0.0000	 0.17375724	 0.9817	 18.40520770	 17.54	  2.25	 8.2961	 53.5771	 
m61128c3r5.htb	 180.0	  0.03	 2.000	  5.00	 -10.00	 40.00	   0.0	 0.9550	 23.54	 0.0150	  6.79	  6.62	 0.991	 0.00000000	 0.640	  0.633	  0.96	  0.01	  0.9995	 0.0000	 0.68258008	 0.0000	 0.00542656	 0.9999	 20.46418639	 47.60	  2.17	 6.7773	 21.1206	 
m61128c4r5.htb	 180.0	  0.03	 2.000	  0.00	 -10.00	 40.00	   0.0	 0.9550	 12.80	 0.0150	  3.90	  3.93	 1.003	 0.00000002	 0.557	  0.692	  0.96	  0.01	  0.9641	 0.0001	 0.49477506	 0.0000	 0.18220395	 0.9804	 8.99477702	 35.79	  4.67	 3.9000	 13.0697	 
m61129c1r5.htb	  90.0	  0.03	 2.000	 10.00	 -10.00	 40.00	   0.0	 0.9550	  5.18	 0.0150	  0.64	  1.24	 1.153	 0.00000232	 0.530	  0.681	  0.96	  0.01	  0.9879	 0.0000	 0.42401566	 0.0000	 0.01870477	 0.9993	 5.83618846	 55.57	  2.32	 0.6396	 5.0484	 
m61129c2r5.htb	  90.0	  0.03	 2.000	  5.00	 -5.00	 40.00	   0.0	 0.9550	 11.91	 0.0150	  9.17	  9.88	 1.347	 0.00025504	 0.429	  0.346	  0.96	  0.01	  0.8942	 0.0013	 0.15532728	 0.0000	 0.20941022	 0.9761	 5.76774066	 100.00	  2.19	 9.1694	 2.3771	 
m61129c3r5.htb	  90.0	  0.03	 2.000	  0.00	  0.00	 40.00	   0.0	 0.9550	  5.40	 0.0150	  1.56	  2.19	 1.216	 0.00000001	 0.583	  0.394	  0.96	  0.01	  0.9785	 0.0000	 0.51165539	 0.0000	 0.29044085	 0.9618	 6.42795397	 66.40	  1.20	 1.4953	 5.7188	 
m61130c1r5.htb	 180.0	  0.03	 2.000	  0.00	  0.00	 40.00	   0.0	 0.9550	 24.10	 0.0150	 13.37	 10.45	 0.787	 0.00000000	 0.595	  0.493	  0.96	  0.01	  0.9693	 0.0001	 0.59358788	 0.0000	 0.17560700	 0.9814	 10.73815064	  8.15	  4.11	 13.3576	 72.7017	 
m61130c2r5.htb	 180.0	  0.03	 2.000	 10.00	  5.00	 40.00	   0.0	 0.9550	  8.47	 0.0150	  5.00	  4.83	 0.953	 0.00000007	 0.577	  0.324	  0.96	  0.01	  0.9352	 0.0004	 0.46240988	 0.0000	 1.36978283	 0.7126	 3.47864232	  8.63	  3.63	 4.9956	 22.5779	 
m61130c3r5.htb	 180.0	  0.03	 2.000	  5.00	  5.00	 40.00	   0.0	 0.9550	  9.30	 0.0150	  5.18	  5.72	 2.128	 0.00000000	 0.582	  0.261	  0.96	  0.01	  0.9111	 0.0008	 0.50852348	 0.0000	 0.85067795	 0.8373	 13.13432836	 35.09	  0.32	 1.6842	 15.9230	 
m61130c4r5.htb	 210.0	  0.03	 2.000	  5.00	 -5.00	 40.00	   0.0	 0.9550	 14.59	 0.0150	  5.05	  3.43	 0.861	 0.00000000	 0.633	  0.481	  0.96	  0.01	  0.9731	 0.0000	 0.66308281	 0.0000	 0.36320724	 0.9477	 11.56384623	 35.64	  1.61	 4.9822	 16.6817	 
m61201c1r5.htb	 180.0	  0.03	 2.000	  5.00	 -10.00	 40.00	   0.0	 0.9550	 18.01	 0.0150	  1.56	  2.64	 1.079	 0.00000000	 0.669	  0.748	  0.96	  0.01	  0.9775	 0.0000	 0.80241831	 0.0000	 0.50316108	 0.9182	 26.79104478	 66.99	  1.37	 1.4196	 22.0736	 
m61201c2r5.htb	   0.0	  0.03	 2.000	  0.00	 -10.00	 40.00	   0.0	 0.9550	 27.26	 0.0150	  4.62	  8.51	 1.280	 0.00000000	 0.669	  0.817	  0.96	  0.01	  0.9878	 0.0000	 0.73813461	 0.0000	 0.19927870	 0.9777	 42.38805970	 70.57	  0.88	 3.2552	 42.5256	 
m61204c1r5.htb	 240.0	  0.03	 2.000	  0.00	 -10.00	 40.00	   0.0	 0.9550	 38.03	 0.0150	  2.33	  3.23	 1.036	 0.00000000	 0.702	  1.017	  0.96	  0.01	  0.9914	 0.0000	 0.78735911	 0.0000	 0.36259508	 0.9479	 41.69404427	 30.26	  1.61	 1.9975	 70.3803	 
m61204c2r5.htb	   0.0	  0.03	 2.000	  0.00	 -10.00	 40.00	   0.0	 0.9550	 33.94	 0.0150	  5.76	  4.98	 0.976	 0.00000000	 0.689	  0.812	  0.96	  0.01	  0.9971	 0.0000	 0.80866573	 0.0000	 0.13607383	 0.9872	 34.51364106	 41.81	  1.83	 5.6801	 41.7131	 
m61204c3r5.htb	 180.0	  0.03	 2.000	 -5.00	 -10.00	 40.00	   0.0	 0.9550	 13.31	 0.0150	  3.33	  6.57	 1.494	 0.00000001	 0.592	  0.678	  0.96	  0.01	  0.9742	 0.0000	 0.52074896	 0.0000	 0.24733784	 0.9696	 11.96003368	 32.72	  1.56	 3.2359	 18.8067	 
m61206c1r5.htb	 180.0	  0.03	 2.000	  5.00	 -10.00	 40.00	   0.0	 0.9550	 29.94	 0.0150	  5.05	  4.73	 0.990	 0.00000000	 0.667	  0.840	  0.96	  0.01	  0.9931	 0.0000	 0.74839190	 0.0000	 0.13337711	 0.9876	 26.00108351	 22.24	  2.18	 4.9766	 59.2650	 
m61206c2r5.htb	 240.0	  0.03	 2.000	 -5.00	  0.00	 40.00	   0.0	 0.9550	 14.20	 0.0150	  1.20	  1.09	 1.084	 0.00000000	 0.693	  0.594	  0.96	  0.01	  0.9807	 0.0000	 0.77888249	 0.0000	 0.41394970	 0.9373	 17.30633514	 20.64	  0.99	 0.0000	 39.7076	 
m61206c3r5.htb	   0.0	  0.03	 2.000	  5.00	 -5.00	 40.00	   0.0	 0.9550	 28.70	 0.0150	 12.35	 14.03	 1.120	 0.00000000	 0.582	  0.663	  0.96	  0.01	  0.9966	 0.0000	 0.58200249	 0.0000	 0.06468212	 0.9957	 18.24130866	 29.10	  1.85	 12.2737	 31.7621	 
m61206c4r5.htb	   0.0	  0.03	 2.000	  0.00	 -10.00	 40.00	   0.0	 0.9550	 24.59	 0.0150	  2.67	  4.73	 1.122	 0.00000000	 0.693	  0.725	  0.96	  0.01	  0.9975	 0.0000	 0.79055850	 0.0000	 0.05774144	 0.9964	 23.07221685	 14.77	  1.80	 2.2952	 78.3830	 
