FILE			 PrfOR	 PrfSF	 PrfTF	 RFXctr	 RFYctr	 RFDiam	 GrType	 MaxLoc	 MaxRsp	 MinLoc	 MinRsp	 Spont	 CMI		 AnovaP	 SFDI  	 VarTerm	 MaxX 	 MinX 	 RsqMn	 PMean	 RsqRaw	 Praw		 Chi2		 ChiP		 Rmax			 C50		 n		 Offset	 Halfmax_slope	
m60830c1r5.htb	 180.0	  0.03	 2.000	 -8.00	 -10.00	 40.00	   0.0	 0.9550	 22.10	 0.0150	 15.25	 15.17	 0.989	 0.00008786	 0.499	  0.510	  0.96	  0.01	  0.7790	 0.0085	 0.27417086	 0.0000	 1.35578188	 0.7159	 6.86994561	 51.26	 10.00	 15.2475	 6.8916	 
m60830c1r5.htb	 180.0	  0.03	 2.000	 -8.00	 -10.00	 40.00	   1.0	 0.9550	 22.68	 0.0150	 15.04	 15.17	 1.005	 0.00000004	 0.568	  0.400	  0.96	  0.01	  0.9421	 0.0003	 0.47216138	 0.0000	 0.41012660	 0.9381	 7.75155839	 31.94	  3.82	 15.0392	 12.5157	 
m60830c2r5.htb	  90.0	  0.03	 2.000	  0.00	 -10.00	 40.00	   0.0	 0.9550	 17.56	 0.0150	 11.89	 11.54	 1.433	 0.00002961	 0.549	  0.350	  0.96	  0.01	  0.9361	 0.0004	 0.35231036	 0.0000	 0.64302858	 0.8865	 14.89643746	 44.37	  0.41	 8.9395	 19.3805	 
m60830c2r5.htb	  90.0	  0.03	 2.000	  0.00	 -10.00	 40.00	   1.0	 0.9550	 17.08	 0.0150	 13.32	 11.54	 1.087	 0.00070002	 0.450	  0.337	  0.96	  0.01	  0.9671	 0.0001	 0.29170767	 0.0000	 0.08380553	 0.9937	 3.77162631	 14.13	  3.09	 13.3190	 13.9790	 
m60831c1r5.htb	  90.0	  0.03	 2.000	 10.00	  0.00	 40.00	   0.0	 0.9550	 16.00	 0.0150	  1.84	  2.69	 1.065	 0.00000000	 0.612	  0.898	  0.96	  0.01	  0.9854	 0.0000	 0.70484977	 0.0000	 0.17112393	 0.9821	 14.71239548	 24.12	  2.39	 1.8184	 30.9067	 
m60831c1r5.htb	  90.0	  0.03	 2.000	 10.00	  0.00	 40.00	   1.0	 0.9550	 20.47	 0.0150	  3.22	  2.69	 1.006	 0.00000000	 0.690	  0.765	  0.96	  0.01	  0.9581	 0.0001	 0.75450573	 0.0000	 1.59281100	 0.6610	 18.89158388	 30.53	  2.09	 3.1802	 31.1925	 
m60831c4r5.htb	  50.0	  0.03	 8.000	  5.00	  0.00	 60.00	   0.0	 0.9550	 15.02	 0.0150	  3.14	  6.37	 1.377	 0.00119005	 0.655	  0.618	  0.96	  0.01	  0.9522	 0.0002	 0.57471972	 0.0000	 2.25254368	 0.5217	 19.06361571	 70.03	  1.65	 3.1061	 13.8440	 
m60831c4r5.htb	  50.0	  0.03	 8.000	  5.00	  0.00	 60.00	   1.0	 0.9550	 13.09	 0.0150	  2.78	  6.37	 1.449	 0.00000323	 0.678	  0.489	  0.96	  0.01	  0.8625	 0.0025	 0.66373600	 0.0000	 2.54193512	 0.4678	 20.52238806	 90.90	  1.09	 2.5526	 14.7843	 
m60901c4r5.htb	 180.0	  0.03	 2.000	 -5.00	 -5.00	 40.00	   0.0	 0.9550	 12.94	 0.0150	  2.55	  3.36	 1.084	 0.00000031	 0.726	  0.541	  0.96	  0.01	  0.8385	 0.0038	 0.70894062	 0.0000	 3.27363021	 0.3513	 10.40444617	 19.05	  3.93	 2.5542	 28.6300	 
m60901c4r5.htb	 180.0	  0.03	 2.000	 -5.00	 -5.00	 40.00	   1.0	 0.9550	 17.25	 0.0150	  3.24	  3.36	 1.048	 0.00000278	 0.657	  0.694	  0.96	  0.01	  0.9615	 0.0001	 0.77855795	 0.0000	 1.24128321	 0.7431	 28.35820896	 93.67	  1.08	 2.9219	 20.0649	 
m60907c1r5.htb	 180.0	  0.03	 2.000	 10.00	  8.00	 40.00	   0.0	 0.9550	  7.36	 0.0150	  3.13	  1.94	 0.781	 0.00002297	 0.517	  0.527	  0.96	  0.01	  0.9344	 0.0004	 0.35687245	 0.0000	 0.43785774	 0.9323	 4.33271925	 41.37	  4.46	 3.1271	 5.3198	 
m60907c1r5.htb	 180.0	  0.03	 2.000	 10.00	  8.00	 40.00	   1.0	 0.9550	 11.33	 0.0150	  2.60	  1.94	 0.894	 0.00000000	 0.642	  0.518	  0.96	  0.01	  0.9747	 0.0000	 0.69587142	 0.0000	 0.47777249	 0.9237	 17.38805970	 94.71	  1.64	 2.5809	 9.0794	 
m60907c2r5.htb	 120.0	  0.03	 2.000	 10.00	 -10.00	 40.00	   0.0	 0.9550	  2.40	 0.0150	  0.37	  0.80	 1.278	 0.00023743	 0.474	  0.527	  0.96	  0.01	  0.9911	 0.0000	 0.32556206	 0.0000	 0.01227458	 0.9996	 2.13992189	 19.35	  1.94	 0.3505	 5.5970	 
m60907c2r5.htb	 120.0	  0.03	 2.000	 10.00	 -10.00	 40.00	   1.0	 0.9550	  3.85	 0.0150	  0.17	  0.80	 1.233	 0.00000001	 0.561	  0.596	  0.96	  0.01	  0.9432	 0.0003	 0.49476257	 0.0000	 0.18282924	 0.9803	 4.44285235	 31.57	  1.49	 0.1230	 7.2557	 
m60907c3r5.htb	 230.0	  0.03	 2.000	  0.00	 -15.00	 40.00	   0.0	 0.9550	 10.23	 0.0150	  8.01	  9.89	 6.914	 0.19192728	 0.296	  0.600	  0.96	  0.01	  0.7497	 0.0118	 0.05606305	 0.0102	 0.18871616	 0.9794	 3.37595585	 45.57	  1.04	 7.9176	 4.3457	 
m60907c3r5.htb	 230.0	  0.03	 2.000	  0.00	 -15.00	 40.00	   1.0	 0.9550	 13.08	 0.0150	  8.57	  9.89	 1.481	 0.00108436	 0.436	  0.569	  0.96	  0.01	  0.8778	 0.0019	 0.15724914	 0.0000	 0.27021015	 0.9655	 9.37968760	 100.00	  1.42	 8.5462	 5.0792	 
m61024c1r5.htb	   0.0	  0.03	 2.000	  0.00	 10.00	 40.00	   0.0	 0.9550	 24.29	 0.0150	 10.17	  8.56	 0.898	 0.00000198	 0.509	  0.938	  0.96	  0.01	  0.9722	 0.0000	 0.42030413	 0.0000	 0.16309727	 0.9833	 18.75500784	 58.85	  2.31	 10.1615	 15.1153	 
m61024c1r5.htb	   0.0	  0.03	 2.000	  0.00	 10.00	 40.00	   1.0	 0.9550	 23.46	 0.0150	  5.49	  8.56	 1.072	 0.00000000	 0.605	  0.947	  0.96	  0.01	  0.9642	 0.0001	 0.57581381	 0.0000	 1.47196734	 0.6888	 36.11940299	 86.60	  0.91	 4.5996	 30.9978	 
m61024c2r5.htb	   0.0	  0.03	 2.000	  0.00	  5.00	 40.00	   0.0	 0.9550	  9.65	 0.0150	  2.44	  3.18	 1.116	 0.00000000	 0.612	  0.512	  0.96	  0.01	  0.9885	 0.0000	 0.64009265	 0.0000	 0.12569041	 0.9886	 15.00000000	 99.16	  2.00	 2.4346	 6.5494	 
m61024c2r5.htb	   0.0	  0.03	 2.000	  0.00	  5.00	 40.00	   1.0	 0.9550	  9.23	 0.0150	  1.87	  3.18	 1.163	 0.00000000	 0.569	  0.651	  0.96	  0.01	  0.9935	 0.0000	 0.61883302	 0.0000	 0.01963538	 0.9993	 7.40511702	 20.85	  3.35	 1.8728	 18.5310	 
m61027c1r5.htb	   0.0	  0.03	 2.000	 10.00	 -10.00	 40.00	   0.0	 0.9550	 506.79	 0.0150	 16.46	 15.27	 0.998	 0.42877484	 0.314	 20.697	  0.96	  0.01	  0.9998	 0.0000	 0.08750771	 0.0129	 0.89184664	 0.8274	 1158.55143784	 100.00	  6.72	 16.4610	 304.1751	 
m61027c1r5.htb	   0.0	  0.03	 2.000	 10.00	 -10.00	 40.00	   1.0	 0.9550	 32.06	 0.0150	 14.10	 15.27	 0.998	 0.00000000	 0.642	  0.562	  0.96	  0.01	  0.9582	 0.0001	 0.62558025	 0.0000	 0.47526151	 0.9243	 19.97717948	 17.00	  1.47	 13.5508	 57.6117	 
m61027c2r5.htb	   0.0	  0.03	 2.000	  5.00	 -5.00	 40.00	   0.0	 0.9550	 11.73	 0.0150	  6.85	  6.97	 1.027	 0.00079173	 0.452	  0.503	  0.96	  0.01	  0.9593	 0.0001	 0.28631934	 0.0000	 0.09879226	 0.9920	 6.49875784	 49.66	  1.71	 6.8357	 6.6679	 
m61027c2r5.htb	   0.0	  0.03	 2.000	  5.00	 -5.00	 40.00	   1.0	 0.9550	 12.51	 0.0150	  6.66	  6.97	 1.044	 0.00000048	 0.547	  0.457	  0.96	  0.01	  0.9049	 0.0010	 0.41544741	 0.0000	 0.56977362	 0.9033	 6.50657184	 37.04	  2.33	 6.6527	 8.7688	 
m61106c4r5.htb	  90.0	  0.03	 2.000	  0.00	 -10.00	 40.00	   0.0	 0.9550	 20.77	 0.0150	 10.28	 10.90	 1.062	 0.00000004	 0.551	  0.632	  0.96	  0.01	  0.9774	 0.0000	 0.49050085	 0.0000	 0.28255149	 0.9633	 10.50469681	 49.98	 10.00	 10.2790	 11.0508	 
m61106c4r5.htb	  90.0	  0.03	 2.000	  0.00	 -10.00	 40.00	   0.0	 0.9550	 20.77	 0.0150	 10.28	 10.90	 1.062	 0.00000004	 0.551	  0.632	  0.96	  0.01	  0.9774	 0.0000	 0.49050085	 0.0000	 0.28255176	 0.9633	 10.50470924	 49.98	 10.00	 10.2790	 11.0508	 
m61108c2r5.htb	 180.0	  0.03	 2.000	  0.00	 -10.00	 40.00	   0.0	 0.9550	 14.92	 0.0150	  6.74	  7.56	 1.234	 0.00000000	 0.630	  0.397	  0.96	  0.01	  0.9323	 0.0004	 0.55536913	 0.0000	 0.83402144	 0.8413	 18.45267907	 100.00	  0.71	 5.8395	 16.7417	 
m61108c3r5.htb	 180.0	  0.03	 2.000	 -10.00	 -20.00	 40.00	   0.0	 0.9550	 10.02	 0.0150	  5.18	  4.78	 0.989	 0.00000003	 0.579	  0.343	  0.96	  0.01	  0.9646	 0.0001	 0.49062057	 0.0000	 0.38864697	 0.9426	 7.77347204	 44.28	  0.90	 4.8333	 10.6742	 
m61108c5r5.htb	 180.0	  0.03	 2.000	  0.00	  0.00	 40.00	   0.0	 0.9550	 28.41	 0.0150	 12.60	 16.07	 1.367	 0.00000000	 0.679	  0.433	  0.96	  0.01	  0.9879	 0.0000	 0.74054294	 0.0000	 0.60862038	 0.8945	 34.38297930	 100.00	  0.82	 11.5401	 28.5178	 
m61201c3r5.htb	 270.0	  0.10	 2.000	 -5.00	 -10.00	 40.00	   0.0	 0.9550	 14.99	 0.0150	  8.65	  8.26	 0.942	 0.00000210	 0.501	  0.490	  0.96	  0.01	  0.9898	 0.0000	 0.42676567	 0.0000	 0.07312665	 0.9949	 6.39275206	 19.42	  3.07	 8.6475	 16.9123	 
