FILE			 PrfOR	 PrfSF	 PrfTF	 RFXctr	 RFYctr	 RFDiam	 GrType	 MaxLoc	 MaxRsp	 MinLoc	 MinRsp	 Spont	 CMI		 AnovaP	 SFDI  	 VarTerm	 MaxX 	 MinX 	 RsqMn	 PMean	 RsqRaw	 Praw		 Chi2		 ChiP		 Rmax			 C50		 n		 Offset	 Halfmax_slope	
m70723c1r5.htb	   0.0	  0.03	 2.000	 -8.00	 -8.00	 30.00	   0.0	 0.9550	  2.55	 0.0150	  0.59	  1.00	 1.270	 0.00029007	 0.461	  0.542	  0.96	  0.01	  0.9543	 0.0002	 0.30882224	 0.0000	 0.12391733	 0.9888	 2.00858654	 13.59	  2.15	 0.5750	 7.5453	 
m70523c2r5.htb	   0.0	  0.03	 1.000	  0.00	  0.00	 40.00	   0.0	 0.9550	  6.29	 0.0150	  1.01	  1.39	 1.089	 0.00000061	 0.545	  0.669	  0.96	  0.01	  0.8876	 0.0015	 0.40363690	 0.0000	 0.49903187	 0.9191	 5.74723131	 21.84	  1.74	 0.9565	 13.3074	 
m70523c3r5.htb	   0.0	  0.03	 2.000	  0.00	  0.00	 40.00	   0.0	 0.9550	 33.97	 0.0150	 16.26	 15.57	 0.976	 0.00000000	 0.599	  0.644	  0.96	  0.01	  0.9847	 0.0000	 0.56722151	 0.0000	 0.18261171	 0.9803	 22.06817673	 34.04	  1.43	 16.0069	 33.7497	 
m70524c1r5.htb	   0.0	  0.03	 2.000	  0.00	 -15.00	 40.00	   0.0	 0.9550	 18.74	 0.0150	  2.41	  2.09	 0.983	 0.00000000	 0.617	  0.882	  0.96	  0.01	  0.9781	 0.0000	 0.65111135	 0.0000	 0.18138398	 0.9805	 20.11959986	 43.84	  1.89	 2.3784	 23.0641	 
m70524c3r5.htb	   0.0	  0.03	 2.000	  0.00	  5.00	 30.00	   0.0	 0.9550	  2.87	 0.0150	  0.15	  0.30	 1.057	 0.00000000	 0.588	  0.471	  0.96	  0.01	  0.9788	 0.0000	 0.53596306	 0.0000	 0.16274565	 0.9834	 3.15609751	 40.42	  2.12	 0.1519	 3.8837	 
m70525c1r5.htb	   0.0	  0.03	 1.000	  0.00	 -5.00	 40.00	   0.0	 0.9550	 18.64	 0.0150	  1.92	  2.69	 1.048	 0.00000000	 0.602	  1.060	  0.96	  0.01	  0.9913	 0.0000	 0.72367472	 0.0000	 0.16225448	 0.9834	 17.67834616	 40.06	  3.29	 1.9191	 22.1372	 
m70529c1r5.htb	   0.0	  0.03	 2.000	 -10.00	  8.00	 40.00	   0.0	 0.9550	  3.40	 0.0150	  0.17	  0.10	 0.979	 0.00000000	 0.599	  0.592	  0.96	  0.01	  0.9394	 0.0003	 0.53790151	 0.0000	 1.37712616	 0.7109	 5.52238806	 85.95	  3.26	 0.1679	 2.5294	 
m70529c2r5.htb	   0.0	  0.03	 2.000	  5.00	  5.00	 25.00	   0.0	 0.9550	 16.88	 0.0150	  3.66	  4.03	 1.029	 0.00000000	 0.591	  0.827	  0.96	  0.01	  0.9956	 0.0000	 0.66867247	 0.0000	 0.25155575	 0.9689	 13.88792347	 45.52	  4.02	 3.6591	 15.0611	 
m70529c3r5.htb	   0.0	  0.03	 2.000	 10.00	  5.00	 40.00	   0.0	 0.9550	 16.05	 0.0150	  2.23	  3.88	 1.137	 0.00000000	 0.632	  0.792	  0.96	  0.01	  0.9823	 0.0000	 0.74497322	 0.0000	 0.17187639	 0.9820	 25.07462687	 84.68	  1.73	 2.2112	 14.4490	 
m70530c1r5.htb	   0.0	  0.03	 2.000	 -10.00	  5.00	 32.00	   0.0	 0.9550	  5.41	 0.0150	  0.00	  0.15	 1.028	 0.00000000	 0.761	  0.357	  0.96	  0.01	  0.9987	 0.0000	 0.82987235	 0.0000	 0.27785434	 0.9641	 6.06613420	 43.06	  2.64	 0.0037	 6.9680	 
m70601c1r5.htb	   0.0	  0.03	 2.000	  0.00	 -15.00	 30.00	   0.0	 0.9550	  6.74	 0.0150	  2.16	  2.84	 1.174	 0.00000000	 0.477	  0.715	  0.96	  0.01	  0.9401	 0.0003	 0.29501629	 0.0000	 0.17596622	 0.9814	 9.55763083	 100.00	  1.80	 2.1580	 4.4008	 
m70601c1r13.htb	   0.0	  0.03	 2.000	  0.00	 -15.00	 30.00	   0.0	 0.9550	  7.53	 0.0150	  2.62	  2.89	 1.071	 0.02183389	 0.365	  1.023	  0.96	  0.01	  0.9904	 0.0000	 0.20189628	 0.0001	 0.01298630	 0.9996	 10.22716477	 100.00	  1.21	 2.5572	 6.2761	 
m70605c1r5.htb	   0.0	  0.03	 2.000	  5.00	 12.00	 30.00	   0.0	 0.9550	  7.97	 0.0150	  0.38	  0.80	 1.059	 0.00000000	 0.703	  0.478	  0.96	  0.01	  0.9943	 0.0000	 0.79795205	 0.0000	 0.30592015	 0.9589	 12.46268657	 75.56	  1.91	 0.3694	 7.8324	 
m70607c1r5.htb	   0.0	  0.03	 2.000	  5.00	 -2.00	 30.00	   0.0	 0.9550	  7.63	 0.0150	  0.74	  0.45	 0.959	 0.00000000	 0.615	  0.646	  0.96	  0.01	  0.9913	 0.0000	 0.68122439	 0.0000	 0.11646857	 0.9898	 7.62176566	 50.30	  3.50	 0.7430	 7.4333	 
m70607c2r5.htb	   0.0	  0.03	 2.000	  5.00	 -8.00	 20.00	   0.0	 0.9550	  9.30	 0.0150	  0.13	  0.60	 1.054	 0.00000000	 0.700	  0.617	  0.96	  0.01	  0.9942	 0.0000	 0.82706151	 0.0000	 0.39310578	 0.9417	 11.28942276	 53.09	  2.50	 0.1292	 10.2547	 
m70607c3r5.htb	   0.0	  0.03	 2.000	  5.00	 -10.00	 20.00	   0.0	 0.9550	 29.91	 0.0150	  6.40	  6.97	 1.026	 0.00000000	 0.638	  0.856	  0.96	  0.01	  0.9892	 0.0000	 0.72832628	 0.0000	 0.15061464	 0.9851	 37.05976722	 70.34	  1.81	 6.3672	 25.7618	 
m70608c1r5.htb	   0.0	  0.03	 2.000	  0.00	  0.00	 60.00	   0.0	 0.9550	  6.74	 0.0150	  1.45	  0.90	 0.906	 0.00000000	 0.616	  0.499	  0.96	  0.01	  0.9852	 0.0000	 0.62345951	 0.0000	 0.33480235	 0.9534	 7.65210554	 61.86	  1.87	 1.4438	 6.0816	 
m70608c1r18.htb	   0.0	  0.03	 2.000	  0.00	  0.00	 60.00	   0.0	 0.9550	  7.65	 0.0150	  1.12	  1.24	 1.028	 0.00000000	 0.674	  0.453	  0.96	  0.01	  0.9837	 0.0000	 0.72064279	 0.0000	 0.42211088	 0.9356	 11.94029851	 81.52	  1.32	 1.0618	 8.3275	 
m70609c1r5.htb	 120.0	  0.03	 2.000	  0.00	  0.00	 70.00	   0.0	 0.9550	  5.69	 0.0150	  2.76	  2.74	 1.619	 0.00000203	 0.512	  0.314	  0.96	  0.01	  0.8859	 0.0016	 0.38256918	 0.0000	 0.57249007	 0.9027	 8.05970149	 35.67	  0.38	 0.9083	 10.6723	 
m70609c1r15.htb	 120.0	  0.03	 2.000	  8.00	 -5.00	 40.00	   0.0	 0.9550	 11.39	 0.0150	  5.22	  5.22	 1.058	 0.00000002	 0.592	  0.422	  0.96	  0.01	  0.9567	 0.0001	 0.49385645	 0.0000	 0.39646513	 0.9410	 10.10307847	 50.49	  0.94	 4.8679	 12.5013	 
m70609c2r5.htb	 120.0	  0.03	 2.000	  0.00	  8.00	 30.00	   0.0	 0.9550	  2.62	 0.0150	  1.62	  2.09	 1.882	 0.04296933	 0.380	  0.379	  0.96	  0.01	  0.8935	 0.0013	 0.16213953	 0.0005	 0.16410796	 0.9832	 0.99861341	 27.41	 10.00	 1.6215	 1.8793	 
m70609c2r15.htb	 120.0	  0.03	 2.000	 -10.00	 10.00	 40.00	   0.0	 0.9550	  2.48	 0.0150	  1.23	  1.44	 1.260	 0.00692670	 0.410	  0.415	  0.96	  0.01	  0.5873	 0.0445	 0.14037658	 0.0014	 0.88898659	 0.8281	 1.76383842	 36.31	  1.09	 1.1731	 2.6775	 
m70611c2r5.htb	 120.0	  0.03	 2.000	  0.00	 -3.00	 30.00	   0.0	 0.9550	 25.45	 0.0150	 12.79	 17.26	 1.546	 0.00000000	 0.606	  0.506	  0.96	  0.01	  0.9937	 0.0000	 0.61744763	 0.0000	 0.04952693	 0.9971	 13.48886482	 36.83	  2.87	 12.7875	 18.2464	 
m70611c2r15.htb	 120.0	  0.03	 2.000	  0.00	 -3.00	 30.00	   0.0	 0.9550	 28.66	 0.0150	 14.66	 13.48	 0.922	 0.00000000	 0.641	  0.509	  0.96	  0.01	  0.9145	 0.0007	 0.59005475	 0.0000	 0.74375392	 0.8629	 15.50273313	 44.08	  2.88	 14.6632	 17.2626	 
m70611c1r5.htb	 120.0	  0.03	 2.000	 -5.00	 -10.00	 30.00	   0.0	 0.9550	  7.35	 0.0150	  1.75	  1.94	 1.048	 0.00000000	 0.633	  0.406	  0.96	  0.01	  0.9937	 0.0000	 0.66352591	 0.0000	 0.13475422	 0.9874	 6.16964348	 21.95	  1.65	 1.6811	 14.1920	 
m70612c1r5.htb	   0.0	  0.03	 2.000	  0.00	 -8.00	 30.00	   0.0	 0.9550	 21.27	 0.0150	  8.34	  6.87	 0.906	 0.00000000	 0.604	  0.649	  0.96	  0.01	  0.9523	 0.0002	 0.53160278	 0.0000	 0.43754473	 0.9324	 18.08615668	 49.15	  1.43	 8.2178	 19.6907	 
m70612c1r15.htb	   0.0	  0.03	 2.000	  0.00	 -8.00	 30.00	   0.0	 0.9550	 20.17	 0.0150	  5.26	  6.27	 1.104	 0.00000000	 0.643	  0.605	  0.96	  0.01	  0.9958	 0.0000	 0.70762221	 0.0000	 0.05376033	 0.9967	 21.61359371	 43.63	  1.15	 4.8182	 28.0340	 
m70612c2r5.htb	   0.0	  0.03	 2.000	  0.00	 -7.00	 30.00	   0.0	 0.9550	 23.42	 0.0150	  7.70	  7.76	 1.014	 0.00000000	 0.607	  0.753	  0.96	  0.01	  0.9798	 0.0000	 0.55022612	 0.0000	 0.24171588	 0.9706	 32.71072835	 100.00	  1.26	 7.5377	 19.3832	 
m70612c2r15.htb	   0.0	  0.03	 2.000	  0.00	 -7.00	 30.00	   0.0	 0.9550	 20.40	 0.0150	  5.72	  7.86	 1.339	 0.00000000	 0.667	  0.567	  0.96	  0.01	  0.9944	 0.0000	 0.65165146	 0.0000	 0.08755496	 0.9933	 31.94029851	 81.75	  0.66	 3.6063	 33.7393	 
m70613c2r5.htb	 120.0	  0.03	 2.000	  5.00	  0.00	 40.00	   0.0	 0.9550	  6.57	 0.0150	  2.85	  3.53	 1.387	 0.00000862	 0.527	  0.456	  0.96	  0.01	  0.9358	 0.0004	 0.37684762	 0.0000	 0.30572822	 0.9589	 8.56317500	 100.00	  0.66	 2.3549	 8.1384	 
m70613c2r15.htb	 120.0	  0.03	 2.000	  5.00	  0.00	 40.00	   0.0	 0.9550	  7.54	 0.0150	  3.50	  5.72	 2.321	 0.00000963	 0.538	  0.423	  0.96	  0.01	  0.9535	 0.0002	 0.38177423	 0.0000	 0.17626494	 0.9813	 4.98492804	 22.72	  1.20	 3.3131	 10.9532	 
m70613c1r5.htb	   0.0	  0.03	 2.000	  0.00	  0.00	 50.00	   0.0	 0.9550	  2.49	 0.0150	  1.90	  1.64	 0.698	 0.71570812	 0.268	  0.443	  0.96	  0.01	  0.3964	 0.1297	 0.02200583	 0.2204	 0.12119037	 0.9892	 0.59007994	 28.24	 10.00	 1.8968	 1.1019	 
m70613c1r15.htb	   0.0	  0.03	 2.000	  0.00	  0.00	 50.00	   0.0	 0.9550	  2.78	 0.0150	  1.74	  2.34	 2.353	 0.13927414	 0.332	  0.464	  0.96	  0.01	  0.8908	 0.0014	 0.12321198	 0.0029	 0.19483273	 0.9784	 1.04656868	 15.11	 10.00	 1.7366	 3.9294	 
m70618c1r5.htb	   0.0	  0.03	 2.000	  8.00	  3.00	 30.00	   0.0	 0.9550	  9.89	 0.0150	  3.99	  4.08	 1.016	 0.00000047	 0.518	  0.639	  0.96	  0.01	  0.9272	 0.0005	 0.42623128	 0.0000	 1.08795453	 0.7800	 6.62858584	 42.07	  2.56	 3.9856	 7.8094	 
m70618c1r15.htb	   0.0	  0.03	 2.000	  8.00	  3.00	 30.00	   0.0	 0.9550	  9.77	 0.0150	  5.76	  5.97	 1.055	 0.00002610	 0.509	  0.417	  0.96	  0.01	  0.8968	 0.0012	 0.34000303	 0.0000	 0.54343414	 0.9093	 4.22381140	 28.31	  2.40	 5.7607	 7.5370	 
m70619c1r5.htb	   0.0	  0.03	 2.000	 -5.00	  5.00	 30.00	   0.0	 0.9550	  2.18	 0.0150	  1.28	  1.44	 1.226	 0.02823518	 0.394	  0.344	  0.96	  0.01	  0.8460	 0.0033	 0.16540892	 0.0005	 0.28276493	 0.9632	 0.89968727	 43.06	 10.00	 1.2772	 1.0990	 
m70619c1r15.htb	   0.0	  0.03	 2.000	  5.00	  0.00	 40.00	   0.0	 0.9550	  8.11	 0.0150	  5.51	  5.97	 3.208	 0.00082124	 0.502	  0.325	  0.96	  0.01	  0.6870	 0.0212	 0.20441708	 0.0001	 0.81074843	 0.8469	 12.76119403	 44.22	  0.20	 1.2358	 10.3394	 
m70621c1r5.htb	   0.0	  0.03	 2.000	  8.00	  5.00	 30.00	   0.0	 0.9550	 14.45	 0.0150	  0.39	  0.80	 1.030	 0.00000000	 0.641	  0.933	  0.96	  0.01	  0.9899	 0.0000	 0.72100576	 0.0000	 0.11856492	 0.9895	 14.60511463	 27.29	  2.61	 0.3799	 27.2949	 
m70621c2r5.htb	   0.0	  0.03	 2.000	 -8.00	  5.00	 30.00	   0.0	 0.9550	  2.66	 0.0150	  0.48	  0.80	 1.169	 0.00000145	 0.500	  0.514	  0.96	  0.01	  0.9665	 0.0001	 0.42368488	 0.0000	 0.09989493	 0.9919	 4.17910448	 92.72	  2.77	 0.4822	 1.7473	 
m70621c2r15.htb	   0.0	  0.03	 2.000	  8.00	  5.00	 30.00	   0.0	 0.9550	  5.64	 0.0150	  0.92	  1.39	 1.119	 0.00000000	 0.589	  0.559	  0.96	  0.01	  0.9599	 0.0001	 0.54888505	 0.0000	 0.47781384	 0.9237	 9.02985075	 88.46	  1.40	 0.8868	 5.5924	 
m70622c1r5.htb	   0.0	  0.03	 2.000	  5.00	  8.00	 30.00	   0.0	 0.9550	 19.76	 0.0150	  2.87	  3.58	 1.052	 0.00000000	 0.646	  0.802	  0.96	  0.01	  0.9893	 0.0000	 0.67609896	 0.0000	 0.16262236	 0.9834	 24.46761774	 54.32	  1.46	 2.7464	 24.0091	 
m70622c1r15.htb	   0.0	  0.03	 2.000	  0.00	  0.00	 30.00	   0.0	 0.9550	 14.64	 0.0150	  3.84	  3.93	 1.011	 0.00000000	 0.610	  0.605	  0.96	  0.01	  0.9969	 0.0000	 0.65001048	 0.0000	 0.03301085	 0.9984	 11.70121689	 27.87	  2.05	 3.8127	 21.2298	 
m70625c1r5.htb	   0.0	  0.03	 2.000	  8.00	 -8.00	 30.00	   0.0	 0.9550	 14.98	 0.0150	  0.43	  0.85	 1.030	 0.00000000	 0.700	  0.724	  0.96	  0.01	  0.9956	 0.0000	 0.81462122	 0.0000	 0.19165592	 0.9789	 16.91240102	 41.62	  2.20	 0.4203	 20.2167	 
m70625c1r15.htb	   0.0	  0.03	 2.000	  0.00	 -2.00	 30.00	   0.0	 0.9550	 21.74	 0.0150	  1.20	  2.39	 1.069	 0.00000000	 0.676	  0.878	  0.96	  0.01	  0.9917	 0.0000	 0.74459472	 0.0000	 0.17059831	 0.9822	 26.94202305	 43.68	  1.53	 1.0512	 32.2475	 
m70625c2r5.htb	   0.0	  0.03	 2.000	 -3.00	  5.00	 30.00	   0.0	 0.9550	 14.97	 0.0150	  1.62	  1.89	 1.021	 0.00000000	 0.658	  0.712	  0.96	  0.01	  0.9964	 0.0000	 0.79105132	 0.0000	 0.15197618	 0.9849	 14.89656153	 37.24	  2.29	 1.6146	 19.9669	 
m70625c2r15.htb	   0.0	  0.03	 2.000	  0.00	 -5.00	 30.00	   0.0	 0.9550	 18.86	 0.0150	  1.78	  2.07	 1.020	 0.00000000	 0.724	  0.636	  0.96	  0.01	  0.9753	 0.0000	 0.84266037	 0.0000	 1.55038947	 0.6707	 23.68164373	 56.35	  1.81	 1.7449	 20.9870	 
m70626c1r5.htb	   0.0	  0.03	 2.000	  8.00	  5.00	 25.00	   0.0	 0.9550	  4.28	 0.0150	  2.96	  2.64	 0.805	 0.02005227	 0.343	  0.355	  0.96	  0.01	  0.9667	 0.0001	 0.19969129	 0.0001	 0.01814541	 0.9994	 1.31875976	 26.12	 10.00	 2.9568	 2.7212	 
m70626c1r15.htb	   0.0	  0.03	 2.000	  8.00	  5.00	 50.00	   0.0	 0.9550	  0.71	 0.0150	  0.03	  0.20	 1.327	 0.00004534	 0.520	  0.358	  0.96	  0.01	  0.9491	 0.0002	 0.34826514	 0.0000	 0.38768864	 0.9428	 0.68641598	 56.91	 10.00	 0.0307	 0.6334	 
m70628c1r5.htb	   0.0	  0.03	 2.000	 -10.00	 -10.00	 30.00	   0.0	 0.9550	  5.79	 0.0150	  0.82	  1.34	 1.121	 0.00000000	 0.675	  0.373	  0.96	  0.01	  0.9890	 0.0000	 0.77272193	 0.0000	 0.26582997	 0.9663	 6.02052240	 40.23	  1.82	 0.8045	 7.5695	 
m70628c1r15.htb	   0.0	  0.03	 2.000	 -10.00	 -10.00	 30.00	   0.0	 0.9550	 16.51	 0.0150	  1.47	  0.75	 0.954	 0.00000000	 0.747	  0.506	  0.96	  0.01	  0.9956	 0.0000	 0.85031729	 0.0000	 0.74235428	 0.8632	 22.30200836	 69.11	  2.25	 1.4671	 14.8643	 
m70703c1r5.htb	   0.0	  0.03	 2.000	  0.00	 -10.00	 30.00	   0.0	 0.9550	  4.59	 0.0150	  0.85	  1.14	 1.086	 0.00000000	 0.542	  0.553	  0.96	  0.01	  0.9898	 0.0000	 0.53408149	 0.0000	 0.11654881	 0.9898	 3.83356068	 50.05	  5.67	 0.8484	 3.9314	 
m70703c2r5.htb	   0.0	  0.03	 2.000	  0.00	 -5.00	 30.00	   0.0	 0.9550	 12.56	 0.0150	  2.64	  4.08	 1.172	 0.00000000	 0.579	  0.712	  0.96	  0.01	  0.9998	 0.0000	 0.57268295	 0.0000	 0.05790289	 0.9964	 12.49116614	 46.58	  1.89	 2.6258	 13.4216	 
m70705c1r5.htb	   0.0	  0.03	 2.000	 -8.00	  5.00	 30.00	   0.0	 0.9550	  2.23	 0.0150	  0.62	  0.90	 1.207	 0.00001558	 0.509	  0.395	  0.96	  0.01	  0.9808	 0.0000	 0.38274193	 0.0000	 0.12064872	 0.9892	 1.68636083	 43.62	  3.86	 0.6193	 1.9506	 
m70705c1r15.htb	   0.0	  0.03	 2.000	 -8.00	  5.00	 30.00	   0.0	 0.9550	  3.06	 0.0150	  0.77	  0.90	 1.058	 0.00006909	 0.474	  0.579	  0.96	  0.01	  0.9635	 0.0001	 0.34440378	 0.0000	 0.13242180	 0.9877	 2.38773805	 53.94	  5.50	 0.7705	 2.2018	 
m70705c1r25.htb	   0.0	  0.03	 2.000	 -8.00	  5.00	 30.00	   0.0	 0.9550	  2.50	 0.0150	  0.83	  0.70	 0.924	 0.00172723	 0.401	  0.569	  0.96	  0.01	  0.9734	 0.0000	 0.27057310	 0.0000	 0.10116322	 0.9917	 1.67169882	 42.04	 10.00	 0.8336	 2.0982	 
m70705c1r35.htb	   0.0	  0.03	 2.000	 -8.00	  5.00	 30.00	   0.0	 0.9550	  4.50	 0.0150	  1.71	  2.14	 1.200	 0.01546812	 0.471	  0.675	  0.96	  0.01	  0.6176	 0.0362	 0.13261780	 0.0019	 0.61178804	 0.8937	 5.82767969	 100.00	  1.14	 1.6658	 3.7440	 
m70706c2r5.htb	   0.0	  0.03	 4.000	 -5.00	 -5.00	 30.00	   0.0	 0.9550	 12.33	 0.0150	  0.04	  0.25	 1.019	 0.00000000	 0.739	  0.589	  0.96	  0.01	  0.9979	 0.0000	 0.80069030	 0.0000	 0.09380323	 0.9926	 15.89902211	 51.70	  2.00	 0.0241	 15.1520	 
m70709c1r5.htb	   0.0	  0.03	 2.000	 -2.00	  0.00	 30.00	   0.0	 0.9550	  8.97	 0.0150	  1.92	  1.94	 1.004	 0.00000000	 0.663	  0.435	  0.96	  0.01	  0.9854	 0.0000	 0.77624419	 0.0000	 0.33310728	 0.9537	 7.45827869	 31.35	  2.58	 1.9144	 11.9805	 
m70709c2r5.htb	   0.0	  0.03	 2.000	 -8.00	  0.00	 30.00	   0.0	 0.9550	  6.94	 0.0150	  3.34	  2.69	 0.846	 0.00000000	 0.566	  0.330	  0.96	  0.01	  0.9972	 0.0000	 0.58415397	 0.0000	 0.07892949	 0.9942	 3.60236938	 11.97	 10.00	 3.3419	 18.2099	 
m70709c3r5.htb	   0.0	  0.03	 2.000	 -10.00	  6.00	 30.00	   0.0	 0.9550	  4.31	 0.0150	  1.71	  2.04	 1.146	 0.00025230	 0.491	  0.453	  0.96	  0.01	  0.9546	 0.0002	 0.31216933	 0.0000	 0.11628000	 0.9898	 4.90266307	 90.60	  2.28	 1.7094	 2.2782	 
m70710c1r5.htb	 180.0	  0.03	 2.000	 -5.00	 -10.00	 30.00	   0.0	 0.9550	 13.21	 0.0150	  1.77	  2.24	 1.080	 0.00000000	 0.684	  0.522	  0.96	  0.01	  0.9927	 0.0000	 0.80097569	 0.0000	 0.16701055	 0.9827	 14.33665599	 26.80	  1.23	 1.3652	 27.6181	 
m70710c2r5.htb	 270.0	  0.03	 2.000	  0.00	  0.00	 30.00	   0.0	 0.9550	 15.38	 0.0150	  7.68	  9.80	 1.381	 0.00000000	 0.608	  0.460	  0.96	  0.01	  0.9287	 0.0005	 0.51601985	 0.0000	 0.80741384	 0.8477	 8.00237776	 35.39	  3.26	 7.6784	 11.4903	 
m70711c1r5.htb	   0.0	  0.03	 2.000	  0.00	  8.00	 30.00	   0.0	 0.9550	 16.81	 0.0150	  9.13	  8.56	 0.930	 0.00000001	 0.587	  0.410	  0.96	  0.01	  0.9803	 0.0000	 0.52207712	 0.0000	 0.14996445	 0.9852	 11.29076143	 73.05	  2.82	 9.1311	 6.7830	 
m70711c2r5.htb	   0.0	  0.03	 2.000	 -5.00	  5.00	 30.00	   0.0	 0.9550	 11.94	 0.0150	  2.29	  3.33	 1.128	 0.00000000	 0.656	  0.514	  0.96	  0.01	  0.9924	 0.0000	 0.73173980	 0.0000	 0.17886518	 0.9809	 14.03290537	 56.41	  1.53	 2.2355	 13.0738	 
m70712c1r5.htb	   0.0	  0.03	 2.000	 -5.00	  5.00	 30.00	   0.0	 0.9550	 20.75	 0.0150	  0.84	  1.04	 1.011	 0.00000000	 0.749	  0.595	  0.96	  0.01	  0.9963	 0.0000	 0.91616453	 0.0000	 0.34995801	 0.9504	 21.21692641	 28.82	  2.29	 0.8199	 37.0983	 
m70717c3r5.htb	   0.0	  0.03	 2.000	  0.00	  5.00	 30.00	   0.0	 0.9550	  7.79	 0.0150	  0.72	  1.19	 1.112	 0.00000000	 0.629	  0.593	  0.96	  0.01	  0.9544	 0.0002	 0.63348984	 0.0000	 0.61953891	 0.8919	 10.36877033	 42.71	  1.10	 0.4576	 13.8510	 
m70718c1r5.htb	   0.0	  0.03	 2.000	  2.00	  5.00	 30.00	   0.0	 0.9550	 29.65	 0.0150	  3.62	  3.53	 1.006	 0.00000000	 0.762	  0.568	  0.96	  0.01	  0.9983	 0.0000	 0.86295544	 0.0000	 0.24228507	 0.9705	 40.63036897	 61.67	  1.38	 3.3789	 36.1737	 
m70718c2r5.htb	  90.0	  0.03	 2.000	  0.00	 -5.00	 30.00	   0.0	 0.9550	 23.35	 0.0150	  9.10	 10.30	 1.092	 0.00000000	 0.666	  0.466	  0.96	  0.01	  0.9853	 0.0000	 0.77586512	 0.0000	 0.52211252	 0.9140	 14.50612051	 25.09	  3.02	 9.0927	 29.7152	 
m70718c3r5.htb	  90.0	  0.03	 2.000	  0.00	  2.00	 30.00	   0.0	 0.9550	  3.29	 0.0150	  0.50	  1.49	 1.555	 0.00000283	 0.564	  0.555	  0.96	  0.01	  0.8941	 0.0013	 0.38021357	 0.0000	 1.09816465	 0.7775	 3.01644653	 51.89	  4.14	 0.4952	 2.8471	 
m70719c1r5.htb	  90.0	  0.03	 2.000	  5.00	  5.00	 30.00	   0.0	 0.9550	 27.74	 0.0150	  5.49	  6.22	 1.071	 0.00000000	 0.733	  0.529	  0.96	  0.01	  0.9971	 0.0000	 0.83567366	 0.0000	 0.07498428	 0.9947	 26.04548315	 20.30	  1.32	 4.6806	 63.4305	 
m70719c2r5.htb	  90.0	  0.03	 2.000	 -5.00	  0.00	 30.00	   0.0	 0.9550	 32.16	 0.0150	 15.52	 16.17	 1.044	 0.00000001	 0.562	  0.789	  0.96	  0.01	  0.9681	 0.0001	 0.50466665	 0.0000	 0.42297218	 0.9355	 16.78134356	 13.32	  2.66	 15.4719	 65.3200	 
m70719c3r5.htb	  90.0	  0.03	 2.000	 -5.00	 -5.00	 30.00	   0.0	 0.9550	 27.46	 0.0150	  7.62	  8.01	 1.025	 0.00000289	 0.539	  1.161	  0.96	  0.01	  0.9665	 0.0001	 0.41065780	 0.0000	 0.18723581	 0.9796	 24.20635546	 39.36	  1.74	 7.5330	 31.3294	 
m70720c1r5.htb	  90.0	  0.03	 2.000	 -5.00	  0.00	 30.00	   0.0	 0.9550	 26.33	 0.0150	  5.19	  6.47	 1.064	 0.00000000	 0.665	  0.818	  0.96	  0.01	  0.9898	 0.0000	 0.80869336	 0.0000	 0.25709528	 0.9679	 21.29127011	 24.33	  3.62	 5.1933	 44.8999	 
m70720c2r5.htb	   0.0	  0.03	 2.000	 -5.00	 -2.00	 30.00	   0.0	 0.9550	 34.70	 0.0150	 11.12	 11.49	 1.024	 0.00000000	 0.676	  0.651	  0.96	  0.01	  0.9894	 0.0000	 0.74902398	 0.0000	 0.19642575	 0.9782	 26.44279158	 26.55	  1.71	 10.9267	 50.5130	 
m70723c1r5.htb	   0.0	  0.03	 2.000	 -8.00	 -8.00	 30.00	   0.0	 0.9550	  2.55	 0.0150	  0.59	  1.00	 1.270	 0.00029007	 0.461	  0.542	  0.96	  0.01	  0.9543	 0.0002	 0.30882261	 0.0000	 0.12391572	 0.9888	 2.00860432	 13.59	  2.15	 0.5750	 7.5453	 
m70723c1r15.htb	   0.0	  0.03	 2.000	 -8.00	 -8.00	 30.00	   0.0	 0.9550	  3.21	 0.0150	  0.52	  0.88	 1.162	 0.00000243	 0.545	  0.507	  0.96	  0.01	  0.9751	 0.0000	 0.49027202	 0.0000	 0.67124517	 0.8799	 5.41044776	 95.89	  1.48	 0.5091	 2.9754	 
m70730c1r5.htb	   0.0	  0.03	 2.000	 -5.00	  0.00	 30.00	   0.0	 0.9550	 18.38	 0.0150	  0.55	  0.85	 1.023	 0.00000000	 0.773	  0.532	  0.96	  0.01	  0.9964	 0.0000	 0.88900745	 0.0000	 0.41370730	 0.9374	 24.97272507	 51.94	  1.54	 0.4435	 25.2137	 
m70730c1r15.htb	   0.0	  0.03	 2.000	 -5.00	  0.00	 15.00	   0.0	 0.9550	 13.54	 0.0150	  0.78	  1.69	 1.079	 0.00000000	 0.767	  0.479	  0.96	  0.01	  0.9847	 0.0000	 0.86904362	 0.0000	 2.06244022	 0.5595	 21.11940299	 74.30	  1.71	 0.7507	 14.1709	 
m70730c1r25.htb	   0.0	  0.03	 2.000	 -5.00	  0.00	 60.00	   0.0	 0.9550	 16.97	 0.0150	  0.68	  1.89	 1.125	 0.00000000	 0.745	  0.591	  0.96	  0.01	  0.9947	 0.0000	 0.83344712	 0.0000	 0.17865308	 0.9810	 18.93259476	 18.41	  1.31	 0.0000	 49.8121	 
m70730c1r35.htb	   0.0	  0.03	 2.000	 -5.00	  0.00	 80.00	   0.0	 0.9550	 13.48	 0.0150	  1.27	  1.84	 1.069	 0.00000000	 0.699	  0.530	  0.96	  0.01	  0.9846	 0.0000	 0.80059809	 0.0000	 0.43057844	 0.9339	 13.32727367	 18.32	  1.60	 1.0362	 36.3711	 
m70731c1r5.htb	   0.0	  0.03	 2.000	 -2.00	  0.00	 30.00	   0.0	 0.9550	 18.39	 0.0150	  0.77	  1.09	 1.019	 0.00000000	 0.780	  0.493	  0.96	  0.01	  0.9961	 0.0000	 0.91804069	 0.0000	 0.28989082	 0.9619	 20.82162177	 44.48	  2.24	 0.7585	 23.1382	 
m70731c1r15.htb	   0.0	  0.03	 2.000	 -2.00	  0.00	 15.00	   0.0	 0.9550	  7.62	 0.0150	  1.17	  1.34	 1.028	 0.00000000	 0.677	  0.441	  0.96	  0.01	  0.9891	 0.0000	 0.77364845	 0.0000	 0.40235337	 0.9398	 9.85579320	 74.52	  2.58	 1.1686	 5.7831	 
m70731c1r35.htb	   0.0	  0.03	 2.000	 -2.00	  0.00	 90.00	   0.0	 0.9550	 11.84	 0.0150	  1.06	  0.80	 0.976	 0.00000000	 0.702	  0.525	  0.96	  0.01	  0.9974	 0.0000	 0.84726115	 0.0000	 0.09700931	 0.9922	 12.02805033	 41.08	  2.55	 1.0595	 14.5142	 
m70801c3r5.htb	   0.0	  0.03	 2.000	  5.00	  5.00	 25.00	   0.0	 0.9550	 55.07	 0.0150	  9.70	 12.34	 1.085	 0.00000000	 0.778	  0.613	  0.96	  0.01	  0.9992	 0.0000	 0.90317413	 0.0000	 0.11883999	 0.9895	 61.93655447	 40.13	  1.26	 8.7202	 84.3295	 
m70801c3r15.htb	   0.0	  0.03	 2.000	  5.00	  5.00	 12.50	   0.0	 0.9550	 43.72	 0.0150	 11.66	 11.09	 0.986	 0.00000000	 0.696	  0.741	  0.96	  0.01	  0.9915	 0.0000	 0.79455819	 0.0000	 0.17978506	 0.9808	 60.55528571	 87.93	  1.53	 11.5379	 35.7504	 
m70801c3r25.htb	   0.0	  0.03	 2.000	  5.00	  5.00	 50.00	   0.0	 0.9550	 39.00	 0.0150	  7.93	 10.95	 1.317	 0.00000000	 0.736	  0.607	  0.96	  0.01	  0.9682	 0.0001	 0.80874418	 0.0000	 1.38127020	 0.7099	 41.65490677	 10.47	  0.93	 2.0602	 144.2781	 
m70801c3r35.htb	   0.0	  0.03	 2.000	  5.00	  5.00	 100.00	   0.0	 0.9550	 32.99	 0.0150	  9.80	  7.06	 0.923	 0.00000000	 0.651	  0.708	  0.96	  0.01	  0.9941	 0.0000	 0.70764488	 0.0000	 0.34017077	 0.9523	 24.58340624	 11.54	  1.70	 9.0610	 103.2880	 
m70802c1r5.htb	   0.0	  0.03	 2.000	 -8.00	 -7.00	 30.00	   0.0	 0.9550	 17.53	 0.0150	  3.59	  3.33	 0.982	 0.00000000	 0.676	  0.583	  0.96	  0.01	  0.9914	 0.0000	 0.77181398	 0.0000	 0.12064883	 0.9892	 27.31343284	 93.55	  2.04	 3.5885	 12.7236	 
m70802c1r15.htb	   0.0	  0.03	 2.000	 -8.00	 -7.00	 15.00	   0.0	 0.9550	  8.99	 0.0150	  0.86	  1.54	 1.130	 0.00000000	 0.632	  0.618	  0.96	  0.01	  0.9908	 0.0000	 0.65841606	 0.0000	 0.11751494	 0.9897	 13.80597015	 62.02	  1.03	 0.5727	 14.1059	 
m70802c1r25.htb	   0.0	  0.03	 2.000	 -8.00	 -7.00	 60.00	   0.0	 0.9550	  9.57	 0.0150	  1.09	  1.69	 1.082	 0.00000000	 0.638	  0.581	  0.96	  0.01	  0.9944	 0.0000	 0.66788385	 0.0000	 0.06437664	 0.9957	 9.30767011	 26.38	  1.86	 1.0490	 17.8765	 
m70802c1r35.htb	   0.0	  0.03	 2.000	 -8.00	 -7.00	 120.00	   0.0	 0.9550	  6.59	 0.0150	  1.29	  1.54	 1.163	 0.00000000	 0.607	  0.492	  0.96	  0.01	  0.9511	 0.0002	 0.55326908	 0.0000	 0.40814240	 0.9386	 10.67164179	 72.68	  0.74	 0.7171	 11.5501	 
m70802c2r5.htb	   0.0	  0.03	 2.000	  2.00	 -2.00	 30.00	   0.0	 0.9550	 24.14	 0.0150	  4.68	  5.02	 1.022	 0.00000000	 0.655	  0.748	  0.96	  0.01	  0.9972	 0.0000	 0.76673514	 0.0000	 0.05996853	 0.9962	 20.49983427	 22.48	  2.08	 4.6035	 46.2930	 
m70802c2r35.htb	   0.0	  0.03	 2.000	  2.00	 -2.00	 120.00	   0.0	 0.9550	 19.46	 0.0150	  4.49	  4.38	 1.094	 0.00000000	 0.677	  0.567	  0.96	  0.01	  0.9588	 0.0001	 0.71441936	 0.0000	 0.61496310	 0.8930	 20.37953213	 20.83	  0.95	 2.9537	 47.0161	 
m70803c2r5.htb	   0.0	  0.03	 2.000	 -10.00	 -3.00	 30.00	   0.0	 0.9550	 26.45	 0.0150	  4.33	  7.31	 1.163	 0.00000000	 0.612	  1.029	  0.96	  0.01	  0.9813	 0.0000	 0.65267889	 0.0000	 0.29629741	 0.9607	 28.27566342	 41.86	  1.59	 4.1875	 34.9851	 
m70803c2r25.htb	   0.0	  0.03	 2.000	 -10.00	 -3.00	 120.00	   0.0	 0.9550	 19.23	 0.0150	  4.00	  4.58	 1.312	 0.00000000	 0.662	  0.643	  0.96	  0.01	  0.9546	 0.0002	 0.65240394	 0.0000	 0.57633935	 0.9018	 27.73881327	 25.88	  0.62	 0.0000	 51.0826	 
m70806c1r5.htb	   0.0	  0.03	 2.000	  7.00	  3.00	 25.00	   0.0	 0.9550	  7.21	 0.0150	  0.44	  0.50	 1.012	 0.00000000	 0.655	  0.556	  0.96	  0.01	  0.9944	 0.0000	 0.70931105	 0.0000	 0.24961620	 0.9692	 8.41291751	 41.30	  1.72	 0.4148	 10.3961	 
m70806c1r15.htb	   0.0	  0.03	 2.000	  7.00	  3.00	 50.00	   0.0	 0.9550	  6.52	 0.0150	  0.82	  1.14	 1.061	 0.00000000	 0.696	  0.416	  0.96	  0.01	  0.9918	 0.0000	 0.82615589	 0.0000	 0.40665054	 0.9389	 5.70561226	 18.84	  4.04	 0.8181	 16.0569	 
m70806c1r25.htb	   0.0	  0.03	 2.000	  7.00	  3.00	 100.00	   0.0	 0.9550	  1.84	 0.0150	  0.63	  1.04	 1.518	 0.00106753	 0.452	  0.442	  0.96	  0.01	  0.9650	 0.0001	 0.28054608	 0.0000	 0.14973759	 0.9853	 1.21242659	 14.15	 10.00	 0.6313	 4.8531	 
m70806c1r35.htb	   0.0	  0.03	 2.000	  7.00	  3.00	 12.50	   0.0	 0.9550	  8.67	 0.0150	  0.56	  0.65	 1.017	 0.00000000	 0.693	  0.489	  0.96	  0.01	  0.9765	 0.0000	 0.78430963	 0.0000	 0.54741692	 0.9084	 10.74365337	 46.04	  1.58	 0.5085	 12.1274	 
m70807c1r5.htb	   0.0	  0.03	 2.000	  0.00	  0.00	 30.00	   0.0	 0.9550	 20.91	 0.0150	  3.18	  3.63	 1.076	 0.00000000	 0.741	  0.492	  0.96	  0.01	  0.9893	 0.0000	 0.84496428	 0.0000	 0.91866723	 0.8209	 23.25548161	 27.81	  1.12	 2.3245	 43.3904	 
m70807c1r15.htb	   0.0	  0.03	 2.000	  0.00	  0.00	 60.00	   0.0	 0.9550	 10.51	 0.0150	  1.66	  1.59	 1.011	 0.00000000	 0.681	  0.474	  0.96	  0.01	  0.9973	 0.0000	 0.76962332	 0.0000	 0.20550714	 0.9767	 11.32936048	 34.35	  1.33	 1.4915	 17.3970	 
m70807c1r25.htb	   0.0	  0.03	 2.000	  0.00	  0.00	 120.00	   0.0	 0.9550	  7.77	 0.0150	  1.45	  2.04	 1.164	 0.00000000	 0.668	  0.400	  0.96	  0.01	  0.9513	 0.0002	 0.73473196	 0.0000	 1.42885694	 0.6988	 6.73448422	  7.51	  1.82	 1.1023	 42.5120	 
m70807c1r35.htb	   0.0	  0.03	 2.000	  0.00	  0.00	 15.00	   0.0	 0.9550	 16.87	 0.0150	  1.69	  1.54	 1.011	 0.00000000	 0.749	  0.475	  0.96	  0.01	  0.9981	 0.0000	 0.89338031	 0.0000	 0.06430449	 0.9957	 18.75989589	 30.07	  1.35	 1.3674	 32.3747	 
m70809c1r5.htb	 180.0	  0.03	 2.000	  0.00	  2.00	 35.00	   0.0	 0.9550	 14.58	 0.0150	  2.23	  2.49	 1.031	 0.00000000	 0.749	  0.419	  0.96	  0.01	  0.9888	 0.0000	 0.82197511	 0.0000	 0.99109082	 0.8034	 13.98834843	 26.63	  1.65	 2.1104	 26.6369	 
m70809c1r15.htb	 180.0	  0.03	 2.000	  0.00	  2.00	 70.00	   0.0	 0.9550	  8.75	 0.0150	  2.22	  1.69	 0.935	 0.00000000	 0.590	  0.521	  0.96	  0.01	  0.9924	 0.0000	 0.62163026	 0.0000	 0.19923058	 0.9777	 6.78595808	 15.60	  1.96	 2.1498	 22.0279	 
m70809c1r25.htb	 180.0	  0.03	 2.000	  0.00	  2.00	 140.00	   0.0	 0.9550	  7.81	 0.0150	  1.91	  2.04	 1.310	 0.00000000	 0.626	  0.409	  0.96	  0.01	  0.9146	 0.0007	 0.63170890	 0.0000	 1.33108990	 0.7218	 9.72549984	 15.27	  0.68	 0.2521	 23.0570	 
m70809c1r35.htb	 180.0	  0.03	 2.000	  0.00	  2.00	 18.00	   0.0	 0.9550	 13.55	 0.0150	  2.06	  2.79	 1.096	 0.00000000	 0.679	  0.553	  0.96	  0.01	  0.9826	 0.0000	 0.72649053	 0.0000	 0.26308864	 0.9668	 21.41791045	 78.78	  1.06	 1.7494	 17.6862	 
m70810c1r5.htb	  90.0	  0.03	 2.000	  0.00	  0.00	 30.00	   0.0	 0.9550	  9.00	 0.0150	  0.26	  0.45	 1.022	 0.00000000	 0.726	  0.497	  0.96	  0.01	  0.9965	 0.0000	 0.89469024	 0.0000	 0.31817045	 0.9566	 9.40111885	 35.25	  2.59	 0.2582	 13.2978	 
m70810c1r15.htb	  90.0	  0.03	 2.000	  0.00	  0.00	 60.00	   0.0	 0.9550	  4.57	 0.0150	  0.60	  1.00	 1.111	 0.00000000	 0.586	  0.544	  0.96	  0.01	  0.9735	 0.0000	 0.54054669	 0.0000	 0.29031632	 0.9618	 4.06739715	 22.92	  2.57	 0.5996	 9.0100	 
m70810c1r25.htb	  90.0	  0.03	 2.000	  0.00	  0.00	 120.00	   0.0	 0.9550	  3.62	 0.0150	  0.22	  0.65	 1.178	 0.00000002	 0.564	  0.549	  0.96	  0.01	  0.9818	 0.0000	 0.50233985	 0.0000	 0.09063955	 0.9929	 5.01739572	 46.06	  1.14	 0.1194	 6.2108	 
m70810c1r35.htb	  90.0	  0.03	 2.000	  0.00	  0.00	 15.00	   0.0	 0.9550	  8.77	 0.0150	  0.63	  0.95	 1.040	 0.00000000	 0.689	  0.542	  0.96	  0.01	  0.9870	 0.0000	 0.78944091	 0.0000	 0.38086087	 0.9442	 11.41532734	 65.96	  2.46	 0.6334	 7.9724	 
m70816c1r5.htb	   0.0	  0.03	 2.000	  6.00	  5.00	 25.00	   0.0	 0.9550	 10.99	 0.0150	  1.45	  1.49	 1.005	 0.00000000	 0.676	  0.675	  0.96	  0.01	  0.9317	 0.0004	 0.53847909	 0.0000	 1.71061500	 0.6346	 9.80210089	 30.68	  3.16	 1.4498	 16.1838	 
m70816c1r15.htb	   0.0	  0.03	 2.000	  6.00	  5.00	 50.00	   0.0	 0.9550	 11.69	 0.0150	  1.63	  2.34	 1.104	 0.00000000	 0.608	  0.718	  0.96	  0.01	  0.9851	 0.0000	 0.58546466	 0.0000	 0.16492253	 0.9830	 16.84524587	 63.26	  1.11	 1.3684	 16.3054	 
m70816c1r25.htb	   0.0	  0.03	 2.000	  6.00	  5.00	 100.00	   0.0	 0.9550	  6.95	 0.0150	  1.77	  1.64	 0.988	 0.00000000	 0.599	  0.453	  0.96	  0.01	  0.9949	 0.0000	 0.54662109	 0.0000	 0.12308715	 0.9889	 5.75060109	 22.96	  1.64	 1.7036	 12.6472	 
m70816c1r35.htb	   0.0	  0.03	 2.000	  6.00	  5.00	 12.50	   0.0	 0.9550	 11.95	 0.0150	  1.21	  0.80	 0.963	 0.00000000	 0.663	  0.640	  0.96	  0.01	  0.9904	 0.0000	 0.70996665	 0.0000	 0.22702327	 0.9731	 15.19715336	 61.81	  2.03	 1.2054	 11.8623	 
m70817c1r5.htb	 180.0	  0.03	 2.000	  3.00	  0.00	 40.00	   0.0	 0.9550	 11.24	 0.0150	  1.16	  1.00	 0.985	 0.00000000	 0.688	  0.543	  0.96	  0.01	  0.9939	 0.0000	 0.77776973	 0.0000	 0.19115231	 0.9790	 12.11999933	 45.08	  2.14	 1.1527	 13.3388	 
m70817c1r15.htb	 180.0	  0.03	 2.000	  3.00	  0.00	 80.00	   0.0	 0.9550	  9.29	 0.0150	  1.81	  1.89	 1.014	 0.00000000	 0.682	  0.455	  0.96	  0.01	  0.9748	 0.0000	 0.75309797	 0.0000	 0.57202410	 0.9028	 14.47761194	 91.00	  1.53	 1.7881	 8.2318	 
m70817c1r25.htb	 180.0	  0.03	 2.000	  3.00	  0.00	 160.00	   0.0	 0.9550	  9.45	 0.0150	  1.93	  2.49	 1.084	 0.00000000	 0.609	  0.586	  0.96	  0.01	  0.9693	 0.0001	 0.63706185	 0.0000	 0.63373985	 0.8887	 15.29850746	 97.10	  1.52	 1.9023	 8.1512	 
m70817c1r35.htb	 180.0	  0.03	 2.000	  3.00	  0.00	 20.00	   0.0	 0.9550	 11.74	 0.0150	  2.70	  2.69	 0.999	 0.00000000	 0.634	  0.552	  0.96	  0.01	  0.9855	 0.0000	 0.72065747	 0.0000	 0.52383754	 0.9136	 9.96524818	 50.72	  3.61	 2.7000	 9.5432	 
m70820c1r5.htb	 180.0	  0.03	 2.000	  0.00	  0.00	 35.00	   0.0	 0.9550	 23.11	 0.0150	  8.77	 10.30	 1.122	 0.00000000	 0.606	  0.604	  0.96	  0.01	  0.9897	 0.0000	 0.63584988	 0.0000	 0.10898265	 0.9907	 16.74516482	 36.79	  1.89	 8.7330	 22.9884	 
m70820c1r15.htb	 180.0	  0.03	 2.000	  0.00	  0.00	 70.00	   0.0	 0.9550	 18.43	 0.0150	  7.81	  9.60	 1.243	 0.00000028	 0.540	  0.633	  0.96	  0.01	  0.9671	 0.0001	 0.45334209	 0.0000	 0.33096720	 0.9541	 12.28407855	 19.96	  1.36	 7.4580	 30.3932	 
m70820c1r25.htb	 180.0	  0.03	 2.000	  0.00	  0.00	 140.00	   0.0	 0.9550	 15.50	 0.0150	  6.42	  7.46	 1.822	 0.00031298	 0.503	  0.815	  0.96	  0.01	  0.9184	 0.0007	 0.29550441	 0.0000	 0.28950055	 0.9620	 24.55223881	 34.91	  0.39	 0.8504	 33.0385	 
m70820c1r35.htb	 180.0	  0.03	 2.000	  0.00	  0.00	 18.00	   0.0	 0.9550	 12.83	 0.0150	  6.50	  6.07	 0.951	 0.00029715	 0.504	  0.578	  0.96	  0.01	  0.9418	 0.0003	 0.30424287	 0.0000	 0.20158671	 0.9773	 13.20375568	 100.00	  1.15	 6.3984	 8.4346	 
m70822c1r5.htb	 180.0	  0.03	 2.000	 -5.00	 -7.00	 30.00	   0.0	 0.9550	  6.88	 0.0150	  0.85	  1.00	 1.026	 0.00000000	 0.699	  0.403	  0.96	  0.01	  0.9845	 0.0000	 0.79359224	 0.0000	 0.79983043	 0.8495	 6.12568705	 20.50	  2.71	 0.8434	 15.2855	 
m70822c1r15.htb	 180.0	  0.03	 2.000	 -5.00	 -7.00	 60.00	   0.0	 0.9550	  5.45	 0.0150	  0.77	  1.24	 1.123	 0.00000000	 0.635	  0.423	  0.96	  0.01	  0.9711	 0.0000	 0.63604442	 0.0000	 0.83472639	 0.8411	 5.00035117	 19.73	  1.81	 0.7246	 12.7725	 
m70822c1r25.htb	 180.0	  0.03	 2.000	 -5.00	 -7.00	 120.00	   0.0	 0.9550	  4.48	 0.0150	  1.09	  1.24	 1.049	 0.00000000	 0.562	  0.440	  0.96	  0.01	  0.9856	 0.0000	 0.52886429	 0.0000	 0.05877999	 0.9963	 3.46334267	 18.88	  2.42	 1.0859	 9.4303	 
m70822c1r35.htb	 180.0	  0.03	 2.000	 -5.00	 -7.00	 15.00	   0.0	 0.9550	  6.17	 0.0150	  1.12	  1.54	 1.091	 0.00000000	 0.646	  0.421	  0.96	  0.01	  0.9946	 0.0000	 0.75149216	 0.0000	 0.09392944	 0.9926	 5.26362857	 45.87	  4.27	 1.1233	 5.7463	 
m70823c1r5.htb	 180.0	  0.03	 2.000	  0.00	 -7.00	 20.00	   0.0	 0.9550	  7.91	 0.0150	  0.13	  0.25	 1.017	 0.00000000	 0.753	  0.427	  0.96	  0.01	  0.9984	 0.0000	 0.84852242	 0.0000	 0.36703220	 0.9470	 12.01492537	 67.81	  1.79	 0.1166	 8.7510	 
m70823c1r15.htb	 180.0	  0.03	 2.000	  0.00	 -7.00	 40.00	   0.0	 0.9550	  5.48	 0.0150	  0.05	  0.30	 1.050	 0.00000000	 0.720	  0.427	  0.96	  0.01	  0.9982	 0.0000	 0.79181925	 0.0000	 0.21602381	 0.9750	 6.40150129	 41.05	  2.05	 0.0390	 7.7713	 
m70823c1r25.htb	 180.0	  0.03	 2.000	  0.00	 -7.00	 80.00	   0.0	 0.9550	  3.84	 0.0150	  0.09	  0.25	 1.044	 0.00000000	 0.647	  0.460	  0.96	  0.01	  0.9866	 0.0000	 0.65132617	 0.0000	 0.13371516	 0.9875	 3.94698576	 36.21	  3.06	 0.0912	 5.4662	 
m70823c1r35.htb	 180.0	  0.03	 2.000	  0.00	 -7.00	 10.00	   0.0	 0.9550	  2.34	 0.0150	  0.25	  0.15	 0.954	 0.00000073	 0.575	  0.501	  0.96	  0.01	  0.9381	 0.0003	 0.42349189	 0.0000	 0.96966542	 0.8086	 2.18977583	 48.17	  4.42	 0.2497	 2.2575	 
m70824c1r15.htb	   0.0	  0.03	 2.000	  0.00	  0.00	 40.00	   0.0	 0.9550	 14.00	 0.0150	  0.72	  1.59	 1.072	 0.00000000	 0.723	  0.564	  0.96	  0.01	  0.9979	 0.0000	 0.86018731	 0.0000	 0.11948252	 0.9894	 14.05063932	 27.06	  2.28	 0.7021	 26.3015	 
m70827c1r5.htb	   0.0	  0.03	 2.000	  0.00	 -5.00	 25.00	   0.0	 0.9550	 28.56	 0.0150	  3.72	  2.94	 0.974	 0.00000000	 0.715	  0.691	  0.96	  0.01	  0.9986	 0.0000	 0.83586992	 0.0000	 0.07611037	 0.9945	 38.09713065	 63.04	  1.54	 3.6010	 31.6644	 
m70827c1r15.htb	   0.0	  0.03	 2.000	  0.00	 -5.00	 50.00	   0.0	 0.9550	 15.66	 0.0150	  2.99	  3.93	 1.176	 0.00000003	 0.601	  0.765	  0.96	  0.01	  0.9863	 0.0000	 0.49878710	 0.0000	 0.04447491	 0.9975	 24.85074627	 72.03	  0.79	 1.8608	 25.9412	 
m70827c1r35.htb	   0.0	  0.03	 2.000	  0.00	 -5.00	 12.50	   0.0	 0.9550	 18.87	 0.0150	  3.19	  4.78	 1.116	 0.00000000	 0.682	  0.687	  0.96	  0.01	  0.9865	 0.0000	 0.74102672	 0.0000	 0.46270442	 0.9270	 29.55223881	 87.89	  1.56	 3.1426	 17.2427	 
m70828c1r5.htb	 220.0	  0.03	 2.000	 -5.00	 -10.00	 25.00	   0.0	 0.9550	  3.84	 0.0150	  0.13	  0.15	 1.004	 0.00000000	 0.619	  0.513	  0.96	  0.01	  0.9947	 0.0000	 0.65227929	 0.0000	 0.06285580	 0.9959	 3.72776480	 30.64	  4.58	 0.1343	 6.3939	 
m70828c1r15.htb	 220.0	  0.03	 2.000	 -5.00	 -10.00	 50.00	   0.0	 0.9550	  4.11	 0.0150	  0.03	  0.15	 1.038	 0.00000000	 0.657	  0.497	  0.96	  0.01	  0.9845	 0.0000	 0.63170081	 0.0000	 0.24479631	 0.9701	 6.13499382	 57.87	  1.41	 0.0000	 5.7423	 
m70828c1r25.htb	 220.0	  0.03	 2.000	 -5.00	 -10.00	 100.00	   0.0	 0.9550	  1.96	 0.0150	  0.06	  0.05	 1.026	 0.00000000	 0.545	  0.536	  0.96	  0.01	  0.9282	 0.0005	 0.31345836	 0.0000	 0.42585094	 0.9349	 3.61940299	 80.70	  1.00	 0.0000	 3.0343	 
m70828c1r35.htb	 220.0	  0.03	 2.000	 -5.00	 -10.00	 12.50	   0.0	 0.9550	  2.30	 0.0150	  0.17	  0.55	 1.215	 0.00000190	 0.538	  0.517	  0.96	  0.01	  0.9812	 0.0000	 0.42493093	 0.0000	 0.13113917	 0.9879	 2.13591053	 50.72	 10.00	 0.1699	 2.2538	 
m70831c1r5.htb	 180.0	  0.03	 2.000	  5.00	 -7.00	 30.00	   0.0	 0.9550	 22.85	 0.0150	  7.11	  6.57	 0.972	 0.00000000	 0.687	  0.517	  0.96	  0.01	  0.9722	 0.0000	 0.77318427	 0.0000	 0.94375400	 0.8149	 16.16797923	 16.30	  2.18	 7.0193	 50.6449	 
m70831c1r15.htb	 180.0	  0.03	 2.000	  5.00	 -7.00	 120.00	   0.0	 0.9550	 21.07	 0.0150	  7.45	  8.26	 1.131	 0.00000000	 0.607	  0.599	  0.96	  0.01	  0.9807	 0.0000	 0.59625087	 0.0000	 0.44566514	 0.9307	 15.20256855	 11.12	  1.40	 6.5843	 62.8522	 
m70831c1r25.htb	 180.0	  0.03	 2.000	  5.00	 -7.00	 120.00	   0.0	 0.9550	 21.07	 0.0150	  7.45	  8.26	 1.131	 0.00000000	 0.607	  0.599	  0.96	  0.01	  0.9807	 0.0000	 0.59625089	 0.0000	 0.44566611	 0.9307	 15.20255046	 11.12	  1.40	 6.5843	 62.8522	 
m70831c1r35.htb	 180.0	  0.03	 2.000	  5.00	 -7.00	 15.00	   0.0	 0.9550	 24.75	 0.0150	  4.63	  7.41	 1.162	 0.00000000	 0.689	  0.728	  0.96	  0.01	  0.9809	 0.0000	 0.79909055	 0.0000	 0.51608111	 0.9153	 20.49650065	 19.42	  2.56	 4.6016	 54.0781	 
m70905c1r5.htb	 180.0	  0.03	 2.000	  0.00	  0.00	 40.00	   0.0	 0.9550	 18.29	 0.0150	  1.70	  2.34	 1.040	 0.00000000	 0.650	  0.838	  0.96	  0.01	  0.9966	 0.0000	 0.80322549	 0.0000	 0.22886423	 0.9728	 16.88424133	 22.96	  2.83	 1.6930	 37.8914	 
m70905c1r15.htb	 180.0	  0.03	 2.000	  0.00	  0.00	 80.00	   0.0	 0.9550	 14.27	 0.0150	  1.21	  2.94	 1.233	 0.00000000	 0.655	  0.725	  0.96	  0.01	  0.9828	 0.0000	 0.72693908	 0.0000	 0.36377464	 0.9476	 15.59928158	 15.46	  1.19	 0.2888	 46.9957	 
m70905c1r25.htb	 180.0	  0.03	 2.000	  0.00	  0.00	 160.00	   0.0	 0.9550	 13.63	 0.0150	  2.87	  3.48	 1.081	 0.00000000	 0.578	  0.807	  0.96	  0.01	  0.9681	 0.0001	 0.56042580	 0.0000	 0.33489633	 0.9533	 11.46462565	 15.55	  1.71	 2.6610	 36.7335	 
m70905c1r35.htb	 180.0	  0.03	 2.000	  0.00	  0.00	 20.00	   0.0	 0.9550	 19.80	 0.0150	  2.30	  4.08	 1.113	 0.00000000	 0.649	  0.888	  0.96	  0.01	  0.9830	 0.0000	 0.79160652	 0.0000	 1.16000015	 0.7626	 18.12494966	 44.16	  4.32	 2.3040	 20.3894	 
