0.000000 0.007865
0.000000 0.007899
0.000000 0.007929
0.000000 0.007957
0.000000 0.007980
0.000000 0.008000
0.000000 0.008017
0.000000 0.008030
0.000000 0.008039
0.000000 0.008045
1.000000 0.008047
0.000000 0.008045
0.000000 0.008039
0.000000 0.008030
0.000000 0.008017
0.000000 0.008001
0.000000 0.007980
0.000000 0.007957
0.000000 0.007930
0.000000 0.007899
0.000000 0.007865
0.000000 0.007828
0.000000 0.007787
0.000000 0.007743
0.000000 0.007697
0.000000 0.007647
0.000000 0.007594
0.000000 0.007538
0.000000 0.007480
0.000000 0.007419
0.000000 0.007355
0.000000 0.007289
0.000000 0.007221
0.000000 0.007150
0.000000 0.007077
0.000000 0.007002
0.000000 0.006925
0.000000 0.006846
0.000000 0.006765
0.000000 0.006683
0.000000 0.006599
0.000000 0.006514
0.000000 0.006427
0.000000 0.006339
0.000000 0.006249
0.000000 0.006159
0.000000 0.006068
0.000000 0.005976
0.000000 0.005883
0.000000 0.005789
0.000000 0.005695
0.000000 0.005600
0.000000 0.005504
0.000000 0.005409
0.000000 0.005313
0.000000 0.005216
0.000000 0.005120
0.000000 0.005024
0.000000 0.004928
0.000000 0.004831
0.000000 0.004735
0.000000 0.004640
0.000000 0.004544
0.000000 0.004449
0.000000 0.004354
0.000000 0.004260
0.000000 0.004166
0.000000 0.004073
0.000000 0.003981
0.000000 0.003889
0.000000 0.003798
0.000000 0.003708
0.000000 0.003619
0.000000 0.003530
0.000000 0.003443
0.000000 0.003356
0.000000 0.003271
0.000000 0.003186
0.000000 0.003103
0.000000 0.003020
0.000000 0.002939
0.000000 0.002859
0.000000 0.002780
0.000000 0.002702
0.000000 0.002626
0.000000 0.002550
0.000000 0.002476
0.000000 0.002403
0.000000 0.002332
0.000000 0.002261
0.000000 0.002192
0.000000 0.002125
0.000000 0.002058
0.000000 0.001993
0.000000 0.001929
0.000000 0.001867
0.000000 0.001805
0.000000 0.001745
0.000000 0.001687
0.000000 0.001629
0.000000 0.001573
0.000000 0.001519
0.000000 0.001465
0.000000 0.001413
0.000000 0.001362
0.000000 0.001313
0.000000 0.001264
0.000000 0.001217
0.000000 0.001171
0.000000 0.001127
0.000000 0.001083
0.000000 0.001041
0.000000 0.001000
0.000000 0.000960
0.000000 0.000921
0.000000 0.000884
0.000000 0.000847
0.000000 0.000812
0.000000 0.000778
0.000000 0.000744
0.000000 0.000712
0.000000 0.000681
0.000000 0.000651
0.000000 0.000622
0.000000 0.000594
0.000000 0.000567
0.000000 0.000541
0.000000 0.000515
0.000000 0.000491
0.000000 0.000468
0.000000 0.000445
0.000000 0.000423
0.000000 0.000402
0.000000 0.000382
0.000000 0.000363
0.000000 0.000344
0.000000 0.000326
0.000000 0.000309
0.000000 0.000293
0.000000 0.000277
0.000000 0.000262
0.000000 0.000248
0.000000 0.000234
0.000000 0.000221
0.000000 0.000209
0.000000 0.000197
0.000000 0.000186
0.000000 0.000175
0.000000 0.000165
0.000000 0.000155
0.000000 0.000146
0.000000 0.000137
0.000000 0.000129
0.000000 0.000121
0.000000 0.000113
0.000000 0.000106
0.000000 0.000100
0.000000 0.000094
0.000000 0.000088
0.000000 0.000082
0.000000 0.000077
0.000000 0.000072
0.000000 0.000068
0.000000 0.000064
0.000000 0.000060
0.000000 0.000056
0.000000 0.000053
0.000000 0.000050
0.000000 0.000047
0.000000 0.000045
0.000000 0.000042
0.000000 0.000040
0.000000 0.000038
0.000000 0.000036
0.000000 0.000035
0.000000 0.000033
0.000000 0.000032
0.000000 0.000031
0.000000 0.000030
0.000000 0.000029
0.000000 0.000029
0.000000 0.000028
0.000000 0.000027
0.000000 0.000027
0.000000 0.000027
0.000000 0.000027
0.000000 0.000027
0.000000 0.000027
0.000000 0.000027
0.000000 0.000027
0.000000 0.000027
0.000000 0.000027
0.000000 0.000027
0.000000 0.000028
0.000000 0.000028
0.000000 0.000029
0.000000 0.000029
0.000000 0.000029
0.000000 0.000030
0.000000 0.000030
0.000000 0.000031
0.000000 0.000031
0.000000 0.000032
0.000000 0.000033
0.000000 0.000033
0.000000 0.000034
0.000000 0.000034
0.000000 0.000035
0.000000 0.000035
0.000000 0.000036
0.000000 0.000036
0.000000 0.000037
0.000000 0.000037
0.000000 0.000038
0.000000 0.000038
0.000000 0.000039
0.000000 0.000039
0.000000 0.000040
0.000000 0.000040
0.000000 0.000040
0.000000 0.000041
0.000000 0.000041
0.000000 0.000041
0.000000 0.000042
0.000000 0.000042
0.000000 0.000042
0.000000 0.000042
0.000000 0.000043
0.000000 0.000043
0.000000 0.000043
0.000000 0.000043
0.000000 0.000043
0.000000 0.000043
0.000000 0.000043
0.000000 0.000043
0.000000 0.000043
0.000000 0.000043
0.000000 0.000043
0.000000 0.000043
0.000000 0.000043
0.000000 0.000043
0.000000 0.000043
0.000000 0.000043
0.000000 0.000042
0.000000 0.000042
0.000000 0.000042
0.000000 0.000042
0.000000 0.000042
0.000000 0.000041
0.000000 0.000041
0.000000 0.000041
0.000000 0.000040
0.000000 0.000040
0.000000 0.000040
0.000000 0.000039
0.000000 0.000039
0.000000 0.000038
0.000000 0.000038
0.000000 0.000038
0.000000 0.000037
0.000000 0.000037
0.000000 0.000036
0.000000 0.000036
0.000000 0.000035
0.000000 0.000035
0.000000 0.000034
0.000000 0.000034
0.000000 0.000033
0.000000 0.000033
0.000000 0.000032
0.000000 0.000032
0.000000 0.000031
0.000000 0.000031
0.000000 0.000030
0.000000 0.000030
0.000000 0.000029
0.000000 0.000029
0.000000 0.000028
0.000000 0.000028
0.000000 0.000027
0.000000 0.000027
0.000000 0.000026
0.000000 0.000025
0.000000 0.000025
0.000000 0.000024
0.000000 0.000024
0.000000 0.000023
0.000000 0.000023
0.000000 0.000022
0.000000 0.000022
0.000000 0.000021
0.000000 0.000021
0.000000 0.000020
0.000000 0.000020
0.000000 0.000019
0.000000 0.000019
0.000000 0.000018
0.000000 0.000018
0.000000 0.000017
0.000000 0.000017
0.000000 0.000016
0.000000 0.000016
0.000000 0.000016
0.000000 0.000015
0.000000 0.000015
0.000000 0.000014
0.000000 0.000014
0.000000 0.000013
0.000000 0.000013
0.000000 0.000013
0.000000 0.000012
0.000000 0.000012
0.000000 0.000011
0.000000 0.000011
0.000000 0.000011
0.000000 0.000010
0.000000 0.000010
0.000000 0.000010
0.000000 0.000009
0.000000 0.000009
0.000000 0.000009
0.000000 0.000008
0.000000 0.000008
0.000000 0.000008
0.000000 0.000008
0.000000 0.000007
0.000000 0.000007
0.000000 0.000007
0.000000 0.000006
0.000000 0.000006
0.000000 0.000006
0.000000 0.000006
0.000000 0.000005
0.000000 0.000005
0.000000 0.000005
0.000000 0.000005
0.000000 0.000005
0.000000 0.000004
0.000000 0.000004
0.000000 0.000004
0.000000 0.000004
0.000000 0.000004
0.000000 0.000003
0.000000 0.000003
0.000000 0.000003
0.000000 0.000003
0.000000 0.000003
0.000000 0.000003
0.000000 0.000003
0.000000 0.000002
0.000000 0.000002
0.000000 0.000002
0.000000 0.000002
0.000000 0.000002
0.000000 0.000002
0.000000 0.000002
0.000000 0.000002
0.000000 0.000002
0.000000 0.000001
0.000000 0.000001
0.000000 0.000001
0.000000 0.000001
0.000000 0.000001
0.000000 0.000001
0.000000 0.000001
0.000000 0.000001
0.000000 0.000001
0.000000 0.000001
0.000000 0.000001
0.000000 0.000001
0.000000 0.000001
0.000000 0.000001
0.000000 0.000001
0.000000 0.000001
0.000000 0.000001
0.000000 0.000000
0.000000 0.000000
0.000000 0.000000
0.000000 0.000000
0.000000 0.000000
0.000000 0.000000
0.000000 0.000000
0.000000 0.000000
0.000000 0.000000
0.000000 0.000000
0.000000 0.000000
0.000000 0.000000
0.000000 0.000000
0.000000 0.000000
0.000000 0.000000
0.000000 0.000000
0.000000 0.000000
0.000000 0.000000
0.000000 0.000000
0.000000 0.000000
0.000000 0.000000
0.000000 0.000000
0.000000 0.000000
0.000000 0.000000
0.000000 0.000000
0.000000 0.000000
0.000000 0.000000
0.000000 0.000000
0.000000 0.000000
0.000000 0.000000
0.000000 0.000000
0.000000 0.000000
0.000000 0.000000
0.000000 0.000000
0.000000 0.000000
0.000000 0.000000
0.000000 0.000000
0.000000 0.000000
0.000000 0.000000
0.000000 0.000000
0.000000 0.000000
0.000000 0.000000
0.000000 0.000000
0.000000 0.000000
0.000000 0.000000
0.000000 0.000000
0.000000 0.000000
0.000000 0.000000
0.000000 0.000000
0.000000 0.000000
0.000000 0.000000
0.000000 0.000000
0.000000 0.000000
0.000000 0.000000
0.000000 0.000000
0.000000 0.000000
0.000000 0.000000
0.000000 0.000000
0.000000 0.000000
0.000000 0.000000
0.000000 0.000000
0.000000 0.000000
0.000000 0.000000
0.000000 0.000000
0.000000 0.000000
0.000000 0.000000
0.000000 0.000000
0.000000 0.000000
0.000000 0.000000
0.000000 0.000000
0.000000 0.000000
0.000000 0.000000
0.000000 0.000000
0.000000 0.000000
0.000000 0.000000
0.000000 0.000000
0.000000 0.000000
0.000000 0.000000
0.000000 0.000000
0.000000 0.000000
0.000000 0.000000
0.000000 0.000000
0.000000 0.000000
0.000000 0.000000
0.000000 0.000000
0.000000 0.000000
0.000000 0.000000
0.000000 0.000000
0.000000 0.000000
0.000000 0.000000
0.000000 0.000000
0.000000 0.000000
0.000000 0.000000
0.000000 0.000000
0.000000 0.000000
0.000000 0.000000
0.000000 0.000000
0.000000 0.000000
0.000000 0.000000
0.000000 0.000000
0.000000 0.000000
0.000000 0.000000
0.000000 0.000000
0.000000 0.000000
0.000000 0.000000
0.000000 0.000000
0.000000 0.000000
0.000000 0.000000
0.000000 0.000000
0.000000 0.000000
0.000000 0.000000
0.000000 0.000000
0.000000 0.000000
0.000000 0.000000
0.000000 0.000000
0.000000 0.000000
0.000000 0.000000
0.000000 0.000000
0.000000 0.000000
0.000000 0.000000
0.000000 0.000000
0.000000 0.000000
0.000000 0.000000
0.000000 0.000000
0.000000 0.000000
0.000000 0.000000
0.000000 0.000000
0.000000 0.000000
0.000000 0.000000
0.000000 0.000000
0.000000 0.000000
0.000000 0.000000
0.000000 0.000000
0.000000 0.000000
0.000000 0.000000
0.000000 0.000000
0.000000 0.000000
0.000000 0.000000
0.000000 0.000000
0.000000 0.000000
0.000000 0.000000
0.000000 0.000000
0.000000 0.000000
0.000000 0.000000
0.000000 0.000000
0.000000 0.000000
0.000000 0.000000
0.000000 0.000000
0.000000 0.000000
0.000000 0.000000
0.000000 0.000000
0.000000 0.000000
0.000000 0.000000
0.000000 0.000000
0.000000 0.000000
0.000000 0.000000
0.000000 0.000000
0.000000 0.000000
0.000000 0.000000
0.000000 0.000000
0.000000 0.000000
0.000000 0.000000
0.000000 0.000000
0.000000 0.000000
0.000000 0.000000
0.000000 0.000000
0.000000 0.000000
0.000000 0.000000
0.000000 0.000000
0.000000 0.000000
0.000000 0.000000
0.000000 0.000000
0.000000 0.000000
0.000000 0.000000
0.000000 0.000000
0.000000 0.000000
0.000000 0.000000
0.000000 0.000000
0.000000 0.000000
0.000000 0.000000
0.000000 0.000000
0.000000 0.000000
0.000000 0.000000
0.000000 0.000000
0.000000 0.000000
0.000000 0.000000
0.000000 0.000000
0.000000 0.000000
0.000000 0.000000
0.000000 0.000000
0.000000 0.000000
0.000000 0.000000
0.000000 0.000000
0.000000 0.000000
0.000000 0.000000
0.000000 0.000000
0.000000 0.000000
0.000000 0.000000
0.000000 0.000000
0.000000 0.000000
0.000000 0.000000
0.000000 0.000000
0.000000 0.000000
0.000000 0.000000
0.000000 0.000000
0.000000 0.000000
0.000000 0.000000
0.000000 0.000000
0.000000 0.000000
0.000000 0.000000
0.000000 0.000000
0.000000 0.000000
0.000000 0.000000
0.000000 0.000000
0.000000 0.000000
0.000000 0.000000
0.000000 0.000000
0.000000 0.000000
0.000000 0.000000
0.000000 0.000000
0.000000 0.000000
0.000000 0.000000
0.000000 0.000000
0.000000 0.000000
0.000000 0.000000
0.000000 0.000000
0.000000 0.000000
0.000000 0.000000
0.000000 0.000000
0.000000 0.000000
0.000000 0.000000
0.000000 0.000000
0.000000 0.000000
0.000000 0.000000
0.000000 0.000000
0.000000 0.000000
0.000000 0.000000
0.000000 0.000000
0.000000 0.000000
0.000000 0.000000
0.000000 0.000000
0.000000 0.000000
0.000000 0.000000
0.000000 0.000000
0.000000 0.000000
0.000000 0.000000
0.000000 0.000000
0.000000 0.000000
0.000000 0.000000
0.000000 0.000000
0.000000 0.000000
0.000000 0.000000
0.000000 0.000000
0.000000 0.000000
0.000000 0.000000
0.000000 0.000000
0.000000 0.000000
0.000000 0.000000
0.000000 0.000000
0.000000 0.000000
0.000000 0.000000
0.000000 0.000000
0.000000 0.000000
0.000000 0.000000
0.000000 0.000000
0.000000 0.000000
0.000000 0.000000
0.000000 0.000000
0.000000 0.000000
0.000000 0.000000
0.000000 0.000000
0.000000 0.000000
0.000000 0.000000
0.000000 0.000000
0.000000 0.000000
0.000000 0.000000
0.000000 0.000000
0.000000 0.000000
0.000000 0.000000
0.000000 0.000000
0.000000 0.000000
0.000000 0.000000
0.000000 0.000000
0.000000 0.000000
0.000000 0.000000
0.000000 0.000000
0.000000 0.000000
0.000000 0.000000
0.000000 0.000000
0.000000 0.000000
0.000000 0.000000
0.000000 0.000000
0.000000 0.000000
0.000000 0.000000
0.000000 0.000000
0.000000 0.000000
0.000000 0.000000
0.000000 0.000000
0.000000 0.000000
0.000000 0.000000
0.000000 0.000000
0.000000 0.000000
0.000000 0.000000
0.000000 0.000000
0.000000 0.000000
0.000000 0.000000
0.000000 0.000000
0.000000 0.000000
0.000000 0.000000
0.000000 0.000000
0.000000 0.000000
0.000000 0.000000
0.000000 0.000000
0.000000 0.000000
0.000000 0.000000
0.000000 0.000000
0.000000 0.000000
0.000000 0.000000
0.000000 0.000000
0.000000 0.000000
0.000000 0.000000
0.000000 0.000000
0.000000 0.000000
0.000000 0.000000
0.000000 0.000000
0.000000 0.000000
0.000000 0.000000
0.000000 0.000000
0.000000 0.000000
0.000000 0.000000
0.000000 0.000000
0.000000 0.000000
0.000000 0.000000
0.000000 0.000000
0.000000 0.000000
0.000000 0.000000
0.000000 0.000000
0.000000 0.000000
0.000000 0.000000
0.000000 0.000000
0.000000 0.000000
0.000000 0.000000
0.000000 0.000000
0.000000 0.000000
0.000000 0.000000
0.000000 0.000000
0.000000 0.000000
0.000000 0.000000
0.000000 0.000000
0.000000 0.000000
0.000000 0.000000
0.000000 0.000000
0.000000 0.000000
0.000000 0.000000
0.000000 0.000000
0.000000 0.000000
0.000000 0.000000
0.000000 0.000000
0.000000 0.000000
0.000000 0.000000
0.000000 0.000000
0.000000 0.000000
0.000000 0.000000
0.000000 0.000000
0.000000 0.000000
0.000000 0.000000
0.000000 0.000000
0.000000 0.000000
0.000000 0.000000
0.000000 0.000000
0.000000 0.000000
0.000000 0.000000
0.000000 0.000000
0.000000 0.000000
0.000000 0.000000
0.000000 0.000000
0.000000 0.000000
0.000000 0.000000
0.000000 0.000000
0.000000 0.000000
0.000000 0.000000
0.000000 0.000000
0.000000 0.000000
0.000000 0.000000
0.000000 0.000000
0.000000 0.000000
0.000000 0.000000
0.000000 0.000000
0.000000 0.000000
0.000000 0.000000
0.000000 0.000000
0.000000 0.000000
0.000000 0.000000
0.000000 0.000000
0.000000 0.000000
0.000000 0.000000
0.000000 0.000000
0.000000 0.000000
0.000000 0.000000
0.000000 0.000000
0.000000 0.000000
0.000000 0.000000
0.000000 0.000000
0.000000 0.000000
0.000000 0.000000
0.000000 0.000000
0.000000 0.000000
0.000000 0.000000
0.000000 0.000000
0.000000 0.000000
0.000000 0.000000
0.000000 0.000000
0.000000 0.000000
0.000000 0.000000
0.000000 0.000000
0.000000 0.000000
0.000000 0.000000
0.000000 0.000000
0.000000 0.000000
0.000000 0.000000
0.000000 0.000000
0.000000 0.000000
0.000000 0.000000
0.000000 0.000000
0.000000 0.000000
0.000000 0.000000
0.000000 0.000000
0.000000 0.000000
0.000000 0.000000
0.000000 0.000000
0.000000 0.000000
0.000000 0.000000
0.000000 0.000000
0.000000 0.000000
0.000000 0.000000
0.000000 0.000000
0.000000 0.000000
0.000000 0.000000
0.000000 0.000000
0.000000 0.000000
0.000000 0.000000
0.000000 0.000000
0.000000 0.000000
0.000000 0.000000
0.000000 0.000000
0.000000 0.000000
0.000000 0.000000
0.000000 0.000000
0.000000 0.000000
0.000000 0.000000
0.000000 -0.000000
0.000000 -0.000000
0.000000 -0.000000
0.000000 -0.000000
0.000000 -0.000000
0.000000 -0.000000
0.000000 -0.000000
0.000000 -0.000000
0.000000 -0.000000
0.000000 -0.000000
0.000000 -0.000000
0.000000 -0.000000
0.000000 -0.000000
0.000000 -0.000000
0.000000 -0.000000
0.000000 -0.000000
0.000000 -0.000000
0.000000 -0.000000
0.000000 -0.000000
0.000000 -0.000000
0.000000 -0.000000
0.000000 -0.000000
0.000000 -0.000000
0.000000 -0.000000
0.000000 -0.000000
0.000000 -0.000000
0.000000 -0.000000
0.000000 -0.000000
0.000000 0.000000
0.000000 0.000000
0.000000 0.000000
0.000000 0.000000
0.000000 0.000000
0.000000 0.000000
0.000000 0.000000
0.000000 0.000000
0.000000 0.000000
0.000000 0.000000
0.000000 0.000000
0.000000 0.000000
0.000000 0.000000
0.000000 0.000000
0.000000 0.000000
0.000000 0.000000
0.000000 0.000000
0.000000 0.000000
0.000000 0.000000
0.000000 0.000000
0.000000 0.000000
0.000000 0.000000
0.000000 0.000000
0.000000 0.000000
0.000000 0.000000
0.000000 0.000000
0.000000 0.000000
0.000000 0.000000
0.000000 0.000000
0.000000 0.000000
0.000000 0.000000
0.000000 0.000000
0.000000 0.000000
0.000000 0.000000
0.000000 0.000000
0.000000 0.000000
0.000000 0.000000
0.000000 0.000000
0.000000 0.000000
0.000000 0.000000
0.000000 0.000000
0.000000 0.000000
0.000000 0.000000
0.000000 0.000000
0.000000 0.000000
0.000000 0.000000
0.000000 0.000000
0.000000 0.000000
0.000000 0.000000
0.000000 0.000000
0.000000 0.000000
0.000000 0.000000
0.000000 0.000000
0.000000 0.000000
0.000000 0.000000
0.000000 0.000000
0.000000 0.000000
0.000000 0.000000
0.000000 0.000000
0.000000 0.000000
0.000000 0.000000
0.000000 0.000000
0.000000 0.000000
0.000000 0.000000
0.000000 0.000000
0.000000 0.000000
0.000000 0.000000
0.000000 0.000000
0.000000 0.000000
0.000000 0.000000
0.000000 0.000000
0.000000 0.000000
0.000000 0.000000
0.000000 0.000000
0.000000 0.000000
0.000000 0.000000
0.000000 0.000000
0.000000 0.000000
0.000000 0.000000
0.000000 0.000000
0.000000 0.000000
0.000000 0.000000
0.000000 0.000000
0.000000 0.000000
0.000000 0.000000
0.000000 0.000000
0.000000 0.000000
0.000000 0.000000
0.000000 0.000000
0.000000 0.000000
0.000000 0.000000
0.000000 0.000000
0.000000 0.000000
0.000000 0.000000
0.000000 0.000000
0.000000 0.000000
0.000000 0.000000
0.000000 0.000000
0.000000 0.000000
0.000000 0.000000
0.000000 0.000000
0.000000 0.000000
0.000000 0.000000
0.000000 0.000000
0.000000 0.000000
0.000000 0.000000
0.000000 0.000000
0.000000 0.000000
0.000000 0.000000
0.000000 0.000000
0.000000 0.000000
0.000000 0.000000
0.000000 0.000000
0.000000 0.000000
0.000000 0.000000
0.000000 0.000000
0.000000 0.000000
0.000000 0.000000
0.000000 0.000000
0.000000 0.000000
0.000000 0.000000
0.000000 0.000000
0.000000 0.000000
0.000000 0.000000
0.000000 0.000000
0.000000 0.000000
0.000000 0.000000
0.000000 0.000000
0.000000 0.000000
0.000000 0.000000
0.000000 0.000000
0.000000 0.000000
0.000000 0.000000
0.000000 0.000000
0.000000 0.000000
0.000000 0.000000
0.000000 0.000000
0.000000 0.000000
0.000000 0.000000
0.000000 0.000000
0.000000 0.000000
0.000000 0.000000
0.000000 0.000000
0.000000 0.000000
0.000000 0.000000
0.000000 0.000000
0.000000 0.000000
