FILE			 PrfOR	 PrfSF	 PrfTF	 RFXctr	 RFYctr	 RFDiam	     MaxLoc	 MaxRsp	 MinLoc	 MinRsp	 Spont	 SMI		 AnovaP	 SDI		 VarTerm	 MaxX 	 MinX 	 HWHML	 HWHMR	 RsqMn	 PMean	 RsqRaw	 Praw		 Chi2		 ChiP		 Brat		 Ampl		 Peak		 SD		 Offst		
m60112c1r7.htb	  30.0	  0.05	 2.000	  0.00	  0.00	 30.00	    11.9600	 17.1864	 0.0000	 14.9125	 6.9652	 0.1494	 0.9727	 0.2198	 0.5582	 32.0000	 0.0000	 9999.000	 9999.000	 0.8361	 0.0015	 0.0412	 0.2088	 0.0588	 0.9963	 14.9125	 2.2739	 11.9575	 0.7338	 0.0010	
m60117c1r9.htb	  90.0	  0.03	 4.000	  0.00	  0.00	 30.00	    25.3000	 19.5684	 0.0000	 11.4201	 10.7463	 0.4435	 0.0000	 0.5779	 0.4112	 32.0000	 0.0000	 10.000	 9999.000	 0.9523	 0.0000	 0.4562	 0.0000	 0.3003	 0.9600	 11.4201	 8.1483	 25.2963	 0.4261	 0.0010	
m60119c1r3.htb	  30.0	  0.50	 2.000	  0.00	  0.00	 30.00	    44.2600	 16.4743	 0.0000	 10.0564	 9.5522	 0.3193	 0.1251	 0.3148	 0.6722	 64.0000	 0.0000	 9999.000	 9999.000	 0.6935	 0.0053	 0.0647	 0.0029	 0.2519	 0.9927	 10.0564	 6.4179	 44.2563	 0.2553	 0.0710	
m60119c2r3.htb	  30.0	  0.03	 6.000	  0.00	 10.00	 40.00	    0.0000	 9.9901	 0.0000	 9.9901	 6.0697	 0.4985	 0.0018	 0.4430	 0.7454	 64.0000	 0.0000	 9999.000	 9999.000	 0.0000	   NaN	 0.0000	   NaN	 2.0757	 0.7218	 9.9901	 0.0000	 2.3652	 0.8711	 0.0010	
m60124c1r5.htb	   0.0	  0.03	 2.000	  0.00	 10.00	 70.00	    21.4800	 8.4777	 0.0000	 5.1454	 4.6434	 0.4044	 0.0030	 0.3800	 0.5301	 64.0000	 0.0000	 15.210	 9999.000	 0.9312	 0.0004	 0.1672	 0.0000	 0.0819	 0.9599	 5.1454	 3.3324	 21.4802	 1.0431	 0.0010	
m60124c2r8.htb	   0.0	  0.03	 4.000	  0.00	 10.00	 70.00	    4.5400	 2.2703	 0.0000	 1.5605	 2.5705	 0.3000	 0.9719	 0.2476	 0.3788	 32.0000	 0.0000	 9999.000	 9999.000	 0.2471	 0.2102	 0.0123	 0.4956	 0.2590	 0.9676	 1.5605	 0.7098	 4.5427	 0.1150	 0.0940	
m60124c3r3.htb	 100.0	  0.03	 4.000	 -5.00	 20.00	 70.00	    16.4300	 8.6892	 0.0000	 5.8315	 7.2139	 0.4332	 0.0537	 0.4391	 0.5055	 32.0000	 0.0000	 9999.000	 9999.000	 0.8120	 0.0022	 0.1380	 0.0007	 0.3639	 0.9476	 5.8315	 2.8577	 16.4259	 1.5044	 0.0010	
m60124c4r9.htb	   0.0	  0.03	 4.000	 10.00	 -5.00	 70.00	    23.1300	 4.2181	 0.0000	 0.8900	 1.5423	 0.7619	 0.0000	 0.5006	 0.6332	 32.0000	 0.0000	 13.670	 9999.000	 0.9688	 0.0000	 0.3656	 0.0000	 0.2948	 0.9610	 0.8900	 3.3281	 23.1258	 0.7581	 0.0010	
m60124c4r10.htb	   0.0	  0.03	 4.000	 10.00	 -5.00	 70.00	    26.1700	 3.1900	 0.0000	 1.2333	 1.3930	 0.6613	 0.0042	 0.4731	 0.4349	 64.0000	 0.0000	 12.330	 23.250	 0.9085	 0.0001	 0.2131	 0.0000	 0.2699	 0.9917	 1.2333	 1.9567	 26.1678	 0.5397	 0.0010	
m60124c5r7.htb	 180.0	  0.03	 4.000	  0.00	  0.00	 70.00	    32.0000	 12.3864	 0.0000	 7.8461	 9.1542	 0.3784	 0.0557	 0.3982	 0.6330	 32.0000	 0.0000	 9999.000	 9999.000	 0.9470	 0.0000	 0.1598	 0.0002	 0.0644	 0.9957	 7.8439	 4.5425	 32.0000	 1.4732	 0.1000	
m60213c2r8.htb	 120.0	  0.03	 2.000	  0.00	 15.00	 50.00	    64.0000	 7.1067	 0.0000	 2.0374	 1.9900	 0.7857	 0.0000	 0.5848	 0.5520	 64.0000	 0.0000	 52.550	 9999.000	 0.9343	 0.0000	 0.4354	 0.0000	 0.4671	 0.9766	 2.0371	 5.0696	 64.0000	 1.4547	 0.1000	
m60213c3r8.htb	   0.0	  0.03	 4.000	  8.00	  0.00	 50.00	    56.3900	 15.0707	 0.0000	 4.1721	 3.2836	 0.7733	 0.0000	 0.6592	 0.5666	 64.0000	 0.0000	 45.220	 9999.000	 0.9618	 0.0000	 0.6352	 0.0000	 0.9066	 0.9236	 4.1719	 10.8988	 56.3872	 1.3680	 0.1000	
m60213c4r8.htb	  20.0	  0.03	 2.000	  5.00	 12.00	 50.00	    64.0000	 9.5802	 0.0000	 5.4816	 3.9801	 0.5192	 0.0049	 0.4858	 0.5147	 64.0000	 0.0000	 23.510	 9999.000	 0.7581	 0.0023	 0.2000	 0.0000	 0.9572	 0.9162	 5.4816	 4.0985	 64.0000	 0.3885	 0.0157	
m60220c1r9.htb	 130.0	  0.03	 2.000	  5.00	  8.00	 60.00	    63.4000	 5.6758	 0.0000	 4.2463	 2.1891	 0.2586	 0.4282	 0.3246	 0.3956	 64.0000	 0.0000	 9999.000	 9999.000	 0.9291	 0.0000	 0.0850	 0.0053	 0.1037	 0.9987	 4.2463	 1.4295	 63.3971	 1.9452	 0.0010	
m60317c1r8.htb	 180.0	  0.03	 2.000	  0.00	  0.00	 40.00	    0.3000	 2.4110	 64.0000	 1.7724	 1.7910	 0.4727	 0.1238	 0.3715	 0.3974	 64.0000	 0.0000	 9999.000	 9999.000	 0.1447	 0.3125	 0.0203	 0.1807	 1.3269	 0.8568	 1.7724	 0.6387	 0.2982	 0.7868	 0.0019	
m60317c2r8.htb	  30.0	  0.03	 2.000	 -5.00	  5.00	 50.00	    1.2000	 18.1022	 0.0000	 11.4424	 11.7910	 0.3785	 0.0609	 0.3847	 0.6578	 64.0000	 0.0000	 9999.000	 9999.000	 0.0125	 0.7746	 0.0023	 0.6545	 1.4990	 0.8268	 11.4424	 6.6654	 1.1957	 0.0823	 0.0988	
m60404c2r9.htb	 200.0	  0.03	 2.000	  0.00	  0.00	 40.00	    6.1100	 11.5448	 0.0000	 8.2557	 7.4627	 0.2696	 0.2904	 0.3536	 0.4765	 64.0000	 0.0000	 9999.000	 9999.000	 0.1924	 0.2375	 0.0209	 0.1740	 0.9453	 0.9180	 8.2557	 3.2891	 6.1064	 0.2106	 0.0112	
m60407c1r8.htb	   0.0	  0.03	 2.000	  0.00	 -5.00	 40.00	    3.7200	 7.4892	 0.0000	 6.3668	 7.2139	 0.2039	 0.5764	 0.2534	 0.4571	 64.0000	 0.0000	 9999.000	 9999.000	 0.2331	 0.1881	 0.0177	 0.2111	 0.7012	 0.9512	 6.3668	 1.1224	 3.7236	 0.1225	 0.0219	
m60407c2r8.htb	   0.0	  0.03	 2.000	  5.00	  0.00	 40.00	    38.2900	 10.9258	 0.0000	 9.1309	 7.3134	 0.2420	 0.6573	 0.3043	 0.5237	 64.0000	 0.0000	 9999.000	 9999.000	 0.3446	 0.0966	 0.0234	 0.1498	 0.4301	 0.9799	 9.1309	 1.7948	 38.2918	 0.4113	 0.1000	
m60407c3r9.htb	   0.0	  0.03	 2.000	  0.00	 -10.00	 60.00	    64.0000	 11.5687	 0.0000	 7.2488	 6.0697	 0.4150	 0.0032	 0.5068	 0.4131	 64.0000	 0.0000	 63.370	 9999.000	 0.8738	 0.0002	 0.2107	 0.0000	 0.3795	 0.9841	 7.1601	 4.4086	 64.0000	 3.9596	 0.0010	
m60407c4r9.htb	  60.0	  0.03	 2.000	 15.00	 -10.00	 40.00	    38.4500	 6.8494	 0.0000	 2.6585	 2.5373	 0.6599	 0.0000	 0.4707	 0.5715	 64.0000	 0.0000	 25.280	 9999.000	 0.9142	 0.0001	 0.3450	 0.0000	 0.6849	 0.9532	 2.6585	 4.1909	 38.4518	 0.9092	 0.0010	
m60407c5r9.htb	  50.0	  0.03	 2.000	 10.00	 -10.00	 40.00	    32.4800	 3.7139	 0.0000	 2.3768	 1.9900	 0.4474	 0.1710	 0.3245	 0.5039	 64.0000	 0.0000	 9999.000	 9999.000	 0.7015	 0.0048	 0.0904	 0.0040	 0.5503	 0.9684	 2.3768	 1.3371	 32.4778	 0.9459	 0.0094	
m60413c3r8.htb	   0.0	  0.03	 2.000	  5.00	 -20.00	 50.00	    24.3700	 27.4259	 0.0000	 15.6415	 15.0580	 0.4535	 0.0000	 0.6108	 0.4303	 64.0000	 0.0000	 18.030	 9999.000	 0.9051	 0.0001	 0.5564	 0.0000	 1.3166	 0.8586	 15.6415	 11.7844	 24.3731	 1.1417	 0.0010	
m60413c4r4.htb	   0.0	  0.03	 2.000	 -10.00	 -10.00	 40.00	    20.9200	 3.1738	 0.0000	 0.4403	 0.5970	 0.8361	 0.0000	 0.5422	 0.4901	 64.0000	 0.0000	 13.550	 38.300	 0.9628	 0.0000	 0.4663	 0.0000	 0.8485	 0.9318	 0.4403	 2.7335	 20.9178	 0.8837	 0.0010	
m60413c5r8.htb	   0.0	  0.03	 2.000	 -10.00	 -10.00	 40.00	    9.9200	 3.1808	 0.0000	 1.7464	 1.4179	 0.4375	 0.0486	 0.3037	 0.5459	 64.0000	 0.0000	 8.730	 9999.000	 0.8237	 0.0007	 0.0706	 0.0003	 0.0268	 0.9999	 1.7464	 1.4344	 9.9229	 1.7932	 0.0010	
m60414c2r4.htb	 250.0	  0.05	 2.000	  0.00	 -8.00	 40.00	    64.0000	 8.2897	 0.0000	 4.3832	 4.4444	 0.5341	 0.0000	 0.4502	 0.5561	 64.0000	 0.0000	 51.290	 9999.000	 0.9176	 0.0000	 0.2402	 0.0000	 0.2966	 0.9900	 4.3832	 3.9065	 64.0000	 1.3667	 0.1000	
m60418c1r8.htb	 230.0	  0.03	 2.000	 -5.00	 -10.00	 50.00	    24.9200	 18.1126	 0.0000	 13.4369	 10.8955	 0.3058	 0.0286	 0.3857	 0.5624	 64.0000	 0.0000	 15.140	 38.500	 0.8072	 0.0010	 0.1492	 0.0002	 0.4553	 0.9777	 13.4369	 4.6757	 24.9191	 0.7931	 0.0010	
m60420c1r8.htb	 180.0	  0.03	 2.000	  5.00	 -5.00	 40.00	    23.4400	 13.3383	 0.0000	 8.7206	 3.6816	 0.4058	 0.0003	 0.4815	 0.4783	 64.0000	 0.0000	 15.530	 9999.000	 0.8574	 0.0003	 0.2531	 0.0000	 0.7573	 0.9441	 8.7206	 4.6177	 23.4431	 0.9214	 0.0010	
m60421c1r8.htb	   0.0	  0.03	 2.000	  8.00	 -10.00	 40.00	    20.0400	 10.9877	 0.0000	 6.6929	 2.3881	 0.5042	 0.0130	 0.5385	 0.4407	 64.0000	 0.0000	 14.620	 9999.000	 0.7770	 0.0017	 0.3054	 0.0001	 2.2803	 0.6844	 6.6929	 4.2947	 20.0386	 1.1077	 0.0010	
m60421c2r8.htb	   0.0	  0.03	 2.000	 18.00	 -10.00	 40.00	    17.7800	 4.9554	 0.0000	 3.1642	 3.0348	 0.4435	 0.1216	 0.3599	 0.5429	 64.0000	 0.0000	 9999.000	 9999.000	 0.5414	 0.0238	 0.0762	 0.0085	 0.6828	 0.9534	 3.1642	 1.7913	 17.7793	 1.4341	 0.0010	
m60421c3r8.htb	   0.0	  0.03	 2.000	 10.00	  5.00	 40.00	    37.9800	 19.0315	 0.0000	 8.6030	 5.3731	 0.6212	 0.0000	 0.5956	 0.6036	 64.0000	 0.0000	 32.030	 9999.000	 0.9154	 0.0001	 0.4840	 0.0000	 0.6799	 0.9538	 8.5955	 10.4360	 37.9765	 1.5607	 0.1000	
m60424c3r8.htb	   0.0	  0.03	 2.000	 10.00	  0.00	 40.00	    23.0500	 12.7690	 0.0000	 9.5588	 1.4925	 0.3241	 0.7624	 0.2905	 0.7750	 64.0000	 0.0000	 9999.000	 9999.000	 0.6616	 0.0077	 0.0379	 0.0659	 0.1399	 0.9977	 5.7541	 7.0149	 23.0486	 9.0813	 0.0010	
m60424c4r8.htb	   0.0	  0.03	 2.000	  0.00	  0.00	 30.00	    27.8000	 16.6375	 0.0000	 13.3057	 3.8806	 0.2703	 0.1728	 0.3835	 0.5019	 64.0000	 0.0000	 9999.000	 9999.000	 0.7297	 0.0034	 0.0937	 0.0033	 0.2969	 0.9900	 13.3057	 3.3317	 27.7960	 1.0288	 0.1000	
m60424c5r8.htb	   0.0	  0.03	 2.000	  0.00	  0.00	 40.00	    20.7600	 16.4882	 0.0000	 11.4136	 4.7264	 0.2411	 0.2888	 0.3623	 0.4168	 64.0000	 0.0000	 9999.000	 9999.000	 0.6579	 0.0080	 0.0716	 0.0108	 0.5356	 0.9699	 11.4136	 5.0746	 20.7570	 0.2173	 0.0041	
m60518c1r8.htb	   0.0	  0.03	 2.000	  8.00	 -10.00	 40.00	    11.8600	 10.4868	 0.0000	 7.8804	 0.9453	 0.3896	 0.0003	 0.4339	 0.5081	 64.0000	 0.0000	 9999.000	 9999.000	 0.2790	 0.1438	 0.0817	 0.0063	 2.3006	 0.6807	 6.9033	 3.5835	 11.8639	 2.9677	 0.1000	
m60519c1r8.htb	   0.0	  0.03	 2.000	  0.00	 -10.00	 40.00	    24.4600	 11.1999	 0.0000	 7.7605	 3.1841	 0.2991	 0.2757	 0.3338	 0.5784	 64.0000	 0.0000	 9999.000	 9999.000	 0.9060	 0.0001	 0.1003	 0.0024	 0.0891	 0.9990	 7.7605	 3.4393	 24.4590	 2.0786	 0.0010	
m60519c2r8.htb	   0.0	  0.03	 2.000	  5.00	  0.00	 30.00	    15.5600	 14.1841	 0.0000	 10.1156	 7.3134	 0.3103	 0.2915	 0.3745	 0.6030	 64.0000	 0.0000	 9999.000	 9999.000	 0.9231	 0.0000	 0.1001	 0.0024	 0.1259	 0.9981	 10.1156	 4.0685	 15.5589	 0.5102	 0.1000	
m60519c4r8.htb	   0.0	  0.03	 2.000	  5.00	  0.00	 30.00	    3.0000	 23.1407	 0.0000	 17.2665	 8.3582	 0.2172	 0.6804	 0.3373	 0.4982	 64.0000	 0.0000	 9999.000	 9999.000	 0.2261	 0.1957	 0.0308	 0.2485	 1.4320	 0.8386	 17.2665	 5.8743	 3.0027	 0.2066	 0.0356	
m60519c5r8.htb	   0.0	  0.03	 2.000	  5.00	  0.00	 30.00	    16.9200	 12.9137	 0.0000	 9.0379	 2.8358	 0.3912	 0.1129	 0.4155	 0.5929	 64.0000	 0.0000	 9999.000	 9999.000	 0.7649	 0.0020	 0.1095	 0.0014	 0.3705	 0.9848	 9.0040	 3.9097	 16.9246	 1.6669	 0.1000	
m60519c6r8.htb	   0.0	  0.03	 2.000	  0.00	  0.00	 30.00	    7.9900	 13.1916	 0.0000	 8.6093	 2.6368	 0.4243	 0.0051	 0.4921	 0.4951	 64.0000	 0.0000	 9999.000	 9999.000	 0.6185	 0.0119	 0.1422	 0.0002	 1.2959	 0.8621	 7.8138	 5.3778	 7.9886	 2.2470	 0.1000	
m60526c1r8.htb	   0.0	  0.03	 2.000	 -5.00	  0.00	 40.00	    26.4700	 22.9968	 0.0000	 16.9196	 8.2090	 0.2781	 0.0908	 0.3582	 0.6578	 64.0000	 0.0000	 9999.000	 9999.000	 0.7984	 0.0012	 0.1200	 0.0008	 0.2965	 0.9900	 16.9196	 6.0772	 26.4739	 0.5876	 0.0010	
m60526c2r8.htb	   0.0	  0.03	 2.000	  0.00	  0.00	 40.00	    2.6100	 30.6061	 0.0000	 19.8599	 6.4677	 0.2846	 0.2024	 0.4562	 0.4637	 64.0000	 0.0000	 9999.000	 9999.000	 0.5526	 0.0217	 0.1361	 0.0126	 0.7752	 0.9417	 19.8599	 10.7463	 2.6086	 0.2192	 0.0010	
m60526c3r8.htb	   0.0	  0.03	 2.000	  8.00	  8.00	 40.00	    35.4500	 24.5074	 0.0000	 16.6946	 6.0199	 0.3416	 0.0002	 0.4971	 0.4925	 64.0000	 0.0000	 33.650	 9999.000	 0.8721	 0.0002	 0.2631	 0.0000	 0.5343	 0.9701	 15.9738	 8.5336	 35.4505	 2.6418	 0.1000	
m60526c4r8.htb	   0.0	  0.03	 2.000	  0.00	 -10.00	 40.00	    30.2500	 18.2939	 0.0000	 11.9644	 6.0945	 0.3840	 0.0000	 0.4520	 0.5840	 64.0000	 0.0000	 29.430	 9999.000	 0.8356	 0.0006	 0.1567	 0.0000	 0.3871	 0.9835	 8.7090	 9.5849	 30.2513	 3.8891	 0.1000	
m60526c5r8.htb	  60.0	  0.03	 2.000	 -5.00	 -5.00	 40.00	    8.0400	 4.4263	 0.0000	 3.0718	 3.4826	 0.3571	 0.1120	 0.3648	 0.3993	 64.0000	 0.0000	 9999.000	 9999.000	 0.4799	 0.0386	 0.0688	 0.0125	 0.6916	 0.9524	 3.0613	 1.3651	 8.0384	 1.4105	 0.1000	
m60623c1r8.htb	   0.0	  0.03	 2.000	  0.00	  0.00	 40.00	    7.0600	 21.8202	 0.0000	 19.5150	 16.0199	 0.1319	 0.7160	 0.2639	 0.4587	 64.0000	 0.0000	 9999.000	 9999.000	 0.5626	 0.0199	 0.0349	 0.0777	 0.2832	 0.9909	 19.5150	 2.3052	 7.0620	 1.5234	 0.0010	
m60623c2r8.htb	   0.0	  0.03	 2.000	  0.00	  0.00	 40.00	    7.4400	 12.0804	 0.0000	 9.2685	 6.2687	 0.3295	 0.0360	 0.4133	 0.4520	 64.0000	 0.0000	 9999.000	 9999.000	 0.5321	 0.0257	 0.0949	 0.0031	 0.7972	 0.9388	 9.2593	 2.8211	 7.4395	 1.2783	 0.1000	
m60626c1r8.htb	   0.0	  0.03	 2.000	 10.00	 -13.00	 30.00	    21.4200	 19.1303	 0.0000	 10.2164	 3.1841	 0.5087	 0.0000	 0.6252	 0.4083	 64.0000	 0.0000	 17.230	 9999.000	 0.9586	 0.0000	 0.5580	 0.0000	 0.5935	 0.9638	 10.2164	 8.9138	 21.4239	 1.3831	 0.0010	
m60628c3r8.htb	   0.0	  0.03	 2.000	 10.00	  0.00	 40.00	    4.6300	 11.8172	 0.0000	 8.8556	 6.8295	 0.3106	 0.0996	 0.3962	 0.5053	 64.0000	 0.0000	 9999.000	 9999.000	 0.4290	 0.0555	 0.0611	 0.0152	 1.0588	 0.9008	 5.5825	 6.2347	 4.6251	 4.8093	 0.0198	
m60629c3r8.htb	   0.0	  0.03	 2.000	  8.00	 -12.00	 40.00	    26.3000	 32.7894	 0.0000	 26.4865	 16.7662	 0.2012	 0.0004	 0.4545	 0.3757	 64.0000	 0.0000	 22.380	 9999.000	 0.9413	 0.0000	 0.2724	 0.0000	 0.2263	 0.9941	 26.4865	 6.3030	 26.2979	 1.6140	 0.0010	
m60629c4r8.htb	   0.0	  0.03	 2.000	 -8.00	 -10.00	 40.00	    53.5900	 18.5365	 0.0000	 7.5581	 6.4179	 0.6175	 0.0000	 0.6150	 0.5325	 64.0000	 0.0000	 50.220	 9999.000	 0.9131	 0.0001	 0.4886	 0.0000	 0.8286	 0.9346	 7.2195	 11.3170	 53.5917	 2.3727	 0.1000	
m60719c2r8.htb	   0.0	  0.03	 2.000	 10.00	 -10.00	 60.00	    2.8200	 8.5455	 0.0000	 6.7992	 3.2338	 0.2456	 0.6227	 0.3007	 0.4833	 64.0000	 0.0000	 9999.000	 9999.000	 0.6898	 0.0056	 0.0493	 0.0355	 0.7823	 0.9408	 6.7992	 1.7463	 2.8249	 0.7157	 0.0010	
m60719c3r8.htb	   0.0	  0.03	 2.000	 10.00	  0.00	 60.00	    2.8100	 0.8510	 0.0000	 0.3622	 0.0995	 0.5333	 0.5534	 0.2444	 0.4272	 64.0000	 0.0000	 9999.000	 9999.000	 0.3443	 0.0967	 0.0270	 0.1220	 0.4580	 0.9775	 0.3622	 0.4889	 2.8052	 0.2290	 0.0010	
m60720c1r8.htb	   0.0	  0.03	 2.000	  0.00	  0.00	 40.00	    15.0100	 14.4231	 0.0000	 9.2237	 3.7811	 0.3874	 0.0057	 0.4335	 0.5668	 64.0000	 0.0000	 12.900	 9999.000	 0.7845	 0.0015	 0.1781	 0.0000	 0.5508	 0.9684	 9.2237	 5.1994	 15.0123	 1.6597	 0.0010	
m60720c1r8.htb	   0.0	  0.03	 2.000	  0.00	  0.00	 40.00	    15.0100	 14.4231	 0.0000	 9.2237	 3.7811	 0.3874	 0.0057	 0.4335	 0.5668	 64.0000	 0.0000	 12.900	 9999.000	 0.7845	 0.0015	 0.1781	 0.0000	 0.5508	 0.9684	 9.2237	 5.1994	 15.0122	 1.6597	 0.0010	
m60720c1r8.htb	   0.0	  0.03	 2.000	  0.00	  0.00	 40.00	    15.0100	 14.4232	 0.0000	 9.2237	 3.7811	 0.3874	 0.0057	 0.4335	 0.5668	 64.0000	 0.0000	 12.900	 9999.000	 0.7845	 0.0015	 0.1781	 0.0000	 0.5508	 0.9684	 9.2237	 5.1995	 15.0118	 1.6596	 0.0010	
m60720c2r8.htb	   0.0	  0.03	 2.000	  5.00	 -10.00	 40.00	    26.5000	 4.5952	 0.0000	 3.0597	 0.9950	 0.5941	 0.0673	 0.4136	 0.5300	 64.0000	 0.0000	 9999.000	 9999.000	 0.4181	 0.0598	 0.0668	 0.0139	 1.4333	 0.8384	 3.0597	 1.5355	 26.4952	 0.4696	 0.0010	
m60720c3r8.htb	   0.0	  0.03	 2.000	 -8.00	 -10.00	 40.00	    25.1200	 14.4022	 0.0000	 9.3771	 4.3449	 0.3717	 0.0000	 0.4898	 0.4282	 64.0000	 0.0000	 23.620	 9999.000	 0.9075	 0.0001	 0.2430	 0.0000	 0.3459	 0.9867	 8.9157	 5.4865	 25.1155	 2.4852	 0.1000	
m60721c4r8.htb	  90.0	  0.03	 2.000	 -10.00	  0.00	 60.00	    0.9100	 11.9671	 0.0000	 5.4628	 2.5373	 0.5365	 0.0003	 0.5047	 0.4735	 64.0000	 0.0000	 9999.000	 9999.000	 0.0146	 0.7567	 0.0043	 0.5385	 3.0187	 0.5547	 5.4628	 6.5049	 0.9095	 0.0393	 0.0829	
m60721c5r8.htb	  90.0	  0.03	 2.000	  0.00	 -8.00	 40.00	    58.4000	 14.0604	 0.0000	 4.0540	 0.8955	 0.7340	 0.0000	 0.6737	 0.4459	 64.0000	 0.0000	 40.820	 9999.000	 0.9879	 0.0000	 0.7212	 0.0000	 0.3497	 0.9864	 4.0540	 10.0064	 58.4030	 1.0154	 0.1000	
m60801c1r8.htb	   0.0	  0.03	 2.000	 -10.00	  5.00	 60.00	    33.2300	 4.1667	 0.0000	 1.1103	 0.6965	 0.7407	 0.0000	 0.5455	 0.4322	 64.0000	 0.0000	 19.960	 9999.000	 0.9611	 0.0000	 0.5032	 0.0000	 0.4727	 0.9761	 1.1103	 3.0564	 33.2284	 0.7788	 0.0010	
m60803c2r8.htb	   0.0	  0.03	 2.000	 -8.00	  0.00	 40.00	    63.3900	 11.9735	 0.0000	 4.1750	 2.0896	 0.6829	 0.0000	 0.6093	 0.4840	 64.0000	 0.0000	 54.450	 9999.000	 0.9749	 0.0000	 0.5902	 0.0000	 0.5271	 0.9708	 4.1747	 7.7988	 63.3885	 1.6592	 0.0349	
m60804c1r8.htb	  60.0	  0.03	 2.000	  5.00	 -10.00	 40.00	    27.1400	 11.9117	 0.0000	 7.1434	 2.4378	 0.4669	 0.0000	 0.5479	 0.3880	 64.0000	 0.0000	 19.490	 9999.000	 0.9259	 0.0000	 0.3985	 0.0000	 0.6047	 0.9625	 7.1434	 4.7683	 27.1420	 1.0666	 0.1000	
m60815c3r8.htb	   0.0	  0.03	 2.000	  5.00	 -20.00	 40.00	    31.6600	 13.0358	 0.0000	 12.4262	 11.0945	 0.1169	 0.9960	 0.1754	 0.5243	 64.0000	 0.0000	 9999.000	 9999.000	 0.3059	 0.1224	 0.0050	 0.5234	 0.1180	 0.9983	 12.4262	 0.6096	 31.6615	 1.8983	 0.0010	
m60816c1r8.htb	   0.0	  0.03	 2.000	  0.00	 -10.00	 40.00	    13.6500	 11.9494	 0.0000	 7.4301	 4.6766	 0.5000	 0.0414	 0.4489	 0.8242	 64.0000	 0.0000	 9999.000	 9999.000	 0.5821	 0.0168	 0.1014	 0.0022	 0.8045	 0.9378	 7.4301	 4.5193	 13.6498	 1.3139	 0.0010	
m60816c2r8.htb	   0.0	  0.03	 2.000	  0.00	  0.00	 40.00	    11.2100	 24.2944	 0.0000	 17.8460	 4.9751	 0.2785	 0.0069	 0.4350	 0.5026	 64.0000	 0.0000	 7.960	 27.360	 0.9617	 0.0000	 0.2139	 0.0000	 0.1137	 0.9984	 17.8460	 6.4484	 11.2124	 1.0488	 0.0010	
m60816c2r8.htb	   0.0	  0.03	 2.000	  0.00	  0.00	 40.00	    11.2100	 24.2945	 0.0000	 17.8460	 4.9751	 0.2785	 0.0069	 0.4350	 0.5026	 64.0000	 0.0000	 7.960	 27.360	 0.9617	 0.0000	 0.2139	 0.0000	 0.1137	 0.9984	 17.8460	 6.4485	 11.2123	 1.0488	 0.0010	
m60816c3r8.htb	 180.0	  0.03	 2.000	 -10.00	 -10.00	 60.00	    14.7900	 12.0332	 0.0000	 10.7995	 9.5522	 0.1989	 0.5993	 0.2870	 0.4823	 64.0000	 0.0000	 9999.000	 9999.000	 0.2544	 0.1662	 0.0124	 0.1991	 0.3143	 0.9889	 10.7995	 1.2337	 14.7854	 1.4323	 0.0010	
m60818c1r8.htb	   0.0	  0.03	 2.000	 -10.00	 -10.00	 40.00	    16.6200	 3.0187	 0.0000	 1.7719	 1.3930	 0.4925	 0.1045	 0.3994	 0.4103	 64.0000	 0.0000	 9999.000	 9999.000	 0.8841	 0.0002	 0.1272	 0.0005	 0.3123	 0.9890	 1.7719	 1.2469	 16.6228	 1.0513	 0.1000	
m60818c2r8.htb	   0.0	  0.03	 2.000	 10.00	 10.00	 40.00	    12.9500	 28.3913	 0.0000	 23.2448	 19.4030	 0.2224	 0.1302	 0.3506	 0.5913	 64.0000	 0.0000	 9999.000	 9999.000	 0.6415	 0.0095	 0.0888	 0.0043	 0.4434	 0.9788	 23.2448	 5.1465	 12.9471	 0.9257	 0.1000	
m60818c3r8.htb	  30.0	  0.03	 2.000	 -10.00	  0.00	 60.00	    50.1500	 11.1172	 0.0000	 3.6115	 2.9851	 0.7004	 0.0000	 0.6022	 0.5018	 64.0000	 0.0000	 37.800	 9999.000	 0.9832	 0.0000	 0.5950	 0.0000	 0.4296	 0.9800	 3.6115	 7.5057	 50.1451	 1.1891	 0.0010	
m60821c4r8.htb	   0.0	  0.03	 2.000	  5.00	 -15.00	 40.00	    15.0000	 15.7992	 0.0000	 8.0634	 4.9751	 0.4940	 0.0000	 0.5560	 0.4709	 64.0000	 0.0000	 13.820	 9999.000	 0.9193	 0.0000	 0.3524	 0.0000	 0.3794	 0.9841	 8.0631	 7.7361	 15.0044	 2.1465	 0.0010	
m60821c5r8.htb	   0.0	  0.03	 2.000	  5.00	  5.00	 40.00	    22.9500	 13.8627	 0.0000	 7.9031	 4.0796	 0.5258	 0.0009	 0.4715	 0.6556	 64.0000	 0.0000	 14.050	 35.930	 0.8212	 0.0008	 0.2227	 0.0000	 0.5482	 0.9686	 7.9031	 5.9597	 22.9538	 0.7975	 0.1000	
m60824c4r8.htb	   0.0	  0.03	 2.000	  0.00	 -10.00	 40.00	    39.3500	 32.9788	 0.0000	 19.9767	 6.8657	 0.3821	 0.0000	 0.5702	 0.4680	 64.0000	 0.0000	 36.550	 9999.000	 0.9639	 0.0000	 0.5044	 0.0000	 0.2967	 0.9900	 19.9765	 13.0023	 39.3538	 2.2391	 0.0010	
m60825c1r8.htb	   0.0	  0.03	 2.000	  0.00	  0.00	 60.00	    30.3800	 8.4788	 0.0000	 4.3961	 5.2861	 0.5303	 0.0008	 0.4909	 0.4750	 64.0000	 0.0000	 16.430	 9999.000	 0.8342	 0.0006	 0.2961	 0.0000	 0.7470	 0.9454	 4.3961	 4.0827	 30.3845	 0.6599	 0.0010	
m60831c2r8.htb	 180.0	  0.03	 2.000	  5.00	 -10.00	 40.00	    11.6200	 26.3892	 0.0000	 20.1044	 14.2786	 0.2411	 0.1424	 0.3651	 0.5982	 64.0000	 0.0000	 9999.000	 9999.000	 0.9142	 0.0001	 0.1237	 0.0007	 0.1500	 0.9973	 20.1044	 6.2847	 11.6191	 1.5293	 0.0010	
m60831c3r8.htb	 180.0	  0.03	 2.000	  0.00	  0.00	 40.00	    18.3000	 35.0680	 0.0000	 20.5270	 10.5970	 0.3931	 0.0000	 0.5312	 0.5903	 64.0000	 0.0000	 15.030	 9999.000	 0.9872	 0.0000	 0.4641	 0.0000	 0.1075	 0.9986	 20.5270	 14.5410	 18.3012	 1.4574	 0.0010	
m60901c1r8.htb	 180.0	  0.03	 2.000	 -10.00	  0.00	 40.00	    10.4300	 1.0054	 0.0000	 0.2985	 0.0249	 0.8222	 0.0010	 0.3519	 0.5576	 64.0000	 0.0000	 9999.000	 9999.000	 0.0000	   NaN	 0.0000	   NaN	 1.5091	 0.8250	 0.2985	 0.7171	 10.4309	 0.0005	 0.0010	
m60901c2r8.htb	 180.0	  0.03	 2.000	  5.00	  0.00	 40.00	    35.2200	 6.0417	 0.0000	 3.2426	 1.0945	 0.5317	 0.0001	 0.4420	 0.4582	 64.0000	 0.0000	 20.900	 9999.000	 0.9304	 0.0000	 0.3060	 0.0000	 0.5692	 0.9664	 3.2426	 2.7991	 35.2161	 0.7635	 0.0010	
m60901c3r8.htb	 180.0	  0.03	 2.000	 -10.00	 -10.00	 40.00	    11.5900	 10.0484	 0.0000	 5.5708	 1.3433	 0.3846	 0.1133	 0.3561	 0.5273	 64.0000	 0.0000	 9999.000	 9999.000	 0.4549	 0.0463	 0.0651	 0.0152	 0.9571	 0.9162	 5.5708	 4.4776	 11.5928	 0.2397	 0.0013	
m61025c1r8.htb	   0.0	  0.03	 2.000	  0.00	 -10.00	 40.00	    10.9800	 8.0816	 0.0000	 4.3852	 3.5821	 0.4444	 0.0000	 0.4823	 0.3894	 64.0000	 0.0000	 8.160	 30.670	 0.8711	 0.0002	 0.3195	 0.0000	 0.4298	 0.9800	 4.3846	 3.6970	 10.9752	 1.1269	 0.1000	
m61025c1r8.htb	   0.0	  0.03	 2.000	  0.00	 -10.00	 40.00	    10.9800	 8.0816	 0.0000	 4.3852	 3.5821	 0.4444	 0.0000	 0.4823	 0.3894	 64.0000	 0.0000	 8.160	 30.670	 0.8711	 0.0002	 0.3195	 0.0000	 0.4298	 0.9800	 4.3846	 3.6970	 10.9751	 1.1269	 0.1000	
m61025c2r8.htb	   0.0	  0.03	 2.000	  0.00	 -10.00	 40.00	    16.1000	 10.0151	 0.0000	 4.5653	 4.6766	 0.6122	 0.0000	 0.5477	 0.4902	 64.0000	 0.0000	 10.430	 29.160	 0.8933	 0.0001	 0.3765	 0.0000	 1.1537	 0.8857	 4.5653	 5.4498	 16.0956	 0.8744	 0.1000	
m61025c3r8.htb	   0.0	  0.03	 2.000	  0.00	 -10.00	 40.00	    11.5000	 6.4144	 0.0000	 5.7650	 4.0299	 0.1493	 0.9928	 0.1903	 0.4240	 64.0000	 0.0000	 9999.000	 9999.000	 0.7350	 0.0031	 0.0130	 0.2855	 0.0496	 0.9997	 5.7650	 0.6494	 11.4992	 0.6713	 0.0010	
m61026c1r8.htb	   0.0	  0.03	 2.000	 -5.00	  0.00	 40.00	    1.2100	 4.9061	 0.0000	 3.1511	 1.8408	 0.4023	 0.6516	 0.2620	 0.5502	 64.0000	 0.0000	 9999.000	 9999.000	 0.0153	 0.7512	 0.0010	 0.7619	 0.4965	 0.9738	 3.1511	 1.7555	 1.2074	 0.1004	 0.0103	
m61026c2r8.htb	   0.0	  0.03	 2.000	  0.00	 -5.00	 40.00	    24.3700	 3.0843	 0.0000	 1.1066	 0.9619	 0.6000	 0.0001	 0.3967	 0.5820	 64.0000	 0.0000	 17.320	 9999.000	 0.9697	 0.0000	 0.2177	 0.0000	 0.1063	 0.9986	 1.1066	 1.9777	 24.3713	 1.0434	 0.1000	
m61026c3r8.htb	   0.0	  0.03	 2.000	  0.00	 -10.00	 40.00	    0.0000	 3.6921	 0.5400	 3.6417	 1.8574	 0.2937	 0.1996	 0.3261	 0.3486	 64.0000	 0.0000	 9999.000	 9999.000	 0.0004	 0.9595	 0.0000	 0.9478	 0.6354	 0.9590	 3.6417	 0.0504	 0.0000	 0.3162	 0.0444	
m61026c4r8.htb	 180.0	  0.03	 2.000	  0.00	 -10.00	 40.00	    31.6600	 8.5980	 0.0000	 2.0246	 1.3504	 0.7890	 0.0000	 0.6383	 0.4710	 64.0000	 0.0000	 25.520	 9999.000	 0.9872	 0.0000	 0.6196	 0.0000	 0.4269	 0.9802	 2.0246	 6.5734	 31.6587	 1.3905	 0.0010	
m61031c1r8.htb	 150.0	  0.03	 2.000	  0.00	 -10.00	 40.00	    64.0000	 4.4390	 0.0000	 3.8263	 2.8856	 0.2338	 0.7623	 0.2727	 0.4292	 64.0000	 0.0000	 9999.000	 9999.000	 0.3109	 0.1188	 0.0117	 0.2114	 0.2363	 0.9935	 3.7780	 0.6610	 64.0000	 4.8384	 0.0010	
m61031c2r8.htb	 120.0	  0.03	 2.000	 10.00	 -10.00	 40.00	    0.1700	 2.6574	 64.0000	 2.0816	 0.9453	 0.3966	 0.3471	 0.3580	 0.4317	 64.0000	 0.0000	 9999.000	 9999.000	 0.1293	 0.3418	 0.0131	 0.2833	 1.0402	 0.9036	 2.0814	 0.5760	 0.1658	 1.3709	 0.1000	
m61106c1r8.htb	 180.0	  0.03	 2.000	 -5.00	 10.00	 40.00	    8.9400	 0.8050	 0.0000	 0.2112	 0.2156	 0.7468	 0.0214	 0.3125	 0.6493	 64.0000	 0.0000	 9999.000	 9999.000	 0.6008	 0.0141	 0.0396	 0.0010	 0.3374	 0.9873	 0.2112	 0.5938	 8.9414	 0.2733	 0.0357	
m61106c2r8.htb	   0.0	  0.03	 2.000	  0.00	 -10.00	 40.00	    13.2900	 7.8088	 0.0000	 3.6421	 1.2935	 0.5355	 0.0002	 0.4628	 0.5752	 64.0000	 0.0000	 9.680	 35.430	 0.8882	 0.0001	 0.2676	 0.0000	 0.3855	 0.9836	 3.6421	 4.1666	 13.2922	 1.1029	 0.0010	
m61106c3r8.htb	 120.0	  0.03	 2.000	  0.00	 -10.00	 40.00	    4.9000	 28.6186	 0.0000	 19.7336	 10.6468	 0.2894	 0.0051	 0.4272	 0.5911	 64.0000	 0.0000	 4.400	 35.910	 0.9076	 0.0001	 0.2084	 0.0000	 0.3990	 0.9826	 18.2268	 10.3919	 4.8969	 1.9903	 0.1000	
m61108c1r8.htb	 180.0	  0.03	 2.000	  8.00	 -10.00	 40.00	    17.1500	 8.0810	 0.0000	 1.8574	 0.9950	 0.8110	 0.0000	 0.6534	 0.4476	 64.0000	 0.0000	 11.830	 37.520	 0.9527	 0.0000	 0.6159	 0.0000	 1.5957	 0.8096	 1.8574	 6.2236	 17.1471	 0.9811	 0.1000	
m61108c4r8.htb	 180.0	  0.03	 2.000	  5.00	 -10.00	 40.00	    24.4400	 36.0328	 0.0000	 9.1884	 4.0299	 0.7387	 0.0000	 0.7130	 0.6023	 64.0000	 0.0000	 17.840	 9999.000	 0.9843	 0.0000	 0.8130	 0.0000	 0.6702	 0.9550	 9.1884	 26.8444	 24.4359	 1.1101	 0.0010	
m61109c1r8.htb	 180.0	  0.03	 2.000	  0.00	 -10.00	 40.00	    24.6600	 7.0682	 0.0000	 4.3721	 4.6269	 0.4375	 0.0152	 0.3969	 0.4955	 64.0000	 0.0000	 12.880	 26.790	 0.8056	 0.0010	 0.1627	 0.0001	 0.7285	 0.9478	 4.3721	 2.6960	 24.6607	 0.6225	 0.0993	
m61109c2r8.htb	   0.0	  0.03	 2.000	  0.00	  5.00	 40.00	    17.4900	 16.2302	 0.0000	 9.8601	 6.7662	 0.3817	 0.0005	 0.4289	 0.5583	 64.0000	 0.0000	 10.580	 26.700	 0.8761	 0.0002	 0.2483	 0.0000	 0.4498	 0.9782	 9.8601	 6.3701	 17.4870	 0.7871	 0.0010	
m61109c3r8.htb	   0.0	  0.03	 2.000	  0.00	  0.00	 40.00	    25.3000	 19.7195	 0.0000	 9.7910	 7.8109	 0.5691	 0.0000	 0.5767	 0.5794	 64.0000	 0.0000	 16.650	 9999.000	 0.9170	 0.0000	 0.4213	 0.0000	 0.5182	 0.9717	 9.7910	 9.9285	 25.2999	 0.9035	 0.1000	
m61109c4r8.htb	 180.0	  0.03	 2.000	  0.00	 -5.00	 40.00	    21.6600	 21.2132	 0.0000	 4.5418	 1.6915	 0.8051	 0.0000	 0.7069	 0.5360	 64.0000	 0.0000	 14.750	 9999.000	 0.9904	 0.0000	 0.7525	 0.0000	 0.4490	 0.9783	 4.5418	 16.6714	 21.6615	 0.9606	 0.1000	
m61109c5r8.htb	 180.0	  0.03	 2.000	  0.00	  0.00	 40.00	    18.0900	 17.3535	 0.0000	 5.7383	 5.9204	 0.6589	 0.0000	 0.6302	 0.5009	 64.0000	 0.0000	 13.790	 9999.000	 0.9916	 0.0000	 0.6358	 0.0000	 0.1129	 0.9985	 5.7383	 11.6152	 18.0875	 1.2166	 0.0010	
m61110c1r8.htb	 180.0	  0.03	 2.000	  8.00	 -10.00	 40.00	    11.3700	 28.0879	 0.0000	 16.9991	 14.6269	 0.4437	 0.0000	 0.5911	 0.4783	 64.0000	 0.0000	 8.710	 36.940	 0.9364	 0.0000	 0.4425	 0.0000	 0.8474	 0.9320	 16.9991	 11.0888	 11.3687	 1.2284	 0.0010	
m61110c2r8.htb	 180.0	  0.03	 2.000	  5.00	 -15.00	 40.00	    11.2200	 27.3980	 0.0000	 11.8210	 9.4527	 0.5817	 0.0000	 0.5978	 0.6384	 64.0000	 0.0000	 8.710	 38.690	 0.9569	 0.0000	 0.5185	 0.0000	 0.5017	 0.9733	 11.8210	 15.5770	 11.2220	 1.2672	 0.0010	
m61110c3r8.htb	 180.0	  0.03	 2.000	  0.00	 -30.00	 40.00	    19.2100	 16.7207	 0.0000	 10.3084	 6.7164	 0.4242	 0.0000	 0.5208	 0.4870	 64.0000	 0.0000	 12.610	 36.230	 0.9171	 0.0000	 0.3310	 0.0000	 0.3205	 0.9885	 10.3084	 6.4124	 19.2056	 0.8972	 0.1000	
m61113c1r8.htb	 120.0	  0.03	 1.000	  8.00	 -10.00	 40.00	    0.5900	 8.5190	 0.0000	 6.2899	 6.7662	 0.2467	 0.8864	 0.2535	 0.5704	 64.0000	 0.0000	 9999.000	 9999.000	 0.0921	 0.4273	 0.0039	 0.5573	 0.3380	 0.9872	 6.2899	 2.2349	 0.5945	 0.1063	 0.0010	
m61113c2r8.htb	  90.0	  0.03	 2.000	 -10.00	 -10.00	 40.00	    37.1900	 4.5124	 0.0000	 2.8235	 2.3881	 0.3736	 0.5924	 0.2758	 0.5887	 64.0000	 0.0000	 9999.000	 9999.000	 0.8108	 0.0009	 0.0603	 0.0196	 0.1731	 0.9965	 2.8235	 1.6888	 37.1915	 0.7452	 0.0010	
m61113c3r8.htb	 270.0	  0.03	 2.000	 -5.00	 -15.00	 40.00	    26.5200	 17.5419	 0.0000	 13.1475	 13.7313	 0.2773	 0.0747	 0.3520	 0.5488	 64.0000	 0.0000	 9999.000	 9999.000	 0.9665	 0.0000	 0.1512	 0.0002	 0.0636	 0.9995	 13.1475	 4.3944	 26.5188	 1.2284	 0.0010	
m61115c1r8.htb	 180.0	  0.03	 2.000	  0.00	 -5.00	 40.00	    21.8600	 1.9394	 0.0000	 0.6339	 0.4975	 0.7692	 0.0135	 0.4515	 0.5133	 64.0000	 0.0000	 13.330	 34.060	 0.7395	 0.0029	 0.1517	 0.0001	 0.6183	 0.9610	 0.6339	 1.3056	 21.8625	 0.7974	 0.0010	
m61115c2r8.htb	   0.0	  0.03	 2.000	 10.00	 -5.00	 40.00	    0.1000	 2.1282	 0.0000	 1.2949	 1.0945	 0.4419	 0.1776	 0.3402	 0.4171	 64.0000	 0.0000	 9999.000	 9999.000	 0.0000	   NaN	 0.0000	   NaN	 1.0566	 0.9011	 1.2949	 0.8663	 0.0982	 0.0624	 0.0047	
m61115c3r8.htb	  90.0	  0.03	 2.000	 -10.00	 -15.00	 40.00	    10.3800	 15.9311	 0.0000	 8.5336	 7.3134	 0.4486	 0.0000	 0.5533	 0.4242	 64.0000	 0.0000	 8.400	 43.570	 0.9857	 0.0000	 0.4301	 0.0000	 0.1023	 0.9987	 8.5336	 7.3975	 10.3827	 1.3993	 0.0010	
m61115c4r8.htb	   0.0	  0.03	 2.000	  5.00	 -5.00	 40.00	    33.1100	 17.1295	 0.0000	 9.4166	 7.7612	 0.4708	 0.0003	 0.5024	 0.5606	 64.0000	 0.0000	 31.880	 9999.000	 0.9051	 0.0001	 0.2666	 0.0000	 0.2840	 0.9908	 9.4092	 7.7202	 33.1085	 2.7905	 0.0010	
m61116c1r8.htb	  90.0	  0.03	 2.000	  0.00	  0.00	 40.00	    1.2900	 2.6934	 0.0000	 2.0219	 0.2985	 0.1837	 0.9298	 0.2125	 0.3655	 64.0000	 0.0000	 9999.000	 9999.000	 0.2374	 0.1834	 0.0085	 0.3868	 0.1645	 0.9968	 2.0219	 0.6716	 1.2946	 0.2254	 0.0010	
m61122c1r8.htb	 180.0	  0.03	 2.000	  0.00	 -10.00	 40.00	    37.1200	 5.3312	 0.0000	 2.4627	 2.0896	 0.6944	 0.0000	 0.5447	 0.5080	 64.0000	 0.0000	 17.420	 9999.000	 0.7562	 0.0023	 0.2608	 0.0000	 1.0772	 0.8979	 2.4627	 2.8685	 37.1241	 0.5374	 0.0010	
m61122c2r8.htb	  60.0	  0.03	 2.000	  0.00	 -15.00	 40.00	    5.5300	 4.9627	 0.0000	 2.8306	 2.6866	 0.4141	 0.0584	 0.3276	 0.5312	 64.0000	 0.0000	 9999.000	 9999.000	 0.8573	 0.0003	 0.1407	 0.0003	 0.1477	 0.9974	 2.8303	 2.1324	 5.5273	 0.9670	 0.1000	
m61122c3r8.htb	  60.0	  0.03	 2.000	 -5.00	  0.00	 40.00	    41.8600	 7.2090	 0.0000	 2.2901	 3.2587	 0.7143	 0.0000	 0.4807	 0.7336	 64.0000	 0.0000	 28.570	 9999.000	 0.9186	 0.0000	 0.2835	 0.0000	 0.4166	 0.9811	 2.2901	 4.9189	 41.8605	 0.9737	 0.0010	
m61122c4r8.htb	   0.0	  0.03	 2.000	 -5.00	 -5.00	 40.00	    19.2300	 19.6396	 0.0000	 11.9066	 8.8557	 0.3961	 0.0073	 0.4226	 0.7065	 64.0000	 0.0000	 15.170	 9999.000	 0.9209	 0.0000	 0.2035	 0.0000	 0.3183	 0.9886	 11.9066	 7.7330	 19.2274	 1.3175	 0.0010	
m61127c1r8.htb	 180.0	  0.03	 2.000	 10.00	 -10.00	 40.00	    21.3900	 6.8729	 0.0000	 0.8898	 0.2985	 0.8489	 0.0000	 0.6161	 0.5497	 64.0000	 0.0000	 15.230	 9999.000	 0.9837	 0.0000	 0.6157	 0.0000	 0.2133	 0.9947	 0.8898	 5.9831	 21.3850	 1.0548	 0.0010	
m61127c2r8.htb	  30.0	  0.03	 2.000	  5.00	 -5.00	 40.00	    3.9900	 15.5384	 0.0000	 11.7809	 8.2587	 0.2913	 0.0570	 0.3800	 0.5106	 64.0000	 0.0000	 9999.000	 9999.000	 0.5181	 0.0288	 0.0854	 0.0052	 1.1212	 0.8909	 11.0489	 4.4895	 3.9906	 1.9486	 0.1000	
m61127c3r8.htb	  90.0	  0.03	 2.000	 10.00	 -5.00	 40.00	    0.4400	 2.2874	 0.0000	 0.7731	 0.4975	 0.6136	 0.5940	 0.3148	 0.7048	 64.0000	 0.0000	 9999.000	 9999.000	 0.0898	 0.4334	 0.0067	 0.4442	 0.6529	 0.9570	 0.7731	 1.5195	 0.4429	 0.0695	 0.0547	
m61127c4r8.htb	 270.0	  0.03	 2.000	  5.00	 -10.00	 40.00	    64.0000	 9.9660	 0.0000	 6.3320	 2.5871	 0.4421	 0.0040	 0.5085	 0.4250	 64.0000	 0.0000	 9999.000	 9999.000	 0.6524	 0.0085	 0.1537	 0.0001	 1.1255	 0.8902	 5.9145	 4.0514	 64.0000	 5.1907	 0.0010	
m61128c1r8.htb	 180.0	  0.03	 2.000	 10.00	 -10.00	 40.00	    9.9700	 4.8755	 0.0000	 2.4739	 0.4975	 0.5079	 0.3075	 0.2706	 1.0170	 64.0000	 0.0000	 9999.000	 9999.000	 0.8812	 0.0002	 0.0465	 0.0037	 0.1010	 0.9988	 2.3685	 2.5070	 9.9688	 1.8320	 0.1000	
m61128c2r8.htb	 180.0	  0.03	 2.000	  5.00	  0.00	 40.00	    23.0400	 25.5028	 0.0000	 13.6478	 3.2338	 0.4385	 0.0000	 0.5157	 0.6168	 64.0000	 0.0000	 17.840	 9999.000	 0.9905	 0.0000	 0.4657	 0.0000	 0.0657	 0.9995	 13.6478	 11.8549	 23.0360	 1.2611	 0.0010	
m61128c3r8.htb	 180.0	  0.03	 2.000	  5.00	 -10.00	 40.00	    64.0000	 20.2054	 0.0000	 16.1183	 3.4328	 0.3396	 0.4939	 0.3432	 0.8109	 64.0000	 0.0000	 9999.000	 9999.000	 0.5778	 0.0174	 0.0488	 0.0365	 0.3547	 0.9860	 16.1183	 4.0870	 64.0000	 0.8023	 0.0120	
m61128c4r8.htb	 180.0	  0.03	 2.000	  0.00	 -10.00	 40.00	    0.5000	 7.3804	 64.0000	 5.0480	 2.7363	 0.3133	 0.1540	 0.3500	 0.4582	 64.0000	 0.0000	 9999.000	 9999.000	 0.8965	 0.0001	 0.1189	 0.0009	 0.1568	 0.9971	 5.0477	 2.3327	 0.5013	 1.1025	 0.1000	
m61129c1r8.htb	  90.0	  0.03	 2.000	 10.00	 -10.00	 40.00	    2.1500	 3.6187	 0.0000	 2.1843	 2.2139	 0.5069	 0.0776	 0.3431	 0.5568	 64.0000	 0.0000	 9999.000	 9999.000	 0.1498	 0.3034	 0.0117	 0.1481	 0.7097	 0.9501	 2.1843	 1.4345	 2.1511	 0.0581	 0.0916	
m61129c2r8.htb	  90.0	  0.03	 2.000	  5.00	 -5.00	 40.00	    14.7000	 17.4804	 0.0000	 8.5607	 9.3532	 0.5301	 0.0000	 0.5833	 0.4907	 64.0000	 0.0000	 12.070	 9999.000	 0.9482	 0.0000	 0.4616	 0.0000	 0.5604	 0.9674	 8.5401	 8.9403	 14.7032	 1.4341	 0.1000	
m61129c3r8.htb	  90.0	  0.03	 2.000	  0.00	  0.00	 40.00	    64.0000	 3.5552	 0.0000	 1.8496	 1.4925	 0.5568	 0.0459	 0.3992	 0.4781	 64.0000	 0.0000	 9999.000	 9999.000	 0.6401	 0.0096	 0.1096	 0.0014	 0.5967	 0.9634	 1.8407	 1.7145	 64.0000	 3.4107	 0.0010	
m61130c1r8.htb	 180.0	  0.03	 2.000	  0.00	  0.00	 40.00	    9.0600	 29.8856	 0.0000	 26.5425	 14.5274	 0.1200	 0.1367	 0.3522	 0.3131	 64.0000	 0.0000	 9999.000	 9999.000	 0.8199	 0.0008	 0.1121	 0.0013	 0.2724	 0.9915	 26.5425	 3.3431	 9.0580	 1.2551	 0.0010	
m61130c2r8.htb	 180.0	  0.03	 2.000	 10.00	  5.00	 40.00	    49.3900	 9.7765	 0.0000	 7.4389	 3.8806	 0.2707	 0.1067	 0.4445	 0.3090	 64.0000	 0.0000	 9999.000	 9999.000	 0.5742	 0.0180	 0.0833	 0.0058	 0.5581	 0.9676	 7.4389	 2.3376	 49.3891	 0.2724	 0.0607	
m61130c3r8.htb	 180.0	  0.03	 2.000	  5.00	  5.00	 40.00	    14.2800	 7.5653	 0.0000	 6.8993	 5.1741	 0.0759	 0.9670	 0.1831	 0.2310	 64.0000	 0.0000	 9999.000	 9999.000	 0.2388	 0.1819	 0.0067	 0.4437	 0.4326	 0.9797	 6.8993	 0.6660	 14.2772	 0.0207	 0.1000	
m61130c4r8.htb	 210.0	  0.03	 2.000	  5.00	 -5.00	 40.00	    13.8400	 15.7594	 0.0000	 8.9892	 4.7264	 0.4850	 0.0000	 0.5217	 0.5396	 64.0000	 0.0000	 10.340	 39.880	 0.8042	 0.0011	 0.2911	 0.0000	 1.1771	 0.8819	 8.9885	 6.7708	 13.8388	 1.1473	 0.1000	
m61201c1r8.htb	 180.0	  0.03	 2.000	  5.00	 -10.00	 40.00	    34.7800	 18.9786	 0.0000	 4.1944	 2.0398	 0.7846	 0.0000	 0.6752	 0.5654	 64.0000	 0.0000	 21.430	 9999.000	 0.9890	 0.0000	 0.7466	 0.0000	 0.2411	 0.9933	 4.1944	 14.7842	 34.7758	 0.8124	 0.0010	
m61201c2r8.htb	   0.0	  0.03	 2.000	  0.00	 -10.00	 40.00	    32.3800	 24.4260	 0.0000	 8.3924	 7.1144	 0.7117	 0.0000	 0.6248	 0.7384	 64.0000	 0.0000	 20.330	 9999.000	 0.9611	 0.0000	 0.5553	 0.0000	 0.3877	 0.9835	 8.3924	 16.0336	 32.3840	 0.8342	 0.1000	
m61204c1r8.htb	 240.0	  0.03	 2.000	  0.00	 -10.00	 40.00	    21.3100	 18.9544	 0.0000	 5.9583	 4.0299	 0.6800	 0.0000	 0.5724	 0.7340	 64.0000	 0.0000	 17.760	 9999.000	 0.9776	 0.0000	 0.5014	 0.0000	 0.5397	 0.9695	 5.9367	 13.0177	 21.3149	 1.5000	 0.1000	
m61204c2r8.htb	   0.0	  0.03	 2.000	  0.00	 -10.00	 40.00	    35.8100	 22.7124	 0.0000	 7.2652	 5.0249	 0.7480	 0.0000	 0.6503	 0.6641	 64.0000	 0.0000	 24.990	 9999.000	 0.9627	 0.0000	 0.6177	 0.0000	 0.7628	 0.9434	 7.2652	 15.4472	 35.8095	 1.0096	 0.1000	
m61204c3r8.htb	 180.0	  0.03	 2.000	 -5.00	 -10.00	 40.00	    12.0600	 15.9258	 0.0000	 9.1352	 4.0299	 0.4513	 0.0003	 0.5039	 0.5265	 64.0000	 0.0000	 10.830	 9999.000	 0.8737	 0.0002	 0.2576	 0.0000	 0.4713	 0.9762	 8.8129	 7.1129	 12.0574	 1.9298	 0.1000	
m61206c1r8.htb	 180.0	  0.03	 2.000	  5.00	 -10.00	 40.00	    28.6300	 31.7755	 0.0000	 9.2152	 4.9254	 0.7449	 0.0000	 0.7145	 0.5575	 64.0000	 0.0000	 19.530	 9999.000	 0.9886	 0.0000	 0.7735	 0.0000	 0.7798	 0.9411	 9.2152	 22.5603	 28.6286	 0.9658	 0.1000	
m61206c2r8.htb	 240.0	  0.03	 2.000	 -5.00	  0.00	 40.00	    36.5600	 12.0033	 0.0000	 1.1902	 0.4975	 0.9271	 0.0000	 0.7767	 0.3802	 64.0000	 0.0000	 25.830	 9999.000	 0.9959	 0.0000	 0.9023	 0.0000	 0.6065	 0.9623	 1.1902	 10.8131	 36.5603	 1.0345	 0.1000	
m61206c3r8.htb	   0.0	  0.03	 2.000	  5.00	 -5.00	 40.00	    40.1600	 28.0176	 0.0000	 18.0854	 10.6965	 0.3863	 0.0052	 0.4924	 0.6011	 64.0000	 0.0000	 39.760	 9999.000	 0.9488	 0.0000	 0.2178	 0.0000	 0.1003	 0.9988	 17.8073	 10.2102	 40.1647	 3.9489	 0.0010	
m61206c4r8.htb	   0.0	  0.03	 2.000	  0.00	 -10.00	 40.00	    40.2500	 33.6483	 0.0000	 5.3584	 4.1294	 0.8308	 0.0000	 0.7489	 0.5783	 64.0000	 0.0000	 29.520	 9999.000	 0.9966	 0.0000	 0.8879	 0.0000	 0.2605	 0.9922	 5.3584	 28.2900	 40.2545	 1.1219	 0.0010	
m60203c1r8.htb	   0.0	  0.03	 2.000	 -2.00	 -12.00	 50.00	    0.7800	 10.8112	 64.0000	 6.2878	 5.9701	 0.4412	 0.0001	 0.4988	 0.4458	 64.0000	 0.0000	 9999.000	 12.180	 0.7560	 0.0023	 0.2355	 0.0000	 0.9178	 0.9220	 2.9753	 7.8358	 0.7785	 3.2691	 0.1000	
m60614c4r8.htb	   0.0	  0.03	 2.000	  8.00	 -18.00	 40.00	    51.3600	 19.1317	 0.0000	 11.1641	 7.6617	 0.4457	 0.0009	 0.5659	 0.4183	 64.0000	 0.0000	 20.500	 9999.000	 0.8482	 0.0004	 0.4176	 0.0000	 1.3043	 0.8606	 11.1641	 7.9676	 51.3644	 0.4314	 0.0824	
m61117c1r8.htb	  60.0	  0.03	 2.000	 10.00	 -10.00	 40.00	    3.4200	 5.1319	 0.0000	 3.4791	 1.2935	 0.4602	 0.0211	 0.4300	 0.4373	 64.0000	 0.0000	 9999.000	 9999.000	 0.5401	 0.0241	 0.1043	 0.0019	 1.2707	 0.8663	 3.4790	 1.6530	 3.4187	 0.8176	 0.1000	
m60525c1r8.htb	   0.0	  0.03	 2.000	 10.00	 -10.00	 40.00	    18.8300	 4.6812	 0.0000	 2.0268	 0.7960	 0.6299	 0.0001	 0.5425	 0.4291	 64.0000	 0.0000	 9999.000	 9999.000	 0.6407	 0.0096	 0.2063	 0.0000	 1.2043	 0.8774	 1.8844	 2.7968	 18.8303	 2.1487	 0.1000	
m60517c4r8.htb	   0.0	  0.03	 2.000	  5.00	 -8.00	 30.00	    0.1500	 17.2064	 64.0000	 14.0744	 4.9254	 0.2959	 0.0210	 0.4222	 0.4927	 64.0000	 0.0000	 9999.000	 9999.000	 0.2161	 0.2074	 0.0418	 0.0533	 1.9497	 0.7450	 14.0744	 3.1324	 0.1541	 1.0389	 0.1000	
m60822c2r8.htb	 230.0	  0.03	 2.000	  0.00	 -5.00	 40.00	    64.0000	 4.5673	 0.0000	 2.3748	 0.9950	 0.5505	 0.0025	 0.4466	 0.4971	 64.0000	 0.0000	 9999.000	 9999.000	 0.6755	 0.0066	 0.1669	 0.0001	 0.8566	 0.9307	 2.3748	 2.1926	 64.0000	 1.8809	 0.0010	
m60424c1r8.htb	   0.0	  0.03	 2.000	 -10.00	 -10.00	 40.00	    64.0000	 10.1987	 0.0000	 4.4685	 0.0000	 0.6442	 0.0000	 0.6029	 0.4305	 64.0000	 0.0000	 50.360	 9999.000	 0.9307	 0.0000	 0.5028	 0.0000	 0.8288	 0.9345	 4.4685	 5.7301	 64.0000	 1.3071	 0.1000	
m60301c3r8.htb	  30.0	  0.03	 4.000	 10.00	 -5.00	 40.00	    64.0000	 19.5291	 0.0000	 14.0243	 8.0597	 0.3432	 0.0361	 0.4735	 0.5123	 64.0000	 0.0000	 63.690	 9999.000	 0.7283	 0.0034	 0.1298	 0.0005	 0.6685	 0.9552	 13.6567	 5.8724	 64.0000	 4.7008	 0.0010	
m60726c3r8.htb	   0.0	  0.03	 2.000	  0.00	 -5.00	 40.00	    1.6000	 14.0275	 64.0000	 8.0311	 0.5970	 0.5473	 0.0001	 0.5330	 0.5671	 64.0000	 0.0000	 9999.000	 9999.000	 0.6805	 0.0062	 0.2220	 0.0000	 1.4955	 0.8274	 1.9379	 12.0896	 1.6027	 3.0994	 0.1000	
m60810c4r8.htb	   0.0	  0.03	 2.000	  5.00	 -5.00	 40.00	    3.8700	 6.9253	 0.0000	 4.9046	 3.8308	 0.3819	 0.0236	 0.4255	 0.4263	 64.0000	 0.0000	 9999.000	 9999.000	 0.6232	 0.0114	 0.1185	 0.0009	 0.7218	 0.9486	 4.9046	 2.0207	 3.8725	 0.8001	 0.0010	
m60724c1r8.htb	   0.0	  0.03	 2.000	  0.00	  0.00	 40.00	    9.1000	 9.4781	 0.0000	 7.7951	 5.6053	 0.2885	 0.0323	 0.3887	 0.4047	 64.0000	 0.0000	 9999.000	 9999.000	 0.4169	 0.0603	 0.0509	 0.0085	 0.6824	 0.9535	 7.7938	 1.6844	 9.0984	 1.1941	 0.1000	
m60803c3r8.htb	   0.0	  0.03	 2.000	  0.00	  0.00	 40.00	    14.6200	 10.0234	 0.0000	 6.8337	 5.0304	 0.4163	 0.0139	 0.5137	 0.3796	 64.0000	 0.0000	 9999.000	 9999.000	 0.6257	 0.0111	 0.1453	 0.0007	 1.1605	 0.8846	 2.7059	 7.3176	 14.6182	 8.9620	 0.0010	
m60724c4r8.htb	 150.0	  0.03	 2.000	  0.00	 -3.00	 40.00	    4.4300	 8.7718	 0.0000	 5.5088	 2.5871	 0.5172	 0.0135	 0.5279	 0.4089	 64.0000	 0.0000	 9999.000	 9999.000	 0.0000	 0.9884	 0.0000	 0.9815	 6.0648	 0.1944	 5.5088	 3.2640	 4.4254	 0.0445	 0.0012	
m60719c4r8.htb	  30.0	  0.03	 2.000	 -5.00	 10.00	 40.00	    22.9000	 10.7613	 0.0000	 5.9464	 3.1841	 0.5481	 0.0000	 0.5769	 0.3943	 64.0000	 0.0000	 9999.000	 9999.000	 0.0000	   NaN	 0.0000	   NaN	 8.1695	 0.0856	 5.9464	 4.8623	 22.8984	 0.0005	 0.0010	
m60907c2r8.htb	 120.0	  0.03	 2.000	 10.00	 -10.00	 40.00	    64.0000	 2.6571	 0.0000	 0.9249	 1.6418	 0.7059	 0.0007	 0.4875	 0.5173	 64.0000	 0.0000	 9999.000	 9999.000	 0.6698	 0.0070	 0.1855	 0.0000	 1.6612	 0.7978	 0.9249	 1.7322	 64.0000	 1.1166	 0.0048	
m60815c1r8.htb	 150.0	  0.03	 2.000	  8.00	 -10.00	 40.00	    25.7500	 9.6010	 0.0000	 5.6945	 1.9900	 0.4762	 0.0131	 0.4295	 0.5865	 64.0000	 0.0000	 9999.000	 9999.000	 0.6751	 0.0066	 0.1390	 0.0003	 1.0379	 0.9040	 5.6945	 3.9066	 25.7515	 0.5307	 0.0010	
m60519c6r8.htb	   0.0	  0.03	 2.000	  0.00	  0.00	 30.00	    7.9900	 13.1916	 0.0000	 8.6093	 2.6368	 0.4243	 0.0051	 0.4921	 0.4951	 64.0000	 0.0000	 9999.000	 9999.000	 0.6185	 0.0119	 0.1422	 0.0002	 1.2959	 0.8621	 7.8138	 5.3778	 7.9884	 2.2470	 0.1000	
m60525c1r8.htb	   0.0	  0.03	 2.000	 10.00	 -10.00	 40.00	    18.8300	 4.6813	 0.0000	 2.0271	 0.7960	 0.6299	 0.0001	 0.5425	 0.4291	 64.0000	 0.0000	 9999.000	 9999.000	 0.6407	 0.0096	 0.2063	 0.0000	 1.2043	 0.8774	 1.8849	 2.7964	 18.8300	 2.1482	 0.1000	
m60517c4r8.htb	   0.0	  0.03	 2.000	  5.00	 -8.00	 30.00	    0.1500	 17.2066	 64.0000	 14.0744	 4.9254	 0.2959	 0.0210	 0.4222	 0.4927	 64.0000	 0.0000	 9999.000	 9999.000	 0.2161	 0.2074	 0.0418	 0.0533	 1.9496	 0.7450	 14.0744	 3.1326	 0.1541	 1.0389	 0.1000	
m60518c1r8.htb	   0.0	  0.03	 2.000	  8.00	 -10.00	 40.00	    11.8700	 10.4869	 0.0000	 7.8805	 0.9453	 0.3896	 0.0003	 0.4339	 0.5081	 64.0000	 0.0000	 9999.000	 9999.000	 0.2790	 0.1438	 0.0817	 0.0063	 2.3004	 0.6807	 6.9035	 3.5834	 11.8683	 2.9679	 0.1000	
m60803c3r8.htb	   0.0	  0.03	 2.000	  0.00	  0.00	 40.00	    14.6300	 10.0235	 0.0000	 6.8336	 5.0304	 0.4163	 0.0139	 0.5137	 0.3796	 64.0000	 0.0000	 9999.000	 9999.000	 0.6257	 0.0111	 0.1453	 0.0007	 1.1605	 0.8846	 2.7059	 7.3176	 14.6341	 8.9629	 0.0010	
m60815c1r8.htb	 150.0	  0.03	 2.000	  8.00	 -10.00	 40.00	    25.7500	 9.6004	 0.0000	 5.6945	 1.9900	 0.4762	 0.0131	 0.4295	 0.5865	 64.0000	 0.0000	 9999.000	 9999.000	 0.6751	 0.0066	 0.1390	 0.0003	 1.0379	 0.9040	 5.6945	 3.9059	 25.7514	 0.5308	 0.0010	
m60822c2r8.htb	 230.0	  0.03	 2.000	  0.00	 -5.00	 40.00	    64.0000	 4.5673	 0.0000	 2.3749	 0.9950	 0.5505	 0.0025	 0.4466	 0.4971	 64.0000	 0.0000	 9999.000	 9999.000	 0.6755	 0.0066	 0.1669	 0.0001	 0.8565	 0.9307	 2.3749	 2.1924	 64.0000	 1.8808	 0.0010	
m60901c1r8.htb	 180.0	  0.03	 2.000	 -10.00	  0.00	 40.00	    9.6900	 0.8160	 0.0000	 0.2985	 0.0249	 0.8222	 0.0010	 0.3519	 0.5576	 64.0000	 0.0000	 9999.000	 9999.000	 0.0000	   NaN	 0.0000	   NaN	 1.5091	 0.8250	 0.2985	 0.7261	 9.6860	 0.0005	 0.0010	
m60907c2r8.htb	 120.0	  0.03	 2.000	 10.00	 -10.00	 40.00	    64.0000	 2.6570	 0.0000	 0.9248	 1.6418	 0.7059	 0.0007	 0.4875	 0.5173	 64.0000	 0.0000	 9999.000	 9999.000	 0.6698	 0.0070	 0.1855	 0.0000	 1.6612	 0.7977	 0.9248	 1.7322	 64.0000	 1.1170	 0.0010	
m60719c4r8.htb	  30.0	  0.03	 2.000	 -5.00	 10.00	 40.00	    52.4000	 10.4919	 0.0000	 4.8772	 3.1841	 0.5481	 0.0000	 0.5769	 0.3943	 64.0000	 0.0000	 28.380	 9999.000	 0.9940	 0.0000	 0.5223	 0.0000	 0.1206	 0.9983	 4.8772	 5.6146	 52.4004	 0.6608	 0.0603	
m61117c1r8.htb	  60.0	  0.03	 2.000	 10.00	 -10.00	 40.00	    3.4200	 5.1320	 0.0000	 3.4791	 1.2935	 0.4602	 0.0211	 0.4300	 0.4373	 64.0000	 0.0000	 9999.000	 9999.000	 0.5401	 0.0241	 0.1043	 0.0019	 1.2707	 0.8663	 3.4789	 1.6531	 3.4186	 0.8175	 0.1000	
m61106c1r8.htb	 180.0	  0.03	 2.000	 -5.00	 10.00	 40.00	    8.9500	 0.8067	 0.0000	 0.2111	 0.2156	 0.7468	 0.0214	 0.3125	 0.6493	 64.0000	 0.0000	 9999.000	 9999.000	 0.6009	 0.0141	 0.0396	 0.0010	 0.3373	 0.9873	 0.2111	 0.5956	 8.9497	 0.2713	 0.0945	
m60726c3r8.htb	   0.0	  0.03	 2.000	  0.00	 -5.00	 40.00	    1.6000	 14.0275	 64.0000	 8.0311	 0.5970	 0.5473	 0.0001	 0.5330	 0.5671	 64.0000	 0.0000	 9999.000	 9999.000	 0.6805	 0.0062	 0.2220	 0.0000	 1.4955	 0.8274	 1.9380	 12.0896	 1.6027	 3.0994	 0.1000	
m60816c1r8.htb	   0.0	  0.03	 2.000	  0.00	 -10.00	 40.00	    13.6500	 11.9495	 0.0000	 7.4301	 4.6766	 0.5000	 0.0414	 0.4489	 0.8242	 64.0000	 0.0000	 9999.000	 9999.000	 0.5821	 0.0168	 0.1014	 0.0022	 0.8045	 0.9378	 7.4301	 4.5194	 13.6495	 1.3139	 0.0010	
m61129c3r8.htb	  90.0	  0.03	 2.000	  0.00	  0.00	 40.00	    64.0000	 3.5552	 0.0000	 1.8497	 1.4925	 0.5568	 0.0459	 0.3992	 0.4781	 64.0000	 0.0000	 9999.000	 9999.000	 0.6401	 0.0096	 0.1096	 0.0014	 0.5967	 0.9634	 1.8408	 1.7144	 64.0000	 3.4106	 0.0010	
m60203c1r8.htb	   0.0	  0.03	 2.000	 -2.00	 -12.00	 50.00	    0.7800	 10.8112	 64.0000	 6.2878	 5.9701	 0.4412	 0.0001	 0.4988	 0.4458	 64.0000	 0.0000	 9999.000	 12.180	 0.7560	 0.0023	 0.2355	 0.0000	 0.9178	 0.9220	 2.9754	 7.8358	 0.7785	 3.2691	 0.1000	
m60525c1r8.htb	   0.0	  0.03	 2.000	 10.00	 -10.00	 40.00	    18.8300	 4.6811	 0.0000	 2.0269	 0.7960	 0.6299	 0.0001	 0.5425	 0.4291	 64.0000	 0.0000	 9999.000	 9999.000	 0.6407	 0.0096	 0.2063	 0.0000	 1.2042	 0.8774	 1.8845	 2.7966	 18.8310	 2.1487	 0.1000	
m60815c1r8.htb	 150.0	  0.03	 2.000	  8.00	 -10.00	 40.00	    25.7500	 9.6005	 0.0000	 5.6945	 1.9900	 0.4762	 0.0131	 0.4295	 0.5865	 64.0000	 0.0000	 9999.000	 9999.000	 0.6751	 0.0066	 0.1390	 0.0003	 1.0379	 0.9040	 5.6945	 3.9060	 25.7513	 0.5308	 0.0010	
m60719c4r8.htb	  30.0	  0.03	 2.000	 -5.00	 10.00	 40.00	    10.3900	 11.4127	 0.0000	 5.9464	 3.1841	 0.5481	 0.0000	 0.5769	 0.3943	 64.0000	 0.0000	 9999.000	 9999.000	 0.0000	   NaN	 0.0000	   NaN	 8.1695	 0.0856	 5.9464	 5.4756	 10.3853	 0.0078	 0.0012	
m60803c3r8.htb	   0.0	  0.03	 2.000	  0.00	  0.00	 40.00	    14.6000	 10.0233	 0.0000	 6.8337	 5.0304	 0.4163	 0.0139	 0.5137	 0.3796	 64.0000	 0.0000	 9999.000	 9999.000	 0.6257	 0.0111	 0.1453	 0.0007	 1.1605	 0.8846	 2.7057	 7.3176	 14.6047	 8.9615	 0.0010	
m60810c4r8.htb	   0.0	  0.03	 2.000	  5.00	 -5.00	 40.00	    3.8700	 6.9253	 0.0000	 4.9045	 3.8308	 0.3819	 0.0236	 0.4255	 0.4263	 64.0000	 0.0000	 9999.000	 9999.000	 0.6232	 0.0114	 0.1185	 0.0009	 0.7218	 0.9486	 4.9045	 2.0208	 3.8726	 0.8002	 0.0010	
m60907c2r8.htb	 120.0	  0.03	 2.000	 10.00	 -10.00	 40.00	    5.6800	 3.4224	 0.0000	 1.3469	 1.6418	 0.7059	 0.0007	 0.4875	 0.5173	 64.0000	 0.0000	 9999.000	 9999.000	 0.0000	   NaN	 0.0000	   NaN	 4.5324	 0.3387	 1.3469	 2.0776	 5.6779	 0.0083	 0.0039	
m60907c2r8.htb	 120.0	  0.03	 2.000	 10.00	 -10.00	 40.00	    0.0000	 1.3469	 0.0000	 1.3469	 1.6418	 0.7059	 0.0007	 0.4875	 0.5173	 64.0000	 0.0000	 9999.000	 9999.000	 0.0000	   NaN	 -0.0000	   NaN	 4.5324	 0.3387	 1.3469	 0.0000	 18.5406	 0.0005	 0.0010	
m60907c2r8.htb	 120.0	  0.03	 2.000	 10.00	 -10.00	 40.00	    6.5300	 3.2151	 0.0000	 1.3469	 1.6418	 0.7059	 0.0007	 0.4875	 0.5173	 64.0000	 0.0000	 9999.000	 9999.000	 0.0000	   NaN	 0.0000	   NaN	 4.5324	 0.3387	 1.3469	 1.8695	 6.5342	 0.0176	 0.0423	
m60907c2r8.htb	 120.0	  0.03	 2.000	 10.00	 -10.00	 40.00	    5.9500	 4.1699	 0.0000	 1.3469	 1.6418	 0.7059	 0.0007	 0.4875	 0.5173	 64.0000	 0.0000	 9999.000	 9999.000	 0.0000	   NaN	 0.0000	   NaN	 4.5324	 0.3387	 1.3469	 2.8234	 5.9521	 0.0222	 0.0010	
