FILE		 PrDir	 PrSpd	 PrHDsp	 RFX	 RFY	 RFDiam	 ZerSpd	 ZerRsp	 MaxSpd	 MaxRsp	 MinSpd	 MinRsp	 Spont	 SpdMI	 AnovaP		 Rmeans	 Pmeans		 Rraw	 Praw		 SDI	 VarTrm	 R0	 K	 alpha		 tau		 expon		 Chi2		 ChiP		 Npts	 Npars	 FitErr	
m60110c1r7.htb	   45.0	   5.00	  0.000	   0.00	   0.00	  50.00	   0.0	   2.44	  2.700	   4.09	  0.000	   2.30	   1.19	  0.358	 0.56879970	  0.610	 0.02210188	  0.045	 0.05782475	 0.2860	  0.412	   2.30	   1.79	  7.2727750	  0.3169511	 17.2982469	  0.19138	 0.97896892	     80	      5	 12.5799	
m60110c2r8.htb	   45.0	   5.00	  0.000	   3.00	  -7.00	  30.00	   0.0	  14.33	  4.350	  16.18	  0.000	  14.17	   8.16	  0.163	 0.90515842	  0.350	 0.12238776	  0.027	 0.31018603	 0.2594	  0.474	  14.61	   1.57	  1.4194107	  0.8136680	  5.0496671	  0.79391	 0.85092201	     40	      5	 7.6420	
m60110c3r8.htb	   45.0	   5.00	  0.000	  20.00	 -15.00	  30.00	   0.0	  18.81	  0.450	  23.49	  3.600	  16.95	  10.65	  0.347	 0.01366882	  0.858	 0.00094444	  0.181	 0.00008293	 0.4684	  0.528	  16.95	   6.54	 33.6231481	 -2.1790932	 88.2513376	  0.34757	 0.95084690	     80	      5	 20.9270	
m60117c2r8.htb	   90.0	  20.00	  0.000	   5.00	 -10.00	  40.00	   0.0	  17.61	  7.000	  18.10	  1.450	  16.20	  14.63	  0.161	 0.82555375	  0.412	 0.08630915	  0.019	 0.21807150	 0.2553	  0.535	  16.20	   1.90	  0.3603743	  1.4439411	  2.0075654	  0.22749	 0.97303482	     80	      5	 21.2443	
m60125c1r9.htb	   45.0	  10.00	  0.000	   0.00	   0.00	  50.00	   0.0	   4.08	  2.950	   5.79	  0.000	   3.93	   3.58	  0.287	 0.24931840	  0.701	 0.00950657	  0.080	 0.01091031	 0.3427	  0.389	   4.63	   1.16	  1.2607355	  0.5829991	  3.0068775	  0.54775	 0.90828319	     80	      5	 11.5351	
m60125c2r8.htb	   45.0	  10.00	  0.000	  -7.00	  -3.00	  40.00	   0.0	   7.81	  3.350	   7.88	 31.950	   6.85	   6.22	  0.235	 0.62703003	  0.559	 0.03286163	  0.038	 0.08222091	 0.2764	  0.417	   6.85	   1.03	  1.5007030	  0.6904634	  4.0086910	  0.63761	 0.88777140	     80	      5	 12.9673	
m60125c3r8.htb	   90.0	  10.00	  0.000	  -8.00	 -18.00	  30.00	   0.0	  12.04	  5.700	  17.55	 22.600	  11.51	   2.34	  0.289	 0.57369694	  0.496	 0.05122176	  0.037	 0.08906335	 0.3087	  0.626	  11.51	   6.04	  4.2839532	 -0.9078715	 28.2659006	  0.49286	 0.92045793	     80	      5	 29.3982	
m60125c4r8.htb	   90.0	  10.00	  0.000	   0.00	  -8.00	  30.00	   0.0	  11.39	 13.400	  18.67	  0.000	  10.78	   6.47	  0.410	 0.00097404	  0.832	 0.00158608	  0.233	 0.00000593	 0.4679	  0.594	   6.80	  11.87	  0.0231962	 -0.1561978	  0.3146951	  0.45199	 0.92930437	     80	      5	 27.0269	
m60201c2r8.htb	   90.0	   5.00	  0.000	   0.00	 -10.00	  30.00	   0.0	  20.60	  3.300	  21.80	  0.000	  20.12	  15.32	  0.074	 0.99517286	  0.612	 0.02170578	  0.008	 0.43039923	 0.1427	  0.553	  20.52	   1.28	  1.1157535	  0.5608857	  3.0445963	  0.07308	 0.99485913	     80	      5	 22.1366	
m60201c3r2.htb	  270.0	   5.00	  0.000	   8.00	 -15.00	  50.00	   0.0	   6.72	 32.000	  12.11	  0.000	   7.37	   4.63	  0.483	 0.04579558	  0.875	 0.00063838	  0.153	 0.00033129	 0.4050	  0.679	   7.27	   9.40	  0.0783218	 -20.0000000	  6.6115965	  0.27214	 0.96518090	     80	      5	 34.0797	
m60201c4r4.htb	  270.0	  20.00	  0.000	   8.00	 -18.00	  30.00	   0.0	  15.62	  1.800	  23.97	  0.000	  15.71	  13.03	  0.367	 0.02795349	  0.884	 0.00051548	  0.324	 0.00012572	 0.5025	  0.503	  17.27	   6.70	  0.5794927	  0.1245899	  0.9592055	  0.76197	 0.85854256	     40	      5	 8.6530	
m60201c5r10.htb	  100.0	  30.00	  0.000	  10.00	 -10.00	  50.00	   0.0	   5.67	 24.100	  11.33	  0.000	   5.38	   1.29	  0.474	 0.31398274	  0.856	 0.00098647	  0.182	 0.00606531	 0.4147	  0.649	   5.47	   5.86	  0.3439979	  3.5435208	  7.0732990	  0.37498	 0.94536060	     40	      5	 14.1285	
m60203c1r8.htb	  360.0	   5.00	  0.000	  -2.00	 -12.00	  50.00	   0.0	   9.95	  2.500	  10.73	 64.000	   6.34	   5.97	  0.441	 0.00012359	  0.831	 0.00062375	  0.259	 0.00000031	 0.4988	  0.446	   6.32	   4.41	  0.1056600	 -0.4621491	  0.3109789	  0.68189	 0.95354376	     90	      5	 17.2070	
m60203c2r2.htb	    0.0	   5.00	  0.000	  -5.00	 -10.00	  40.00	   0.0	  15.07	  2.500	  18.05	 64.000	  13.20	   5.82	  0.308	 0.00005822	  0.920	 0.00004413	  0.300	 0.00000002	 0.5035	  0.356	  13.20	   4.84	  0.1553677	 -0.0679874	  0.3993998	  0.33572	 0.98739319	     90	      5	 10.6787	
m60203c3r7.htb	    0.0	   5.00	  0.000	   5.00	 -20.00	  40.00	   0.0	   7.36	 32.300	  10.81	  2.000	   6.89	   5.77	  0.464	 0.27244107	  0.574	 0.01798788	  0.129	 0.01536009	 0.4192	  0.616	   6.89	   3.93	  0.0772020	  2.0054902	  2.3406817	  1.29759	 0.86178503	     45	      5	 15.2038	
m60207c1r8.htb	  120.0	  10.00	  0.000	  -8.00	 -12.00	  50.00	   0.0	   2.02	 48.350	   3.80	  0.000	   2.13	   1.33	  0.520	 0.02476899	  0.841	 0.00049319	  0.107	 0.00010660	 0.3312	  0.595	   2.09	   1.71	  0.0408699	 -3.6036158	  2.1240213	  0.21482	 0.99462851	    135	      5	 45.7983	
m60207c2r7.htb	  300.0	  10.00	  0.000	   0.00	  -2.00	  50.00	   0.0	   4.42	  0.000	   4.12	  0.000	   4.12	   2.60	  0.424	 0.94800276	  0.000	        NaN	  0.000	        NaN	 0.1498	  1.541	   4.12	   3.64	  0.0000000	 -3.4713720	  0.2131049	  0.10911	 0.99856485	     81	      5	 173.0456	
m60207c3r8.htb	   50.0	  10.00	  0.000	  -5.00	  -5.00	  50.00	   0.0	  11.14	  0.650	  12.90	  7.800	  10.25	   6.22	  0.284	 0.49083836	  0.697	 0.00508090	  0.059	 0.02096870	 0.3221	  0.622	  10.25	   2.65	  6.6995114	 -0.1073969	  5.1807177	  0.36030	 0.98559652	     90	      5	 32.4747	
m60207c4r7.htb	   45.0	   8.00	  0.000	  10.00	  10.00	  50.00	   0.0	   9.60	 30.650	  10.72	  0.000	   8.91	   9.20	  0.321	 0.68194948	  0.318	 0.11375550	  0.021	 0.17463072	 0.2957	  0.722	   8.43	   2.29	  0.0249054	 -1.8304577	  0.8084250	  0.58715	 0.96448090	     90	      5	 44.1025	
m60301c1r8.htb	   45.0	  10.00	  0.000	   0.00	  -5.00	  40.00	   0.0	   8.31	  5.700	  12.73	  0.000	   8.42	   3.98	  0.332	 0.02760279	  0.907	 0.00007518	  0.168	 0.00005872	 0.4142	  0.450	  10.82	   1.91	  0.2349859	  1.4155222	  1.0018692	  0.20162	 0.99524776	     90	      5	 16.7663	
m60301c2r9.htb	   45.0	  10.00	  0.000	  -5.00	 -10.00	  40.00	   0.0	  22.79	  3.400	  24.57	 21.850	  22.76	   8.56	  0.181	 0.95337635	  0.193	 0.23644490	  0.013	 0.45917145	 0.2787	  0.566	  22.76	   1.81	  5.8351626	 -13.7611816	 100.0000000	  0.73386	 0.94708860	     45	      5	 12.1380	
m60301c3r8.htb	   45.0	  10.00	  0.000	  10.00	  -5.00	  40.00	   0.0	  14.38	 45.300	  19.65	  0.000	  14.02	   8.06	  0.343	 0.03608011	  0.739	 0.00298396	  0.132	 0.00044081	 0.4735	  0.512	  11.63	   8.01	  0.0023042	 -0.0001528	  0.1044182	  0.62528	 0.96021378	     90	      5	 22.3447	
m60301c4r8.htb	   45.0	  10.00	  0.000	  20.00	 -10.00	  50.00	   0.0	   8.26	  2.050	  11.69	 64.000	   8.14	   6.92	  0.368	 0.00048816	  0.786	 0.00144631	  0.223	 0.00000268	 0.4725	  0.399	   8.14	   3.55	  0.5078459	 -0.0352063	  1.0605181	  0.68853	 0.95273608	     90	      5	 14.0528	
m60302c1r9.htb	   30.0	  10.00	  0.000	   0.00	  -2.00	  40.00	   0.0	   7.16	  3.200	   9.72	 62.700	   6.89	   3.45	  0.307	 0.00106073	  0.897	 0.00010622	  0.164	 0.00000113	 0.4067	  0.396	   6.89	   2.83	  0.6972800	  0.3029403	  2.0131631	  0.25130	 0.99273736	    135	      5	 20.2149	
m60302c2r9.htb	   30.0	  10.00	  0.000	   0.00	 -10.00	  40.00	   0.0	   4.83	 39.450	  16.00	  0.000	   4.59	   3.88	  0.698	 0.00000000	  0.996	 0.00000000	  0.637	 0.00000000	 0.6213	  0.543	   4.37	  11.63	  0.0508987	 -2.5799239	  2.1403386	  0.20049	 0.99529892	     90	      5	 24.1210	
m60302c3r8.htb	   30.0	  10.00	  0.000	  -5.00	  -5.00	  60.00	   0.0	   7.56	  7.800	  10.89	  0.000	   7.41	   6.27	  0.367	 0.05476724	  0.609	 0.01307508	  0.198	 0.00221796	 0.4925	  0.363	   7.17	   3.72	  0.0243807	 -0.0000014	  0.1896348	  2.45298	 0.65307543	     45	      5	 5.5262	
m60302c4r8.htb	    0.0	  10.00	  0.000	  -5.00	   0.00	  50.00	   0.0	  13.33	  1.600	  18.09	  0.000	  13.57	   6.97	  0.256	 0.21047735	  0.936	 0.00001949	  0.114	 0.00116623	 0.3202	  0.659	  13.62	   4.47	  0.3667735	  0.0024336	  0.5916919	  0.08369	 0.99915618	     90	      5	 35.5238	
m60404c3r8.htb	  140.0	  10.00	  0.000	  10.00	  10.00	  40.00	   0.0	   3.08	 11.400	   3.89	 64.000	   2.83	   1.76	  0.346	 0.33166099	  0.344	 0.09667455	  0.024	 0.07568135	 0.3035	  0.491	   2.83	   1.07	  0.3958351	 -20.0000000	 12.4253158	  0.43025	 0.97992597	    135	      5	 31.6108	
m60404c4r8.htb	    0.0	  10.00	  0.000	  10.00	   5.00	  40.00	   0.0	   7.46	  4.850	  10.63	  0.000	   7.22	   4.78	  0.333	 0.61120822	  0.483	 0.03782171	  0.072	 0.07389600	 0.3919	  0.481	   7.22	   3.41	  4.0084968	  0.5734299	 17.2004088	  0.86574	 0.92942437	     45	      5	 9.0992	
m60404c5r8.htb	    0.0	  10.00	  0.000	   0.00	   0.00	  40.00	   0.0	   6.77	  2.900	   8.94	  0.500	   6.58	   5.47	  0.284	 0.81873931	  0.470	 0.04158193	  0.050	 0.13859322	 0.3350	  0.452	   6.58	   2.35	  3.3281785	  0.4939808	  8.0396697	  0.39319	 0.98303066	     45	      5	 7.8626	
m60405c2r8.htb	  270.0	  10.00	  0.000	 -10.00	 -15.00	  40.00	   0.0	   6.82	  2.800	  10.50	  0.450	   6.31	   3.73	  0.343	 0.44671093	  0.880	 0.00018233	  0.079	 0.00739442	 0.3186	  0.589	   6.31	   4.19	  3.4158714	  0.4504130	  8.0045000	  0.13062	 0.99795783	     90	      5	 28.4698	
m60405c3r8.htb	  330.0	  10.00	  0.000	  -5.00	 -15.00	  40.00	   0.0	  10.60	  0.000	  10.19	 58.550	   7.37	   5.17	  0.362	 0.11366199	  0.791	 0.00133238	  0.113	 0.00119504	 0.3810	  0.528	   7.37	   3.67	  0.6217315	 -0.4258664	  0.0000000	  0.28641	 0.99067476	     90	      5	 23.5134	
m60414c1r8.htb	  250.0	  10.00	  0.000	  -8.00	  -8.00	  50.00	   0.0	   3.03	  7.200	   5.60	 49.250	   2.75	   0.90	  0.583	 0.08648277	  0.871	 0.00023453	  0.132	 0.00042484	 0.3924	  0.636	   2.75	   2.85	  2.2299105	 -20.0000000	 60.6390600	  0.42915	 0.98002182	     90	      5	 33.8666	
m60414c3r8.htb	  270.0	  10.00	  0.000	 -10.00	   0.00	  50.00	   0.0	  15.26	 15.600	  19.85	  0.000	  14.50	  11.28	  0.242	 0.49192980	  0.675	 0.00660915	  0.038	 0.02395842	 0.2715	  0.893	  16.09	   3.76	  0.8913589	  3.2321929	 11.0027452	  0.43475	 0.97953452	    135	      5	 102.8956	
m60419c1r8.htb	   40.0	  10.00	  0.000	  10.00	   5.00	  50.00	   0.0	   7.56	 28.350	  12.52	  0.000	   7.11	   7.16	  0.393	 0.00183707	  0.931	 0.00002570	  0.236	 0.00000118	 0.4115	  0.591	   7.26	   5.26	  0.0469066	  0.8898723	  1.2881882	  0.23921	 0.99340294	     90	      5	 29.1279	
m60419c2r8.htb	  180.0	  10.00	  0.000	  10.00	 -10.00	  40.00	   0.0	   9.20	 16.450	  12.51	  0.000	   9.13	   7.06	  0.277	 0.41214380	  0.619	 0.01187223	  0.058	 0.02251143	 0.3334	  0.540	  10.15	   2.37	  0.6888088	  3.3802786	  9.0046451	  0.32954	 0.98782808	     90	      5	 24.5739	
m60420c2r8.htb	    0.0	  10.00	  0.000	   5.00	   0.00	  40.00	   0.0	  22.74	 15.350	  27.80	  0.000	  22.14	  13.48	  0.181	 0.14060553	  0.838	 0.00053519	  0.114	 0.00115261	 0.3422	  0.511	  20.26	   7.54	  0.0217995	 -0.0904094	  0.3361501	  0.33046	 0.98776365	     90	      5	 21.7487	
m60424c1r8.htb	    0.0	  10.00	  0.000	 -10.00	 -10.00	  40.00	   0.0	   5.22	 48.350	  10.64	  0.000	   4.42	   0.00	  0.644	 0.00000000	  0.942	 0.00001439	  0.509	 0.00000000	 0.6029	  0.431	   2.92	   7.72	  0.0460573	 -20.0000000	  3.1476621	  0.65657	 0.95657479	     90	      5	 16.3475	
m60424c2r8.htb	   90.0	  10.00	  0.000	   8.00	  -8.00	  40.00	   0.0	   7.00	 30.600	   9.44	  3.550	   5.41	   0.33	  0.448	 0.00001050	  0.874	 0.00021638	  0.219	 0.00000001	 0.4778	  0.443	   5.41	   4.03	  0.0719118	  3.5561657	  1.9452077	  0.47816	 0.97560151	    135	      5	 25.9241	
m60515c4r8.htb	    0.0	  10.00	  0.000	 -10.00	  10.00	  40.00	   0.0	   3.18	  3.600	   4.08	 64.000	   2.49	   0.63	  0.427	 0.02457307	  0.920	 0.00004296	  0.163	 0.00004440	 0.4122	  0.357	   2.49	   1.58	  0.1785296	 -0.3436943	  0.7008556	  0.12310	 0.99818165	     96	      5	 11.2561	
m60517c1r8.htb	    0.0	  10.00	  0.000	   0.00	   0.00	  40.00	   0.0	   3.88	 25.100	   5.53	  0.000	   4.06	   1.59	  0.316	 0.28144840	  0.717	 0.00397807	  0.079	 0.00736629	 0.3272	  0.417	   2.84	   2.69	  0.0518005	 -13.5691661	  2.0027446	  0.31287	 0.98896854	     90	      5	 14.5032	
m60517c2r8.htb	    0.0	  10.00	  0.000	 -10.00	 -10.00	  40.00	   0.0	   3.43	  0.550	   3.47	 64.000	   2.78	   0.85	  0.247	 0.96949200	  0.962	 0.00000307	  0.026	 0.12706217	 0.2074	  0.500	   2.72	   0.75	  0.0405620	 -0.0000000	  0.0217631	  0.02601	 0.99991618	     90	      5	 20.2738	
m60517c3r8.htb	    0.0	  10.00	  0.000	  10.00	 -10.00	  30.00	   0.0	  10.10	 13.850	  11.25	 64.000	   7.66	   2.39	  0.408	 0.12064012	  0.389	 0.07268572	  0.055	 0.02632663	 0.4280	  0.600	   3.19	   8.06	  0.0303724	 -20.0000000	  1.0275915	  0.84427	 0.93241660	     90	      5	 32.1500	
m60517c4r8.htb	    0.0	  10.00	  0.000	   5.00	  -8.00	  30.00	   0.0	  16.37	  0.450	  16.44	  7.750	  14.05	   4.93	  0.296	 0.02103531	  0.255	 0.16511037	  0.049	 0.03527795	 0.4222	  0.493	  14.05	   2.40	 14.9783252	 -6.2392653	 100.0000000	  1.82812	 0.76733423	     90	      5	 23.6192	
m60517c5r8.htb	    0.0	  10.00	  0.000	  10.00	 -10.00	  40.00	   0.0	  11.74	 64.000	  22.66	  0.000	  10.81	   4.73	  0.501	 0.01311302	  0.959	 0.00000411	  0.197	 0.00001146	 0.4677	  0.898	  10.81	  17.69	  0.0005569	  0.0000000	  0.3119230	  0.14788	 0.99739751	     90	      5	 66.2663	
m60517c6r8.htb	    0.0	  10.00	  0.000	   8.00	  10.00	  40.00	   0.0	  11.04	 29.700	  24.35	  0.000	  10.59	   3.88	  0.556	 0.00000000	  0.992	 0.00000002	  0.605	 0.00000000	 0.6374	  0.484	   3.60	  20.75	  0.0115321	 -0.4969789	  0.3483725	  0.12251	 0.99819894	     90	      5	 19.2676	
m60518c2r8.htb	    0.0	  10.00	  0.000	  -8.00	  -5.00	  40.00	   0.0	  15.42	 36.250	  18.27	  0.000	  16.14	   2.79	  0.173	 0.51659036	  0.461	 0.04427084	  0.038	 0.06619250	 0.3090	  0.423	  16.14	   2.13	  0.2360770	 -2.9233657	  9.2459673	  0.65746	 0.95646895	     90	      5	 15.1279	
m60519c3r8.htb	    0.0	  10.00	  0.000	  -5.00	  -5.00	  30.00	   0.0	  10.90	 15.350	  16.22	  0.000	  10.33	   7.16	  0.379	 0.04762356	  0.830	 0.00063938	  0.141	 0.00026327	 0.3849	  0.709	   6.44	   9.78	  0.0320378	 -1.1366123	  0.5288404	  0.33337	 0.98755915	     90	      5	 42.1775	
m60523c1r8.htb	    0.0	  10.00	  0.000	   0.00	   0.00	  40.00	   0.0	  10.20	 11.150	  12.69	  0.000	   9.52	   5.12	  0.313	 0.30607373	  0.575	 0.01784157	  0.061	 0.01871155	 0.3137	  0.719	   6.35	   6.34	  0.0204650	 -0.2187312	  0.2330758	  0.54928	 0.96852935	     90	      5	 44.2170	
m60523c2r8.htb	    0.0	  10.00	  0.000	   0.00	 -10.00	  40.00	   0.0	  15.52	  6.300	  25.48	  0.000	  14.54	   9.85	  0.468	 0.00137980	  0.677	 0.00647944	  0.176	 0.00003815	 0.5086	  0.756	  13.44	  12.04	  0.0164009	 -0.0000000	  0.1033324	  1.34127	 0.85433504	     90	      5	 50.7350	
m60523c3r8.htb	   60.0	  10.00	  0.000	   0.00	 -10.00	  40.00	   0.0	   5.62	  3.800	   5.66	 37.800	   4.65	   2.59	  0.242	 0.68643280	  0.652	 0.00853810	  0.042	 0.05152856	 0.2744	  0.400	   4.65	   1.01	  2.7531822	 -20.0000000	 65.5907599	  0.19564	 0.99551627	     90	      5	 13.2118	
m60523c4r8.htb	    0.0	  10.00	  0.000	 -10.00	 -10.00	  40.00	   0.0	  14.23	 11.800	  17.32	 64.000	  14.02	   8.76	  0.220	 0.62884105	  0.883	 0.00016549	  0.063	 0.01744737	 0.2905	  0.596	  11.35	   5.97	  0.0252409	 -0.4415289	  0.3091858	  0.06927	 0.99941382	     90	      5	 29.0415	
m60524c1r8.htb	    0.0	  10.00	  0.000	  -5.00	  -7.00	  30.00	   0.0	   5.17	 10.250	   6.49	  0.000	   4.77	   2.94	  0.235	 0.77487218	  0.737	 0.00305795	  0.041	 0.05488094	 0.2473	  0.544	   4.10	   2.39	  0.0241410	 -0.0232622	  0.2481577	  0.15298	 0.99721974	     90	      5	 24.4027	
m60524c2r8.htb	    0.0	  10.00	  0.000	 -10.00	   0.00	  30.00	   0.0	   6.27	 20.600	   7.58	  0.000	   5.87	   3.25	  0.219	 0.66437687	  0.882	 0.00017069	  0.039	 0.02149861	 0.1885	  0.641	   6.09	   1.50	  0.0571645	  1.2315309	  1.1065612	  0.01976	 0.99995186	    135	      5	 51.8935	
m60524c3r8.htb	    0.0	  10.00	  0.000	   0.00	   7.00	  70.00	   0.0	  10.65	 32.550	  16.22	  0.000	  11.21	   5.72	  0.437	 0.26728740	  0.543	 0.02360715	  0.061	 0.01919089	 0.3704	  0.894	  10.24	   5.98	  0.0998427	 -20.0000000	  5.2462077	  0.72135	 0.94866979	     90	      5	 69.2550	
m60524c4r8.htb	    0.0	  10.00	  0.000	  -5.00	  -5.00	  40.00	   0.0	   7.81	  9.450	   8.95	 64.000	   7.10	   4.48	  0.220	 0.63804561	  0.542	 0.02371506	  0.038	 0.06604297	 0.2696	  0.515	   7.10	   1.86	  0.6040558	 -20.0000000	 17.8014289	  0.21342	 0.99469589	     90	      5	 22.1452	
m60524c5r8.htb	    0.0	  10.00	  0.000	 -10.00	  -5.00	  40.00	   0.0	  12.59	 15.950	  23.12	  0.000	  12.08	   4.53	  0.462	 0.00003774	  0.873	 0.00022444	  0.292	 0.00000004	 0.5145	  0.621	   6.93	  16.19	  0.0155949	 -0.0607062	  0.2500178	  0.48580	 0.97486877	     90	      5	 33.4233	
m60525c1r8.htb	    0.0	  10.00	  0.000	  10.00	 -10.00	  40.00	   0.0	   2.34	 22.200	   4.90	  0.000	   2.03	   0.80	  0.630	 0.00007261	  0.700	 0.00493094	  0.225	 0.00000227	 0.5425	  0.429	   0.00	   4.90	  0.0109243	 -0.2301146	  0.2451239	  0.97494	 0.91357240	     90	      5	 16.1742	
m60525c2r8.htb	    0.0	  10.00	  0.000	   5.00	   0.00	  40.00	   0.0	  16.32	 13.100	  21.40	 64.000	  13.95	  12.54	  0.336	 0.32613972	  0.875	 0.00021101	  0.091	 0.00390237	 0.3663	  0.778	  13.90	   7.50	  0.2461459	 -20.0000000	  8.1463520	  0.11463	 0.99841895	     90	      5	 49.6700	
m60525c3r8.htb	    0.0	  10.00	  0.000	  10.00	 -10.00	  40.00	   0.0	   3.73	  2.250	   4.80	  0.000	   3.50	   3.68	  0.242	 0.69288740	  0.606	 0.01351027	  0.039	 0.06200163	 0.2980	  0.395	   4.26	   0.54	  0.6010475	  0.5913220	  0.9839254	  0.29215	 0.99031527	     90	      5	 12.8783	
m60531c1r8.htb	    0.0	  10.00	  0.000	   0.00	   0.00	  70.00	   0.0	  10.80	 17.700	  12.14	  3.550	   8.39	   7.06	  0.329	 0.54712820	  0.667	 0.00723268	  0.053	 0.02960923	 0.3157	  0.808	   8.39	   3.75	  0.5676838	  3.6009837	  8.0056370	  0.29259	 0.99028729	     90	      5	 54.8133	
m60531c2r8.htb	  270.0	  10.00	  0.000	  -5.00	  -5.00	  50.00	   0.0	   8.81	 16.800	   9.54	 64.000	   7.30	   7.81	  0.321	 0.14864137	  0.357	 0.08956684	  0.048	 0.03861538	 0.3595	  0.491	   4.47	   5.07	  0.0347437	 -20.0000000	  1.2793342	  0.95297	 0.91684108	     90	      5	 21.3988	
m60601c1r8.htb	    0.0	  10.00	  0.000	   0.00	   7.00	  40.00	   0.0	   1.99	 27.500	   3.54	  1.650	   1.51	   0.70	  0.622	 0.00009933	  0.887	 0.00014745	  0.280	 0.00000008	 0.4622	  0.466	   1.51	   2.03	  0.0668450	  1.6630118	  1.7279481	  0.34712	 0.98658398	     90	      5	 18.2234	
m60601c2r8.htb	   90.0	  10.00	  0.000	 -10.00	 -15.00	  40.00	   0.0	   2.29	  5.350	   5.66	  0.000	   1.88	   1.06	  0.606	 0.00000051	  0.914	 0.00005579	  0.266	 0.00000000	 0.4589	  0.524	   3.22	   2.43	  0.2173991	  0.7808822	  0.9929755	  0.47299	 0.97609528	    135	      5	 36.1587	
m60601c3r8.htb	   90.0	  10.00	  0.000	   0.00	 -10.00	  40.00	   0.0	   3.33	  7.450	   4.94	  0.000	   3.01	   1.54	  0.350	 0.09062900	  0.796	 0.00120926	  0.120	 0.00083554	 0.3445	  0.452	   3.71	   1.24	  0.1584053	  1.1044168	  1.0030607	  0.27655	 0.99127728	     90	      5	 17.0807	
m60601c4r8.htb	   90.0	  10.00	  0.000	   0.00	   0.00	  40.00	   0.0	  11.69	 47.200	  24.11	  0.000	  12.56	   3.43	  0.487	 0.00000117	  0.895	 0.00011386	  0.355	 0.00000000	 0.5087	  0.690	  11.75	  12.36	  0.0794250	 -20.0000000	  5.3378414	  0.42105	 0.98071759	     90	      5	 40.9440	
m60601c5r8.htb	   90.0	  10.00	  0.000	   0.00	  -8.00	  40.00	   0.0	  12.94	 40.050	  20.46	  0.000	  12.73	   7.76	  0.395	 0.00161496	  0.819	 0.00079144	  0.388	 0.00000487	 0.5591	  0.407	   8.07	  12.39	  0.0054869	 -0.1768991	  0.2207195	  1.29311	 0.86254298	     45	      5	 7.1588	
m60602c1r8.htb	    0.0	  10.00	  0.000	   0.00	  -7.00	  30.00	   0.0	  10.75	  4.900	  15.96	  0.000	  10.20	   8.71	  0.323	 0.19184309	  0.715	 0.00407942	  0.089	 0.00425562	 0.3813	  0.576	  11.92	   4.04	  1.7826960	  0.9928631	  7.0003384	  0.31260	 0.98898641	     90	      5	 27.9553	
m60602c2r8.htb	    0.0	  10.00	  0.000	  -8.00	  -8.00	  30.00	   0.0	  10.40	 11.400	  14.27	  0.000	  10.49	   6.27	  0.317	 0.15663619	  0.553	 0.02165553	  0.073	 0.01002973	 0.3571	  0.642	  11.04	   3.22	  0.1153267	  0.9640064	  1.2015560	  0.64613	 0.95781325	     90	      5	 35.5460	
m60602c3r8.htb	    0.0	  10.00	  0.000	   0.00	   5.00	  30.00	   0.0	   7.20	 12.850	  11.22	  0.000	   6.96	   6.43	  0.399	 0.00004858	  0.757	 0.00227994	  0.174	 0.00000050	 0.4283	  0.512	   7.49	   3.73	  0.0596878	  0.5260779	  0.7363091	  0.82923	 0.93451784	    135	      5	 35.4807	
m60602c4r8.htb	    0.0	  10.00	  0.000	   0.00	 -10.00	  20.00	   0.0	   4.79	  9.300	   7.90	  0.000	   4.50	   3.15	  0.450	 0.12370201	  0.825	 0.00070137	  0.139	 0.00099789	 0.4007	  0.577	   2.03	   5.88	  0.0233490	 -0.0662792	  0.2186817	  0.24947	 0.99283798	     75	      5	 22.7193	
m60602c5r8.htb	    0.0	  10.00	  0.000	  -5.00	  -5.00	  50.00	   0.0	   7.51	 11.700	   9.70	  0.000	   6.97	   4.38	  0.345	 0.68065963	  0.610	 0.01300076	  0.040	 0.05866735	 0.2888	  0.819	   7.27	   2.44	  0.0582957	  0.5124920	  0.6519368	  0.18279	 0.99607957	     90	      5	 55.7357	
m60605c1r8.htb	    0.0	  10.00	  0.000	  -3.00	  -7.00	  30.00	   0.0	  20.55	  7.500	  31.53	  0.000	  20.50	   9.40	  0.358	 0.00000000	  0.900	 0.00009513	  0.472	 0.00000000	 0.5953	  0.384	  20.50	  11.03	  0.0516799	  0.0000000	  0.3878334	  1.42224	 0.84031979	     89	      5	 12.9957	
m60605c2r8.htb	    0.0	  10.00	  0.000	 -10.00	 -10.00	  30.00	   0.0	   0.46	  7.300	   0.91	  0.000	   0.23	   0.56	  0.563	 0.42051770	  0.862	 0.00030142	  0.053	 0.00740862	 0.3254	  0.480	   0.53	   0.38	  0.8695246	  1.5368557	  5.0001312	  0.09068	 0.99900262	    135	      5	 29.3837	
m60605c3r8.htb	    0.0	  10.00	  0.000	  -5.00	  -2.00	  30.00	   0.0	  21.64	  0.550	  23.89	 23.100	  19.30	  19.55	  0.226	 0.00145997	  0.931	 0.00002537	  0.241	 0.00000088	 0.4560	  0.348	  19.30	   4.59	  1.7879532	 -0.2156784	  1.3903306	  0.49841	 0.97365602	     90	      5	 10.0796	
m60606c1r8.htb	    0.0	  10.00	  0.000	   8.00	  -8.00	  40.00	   0.0	   0.03	 16.900	   0.00	 64.000	   0.00	   0.00	  1.000	 0.30350807	  0.146	 0.30973783	  0.010	 0.24002700	 0.3014	  0.203	   0.00	   0.00	  0.0318118	 -19.7859873	  1.1665745	  0.12421	 0.93978577	    135	      5	 5.5308	
m60606c2r8.htb	   90.0	  10.00	  0.000	 -10.00	   0.00	  40.00	   0.0	   0.10	  0.000	   0.07	  0.000	   0.07	   0.15	  0.889	 0.49790603	  0.000	        NaN	  0.000	        NaN	 0.2553	  0.454	   0.07	   0.42	  0.0000000	 -3.6196230	  0.1733450	  1.69196	 0.79217727	     90	      5	 18.0111	
m60606c3r8.htb	   90.0	  10.00	  0.000	  -8.00	 -10.00	  40.00	   0.0	   1.94	  0.000	   0.97	  2.000	   0.97	   0.85	  0.667	 0.24418854	  0.148	 0.30721609	  0.017	 0.21978330	 0.3551	  0.633	   0.97	   0.91	  8.3295926	 -4.0611333	  3.5406383	  2.01369	 0.73324056	     90	      5	 37.7229	
m60606c4r8.htb	   90.0	  10.00	  0.000	   8.00	  -5.00	  40.00	   0.0	   2.19	 43.750	   7.85	  0.000	   2.04	   0.70	  0.749	 0.00000000	  0.984	 0.00000015	  0.439	 0.00000000	 0.5391	  0.561	   2.05	   5.80	  0.0817598	  2.5689016	  3.3686815	  0.21196	 0.99476564	    135	      5	 40.0945	
m60606c5r8.htb	   90.0	  10.00	  0.000	   8.00	   0.00	  40.00	   0.0	   4.15	 38.300	   7.84	  0.800	   3.56	   0.93	  0.565	 0.00000000	  0.972	 0.00000114	  0.357	 0.00000000	 0.5036	  0.481	   3.56	   4.28	  0.0425758	  0.8310311	  1.5949557	  0.15425	 0.99718227	    135	      5	 29.5710	
m60613c5r8.htb	    0.0	  10.00	  0.000	  -8.00	 -15.00	  30.00	   0.0	  13.58	 10.550	  18.33	  0.000	  13.38	   8.26	  0.314	 0.02560247	  0.741	 0.00287503	  0.139	 0.00029149	 0.4681	  0.435	  12.56	   5.77	  0.0127090	 -0.0000017	  0.1338196	  0.56621	 0.96674360	     90	      5	 16.1968	
m60613c6r8.htb	    0.0	  10.00	  0.000	  -5.00	 -10.00	  30.00	   0.0	  15.02	 56.750	  18.99	  0.000	  14.72	   4.38	  0.235	 0.08870272	  0.864	 0.00028368	  0.131	 0.00046752	 0.3794	  0.457	  12.20	   6.79	  0.0035300	 -0.1533096	  0.2008483	  0.19132	 0.99570601	     90	      5	 17.3179	
m60614c1r8.htb	    0.0	  10.00	  0.000	   0.00	  -8.00	  30.00	   0.0	  14.18	 10.050	  16.24	 64.000	  13.70	   6.12	  0.194	 0.67098241	  0.663	 0.00757498	  0.044	 0.04685478	 0.2823	  0.563	  11.31	   4.93	  0.0205890	 -0.1873080	  0.2109711	  0.16037	 0.99695205	     90	      5	 26.2788	
m60614c2r8.htb	    0.0	  10.00	  0.000	   5.00	  -5.00	  60.00	   0.0	  24.68	  0.000	  24.55	  3.000	  19.83	  13.93	  0.226	 0.74791599	  0.826	 0.00068538	  0.101	 0.03308890	 0.3703	  0.538	  19.83	   3.31	  0.5805580	  3.0130037	  6.0001592	  0.22818	 0.99396606	     45	      5	 10.6932	
m60614c3r8.htb	    0.0	  10.00	  0.000	   8.00	 -15.00	  30.00	   0.0	  20.20	  4.200	  22.60	 64.000	  17.68	  11.24	  0.211	 0.10109042	  0.899	 0.00009990	  0.132	 0.00043297	 0.3875	  0.446	  15.36	   7.24	  0.0235158	 -0.0152222	  0.0993484	  0.27142	 0.99158359	     90	      5	 16.3927	
m60614c4r8.htb	    0.0	  10.00	  0.000	   8.00	 -18.00	  40.00	   0.0	  10.15	 64.000	  17.96	  0.000	  10.38	   7.66	  0.446	 0.00093792	  0.875	 0.00021426	  0.431	 0.00000099	 0.5659	  0.418	  10.63	  12.24	  0.0034117	  1.0430339	  0.8352320	  1.25288	 0.86932713	     45	      5	 7.0954	
m60615c1r8.htb	    0.0	  10.00	  0.000	  -8.00	 -17.00	  30.00	   0.0	  10.05	 33.300	  20.10	  0.000	   9.69	   3.58	  0.504	 0.00000057	  0.994	 0.00000000	  0.406	 0.00000000	 0.5279	  0.580	   4.80	  15.30	  0.0110867	 -0.6082683	  0.3756892	  0.10962	 0.99855169	     90	      5	 27.4286	
m60615c2r8.htb	    0.0	  10.00	  0.000	 -10.00	 -17.00	  40.00	   0.0	   7.81	  8.600	  11.13	  0.000	   7.58	   5.27	  0.366	 0.00166312	  0.757	 0.00229292	  0.194	 0.00001407	 0.4576	  0.422	   4.41	   6.72	  0.0195203	 -0.0366909	  0.1685412	  0.54046	 0.96944490	     90	      5	 15.4137	
m60616c1r8.htb	    0.0	  20.00	  0.000	 -10.00	 -15.00	  30.00	   0.0	   5.67	 18.100	   8.41	  0.000	   5.21	   2.14	  0.349	 0.12940225	  0.831	 0.00061679	  0.115	 0.00106530	 0.3570	  0.535	   3.86	   4.55	  0.0178001	 -0.1611271	  0.3251837	  0.21003	 0.99485713	     90	      5	 23.8079	
m60616c2r8.htb	    0.0	  20.00	  0.000	   5.00	 -10.00	  30.00	   0.0	   5.92	  1.900	   6.44	 51.300	   4.68	   2.09	  0.403	 0.09528440	  0.604	 0.01372454	  0.090	 0.00410470	 0.3656	  0.506	   4.68	   1.76	  0.8608219	 -0.6150349	  2.1803043	  0.88503	 0.92669825	     90	      5	 22.0709	
m60619c1r8.htb	    0.0	  20.00	  0.000	   0.00	   0.00	  40.00	   0.0	   5.92	  2.850	   7.60	 64.000	   5.55	   3.98	  0.329	 0.17853590	  0.749	 0.00257633	  0.095	 0.00306628	 0.3448	  0.476	   5.55	   2.05	  0.3223597	 -0.0182194	  0.9193886	  0.31099	 0.98909374	     90	      5	 19.0388	
m60619c2r8.htb	    0.0	  20.00	  0.000	  -5.00	   0.00	  40.00	   0.0	   4.38	 40.200	  10.28	  0.000	   4.31	   1.59	  0.606	 0.00000009	  0.960	 0.00000380	  0.421	 0.00000000	 0.5317	  0.523	   4.33	   5.95	  0.0370096	  0.9106459	  1.4542040	  0.22910	 0.99391963	     90	      5	 22.7842	
m60619c3r8.htb	    0.0	  20.00	  0.000	   0.00	  -5.00	  40.00	   0.0	   2.31	 42.700	   6.16	  0.000	   2.22	   1.56	  0.633	 0.00000000	  0.986	 0.00000010	  0.387	 0.00000000	 0.4909	  0.519	   1.72	   4.44	  0.0750303	 -20.0000000	  4.7049033	  0.13886	 0.99769857	    120	      5	 30.3128	
m60619c4r8.htb	  180.0	  30.00	  0.000	  -8.00	  -8.00	  30.00	   0.0	  12.59	  0.000	  12.45	  0.000	  12.45	  14.73	  0.331	 0.96457032	  0.000	        NaN	  0.000	        NaN	 0.1519	  1.942	  12.45	   5.46	  0.0000000	 -4.0164530	  0.2001777	  0.08947	 0.99902872	     90	      5	 308.7436	
m60620c1r8.htb	    0.0	  30.00	  0.000	   5.00	   5.00	  40.00	   0.0	  14.69	 13.950	  18.21	  0.000	  14.03	   7.16	  0.234	 0.09553118	  0.758	 0.00226459	  0.075	 0.00127341	 0.3352	  0.563	  11.50	   6.72	  0.0185893	 -0.1268135	  0.2619394	  0.24627	 0.99301354	    135	      5	 40.7417	
m60620c2r8.htb	    0.0	  30.00	  0.000	   0.00	   5.00	  40.00	   0.0	  19.75	  4.850	  27.64	  0.000	  19.81	  16.12	  0.276	 0.03781582	  0.960	 0.00000364	  0.170	 0.00005425	 0.4274	  0.537	  22.96	   4.68	  0.2482253	  0.8150471	  0.9996381	  0.06114	 0.99954212	     90	      5	 23.5608	
m60620c3r8.htb	    0.0	  30.00	  0.000	   0.00	  10.00	  40.00	   0.0	  20.15	 10.900	  25.91	  0.000	  19.27	  18.66	  0.246	 0.03213021	  0.660	 0.00779570	  0.120	 0.00083224	 0.3831	  0.566	  16.21	   9.70	  0.0202483	 -0.0220083	  0.2210481	  1.01904	 0.90689477	     90	      5	 28.0276	
m60620c4r8.htb	    0.0	  30.00	  0.000	   0.00	   8.00	  40.00	   0.0	   8.46	 26.600	  10.68	  0.000	   8.52	   7.59	  0.202	 0.99418721	  0.756	 0.00232664	  0.036	 0.27645673	 0.2543	  0.567	   8.52	   2.16	  0.3695853	 -3.8862066	 11.2697744	  0.05963	 0.99956429	     35	      5	 8.4641	
m60621c1r8.htb	    0.0	  30.00	  0.000	   0.00	  -8.00	  30.00	   0.0	   7.86	 24.150	  12.81	  0.000	   6.92	   1.00	  0.391	 0.15025125	  0.470	 0.04155892	  0.063	 0.01730241	 0.3414	  0.699	   6.92	   5.90	  0.7042793	 -1.2130778	 17.8581202	  0.56700	 0.96665902	     90	      5	 42.3269	
m60621c2r8.htb	  120.0	  30.00	  0.000	   8.00	  -2.00	  30.00	   0.0	   1.19	  0.500	   1.10	 16.600	   0.85	   0.50	  0.400	 0.96167071	  0.290	 0.13483652	  0.009	 0.38725614	 0.2019	  0.487	   0.85	   0.25	  3.0901010	 -1.4793756	  6.1723284	  0.16933	 0.99661201	     90	      5	 19.5590	
m60621c3r8.htb	  180.0	  30.00	  0.000	  10.00	   0.00	  60.00	   0.0	   1.14	 64.000	   3.43	  0.000	   1.31	   0.70	  0.716	 0.08215198	  0.725	 0.00360026	  0.111	 0.00131710	 0.4382	  0.727	   1.15	   4.33	  0.0044317	 -4.9463996	  1.1211961	  0.67739	 0.95408820	     90	      5	 46.2635	
m60621c4r8.htb	  130.0	  20.00	  0.000	   0.00	 -10.00	  40.00	   0.0	   6.22	 26.750	   7.16	  0.000	   5.36	   1.64	  0.357	 0.28835450	  0.325	 0.10883978	  0.035	 0.07567453	 0.3312	  0.548	   5.36	   1.81	  0.4688895	 -20.0000000	 21.9246464	  0.84607	 0.93216731	     90	      5	 26.2635	
m60621c5r8.htb	  130.0	  20.00	  0.000	 -10.00	 -10.00	  40.00	   0.0	   2.29	 55.650	   4.52	  3.700	   1.56	   0.75	  0.753	 0.00000034	  0.921	 0.00004170	  0.384	 0.00000000	 0.5715	  0.408	   1.56	   2.97	  0.0361212	  3.6903425	  1.8771795	  1.02921	 0.90533589	     90	      5	 14.5400	
m60621c6r8.htb	  180.0	  20.00	  0.000	   8.00	 -10.00	  40.00	   0.0	  11.94	  7.050	  12.40	 64.000	   8.78	   3.86	  0.268	 0.98713628	  0.795	 0.00123133	  0.015	 0.22656118	 0.1685	  1.327	   8.77	   3.63	  0.1598788	 -2.9439417	  1.5960514	  0.03241	 0.99987015	    100	      5	 161.0000	
m60623c3r8.htb	   90.0	  30.00	  0.000	  -5.00	  10.00	  40.00	   0.0	   5.62	 48.450	   9.39	  0.000	   5.73	   3.83	  0.302	 0.74553942	  0.784	 0.00148623	  0.046	 0.04159890	 0.3115	  0.617	   5.73	   3.66	  0.2555305	  4.7221508	 11.1740245	  0.09974	 0.99879697	     90	      5	 31.3532	
m60623c4r8.htb	   90.0	  30.00	  0.000	   3.00	  -5.00	  40.00	   0.0	   2.99	 27.150	   5.18	  0.000	   2.92	   0.75	  0.444	 0.08409685	  0.910	 0.00006509	  0.139	 0.00029499	 0.3852	  0.554	   2.87	   2.31	  0.0485893	 -0.6185466	  1.3482099	  0.22784	 0.99398327	     90	      5	 25.4817	
m60626c2r8.htb	    0.0	  30.00	  0.000	  -8.00	  -8.00	  40.00	   0.0	   7.06	 11.100	   9.63	  0.000	   6.79	   5.01	  0.311	 0.05920593	  0.845	 0.00045943	  0.093	 0.00032955	 0.3672	  0.468	   4.85	   4.78	  0.0121195	 -0.0051260	  0.1346039	  0.18864	 0.99582174	    135	      5	 28.1009	
m60628c1r8.htb	    0.0	  30.00	  0.000	   0.00	  -8.00	  40.00	   0.0	  13.38	  9.000	  14.27	  0.650	  11.21	   4.48	  0.346	 0.35542421	  0.391	 0.07189715	  0.039	 0.06183440	 0.3254	  0.732	  11.21	   3.06	  0.2023050	  0.6646838	  1.6874889	  0.90392	 0.92401067	     90	      5	 46.0479	
m60628c2r8.htb	    0.0	  30.00	  0.000	  -8.00	 -10.00	  40.00	   0.0	   3.06	  6.400	   4.49	  0.000	   2.72	   1.37	  0.358	 0.77232060	  0.859	 0.00032586	  0.070	 0.03573932	 0.3263	  0.534	   3.64	   0.85	  0.2017164	  1.4611726	  0.9914941	  0.34864	 0.98655419	     63	      5	 15.8401	
m60703c1r8.htb	    0.0	  20.00	  0.000	  10.00	   8.00	  40.00	   0.0	  13.02	 22.350	  20.40	  0.000	  15.08	   2.40	  0.346	 0.04196734	  0.424	 0.05751409	  0.123	 0.01002264	 0.4550	  0.496	  15.08	   5.33	  0.3003792	 -3.1531587	  7.6546408	  2.20955	 0.69728203	     53	      5	 13.4955	
m60703c1r8.htb	    0.0	  20.00	  0.000	  10.00	   8.00	  40.00	   0.0	  13.02	 22.250	  20.34	  0.000	  15.08	   2.40	  0.346	 0.04196734	  0.424	 0.05740516	  0.123	 0.01000080	 0.4550	  0.496	  15.08	   5.25	  0.2751642	 -1.8524713	  6.6353915	  2.20932	 0.69732387	     53	      5	 13.4952	
m60703c2r8.htb	    0.0	  20.00	  0.000	   8.00	  10.00	  40.00	   0.0	   4.73	 56.950	   8.95	  0.000	   4.09	   1.39	  0.588	 0.00000038	  0.917	 0.00005048	  0.380	 0.00000000	 0.5540	  0.442	   0.74	   8.21	  0.0064918	 -2.1923626	  0.3839052	  0.74384	 0.94581397	     90	      5	 16.9530	
m60703c3r8.htb	    0.0	  20.00	  0.000	  -5.00	  10.00	  40.00	   0.0	   1.43	 64.000	   2.39	  0.000	   1.22	   0.33	  0.449	 0.24771437	  0.781	 0.00157875	  0.060	 0.00430141	 0.3417	  0.437	   1.09	   1.58	  0.0000992	 -0.0000000	  0.1047104	  0.11837	 0.99831605	    135	      5	 24.3515	
m60705c1r8.htb	    0.0	  20.00	  0.000	   0.00	 -10.00	  30.00	   0.0	   4.43	 10.250	   6.58	  0.000	   3.83	   3.28	  0.336	 0.54026536	  0.557	 0.02081752	  0.044	 0.04621978	 0.2542	  0.711	   4.79	   1.79	  0.3604535	  1.9566484	  2.9859312	  0.28454	 0.99079017	     90	      5	 42.5492	
m60705c2r8.htb	    0.0	  20.00	  0.000	  -5.00	 -10.00	  40.00	   0.0	   2.99	 17.650	   4.91	  0.000	   2.79	   0.93	  0.451	 0.01789063	  0.823	 0.00073015	  0.110	 0.00008571	 0.3929	  0.466	   2.61	   2.30	  0.0212259	 -0.0075637	  0.3745188	  0.20464	 0.99510917	    135	      5	 28.1119	
m60705c3r8.htb	    0.0	  20.00	  0.000	   5.00	 -10.00	  40.00	   0.0	  16.42	 64.000	  24.39	  0.000	  16.23	   2.89	  0.335	 0.00952293	  0.864	 0.00028728	  0.351	 0.00001818	 0.5401	  0.397	  12.00	  12.39	  0.0023070	 -0.0167387	  0.1480879	  0.97019	 0.91428241	     45	      5	 6.1858	
m60712c1r8.htb	    0.0	  20.00	  0.000	   3.00	  -5.00	  40.00	   0.0	   5.92	 12.850	   8.27	  0.600	   5.68	   4.23	  0.298	 0.26359586	  0.961	 0.00000335	  0.108	 0.00154967	 0.2992	  0.539	   5.68	   2.58	  0.1267875	  0.6380891	  1.5487215	  0.05550	 0.99962284	     90	      5	 23.6740	
m60712c1r8.htb	    0.0	  20.00	  0.000	   3.00	  -5.00	  40.00	   0.0	   5.92	 12.850	   8.27	  0.600	   5.68	   4.23	  0.298	 0.26359586	  0.961	 0.00000334	  0.108	 0.00154961	 0.2992	  0.539	   5.68	   2.58	  0.1267749	  0.6383481	  1.5485595	  0.05549	 0.99962294	     90	      5	 23.6740	
m60717c3r8.htb	  150.0	  20.00	  0.000	 -10.00	 -10.00	  40.00	   0.0	  10.51	 41.150	  17.00	  0.000	   9.95	   0.53	  0.378	 0.00000000	  0.965	 0.00000229	  0.337	 0.00000000	 0.4674	  0.502	   7.54	   9.45	  0.0167591	 -2.6552446	  0.7338978	  0.17327	 0.99645703	    135	      5	 32.2308	
m60814c1r8.htb	    0.0	  20.00	  0.000	   0.00	   0.00	  40.00	   0.0	   3.08	 12.050	   5.51	  0.450	   2.26	   0.50	  0.645	 0.00307783	  0.807	 0.00100107	  0.195	 0.00001308	 0.4624	  0.651	   2.26	   3.25	  0.1316339	  0.4857317	  1.5233128	  0.85024	 0.93228151	     90	      5	 37.3244	
m60814c2r8.htb	    0.0	  20.00	  0.000	   0.00	   0.00	  40.00	   0.0	  19.65	  8.600	  22.82	 63.400	  18.68	  15.92	  0.201	 0.63987639	  0.869	 0.00025256	  0.061	 0.01939996	 0.3236	  0.570	  18.68	   4.14	  0.8545995	  1.5770024	  6.0002750	  0.08928	 0.99903289	     90	      5	 26.6033	
m60814c3r8.htb	  150.0	  20.00	  0.000	 -10.00	  10.00	  40.00	   0.0	   1.94	  4.750	   2.61	 64.000	   1.72	   1.34	  0.439	 0.23055073	  0.717	 0.00398903	  0.084	 0.00546850	 0.3763	  0.374	   1.72	   0.89	  0.1531108	 -0.0982221	  0.7440747	  0.42735	 0.98017688	     90	      5	 11.8558	
m60814c4r8.htb	    0.0	  20.00	  0.000	   0.00	   0.00	  40.00	   0.0	  10.70	 27.800	  12.41	  0.000	  10.33	  10.45	  0.273	 0.13039519	  0.545	 0.02306188	  0.075	 0.00879698	 0.4079	  0.393	   7.46	   4.95	  0.0087008	 -1.2954421	  0.2531074	  0.64506	 0.95792709	     90	      5	 13.3962	
m60822c1r8.htb	    0.0	  20.00	  0.000	 -10.00	   0.00	  40.00	   0.0	   4.13	 52.750	   7.96	  0.000	   3.96	   0.65	  0.500	 0.00000588	  0.893	 0.00012111	  0.329	 0.00000000	 0.4800	  0.445	   2.92	   5.05	  0.0168270	 -4.4211479	  0.9621692	  0.54286	 0.96919645	     90	      5	 17.0214	
m60822c2r8.htb	    0.0	  20.00	  0.000	   0.00	  -5.00	  40.00	   0.0	   2.64	 64.000	   4.86	  0.000	   2.33	   1.00	  0.550	 0.00246462	  0.701	 0.00485348	  0.173	 0.00004497	 0.4466	  0.497	   1.14	   4.48	  0.0009608	 -0.7395396	  0.2675198	  0.71730	 0.94917810	     90	      5	 21.4608	
