FILE			 PrfOR	 PrfSF	 PrfTF	 RFXctr	 RFYctr	 RFDiam	 GrType	 MaxLoc	 MaxRsp	 MinLoc	 MinRsp	 AvgRsp	 Spont	 ModIx	 AnovaP	 DDI  	 VarTerm	 MSgrp	 MSerror	 MaxX 	 MinX 	 MaxLoc	 HWHM	
m60110c2r2.htb	  30.0	  0.05	 2.000	  3.00	 -7.00	 30.00	   0.0	 276.00	  3.84	  0.00	  2.25	  2.70	  0.70	 0.479	 0.98500491	 0.287	  0.659	      0.125	      0.434	 330.00	  0.00	 9999.00	 9999.00	
m60110c2r2.htb	  30.0	  0.05	 2.000	  3.00	 -7.00	 30.00	   1.0	 247.00	  3.38	 185.00	  1.68	  2.68	  0.70	 0.561	 0.45001679	 0.435	  0.524	      0.278	      0.274	 330.00	  0.00	 9999.00	 9999.00	
m60117c2r3.htb	  90.0	  0.05	 4.000	  5.00	 -10.00	 40.00	   0.0	 236.00	 24.07	 330.00	 19.08	 21.60	 13.10	 0.299	 0.19008945	 0.467	  0.469	      0.313	      0.220	 330.00	  0.00	 9999.00	 9999.00	
m60117c2r3.htb	  90.0	  0.05	 4.000	  5.00	 -10.00	 40.00	   1.0	 45.00	 43.72	 14.00	 16.79	 19.50	 13.10	 0.291	 0.73608802	 0.395	  0.565	      0.222	      0.319	 330.00	  0.00	 9999.00	 9999.00	
m60125c1r5.htb	  30.0	  0.05	 2.000	  0.00	  0.00	 50.00	   0.0	 73.00	 17.73	 35.00	  5.45	  6.65	  6.27	 0.512	 0.28750045	 0.492	  0.484	      0.293	      0.234	 330.00	  0.00	 9999.00	 9999.00	
m60125c1r5.htb	  30.0	  0.05	 2.000	  0.00	  0.00	 50.00	   1.0	 50.00	  9.61	  9.00	  5.47	  6.79	  6.27	 0.406	 0.55993023	 0.450	  0.404	      0.145	      0.164	 330.00	  0.00	 9999.00	 9999.00	
m60125c2r3.htb	  30.0	  0.03	 2.000	 -7.00	 -3.00	 40.00	   0.0	 225.00	 13.24	 45.00	 11.11	 11.64	  5.22	 0.353	 0.12460600	 0.500	  0.381	      0.244	      0.145	 330.00	  0.00	 9999.00	 9999.00	
m60125c2r3.htb	  30.0	  0.03	 2.000	 -7.00	 -3.00	 40.00	   1.0	 105.00	 13.70	 263.00	 11.90	 12.77	  5.22	 0.216	 0.68963612	 0.447	  0.273	      0.055	      0.074	 330.00	  0.00	 9999.00	 9999.00	
m60125c3r4.htb	  30.0	  0.03	 2.000	 -8.00	 -18.00	 30.00	   0.0	 249.00	 22.98	 137.00	 18.15	 20.85	  5.60	 0.247	 0.37538337	 0.458	  0.377	      0.159	      0.142	 330.00	  0.00	 9999.00	 9999.00	
m60125c3r4.htb	  30.0	  0.03	 2.000	 -8.00	 -18.00	 30.00	   1.0	 105.00	 24.62	 70.00	 20.15	 21.10	  5.60	 0.148	 0.88505907	 0.346	  0.362	      0.067	      0.131	 330.00	  0.00	 9999.00	 9999.00	
m60125c4r3.htb	 180.0	  0.03	 2.000	  0.00	 -8.00	 30.00	   0.0	 291.00	 18.21	 176.00	 11.89	 16.03	  3.88	 0.489	 0.23794640	 0.504	  0.640	      0.547	      0.410	 330.00	  0.00	 9999.00	 9999.00	
m60125c4r3.htb	 180.0	  0.03	 2.000	  0.00	 -8.00	 30.00	   1.0	 103.00	 34.20	 67.00	 11.78	 16.33	  3.88	 0.474	 0.07128490	 0.502	  0.629	      0.732	      0.396	 330.00	  0.00	 9999.00	 9999.00	
m60201c2r2.htb	  60.0	  0.03	 2.000	  0.00	 -10.00	 50.00	   0.0	 105.00	 22.13	 38.00	 18.54	 20.18	  7.55	 0.253	 0.63845927	 0.406	  0.476	      0.182	      0.227	 330.00	  0.00	 9999.00	 9999.00	
m60201c2r2.htb	  60.0	  0.03	 2.000	  0.00	 -10.00	 50.00	   1.0	 80.00	 27.94	 119.00	 19.38	 21.25	  7.55	 0.227	 0.36330229	 0.432	  0.395	      0.174	      0.156	 330.00	  0.00	 9999.00	 9999.00	
m60201c3r6.htb	 270.0	  0.03	 2.000	  8.00	 -15.00	 50.00	   0.0	 195.00	 28.29	 160.00	 15.27	 20.47	  3.86	 0.459	 0.36126092	 0.509	  0.637	      0.472	      0.406	 330.00	  0.00	 9999.00	 9999.00	
m60201c3r6.htb	 270.0	  0.03	 2.000	  8.00	 -15.00	 50.00	   1.0	 330.00	 24.35	 157.00	 16.28	 20.60	  3.86	 0.383	 0.56428234	 0.441	  0.730	      0.472	      0.532	 330.00	  0.00	 9999.00	 9999.00	
m60201c4r6.htb	 270.0	  0.03	 2.000	  8.00	 -18.00	 30.00	   0.0	 88.00	 10.54	 109.00	  4.99	  7.26	  4.39	 0.612	 0.84783107	 0.340	  1.106	      0.691	      1.222	 330.00	  0.00	 9999.00	 9999.00	
m60201c4r6.htb	 270.0	  0.03	 2.000	  8.00	 -18.00	 30.00	   1.0	 282.00	 16.94	 314.00	  4.91	  7.75	  4.39	 0.652	 0.82801640	 0.343	  1.178	      0.819	      1.389	 330.00	  0.00	 9999.00	 9999.00	
m60201c5r6.htb	  30.0	  0.03	 2.000	 10.00	 -10.00	 50.00	   0.0	 276.00	 34.46	 201.00	 20.00	 23.26	  3.98	 0.374	 0.18760734	 0.469	  0.691	      0.688	      0.477	 330.00	  0.00	 9999.00	 9999.00	
m60201c5r6.htb	  30.0	  0.03	 2.000	 10.00	 -10.00	 50.00	   1.0	 261.00	 36.58	 172.00	 18.11	 22.74	  3.98	 0.397	 0.10124357	 0.480	  0.696	      0.829	      0.485	 330.00	  0.00	 9999.00	 9999.00	
m60203c1r2.htb	  30.0	  0.03	 2.000	 -2.00	 -12.00	 50.00	   0.0	  5.00	 13.72	 255.00	  8.52	 10.69	  3.28	 0.475	 0.00050125	 0.521	  0.480	      0.775	      0.230	 330.00	  0.00	  5.00	 49.00	
m60203c1r2.htb	  30.0	  0.03	 2.000	 -2.00	 -12.00	 50.00	   1.0	 91.00	 12.00	 282.00	  9.22	 10.76	  3.28	 0.333	 0.00024266	 0.471	  0.359	      0.463	      0.129	 330.00	  0.00	 91.00	 87.00	
m60203c2r5.htb	   0.0	  0.03	 2.000	 -5.00	 -10.00	 40.00	   0.0	 186.00	 17.83	 109.00	 12.66	 14.73	  8.56	 0.302	 0.00013547	 0.487	  0.355	      0.477	      0.126	 330.00	  0.00	 186.00	 29.00	
m60203c2r5.htb	   0.0	  0.03	 2.000	 -5.00	 -10.00	 40.00	   1.0	 148.00	 16.55	 254.00	 13.17	 15.02	  8.56	 0.276	 0.00029135	 0.490	  0.320	      0.361	      0.102	 330.00	  0.00	 148.00	 49.00	
m60203c3r2.htb	   0.0	  0.03	 2.000	  5.00	 -20.00	 40.00	   0.0	 165.00	 11.47	 308.00	  8.16	 10.10	  3.63	 0.343	 0.10534121	 0.406	  0.496	      0.396	      0.246	 330.00	  0.00	 9999.00	 9999.00	
m60203c3r2.htb	   0.0	  0.03	 2.000	  5.00	 -20.00	 40.00	   1.0	 170.00	 12.17	 22.00	  8.97	 10.54	  3.63	 0.296	 0.21871960	 0.352	  0.536	      0.382	      0.288	 330.00	  0.00	 9999.00	 9999.00	
m60207c2r2.htb	 300.0	  0.03	 4.000	  0.00	 -2.00	 50.00	   0.0	 67.00	 18.78	 138.00	 16.93	 17.82	  8.91	 0.104	 0.97426162	 0.193	  0.477	      0.078	      0.228	 330.00	  0.00	 9999.00	 9999.00	
m60207c2r2.htb	 300.0	  0.03	 4.000	  0.00	 -2.00	 50.00	   1.0	 307.00	 22.96	 281.00	 17.06	 18.13	  8.91	 0.179	 0.22018300	 0.359	  0.384	      0.196	      0.148	 330.00	  0.00	 9999.00	 9999.00	
m60207c3r2.htb	 300.0	  0.03	 4.000	 -5.00	 -5.00	 50.00	   0.0	 225.00	 23.27	 261.00	 13.80	 17.08	  7.31	 0.449	 0.00001346	 0.509	  0.588	      1.562	      0.346	 330.00	  0.00	 225.00	 14.00	
m60207c3r2.htb	 300.0	  0.03	 4.000	 -5.00	 -5.00	 50.00	   1.0	 227.00	 43.01	 258.00	 17.12	 19.04	  7.31	 0.282	 0.06019805	 0.378	  0.593	      0.638	      0.352	 330.00	  0.00	 9999.00	 9999.00	
m60207c4r2.htb	  30.0	  0.03	 2.000	 10.00	 10.00	 40.00	   0.0	 195.00	 18.84	 225.00	 10.67	 12.59	  5.57	 0.361	 0.05761510	 0.401	  0.564	      0.582	      0.318	 330.00	  0.00	 9999.00	 9999.00	
m60207c4r2.htb	  30.0	  0.03	 2.000	 10.00	 10.00	 40.00	   1.0	 330.00	 16.48	 217.00	 11.12	 14.11	  5.57	 0.410	 0.03289611	 0.453	  0.589	      0.701	      0.346	 330.00	  0.00	 9999.00	 9999.00	
m60301c1r4.htb	  30.0	  0.03	 2.000	  0.00	 -5.00	 40.00	   0.0	 290.00	  9.01	 18.00	  7.60	  8.34	  1.24	 0.214	 0.69957762	 0.333	  0.342	      0.086	      0.117	 330.00	  0.00	 9999.00	 9999.00	
m60301c1r4.htb	  30.0	  0.03	 2.000	  0.00	 -5.00	 40.00	   1.0	 285.00	  8.43	 68.00	  6.53	  7.63	  1.24	 0.280	 0.03117226	 0.419	  0.314	      0.201	      0.098	 330.00	  0.00	 9999.00	 9999.00	
m60301c2r4.htb	  30.0	  0.03	 2.000	 -5.00	 -10.00	 40.00	   0.0	 76.00	 17.96	 160.00	 14.05	 15.21	  3.68	 0.114	 0.99992500	 0.140	  0.989	      0.093	      0.977	 330.00	  0.00	 9999.00	 9999.00	
m60301c2r4.htb	  30.0	  0.03	 2.000	 -5.00	 -10.00	 40.00	   1.0	 190.00	 16.20	 61.00	 13.28	 14.75	  3.68	 0.171	 0.99998153	 0.148	  1.098	      0.087	      1.205	 330.00	  0.00	 9999.00	 9999.00	
m60301c3r4.htb	  30.0	  0.03	 4.000	 10.00	 -5.00	 40.00	   0.0	 229.00	 25.89	  0.00	 20.51	 20.80	  7.55	 0.151	 0.76720361	 0.347	  0.372	      0.091	      0.138	 330.00	  0.00	 9999.00	 9999.00	
m60301c3r4.htb	  30.0	  0.03	 4.000	 10.00	 -5.00	 40.00	   1.0	 215.00	 19.05	 183.00	 16.56	 17.25	  7.55	 0.228	 0.57862602	 0.391	  0.412	      0.147	      0.170	 330.00	  0.00	 9999.00	 9999.00	
m60301c4r4.htb	  30.0	  0.03	 4.000	 20.00	 -10.00	 50.00	   0.0	 16.00	 19.17	 328.00	 13.58	 18.01	 11.14	 0.282	 0.99943139	 0.241	  1.441	      0.284	      2.078	 330.00	  0.00	 9999.00	 9999.00	
m60301c4r4.htb	  30.0	  0.03	 4.000	 20.00	 -10.00	 50.00	   1.0	 313.00	 42.69	 35.00	 14.63	 17.24	 11.14	 0.378	 0.98411686	 0.291	  1.386	      0.561	      1.920	 330.00	  0.00	 9999.00	 9999.00	
m60302c2r4.htb	  30.0	  0.05	 4.000	  0.00	 -10.00	 40.00	   0.0	  0.00	 19.41	 244.00	 12.81	 15.48	  2.32	 0.494	 0.43312914	 0.566	  0.532	      0.308	      0.283	 330.00	  0.00	 9999.00	 9999.00	
m60302c2r4.htb	  30.0	  0.05	 4.000	  0.00	 -10.00	 40.00	   1.0	 12.00	 25.04	 174.00	 14.41	 18.92	  2.32	 0.523	 0.04529316	 0.610	  0.511	      0.688	      0.261	 330.00	  0.00	 9999.00	 9999.00	
m60302c3r4.htb	  30.0	  0.03	 4.000	 -5.00	 -5.00	 60.00	   0.0	  0.00	  9.95	 90.00	  6.13	  8.19	  4.13	 0.419	 0.00001998	 0.526	  0.346	      0.525	      0.120	 330.00	  0.00	  0.00	 42.00	
m60302c3r4.htb	  30.0	  0.03	 4.000	 -5.00	 -5.00	 60.00	   1.0	 187.00	  9.18	 96.00	  6.16	  7.90	  4.13	 0.475	 0.00002423	 0.537	  0.357	      0.551	      0.127	 330.00	  0.00	 187.00	 50.00	
m60404c4r4.htb	   0.0	  0.03	 1.000	 10.00	  5.00	 40.00	   0.0	 20.00	 12.54	 108.00	  7.45	 10.17	  5.32	 0.427	 0.00000164	 0.520	  0.415	      0.894	      0.172	 330.00	  0.00	 20.00	 43.00	
m60404c4r4.htb	   0.0	  0.03	 1.000	 10.00	  5.00	 40.00	   1.0	 14.00	 13.36	 106.00	  7.92	 10.26	  5.32	 0.529	 0.00000000	 0.638	  0.337	      1.034	      0.114	 330.00	  0.00	 14.00	 45.00	
m60404c5r4.htb	   0.0	  0.03	 2.000	  0.00	  0.00	 40.00	   0.0	 214.00	 16.32	 302.00	  8.15	 11.32	  5.19	 0.464	 0.00000000	 0.634	  0.316	      0.939	      0.100	 330.00	  0.00	 214.00	 41.00	
m60404c5r4.htb	   0.0	  0.03	 2.000	  0.00	  0.00	 40.00	   1.0	 225.00	 13.88	 126.00	  9.19	 10.89	  5.19	 0.460	 0.00000058	 0.601	  0.339	      0.705	      0.115	 330.00	  0.00	 225.00	 46.00	
m60405c3r5.htb	 270.0	  0.03	 2.000	 -5.00	 -15.00	 40.00	   0.0	 76.00	 18.00	 110.00	 10.03	 12.49	  4.78	 0.471	 0.00000000	 0.625	  0.356	      1.108	      0.127	 330.00	  0.00	 76.00	 12.00	
m60405c3r5.htb	 270.0	  0.03	 2.000	 -5.00	 -15.00	 40.00	   1.0	 77.00	 23.02	 109.00	  9.98	 12.53	  4.78	 0.500	 0.00000000	 0.668	  0.304	      1.031	      0.093	 330.00	  0.00	 77.00	 12.00	
m60414c1r4.htb	 180.0	  0.05	 2.000	 -8.00	 -8.00	 50.00	   0.0	 75.00	  4.28	 39.00	  1.78	  2.66	  0.40	 0.670	 0.01732257	 0.421	  0.503	      0.566	      0.253	 330.00	  0.00	 9999.00	 9999.00	
m60414c1r4.htb	 180.0	  0.05	 2.000	 -8.00	 -8.00	 50.00	   1.0	 255.00	  4.66	 11.00	  2.14	  3.04	  0.40	 0.570	 0.00007971	 0.511	  0.383	      0.578	      0.146	 330.00	  0.00	 255.00	 34.00	
m60414c3r4.htb	 180.0	  0.05	 2.000	 -10.00	  0.00	 50.00	   0.0	 255.00	 26.63	 26.00	 17.61	 21.46	 14.05	 0.383	 0.00000000	 0.621	  0.343	      0.928	      0.118	 330.00	  0.00	 255.00	 53.00	
m60414c3r4.htb	 180.0	  0.05	 2.000	 -10.00	  0.00	 50.00	   1.0	 255.00	 27.52	 150.00	 18.63	 22.49	 14.05	 0.369	 0.00000001	 0.597	  0.372	      1.015	      0.138	 330.00	  0.00	 255.00	 46.00	
m60419c1r4.htb	 180.0	  0.03	 2.000	 10.00	  5.00	 50.00	   0.0	 330.00	 10.10	 245.00	  6.61	  8.84	  4.33	 0.419	 0.06019542	 0.432	  0.517	      0.485	      0.268	 330.00	  0.00	 9999.00	 9999.00	
m60419c1r4.htb	 180.0	  0.03	 2.000	 10.00	  5.00	 50.00	   1.0	  0.00	 11.36	 210.00	  6.76	  9.60	  4.33	 0.414	 0.00309262	 0.432	  0.518	      0.748	      0.268	 330.00	  0.00	  0.00	 73.00	
m60419c2r4.htb	 180.0	  0.03	 2.000	 10.00	 -10.00	 40.00	   0.0	 16.00	 18.63	 52.00	 13.28	 14.83	  9.55	 0.225	 0.10573841	 0.373	  0.444	      0.318	      0.197	 330.00	  0.00	 9999.00	 9999.00	
m60419c2r4.htb	 180.0	  0.03	 2.000	 10.00	 -10.00	 40.00	   1.0	 25.00	 18.80	 317.00	 13.74	 15.54	  9.55	 0.294	 0.04265535	 0.419	  0.470	      0.428	      0.221	 330.00	  0.00	 9999.00	 9999.00	
m60420c2r6.htb	   0.0	  0.03	 2.000	  5.00	  0.00	 40.00	   0.0	  0.00	 34.55	 305.00	 31.82	 32.98	 19.55	 0.082	 0.02422152	 0.374	  0.208	      0.092	      0.043	 330.00	  0.00	 9999.00	 9999.00	
m60420c2r6.htb	   0.0	  0.03	 2.000	  5.00	  0.00	 40.00	   1.0	  1.00	 34.62	 27.00	 31.89	 32.65	 19.55	 0.091	 0.52655218	 0.372	  0.234	      0.050	      0.055	 330.00	  0.00	 9999.00	 9999.00	
m60424c2r4.htb	   0.0	  0.03	 2.000	  8.00	 -8.00	 40.00	   0.0	 262.00	 19.12	 16.00	 10.11	 13.22	  0.25	 0.485	 0.00000001	 0.555	  0.502	      1.749	      0.252	 330.00	  0.00	 262.00	 32.00	
m60424c2r4.htb	   0.0	  0.03	 2.000	  8.00	 -8.00	 40.00	   1.0	 95.00	 21.33	 10.00	 14.85	 18.10	  0.25	 0.311	 0.00253023	 0.437	  0.485	      0.672	      0.235	 330.00	  0.00	 95.00	 42.00	
m60424c2r4.htb	   0.0	  0.03	 2.000	  8.00	 -8.00	 40.00	   0.0	 262.00	 19.12	 16.00	 10.11	 13.22	  0.25	 0.485	 0.00000001	 0.555	  0.502	      1.749	      0.252	 330.00	  0.00	 262.00	 32.00	
m60424c2r4.htb	   0.0	  0.03	 2.000	  8.00	 -8.00	 40.00	   1.0	 95.00	 21.32	 10.00	 14.85	 18.10	  0.25	 0.311	 0.00253023	 0.437	  0.485	      0.672	      0.235	 330.00	  0.00	 95.00	 42.00	
m60515c4r4.htb	   0.0	  0.03	 2.000	 -10.00	 10.00	 40.00	   0.0	 255.00	  5.43	 120.00	  3.60	  4.73	  1.64	 0.543	 0.00440971	 0.506	  0.398	      0.424	      0.158	 330.00	  0.00	 255.00	 70.00	
m60515c4r4.htb	   0.0	  0.03	 2.000	 -10.00	 10.00	 40.00	   1.0	 75.00	  5.23	 55.00	  4.48	  4.88	  1.64	 0.293	 0.26397390	 0.368	  0.354	      0.157	      0.125	 330.00	  0.00	 9999.00	 9999.00	
m60517c1r4.htb	   0.0	  0.03	 2.000	  0.00	  0.00	 40.00	   0.0	 195.00	  8.21	 271.00	  4.81	  6.06	  2.44	 0.381	 0.00199123	 0.432	  0.405	      0.481	      0.164	 330.00	  0.00	 195.00	 26.00	
m60517c1r4.htb	   0.0	  0.03	 2.000	  0.00	  0.00	 40.00	   1.0	 203.00	  7.86	 100.00	  5.28	  6.65	  2.44	 0.381	 0.00618381	 0.469	  0.359	      0.332	      0.129	 330.00	  0.00	 203.00	 56.00	
m60517c2r4.htb	   0.0	  0.03	 2.000	 -10.00	 -10.00	 40.00	   0.0	 15.00	  5.21	 294.00	  4.12	  4.79	  0.65	 0.339	 0.46425369	 0.336	  0.405	      0.162	      0.164	 330.00	  0.00	 9999.00	 9999.00	
m60517c2r4.htb	   0.0	  0.03	 2.000	 -10.00	 -10.00	 40.00	   1.0	 330.00	  5.72	  0.00	  4.22	  4.78	  0.65	 0.265	 0.76416547	 0.327	  0.393	      0.103	      0.154	 330.00	  0.00	 9999.00	 9999.00	
m60517c3r4.htb	   0.0	  0.03	 2.000	 10.00	 -10.00	 30.00	   0.0	 16.00	 21.88	 102.00	 13.64	 14.20	  3.43	 0.226	 0.60306901	 0.327	  0.482	      0.195	      0.233	 330.00	  0.00	 9999.00	 9999.00	
m60517c3r4.htb	   0.0	  0.03	 2.000	 10.00	 -10.00	 30.00	   1.0	 45.00	 15.85	 301.00	 13.02	 14.11	  3.43	 0.188	 0.15230300	 0.342	  0.390	      0.224	      0.152	 330.00	  0.00	 9999.00	 9999.00	
m60517c4r4.htb	   0.0	  0.03	 2.000	  5.00	 -8.00	 30.00	   0.0	  0.00	 28.80	 235.00	 23.47	 26.18	  5.29	 0.198	 0.31418980	 0.366	  0.491	      0.284	      0.241	 330.00	  0.00	 9999.00	 9999.00	
m60517c4r4.htb	   0.0	  0.03	 2.000	  5.00	 -8.00	 30.00	   1.0	 330.00	 27.34	 230.00	 22.56	 25.33	  5.29	 0.182	 0.70355965	 0.337	  0.516	      0.195	      0.266	 330.00	  0.00	 9999.00	 9999.00	
m60517c5r4.htb	   0.0	  0.03	 2.000	 10.00	 -10.00	 40.00	   0.0	 225.00	 27.60	 191.00	 17.55	 19.83	  2.49	 0.255	 0.88377694	 0.264	  0.884	      0.409	      0.782	 330.00	  0.00	 9999.00	 9999.00	
m60517c5r4.htb	   0.0	  0.03	 2.000	 10.00	 -10.00	 40.00	   1.0	 196.00	 25.30	 162.00	 15.74	 18.10	  2.49	 0.236	 0.93837089	 0.261	  0.797	      0.275	      0.635	 330.00	  0.00	 9999.00	 9999.00	
m60517c6r4.htb	   0.0	  0.03	 2.000	  8.00	 10.00	 40.00	   0.0	 196.00	 24.10	 95.00	 19.44	 21.64	  5.78	 0.226	 0.22000850	 0.402	  0.437	      0.255	      0.191	 330.00	  0.00	 9999.00	 9999.00	
m60517c6r4.htb	   0.0	  0.03	 2.000	  8.00	 10.00	 40.00	   1.0	 324.00	 24.43	 36.00	 19.32	 21.03	  5.78	 0.227	 0.03441699	 0.469	  0.335	      0.229	      0.112	 330.00	  0.00	 9999.00	 9999.00	
m60518c2r4.htb	   0.0	  0.03	 2.000	 -8.00	 -5.00	 40.00	   0.0	 258.00	 19.52	 217.00	 17.05	 18.08	  2.27	 0.113	 0.91178362	 0.270	  0.351	      0.059	      0.123	 330.00	  0.00	 9999.00	 9999.00	
m60518c2r4.htb	   0.0	  0.03	 2.000	 -8.00	 -5.00	 40.00	   1.0	 237.00	 21.38	 295.00	 18.17	 18.91	  2.27	 0.190	 0.27701299	 0.476	  0.254	      0.080	      0.064	 330.00	  0.00	 9999.00	 9999.00	
m60519c3r4.htb	   0.0	  0.03	 2.000	 -5.00	 -5.00	 30.00	   0.0	  0.00	 28.28	 278.00	 24.50	 26.40	  1.99	 0.202	 0.06862834	 0.493	  0.294	      0.162	      0.087	 330.00	  0.00	 9999.00	 9999.00	
m60519c3r4.htb	   0.0	  0.03	 2.000	 -5.00	 -5.00	 30.00	   1.0	 211.00	 28.91	 308.00	 25.48	 27.31	  1.99	 0.176	 0.29556117	 0.485	  0.262	      0.084	      0.068	 330.00	  0.00	 9999.00	 9999.00	
m60523c1r4.htb	   0.0	  0.03	 2.000	  0.00	  0.00	 40.00	   0.0	 224.00	 10.99	 289.00	  7.81	  9.95	  3.63	 0.316	 0.74358212	 0.312	  0.718	      0.357	      0.515	 330.00	  0.00	 9999.00	 9999.00	
m60523c1r4.htb	   0.0	  0.03	 2.000	  0.00	  0.00	 40.00	   1.0	 197.00	 16.17	 231.00	  8.79	 10.99	  3.63	 0.351	 0.46150351	 0.325	  0.715	      0.506	      0.512	 330.00	  0.00	 9999.00	 9999.00	
m60523c2r4.htb	   0.0	  0.03	 2.000	  0.00	 -10.00	 40.00	   0.0	 45.00	 29.62	 142.00	 24.50	 26.98	  9.70	 0.189	 0.41725717	 0.309	  0.630	      0.412	      0.397	 330.00	  0.00	 9999.00	 9999.00	
m60523c2r4.htb	   0.0	  0.03	 2.000	  0.00	 -10.00	 40.00	   1.0	 96.00	 31.16	 160.00	 24.82	 28.32	  9.70	 0.199	 0.44943999	 0.324	  0.643	      0.415	      0.414	 330.00	  0.00	 9999.00	 9999.00	
m60523c3r4.htb	   0.0	  0.03	 2.000	  0.00	 -10.00	 40.00	   0.0	 263.00	  5.44	  0.00	  3.99	  4.81	  2.99	 0.278	 0.36164971	 0.335	  0.351	      0.136	      0.123	 330.00	  0.00	 9999.00	 9999.00	
m60523c3r4.htb	   0.0	  0.03	 2.000	  0.00	 -10.00	 40.00	   1.0	 255.00	  6.03	 151.00	  4.31	  5.34	  2.99	 0.368	 0.18024166	 0.394	  0.397	      0.222	      0.158	 330.00	  0.00	 9999.00	 9999.00	
m60523c4r4.htb	   0.0	  0.03	 2.000	 -10.00	 -10.00	 40.00	   0.0	 265.00	 25.10	 14.00	 17.07	 21.65	  9.45	 0.354	 0.00000000	 0.618	  0.312	      0.878	      0.097	 330.00	  0.00	 265.00	 56.00	
m60523c4r4.htb	   0.0	  0.03	 2.000	 -10.00	 -10.00	 40.00	   1.0	 277.00	 27.94	 14.00	 19.47	 23.01	  9.45	 0.303	 0.00000025	 0.554	  0.356	      0.734	      0.126	 330.00	  0.00	 277.00	 45.00	
m60524c1r4.htb	   0.0	  0.03	 2.000	 -5.00	 -7.00	 30.00	   0.0	 225.00	  7.08	 321.00	  5.16	  6.41	  1.99	 0.378	 0.47780709	 0.329	  0.590	      0.338	      0.348	 330.00	  0.00	 9999.00	 9999.00	
m60524c1r4.htb	   0.0	  0.03	 2.000	 -5.00	 -7.00	 30.00	   1.0	 45.00	  7.86	 137.00	  5.80	  7.03	  1.99	 0.360	 0.52641665	 0.333	  0.563	      0.290	      0.316	 330.00	  0.00	 9999.00	 9999.00	
m60524c2r4.htb	   0.0	  0.03	 2.000	 -10.00	  0.00	 30.00	   0.0	 243.00	 13.16	 37.00	  8.61	 11.28	  1.19	 0.359	 0.02077040	 0.415	  0.538	      0.630	      0.290	 330.00	  0.00	 9999.00	 9999.00	
m60524c2r4.htb	   0.0	  0.03	 2.000	 -10.00	  0.00	 30.00	   1.0	 73.00	 32.05	 42.00	 10.59	 13.83	  1.19	 0.440	 0.00351815	 0.482	  0.580	      0.926	      0.336	 330.00	  0.00	 73.00	 11.00	
m60524c3r4.htb	 240.0	  0.03	 2.000	  0.00	  7.00	 30.00	   0.0	 170.00	 13.92	 139.00	  4.78	  6.60	  3.18	 0.500	 0.24392604	 0.379	  0.728	      0.680	      0.530	 330.00	  0.00	 9999.00	 9999.00	
m60524c3r4.htb	 240.0	  0.03	 2.000	  0.00	  7.00	 30.00	   1.0	 330.00	  9.82	 243.00	  5.87	  7.43	  3.18	 0.474	 0.30409327	 0.398	  0.742	      0.654	      0.551	 330.00	  0.00	 9999.00	 9999.00	
m60524c5r4.htb	   0.0	  0.03	 2.000	 -10.00	 -5.00	 40.00	   0.0	 324.00	 22.26	 44.00	 17.87	 18.61	  5.52	 0.234	 0.48594566	 0.319	  0.682	      0.447	      0.465	 330.00	  0.00	 9999.00	 9999.00	
m60524c5r4.htb	   0.0	  0.03	 2.000	 -10.00	 -5.00	 40.00	   1.0	 246.00	 19.15	 131.00	 14.14	 17.23	  5.52	 0.309	 0.33631581	 0.359	  0.670	      0.513	      0.449	 330.00	  0.00	 9999.00	 9999.00	
m60525c1r4.htb	   0.0	  0.03	 2.000	 10.00	 -10.00	 40.00	   0.0	 155.00	 11.48	 57.00	  5.58	  8.75	  0.40	 0.554	 0.00000000	 0.606	  0.366	      1.292	      0.134	 330.00	  0.00	 155.00	 51.00	
m60525c1r4.htb	   0.0	  0.03	 2.000	 10.00	 -10.00	 40.00	   1.0	 159.00	 15.13	 62.00	  6.56	 10.46	  0.40	 0.542	 0.00000000	 0.641	  0.348	      1.998	      0.121	 330.00	  0.00	 159.00	 48.00	
m60525c2r4.htb	   0.0	  0.03	 2.000	  5.00	  0.00	 40.00	   0.0	 78.00	 32.03	  0.00	 24.53	 28.47	  9.15	 0.238	 0.00000073	 0.534	  0.314	      0.539	      0.099	 330.00	  0.00	 78.00	 49.00	
m60525c2r4.htb	   0.0	  0.03	 2.000	  5.00	  0.00	 40.00	   1.0	 235.00	 32.08	 330.00	 29.41	 30.76	  9.15	 0.108	 0.23914364	 0.378	  0.270	      0.094	      0.073	 330.00	  0.00	 9999.00	 9999.00	
m60525c3r4.htb	   0.0	  0.03	 2.000	 10.00	 -10.00	 40.00	   0.0	 193.00	 12.05	 297.00	  7.25	  9.37	  4.43	 0.384	 0.00027835	 0.468	  0.437	      0.678	      0.191	 330.00	  0.00	 193.00	 49.00	
m60525c3r4.htb	   0.0	  0.03	 2.000	 10.00	 -10.00	 40.00	   1.0	 17.00	 14.35	 328.00	  8.38	 10.25	  4.43	 0.343	 0.00142910	 0.433	  0.447	      0.607	      0.200	 330.00	  0.00	 17.00	 18.00	
m60525c4r4.htb	   0.0	  0.03	 2.000	 10.00	 -10.00	 40.00	   0.0	 164.00	 23.70	 118.00	 15.84	 17.23	  4.78	 0.238	 0.40562996	 0.344	  0.559	      0.329	      0.313	 330.00	  0.00	 9999.00	 9999.00	
m60525c4r4.htb	   0.0	  0.03	 2.000	 10.00	 -10.00	 40.00	   1.0	 179.00	 23.26	 273.00	 16.67	 20.02	  4.78	 0.304	 0.02020769	 0.435	  0.537	      0.631	      0.289	 330.00	  0.00	 9999.00	 9999.00	
m60531c1r4.htb	   0.0	  0.03	 2.000	 -10.00	  0.00	 50.00	   0.0	 225.00	  0.99	 107.00	  0.34	  0.89	  0.54	 0.706	 0.78807037	 0.270	  0.702	      0.317	      0.492	 330.00	  0.00	 9999.00	 9999.00	
m60531c1r4.htb	   0.0	  0.03	 2.000	 -10.00	  0.00	 50.00	   1.0	 275.00	  1.94	 330.00	  0.53	  1.49	  0.54	 0.661	 0.64571919	 0.315	  0.743	      0.438	      0.552	 330.00	  0.00	 9999.00	 9999.00	
m60531c2r4.htb	   0.0	  0.03	 2.000	 -5.00	 -5.00	 50.00	   0.0	 263.00	 14.52	 20.00	  8.36	 11.08	  5.87	 0.500	 0.00000310	 0.552	  0.473	      1.113	      0.223	 330.00	  0.00	 263.00	 47.00	
m60531c2r4.htb	   0.0	  0.03	 2.000	 -5.00	 -5.00	 50.00	   1.0	 81.00	 13.49	 24.00	  9.89	 11.49	  5.87	 0.323	 0.01054285	 0.441	  0.427	      0.437	      0.182	 330.00	  0.00	 9999.00	 9999.00	
m60601c1r4.htb	   0.0	  0.03	 2.000	  0.00	  7.00	 40.00	   0.0	 161.00	 10.16	 128.00	  3.04	  4.18	  0.25	 0.513	 0.00280689	 0.458	  0.445	      0.559	      0.198	 330.00	  0.00	 161.00	 10.00	
m60601c1r4.htb	   0.0	  0.03	 2.000	  0.00	  7.00	 40.00	   1.0	 167.00	  6.36	 80.00	  4.48	  5.73	  0.25	 0.399	 0.08399243	 0.394	  0.478	      0.388	      0.229	 330.00	  0.00	 9999.00	 9999.00	
m60601c2r4.htb	   0.0	  0.03	 2.000	 -10.00	 -15.00	 40.00	   0.0	 97.00	  7.46	  0.00	  0.83	  3.38	  0.75	 0.903	 0.02860635	 0.725	  0.364	      0.594	      0.133	 330.00	  0.00	 9999.00	 9999.00	
m60601c2r4.htb	   0.0	  0.03	 2.000	 -10.00	 -15.00	 40.00	   1.0	 110.00	 19.47	 63.00	  0.58	  4.76	  0.75	 1.000	 0.40844960	 0.680	  0.939	      1.212	      0.882	 330.00	  0.00	 9999.00	 9999.00	
m60601c3r4.htb	  90.0	  0.03	 2.000	  0.00	 -10.00	 40.00	   0.0	 99.00	  9.02	 20.00	  6.02	  7.39	  2.04	 0.357	 0.01816074	 0.417	  0.441	      0.432	      0.194	 330.00	  0.00	 9999.00	 9999.00	
m60601c3r4.htb	  90.0	  0.03	 2.000	  0.00	 -10.00	 40.00	   1.0	 288.00	  9.65	 32.00	  7.40	  8.61	  2.04	 0.253	 0.57749497	 0.327	  0.464	      0.186	      0.216	 330.00	  0.00	 9999.00	 9999.00	
m60601c4r4.htb	  90.0	  0.03	 2.000	  0.00	  0.00	 40.00	   0.0	 79.00	 23.33	 164.00	 16.13	 20.22	  7.16	 0.320	 0.04538060	 0.412	  0.654	      0.818	      0.428	 330.00	  0.00	 9999.00	 9999.00	
m60601c4r4.htb	  90.0	  0.03	 2.000	  0.00	  0.00	 40.00	   1.0	 71.00	 23.48	 156.00	 16.74	 20.56	  7.16	 0.259	 0.11535097	 0.340	  0.678	      0.726	      0.460	 330.00	  0.00	 9999.00	 9999.00	
m60601c5r4.htb	  90.0	  0.03	 2.000	  0.00	 -8.00	 40.00	   0.0	 285.00	 23.96	 32.00	 19.79	 21.71	  8.66	 0.233	 0.02125448	 0.467	  0.351	      0.268	      0.123	 330.00	  0.00	 9999.00	 9999.00	
m60601c5r4.htb	  90.0	  0.03	 2.000	  0.00	 -8.00	 40.00	   1.0	 106.00	 25.57	 28.00	 20.12	 22.91	  8.66	 0.247	 0.00803099	 0.463	  0.383	      0.366	      0.147	 330.00	  0.00	 106.00	 40.00	
m60602c1r4.htb	   0.0	  0.03	 2.000	  0.00	 -7.00	 30.00	   0.0	 169.00	 13.73	 16.00	 12.28	 13.26	  3.58	 0.163	 0.95880934	 0.243	  0.526	      0.107	      0.276	 330.00	  0.00	 9999.00	 9999.00	
m60602c1r4.htb	   0.0	  0.03	 2.000	  0.00	 -7.00	 30.00	   1.0	 190.00	 20.45	  0.00	 14.95	 15.44	  3.58	 0.304	 0.01605882	 0.421	  0.464	      0.486	      0.215	 330.00	  0.00	 9999.00	 9999.00	
m60602c2r4.htb	   0.0	  0.03	 2.000	 -8.00	 -8.00	 30.00	   0.0	 148.00	 23.67	 15.00	 20.94	 22.89	  7.56	 0.232	 0.82930847	 0.311	  0.706	      0.297	      0.499	 330.00	  0.00	 9999.00	 9999.00	
m60602c2r4.htb	   0.0	  0.03	 2.000	 -8.00	 -8.00	 30.00	   1.0	 285.00	 27.69	 27.00	 22.58	 24.40	  7.56	 0.271	 0.12761899	 0.402	  0.591	      0.537	      0.349	 330.00	  0.00	 9999.00	 9999.00	
m60602c3r4.htb	   0.0	  0.03	 2.000	  0.00	  5.00	 30.00	   0.0	 17.00	 16.17	 57.00	  9.81	 11.11	  2.99	 0.338	 0.85314566	 0.304	  0.782	      0.346	      0.612	 330.00	  0.00	 9999.00	 9999.00	
m60602c3r4.htb	   0.0	  0.03	 2.000	  0.00	  5.00	 30.00	   1.0	 327.00	 14.23	 183.00	  9.90	 12.45	  2.99	 0.344	 0.38031952	 0.354	  0.695	      0.525	      0.484	 330.00	  0.00	 9999.00	 9999.00	
m60602c4r4.htb	   0.0	  0.03	 2.000	  0.00	 -10.00	 20.00	   0.0	 290.00	 11.86	 200.00	  7.91	  9.67	  3.33	 0.351	 0.20009471	 0.362	  0.587	      0.470	      0.344	 330.00	  0.00	 9999.00	 9999.00	
m60602c4r4.htb	   0.0	  0.03	 2.000	  0.00	 -10.00	 20.00	   1.0	 294.00	 13.81	 151.00	  9.68	 11.14	  3.33	 0.312	 0.18766624	 0.381	  0.551	      0.422	      0.303	 330.00	  0.00	 9999.00	 9999.00	
m60602c5r4.htb	   0.0	  0.03	 2.000	 -5.00	 -5.00	 50.00	   0.0	 285.00	 16.83	 124.00	 13.33	 15.79	  9.25	 0.340	 0.59600411	 0.368	  0.743	      0.466	      0.552	 330.00	  0.00	 9999.00	 9999.00	
m60602c5r4.htb	   0.0	  0.03	 2.000	 -5.00	 -5.00	 50.00	   1.0	 305.00	 19.19	 133.00	 14.98	 17.23	  9.25	 0.210	 0.84610474	 0.221	  0.842	      0.407	      0.709	 330.00	  0.00	 9999.00	 9999.00	
m60605c1r4.htb	   0.0	  0.03	 2.000	 -3.00	 -7.00	 30.00	   0.0	 323.00	 26.72	  0.00	 22.87	 25.02	  5.67	 0.175	 0.49898768	 0.325	  0.514	      0.250	      0.264	 330.00	  0.00	 9999.00	 9999.00	
m60605c1r4.htb	   0.0	  0.03	 2.000	 -3.00	 -7.00	 30.00	   1.0	 10.00	 29.18	 247.00	 25.73	 27.95	  5.67	 0.148	 0.22163704	 0.337	  0.413	      0.225	      0.170	 330.00	  0.00	 9999.00	 9999.00	
m60605c2r4.htb	   0.0	  0.03	 2.000	 -10.00	 -10.00	 30.00	   0.0	 255.00	  1.87	  7.00	  1.25	  1.65	  0.60	 0.400	 0.32893424	 0.366	  0.364	      0.153	      0.133	 330.00	  0.00	 9999.00	 9999.00	
m60605c2r4.htb	   0.0	  0.03	 2.000	 -10.00	 -10.00	 30.00	   1.0	 195.00	  1.93	 15.00	  1.16	  1.67	  0.60	 0.574	 0.03688138	 0.413	  0.402	      0.320	      0.162	 330.00	  0.00	 9999.00	 9999.00	
m60605c3r4.htb	   0.0	  0.03	 2.000	 -5.00	 -2.00	 30.00	   0.0	 30.00	 12.35	 118.00	 10.00	 10.84	  6.11	 0.272	 0.59245996	 0.394	  0.390	      0.129	      0.152	 330.00	  0.00	 9999.00	 9999.00	
m60605c3r4.htb	   0.0	  0.03	 2.000	 -5.00	 -2.00	 30.00	   1.0	 55.00	 12.89	 88.00	 10.94	 11.76	  6.11	 0.226	 0.34912472	 0.413	  0.312	      0.111	      0.097	 330.00	  0.00	 9999.00	 9999.00	
m60606c1r4.htb	   0.0	  0.03	 2.000	  8.00	 -8.00	 30.00	   0.0	 315.00	  0.90	 153.00	  0.35	  0.86	  0.00	 0.714	 0.01378922	 0.422	  0.513	      0.608	      0.263	 330.00	  0.00	 9999.00	 9999.00	
m60606c1r4.htb	   0.0	  0.03	 2.000	  8.00	 -8.00	 30.00	   1.0	 84.00	  1.13	 121.00	  0.46	  0.93	  0.00	 0.560	 0.76039838	 0.281	  0.509	      0.175	      0.259	 330.00	  0.00	 9999.00	 9999.00	
m60606c2r4.htb	   0.0	  0.03	 2.000	 -10.00	  0.00	 40.00	   0.0	 262.00	  7.94	 330.00	  0.48	  2.26	  0.05	 0.888	 0.00001046	 0.521	  0.919	      3.878	      0.845	 330.00	  0.00	 262.00	 13.00	
m60606c2r4.htb	   0.0	  0.03	 2.000	 -10.00	  0.00	 40.00	   1.0	 166.00	 14.80	 202.00	  4.68	  6.27	  0.05	 0.550	 0.45751443	 0.347	  0.982	      0.958	      0.965	 330.00	  0.00	 9999.00	 9999.00	
m60606c3r4.htb	  90.0	  0.03	 2.000	 -8.00	 -10.00	 40.00	   0.0	 94.00	 14.49	 190.00	  0.90	  4.61	  0.15	 0.939	 0.00000000	 0.621	  0.959	      8.637	      0.919	 330.00	  0.00	 94.00	 20.00	
m60606c3r4.htb	  90.0	  0.03	 2.000	 -8.00	 -10.00	 40.00	   1.0	 272.00	 18.18	 330.00	 10.96	 13.68	  0.15	 0.404	 0.25131534	 0.392	  0.828	      0.870	      0.685	 330.00	  0.00	 9999.00	 9999.00	
m60606c4r4.htb	  90.0	  0.03	 2.000	  8.00	 -5.00	 40.00	   0.0	 95.00	 23.81	 161.00	 16.69	 19.32	  0.50	 0.312	 0.00000048	 0.535	  0.363	      0.738	      0.132	 330.00	  0.00	 95.00	 26.00	
m60606c4r4.htb	  90.0	  0.03	 2.000	  8.00	 -5.00	 40.00	   1.0	 91.00	 28.15	 155.00	 23.01	 24.44	  0.50	 0.194	 0.07773039	 0.426	  0.366	      0.230	      0.134	 330.00	  0.00	 9999.00	 9999.00	
m60606c5r4.htb	  90.0	  0.03	 2.000	  8.00	  0.00	 40.00	   0.0	 274.00	 16.94	 147.00	  9.51	 12.08	  1.09	 0.451	 0.00194684	 0.453	  0.668	      1.312	      0.446	 330.00	  0.00	 274.00	 33.00	
m60606c5r4.htb	  90.0	  0.03	 2.000	  8.00	  0.00	 40.00	   1.0	 284.00	 20.04	  0.00	 13.57	 16.04	  1.09	 0.334	 0.02608656	 0.422	  0.543	      0.620	      0.295	 330.00	  0.00	 9999.00	 9999.00	
m60613c5r4.htb	   0.0	  0.03	 2.000	 -8.00	 -15.00	 30.00	   0.0	 255.00	 24.64	 152.00	 17.31	 20.70	  5.97	 0.346	 0.00031827	 0.526	  0.422	      0.683	      0.178	 330.00	  0.00	 255.00	 48.00	
m60613c5r4.htb	   0.0	  0.03	 2.000	 -8.00	 -15.00	 30.00	   1.0	 240.00	 26.93	 328.00	 17.85	 22.08	  5.97	 0.355	 0.00000005	 0.662	  0.267	      0.545	      0.071	 330.00	  0.00	 240.00	 42.00	
m60613c6r4.htb	   0.0	  0.03	 2.000	 -5.00	 -10.00	 30.00	   0.0	 315.00	 44.50	 284.00	 23.63	 24.98	  6.27	 0.176	 0.57951774	 0.428	  0.333	      0.096	      0.111	 330.00	  0.00	 9999.00	 9999.00	
m60613c6r4.htb	   0.0	  0.03	 2.000	 -5.00	 -10.00	 30.00	   1.0	 166.00	 41.05	 136.00	 23.61	 25.82	  6.27	 0.202	 0.20598474	 0.509	  0.264	      0.099	      0.070	 330.00	  0.00	 9999.00	 9999.00	
m60614c1r4.htb	   0.0	  0.03	 2.000	  0.00	 -8.00	 30.00	   0.0	 166.00	 23.30	 125.00	 17.00	 20.52	  3.88	 0.370	 0.00388749	 0.645	  0.291	      0.273	      0.085	 330.00	  0.00	 166.00	 17.00	
m60614c1r4.htb	   0.0	  0.03	 2.000	  0.00	 -8.00	 30.00	   1.0	  0.00	 22.06	 148.00	 19.31	 20.82	  3.88	 0.230	 0.58755888	 0.430	  0.428	      0.157	      0.183	 330.00	  0.00	 9999.00	 9999.00	
m60614c2r4.htb	   0.0	  0.03	 2.000	  5.00	 -5.00	 30.00	   0.0	 146.00	 13.85	 315.00	 11.13	 13.07	 10.45	 0.370	 0.19516241	 0.405	  0.630	      0.546	      0.397	 330.00	  0.00	 9999.00	 9999.00	
m60614c2r4.htb	   0.0	  0.03	 2.000	  5.00	 -5.00	 30.00	   1.0	 24.00	 16.89	 95.00	 12.07	 14.05	 10.45	 0.264	 0.75149097	 0.302	  0.707	      0.342	      0.500	 330.00	  0.00	 9999.00	 9999.00	
m60614c4r4.htb	   0.0	  0.03	 2.000	  8.00	 -18.00	 30.00	   0.0	 195.00	 13.10	 18.00	 10.17	 11.94	  6.40	 0.330	 0.00015586	 0.517	  0.334	      0.444	      0.112	 330.00	  0.00	 195.00	 87.00	
m60614c4r4.htb	   0.0	  0.03	 2.000	  8.00	 -18.00	 30.00	   1.0	 260.00	 13.73	  5.00	 10.43	 12.11	  6.40	 0.288	 0.24785395	 0.433	  0.376	      0.182	      0.141	 330.00	  0.00	 9999.00	 9999.00	
m60615c1r4.htb	   0.0	  0.03	 2.000	 -8.00	 -17.00	 30.00	   0.0	  4.00	 26.91	 286.00	 19.75	 23.26	  2.14	 0.265	 0.02021466	 0.422	  0.556	      0.676	      0.309	 330.00	  0.00	 9999.00	 9999.00	
m60615c1r4.htb	   0.0	  0.03	 2.000	 -8.00	 -17.00	 30.00	   1.0	  0.00	 30.92	 259.00	 22.53	 26.29	  2.14	 0.308	 0.00008350	 0.511	  0.473	      0.878	      0.223	 330.00	  0.00	  0.00	 40.00	
m60619c1r4.htb	   0.0	  0.03	 2.000	  0.00	  0.00	 40.00	   0.0	 68.00	 14.66	 117.00	  9.50	 11.76	  4.28	 0.430	 0.23044545	 0.359	  0.628	      0.515	      0.394	 330.00	  0.00	 9999.00	 9999.00	
m60619c1r4.htb	   0.0	  0.03	 2.000	  0.00	  0.00	 40.00	   1.0	 255.00	 14.38	  0.00	 10.51	 12.16	  4.28	 0.272	 0.02763291	 0.398	  0.410	      0.350	      0.168	 330.00	  0.00	 9999.00	 9999.00	
m60619c2r4.htb	   0.0	  0.03	 2.000	 -5.00	  0.00	 40.00	   0.0	 196.00	 23.64	 168.00	 12.95	 14.62	  0.70	 0.283	 0.11153075	 0.489	  0.322	      0.175	      0.104	 330.00	  0.00	 9999.00	 9999.00	
m60619c2r4.htb	   0.0	  0.03	 2.000	 -5.00	  0.00	 40.00	   1.0	 228.00	 24.03	 261.00	 14.09	 14.55	  0.70	 0.299	 0.39872114	 0.506	  0.328	      0.116	      0.108	 330.00	  0.00	 9999.00	 9999.00	
m60619c3r4.htb	   0.0	  0.03	 2.000	  0.00	 -5.00	 40.00	   0.0	 15.00	 10.19	 163.00	  7.21	  8.65	  0.75	 0.354	 0.00115607	 0.463	  0.375	      0.436	      0.140	 330.00	  0.00	 15.00	 62.00	
m60619c3r4.htb	   0.0	  0.03	 2.000	  0.00	 -5.00	 40.00	   1.0	 210.00	 10.10	 106.00	  7.94	  9.16	  0.75	 0.275	 0.08972788	 0.396	  0.380	      0.241	      0.144	 330.00	  0.00	 9999.00	 9999.00	
m60619c4r4.htb	   0.0	  0.03	 2.000	 -8.00	 -8.00	 30.00	   0.0	 195.00	 24.50	 110.00	 16.27	 19.59	 15.92	 0.383	 0.00000000	 0.592	  0.362	      1.404	      0.131	 330.00	  0.00	 195.00	 40.00	
m60619c4r4.htb	   0.0	  0.03	 2.000	 -8.00	 -8.00	 30.00	   1.0	 166.00	 24.32	 79.00	 15.03	 19.82	 15.92	 0.432	 0.00000000	 0.622	  0.369	      1.449	      0.136	 330.00	  0.00	 166.00	 45.00	
m60620c1r4.htb	   0.0	  0.03	 2.000	  5.00	  5.00	 40.00	   0.0	 327.00	 22.86	 82.00	 18.01	 20.39	  5.52	 0.222	 0.67456662	 0.312	  0.653	      0.326	      0.426	 330.00	  0.00	 9999.00	 9999.00	
m60620c1r4.htb	   0.0	  0.03	 2.000	  5.00	  5.00	 40.00	   1.0	 221.00	 34.95	 188.00	 22.89	 25.30	  5.52	 0.216	 0.28286006	 0.373	  0.531	      0.344	      0.282	 330.00	  0.00	 9999.00	 9999.00	
m60620c2r4.htb	   0.0	  0.03	 2.000	  0.00	  5.00	 40.00	   0.0	 87.00	 31.51	 61.00	 25.41	 27.77	 14.26	 0.226	 0.60218114	 0.383	  0.582	      0.284	      0.339	 330.00	  0.00	 9999.00	 9999.00	
m60620c2r4.htb	   0.0	  0.03	 2.000	  0.00	  5.00	 40.00	   1.0	 15.00	 66.92	 330.00	 28.11	 29.91	 14.26	 0.185	 0.50702609	 0.440	  0.346	      0.113	      0.120	 330.00	  0.00	 9999.00	 9999.00	
m60620c3r4.htb	   0.0	  0.03	 2.000	  0.00	 10.00	 40.00	   0.0	 75.00	 30.91	 115.00	 27.76	 29.37	 14.18	 0.161	 0.34675628	 0.367	  0.401	      0.181	      0.161	 330.00	  0.00	 9999.00	 9999.00	
m60620c3r4.htb	   0.0	  0.03	 2.000	  0.00	 10.00	 40.00	   1.0	 164.00	 31.91	 135.00	 30.03	 31.02	 14.18	 0.133	 0.07761919	 0.366	  0.339	      0.198	      0.115	 330.00	  0.00	 9999.00	 9999.00	
m60620c4r4.htb	   0.0	  0.03	 2.000	  0.00	  8.00	 40.00	   0.0	 261.00	 14.16	 150.00	 10.82	 12.90	  3.58	 0.347	 0.75218940	 0.408	  0.536	      0.195	      0.288	 330.00	  0.00	 9999.00	 9999.00	
m60620c4r4.htb	   0.0	  0.03	 2.000	  0.00	  8.00	 40.00	   1.0	 254.00	 29.49	 214.00	 11.55	 13.46	  3.58	 0.471	 0.01079142	 0.559	  0.460	      0.556	      0.211	 330.00	  0.00	 9999.00	 9999.00	
m60621c1r4.htb	   0.0	  0.03	 2.000	  0.00	 -8.00	 30.00	   0.0	 321.00	 10.17	 245.00	  7.05	  8.23	  0.92	 0.311	 0.22536959	 0.399	  0.426	      0.243	      0.181	 330.00	  0.00	 9999.00	 9999.00	
m60621c1r4.htb	   0.0	  0.03	 2.000	  0.00	 -8.00	 30.00	   1.0	 330.00	 11.40	 227.00	  8.72	 10.24	  0.92	 0.281	 0.43050772	 0.374	  0.453	      0.212	      0.205	 330.00	  0.00	 9999.00	 9999.00	
m60621c2r4.htb	   0.0	  0.03	 2.000	  8.00	 -2.00	 30.00	   0.0	 10.00	  6.38	 61.00	  3.57	  4.32	  0.30	 0.327	 0.93803658	 0.266	  0.646	      0.181	      0.417	 330.00	  0.00	 9999.00	 9999.00	
m60621c2r4.htb	   0.0	  0.03	 2.000	  8.00	 -2.00	 30.00	   1.0	 192.00	  8.94	 127.00	  4.48	  5.70	  0.30	 0.477	 0.08308480	 0.381	  0.619	      0.651	      0.383	 330.00	  0.00	 9999.00	 9999.00	
m60621c3r4.htb	   0.0	  0.03	 2.000	 10.00	  0.00	 40.00	   0.0	 179.00	  3.58	 107.00	  0.33	  2.21	  1.55	 0.841	 0.11233717	 0.414	  0.960	      1.478	      0.921	 330.00	  0.00	 9999.00	 9999.00	
m60621c3r4.htb	   0.0	  0.03	 2.000	 10.00	  0.00	 40.00	   1.0	 188.00	  4.90	 115.00	  1.30	  2.84	  1.55	 0.733	 0.12965087	 0.434	  0.806	      1.007	      0.650	 330.00	  0.00	 9999.00	 9999.00	
m60621c4r4.htb	 180.0	  0.03	 2.000	  0.00	 -10.00	 40.00	   0.0	 161.00	  6.00	 251.00	  3.01	  5.24	  2.14	 0.570	 0.62410953	 0.310	  0.885	      0.639	      0.783	 330.00	  0.00	 9999.00	 9999.00	
m60621c4r4.htb	 180.0	  0.03	 2.000	  0.00	 -10.00	 40.00	   1.0	 91.00	  7.25	 208.00	  5.58	  6.90	  2.14	 0.387	 0.78800772	 0.304	  0.694	      0.310	      0.482	 330.00	  0.00	 9999.00	 9999.00	
m60621c5r4.htb	 130.0	  0.03	 2.000	 -10.00	 -10.00	 40.00	   0.0	  0.00	 24.98	 256.00	 19.64	 22.29	  1.74	 0.255	 0.06616055	 0.470	  0.384	      0.276	      0.147	 330.00	  0.00	 9999.00	 9999.00	
m60621c5r4.htb	 130.0	  0.03	 2.000	 -10.00	 -10.00	 40.00	   1.0	 121.00	 27.39	 250.00	 22.09	 25.10	  1.74	 0.283	 0.15878595	 0.510	  0.395	      0.236	      0.156	 330.00	  0.00	 9999.00	 9999.00	
m60621c6r4.htb	 130.0	  0.03	 2.000	  8.00	 -10.00	 40.00	   0.0	 195.00	 13.59	 127.00	  9.10	 10.13	  2.65	 0.306	 0.00004702	 0.492	  0.315	      0.409	      0.099	 330.00	  0.00	 195.00	 26.00	
m60621c6r4.htb	 130.0	  0.03	 2.000	  8.00	 -10.00	 40.00	   1.0	 195.00	 12.60	 74.00	  8.15	  9.89	  2.65	 0.379	 0.00001565	 0.505	  0.378	      0.639	      0.143	 330.00	  0.00	 195.00	 47.00	
m60622c1r4.htb	   0.0	  0.03	 2.000	  0.00	 -7.00	 30.00	   0.0	 137.00	  2.14	 241.00	  0.54	  1.71	  0.00	 0.698	 0.97462605	 0.210	  1.078	      0.395	      1.161	 330.00	  0.00	 9999.00	 9999.00	
m60622c1r4.htb	   0.0	  0.03	 2.000	  0.00	 -7.00	 30.00	   1.0	 195.00	  2.71	 58.00	  1.14	  3.12	  0.00	 0.573	 0.98117343	 0.222	  1.307	      0.539	      1.709	 330.00	  0.00	 9999.00	 9999.00	
m60623c3r4.htb	   0.0	  0.03	 2.000	 -5.00	 10.00	 40.00	   0.0	 259.00	 21.97	 198.00	 15.68	 17.23	  4.98	 0.329	 0.25517488	 0.405	  0.636	      0.510	      0.404	 330.00	  0.00	 9999.00	 9999.00	
m60623c3r4.htb	   0.0	  0.03	 2.000	 -5.00	 10.00	 40.00	   1.0	 93.00	 23.23	 36.00	 16.63	 19.74	  4.98	 0.363	 0.00393476	 0.469	  0.574	      0.896	      0.330	 330.00	  0.00	 93.00	 22.00	
m60623c4r4.htb	  90.0	  0.03	 2.000	  3.00	 -5.00	 40.00	   0.0	 104.00	  3.47	 64.00	  1.85	  2.67	  0.37	 0.571	 0.86159993	 0.421	  0.417	      0.094	      0.174	 330.00	  0.00	 9999.00	 9999.00	
m60623c4r4.htb	  90.0	  0.03	 2.000	  3.00	 -5.00	 40.00	   1.0	 158.00	  7.52	 132.00	  2.85	  3.53	  0.37	 0.633	 0.44845306	 0.514	  0.437	      0.196	      0.191	 330.00	  0.00	 9999.00	 9999.00	
m60628c1r4.htb	   0.0	  0.03	 2.000	  0.00	 -8.00	 40.00	   0.0	 75.00	 22.49	 28.00	 12.09	 14.57	  4.13	 0.352	 0.00460626	 0.410	  0.616	      1.012	      0.380	 330.00	  0.00	 75.00	 13.00	
m60628c1r4.htb	   0.0	  0.03	 2.000	  0.00	 -8.00	 40.00	   1.0	 235.00	 20.69	 327.00	 13.35	 16.31	  4.13	 0.364	 0.00000354	 0.517	  0.439	      0.951	      0.192	 330.00	  0.00	 235.00	 36.00	
m60628c2r4.htb	   0.0	  0.03	 2.000	 -8.00	 -10.00	 40.00	   0.0	 75.00	 10.07	 23.00	  4.81	  6.01	  1.07	 0.402	 0.07051589	 0.455	  0.408	      0.303	      0.167	 330.00	  0.00	 9999.00	 9999.00	
m60628c2r4.htb	   0.0	  0.03	 2.000	 -8.00	 -10.00	 40.00	   1.0	 257.00	 15.41	 292.00	  4.95	  6.35	  1.07	 0.497	 0.00443320	 0.537	  0.417	      0.495	      0.174	 330.00	  0.00	 257.00	 12.00	
m60703c1r4.htb	   0.0	  0.03	 2.000	 10.00	  8.00	 40.00	   0.0	 314.00	 61.97	 286.00	 25.52	 27.64	  2.79	 0.203	 0.13830363	 0.444	  0.374	      0.211	      0.140	 330.00	  0.00	 9999.00	 9999.00	
m60703c1r4.htb	   0.0	  0.03	 2.000	 10.00	  8.00	 40.00	   1.0	 207.00	 29.95	 86.00	 26.12	 28.03	  2.79	 0.168	 0.11794501	 0.398	  0.397	      0.247	      0.157	 330.00	  0.00	 9999.00	 9999.00	
m60703c1r4.htb	   0.0	  0.03	 2.000	 10.00	  8.00	 40.00	   0.0	 314.00	 61.97	 286.00	 25.55	 27.64	  2.79	 0.203	 0.13830363	 0.444	  0.374	      0.211	      0.140	 330.00	  0.00	 9999.00	 9999.00	
m60703c1r4.htb	   0.0	  0.03	 2.000	 10.00	  8.00	 40.00	   1.0	 206.00	 29.91	 85.00	 26.07	 28.03	  2.79	 0.168	 0.11794501	 0.398	  0.397	      0.247	      0.157	 330.00	  0.00	 9999.00	 9999.00	
m60703c2r4.htb	   0.0	  0.03	 2.000	  8.00	 10.00	 40.00	   0.0	 178.00	 11.37	 300.00	  9.12	 10.41	  0.60	 0.242	 0.60251454	 0.348	  0.409	      0.140	      0.167	 330.00	  0.00	 9999.00	 9999.00	
m60703c2r4.htb	   0.0	  0.03	 2.000	  8.00	 10.00	 40.00	   1.0	 45.00	 21.52	 15.00	  8.73	  9.54	  0.60	 0.254	 0.37741618	 0.379	  0.366	      0.146	      0.134	 330.00	  0.00	 9999.00	 9999.00	
m60703c3r4.htb	   0.0	  0.03	 2.000	 -5.00	 10.00	 40.00	   0.0	  0.00	  5.90	 273.00	  3.79	  4.72	  0.30	 0.421	 0.02526299	 0.426	  0.400	      0.337	      0.160	 330.00	  0.00	 9999.00	 9999.00	
m60703c3r4.htb	   0.0	  0.03	 2.000	 -5.00	 10.00	 40.00	   1.0	  0.00	  5.19	 267.00	  3.17	  4.27	  0.30	 0.474	 0.00098045	 0.453	  0.406	      0.519	      0.165	 330.00	  0.00	  0.00	 22.00	
m60705c1r4.htb	   0.0	  0.03	 2.000	  0.00	 -10.00	 40.00	   0.0	 195.00	 25.14	 165.00	 12.90	 14.83	  3.63	 0.240	 0.01661737	 0.420	  0.363	      0.296	      0.132	 330.00	  0.00	 9999.00	 9999.00	
m60705c1r4.htb	   0.0	  0.03	 2.000	  0.00	 -10.00	 40.00	   1.0	 194.00	 21.72	 159.00	 13.79	 15.15	  3.63	 0.191	 0.06806382	 0.380	  0.340	      0.204	      0.115	 330.00	  0.00	 9999.00	 9999.00	
m60705c2r4.htb	   0.0	  0.03	 2.000	 -5.00	 -10.00	 40.00	   0.0	 52.00	  6.06	 142.00	  4.65	  5.38	  1.04	 0.244	 0.79798727	 0.330	  0.372	      0.088	      0.139	 330.00	  0.00	 9999.00	 9999.00	
m60705c2r4.htb	   0.0	  0.03	 2.000	 -5.00	 -10.00	 40.00	   1.0	 197.00	  8.76	 162.00	  4.38	  5.06	  1.04	 0.395	 0.14701993	 0.428	  0.380	      0.214	      0.144	 330.00	  0.00	 9999.00	 9999.00	
m60705c3r4.htb	   0.0	  0.03	 2.000	  5.00	 -10.00	 40.00	   0.0	 258.00	 30.08	 288.00	 24.87	 26.22	  5.77	 0.103	 0.46827163	 0.330	  0.289	      0.082	      0.083	 330.00	  0.00	 9999.00	 9999.00	
m60705c3r4.htb	   0.0	  0.03	 2.000	  5.00	 -10.00	 40.00	   1.0	 83.00	 28.38	 178.00	 25.74	 26.97	  5.77	 0.108	 0.80705131	 0.300	  0.377	      0.088	      0.142	 330.00	  0.00	 9999.00	 9999.00	
m60712c1r4.htb	   0.0	  0.03	 2.000	  3.00	 -5.00	 40.00	   0.0	 189.00	 20.44	 284.00	 14.01	 17.04	  5.36	 0.351	 0.00044655	 0.516	  0.419	      0.615	      0.176	 330.00	  0.00	 189.00	 47.00	
m60712c1r4.htb	   0.0	  0.03	 2.000	  3.00	 -5.00	 40.00	   1.0	 37.00	 22.21	 296.00	 15.94	 18.71	  5.36	 0.309	 0.00018450	 0.503	  0.400	      0.606	      0.160	 330.00	  0.00	 37.00	 40.00	
m60712c1r4.htb	   0.0	  0.03	 2.000	  3.00	 -5.00	 40.00	   0.0	 189.00	 20.44	 284.00	 14.01	 17.04	  5.36	 0.351	 0.00044655	 0.516	  0.419	      0.615	      0.176	 330.00	  0.00	 189.00	 47.00	
m60712c1r4.htb	   0.0	  0.03	 2.000	  3.00	 -5.00	 40.00	   1.0	 37.00	 22.21	 296.00	 15.94	 18.71	  5.36	 0.309	 0.00018450	 0.503	  0.400	      0.606	      0.160	 330.00	  0.00	 37.00	 40.00	
m60717c3r4.htb	 150.0	  0.03	 2.000	 -10.00	 -10.00	 40.00	   0.0	 75.00	 21.72	 200.00	 18.46	 20.23	  0.00	 0.230	 0.65065314	 0.333	  0.564	      0.251	      0.318	 330.00	  0.00	 9999.00	 9999.00	
m60717c3r4.htb	 150.0	  0.03	 2.000	 -10.00	 -10.00	 40.00	   1.0	  1.00	 22.85	 28.00	 20.22	 21.53	  0.00	 0.184	 0.56342302	 0.323	  0.478	      0.201	      0.228	 330.00	  0.00	 9999.00	 9999.00	
m60814c1r4.htb	   0.0	  0.03	 2.000	  0.00	  0.00	 40.00	   0.0	 16.00	 17.52	 54.00	 10.62	 12.58	  0.35	 0.316	 0.22702499	 0.374	  0.636	      0.531	      0.405	 330.00	  0.00	 9999.00	 9999.00	
m60814c1r4.htb	   0.0	  0.03	 2.000	  0.00	  0.00	 40.00	   1.0	 188.00	 13.77	 302.00	  9.88	 11.94	  0.35	 0.448	 0.01871712	 0.475	  0.570	      0.719	      0.325	 330.00	  0.00	 9999.00	 9999.00	
m60814c2r4.htb	   0.0	  0.03	 2.000	  0.00	  0.00	 40.00	   0.0	 106.00	 55.16	 134.00	 22.93	 24.46	 11.80	 0.191	 0.85522605	 0.381	  0.422	      0.099	      0.178	 330.00	  0.00	 9999.00	 9999.00	
m60814c2r4.htb	   0.0	  0.03	 2.000	  0.00	  0.00	 40.00	   1.0	 294.00	 27.83	 159.00	 26.18	 27.12	 11.80	 0.113	 0.98513919	 0.280	  0.422	      0.052	      0.178	 330.00	  0.00	 9999.00	 9999.00	
m60814c3r4.htb	   0.0	  0.03	 2.000	 -10.00	 10.00	 40.00	   0.0	 63.00	  1.48	 256.00	  0.87	  1.26	  0.80	 0.441	 0.96815381	 0.235	  0.555	      0.111	      0.308	 330.00	  0.00	 9999.00	 9999.00	
m60814c3r4.htb	   0.0	  0.03	 2.000	 -10.00	 10.00	 40.00	   1.0	 193.00	  3.52	 46.00	  1.19	  1.52	  0.80	 0.385	 0.87174552	 0.290	  0.466	      0.117	      0.217	 330.00	  0.00	 9999.00	 9999.00	
m60814c4r4.htb	   0.0	  0.03	 2.000	 -10.00	 10.00	 40.00	   0.0	 224.00	 27.01	 186.00	 15.70	 18.03	 12.74	 0.347	 0.00005693	 0.520	  0.405	      0.666	      0.164	 330.00	  0.00	 224.00	 14.00	
m60814c4r4.htb	   0.0	  0.03	 2.000	 -10.00	 10.00	 40.00	   1.0	 68.00	 24.19	 160.00	 17.11	 20.51	 12.74	 0.330	 0.00000020	 0.539	  0.386	      0.877	      0.149	 330.00	  0.00	 68.00	 46.00	
m60822c1r4.htb	   0.0	  0.03	 2.000	 -10.00	  0.00	 40.00	   0.0	 243.00	 16.08	 170.00	 12.84	 14.15	  0.45	 0.216	 0.01111022	 0.429	  0.302	      0.217	      0.091	 330.00	  0.00	 9999.00	 9999.00	
m60822c1r4.htb	   0.0	  0.03	 2.000	 -10.00	  0.00	 40.00	   1.0	 225.00	 16.69	 131.00	 12.13	 14.51	  0.45	 0.337	 0.00000084	 0.554	  0.313	      0.529	      0.098	 330.00	  0.00	 225.00	 50.00	
m60822c2r4.htb	   0.0	  0.03	 2.000	  0.00	 -5.00	 40.00	   0.0	 245.00	 16.77	 182.00	  9.68	 12.21	  0.40	 0.419	 0.00000016	 0.545	  0.406	      0.983	      0.165	 330.00	  0.00	 245.00	 28.00	
m60822c2r4.htb	   0.0	  0.03	 2.000	  0.00	 -5.00	 40.00	   1.0	 275.00	 14.32	 113.00	 11.71	 13.04	  0.40	 0.286	 0.01922151	 0.418	  0.429	      0.405	      0.184	 330.00	  0.00	 9999.00	 9999.00	
