FILE			 PrfOR	 PrfSF	 PrfTF	 RFXctr	 RFYctr	 RFDiam	 GrType	 MaxLoc	 MaxRsp	 MinLoc	 MinRsp	 AvgRsp	 Spont	 ModIx	 AnovaP	 DDI  	 VarTerm	 MSgrp	 MSerror	 MaxX 	 MinX 	 MaxLoc	 HWHM	
m60201c1r4.htb	  30.0	  0.03	 2.000	  0.00	 -5.00	 50.00	   0.0	 51.00	  1.65	 113.00	  0.72	  1.11	  0.61	 0.552	 0.64175302	 0.336	  0.469	      0.176	      0.220	 330.00	  0.00	 9999.00	 9999.00	
m60201c1r4.htb	  30.0	  0.03	 2.000	  0.00	 -5.00	 50.00	   1.0	 259.00	  2.74	 295.00	  0.60	  1.09	  0.61	 0.719	 0.03522290	 0.456	  0.399	      0.320	      0.159	 330.00	  0.00	 9999.00	 9999.00	
m60208c1r4.htb	  30.0	  0.05	 2.000	  0.00	  0.00	 45.00	   0.0	 279.00	 14.57	  0.00	 10.16	 11.06	  5.82	 0.183	 0.99917097	 0.190	  0.907	      0.128	      0.823	 330.00	  0.00	 9999.00	 9999.00	
m60208c1r4.htb	  30.0	  0.05	 2.000	  0.00	  0.00	 45.00	   1.0	 15.00	 14.75	 195.00	 11.51	 13.89	  5.82	 0.242	 0.95670009	 0.219	  0.954	      0.356	      0.910	 330.00	  0.00	 9999.00	 9999.00	
m60213c1r2.htb	  30.0	  0.05	 2.000	 -5.00	 10.00	 40.00	   0.0	 27.00	  9.11	 207.00	  6.48	  7.15	  2.79	 0.411	 0.25436361	 0.400	  0.597	      0.451	      0.356	 330.00	  0.00	 9999.00	 9999.00	
m60213c1r2.htb	  30.0	  0.05	 2.000	 -5.00	 10.00	 40.00	   1.0	 325.00	 10.30	 277.00	  6.37	  7.89	  2.79	 0.395	 0.11642282	 0.408	  0.536	      0.452	      0.287	 330.00	  0.00	 9999.00	 9999.00	
m60217c1r4.htb	  30.0	  0.05	 2.000	 10.00	 15.00	 50.00	   0.0	 165.00	 11.47	 23.00	  9.45	 10.65	  8.16	 0.301	 0.24350605	 0.375	  0.483	      0.299	      0.233	 330.00	  0.00	 9999.00	 9999.00	
m60217c1r4.htb	  30.0	  0.05	 2.000	 10.00	 15.00	 50.00	   1.0	 165.00	 13.47	 132.00	 10.20	 11.78	  8.16	 0.309	 0.18029016	 0.401	  0.477	      0.320	      0.228	 330.00	  0.00	 9999.00	 9999.00	
m60220c2r4.htb	   0.0	  0.03	 2.000	  0.00	 15.00	 60.00	   0.0	 239.00	 11.23	 301.00	  7.44	  8.79	  5.82	 0.396	 0.35239675	 0.410	  0.564	      0.356	      0.318	 330.00	  0.00	 9999.00	 9999.00	
m60220c2r4.htb	   0.0	  0.03	 2.000	  0.00	 15.00	 60.00	   1.0	 31.00	 11.49	 94.00	  7.97	  9.93	  5.82	 0.292	 0.25084698	 0.345	  0.550	      0.384	      0.302	 330.00	  0.00	 9999.00	 9999.00	
m60220c3r4.htb	  30.0	  0.03	 4.000	 10.00	 10.00	 50.00	   0.0	 15.00	 13.36	 108.00	 10.09	 11.85	  6.42	 0.374	 0.02141936	 0.422	  0.525	      0.597	      0.276	 330.00	  0.00	 9999.00	 9999.00	
m60220c3r4.htb	  30.0	  0.03	 4.000	 10.00	 10.00	 50.00	   1.0	 46.00	 19.23	 81.00	 11.14	 12.82	  6.42	 0.365	 0.01787690	 0.446	  0.495	      0.544	      0.245	 330.00	  0.00	 9999.00	 9999.00	
m60220c6r5.htb	  30.0	  0.03	 2.000	  0.00	 10.00	 40.00	   0.0	 80.00	 27.99	 129.00	 24.10	 25.82	  2.29	 0.209	 0.03886257	 0.445	  0.366	      0.264	      0.134	 330.00	  0.00	 9999.00	 9999.00	
m60220c6r5.htb	  30.0	  0.03	 2.000	  0.00	 10.00	 40.00	   1.0	 222.00	 32.40	 122.00	 27.33	 29.82	  2.29	 0.166	 0.05262249	 0.424	  0.341	      0.217	      0.117	 330.00	  0.00	 9999.00	 9999.00	
m60221c1r4.htb	   0.0	  0.03	 4.000	 -10.00	 10.00	 50.00	   0.0	 195.00	  9.55	 264.00	  2.24	  5.50	  0.65	 0.792	 0.00000000	 0.608	  0.542	      3.459	      0.294	 330.00	  0.00	 195.00	 25.00	
m60221c1r4.htb	   0.0	  0.03	 4.000	 -10.00	 10.00	 50.00	   1.0	 15.00	  8.27	 259.00	  1.90	  5.12	  0.65	 0.830	 0.00000001	 0.611	  0.630	      2.781	      0.397	 330.00	  0.00	 15.00	 55.00	
m60221c2r5.htb	   0.0	  0.03	 4.000	  0.00	 20.00	 60.00	   0.0	 165.00	 11.90	 76.00	  7.79	 10.07	  4.78	 0.434	 0.00370694	 0.443	  0.551	      0.832	      0.304	 330.00	  0.00	 165.00	 45.00	
m60221c2r5.htb	   0.0	  0.03	 4.000	  0.00	 20.00	 60.00	   1.0	  0.00	 11.87	 68.00	  9.07	 10.54	  4.78	 0.379	 0.02219204	 0.420	  0.534	      0.614	      0.285	 330.00	  0.00	 9999.00	 9999.00	
m60221c3r4.htb	   0.0	  0.03	 2.000	  3.00	  8.00	 50.00	   0.0	 53.00	 23.69	  0.00	 19.80	 21.68	  3.38	 0.191	 0.87575031	 0.258	  0.779	      0.325	      0.608	 330.00	  0.00	 9999.00	 9999.00	
m60221c3r4.htb	   0.0	  0.03	 2.000	  3.00	  8.00	 50.00	   1.0	 75.00	 50.27	 47.00	 22.20	 25.43	  3.38	 0.337	 0.64765472	 0.359	  0.889	      0.626	      0.791	 330.00	  0.00	 9999.00	 9999.00	
m60221c4r5.htb	   0.0	  0.03	 2.000	  8.00	  0.00	 50.00	   0.0	 40.00	 36.33	 329.00	 19.30	 20.92	  1.00	 0.319	 0.00039949	 0.525	  0.431	      0.639	      0.186	 330.00	  0.00	 40.00	 12.00	
m60221c4r5.htb	   0.0	  0.03	 2.000	  8.00	  0.00	 50.00	   1.0	 17.00	 27.73	 110.00	 21.54	 24.67	  1.00	 0.306	 0.00017292	 0.531	  0.399	      0.590	      0.159	 330.00	  0.00	 17.00	 46.00	
m60221c5r5.htb	   0.0	  0.03	 2.000	  0.00	  0.00	 50.00	   0.0	 203.00	  9.02	 171.00	  3.71	  5.15	  2.24	 0.517	 0.01191210	 0.503	  0.425	      0.458	      0.181	 330.00	  0.00	 9999.00	 9999.00	
m60221c5r5.htb	   0.0	  0.03	 2.000	  0.00	  0.00	 50.00	   1.0	 12.00	  9.14	 330.00	  5.05	  5.95	  2.24	 0.286	 0.86528159	 0.331	  0.467	      0.118	      0.218	 330.00	  0.00	 9999.00	 9999.00	
m60227c1r4.htb	  30.0	  0.05	 2.000	  5.00	  0.00	 40.00	   0.0	 190.00	 10.80	 147.00	  5.92	  7.18	  1.34	 0.421	 0.28354615	 0.388	  0.586	      0.419	      0.344	 330.00	  0.00	 9999.00	 9999.00	
m60227c1r4.htb	  30.0	  0.05	 2.000	  5.00	  0.00	 40.00	   1.0	 165.00	  7.41	  0.00	  6.05	  7.00	  1.34	 0.294	 0.68239678	 0.281	  0.557	      0.234	      0.310	 330.00	  0.00	 9999.00	 9999.00	
m60227c2r4.htb	   0.0	  0.03	 2.000	  8.00	  4.00	 40.00	   0.0	 165.00	 17.07	 315.00	 13.84	 17.19	  5.47	 0.202	 0.99830277	 0.189	  1.363	      0.336	      1.858	 330.00	  0.00	 9999.00	 9999.00	
m60227c2r4.htb	   0.0	  0.03	 2.000	  8.00	  4.00	 40.00	   1.0	 46.00	 20.59	 139.00	 13.80	 16.35	  5.47	 0.231	 0.99611210	 0.190	  1.488	      0.481	      2.213	 330.00	  0.00	 9999.00	 9999.00	
m60404c1r4.htb	   0.0	  0.03	 2.000	  0.00	  0.00	 40.00	   0.0	 197.00	 12.76	 91.00	  7.27	 10.02	  5.06	 0.488	 0.05664729	 0.538	  0.442	      0.380	      0.196	 330.00	  0.00	 9999.00	 9999.00	
m60404c1r4.htb	   0.0	  0.03	 2.000	  0.00	  0.00	 40.00	   1.0	  4.00	 14.98	 67.00	  9.17	 11.21	  5.06	 0.446	 0.00610238	 0.606	  0.322	      0.293	      0.104	 330.00	  0.00	  4.00	 27.00	
m60411c1r4.htb	   0.0	  0.03	 2.000	 -10.00	 -5.00	 40.00	   0.0	 255.00	  8.18	 176.00	  2.98	  5.61	  1.19	 0.528	 0.13245622	 0.388	  0.872	      1.162	      0.761	 330.00	  0.00	 9999.00	 9999.00	
m60411c1r4.htb	   0.0	  0.03	 2.000	 -10.00	 -5.00	 40.00	   1.0	 263.00	  8.62	 204.00	  5.34	  6.90	  1.19	 0.409	 0.51177714	 0.356	  0.725	      0.491	      0.526	 330.00	  0.00	 9999.00	 9999.00	
m60413c1r4.htb	 180.0	  0.03	 2.000	 -5.00	 -25.00	 60.00	   0.0	 165.00	 15.51	 265.00	 11.34	 13.25	  6.62	 0.386	 0.00000020	 0.567	  0.327	      0.628	      0.107	 330.00	  0.00	 165.00	 51.00	
m60413c1r4.htb	 180.0	  0.03	 2.000	 -5.00	 -25.00	 60.00	   1.0	 194.00	 15.02	 280.00	 11.54	 13.42	  6.62	 0.373	 0.00001964	 0.557	  0.328	      0.472	      0.108	 330.00	  0.00	 194.00	 40.00	
m60413c2r4.htb	 180.0	  0.03	 2.000	 -8.00	 -5.00	 40.00	   0.0	 330.00	  7.01	 90.00	  4.88	  5.95	  3.03	 0.408	 0.04079044	 0.452	  0.402	      0.315	      0.162	 330.00	  0.00	 9999.00	 9999.00	
m60413c2r4.htb	 180.0	  0.03	 2.000	 -8.00	 -5.00	 40.00	   1.0	 155.00	  7.96	 180.00	  5.67	  6.51	  3.03	 0.339	 0.02167202	 0.416	  0.392	      0.333	      0.154	 330.00	  0.00	 9999.00	 9999.00	
m60417c1r4.htb	 180.0	  0.03	 2.000	  0.00	  0.00	 40.00	   0.0	 181.00	  4.26	 229.00	  2.44	  3.52	  2.04	 0.473	 0.21230841	 0.361	  0.583	      0.456	      0.340	 330.00	  0.00	 9999.00	 9999.00	
m60417c1r4.htb	 180.0	  0.03	 2.000	  0.00	  0.00	 40.00	   1.0	 218.00	  3.99	 324.00	  3.65	  4.00	  2.04	 0.283	 0.63609086	 0.299	  0.454	      0.165	      0.206	 330.00	  0.00	 9999.00	 9999.00	
m60418c2r4.htb	   0.0	  0.03	 2.000	 -5.00	 -15.00	 50.00	   0.0	 205.00	 34.22	 101.00	 29.53	 31.39	 10.70	 0.140	 0.02435278	 0.406	  0.311	      0.206	      0.097	 330.00	  0.00	 9999.00	 9999.00	
m60418c2r4.htb	   0.0	  0.03	 2.000	 -5.00	 -15.00	 50.00	   1.0	 227.00	 40.46	 186.00	 32.58	 33.00	 10.70	 0.127	 0.09030475	 0.425	  0.262	      0.114	      0.068	 330.00	  0.00	 9999.00	 9999.00	
m60418c3r4.htb	   0.0	  0.03	 2.000	  0.00	 -10.00	 50.00	   0.0	 52.00	 23.72	 302.00	 19.79	 22.09	 14.24	 0.255	 0.83471757	 0.308	  0.767	      0.345	      0.589	 330.00	  0.00	 9999.00	 9999.00	
m60418c3r4.htb	   0.0	  0.03	 2.000	  0.00	 -10.00	 50.00	   1.0	 85.00	 30.51	 109.00	 20.84	 23.78	 14.24	 0.331	 0.48045294	 0.392	  0.808	      0.633	      0.652	 330.00	  0.00	 9999.00	 9999.00	
m60418c4r4.htb	   0.0	  0.03	 2.000	  0.00	 -10.00	 50.00	   0.0	 257.00	 39.24	 295.00	 30.20	 30.94	 19.05	 0.125	 0.08615184	 0.450	  0.228	      0.088	      0.052	 330.00	  0.00	 9999.00	 9999.00	
m60418c4r4.htb	   0.0	  0.03	 2.000	  0.00	 -10.00	 50.00	   1.0	 92.00	 34.20	 29.00	 30.35	 31.84	 19.05	 0.125	 0.00024883	 0.491	  0.198	      0.140	      0.039	 330.00	  0.00	 92.00	 23.00	
m60420c4r4.htb	   0.0	  0.03	 2.000	 10.00	 -8.00	 40.00	   0.0	 169.00	 16.72	 41.00	 11.33	 14.75	  5.57	 0.346	 0.97751564	 0.242	  1.475	      0.717	      2.175	 330.00	  0.00	 9999.00	 9999.00	
m60420c4r4.htb	   0.0	  0.03	 2.000	 10.00	 -8.00	 40.00	   1.0	  0.00	 13.39	 305.00	 10.94	 14.33	  5.57	 0.217	 0.99988928	 0.146	  1.579	      0.256	      2.493	 330.00	  0.00	 9999.00	 9999.00	
m60420c5r4.htb	   0.0	  0.03	 2.000	  8.00	 -5.00	 40.00	   0.0	 309.00	 30.88	 114.00	 27.79	 29.38	 19.26	 0.164	 0.42721498	 0.428	  0.325	      0.109	      0.106	 330.00	  0.00	 9999.00	 9999.00	
m60420c5r4.htb	   0.0	  0.03	 2.000	  8.00	 -5.00	 40.00	   1.0	 282.00	 30.07	 87.00	 26.14	 28.18	 19.26	 0.221	 0.08024722	 0.464	  0.399	      0.278	      0.159	 330.00	  0.00	 9999.00	 9999.00	
m60424c6r4.htb	   0.0	  0.03	 2.000	 -5.00	 -5.00	 30.00	   0.0	 195.00	 31.46	 15.00	 29.26	 30.34	  0.50	 0.180	 0.14298813	 0.518	  0.255	      0.105	      0.065	 330.00	  0.00	 9999.00	 9999.00	
m60424c6r4.htb	   0.0	  0.03	 2.000	 -5.00	 -5.00	 30.00	   1.0	 16.00	 39.95	 56.00	 29.34	 30.68	  0.50	 0.172	 0.18489994	 0.545	  0.219	      0.071	      0.048	 330.00	  0.00	 9999.00	 9999.00	
m60518c3r4.htb	   0.0	  0.03	 2.000	 10.00	  5.00	 40.00	   0.0	 81.00	 14.39	 163.00	 10.34	 12.13	  4.06	 0.331	 0.10542796	 0.485	  0.378	      0.239	      0.143	 330.00	  0.00	 9999.00	 9999.00	
m60518c3r4.htb	   0.0	  0.03	 2.000	 10.00	  5.00	 40.00	   1.0	 250.00	 16.63	 330.00	 12.46	 14.13	  4.06	 0.339	 0.00015416	 0.592	  0.269	      0.306	      0.072	 330.00	  0.00	 250.00	 36.00	
m60518c4r4.htb	   0.0	  0.03	 2.000	  0.00	 -10.00	 40.00	   0.0	 278.00	 17.04	 248.00	  9.67	 11.40	  2.69	 0.370	 0.41299825	 0.451	  0.465	      0.229	      0.216	 330.00	  0.00	 9999.00	 9999.00	
m60518c4r4.htb	   0.0	  0.03	 2.000	  0.00	 -10.00	 40.00	   1.0	 226.00	 19.11	 272.00	 12.59	 14.31	  2.69	 0.241	 0.28542924	 0.386	  0.417	      0.216	      0.174	 330.00	  0.00	 9999.00	 9999.00	
m60629c1r4.htb	   0.0	  0.03	 2.000	  0.00	 -5.00	 40.00	   0.0	 61.00	 25.50	 330.00	 16.26	 20.85	  3.53	 0.360	 0.00000000	 0.551	  0.420	      1.277	      0.176	 330.00	  0.00	 61.00	 39.00	
m60629c1r4.htb	   0.0	  0.03	 2.000	  0.00	 -5.00	 40.00	   1.0	 220.00	 26.34	 323.00	 20.33	 23.44	  3.53	 0.253	 0.00020594	 0.493	  0.361	      0.474	      0.130	 330.00	  0.00	 220.00	 53.00	
m60629c2r4.htb	   0.0	  0.03	 2.000	  0.00	  0.00	 40.00	   0.0	 51.00	 24.36	 323.00	 21.34	 23.20	 10.20	 0.182	 0.12310119	 0.413	  0.345	      0.185	      0.119	 330.00	  0.00	 9999.00	 9999.00	
m60629c2r4.htb	   0.0	  0.03	 2.000	  0.00	  0.00	 40.00	   1.0	 282.00	 28.90	 254.00	 22.73	 24.66	 10.20	 0.151	 0.36335437	 0.354	  0.381	      0.161	      0.146	 330.00	  0.00	 9999.00	 9999.00	
m60630c1r4.htb	   0.0	  0.03	 2.000	  0.00	 -8.00	 60.00	   0.0	 195.00	 22.65	 235.00	  9.25	 12.22	  5.31	 0.480	 0.00000345	 0.552	  0.493	      1.254	      0.243	 330.00	  0.00	 195.00	 14.00	
m60630c1r4.htb	   0.0	  0.03	 2.000	  0.00	 -8.00	 60.00	   1.0	 14.00	 20.93	 327.00	 10.42	 12.98	  5.31	 0.432	 0.00052497	 0.462	  0.561	      1.083	      0.314	 330.00	  0.00	 14.00	 18.00	
m60630c2r4.htb	   0.0	  0.03	 2.000	  0.00	 10.00	 50.00	   0.0	 193.00	 15.90	 273.00	  9.63	 13.28	  6.12	 0.402	 0.01037045	 0.437	  0.590	      0.836	      0.348	 330.00	  0.00	 9999.00	 9999.00	
m60630c2r4.htb	   0.0	  0.03	 2.000	  0.00	 10.00	 50.00	   1.0	 196.00	 18.72	 280.00	 10.81	 14.76	  6.12	 0.447	 0.00002121	 0.516	  0.537	      1.258	      0.288	 330.00	  0.00	 196.00	 40.00	
m60706c1r4.htb	   0.0	  0.03	 2.000	 10.00	  0.00	 60.00	   0.0	 166.00	 22.87	  0.00	 12.06	 12.68	  7.82	 0.444	 0.03960641	 0.514	  0.492	      0.494	      0.242	 330.00	  0.00	 9999.00	 9999.00	
m60706c1r4.htb	   0.0	  0.03	 2.000	 10.00	  0.00	 60.00	   1.0	 157.00	 17.35	 54.00	 12.94	 14.40	  7.82	 0.246	 0.42505561	 0.400	  0.415	      0.179	      0.172	 330.00	  0.00	 9999.00	 9999.00	
m60706c2r4.htb	   0.0	  0.03	 2.000	  0.00	 -10.00	 40.00	   0.0	 205.00	 18.99	 329.00	 13.83	 16.48	  7.36	 0.298	 0.03018990	 0.388	  0.577	      0.683	      0.333	 330.00	  0.00	 9999.00	 9999.00	
m60706c2r4.htb	   0.0	  0.03	 2.000	  0.00	 -10.00	 40.00	   1.0	 187.00	 22.51	 300.00	 15.88	 19.04	  7.36	 0.304	 0.00391150	 0.454	  0.483	      0.633	      0.233	 330.00	  0.00	 187.00	 58.00	
m60706c3r4.htb	   0.0	  0.03	 2.000	 -5.00	 -10.00	 40.00	   0.0	  3.00	 23.56	 60.00	 21.58	 21.85	 13.93	 0.130	 0.77403654	 0.314	  0.356	      0.084	      0.127	 330.00	  0.00	 9999.00	 9999.00	
m60706c3r4.htb	   0.0	  0.03	 2.000	 -5.00	 -10.00	 40.00	   1.0	 15.00	 23.30	 205.00	 21.31	 22.47	 13.93	 0.171	 0.50455448	 0.389	  0.344	      0.112	      0.119	 330.00	  0.00	 9999.00	 9999.00	
m60706c4r4.htb	   0.0	  0.05	 2.000	 10.00	 -10.00	 40.00	   0.0	 82.00	  8.33	  6.00	  5.45	  6.69	  4.89	 0.390	 0.46955894	 0.427	  0.408	      0.164	      0.166	 330.00	  0.00	 9999.00	 9999.00	
m60706c4r4.htb	   0.0	  0.05	 2.000	 10.00	 -10.00	 40.00	   1.0	 225.00	  7.42	 26.00	  6.13	  6.83	  4.89	 0.314	 0.50346029	 0.429	  0.355	      0.120	      0.126	 330.00	  0.00	 9999.00	 9999.00	
m60711c2r4.htb	   0.0	  0.03	 2.000	 -5.00	  8.00	 40.00	   0.0	 192.00	 28.44	 95.00	 24.86	 26.49	 10.30	 0.141	 0.04419917	 0.423	  0.272	      0.142	      0.074	 330.00	  0.00	 9999.00	 9999.00	
m60711c2r4.htb	   0.0	  0.03	 2.000	 -5.00	  8.00	 40.00	   1.0	  2.00	 30.45	 51.00	 26.20	 28.11	 10.30	 0.152	 0.00120539	 0.461	  0.259	      0.209	      0.067	 330.00	  0.00	  2.00	 21.00	
m60712c2r4.htb	   0.0	  0.03	 2.000	 -5.00	  5.00	 40.00	   0.0	 300.00	 17.59	 36.00	 10.34	 12.91	  3.83	 0.431	 0.00063676	 0.475	  0.564	      1.047	      0.318	 330.00	  0.00	 300.00	 9999.00	
m60712c2r4.htb	   0.0	  0.03	 2.000	 -5.00	  5.00	 40.00	   1.0	 299.00	 19.24	  4.00	 12.32	 14.59	  3.83	 0.376	 0.00365103	 0.463	  0.538	      0.794	      0.290	 330.00	  0.00	 299.00	 23.00	
m60713c1r4.htb	   0.0	  0.03	 2.000	  8.00	  0.00	 60.00	   0.0	 45.00	  2.00	 320.00	  1.12	  1.61	  0.20	 0.533	 0.56758590	 0.325	  0.467	      0.191	      0.218	 330.00	  0.00	 9999.00	 9999.00	
m60713c1r4.htb	   0.0	  0.03	 2.000	  8.00	  0.00	 60.00	   1.0	  5.00	  1.84	 200.00	  0.75	  1.50	  0.20	 0.700	 0.01020678	 0.471	  0.459	      0.508	      0.211	 330.00	  0.00	 9999.00	 9999.00	
m60713c2r4.htb	   0.0	  0.03	 2.000	 -10.00	 10.00	 40.00	   0.0	  0.00	  2.82	 65.00	  0.70	  1.42	  0.45	 0.729	 0.00167980	 0.493	  0.466	      0.649	      0.217	 330.00	  0.00	  0.00	 20.00	
m60713c2r4.htb	   0.0	  0.03	 2.000	 -10.00	 10.00	 40.00	   1.0	 249.00	  1.56	 229.00	  0.89	  1.43	  0.45	 0.550	 0.46011558	 0.329	  0.498	      0.245	      0.248	 330.00	  0.00	 9999.00	 9999.00	
m60713c3r4.htb	   0.0	  0.03	 2.000	  0.00	  0.00	 40.00	   0.0	  2.00	  6.26	 123.00	  3.92	  5.01	  1.68	 0.415	 0.13310276	 0.410	  0.444	      0.304	      0.197	 330.00	  0.00	 9999.00	 9999.00	
m60713c3r4.htb	   0.0	  0.03	 2.000	  0.00	  0.00	 40.00	   1.0	 106.00	  5.36	 226.00	  3.31	  4.53	  1.68	 0.475	 0.06801325	 0.449	  0.434	      0.337	      0.188	 330.00	  0.00	 9999.00	 9999.00	
m60714c1r4.htb	   0.0	  0.03	 2.000	  5.00	  3.00	 40.00	   0.0	 14.00	 10.52	 329.00	  6.57	  7.12	  1.54	 0.295	 0.67424547	 0.310	  0.518	      0.205	      0.268	 330.00	  0.00	 9999.00	 9999.00	
m60714c1r4.htb	   0.0	  0.03	 2.000	  5.00	  3.00	 40.00	   1.0	 23.00	  8.45	 235.00	  6.22	  7.57	  1.54	 0.335	 0.35775570	 0.358	  0.501	      0.279	      0.251	 330.00	  0.00	 9999.00	 9999.00	
m60714c2r4.htb	   0.0	  0.03	 2.000	 -5.00	 -8.00	 40.00	   0.0	 123.00	  3.60	 168.00	  2.04	  2.95	  0.75	 0.459	 0.05349370	 0.386	  0.414	      0.318	      0.171	 330.00	  0.00	 9999.00	 9999.00	
m60714c2r4.htb	   0.0	  0.03	 2.000	 -5.00	 -8.00	 40.00	   1.0	 133.00	  4.94	 101.00	  2.27	  2.98	  0.75	 0.432	 0.21524571	 0.415	  0.394	      0.207	      0.155	 330.00	  0.00	 9999.00	 9999.00	
m60714c3r4.htb	   0.0	  0.03	 2.000	 -8.00	  0.00	 40.00	   0.0	 255.00	 29.92	 218.00	 24.44	 26.74	  8.13	 0.208	 0.75188868	 0.380	  0.515	      0.180	      0.266	 330.00	  0.00	 9999.00	 9999.00	
m60714c3r4.htb	   0.0	  0.03	 2.000	 -8.00	  0.00	 40.00	   1.0	 255.00	 32.76	 216.00	 24.58	 27.70	  8.13	 0.234	 0.20888727	 0.462	  0.412	      0.235	      0.170	 330.00	  0.00	 9999.00	 9999.00	
m60714c4r4.htb	   0.0	  0.03	 2.000	 -5.00	  8.00	 40.00	   0.0	 117.00	 12.36	 27.00	  8.71	 10.67	  4.53	 0.306	 0.00088789	 0.451	  0.353	      0.397	      0.125	 330.00	  0.00	 117.00	 43.00	
m60714c4r4.htb	   0.0	  0.03	 2.000	 -5.00	  8.00	 40.00	   1.0	 288.00	 12.05	  0.00	  8.27	 10.53	  4.53	 0.426	 0.00024072	 0.532	  0.385	      0.533	      0.148	 330.00	  0.00	 288.00	 32.00	
m60717c1r4.htb	   0.0	  0.03	 2.000	 -8.00	 -8.00	 40.00	   0.0	 193.00	 22.23	 158.00	  7.43	  9.02	  1.49	 0.437	 0.09635100	 0.439	  0.614	      0.620	      0.377	 330.00	  0.00	 9999.00	 9999.00	
m60717c1r4.htb	   0.0	  0.03	 2.000	 -8.00	 -8.00	 40.00	   1.0	 255.00	 13.71	 308.00	  8.36	  9.80	  1.49	 0.333	 0.11162104	 0.388	  0.524	      0.436	      0.274	 330.00	  0.00	 9999.00	 9999.00	
m60719c4r4.htb	   0.0	  0.03	 2.000	 -5.00	 10.00	 40.00	   0.0	 34.00	  9.43	 302.00	  4.43	  6.36	  3.33	 0.550	 0.00000082	 0.534	  0.466	      1.176	      0.217	 330.00	  0.00	 34.00	 33.00	
m60719c4r4.htb	   0.0	  0.03	 2.000	 -5.00	 10.00	 40.00	   1.0	 38.00	 11.22	 141.00	  5.45	  7.55	  3.33	 0.542	 0.00000000	 0.587	  0.395	      1.262	      0.156	 330.00	  0.00	 38.00	 38.00	
m60719c4r4.htb	   0.0	  0.03	 2.000	 -5.00	 10.00	 40.00	   0.0	 34.00	  9.43	 302.00	  4.43	  6.36	  3.33	 0.550	 0.00000082	 0.534	  0.466	      1.176	      0.217	 330.00	  0.00	 34.00	 33.00	
m60719c4r4.htb	   0.0	  0.03	 2.000	 -5.00	 10.00	 40.00	   1.0	 38.00	 11.22	 141.00	  5.45	  7.55	  3.33	 0.542	 0.00000000	 0.587	  0.395	      1.262	      0.156	 330.00	  0.00	 38.00	 38.00	
m60721c1r4.htb	   0.0	  0.03	 2.000	  0.00	 -5.00	 40.00	   0.0	 195.00	 18.21	 312.00	 14.98	 16.87	  5.42	 0.262	 0.56421738	 0.342	  0.605	      0.322	      0.366	 330.00	  0.00	 9999.00	 9999.00	
m60721c1r4.htb	   0.0	  0.03	 2.000	  0.00	 -5.00	 40.00	   1.0	 24.00	 21.34	 297.00	 14.52	 18.47	  5.42	 0.351	 0.01453436	 0.430	  0.626	      0.898	      0.391	 330.00	  0.00	 9999.00	 9999.00	
m60721c1r4.htb	   0.0	  0.03	 2.000	  0.00	 -5.00	 40.00	   0.0	 26.00	 18.12	 330.00	 15.03	 16.87	  5.42	 0.262	 0.56421738	 0.342	  0.605	      0.322	      0.366	 330.00	  0.00	 9999.00	 9999.00	
m60721c1r4.htb	   0.0	  0.03	 2.000	  0.00	 -5.00	 40.00	   1.0	 23.00	 21.28	 297.00	 14.47	 18.47	  5.42	 0.351	 0.01453436	 0.430	  0.626	      0.898	      0.391	 330.00	  0.00	 9999.00	 9999.00	
m60721c2r4.htb	   0.0	  0.03	 2.000	  8.00	 -5.00	 40.00	   0.0	  3.00	 29.14	 297.00	 20.62	 23.83	  6.07	 0.288	 0.00000000	 0.600	  0.283	      0.749	      0.080	 330.00	  0.00	  3.00	 26.00	
m60721c2r4.htb	   0.0	  0.03	 2.000	  8.00	 -5.00	 40.00	   1.0	 165.00	 28.16	 283.00	 20.90	 23.96	  6.07	 0.269	 0.00000000	 0.555	  0.310	      0.710	      0.096	 330.00	  0.00	 165.00	 44.00	
m60721c3r4.htb	   0.0	  0.03	 2.000	 -5.00	  0.00	 40.00	   0.0	 183.00	 20.65	 270.00	 14.58	 17.71	  1.59	 0.298	 0.01340467	 0.441	  0.482	      0.540	      0.233	 330.00	  0.00	 9999.00	 9999.00	
m60721c3r4.htb	   0.0	  0.03	 2.000	 -5.00	  0.00	 40.00	   1.0	  0.00	 20.64	 276.00	 15.86	 18.15	  1.59	 0.337	 0.00022189	 0.497	  0.444	      0.715	      0.197	 330.00	  0.00	  0.00	 25.00	
m60724c1r4.htb	   0.0	  0.03	 2.000	  0.00	  0.00	 40.00	   0.0	 198.00	  9.36	 291.00	  6.73	  8.28	  2.94	 0.320	 0.05979948	 0.414	  0.393	      0.281	      0.155	 330.00	  0.00	 9999.00	 9999.00	
m60724c1r4.htb	   0.0	  0.03	 2.000	  0.00	  0.00	 40.00	   1.0	 186.00	 10.39	 282.00	  6.61	  8.64	  2.94	 0.370	 0.00380433	 0.464	  0.417	      0.474	      0.174	 330.00	  0.00	 186.00	 48.00	
m60724c2r4.htb	   0.0	  0.03	 2.000	 -5.00	  5.00	 40.00	   0.0	 154.00	 10.10	 239.00	  5.49	  7.14	  0.65	 0.474	 0.00000012	 0.528	  0.404	      0.988	      0.163	 330.00	  0.00	 154.00	 37.00	
m60724c2r4.htb	   0.0	  0.03	 2.000	 -5.00	  5.00	 40.00	   1.0	 168.00	 11.16	 262.00	  5.87	  8.17	  0.65	 0.513	 0.00000040	 0.564	  0.412	      0.961	      0.170	 330.00	  0.00	 168.00	 34.00	
m60724c3r4.htb	 150.0	  0.03	 2.000	  0.00	  0.00	 40.00	   0.0	 184.00	 13.84	 116.00	 11.21	 11.82	  2.05	 0.242	 0.37115546	 0.391	  0.371	      0.151	      0.137	 330.00	  0.00	 9999.00	 9999.00	
m60724c3r4.htb	 150.0	  0.03	 2.000	  0.00	  0.00	 40.00	   1.0	 191.00	 13.19	 123.00	 11.13	 12.05	  2.05	 0.167	 0.73671006	 0.295	  0.390	      0.106	      0.152	 330.00	  0.00	 9999.00	 9999.00	
m60724c4r4.htb	 150.0	  0.03	 2.000	  0.00	 -3.00	 40.00	   0.0	 195.00	 11.31	 92.00	  8.23	  9.90	  2.36	 0.555	 0.00000608	 0.605	  0.395	      0.788	      0.156	 330.00	  0.00	 195.00	 53.00	
m60724c4r4.htb	 150.0	  0.03	 2.000	  0.00	 -3.00	 40.00	   1.0	 19.00	 18.41	 52.00	  7.49	  9.64	  2.36	 0.490	 0.00011571	 0.529	  0.477	      0.918	      0.228	 330.00	  0.00	 19.00	 11.00	
m60724c6r4.htb	 150.0	  0.03	 2.000	 -5.00	 -10.00	 40.00	   0.0	 50.00	 18.36	 120.00	 13.51	 15.25	 10.32	 0.349	 0.16429005	 0.545	  0.351	      0.190	      0.123	 330.00	  0.00	 9999.00	 9999.00	
m60724c6r4.htb	 150.0	  0.03	 2.000	 -5.00	 -10.00	 40.00	   1.0	 232.00	 16.92	 121.00	 12.38	 14.80	 10.32	 0.347	 0.12150446	 0.528	  0.367	      0.229	      0.135	 330.00	  0.00	 9999.00	 9999.00	
m60725c1r4.htb	   0.0	  0.03	 2.000	 -10.00	 -8.00	 40.00	   0.0	 15.00	  9.07	 220.00	  5.43	  7.18	  2.29	 0.456	 0.00240526	 0.445	  0.541	      0.842	      0.293	 330.00	  0.00	 15.00	 65.00	
m60725c1r4.htb	   0.0	  0.03	 2.000	 -10.00	 -8.00	 40.00	   1.0	  0.00	 10.35	 87.00	  7.64	  8.17	  2.29	 0.366	 0.26471693	 0.397	  0.498	      0.310	      0.248	 330.00	  0.00	 9999.00	 9999.00	
m60725c2r4.htb	   0.0	  0.03	 2.000	  8.00	  0.00	 40.00	   0.0	 194.00	 27.91	 279.00	 22.47	 25.07	 13.48	 0.266	 0.00289902	 0.490	  0.400	      0.449	      0.160	 330.00	  0.00	 194.00	 42.00	
m60725c2r4.htb	   0.0	  0.03	 2.000	  8.00	  0.00	 40.00	   1.0	 22.00	 28.36	 283.00	 22.80	 25.59	 13.48	 0.204	 0.03068201	 0.404	  0.434	      0.385	      0.188	 330.00	  0.00	 9999.00	 9999.00	
m60726c1r4.htb	   0.0	  0.03	 2.000	  5.00	 -10.00	 40.00	   0.0	 165.00	 17.90	 271.00	 12.51	 15.44	  0.90	 0.348	 0.01233165	 0.444	  0.493	      0.570	      0.243	 330.00	  0.00	 9999.00	 9999.00	
m60726c1r4.htb	   0.0	  0.03	 2.000	  5.00	 -10.00	 40.00	   1.0	 165.00	 18.89	 72.00	 13.67	 16.07	  0.90	 0.319	 0.02413699	 0.420	  0.552	      0.648	      0.305	 330.00	  0.00	 9999.00	 9999.00	
m60726c2r4.htb	   0.0	  0.03	 2.000	  5.00	 -5.00	 40.00	   0.0	 142.00	 25.27	 265.00	 19.99	 22.32	  3.18	 0.221	 0.05194920	 0.403	  0.441	      0.363	      0.195	 330.00	  0.00	 9999.00	 9999.00	
m60726c2r4.htb	   0.0	  0.03	 2.000	  5.00	 -5.00	 40.00	   1.0	 135.00	 49.86	 109.00	 20.03	 21.93	  3.18	 0.279	 0.31669131	 0.417	  0.531	      0.330	      0.282	 330.00	  0.00	 9999.00	 9999.00	
m60726c3r4.htb	   0.0	  0.03	 2.000	  0.00	 -5.00	 40.00	   0.0	 158.00	 14.83	 268.00	 10.52	 13.13	  1.24	 0.404	 0.08949811	 0.436	  0.615	      0.632	      0.378	 330.00	  0.00	 9999.00	 9999.00	
m60726c3r4.htb	   0.0	  0.03	 2.000	  0.00	 -5.00	 40.00	   1.0	  9.00	 16.42	 98.00	  9.85	 13.21	  1.24	 0.378	 0.00171871	 0.429	  0.589	      1.034	      0.347	 330.00	  0.00	  9.00	 43.00	
m60726c4r4.htb	   0.0	  0.03	 2.000	  3.00	 -5.00	 40.00	   0.0	 44.00	 13.81	 112.00	  9.07	 11.41	  6.12	 0.335	 0.00004580	 0.500	  0.336	      0.466	      0.113	 330.00	  0.00	 44.00	 31.00	
m60726c4r4.htb	   0.0	  0.03	 2.000	  3.00	 -5.00	 40.00	   1.0	 44.00	 12.70	 127.00	  9.62	 11.33	  6.12	 0.275	 0.00655713	 0.426	  0.378	      0.365	      0.143	 330.00	  0.00	 44.00	 41.00	
m60726c5r4.htb	   0.0	  0.03	 2.000	 -5.00	  0.00	 40.00	   0.0	 32.00	  7.42	 87.00	  6.18	  6.47	  0.65	 0.243	 0.79281286	 0.289	  0.448	      0.128	      0.200	 330.00	  0.00	 9999.00	 9999.00	
m60726c5r4.htb	   0.0	  0.03	 2.000	 -5.00	  0.00	 40.00	   1.0	 33.00	  8.55	 126.00	  5.21	  6.58	  0.65	 0.450	 0.00372803	 0.492	  0.419	      0.479	      0.175	 330.00	  0.00	 33.00	 38.00	
m60726c6r4.htb	   0.0	  0.03	 2.000	  0.00	  0.00	 40.00	   0.0	  0.00	  5.57	 261.00	  3.72	  4.59	  0.17	 0.410	 0.04642944	 0.431	  0.359	      0.248	      0.129	 330.00	  0.00	 9999.00	 9999.00	
m60726c6r4.htb	   0.0	  0.03	 2.000	  0.00	  0.00	 40.00	   1.0	 185.00	  5.37	 72.00	  4.08	  4.83	  0.17	 0.314	 0.44238105	 0.346	  0.393	      0.156	      0.154	 330.00	  0.00	 9999.00	 9999.00	
m60727c1r4.htb	   0.0	  0.03	 2.000	  0.00	 -5.00	 40.00	   0.0	  0.00	 26.40	 78.00	 17.42	 22.23	  6.02	 0.368	 0.00016715	 0.479	  0.586	      1.276	      0.344	 330.00	  0.00	  0.00	 35.00	
m60727c1r4.htb	   0.0	  0.03	 2.000	  0.00	 -5.00	 40.00	   1.0	  0.00	 27.82	 90.00	 18.65	 23.47	  6.02	 0.321	 0.00120919	 0.448	  0.580	      1.039	      0.336	 330.00	  0.00	  0.00	 43.00	
m60727c2r4.htb	   0.0	  0.03	 2.000	  0.00	  0.00	 40.00	   0.0	 76.00	  2.02	  0.00	  1.07	  1.55	  0.30	 0.545	 0.03811903	 0.404	  0.413	      0.336	      0.170	 330.00	  0.00	 9999.00	 9999.00	
m60727c2r4.htb	   0.0	  0.03	 2.000	  0.00	  0.00	 40.00	   1.0	 195.00	  1.92	 15.00	  1.24	  1.70	  0.30	 0.413	 0.55415564	 0.335	  0.420	      0.157	      0.177	 330.00	  0.00	 9999.00	 9999.00	
m60801c2r4.htb	   0.0	  0.03	 2.000	  0.00	  0.00	 40.00	   0.0	 40.00	 20.86	  0.00	 12.71	 14.45	  8.39	 0.324	 0.27925768	 0.457	  0.447	      0.247	      0.199	 330.00	  0.00	 9999.00	 9999.00	
m60801c2r4.htb	   0.0	  0.03	 2.000	  0.00	  0.00	 40.00	   1.0	 227.00	 20.80	 300.00	 14.43	 15.95	  8.39	 0.213	 0.55499974	 0.351	  0.447	      0.178	      0.200	 330.00	  0.00	 9999.00	 9999.00	
m60801c3r4.htb	   0.0	  0.03	 2.000	  0.00	 -10.00	 40.00	   0.0	 77.00	 41.13	 45.00	 23.73	 25.23	  9.80	 0.325	 0.04262685	 0.412	  0.723	      1.010	      0.522	 330.00	  0.00	 9999.00	 9999.00	
m60801c3r4.htb	   0.0	  0.03	 2.000	  0.00	 -10.00	 40.00	   1.0	 212.00	 32.06	 128.00	 23.26	 27.52	  9.80	 0.281	 0.08592022	 0.383	  0.726	      0.889	      0.527	 330.00	  0.00	 9999.00	 9999.00	
m60803c1r4.htb	   0.0	  0.03	 2.000	  8.00	 -5.00	 40.00	   0.0	 139.00	 16.35	 315.00	 10.12	 13.61	  3.08	 0.446	 0.00002497	 0.515	  0.509	      1.119	      0.259	 330.00	  0.00	 139.00	 85.00	
m60803c1r4.htb	   0.0	  0.03	 2.000	  8.00	 -5.00	 40.00	   1.0	 179.00	 14.64	 25.00	  9.27	 11.58	  3.08	 0.474	 0.00000617	 0.531	  0.518	      1.276	      0.268	 330.00	  0.00	 179.00	 56.00	
m60803c3r4.htb	   0.0	  0.03	 2.000	  0.00	  0.00	 40.00	   0.0	 75.00	 19.25	 36.00	 11.69	 12.96	  4.63	 0.190	 0.03995823	 0.390	  0.298	      0.174	      0.089	 330.00	  0.00	 9999.00	 9999.00	
m60803c3r4.htb	   0.0	  0.03	 2.000	  0.00	  0.00	 40.00	   1.0	 83.00	 15.51	 21.00	 12.07	 13.18	  4.63	 0.257	 0.00800472	 0.493	  0.276	      0.189	      0.076	 330.00	  0.00	 83.00	 26.00	
m60803c4r4.htb	   0.0	  0.03	 2.000	  0.00	  0.00	 40.00	   0.0	 165.00	 22.49	 314.00	 13.01	 17.70	  2.92	 0.524	 0.00000000	 0.652	  0.415	      1.907	      0.172	 330.00	  0.00	 165.00	 63.00	
m60803c4r4.htb	   0.0	  0.03	 2.000	  0.00	  0.00	 40.00	   1.0	 165.00	 24.14	 275.00	 12.99	 16.80	  2.92	 0.519	 0.00000000	 0.662	  0.390	      1.836	      0.152	 330.00	  0.00	 165.00	 47.00	
m60808c1r4.htb	   0.0	  0.03	 2.000	  5.00	 -10.00	 40.00	   0.0	 165.00	  4.90	 205.00	  2.24	  3.07	  0.10	 0.511	 0.01615406	 0.428	  0.424	      0.406	      0.180	 330.00	  0.00	 9999.00	 9999.00	
m60808c1r4.htb	   0.0	  0.03	 2.000	  5.00	 -10.00	 40.00	   1.0	 169.00	  6.86	 207.00	  2.52	  3.18	  0.10	 0.571	 0.00059702	 0.492	  0.386	      0.493	      0.149	 330.00	  0.00	 169.00	 13.00	
m60808c2r4.htb	   0.0	  0.03	 2.000	  0.00	  0.00	 40.00	   0.0	 201.00	 21.15	 304.00	 10.84	 16.09	  8.41	 0.520	 0.00000000	 0.640	  0.396	      2.084	      0.157	 330.00	  0.00	 201.00	 46.00	
m60808c2r4.htb	   0.0	  0.03	 2.000	  0.00	  0.00	 40.00	   1.0	 212.00	 23.16	 310.00	 11.03	 16.87	  8.41	 0.503	 0.00000000	 0.625	  0.433	      2.289	      0.188	 330.00	  0.00	 212.00	 46.00	
m60809c1r4.htb	   0.0	  0.03	 2.000	  0.00	 -5.00	 40.00	   0.0	 52.00	 14.20	 325.00	 11.37	 12.90	  2.79	 0.202	 0.25374458	 0.323	  0.430	      0.234	      0.185	 330.00	  0.00	 9999.00	 9999.00	
m60809c1r4.htb	   0.0	  0.03	 2.000	  0.00	 -5.00	 40.00	   1.0	  9.00	 14.93	 43.00	 12.25	 13.05	  2.79	 0.155	 0.92515916	 0.268	  0.425	      0.083	      0.180	 330.00	  0.00	 9999.00	 9999.00	
m60809c2r4.htb	   0.0	  0.03	 2.000	  0.00	 -5.00	 40.00	   0.0	 13.00	  8.55	 326.00	  6.24	  6.50	  1.79	 0.262	 0.20954401	 0.370	  0.346	      0.161	      0.120	 330.00	  0.00	 9999.00	 9999.00	
m60809c2r4.htb	   0.0	  0.03	 2.000	  0.00	 -5.00	 40.00	   1.0	 138.00	  9.20	 172.00	  5.97	  6.66	  1.79	 0.265	 0.30879834	 0.362	  0.333	      0.131	      0.111	 330.00	  0.00	 9999.00	 9999.00	
m60809c3r4.htb	   0.0	  0.03	 2.000	  5.00	  0.00	 40.00	   0.0	  4.00	 13.59	 90.00	 10.66	 12.27	  4.83	 0.294	 0.24926731	 0.439	  0.388	      0.195	      0.151	 330.00	  0.00	 9999.00	 9999.00	
m60809c3r4.htb	   0.0	  0.03	 2.000	  5.00	  0.00	 40.00	   1.0	  0.00	 13.53	 92.00	 10.89	 12.37	  4.83	 0.227	 0.86094019	 0.345	  0.423	      0.098	      0.179	 330.00	  0.00	 9999.00	 9999.00	
m60809c4r4.htb	   0.0	  0.03	 2.000	 10.00	  2.00	 40.00	   0.0	 165.00	 31.92	 202.00	 14.65	 15.52	  2.04	 0.215	 0.13536392	 0.384	  0.389	      0.231	      0.152	 330.00	  0.00	 9999.00	 9999.00	
m60809c4r4.htb	   0.0	  0.03	 2.000	 10.00	  2.00	 40.00	   1.0	 33.00	 18.48	 330.00	 15.23	 16.72	  2.04	 0.205	 0.75751855	 0.329	  0.482	      0.157	      0.232	 330.00	  0.00	 9999.00	 9999.00	
m60809c5r4.htb	   0.0	  0.03	 2.000	  0.00	  0.00	 40.00	   0.0	 223.00	 33.92	 24.00	 31.50	 32.82	 14.85	 0.155	 0.09085345	 0.502	  0.240	      0.099	      0.057	 330.00	  0.00	 9999.00	 9999.00	
m60809c5r4.htb	   0.0	  0.03	 2.000	  0.00	  0.00	 40.00	   1.0	 186.00	 34.37	 297.00	 32.78	 33.29	 14.85	 0.107	 0.43434545	 0.435	  0.213	      0.047	      0.046	 330.00	  0.00	 9999.00	 9999.00	
m60810c1r4.htb	   0.0	  0.03	 2.000	 10.00	 -5.00	 40.00	   0.0	 100.00	 29.35	 288.00	 27.18	 28.41	  9.14	 0.156	 0.27686959	 0.419	  0.313	      0.121	      0.098	 330.00	  0.00	 9999.00	 9999.00	
m60810c1r4.htb	   0.0	  0.03	 2.000	 10.00	 -5.00	 40.00	   1.0	  0.00	 30.84	 69.00	 27.52	 29.47	  9.14	 0.157	 0.05883412	 0.454	  0.283	      0.149	      0.080	 330.00	  0.00	 9999.00	 9999.00	
m60810c2r4.htb	   0.0	  0.03	 2.000	  0.00	  5.00	 40.00	   0.0	 75.00	 30.69	 255.00	 28.84	 29.88	  7.21	 0.107	 0.72510952	 0.321	  0.339	      0.082	      0.115	 330.00	  0.00	 9999.00	 9999.00	
m60810c2r4.htb	   0.0	  0.03	 2.000	  0.00	  5.00	 40.00	   1.0	 330.00	 33.80	 20.00	 31.46	 32.22	  7.21	 0.090	 0.39481754	 0.332	  0.278	      0.083	      0.077	 330.00	  0.00	 9999.00	 9999.00	
m60810c3r4.htb	   0.0	  0.03	 2.000	  5.00	 -10.00	 40.00	   0.0	 195.00	 30.07	 275.00	 25.37	 27.63	  7.30	 0.158	 0.18199070	 0.432	  0.294	      0.124	      0.087	 330.00	  0.00	 9999.00	 9999.00	
m60810c3r4.htb	   0.0	  0.03	 2.000	  5.00	 -10.00	 40.00	   1.0	 195.00	 29.89	 79.00	 27.97	 28.91	  7.30	 0.131	 0.22443269	 0.423	  0.257	      0.089	      0.066	 330.00	  0.00	 9999.00	 9999.00	
m60810c4r4.htb	   0.0	  0.03	 2.000	  5.00	 -5.00	 40.00	   0.0	 280.00	 18.29	 249.00	 11.51	 12.50	  7.36	 0.270	 0.61748132	 0.330	  0.568	      0.266	      0.323	 330.00	  0.00	 9999.00	 9999.00	
m60810c4r4.htb	   0.0	  0.03	 2.000	  5.00	 -5.00	 40.00	   1.0	 274.00	 15.54	 330.00	 10.99	 13.06	  7.36	 0.310	 0.00413958	 0.440	  0.416	      0.467	      0.173	 330.00	  0.00	 274.00	 26.00	
m60810c5r4.htb	   0.0	  0.03	 2.000	 -5.00	 -10.00	 40.00	   0.0	 76.00	 15.29	 125.00	 12.25	 13.39	 10.50	 0.164	 0.99473670	 0.185	  0.700	      0.114	      0.490	 330.00	  0.00	 9999.00	 9999.00	
m60810c5r4.htb	   0.0	  0.03	 2.000	 -5.00	 -10.00	 40.00	   1.0	 49.00	 14.05	 328.00	 11.73	 13.15	 10.50	 0.228	 0.94150078	 0.250	  0.680	      0.197	      0.462	 330.00	  0.00	 9999.00	 9999.00	
m60811c1r4.htb	   0.0	  0.03	 2.000	  0.00	  0.00	 40.00	   0.0	 146.00	 16.38	 231.00	 12.37	 14.03	  0.80	 0.274	 0.03367257	 0.410	  0.424	      0.362	      0.180	 330.00	  0.00	 9999.00	 9999.00	
m60811c1r4.htb	   0.0	  0.03	 2.000	  0.00	  0.00	 40.00	   1.0	 170.00	 16.49	 24.00	 13.25	 15.23	  0.80	 0.262	 0.00485098	 0.442	  0.371	      0.365	      0.138	 330.00	  0.00	 170.00	 81.00	
m60811c3r4.htb	   0.0	  0.03	 2.000	  0.00	  5.00	 40.00	   0.0	 303.00	 10.10	  0.00	  6.47	  8.24	  1.85	 0.377	 0.11041794	 0.445	  0.411	      0.275	      0.169	 330.00	  0.00	 9999.00	 9999.00	
m60811c3r4.htb	   0.0	  0.03	 2.000	  0.00	  5.00	 40.00	   1.0	 308.00	 11.24	  0.00	  8.09	  9.21	  1.85	 0.261	 0.48745952	 0.347	  0.425	      0.174	      0.180	 330.00	  0.00	 9999.00	 9999.00	
m60811c4r4.htb	   0.0	  0.03	 2.000	  0.00	  0.00	 40.00	   0.0	 167.00	 26.47	 204.00	 17.94	 20.20	  2.84	 0.268	 0.01815244	 0.533	  0.309	      0.224	      0.096	 330.00	  0.00	 9999.00	 9999.00	
m60811c4r4.htb	   0.0	  0.03	 2.000	  0.00	  0.00	 40.00	   1.0	  0.00	 26.65	 256.00	 20.28	 22.49	  2.84	 0.260	 0.00000813	 0.604	  0.240	      0.304	      0.057	 330.00	  0.00	  0.00	 35.00	
m60811c5r4.htb	   0.0	  0.03	 2.000	 10.00	  5.00	 40.00	   0.0	 175.00	  2.19	 55.00	  1.78	  2.11	  0.33	 0.506	 0.07614609	 0.432	  0.340	      0.201	      0.115	 330.00	  0.00	 9999.00	 9999.00	
m60811c5r4.htb	   0.0	  0.03	 2.000	 10.00	  5.00	 40.00	   1.0	 102.00	  6.24	 66.00	  1.73	  2.58	  0.33	 0.600	 0.02640959	 0.455	  0.466	      0.461	      0.218	 330.00	  0.00	 9999.00	 9999.00	
m60815c1r4.htb	   0.0	  0.03	 2.000	  8.00	 -10.00	 40.00	   0.0	 135.00	  8.49	 50.00	  5.09	  6.86	  1.09	 0.475	 0.04858811	 0.435	  0.614	      0.711	      0.377	 330.00	  0.00	 9999.00	 9999.00	
m60815c1r4.htb	   0.0	  0.03	 2.000	  8.00	 -10.00	 40.00	   1.0	 142.00	 10.05	 72.00	  5.54	  7.31	  1.09	 0.466	 0.02090605	 0.429	  0.558	      0.678	      0.312	 330.00	  0.00	 9999.00	 9999.00	
m60815c2r4.htb	   0.0	  0.03	 2.000	 10.00	 -10.00	 40.00	   0.0	 10.00	 24.07	 295.00	 19.78	 21.85	 13.13	 0.179	 0.48648786	 0.338	  0.459	      0.202	      0.211	 330.00	  0.00	 9999.00	 9999.00	
m60815c2r4.htb	   0.0	  0.03	 2.000	 10.00	 -10.00	 40.00	   1.0	  0.00	 26.28	 265.00	 20.64	 23.23	 13.13	 0.222	 0.03159716	 0.423	  0.416	      0.352	      0.173	 330.00	  0.00	 9999.00	 9999.00	
m60815c4r4.htb	   0.0	  0.03	 2.000	 -5.00	  5.00	 40.00	   0.0	 173.00	 19.65	  0.00	 13.11	 14.58	  5.72	 0.437	 0.63292609	 0.379	  0.905	      0.661	      0.819	 330.00	  0.00	 9999.00	 9999.00	
m60815c4r4.htb	   0.0	  0.03	 2.000	 -5.00	  5.00	 40.00	   1.0	 184.00	 20.53	 287.00	 14.11	 17.54	  5.72	 0.391	 0.19472422	 0.373	  0.891	      1.093	      0.795	 330.00	  0.00	 9999.00	 9999.00	
m60821c1r4.htb	   0.0	  0.03	 2.000	  0.00	 -10.00	 40.00	   0.0	 284.00	 20.64	 315.00	 11.77	 12.74	  2.14	 0.213	 0.31392450	 0.330	  0.445	      0.233	      0.198	 330.00	  0.00	 9999.00	 9999.00	
m60821c1r4.htb	   0.0	  0.03	 2.000	  0.00	 -10.00	 40.00	   1.0	 124.00	 16.62	 174.00	 12.68	 13.93	  2.14	 0.266	 0.40107062	 0.373	  0.477	      0.241	      0.228	 330.00	  0.00	 9999.00	 9999.00	
m60821c2r4.htb	   0.0	  0.03	 2.000	 -5.00	 -10.00	 40.00	   0.0	 254.00	  7.07	 330.00	  4.15	  5.66	  0.85	 0.420	 0.00001468	 0.499	  0.326	      0.476	      0.106	 330.00	  0.00	 254.00	 37.00	
m60821c2r4.htb	   0.0	  0.03	 2.000	 -5.00	 -10.00	 40.00	   1.0	 81.00	  7.64	  0.00	  4.66	  6.05	  0.85	 0.471	 0.00000014	 0.554	  0.322	      0.622	      0.104	 330.00	  0.00	 81.00	 46.00	
m60821c3r4.htb	   0.0	  0.03	 2.000	 -10.00	  0.00	 40.00	   0.0	 105.00	 14.52	 199.00	  9.25	 11.82	  1.00	 0.448	 0.00528627	 0.463	  0.590	      0.911	      0.348	 330.00	  0.00	 105.00	 46.00	
m60821c3r4.htb	   0.0	  0.03	 2.000	 -10.00	  0.00	 40.00	   1.0	 279.00	 16.95	 206.00	 10.37	 12.69	  1.00	 0.377	 0.00448045	 0.438	  0.562	      0.845	      0.316	 330.00	  0.00	 279.00	 25.00	
m60822c3r4.htb	   0.0	  0.03	 2.000	 -8.00	 -10.00	 40.00	   0.0	 266.00	  3.37	 239.00	  2.19	  2.59	  0.45	 0.439	 0.09049736	 0.398	  0.378	      0.239	      0.143	 330.00	  0.00	 9999.00	 9999.00	
m60822c3r4.htb	   0.0	  0.03	 2.000	 -8.00	 -10.00	 40.00	   1.0	 206.00	  3.26	 122.00	  1.97	  2.65	  0.45	 0.594	 0.00784166	 0.497	  0.370	      0.342	      0.137	 330.00	  0.00	 206.00	 40.00	
m60822c4r4.htb	   0.0	  0.03	 2.000	 -8.00	  0.00	 40.00	   0.0	 221.00	 16.10	 311.00	  8.85	 11.79	  0.95	 0.444	 0.00000000	 0.616	  0.317	      1.221	      0.101	 330.00	  0.00	 221.00	 38.00	
m60822c4r4.htb	   0.0	  0.03	 2.000	 -8.00	  0.00	 40.00	   1.0	 225.00	 17.19	 147.00	 10.39	 13.30	  0.95	 0.437	 0.00000001	 0.574	  0.384	      1.023	      0.148	 330.00	  0.00	 225.00	 36.00	
m60823c1r4.htb	   0.0	  0.03	 2.000	 10.00	  5.00	 40.00	   0.0	  2.00	 25.99	 256.00	 21.72	 24.10	  6.67	 0.226	 0.33410199	 0.400	  0.585	      0.392	      0.342	 330.00	  0.00	 9999.00	 9999.00	
m60823c1r4.htb	   0.0	  0.03	 2.000	 10.00	  5.00	 40.00	   1.0	 33.00	 29.85	 299.00	 23.88	 27.10	  6.67	 0.218	 0.07521333	 0.420	  0.446	      0.347	      0.199	 330.00	  0.00	 9999.00	 9999.00	
m60823c2r4.htb	   0.0	  0.03	 2.000	  0.00	  0.00	 40.00	   0.0	 256.00	 16.41	 298.00	  9.66	 11.26	  6.72	 0.338	 0.00795285	 0.470	  0.415	      0.428	      0.172	 330.00	  0.00	 256.00	 12.00	
m60823c2r4.htb	   0.0	  0.03	 2.000	  0.00	  0.00	 40.00	   1.0	 88.00	 14.70	 317.00	  9.52	 11.94	  6.72	 0.441	 0.00011302	 0.517	  0.475	      0.866	      0.226	 330.00	  0.00	 88.00	 56.00	
m60823c3r4.htb	  70.0	  0.03	 2.000	 -5.00	  0.00	 40.00	   0.0	 227.00	 16.93	 325.00	 11.09	 14.76	  5.47	 0.429	 0.12030133	 0.399	  0.820	      1.051	      0.673	 330.00	  0.00	 9999.00	 9999.00	
m60823c3r4.htb	  70.0	  0.03	 2.000	 -5.00	  0.00	 40.00	   1.0	 255.00	 32.84	 289.00	 11.51	 15.78	  5.47	 0.423	 0.12575116	 0.412	  0.870	      1.170	      0.757	 330.00	  0.00	 9999.00	 9999.00	
m60824c1r4.htb	   0.0	  0.03	 2.000	 -5.00	  5.00	 40.00	   0.0	 45.00	 21.82	 149.00	 16.90	 19.18	  2.29	 0.263	 0.00001487	 0.497	  0.341	      0.520	      0.116	 330.00	  0.00	 45.00	 54.00	
m60824c1r4.htb	   0.0	  0.03	 2.000	 -5.00	  5.00	 40.00	   1.0	 191.00	 22.24	 285.00	 17.08	 19.81	  2.29	 0.305	 0.00440760	 0.469	  0.440	      0.520	      0.194	 330.00	  0.00	 191.00	 47.00	
m60824c2r4.htb	   0.0	  0.03	 2.000	 -5.00	 -5.00	 40.00	   0.0	 168.00	 23.75	 255.00	 17.49	 20.50	 10.90	 0.293	 0.00000312	 0.517	  0.368	      0.676	      0.136	 330.00	  0.00	 168.00	 36.00	
m60824c2r4.htb	   0.0	  0.03	 2.000	 -5.00	 -5.00	 40.00	   1.0	 174.00	 24.70	 262.00	 17.37	 21.14	 10.90	 0.309	 0.00000000	 0.563	  0.327	      0.773	      0.107	 330.00	  0.00	 174.00	 43.00	
m60824c3r4.htb	   0.0	  0.03	 2.000	 -5.00	  0.00	 40.00	   0.0	 69.00	 10.29	 319.00	  7.60	  8.86	  3.98	 0.403	 0.00202049	 0.504	  0.378	      0.418	      0.143	 330.00	  0.00	 69.00	 52.00	
m60824c3r4.htb	   0.0	  0.03	 2.000	 -5.00	  0.00	 40.00	   1.0	 105.00	 10.13	 306.00	  7.68	  8.95	  3.98	 0.295	 0.03184030	 0.425	  0.347	      0.245	      0.121	 330.00	  0.00	 9999.00	 9999.00	
