FILE			 PrfOR	 PrfSF	 PrfTF	 RFXctr	 RFYctr	 RFDiam	 GrType	 MaxLoc	 MaxRsp	 MinLoc	 MinRsp	 AvgRsp	 Spont	 ModIx	 AnovaP	 DDI  	 VarTerm	 MSgrp	 MSerror	 MaxX 	 MinX 	 MaxLoc	 HWHM	
m60112c1r2.htb	  30.0	  0.05	 2.000	  0.00	  0.00	 30.00	   0.0	 165.00	 23.49	 26.00	 20.76	 22.66	  5.47	 0.260	 0.98342385	 0.381	  0.544	      0.081	      0.296	 330.00	  0.00	 9999.00	 9999.00	
m60112c1r2.htb	  30.0	  0.05	 2.000	  0.00	  0.00	 30.00	   1.0	 105.00	 48.56	 134.00	 20.02	 21.17	  5.47	 0.201	 0.86082053	 0.414	  0.382	      0.077	      0.146	 330.00	  0.00	 9999.00	 9999.00	
m60112c2r3.htb	  30.0	  0.05	 2.000	  8.00	  5.00	 30.00	   0.0	 84.00	 28.64	 61.00	 21.06	 22.09	  8.73	 0.276	 0.02279799	 0.480	  0.414	      0.371	      0.171	 330.00	  0.00	 9999.00	 9999.00	
m60112c2r3.htb	  30.0	  0.05	 2.000	  8.00	  5.00	 30.00	   1.0	 83.00	 25.91	  0.00	 20.90	 22.07	  8.73	 0.261	 0.02052960	 0.433	  0.498	      0.546	      0.248	 330.00	  0.00	 9999.00	 9999.00	
m60117c1r3.htb	  30.0	  0.03	 2.000	  0.00	  0.00	 30.00	   0.0	 100.00	 16.04	 34.00	  9.45	 11.69	  5.12	 0.387	 0.02385446	 0.414	  0.597	      0.758	      0.356	 330.00	  0.00	 9999.00	 9999.00	
m60117c1r3.htb	  30.0	  0.03	 2.000	  0.00	  0.00	 30.00	   1.0	 324.00	 14.34	 142.00	 11.54	 13.25	  5.12	 0.316	 0.54229474	 0.371	  0.604	      0.328	      0.364	 330.00	  0.00	 9999.00	 9999.00	
m60119c1r6.htb	  30.0	  0.03	 6.000	  0.00	  0.00	 60.00	   0.0	 15.00	 22.26	 330.00	  7.52	  9.49	  5.22	 0.468	 0.08822158	 0.491	  0.502	      0.443	      0.252	 330.00	  0.00	 9999.00	 9999.00	
m60119c1r6.htb	  30.0	  0.03	 6.000	  0.00	  0.00	 60.00	   1.0	 316.00	 22.83	 283.00	  8.24	  9.52	  5.22	 0.366	 0.10175843	 0.470	  0.408	      0.281	      0.167	 330.00	  0.00	 9999.00	 9999.00	
m60119c2r7.htb	  30.0	  0.03	 6.000	  0.00	 10.00	 40.00	   0.0	 233.00	 22.24	 302.00	 14.20	 17.22	  5.26	 0.390	 0.13019232	 0.471	  0.611	      0.586	      0.374	 330.00	  0.00	 9999.00	 9999.00	
m60119c2r7.htb	  30.0	  0.03	 6.000	  0.00	 10.00	 40.00	   1.0	 45.00	 35.87	  6.00	 15.82	 19.08	  5.26	 0.355	 0.06703827	 0.437	  0.660	      0.800	      0.436	 330.00	  0.00	 9999.00	 9999.00	
m60124c1r2.htb	  30.0	  0.03	 2.000	  0.00	 10.00	 50.00	   0.0	  0.00	 13.02	 299.00	  7.04	  9.02	  2.70	 0.456	 0.05468109	 0.487	  0.549	      0.578	      0.301	 330.00	  0.00	 9999.00	 9999.00	
m60124c1r2.htb	  30.0	  0.03	 2.000	  0.00	 10.00	 50.00	   1.0	 17.00	 12.17	 306.00	  7.39	  8.83	  2.70	 0.400	 0.03363476	 0.453	  0.457	      0.440	      0.209	 330.00	  0.00	 9999.00	 9999.00	
m60124c2r4.htb	   0.0	  0.03	 4.000	  0.00	 10.00	 70.00	   0.0	 255.00	  6.51	 228.00	  2.02	  2.72	  2.57	 0.500	 0.39582623	 0.407	  0.457	      0.226	      0.209	 330.00	  0.00	 9999.00	 9999.00	
m60124c2r4.htb	   0.0	  0.03	 4.000	  0.00	 10.00	 70.00	   1.0	 32.00	  4.71	 230.00	  1.86	  3.07	  2.57	 0.635	 0.05925254	 0.484	  0.472	      0.429	      0.222	 330.00	  0.00	 9999.00	 9999.00	
m60124c3r5.htb	 100.0	  0.03	 4.000	  0.00	 10.00	 70.00	   0.0	  0.00	 17.97	 264.00	  8.87	 13.18	  6.67	 0.530	 0.00000002	 0.673	  0.328	      1.054	      0.108	 330.00	  0.00	  0.00	 40.00	
m60124c3r5.htb	 100.0	  0.03	 4.000	  0.00	 10.00	 70.00	   1.0	  2.00	 21.76	 81.00	  8.07	 12.71	  6.67	 0.684	 0.00000000	 0.737	  0.367	      1.540	      0.135	 330.00	  0.00	  2.00	 32.00	
m60124c4r3.htb	   0.0	  0.03	 4.000	 10.00	 -5.00	 70.00	   0.0	 12.00	  9.65	 314.00	  2.31	  4.86	  1.00	 0.676	 0.65779013	 0.423	  1.105	      0.952	      1.221	 330.00	  0.00	 9999.00	 9999.00	
m60124c4r3.htb	   0.0	  0.03	 4.000	 10.00	 -5.00	 70.00	   1.0	  8.00	 11.05	 238.00	  2.86	  6.09	  1.00	 0.754	 0.79820151	 0.416	  1.287	      1.031	      1.656	 330.00	  0.00	 9999.00	 9999.00	
m60124c5r2.htb	   0.0	  0.03	 4.000	  0.00	  0.00	 70.00	   0.0	 18.00	 16.17	 298.00	 10.30	 12.67	  7.84	 0.418	 0.05827723	 0.474	  0.521	      0.506	      0.271	 330.00	  0.00	 9999.00	 9999.00	
m60124c5r2.htb	   0.0	  0.03	 4.000	  0.00	  0.00	 70.00	   1.0	 187.00	 14.05	 278.00	 10.52	 12.19	  7.84	 0.299	 0.24913780	 0.414	  0.475	      0.290	      0.225	 330.00	  0.00	 9999.00	 9999.00	
m60213c2r3.htb	  30.0	  0.03	 2.000	  0.00	 15.00	 50.00	   0.0	 137.00	  8.88	 169.00	  6.25	  7.69	  0.70	 0.415	 0.89031527	 0.313	  0.811	      0.338	      0.658	 330.00	  0.00	 9999.00	 9999.00	
m60213c2r3.htb	  30.0	  0.03	 2.000	  0.00	 15.00	 50.00	   1.0	 143.00	  9.80	 63.00	  6.13	  8.17	  0.70	 0.505	 0.20433872	 0.388	  0.717	      0.697	      0.514	 330.00	  0.00	 9999.00	 9999.00	
m60213c3r5.htb	 180.0	  0.03	 4.000	  8.00	  0.00	 50.00	   0.0	  0.00	 26.31	 71.00	 16.60	 20.64	  1.69	 0.441	 0.00000002	 0.584	  0.475	      1.509	      0.225	 330.00	  0.00	  0.00	 28.00	
m60213c3r5.htb	 180.0	  0.03	 4.000	  8.00	  0.00	 50.00	   1.0	  0.00	 28.04	 87.00	 19.16	 23.45	  1.69	 0.461	 0.00000000	 0.617	  0.450	      1.530	      0.202	 330.00	  0.00	  0.00	 40.00	
m60213c4r4.htb	  30.0	  0.03	 2.000	  5.00	 12.00	 50.00	   0.0	 43.00	 15.00	 216.00	  9.92	 10.68	  4.23	 0.438	 0.01236667	 0.478	  0.531	      0.662	      0.282	 330.00	  0.00	 9999.00	 9999.00	
m60213c4r4.htb	  30.0	  0.03	 2.000	  5.00	 12.00	 50.00	   1.0	 285.00	 23.41	 312.00	  9.33	 10.46	  4.23	 0.237	 0.86883310	 0.314	  0.485	      0.128	      0.235	 330.00	  0.00	 9999.00	 9999.00	
m60220c1r4.htb	  30.0	  0.03	 2.000	  5.00	  8.00	 60.00	   0.0	 228.00	  5.60	 313.00	  4.04	  4.87	  2.59	 0.327	 0.34295409	 0.355	  0.415	      0.195	      0.172	 330.00	  0.00	 9999.00	 9999.00	
m60220c1r4.htb	  30.0	  0.03	 2.000	  5.00	  8.00	 60.00	   1.0	 16.00	  6.57	 287.00	  4.37	  5.24	  2.59	 0.430	 0.01919025	 0.459	  0.379	      0.317	      0.144	 330.00	  0.00	 9999.00	 9999.00	
m60317c1r4.htb	  30.0	  0.03	 2.000	  0.00	  0.00	 40.00	   0.0	 35.00	  3.59	 89.00	  2.12	  2.79	  1.09	 0.448	 0.60013173	 0.428	  0.364	      0.111	      0.132	 330.00	  0.00	 9999.00	 9999.00	
m60317c1r4.htb	  30.0	  0.03	 2.000	  0.00	  0.00	 40.00	   1.0	 226.00	  4.05	 117.00	  1.86	  3.01	  1.09	 0.656	 0.14352073	 0.503	  0.401	      0.251	      0.161	 330.00	  0.00	 9999.00	 9999.00	
m60317c2r4.htb	  30.0	  0.03	 2.000	 -5.00	  5.00	 50.00	   0.0	 330.00	 23.82	 313.00	 18.64	 20.68	  9.10	 0.325	 0.13321219	 0.360	  0.750	      0.857	      0.562	 330.00	  0.00	 9999.00	 9999.00	
m60317c2r4.htb	  30.0	  0.03	 2.000	 -5.00	  5.00	 50.00	   1.0	  4.00	 25.37	 84.00	 21.69	 23.24	  9.10	 0.152	 0.98048649	 0.235	  0.755	      0.181	      0.570	 330.00	  0.00	 9999.00	 9999.00	
m60404c2r5.htb	   0.0	  0.03	 2.000	  0.00	  0.00	 40.00	   0.0	 184.00	 14.84	 284.00	  9.48	 11.38	  5.37	 0.386	 0.00000006	 0.579	  0.312	      0.610	      0.097	 330.00	  0.00	 184.00	 35.00	
m60404c2r5.htb	   0.0	  0.03	 2.000	  0.00	  0.00	 40.00	   1.0	 195.00	 14.31	 86.00	  9.81	 11.94	  5.37	 0.382	 0.00000003	 0.587	  0.286	      0.537	      0.082	 330.00	  0.00	 195.00	 59.00	
m60407c1r4.htb	   0.0	  0.03	 2.000	  0.00	 -5.00	 40.00	   0.0	 200.00	  9.21	 101.00	  7.12	  8.28	  6.25	 0.329	 0.45102204	 0.398	  0.450	      0.204	      0.203	 330.00	  0.00	 9999.00	 9999.00	
m60407c1r4.htb	   0.0	  0.03	 2.000	  0.00	 -5.00	 40.00	   1.0	 15.00	  9.32	 285.00	  6.19	  7.91	  6.25	 0.448	 0.03481874	 0.492	  0.460	      0.435	      0.211	 330.00	  0.00	 9999.00	 9999.00	
m60407c2r4.htb	   0.0	  0.03	 2.000	  5.00	  0.00	 40.00	   0.0	 298.00	 14.65	 36.00	 11.27	 13.20	 10.20	 0.348	 0.51603854	 0.330	  0.791	      0.581	      0.626	 330.00	  0.00	 9999.00	 9999.00	
m60407c2r4.htb	   0.0	  0.03	 2.000	  5.00	  0.00	 40.00	   1.0	 269.00	 14.33	 23.00	 10.76	 13.28	 10.20	 0.351	 0.74342348	 0.356	  0.818	      0.463	      0.669	 330.00	  0.00	 9999.00	 9999.00	
m60407c3r4.htb	   0.0	  0.03	 2.000	  0.00	 -20.00	 40.00	   0.0	 315.00	 11.96	 202.00	  7.91	  9.76	  5.82	 0.353	 0.01524594	 0.416	  0.486	      0.538	      0.236	 330.00	  0.00	 9999.00	 9999.00	
m60407c3r4.htb	   0.0	  0.03	 2.000	  0.00	 -20.00	 40.00	   1.0	  0.00	 11.95	 145.00	  8.86	 10.30	  5.82	 0.317	 0.02961009	 0.397	  0.457	      0.430	      0.209	 330.00	  0.00	 9999.00	 9999.00	
m60407c4r4.htb	   0.0	  0.03	 2.000	 15.00	 -10.00	 50.00	   0.0	 75.00	 13.40	 218.00	  6.24	 10.01	  2.99	 0.516	 0.00013796	 0.478	  0.635	      1.523	      0.404	 330.00	  0.00	 75.00	 71.00	
m60407c4r4.htb	   0.0	  0.03	 2.000	 15.00	 -10.00	 50.00	   1.0	 49.00	 16.89	 190.00	  7.48	 11.96	  2.99	 0.618	 0.00000011	 0.582	  0.595	      2.150	      0.354	 330.00	  0.00	 49.00	 64.00	
m60407c5r4.htb	   0.0	  0.03	 2.000	 10.00	 -10.00	 40.00	   0.0	  0.00	  8.29	 258.00	  1.83	  4.82	  2.44	 0.805	 0.00000000	 0.636	  0.470	      3.246	      0.220	 330.00	  0.00	  0.00	 39.00	
m60407c5r4.htb	   0.0	  0.03	 2.000	 10.00	 -10.00	 40.00	   1.0	  0.00	  7.71	 91.00	  2.48	  4.80	  2.44	 0.703	 0.00000000	 0.597	  0.428	      1.735	      0.183	 330.00	  0.00	  0.00	 42.00	
m60413c3r4.htb	   0.0	  0.03	 2.000	  5.00	 -20.00	 50.00	   0.0	 15.00	 27.61	 117.00	 20.49	 23.23	 14.68	 0.380	 0.00000000	 0.692	  0.249	      0.895	      0.062	 330.00	  0.00	 15.00	 49.00	
m60413c3r4.htb	   0.0	  0.03	 2.000	  5.00	 -20.00	 50.00	   1.0	 22.00	 27.83	 275.00	 19.66	 23.30	 14.68	 0.347	 0.00000000	 0.630	  0.302	      0.829	      0.091	 330.00	  0.00	 22.00	 53.00	
m60413c4r5.htb	   0.0	  0.03	 2.000	 -10.00	 -10.00	 40.00	   0.0	 49.00	  4.17	 126.00	  2.77	  3.45	  0.25	 0.365	 0.23505812	 0.362	  0.357	      0.166	      0.128	 330.00	  0.00	 9999.00	 9999.00	
m60413c4r5.htb	   0.0	  0.03	 2.000	 -10.00	 -10.00	 40.00	   1.0	 67.00	  4.08	 14.00	  2.30	  3.11	  0.25	 0.457	 0.12448490	 0.394	  0.415	      0.267	      0.173	 330.00	  0.00	 9999.00	 9999.00	
m60413c5r4.htb	   0.0	  0.03	 2.000	 -10.00	 -10.00	 40.00	   0.0	 257.00	  8.75	  0.00	  3.68	  4.44	  1.00	 0.378	 0.60112729	 0.310	  0.603	      0.305	      0.364	 330.00	  0.00	 9999.00	 9999.00	
m60413c5r4.htb	   0.0	  0.03	 2.000	 -10.00	 -10.00	 40.00	   1.0	 79.00	  6.28	  3.00	  3.44	  5.18	  1.00	 0.579	 0.07427903	 0.417	  0.618	      0.665	      0.382	 330.00	  0.00	 9999.00	 9999.00	
m60414c2r5.htb	 250.0	  0.05	 2.000	  0.00	 -8.00	 40.00	   0.0	 240.00	 11.65	 131.00	  6.75	  8.70	  2.99	 0.479	 0.03236221	 0.419	  0.688	      0.960	      0.474	 330.00	  0.00	 9999.00	 9999.00	
m60414c2r5.htb	 250.0	  0.05	 2.000	  0.00	 -8.00	 40.00	   1.0	 45.00	 18.40	 15.00	  8.10	 10.74	  2.99	 0.431	 0.22777813	 0.382	  0.801	      0.841	      0.642	 330.00	  0.00	 9999.00	 9999.00	
m60418c1r4.htb	 180.0	  0.03	 2.000	 -5.00	 -10.00	 50.00	   0.0	 218.00	 20.81	 307.00	 15.89	 18.43	  6.97	 0.323	 0.05282566	 0.416	  0.594	      0.657	      0.353	 330.00	  0.00	 9999.00	 9999.00	
m60418c1r4.htb	 180.0	  0.03	 2.000	 -5.00	 -10.00	 50.00	   1.0	 75.00	 31.67	 35.00	 16.75	 20.00	  6.97	 0.314	 0.00129915	 0.442	  0.543	      0.905	      0.295	 330.00	  0.00	 75.00	 13.00	
m60420c1r4.htb	 180.0	  0.03	 2.000	  5.00	 -5.00	 40.00	   0.0	 195.00	 20.14	 86.00	 12.58	 16.26	  2.69	 0.391	 0.00000000	 0.581	  0.364	      1.277	      0.132	 330.00	  0.00	 195.00	 56.00	
m60420c1r4.htb	 180.0	  0.03	 2.000	  5.00	 -5.00	 40.00	   1.0	 195.00	 22.32	 101.00	 11.93	 16.42	  2.69	 0.429	 0.00000000	 0.614	  0.359	      1.894	      0.129	 330.00	  0.00	 195.00	 46.00	
m60424c3r4.htb	   0.0	  0.03	 2.000	 10.00	  0.00	 40.00	   0.0	 265.00	 24.61	 324.00	 18.37	 20.70	  1.08	 0.282	 0.30548412	 0.481	  0.421	      0.213	      0.177	 330.00	  0.00	 9999.00	 9999.00	
m60424c3r4.htb	   0.0	  0.03	 2.000	 10.00	  0.00	 40.00	   1.0	 155.00	 26.44	 10.00	 23.56	 24.89	  1.08	 0.145	 0.79596759	 0.357	  0.373	      0.088	      0.139	 330.00	  0.00	 9999.00	 9999.00	
m60424c4r4.htb	   0.0	  0.03	 2.000	  0.00	  0.00	 30.00	   0.0	 198.00	 19.79	 232.00	 13.32	 15.60	  2.89	 0.241	 0.09443446	 0.363	  0.523	      0.452	      0.274	 330.00	  0.00	 9999.00	 9999.00	
m60424c4r4.htb	   0.0	  0.03	 2.000	  0.00	  0.00	 30.00	   1.0	  0.00	 19.94	 230.00	 15.99	 17.82	  2.89	 0.262	 0.22923635	 0.382	  0.488	      0.312	      0.238	 330.00	  0.00	 9999.00	 9999.00	
m60424c5r4.htb	   0.0	  0.03	 2.000	  0.00	  0.00	 40.00	   0.0	 108.00	 23.23	 16.00	 16.57	 20.29	  2.69	 0.271	 0.00000770	 0.481	  0.382	      0.683	      0.146	 330.00	  0.00	 108.00	 53.00	
m60424c5r4.htb	   0.0	  0.03	 2.000	  0.00	  0.00	 40.00	   1.0	 275.00	 25.91	  0.00	 18.20	 21.38	  2.69	 0.320	 0.00000038	 0.551	  0.362	      0.741	      0.131	 330.00	  0.00	 275.00	 37.00	
m60518c1r4.htb	   0.0	  0.03	 2.000	  8.00	 -10.00	 40.00	   0.0	 265.00	 16.73	 204.00	 11.44	 13.82	  1.49	 0.306	 0.11090607	 0.413	  0.606	      0.585	      0.367	 330.00	  0.00	 9999.00	 9999.00	
m60518c1r4.htb	   0.0	  0.03	 2.000	  8.00	 -10.00	 40.00	   1.0	 78.00	 23.60	 160.00	 13.33	 14.70	  1.49	 0.264	 0.00075968	 0.446	  0.377	      0.460	      0.142	 330.00	  0.00	 78.00	 12.00	
m60519c1r4.htb	   0.0	  0.03	 2.000	  0.00	 -10.00	 40.00	   0.0	 103.00	 18.25	 213.00	 14.76	 16.76	  2.29	 0.182	 0.06367297	 0.376	  0.338	      0.205	      0.114	 330.00	  0.00	 9999.00	 9999.00	
m60519c1r4.htb	   0.0	  0.03	 2.000	  0.00	 -10.00	 40.00	   1.0	 244.00	 20.94	 266.00	 15.43	 16.56	  2.29	 0.271	 0.09044420	 0.455	  0.395	      0.260	      0.156	 330.00	  0.00	 9999.00	 9999.00	
m60519c2r4.htb	   0.0	  0.03	 2.000	  5.00	  0.00	 30.00	   0.0	 264.00	 23.88	 15.00	 21.34	 22.69	  4.41	 0.142	 0.96118288	 0.300	  0.442	      0.073	      0.195	 330.00	  0.00	 9999.00	 9999.00	
m60519c2r4.htb	   0.0	  0.03	 2.000	  5.00	  0.00	 30.00	   1.0	  8.00	 21.96	 161.00	 20.77	 21.49	  4.41	 0.120	 0.98219635	 0.304	  0.351	      0.038	      0.123	 330.00	  0.00	 9999.00	 9999.00	
m60519c4r4.htb	   0.0	  0.03	 2.000	  5.00	  0.00	 30.00	   0.0	 75.00	 62.60	 48.00	 26.52	 28.26	  7.91	 0.139	 0.19970446	 0.399	  0.306	      0.128	      0.093	 330.00	  0.00	 9999.00	 9999.00	
m60519c4r4.htb	   0.0	  0.03	 2.000	  5.00	  0.00	 30.00	   1.0	 75.00	 31.34	 132.00	 27.61	 29.27	  7.91	 0.118	 0.02184506	 0.402	  0.254	      0.140	      0.065	 330.00	  0.00	 9999.00	 9999.00	
m60519c5r4.htb	   0.0	  0.03	 2.000	  5.00	  0.00	 30.00	   0.0	 202.00	 21.73	 250.00	 18.55	 19.37	  1.54	 0.140	 0.40976324	 0.320	  0.357	      0.134	      0.128	 330.00	  0.00	 9999.00	 9999.00	
m60519c5r4.htb	   0.0	  0.03	 2.000	  5.00	  0.00	 30.00	   1.0	 192.00	 21.56	 228.00	 18.54	 19.42	  1.54	 0.112	 0.86791633	 0.255	  0.375	      0.077	      0.141	 330.00	  0.00	 9999.00	 9999.00	
m60519c6r4.htb	   0.0	  0.03	 2.000	  0.00	  0.00	 30.00	   0.0	 208.00	 21.70	 162.00	 19.30	 20.22	  2.44	 0.112	 0.63494238	 0.310	  0.299	      0.072	      0.089	 330.00	  0.00	 9999.00	 9999.00	
m60519c6r4.htb	   0.0	  0.03	 2.000	  0.00	  0.00	 30.00	   1.0	  0.00	 22.09	 117.00	 19.80	 20.50	  2.44	 0.121	 0.35870658	 0.336	  0.299	      0.099	      0.089	 330.00	  0.00	 9999.00	 9999.00	
m60526c1r4.htb	   0.0	  0.03	 2.000	 -5.00	  0.00	 40.00	   0.0	 255.00	 28.03	 206.00	 19.04	 22.20	  7.16	 0.267	 0.17313730	 0.363	  0.690	      0.677	      0.476	 330.00	  0.00	 9999.00	 9999.00	
m60526c1r4.htb	   0.0	  0.03	 2.000	 -5.00	  0.00	 40.00	   1.0	 255.00	 28.60	 167.00	 24.27	 25.75	  7.16	 0.218	 0.11305499	 0.405	  0.476	      0.359	      0.226	 330.00	  0.00	 9999.00	 9999.00	
m60526c2r4.htb	   0.0	  0.03	 2.000	  0.00	  0.00	 40.00	   0.0	 212.00	 27.37	 302.00	 22.43	 25.24	  5.82	 0.274	 0.01078242	 0.474	  0.428	      0.438	      0.183	 330.00	  0.00	 9999.00	 9999.00	
m60526c2r4.htb	   0.0	  0.03	 2.000	  0.00	  0.00	 40.00	   1.0	 13.00	 34.49	 53.00	 24.49	 25.68	  5.82	 0.247	 0.00000121	 0.501	  0.365	      0.704	      0.133	 330.00	  0.00	 13.00	 15.00	
m60526c3r4.htb	   0.0	  0.03	 2.000	  8.00	  8.00	 40.00	   0.0	 32.00	 23.01	 324.00	 18.38	 20.92	  4.43	 0.246	 0.07622915	 0.403	  0.492	      0.418	      0.242	 330.00	  0.00	 9999.00	 9999.00	
m60526c3r4.htb	   0.0	  0.03	 2.000	  8.00	  8.00	 40.00	   1.0	 192.00	 25.14	 286.00	 20.47	 22.63	  4.43	 0.229	 0.16128892	 0.396	  0.490	      0.348	      0.240	 330.00	  0.00	 9999.00	 9999.00	
m60526c4r4.htb	   0.0	  0.03	 2.000	  0.00	 -10.00	 40.00	   0.0	 168.00	 18.71	 52.00	 14.85	 17.55	  4.88	 0.273	 0.39955902	 0.366	  0.622	      0.410	      0.386	 330.00	  0.00	 9999.00	 9999.00	
m60526c4r4.htb	   0.0	  0.03	 2.000	  0.00	 -10.00	 40.00	   1.0	 330.00	 20.16	 207.00	 15.87	 17.51	  4.88	 0.221	 0.63061387	 0.307	  0.599	      0.290	      0.358	 330.00	  0.00	 9999.00	 9999.00	
m60526c5r4.htb	   0.0	  0.03	 2.000	 -5.00	 -5.00	 40.00	   0.0	 225.00	  4.96	 117.00	  2.75	  3.68	  1.58	 0.548	 0.00409779	 0.510	  0.383	      0.423	      0.146	 330.00	  0.00	 225.00	 49.00	
m60526c5r4.htb	   0.0	  0.03	 2.000	 -5.00	 -5.00	 40.00	   1.0	 54.00	  5.05	 315.00	  2.29	  3.80	  1.58	 0.652	 0.00386023	 0.529	  0.430	      0.538	      0.185	 330.00	  0.00	 54.00	 49.00	
m60623c1r4.htb	   0.0	  0.03	 2.000	  0.00	  0.00	 40.00	   0.0	 36.00	 21.31	 322.00	 18.01	 19.08	 10.25	 0.155	 0.48165019	 0.318	  0.407	      0.160	      0.166	 330.00	  0.00	 9999.00	 9999.00	
m60623c1r4.htb	   0.0	  0.03	 2.000	  0.00	  0.00	 40.00	   1.0	 49.00	 21.72	 124.00	 18.59	 20.03	 10.25	 0.165	 0.55667612	 0.340	  0.396	      0.139	      0.156	 330.00	  0.00	 9999.00	 9999.00	
m60623c2r4.htb	   0.0	  0.03	 2.000	  0.00	  0.00	 40.00	   0.0	 319.00	 10.34	 154.00	  8.87	  9.73	  5.77	 0.249	 0.11158007	 0.359	  0.381	      0.231	      0.146	 330.00	  0.00	 9999.00	 9999.00	
m60623c2r4.htb	   0.0	  0.03	 2.000	  0.00	  0.00	 40.00	   1.0	 279.00	 19.56	 253.00	 10.19	 11.85	  5.77	 0.320	 0.00142602	 0.452	  0.393	      0.470	      0.155	 330.00	  0.00	 279.00	  8.00	
m60626c1r4.htb	   0.0	  0.03	 2.000	 10.00	 -13.00	 30.00	   0.0	 190.00	 33.27	 212.00	 20.26	 22.17	  4.34	 0.169	 0.30627068	 0.368	  0.371	      0.164	      0.137	 330.00	  0.00	 9999.00	 9999.00	
m60626c1r4.htb	   0.0	  0.03	 2.000	 10.00	 -13.00	 30.00	   1.0	 103.00	 35.03	 133.00	 19.54	 22.00	  4.34	 0.233	 0.02134759	 0.469	  0.347	      0.269	      0.120	 330.00	  0.00	 9999.00	 9999.00	
m60626c3r4.htb	   0.0	  0.03	 2.000	  0.00	 -10.00	 40.00	   0.0	 286.00	 20.68	 222.00	 15.62	 17.11	  4.33	 0.224	 0.22039388	 0.364	  0.469	      0.291	      0.220	 330.00	  0.00	 9999.00	 9999.00	
m60626c3r4.htb	   0.0	  0.03	 2.000	  0.00	 -10.00	 40.00	   1.0	 285.00	 21.31	 215.00	 17.43	 19.17	  4.33	 0.238	 0.21835485	 0.381	  0.479	      0.305	      0.229	 330.00	  0.00	 9999.00	 9999.00	
m60628c3r4.htb	   0.0	  0.03	 2.000	 10.00	  0.00	 40.00	   0.0	 94.00	 19.02	 143.00	 15.35	 16.98	  8.26	 0.276	 0.00482776	 0.476	  0.374	      0.371	      0.140	 330.00	  0.00	 94.00	 20.00	
m60628c3r4.htb	   0.0	  0.03	 2.000	 10.00	  0.00	 40.00	   1.0	 279.00	 20.14	 235.00	 16.52	 17.84	  8.26	 0.258	 0.00933544	 0.473	  0.355	      0.308	      0.126	 330.00	  0.00	 279.00	 18.00	
m60629c3r4.htb	   0.0	  0.03	 2.000	  8.00	 -12.00	 40.00	   0.0	 314.00	 46.47	 279.00	 30.93	 32.33	 13.53	 0.130	 0.10874938	 0.492	  0.208	      0.072	      0.043	 330.00	  0.00	 9999.00	 9999.00	
m60629c3r4.htb	   0.0	  0.03	 2.000	  8.00	 -12.00	 40.00	   1.0	 312.00	 36.50	 36.00	 32.45	 32.71	 13.53	 0.102	 0.76110342	 0.367	  0.260	      0.045	      0.068	 330.00	  0.00	 9999.00	 9999.00	
m60629c4r4.htb	   0.0	  0.03	 2.000	 -8.00	 -10.00	 40.00	   0.0	 226.00	 29.95	 266.00	 20.36	 21.71	  4.15	 0.173	 0.40257650	 0.350	  0.416	      0.184	      0.173	 330.00	  0.00	 9999.00	 9999.00	
m60629c4r4.htb	   0.0	  0.03	 2.000	 -8.00	 -10.00	 40.00	   1.0	 93.00	 23.45	 66.00	 20.58	 21.33	  4.15	 0.176	 0.42071181	 0.370	  0.394	      0.161	      0.155	 330.00	  0.00	 9999.00	 9999.00	
m60719c3r4.htb	   0.0	  0.03	 2.000	 10.00	  0.00	 40.00	   0.0	 45.00	  0.60	 225.00	  0.18	  0.57	  0.25	 0.684	 0.36111989	 0.306	  0.516	      0.295	      0.266	 330.00	  0.00	 9999.00	 9999.00	
m60719c3r4.htb	   0.0	  0.03	 2.000	 10.00	  0.00	 40.00	   1.0	 45.00	  0.53	 209.00	  0.12	  0.45	  0.25	 0.722	 0.19357695	 0.393	  0.453	      0.282	      0.205	 330.00	  0.00	 9999.00	 9999.00	
m60720c1r4.htb	   0.0	  0.03	 2.000	  0.00	  0.00	 40.00	   0.0	 252.00	 18.55	  0.00	 11.35	 14.96	  2.24	 0.392	 0.00000024	 0.548	  0.397	      0.915	      0.157	 330.00	  0.00	 252.00	 52.00	
m60720c1r4.htb	   0.0	  0.03	 2.000	  0.00	  0.00	 40.00	   1.0	 93.00	 20.13	 20.00	 12.82	 16.24	  2.24	 0.409	 0.00000000	 0.585	  0.375	      1.060	      0.141	 330.00	  0.00	 93.00	 30.00	
m60720c1r4.htb	   0.0	  0.03	 2.000	  0.00	  0.00	 40.00	   0.0	 252.00	 18.55	  0.00	 11.35	 14.96	  2.24	 0.392	 0.00000024	 0.548	  0.397	      0.915	      0.157	 330.00	  0.00	 252.00	 52.00	
m60720c1r4.htb	   0.0	  0.03	 2.000	  0.00	  0.00	 40.00	   1.0	 93.00	 20.14	 20.00	 12.83	 16.24	  2.24	 0.409	 0.00000000	 0.585	  0.375	      1.060	      0.141	 330.00	  0.00	 93.00	 30.00	
m60720c1r4.htb	   0.0	  0.03	 2.000	  0.00	  0.00	 40.00	   0.0	 252.00	 18.55	  0.00	 11.35	 14.96	  2.24	 0.392	 0.00000024	 0.548	  0.397	      0.915	      0.157	 330.00	  0.00	 252.00	 52.00	
m60720c1r4.htb	   0.0	  0.03	 2.000	  0.00	  0.00	 40.00	   1.0	 93.00	 20.13	 20.00	 12.82	 16.24	  2.24	 0.409	 0.00000000	 0.585	  0.375	      1.060	      0.141	 330.00	  0.00	 93.00	 30.00	
m60720c2r4.htb	   0.0	  0.03	 2.000	  5.00	 -10.00	 40.00	   0.0	 83.00	 30.10	 26.00	 24.63	 26.09	  1.08	 0.225	 0.10043946	 0.519	  0.306	      0.160	      0.094	 330.00	  0.00	 9999.00	 9999.00	
m60720c2r4.htb	   0.0	  0.03	 2.000	  5.00	 -10.00	 40.00	   1.0	 165.00	 27.92	  8.00	 25.69	 26.98	  1.08	 0.184	 0.41612999	 0.448	  0.324	      0.111	      0.105	 330.00	  0.00	 9999.00	 9999.00	
m60721c4r4.htb	  90.0	  0.03	 2.000	 -10.00	  0.00	 40.00	   0.0	 13.00	 19.88	 267.00	 12.66	 16.17	  0.65	 0.393	 0.00000597	 0.502	  0.494	      1.165	      0.244	 330.00	  0.00	 13.00	 48.00	
m60721c4r4.htb	  90.0	  0.03	 2.000	 -10.00	  0.00	 40.00	   1.0	  3.00	 19.82	 280.00	 13.04	 16.04	  0.65	 0.379	 0.00014104	 0.504	  0.467	      0.820	      0.218	 330.00	  0.00	  3.00	 39.00	
m60721c5r4.htb	  90.0	  0.03	 2.000	  0.00	 -8.00	 40.00	   0.0	 11.00	 27.68	 267.00	 17.63	 23.01	  1.04	 0.338	 0.00000000	 0.585	  0.345	      1.198	      0.119	 330.00	  0.00	 11.00	 56.00	
m60721c5r4.htb	  90.0	  0.03	 2.000	  0.00	 -8.00	 40.00	   1.0	 15.00	 28.33	 287.00	 20.11	 23.78	  1.04	 0.330	 0.00000000	 0.603	  0.322	      1.008	      0.103	 330.00	  0.00	 15.00	 41.00	
m60801c1r4.htb	   0.0	  0.03	 2.000	 -10.00	  5.00	 40.00	   0.0	 152.00	  6.14	 217.00	  4.78	  5.39	  1.44	 0.250	 0.88270317	 0.241	  0.554	      0.161	      0.307	 330.00	  0.00	 9999.00	 9999.00	
m60801c1r4.htb	   0.0	  0.03	 2.000	 -10.00	  5.00	 40.00	   1.0	 260.00	  6.36	 28.00	  4.35	  5.53	  1.44	 0.356	 0.43085215	 0.343	  0.510	      0.267	      0.260	 330.00	  0.00	 9999.00	 9999.00	
m60803c2r4.htb	   0.0	  0.03	 2.000	 -8.00	  0.00	 40.00	   0.0	 13.00	 24.77	 330.00	 12.30	 13.97	  1.59	 0.371	 0.00001451	 0.537	  0.373	      0.623	      0.139	 330.00	  0.00	 13.00	 12.00	
m60803c2r4.htb	   0.0	  0.03	 2.000	 -8.00	  0.00	 40.00	   1.0	 178.00	 17.43	 262.00	 12.79	 14.85	  1.59	 0.282	 0.00108635	 0.442	  0.407	      0.519	      0.166	 330.00	  0.00	 178.00	 34.00	
m60804c1r4.htb	   0.0	  0.03	 2.000	  5.00	 -10.00	 40.00	   0.0	 62.00	 15.53	 167.00	  9.43	 11.91	  1.49	 0.379	 0.00164236	 0.419	  0.587	      1.033	      0.345	 330.00	  0.00	 62.00	 37.00	
m60804c1r4.htb	   0.0	  0.03	 2.000	  5.00	 -10.00	 40.00	   1.0	 259.00	 17.64	 222.00	 11.22	 12.51	  1.49	 0.382	 0.03147702	 0.419	  0.542	      0.599	      0.294	 330.00	  0.00	 9999.00	 9999.00	
m60815c3r4.htb	   0.0	  0.03	 2.000	  5.00	 -20.00	 40.00	   0.0	 190.00	 17.83	 80.00	 13.73	 15.97	 12.54	 0.271	 0.32197193	 0.388	  0.509	      0.301	      0.259	 330.00	  0.00	 9999.00	 9999.00	
m60815c3r4.htb	   0.0	  0.03	 2.000	  5.00	 -20.00	 40.00	   1.0	 195.00	 19.14	 88.00	 15.22	 16.78	 12.54	 0.266	 0.06404037	 0.397	  0.479	      0.411	      0.229	 330.00	  0.00	 9999.00	 9999.00	
m60816c1r4.htb	   0.0	  0.03	 2.000	  0.00	 -10.00	 40.00	   0.0	 308.00	 14.02	 51.00	 11.18	 13.26	  1.79	 0.276	 0.55887770	 0.303	  0.884	      0.691	      0.782	 330.00	  0.00	 9999.00	 9999.00	
m60816c1r4.htb	   0.0	  0.03	 2.000	  0.00	 -10.00	 40.00	   1.0	 105.00	 24.73	 136.00	 14.09	 15.30	  1.79	 0.259	 0.15449648	 0.361	  0.525	      0.405	      0.276	 330.00	  0.00	 9999.00	 9999.00	
m60816c2r4.htb	   0.0	  0.03	 2.000	  0.00	  0.00	 40.00	   0.0	 173.00	 29.52	 253.00	 26.71	 28.10	  5.77	 0.109	 0.23625828	 0.356	  0.285	      0.105	      0.081	 330.00	  0.00	 9999.00	 9999.00	
m60816c2r4.htb	   0.0	  0.03	 2.000	  0.00	  0.00	 40.00	   1.0	  8.00	 31.07	 301.00	 27.64	 29.29	  5.77	 0.101	 0.03100722	 0.394	  0.224	      0.102	      0.050	 330.00	  0.00	 9999.00	 9999.00	
m60816c2r4.htb	   0.0	  0.03	 2.000	  0.00	  0.00	 40.00	   0.0	 173.00	 29.53	 253.00	 26.75	 28.10	  5.77	 0.109	 0.23625828	 0.356	  0.285	      0.105	      0.081	 330.00	  0.00	 9999.00	 9999.00	
m60816c2r4.htb	   0.0	  0.03	 2.000	  0.00	  0.00	 40.00	   1.0	 13.00	 31.14	 305.00	 27.79	 29.29	  5.77	 0.101	 0.03100722	 0.394	  0.224	      0.102	      0.050	 330.00	  0.00	 9999.00	 9999.00	
m60816c3r4.htb	   0.0	  0.03	 2.000	 -10.00	 -10.00	 40.00	   0.0	 308.00	 12.53	 49.00	  9.97	 11.37	  6.47	 0.218	 0.29907632	 0.338	  0.439	      0.231	      0.193	 330.00	  0.00	 9999.00	 9999.00	
m60816c3r4.htb	   0.0	  0.03	 2.000	 -10.00	 -10.00	 40.00	   1.0	 15.00	 12.24	 37.00	 11.16	 11.86	  6.47	 0.201	 0.43467742	 0.310	  0.445	      0.202	      0.198	 330.00	  0.00	 9999.00	 9999.00	
m60818c1r4.htb	 180.0	  0.03	 2.000	 -10.00	 -10.00	 40.00	   0.0	 314.00	 10.04	 284.00	  3.81	  4.49	  0.85	 0.333	 0.30131292	 0.361	  0.362	      0.156	      0.131	 330.00	  0.00	 9999.00	 9999.00	
m60818c1r4.htb	 180.0	  0.03	 2.000	 -10.00	 -10.00	 40.00	   1.0	 158.00	  6.16	 46.00	  3.46	  4.83	  0.85	 0.551	 0.00001060	 0.567	  0.350	      0.563	      0.123	 330.00	  0.00	 158.00	 59.00	
m60818c2r4.htb	   0.0	  0.03	 2.000	 10.00	 10.00	 40.00	   0.0	  0.00	 27.32	 110.00	 23.74	 25.61	 14.76	 0.155	 0.70117313	 0.294	  0.524	      0.202	      0.274	 330.00	  0.00	 9999.00	 9999.00	
m60818c2r4.htb	   0.0	  0.03	 2.000	 10.00	 10.00	 40.00	   1.0	 321.00	 39.39	 298.00	 25.06	 26.52	 14.76	 0.211	 0.28134974	 0.399	  0.477	      0.278	      0.227	 330.00	  0.00	 9999.00	 9999.00	
m60818c3r4.htb	   0.0	  0.03	 2.000	 -10.00	  0.00	 40.00	   0.0	 225.00	 11.29	 259.00	  3.40	  5.08	  2.34	 0.517	 0.00002788	 0.508	  0.413	      0.729	      0.170	 330.00	  0.00	 225.00	 11.00	
m60818c3r4.htb	   0.0	  0.03	 2.000	 -10.00	  0.00	 40.00	   1.0	 63.00	  8.16	 238.00	  5.25	  5.73	  2.34	 0.524	 0.00020822	 0.535	  0.409	      0.610	      0.167	 330.00	  0.00	 63.00	 18.00	
m60821c4r4.htb	   0.0	  0.03	 2.000	  5.00	 -15.00	 40.00	   0.0	 15.00	 22.73	 250.00	 20.50	 21.27	  2.49	 0.221	 0.16807924	 0.464	  0.333	      0.165	      0.111	 330.00	  0.00	 9999.00	 9999.00	
m60821c4r4.htb	   0.0	  0.03	 2.000	  5.00	 -15.00	 40.00	   1.0	 330.00	 24.40	 122.00	 19.52	 21.74	  2.49	 0.285	 0.05551732	 0.535	  0.350	      0.242	      0.123	 330.00	  0.00	 9999.00	 9999.00	
m60821c5r4.htb	   0.0	  0.03	 2.000	  5.00	  5.00	 40.00	   0.0	 255.00	 25.84	 158.00	 18.75	 22.14	  5.61	 0.347	 0.02399528	 0.480	  0.558	      0.691	      0.311	 330.00	  0.00	 9999.00	 9999.00	
m60821c5r4.htb	   0.0	  0.03	 2.000	  5.00	  5.00	 40.00	   1.0	 255.00	 28.51	 167.00	 20.78	 23.92	  5.61	 0.325	 0.01992433	 0.497	  0.494	      0.557	      0.244	 330.00	  0.00	 9999.00	 9999.00	
m60824c4r4.htb	   0.0	  0.03	 2.000	  0.00	 -10.00	 40.00	   0.0	 195.00	 27.46	 138.00	 21.70	 23.96	  7.21	 0.267	 0.34534436	 0.487	  0.405	      0.192	      0.164	 330.00	  0.00	 9999.00	 9999.00	
m60824c4r4.htb	   0.0	  0.03	 2.000	  0.00	 -10.00	 40.00	   1.0	 15.00	 39.60	 48.00	 17.88	 23.53	  7.21	 0.357	 0.71747772	 0.420	  1.110	      0.877	      1.233	 330.00	  0.00	 9999.00	 9999.00	
m60825c1r4.htb	 180.0	  0.03	 2.000	  0.00	  0.00	 40.00	   0.0	  0.00	  8.43	 71.00	  3.75	  5.96	  4.13	 0.560	 0.00000000	 0.591	  0.334	      1.157	      0.112	 330.00	  0.00	  0.00	 30.00	
m60825c1r4.htb	 180.0	  0.03	 2.000	  0.00	  0.00	 40.00	   1.0	 170.00	  9.17	 77.00	  2.93	  5.77	  4.13	 0.645	 0.00000000	 0.648	  0.323	      1.879	      0.104	 330.00	  0.00	 170.00	 44.00	
