FILE			 PrfOR	 PrfSF	 PrfTF	 RFXctr	 RFYctr	 RFDiam	 Direction		 Slope	 Int		 RsqMn	 PMn		 RsqRaw	 PRaw		 
m70723c1r9.htb	   0.0	  0.03	 2.000	 -8.00	 -8.00	 30.00	 0.0000		 0.0013	 3.8737	 0.0023	 0.9195	 0.0005	 0.8954	 
m70723c1r9.htb	   0.0	  0.03	 2.000	 -8.00	 -8.00	 30.00	 180.0000		 -0.0028	 4.0550	 0.0145	 0.7973	 0.0024	 0.7777	 
m70524c1r9.htb	   0.0	  0.03	 2.000	  0.00	 -15.00	 40.00	 0.0000		 0.0538	 7.5919	 0.9241	 0.0006	 0.1773	 0.0003	 
m70524c1r9.htb	   0.0	  0.03	 2.000	  0.00	 -15.00	 40.00	 180.0000		 0.0264	 8.4857	 0.3479	 0.1634	 0.0686	 0.0286	 
m70524c3r9.htb	   0.0	  0.03	 2.000	  0.00	  5.00	 30.00	 0.0000		 0.0229	 7.8853	 0.3443	 0.1661	 0.0647	 0.0336	 
m70524c3r9.htb	   0.0	  0.03	 2.000	  0.00	  5.00	 30.00	 180.0000		 0.0269	 7.3423	 0.5612	 0.0526	 0.0993	 0.0079	 
m70525c1r9.htb	   0.0	  0.03	 1.000	  0.00	 -5.00	 40.00	 0.0000		 0.0250	 9.7747	 0.5755	 0.0480	 0.0623	 0.0372	 
m70525c1r9.htb	   0.0	  0.03	 1.000	  0.00	 -5.00	 40.00	 180.0000		 0.0279	 8.5870	 0.7452	 0.0123	 0.0874	 0.0130	 
m70529c1r9.htb	   0.0	  0.03	 2.000	 -10.00	  8.00	 40.00	 0.0000		 0.0086	 1.5775	 0.7644	 0.0100	 0.0461	 0.0744	 
m70529c1r9.htb	   0.0	  0.03	 2.000	 -10.00	  8.00	 40.00	 180.0000		 0.0051	 2.1216	 0.1296	 0.4276	 0.0137	 0.3339	 
m70529c2r9.htb	   0.0	  0.03	 2.000	  5.00	  5.00	 25.00	 0.0000		 0.0037	 13.0057	 0.0102	 0.8297	 0.0007	 0.8271	 
m70529c2r9.htb	   0.0	  0.03	 2.000	  5.00	  5.00	 25.00	 180.0000		 -0.0132	 14.6729	 0.0719	 0.5609	 0.0071	 0.4892	 
m70530c1r9.htb	   0.0	  0.03	 2.000	 -10.00	  5.00	 32.00	 0.0000		 0.0025	 1.9360	 0.1892	 0.3295	 0.0056	 0.5378	 
m70530c1r9.htb	   0.0	  0.03	 2.000	 -10.00	  5.00	 32.00	 180.0000		 0.0031	 1.6935	 0.0852	 0.5253	 0.0067	 0.5005	 
m70601c1r9.htb	   0.0	  0.03	 2.000	  0.00	 -15.00	 30.00	 0.0000		 0.0266	 6.4345	 0.5550	 0.0547	 0.0359	 0.1162	 
m70601c1r9.htb	   0.0	  0.03	 2.000	  0.00	 -15.00	 30.00	 180.0000		 -0.0066	 6.7462	 0.2396	 0.2648	 0.0023	 0.6938	 
m70607c2r9.htb	   0.0	  0.03	 2.000	  5.00	 -8.00	 20.00	 0.0000		 0.0112	 3.6470	 0.4984	 0.0763	 0.0381	 0.1053	 
m70607c2r9.htb	   0.0	  0.03	 2.000	  5.00	 -8.00	 20.00	 180.0000		 0.0110	 3.8291	 0.4023	 0.1260	 0.0367	 0.1120	 
m70608c1r9.htb	   0.0	  0.03	 2.000	  0.00	  0.00	 60.00	 0.0000		 -0.0082	 3.6842	 0.2603	 0.2421	 0.0307	 0.1468	 
m70608c1r9.htb	   0.0	  0.03	 2.000	  0.00	  0.00	 60.00	 180.0000		 0.0079	 3.6953	 0.6513	 0.0282	 0.0224	 0.2158	 
m70608c1r22.htb	   0.0	  0.03	 2.000	  0.00	  0.00	 60.00	 0.0000		 0.0140	 3.4563	 0.6995	 0.0190	 0.0873	 0.0130	 
m70608c1r22.htb	   0.0	  0.03	 2.000	  0.00	  0.00	 60.00	 180.0000		 -0.0133	 4.3567	 0.6510	 0.0283	 0.0495	 0.0642	 
m70609c1r9.htb	 120.0	  0.03	 2.000	  0.00	  0.00	 70.00	 0.0000		 0.0216	 7.8344	 0.9098	 0.0009	 0.1668	 0.0004	 
m70609c1r9.htb	 120.0	  0.03	 2.000	  0.00	  0.00	 70.00	 180.0000		 0.0036	 7.9548	 0.0699	 0.5668	 0.0045	 0.5803	 
m70609c1r19.htb	 120.0	  0.03	 2.000	  8.00	 -5.00	 40.00	 0.0000		 0.0137	 3.0537	 0.7785	 0.0086	 0.0732	 0.0235	 
m70609c1r19.htb	 120.0	  0.03	 2.000	  8.00	 -5.00	 40.00	 180.0000		 0.0000	 3.1618	 0.0000	 0.9945	 0.0000	 0.9943	 
m70609c2r9.htb	 120.0	  0.03	 2.000	  0.00	  8.00	 30.00	 0.0000		 0.0019	 2.0920	 0.2540	 0.2488	 0.0043	 0.6786	 
m70609c2r9.htb	 120.0	  0.03	 2.000	  0.00	  8.00	 30.00	 180.0000		 -0.0025	 2.4123	 0.0849	 0.5261	 0.0076	 0.5828	 
m70609c2r19.htb	 120.0	  0.03	 2.000	 -10.00	 10.00	 40.00	 0.0000		 0.0088	 1.8491	 0.5309	 0.0633	 0.0864	 0.0135	 
m70609c2r19.htb	 120.0	  0.03	 2.000	 -10.00	 10.00	 40.00	 180.0000		 -0.0040	 2.2908	 0.0988	 0.4922	 0.0136	 0.3369	 
m70611c2r9.htb	 120.0	  0.03	 2.000	  0.00	 -3.00	 30.00	 0.0000		 0.0418	 20.0555	 0.6976	 0.0193	 0.1224	 0.0394	 
m70611c2r9.htb	 120.0	  0.03	 2.000	  0.00	 -3.00	 30.00	 180.0000		 0.0220	 19.8141	 0.0609	 0.5935	 0.0224	 0.3841	 
m70611c2r19.htb	 120.0	  0.03	 2.000	  0.00	 -3.00	 30.00	 0.0000		 0.0443	 20.9547	 0.9168	 0.0007	 0.0992	 0.0079	 
m70611c2r19.htb	 120.0	  0.03	 2.000	  0.00	 -3.00	 30.00	 180.0000		 0.0332	 21.7407	 0.4122	 0.1200	 0.0422	 0.0882	 
m70611c1r9.htb	 120.0	  0.03	 2.000	 -5.00	 -10.00	 30.00	 0.0000		 0.0171	 9.5274	 0.4943	 0.0780	 0.0374	 0.1089	 
m70611c1r9.htb	 120.0	  0.03	 2.000	 -5.00	 -10.00	 30.00	 180.0000		 -0.0092	 10.2142	 0.1275	 0.4318	 0.0109	 0.3895	 
m70611c1r19.htb	 120.0	  0.03	 2.000	 -5.00	 -10.00	 30.00	 0.0000		 0.0278	 10.0257	 0.7114	 0.0171	 0.0613	 0.0388	 
m70611c1r19.htb	 120.0	  0.03	 2.000	 -5.00	 -10.00	 30.00	 180.0000		 0.0048	 10.4246	 0.0799	 0.5391	 0.0036	 0.6209	 
m70612c1r9.htb	   0.0	  0.03	 2.000	  0.00	 -8.00	 30.00	 0.0000		 0.0093	 18.7777	 0.0275	 0.7224	 0.0040	 0.6575	 
m70612c1r9.htb	   0.0	  0.03	 2.000	  0.00	 -8.00	 30.00	 180.0000		 0.0511	 18.6221	 0.7420	 0.0127	 0.0881	 0.0327	 
m70612c1r19.htb	   0.0	  0.03	 2.000	  0.00	 -8.00	 30.00	 0.0000		 0.0446	 18.7024	 0.3877	 0.1353	 0.0595	 0.0581	 
m70612c1r19.htb	   0.0	  0.03	 2.000	  0.00	 -8.00	 30.00	 180.0000		 -0.0198	 19.7237	 0.3134	 0.1912	 0.0193	 0.2811	 
m70612c2r9.htb	   0.0	  0.03	 2.000	  0.00	 -7.00	 30.00	 0.0000		 0.0214	 10.7261	 0.2493	 0.2540	 0.0365	 0.1335	 
m70612c2r9.htb	   0.0	  0.03	 2.000	  0.00	 -7.00	 30.00	 180.0000		 0.0142	 11.3081	 0.1523	 0.3868	 0.0220	 0.2535	 
m70612c2r19.htb	   0.0	  0.03	 2.000	  0.00	 -7.00	 30.00	 0.0000		 0.0209	 11.3744	 0.3066	 0.1972	 0.0369	 0.1770	 
m70612c2r19.htb	   0.0	  0.03	 2.000	  0.00	 -7.00	 30.00	 180.0000		 0.0119	 11.7563	 0.1183	 0.4500	 0.0089	 0.5107	 
m70613c2r9.htb	 180.0	  0.03	 2.000	  5.00	  0.00	 40.00	 180.0000		 0.0081	 4.7651	 0.4706	 0.0888	 0.0304	 0.3318	 
m70613c2r9.htb	 180.0	  0.03	 2.000	  5.00	  0.00	 40.00	 360.0000		 0.0009	 4.9813	 0.0047	 0.8840	 0.0003	 0.9259	 
m70613c2r19.htb	 180.0	  0.03	 2.000	  5.00	  0.00	 40.00	 180.0000		 0.0174	 6.5274	 0.5386	 0.0604	 0.0750	 0.0217	 
m70613c2r19.htb	 180.0	  0.03	 2.000	  5.00	  0.00	 40.00	 360.0000		 0.0006	 6.9557	 0.0021	 0.9224	 0.0001	 0.9378	 
m70613c1r9.htb	   0.0	  0.03	 2.000	  0.00	  0.00	 50.00	 0.0000		 0.0093	 2.1133	 0.5254	 0.0653	 0.0776	 0.0196	 
m70613c1r9.htb	   0.0	  0.03	 2.000	  0.00	  0.00	 50.00	 180.0000		 -0.0019	 2.1333	 0.1647	 0.3664	 0.0034	 0.6327	 
m70613c1r19.htb	   0.0	  0.03	 2.000	  0.00	  0.00	 50.00	 0.0000		 0.0103	 1.9309	 0.4688	 0.0897	 0.0503	 0.0618	 
m70613c1r19.htb	   0.0	  0.03	 2.000	  0.00	  0.00	 50.00	 180.0000		 0.0141	 2.1390	 0.6942	 0.0199	 0.1119	 0.0046	 
m70618c1r9.htb	   0.0	  0.03	 2.000	  8.00	  3.00	 30.00	 0.0000		 0.0072	 11.9929	 0.1679	 0.3613	 0.0059	 0.5291	 
m70618c1r9.htb	   0.0	  0.03	 2.000	  8.00	  3.00	 30.00	 180.0000		 -0.0004	 12.7052	 0.0002	 0.9756	 0.0000	 0.9723	 
m70619c1r9.htb	   0.0	  0.03	 2.000	 -5.00	  5.00	 30.00	 0.0000		 0.0049	 2.2254	 0.1747	 0.3507	 0.0129	 0.3500	 
m70619c1r9.htb	   0.0	  0.03	 2.000	 -5.00	  5.00	 30.00	 180.0000		 0.0070	 2.2105	 0.6870	 0.0212	 0.0410	 0.0929	 
m70619c1r19.htb	   0.0	  0.03	 2.000	  5.00	  0.00	 40.00	 0.0000		 0.0067	 7.5639	 0.2145	 0.2953	 0.0140	 0.3297	 
m70619c1r19.htb	   0.0	  0.03	 2.000	  5.00	  0.00	 40.00	 180.0000		 -0.0010	 8.0014	 0.0034	 0.9016	 0.0003	 0.8958	 
m70621c2r9.htb	   0.0	  0.03	 2.000	 -8.00	  5.00	 30.00	 180.0000		 0.0096	 1.2690	 0.4046	 0.1246	 0.0937	 0.0206	 
m70621c2r9.htb	   0.0	  0.03	 2.000	 -8.00	  5.00	 30.00	 360.0000		 0.0017	 1.6760	 0.0542	 0.6154	 0.0022	 0.7190	 
m70621c2r19.htb	   0.0	  0.03	 2.000	  8.00	  5.00	 30.00	 180.0000		 0.0083	 2.6734	 0.3185	 0.1869	 0.0437	 0.0823	 
m70621c2r19.htb	   0.0	  0.03	 2.000	  8.00	  5.00	 30.00	 360.0000		 -0.0015	 2.4798	 0.0403	 0.6662	 0.0018	 0.7238	 
m70622c1r9.htb	   0.0	  0.03	 2.000	  5.00	  8.00	 30.00	 180.0000		 -0.0179	 14.8653	 0.3180	 0.1873	 0.0269	 0.1748	 
m70622c1r9.htb	   0.0	  0.03	 2.000	  5.00	  8.00	 30.00	 360.0000		 -0.0013	 13.8592	 0.0014	 0.9356	 0.0001	 0.9247	 
m70622c1r19.htb	   0.0	  0.03	 2.000	  0.00	  0.00	 30.00	 180.0000		 0.0165	 13.7311	 0.7123	 0.0169	 0.0233	 0.2073	 
m70622c1r19.htb	   0.0	  0.03	 2.000	  0.00	  0.00	 30.00	 360.0000		 -0.0181	 15.3180	 0.5552	 0.0546	 0.0248	 0.1926	 
m70625c1r9.htb	   0.0	  0.03	 2.000	  8.00	 -8.00	 30.00	 180.0000		 0.0036	 7.7118	 0.2996	 0.2035	 0.0028	 0.6791	 
m70625c1r9.htb	   0.0	  0.03	 2.000	  8.00	 -8.00	 30.00	 360.0000		 0.0062	 7.0190	 0.0420	 0.6593	 0.0044	 0.6080	 
m70625c1r19.htb	   0.0	  0.03	 2.000	  0.00	 -2.00	 30.00	 180.0000		 0.0013	 10.3691	 0.0055	 0.8743	 0.0002	 0.9034	 
m70625c1r19.htb	   0.0	  0.03	 2.000	  0.00	 -2.00	 30.00	 360.0000		 0.0297	 9.5254	 0.6715	 0.0241	 0.0893	 0.0120	 
m70625c2r9.htb	   0.0	  0.03	 2.000	 -3.00	  5.00	 30.00	 180.0000		 -0.0133	 10.1161	 0.0968	 0.4969	 0.0214	 0.4574	 
m70625c2r9.htb	   0.0	  0.03	 2.000	 -3.00	  5.00	 30.00	 360.0000		 0.0380	 7.5663	 0.4270	 0.1115	 0.2055	 0.0154	 
m70625c2r19.htb	   0.0	  0.03	 2.000	  0.00	 -5.00	 30.00	 180.0000		 0.0232	 10.1725	 0.1978	 0.3174	 0.0368	 0.1869	 
m70625c2r19.htb	   0.0	  0.03	 2.000	  0.00	 -5.00	 30.00	 360.0000		 0.0047	 10.3505	 0.0271	 0.7245	 0.0016	 0.7851	 
m70626c1r9.htb	   0.0	  0.03	 2.000	  8.00	  5.00	 25.00	 180.0000		 -0.0052	 3.5818	 0.2609	 0.2414	 0.0208	 0.2340	 
m70626c1r9.htb	   0.0	  0.03	 2.000	  8.00	  5.00	 25.00	 360.0000		 0.0011	 3.1887	 0.0132	 0.8063	 0.0008	 0.8198	 
m70703c1r9.htb	   0.0	  0.03	 2.000	  0.00	 -10.00	 30.00	 0.0000		 0.0211	 3.9461	 0.5788	 0.0470	 0.1063	 0.0059	 
m70703c1r9.htb	   0.0	  0.03	 2.000	  0.00	 -10.00	 30.00	 180.0000		 0.0003	 4.1645	 0.0003	 0.9716	 0.0000	 0.9693	 
m70703c2r9.htb	   0.0	  0.03	 2.000	  0.00	 -5.00	 30.00	 0.0000		 -0.0025	 4.4858	 0.0144	 0.7979	 0.0030	 0.7178	 
m70703c2r9.htb	   0.0	  0.03	 2.000	  0.00	 -5.00	 30.00	 180.0000		 -0.0028	 4.6655	 0.0266	 0.7267	 0.0021	 0.7577	 
m70705c1r9.htb	   0.0	  0.03	 2.000	 -8.00	  5.00	 30.00	 0.0000		 -0.0010	 1.9595	 0.0158	 0.7881	 0.0007	 0.8268	 
m70705c1r9.htb	   0.0	  0.03	 2.000	 -8.00	  5.00	 30.00	 180.0000		 -0.0047	 2.0544	 0.2048	 0.3079	 0.0195	 0.2495	 
m70706c2r9.htb	   0.0	  0.03	 4.000	 -5.00	 -5.00	 30.00	 0.0000		 -0.0024	 19.6675	 0.0046	 0.8851	 0.0004	 0.8706	 
m70706c2r9.htb	   0.0	  0.03	 4.000	 -5.00	 -5.00	 30.00	 180.0000		 0.0071	 17.7729	 0.0490	 0.6333	 0.0028	 0.6656	 
m70709c1r9.htb	   0.0	  0.03	 2.000	 -2.00	  0.00	 30.00	 0.0000		 0.0098	 3.0454	 0.6788	 0.0227	 0.0621	 0.0376	 
m70709c1r9.htb	   0.0	  0.03	 2.000	 -2.00	  0.00	 30.00	 180.0000		 0.0023	 3.4560	 0.1073	 0.4733	 0.0028	 0.6613	 
m70709c2r9.htb	   0.0	  0.03	 2.000	 -8.00	  0.00	 30.00	 0.0000		 0.0001	 7.0547	 0.0001	 0.9840	 0.0000	 0.9860	 
m70709c2r9.htb	   0.0	  0.03	 2.000	 -8.00	  0.00	 30.00	 180.0000		 0.0016	 7.3615	 0.0241	 0.7398	 0.0011	 0.7879	 
m70710c1r9.htb	 180.0	  0.03	 2.000	 -5.00	 -10.00	 30.00	 0.0000		 0.0255	 7.8996	 0.8597	 0.0026	 0.1080	 0.0055	 
m70710c1r9.htb	 180.0	  0.03	 2.000	 -5.00	 -10.00	 30.00	 180.0000		 0.0230	 8.0651	 0.3750	 0.1438	 0.0900	 0.0116	 
m70710c2r9.htb	 270.0	  0.03	 2.000	  0.00	  0.00	 30.00	 0.0000		 0.0165	 12.5585	 0.3541	 0.1587	 0.0489	 0.0657	 
m70710c2r9.htb	 270.0	  0.03	 2.000	  0.00	  0.00	 30.00	 180.0000		 0.0096	 12.6463	 0.2035	 0.3097	 0.0163	 0.2918	 
m70711c2r9.htb	   0.0	  0.03	 2.000	 -5.00	  5.00	 30.00	 0.0000		 -0.0136	 9.0908	 0.3825	 0.1388	 0.0455	 0.0761	 
m70711c2r9.htb	   0.0	  0.03	 2.000	 -5.00	  5.00	 30.00	 180.0000		 -0.0036	 9.0250	 0.0429	 0.6560	 0.0026	 0.6779	 
m70712c1r9.htb	   0.0	  0.03	 2.000	 -5.00	  5.00	 30.00	 0.0000		 -0.0110	 15.5844	 0.1955	 0.3205	 0.0195	 0.2711	 
m70712c1r9.htb	   0.0	  0.03	 2.000	 -5.00	  5.00	 30.00	 180.0000		 0.0146	 15.5728	 0.2105	 0.3004	 0.0308	 0.1554	 
m70717c3r9.htb	   0.0	  0.03	 2.000	  0.00	  5.00	 30.00	 0.0000		 -0.0198	 6.7936	 0.2868	 0.2154	 0.0726	 0.0843	 
m70717c3r9.htb	   0.0	  0.03	 2.000	  0.00	  5.00	 30.00	 180.0000		 -0.0027	 6.3799	 0.0297	 0.7116	 0.0015	 0.8029	 
m70718c1r9.htb	   0.0	  0.03	 2.000	  2.00	  5.00	 30.00	 0.0000		 0.0070	 18.0403	 0.0316	 0.7028	 0.0021	 0.7044	 
m70718c1r9.htb	   0.0	  0.03	 2.000	  2.00	  5.00	 30.00	 180.0000		 0.0125	 19.1053	 0.0741	 0.5548	 0.0059	 0.5274	 
m70719c1r9.htb	  90.0	  0.03	 2.000	  5.00	  5.00	 30.00	 0.0000		 -0.0005	 28.8114	 0.0003	 0.9691	 0.0000	 0.9738	 
m70719c1r9.htb	  90.0	  0.03	 2.000	  5.00	  5.00	 30.00	 180.0000		 0.0271	 28.0531	 0.5228	 0.0663	 0.0663	 0.0314	 
m70719c2r9.htb	  90.0	  0.03	 2.000	 -5.00	  0.00	 30.00	 0.0000		 0.0137	 31.3899	 0.3224	 0.1836	 0.0179	 0.2697	 
m70719c2r9.htb	  90.0	  0.03	 2.000	 -5.00	  0.00	 30.00	 180.0000		 -0.0073	 32.3309	 0.1810	 0.3413	 0.0052	 0.5531	 
m70719c3r9.htb	  90.0	  0.03	 2.000	 -5.00	 -5.00	 30.00	 0.0000		 -0.0546	 22.8421	 0.8006	 0.0065	 0.1950	 0.0001	 
m70719c3r9.htb	  90.0	  0.03	 2.000	 -5.00	 -5.00	 30.00	 180.0000		 -0.0178	 21.4299	 0.0900	 0.5132	 0.0133	 0.3415	 
m70720c1r9.htb	  90.0	  0.03	 2.000	 -5.00	  0.00	 30.00	 0.0000		 0.0135	 20.8546	 0.1789	 0.3444	 0.0102	 0.4066	 
m70720c1r9.htb	  90.0	  0.03	 2.000	 -5.00	  0.00	 30.00	 180.0000		 0.0384	 20.6388	 0.5466	 0.0576	 0.0879	 0.0127	 
m70720c2r9.htb	   0.0	  0.03	 2.000	 -5.00	 -2.00	 30.00	 0.0000		 0.0119	 25.3837	 0.0678	 0.5727	 0.0060	 0.5254	 
m70720c2r9.htb	   0.0	  0.03	 2.000	 -5.00	 -2.00	 30.00	 180.0000		 0.0067	 24.1960	 0.0581	 0.6027	 0.0016	 0.7438	 
m70723c1r9.htb	   0.0	  0.03	 2.000	 -8.00	 -8.00	 30.00	 0.0000		 0.0013	 3.8737	 0.0023	 0.9195	 0.0005	 0.8954	 
m70723c1r9.htb	   0.0	  0.03	 2.000	 -8.00	 -8.00	 30.00	 180.0000		 -0.0028	 4.0550	 0.0145	 0.7973	 0.0024	 0.7777	 
m70730c1r9.htb	   0.0	  0.03	 2.000	 -5.00	  0.00	 30.00	 0.0000		 0.0168	 9.8187	 0.2924	 0.2102	 0.0360	 0.1156	 
m70730c1r9.htb	   0.0	  0.03	 2.000	 -5.00	  0.00	 30.00	 180.0000		 0.0278	 8.6616	 0.7630	 0.0102	 0.1072	 0.0057	 
m70730c1r19.htb	   0.0	  0.03	 2.000	 -5.00	  0.00	 15.00	 0.0000		 0.0176	 11.5117	 0.2582	 0.2443	 0.0226	 0.3811	 
m70730c1r19.htb	   0.0	  0.03	 2.000	 -5.00	  0.00	 15.00	 180.0000		 0.0017	 11.9369	 0.0039	 0.8944	 0.0003	 0.9249	 
m70730c1r29.htb	   0.0	  0.03	 2.000	 -5.00	  0.00	 60.00	 0.0000		 0.0357	 7.7238	 0.7349	 0.0137	 0.1585	 0.0090	 
m70730c1r29.htb	   0.0	  0.03	 2.000	 -5.00	  0.00	 60.00	 180.0000		 0.0092	 8.2061	 0.0665	 0.5766	 0.0115	 0.4991	 
m70730c1r39.htb	   0.0	  0.03	 2.000	 -5.00	  0.00	 80.00	 0.0000		 0.0045	 10.1973	 0.0377	 0.6764	 0.0029	 0.7602	 
m70730c1r39.htb	   0.0	  0.03	 2.000	 -5.00	  0.00	 80.00	 180.0000		 -0.0117	 9.2171	 0.1810	 0.3413	 0.0175	 0.4489	 
m70801c3r9.htb	   0.0	  0.03	 2.000	  5.00	  5.00	 25.00	 0.0000		 0.0685	 42.7340	 0.9347	 0.0004	 0.0964	 0.0089	 
m70801c3r9.htb	   0.0	  0.03	 2.000	  5.00	  5.00	 25.00	 180.0000		 0.0593	 41.7350	 0.4885	 0.0806	 0.0782	 0.0191	 
m70801c3r39.htb	   0.0	  0.03	 2.000	  5.00	  5.00	 100.00	 0.0000		 0.0271	 38.4726	 0.1068	 0.4744	 0.0246	 0.1952	 
m70801c3r39.htb	   0.0	  0.03	 2.000	  5.00	  5.00	 100.00	 180.0000		 0.0467	 38.5595	 0.4774	 0.0856	 0.0687	 0.0283	 
m70802c1r9.htb	   0.0	  0.03	 2.000	 -8.00	 -7.00	 30.00	 0.0000		 0.0191	 10.4260	 0.2749	 0.2270	 0.0298	 0.1531	 
m70802c1r9.htb	   0.0	  0.03	 2.000	 -8.00	 -7.00	 30.00	 180.0000		 0.0377	 10.0909	 0.6079	 0.0387	 0.1483	 0.0010	 
m70807c1r9.htb	   0.0	  0.03	 2.000	  0.00	  0.00	 30.00	 0.0000		 0.0138	 13.3506	 0.2913	 0.2111	 0.0335	 0.1772	 
m70807c1r9.htb	   0.0	  0.03	 2.000	  0.00	  0.00	 30.00	 180.0000		 0.0065	 12.4821	 0.0889	 0.5160	 0.0094	 0.4775	 
m70807c1r29.htb	   0.0	  0.03	 2.000	  0.00	  0.00	 120.00	 0.0000		 -0.0282	 12.3246	 0.6808	 0.0223	 0.1530	 0.0008	 
m70807c1r29.htb	   0.0	  0.03	 2.000	  0.00	  0.00	 120.00	 180.0000		 -0.0114	 11.9723	 0.1278	 0.4312	 0.0177	 0.2723	 
m70809c1r9.htb	 180.0	  0.03	 2.000	  0.00	  2.00	 35.00	 0.0000		 0.0023	 8.5584	 0.0189	 0.7689	 0.0013	 0.7671	 
m70809c1r9.htb	 180.0	  0.03	 2.000	  0.00	  2.00	 35.00	 180.0000		 0.0163	 7.9067	 0.4618	 0.0931	 0.0550	 0.0507	 
m70810c1r9.htb	  90.0	  0.03	 2.000	  0.00	  0.00	 30.00	 90.0000		 0.0165	 3.8211	 0.5470	 0.0574	 0.0635	 0.0353	 
m70810c1r9.htb	  90.0	  0.03	 2.000	  0.00	  0.00	 30.00	 270.0000		 0.0122	 3.5561	 0.5255	 0.0653	 0.0372	 0.1095	 
m70810c1r19.htb	  90.0	  0.03	 2.000	  0.00	  0.00	 60.00	 90.0000		 0.0025	 1.9572	 0.0352	 0.6871	 0.0037	 0.6149	 
m70810c1r19.htb	  90.0	  0.03	 2.000	  0.00	  0.00	 60.00	 270.0000		 0.0023	 1.8845	 0.0641	 0.5838	 0.0046	 0.5784	 
m70810c1r29.htb	  90.0	  0.03	 2.000	  0.00	  0.00	 120.00	 90.0000		 0.0069	 1.5806	 0.1782	 0.3455	 0.0327	 0.1339	 
m70810c1r29.htb	  90.0	  0.03	 2.000	  0.00	  0.00	 120.00	 270.0000		 0.0065	 1.5289	 0.6080	 0.0387	 0.0375	 0.1081	 
m70815c1r9.htb	   0.0	  0.03	 2.000	  0.00	  0.00	 12.50	 0.0000		 -0.0020	 9.2574	 0.0192	 0.7672	 0.0005	 0.8575	 
m70815c1r9.htb	   0.0	  0.03	 2.000	  0.00	  0.00	 12.50	 180.0000		 0.0043	 8.6378	 0.0387	 0.6726	 0.0023	 0.6903	 
m70816c1r9.htb	   0.0	  0.03	 2.000	  6.00	  5.00	 25.00	 0.0000		 0.0250	 8.5997	 0.3705	 0.1469	 0.0620	 0.0490	 
m70816c1r9.htb	   0.0	  0.03	 2.000	  6.00	  5.00	 25.00	 180.0000		 0.0393	 8.5642	 0.6930	 0.0201	 0.0999	 0.0103	 
m70816c1r19.htb	   0.0	  0.03	 2.000	  6.00	  5.00	 50.00	 0.0000		 0.0197	 6.5220	 0.4960	 0.0773	 0.0303	 0.1492	 
m70816c1r19.htb	   0.0	  0.03	 2.000	  6.00	  5.00	 50.00	 180.0000		 0.0400	 7.4049	 0.4041	 0.1249	 0.0776	 0.0195	 
m70816c1r29.htb	   0.0	  0.03	 2.000	  6.00	  5.00	 100.00	 0.0000		 -0.0182	 7.8944	 0.2684	 0.2336	 0.0219	 0.2212	 
m70816c1r29.htb	   0.0	  0.03	 2.000	  6.00	  5.00	 100.00	 180.0000		 0.0402	 7.1156	 0.6533	 0.0278	 0.0996	 0.0078	 
m70816c1r39.htb	   0.0	  0.03	 2.000	  6.00	  5.00	 12.50	 0.0000		 -0.0202	 13.8986	 0.2062	 0.3061	 0.0137	 0.3352	 
m70816c1r39.htb	   0.0	  0.03	 2.000	  6.00	  5.00	 12.50	 180.0000		 0.0067	 13.1163	 0.0463	 0.6431	 0.0022	 0.6980	 
m70817c1r9.htb	 180.0	  0.03	 2.000	  3.00	  0.00	 40.00	 0.0000		 0.0143	 4.3143	 0.5675	 0.0506	 0.0435	 0.0513	 
m70817c1r9.htb	 180.0	  0.03	 2.000	  3.00	  0.00	 40.00	 180.0000		 0.0254	 3.9166	 0.7239	 0.0152	 0.1473	 0.0002	 
m70817c1r19.htb	 180.0	  0.03	 2.000	  3.00	  0.00	 80.00	 0.0000		 0.0118	 3.5160	 0.2771	 0.2248	 0.0458	 0.0752	 
m70817c1r19.htb	 180.0	  0.03	 2.000	  3.00	  0.00	 80.00	 180.0000		 0.0206	 3.2833	 0.7087	 0.0175	 0.1206	 0.0032	 
m70817c1r39.htb	 180.0	  0.03	 2.000	  3.00	  0.00	 20.00	 0.0000		 0.0138	 4.0116	 0.6145	 0.0370	 0.0400	 0.0771	 
m70817c1r39.htb	 180.0	  0.03	 2.000	  3.00	  0.00	 20.00	 180.0000		 0.0193	 3.8632	 0.6978	 0.0193	 0.1126	 0.0021	 
m70820c1r9.htb	 180.0	  0.03	 2.000	  0.00	  0.00	 35.00	 0.0000		 -0.0081	 15.3866	 0.0227	 0.7472	 0.0027	 0.6717	 
m70820c1r9.htb	 180.0	  0.03	 2.000	  0.00	  0.00	 35.00	 180.0000		 0.0022	 15.2708	 0.0069	 0.8590	 0.0002	 0.9046	 
m70820c1r19.htb	 180.0	  0.03	 2.000	  0.00	  0.00	 70.00	 0.0000		 0.0155	 12.1310	 0.4721	 0.0881	 0.0145	 0.3201	 
m70820c1r19.htb	 180.0	  0.03	 2.000	  0.00	  0.00	 70.00	 180.0000		 0.0034	 12.6431	 0.0079	 0.8493	 0.0009	 0.8014	 
m70822c1r9.htb	 180.0	  0.03	 2.000	 -5.00	 -7.00	 30.00	 0.0000		 -0.0015	 7.9642	 0.0033	 0.9028	 0.0003	 0.8796	 
m70822c1r9.htb	 180.0	  0.03	 2.000	 -5.00	 -7.00	 30.00	 180.0000		 0.0068	 7.8035	 0.0763	 0.5487	 0.0049	 0.5656	 
m70822c1r29.htb	 180.0	  0.03	 2.000	 -5.00	 -7.00	 120.00	 0.0000		 -0.0028	 5.7325	 0.0118	 0.8166	 0.0021	 0.7079	 
m70822c1r29.htb	 180.0	  0.03	 2.000	 -5.00	 -7.00	 120.00	 180.0000		 0.0028	 5.5533	 0.0276	 0.7218	 0.0019	 0.7237	 
m70823c1r9.htb	 180.0	  0.03	 2.000	  0.00	 -7.00	 20.00	 0.0000		 0.0059	 2.1430	 0.4590	 0.0945	 0.0242	 0.1983	 
m70823c1r9.htb	 180.0	  0.03	 2.000	  0.00	 -7.00	 20.00	 180.0000		 -0.0043	 2.6463	 0.2222	 0.2857	 0.0107	 0.3931	 
m70823c1r19.htb	 180.0	  0.03	 2.000	  0.00	 -7.00	 40.00	 0.0000		 0.0049	 1.0542	 0.2720	 0.2299	 0.0318	 0.1397	 
m70823c1r19.htb	 180.0	  0.03	 2.000	  0.00	 -7.00	 40.00	 180.0000		 0.0091	 0.9970	 0.6702	 0.0243	 0.1075	 0.0056	 
m70823c1r29.htb	 180.0	  0.03	 2.000	  0.00	 -7.00	 80.00	 0.0000		 -0.0029	 1.5795	 0.2388	 0.2658	 0.0065	 0.3426	 
m70823c1r29.htb	 180.0	  0.03	 2.000	  0.00	 -7.00	 80.00	 180.0000		 0.0020	 1.3880	 0.0984	 0.4932	 0.0037	 0.4769	 
m70823c1r39.htb	 180.0	  0.03	 2.000	  0.00	 -7.00	 10.00	 0.0000		 -0.0008	 0.6551	 0.0247	 0.7364	 0.0025	 0.6836	 
m70823c1r39.htb	 180.0	  0.03	 2.000	  0.00	 -7.00	 10.00	 180.0000		 0.0040	 0.4529	 0.6394	 0.0309	 0.0448	 0.0784	 
m70827c1r9.htb	   0.0	  0.03	 2.000	  0.00	 -5.00	 100.00	 0.0000		 0.0161	 15.8586	 0.3386	 0.1705	 0.0224	 0.2158	 
m70827c1r9.htb	   0.0	  0.03	 2.000	  0.00	 -5.00	 100.00	 180.0000		 0.0300	 16.5317	 0.4469	 0.1007	 0.0407	 0.0939	 
m70827c1r29.htb	   0.0	  0.03	 2.000	  0.00	 -5.00	 25.00	 0.0000		 -0.0042	 22.7674	 0.0417	 0.6607	 0.0009	 0.8117	 
m70827c1r29.htb	   0.0	  0.03	 2.000	  0.00	 -5.00	 25.00	 180.0000		 0.0462	 22.4451	 0.8140	 0.0054	 0.0868	 0.0155	 
m70828c1r9.htb	 220.0	  0.03	 2.000	 -5.00	 -10.00	 25.00	 0.0000		 0.0082	 1.5815	 0.7481	 0.0120	 0.0354	 0.1189	 
m70828c1r9.htb	 220.0	  0.03	 2.000	 -5.00	 -10.00	 25.00	 180.0000		 0.0053	 1.5337	 0.2354	 0.2697	 0.0195	 0.2492	 
m70828c1r19.htb	 220.0	  0.03	 2.000	  0.00	  0.00	 50.00	 0.0000		 0.0280	 8.9401	 0.7131	 0.0168	 0.0470	 0.0714	 
m70828c1r19.htb	 220.0	  0.03	 2.000	  0.00	  0.00	 50.00	 180.0000		 0.0017	 8.3628	 0.0045	 0.8863	 0.0002	 0.9159	 
m70831c1r9.htb	 180.0	  0.03	 2.000	  5.00	 -7.00	 30.00	 0.0000		 0.0235	 24.4842	 0.3148	 0.1900	 0.0430	 0.0848	 
m70831c1r9.htb	 180.0	  0.03	 2.000	  5.00	 -7.00	 30.00	 180.0000		 0.0301	 23.2101	 0.4939	 0.0782	 0.0827	 0.0158	 
m70831c1r29.htb	 180.0	  0.03	 2.000	  5.00	 -7.00	 120.00	 0.0000		 -0.0162	 22.7292	 0.1552	 0.3819	 0.0222	 0.2188	 
m70831c1r29.htb	 180.0	  0.03	 2.000	  5.00	 -7.00	 120.00	 180.0000		 -0.0204	 23.4826	 0.3531	 0.1595	 0.0349	 0.1217	 
m70905c1r9.htb	 180.0	  0.03	 2.000	  0.00	  0.00	 40.00	 0.0000		 0.0042	 9.3950	 0.0331	 0.6963	 0.0019	 0.7216	 
m70905c1r9.htb	 180.0	  0.03	 2.000	  0.00	  0.00	 40.00	 180.0000		 0.0435	 7.9702	 0.8490	 0.0032	 0.1508	 0.0009	 
m70905c1r39.htb	 180.0	  0.03	 2.000	  0.00	  0.00	 20.00	 0.0000		 0.0195	 6.2069	 0.7300	 0.0143	 0.0461	 0.0743	 
m70905c1r39.htb	 180.0	  0.03	 2.000	  0.00	  0.00	 20.00	 180.0000		 0.0227	 7.1582	 0.3507	 0.1612	 0.0512	 0.0596	 
