FILE			 PrfOR	 PrfSF	 PrfTF	 RFXctr	 RFYctr	 RFDiam	 GrType	 Spont	 SI		 AnovaP	 SDI		 VarTerm	 MaxX 	 MinX 	 RsqMn	 PMean	 RsqRaw	 Praw		 ErfChi2	 ErfChiP	 DiffErfChi2	 DiffErfChiP	 Ke		 a		 Ki			 b+a		 DC_off	 Halfmax_slope	 F_SI	 P_SI	
m60110c1r5.htb	   0.0	  0.05	 2.000	  0.00	  0.00	 50.00	   0.0	 1.0945	  0.00	 0.0000	  0.52	  0.55	 64.000	 1.00000000	 0.366	  0.000	  0.37	  0.00	  0.2589	 0.9923	 0.25892692		 0.8786	 7.12097393	 100.0000	 2.64628172	 100.00	  0.94	 0.0490	 -0.0000	 1.0000	 
m60110c1r5.htb	   0.0	  0.05	 2.000	  0.00	  0.00	 50.00	   1.0	 1.0945	  0.00	 0.0002	  0.49	  0.50	 64.000	 1.00000000	 0.156	  0.001	  0.16	  0.00	  2.0503	 0.7265	 2.05029584		 0.3587	 1.26554753	 8.1151	 0.00000000	  9.23	  0.70	 0.1544	 -0.0000	 1.0000	 
m60110c2r6.htb	  30.0	  0.05	 1.000	  3.00	 -7.00	 30.00	   0.0	 2.7529	  0.00	 0.6748	  0.20	  1.60	 64.000	 1.00000000	 0.033	  0.074	  0.03	  0.07	  0.0377	 0.9998	 0.03766800		 0.9813	 20.53777682	 19.7628	 18.47767058	 20.19	  1.10	 0.1278	 0.0007	 0.9993	 
m60110c2r6.htb	  30.0	  0.05	 1.000	  3.00	 -7.00	 30.00	   1.0	 2.7529	  0.01	 0.6997	  0.15	  1.67	 64.000	 1.00000000	 0.036	  0.061	  0.04	  0.06	  0.0039	 1.0000	 0.00374590		 0.9981	 8.12071475	 29.8641	 6.24324638	 32.96	  1.71	 0.0860	 0.0007	 0.9993	 
m60110c3r6.htb	  90.0	  0.03	 2.000	 20.00	 -15.00	 30.00	   0.0	 8.7420	  0.00	 0.0000	  0.63	  0.61	 64.000	 1.00000000	 0.701	  0.000	  0.70	  0.00	  0.5721	 0.9661	 0.57131120		 0.7515	 19.55081061	 25.2963	 1.52573599	 27.10	  7.70	 0.7395	 -0.0011	 1.0000	 
m60110c3r6.htb	  90.0	  0.03	 2.000	 20.00	 -15.00	 30.00	   1.0	 8.7420	  0.00	 0.0000	  0.77	  0.38	 64.000	 1.00000000	 0.886	  0.000	  0.89	  0.00	  0.6872	 0.9529	 0.68819996		 0.7089	 21.44848683	 16.0001	 1.10723411	 18.92	  4.92	 1.3096	 -0.0011	 1.0000	 
m60125c1r7.htb	  30.0	  0.05	 2.000	  0.00	  0.00	 50.00	   0.0	 6.2811	  0.00	 0.0004	  0.54	  0.37	 64.000	 1.00000000	 0.390	  0.000	  0.39	  0.00	  0.3795	 0.9841	 0.37957337		 0.8271	 4.58320973	 45.1238	 0.00614817	 50.86	  5.26	 0.1063	 0.0556	 0.9459	 
m60125c1r7.htb	  30.0	  0.05	 2.000	  0.00	  0.00	 50.00	   1.0	 6.2811	  0.03	 0.4874	  0.35	  0.40	 64.000	 1.00000000	 0.004	  0.661	  0.00	  0.66	  0.5168	 0.9718	 0.49012334		 0.7827	 7.64858003	 1.1404	 3.72849310	  1.59	  3.03	 1.3268	 0.0556	 0.9459	 
m60125c2r6.htb	  30.0	  0.03	 2.000	 -7.00	 -3.00	 40.00	   0.0	 6.1194	  0.00	 0.0000	  0.62	  0.52	 64.000	 1.00000000	 0.647	  0.000	  0.65	  0.00	  1.1574	 0.8851	 1.15753768		 0.5606	 13.28874244	 52.2200	 0.01976769	 56.06	  5.62	 0.2681	 -0.0000	 1.0000	 
m60125c2r6.htb	  30.0	  0.03	 2.000	 -7.00	 -3.00	 40.00	   1.0	 6.1194	  0.00	 0.0000	  0.68	  0.46	 64.000	 1.00000000	 0.750	  0.000	  0.75	  0.00	  0.2569	 0.9924	 0.25693076		 0.8794	 14.09614036	 47.1412	 0.00000000	 50.36	  5.59	 0.3138	 -0.0000	 1.0000	 
m60125c3r6.htb	  30.0	  0.03	 2.000	 -8.00	 -18.00	 30.00	   0.0	 3.2338	  0.09	 0.0000	  0.70	  0.59	 64.000	 1.00000000	 0.840	  0.000	  0.84	  0.00	  1.0850	 0.8966	 0.72489677		 0.6960	 72.35706955	 57.3662	 91.29353234	 128.75	  1.50	 0.5877	 0.4587	 0.6342	 
m60125c3r6.htb	  30.0	  0.03	 2.000	 -8.00	 -18.00	 30.00	   1.0	 3.2338	  0.09	 0.0000	  0.69	  0.59	 64.000	 1.00000000	 0.793	  0.000	  0.79	  0.00	  1.6082	 0.8073	 1.36341320		 0.5058	 86.31840796	 37.7451	 73.22732835	 44.57	  1.81	 0.6776	 0.4587	 0.6342	 
m60125c4r7.htb	  90.0	  0.05	 2.000	  0.00	 -8.00	 30.00	   0.0	 4.4776	  0.27	 0.0000	  0.67	  0.66	 64.000	 1.00000000	 0.639	  0.000	  0.64	  0.00	  5.4314	 0.2458	 4.33177134		 0.1146	 41.26078241	 32.5579	 46.54094642	 107.06	  4.20	 0.8780	 2.8074	 0.0717	 
m60125c4r7.htb	  90.0	  0.05	 2.000	  0.00	 -8.00	 30.00	   1.0	 4.4776	  0.31	 0.0000	  0.62	  0.71	 64.000	 1.00000000	 0.684	  0.000	  0.68	  0.00	  2.1556	 0.7072	 0.43341556		 0.8052	 118.69225302	 23.5095	 106.41852716	 28.76	  4.05	 1.4097	 2.8074	 0.0717	 
m60201c2r6.htb	  90.0	  0.03	 2.000	  0.00	 -10.00	 50.00	   0.0	 15.3731	  0.07	 0.0000	  0.65	  0.45	 64.000	 1.00000000	 0.743	  0.000	  0.74	  0.00	  0.4567	 0.9776	 0.37903878		 0.8274	 91.16481589	 63.8389	 144.52736318	 162.64	 12.95	 0.5754	 1.2483	 0.2938	 
m60201c2r6.htb	  90.0	  0.03	 2.000	  0.00	 -10.00	 50.00	   1.0	 15.3731	  0.07	 0.0000	  0.65	  0.46	 64.000	 1.00000000	 0.718	  0.000	  0.72	  0.00	  0.8860	 0.9266	 0.38670119		 0.8242	 101.84469292	 66.0663	 155.72139303	 155.29	 14.00	 0.5750	 1.2483	 0.2938	 
m60201c3r9.htb	 270.0	  0.03	 2.000	  8.00	 -15.00	 50.00	   0.0	 6.1360	  0.11	 0.0000	  0.69	  0.69	 64.000	 1.00000000	 0.814	  0.000	  0.81	  0.00	  1.1657	 0.8837	 1.02632481		 0.5986	 63.41718984	 38.1141	 48.60643529	 72.35	  2.67	 1.0464	 0.8241	 0.4467	 
m60201c3r9.htb	 270.0	  0.03	 2.000	  8.00	 -15.00	 50.00	   1.0	 6.1360	  0.18	 0.0000	  0.69	  0.68	 64.000	 1.00000000	 0.809	  0.000	  0.81	  0.00	  1.8600	 0.7615	 1.47720967		 0.4778	 95.66161240	 50.0717	 143.03482587	 146.44	  3.23	 0.9927	 0.8241	 0.4467	 
m60201c4r10.htb	 270.0	  0.05	 2.000	  8.00	 -18.00	 50.00	   0.0	 2.9851	  0.00	 0.0000	  0.59	  0.40	 64.000	 1.00000000	 0.516	  0.000	  0.52	  0.00	  0.4857	 0.9749	 0.48586800		 0.7843	 5.19206132	 42.3961	 0.12045722	 45.33	  2.86	 0.1252	 0.0000	 1.0000	 
m60201c4r10.htb	 270.0	  0.05	 2.000	  8.00	 -18.00	 50.00	   1.0	 2.9851	  0.00	 0.0000	  0.57	  0.41	 64.000	 1.00000000	 0.527	  0.000	  0.53	  0.00	  0.0799	 0.9992	 0.07984851		 0.9609	 7.14932005	 37.2982	 1.85607657	 38.09	  2.78	 0.1487	 0.0000	 1.0000	 
m60201c5r8.htb	 100.0	  0.03	 2.000	 10.00	 -10.00	 50.00	   0.0	 3.9090	  0.00	 0.0000	  0.67	  0.93	 64.000	 1.00000000	 0.835	  0.000	  0.84	  0.00	  2.0008	 0.7356	 2.00037739		 0.3678	 27.90432219	 44.7756	 2.36712474	 47.67	  0.65	 0.6004	 0.0000	 1.0000	 
m60201c5r8.htb	 100.0	  0.03	 2.000	 10.00	 -10.00	 50.00	   1.0	 3.9090	  0.00	 0.0000	  0.63	  0.95	 64.000	 1.00000000	 0.753	  0.000	  0.75	  0.00	  1.4564	 0.8343	 1.45665109		 0.4827	 21.54114092	 38.9065	 0.17722168	 39.66	  0.92	 0.5720	 0.0000	 1.0000	 
m60203c1r6.htb	   0.0	  0.03	 2.000	 -2.00	 -12.00	 50.00	   0.0	 5.6385	  0.00	 0.0000	  0.71	  0.36	 64.000	 1.00000000	 0.773	  0.000	  0.77	  0.00	  2.9415	 0.5677	 2.94143913		 0.2298	 12.77490908	 38.8803	 0.00000000	 39.05	  5.19	 0.3422	 0.0000	 1.0000	 
m60203c1r6.htb	   0.0	  0.03	 2.000	 -2.00	 -12.00	 50.00	   1.0	 5.6385	  0.00	 0.0000	  0.74	  0.33	 64.000	 1.00000000	 0.858	  0.000	  0.86	  0.00	  3.0195	 0.5546	 3.01964348		 0.2209	 14.33007064	 34.1429	 0.00000000	 34.18	  4.78	 0.4356	 0.0000	 1.0000	 
m60203c2r9.htb	   0.0	  0.03	 2.000	 -5.00	 -10.00	 40.00	   0.0	 10.6136	  0.00	 0.0000	  0.76	  0.34	 64.000	 1.00000000	 0.835	  0.000	  0.83	  0.00	  1.0222	 0.9064	 1.02227395		 0.5998	 19.14142817	 70.8201	 0.00000000	 72.63	  7.80	 0.2904	 0.0000	 1.0000	 
m60203c2r9.htb	   0.0	  0.03	 2.000	 -5.00	 -10.00	 40.00	   1.0	 10.6136	  0.00	 0.0000	  0.69	  0.37	 64.000	 1.00000000	 0.780	  0.000	  0.78	  0.00	  1.4251	 0.8398	 1.42503909		 0.4904	 15.43871620	 41.4467	 2.18347401	 41.80	  8.47	 0.3343	 0.0000	 1.0000	 
m60203c3r6.htb	   0.0	  0.03	 2.000	  5.00	 -20.00	 40.00	   0.0	 9.0796	  0.00	 0.0022	  0.56	  0.58	 64.000	 1.00000000	 0.475	  0.000	  0.47	  0.00	  2.5343	 0.6385	 2.53422557		 0.2816	 9.68182009	 22.3786	 1.66889182	 22.38	  4.28	 0.3687	 0.0000	 1.0000	 
m60203c3r6.htb	   0.0	  0.03	 2.000	  5.00	 -20.00	 40.00	   1.0	 9.0796	  0.00	 0.0506	  0.53	  0.65	 64.000	 1.00000000	 0.419	  0.000	  0.42	  0.00	  0.2900	 0.9905	 0.28986478		 0.8651	 7.95758438	 24.8694	 0.00000000	 25.64	  5.40	 0.3301	 0.0000	 1.0000	 
m60207c1r6.htb	 120.0	  0.03	 4.000	 -8.00	 -12.00	 50.00	   0.0	 0.9950	  0.00	 0.0000	  0.59	  0.63	 64.000	 1.00000000	 0.608	  0.000	  0.61	  0.00	  1.2589	 0.8683	 1.25887775		 0.5329	 10.10893054	 100.0000	 0.61528779	 100.00	  0.49	 0.1040	 0.0000	 1.0000	 
m60207c1r6.htb	 120.0	  0.03	 4.000	 -8.00	 -12.00	 50.00	   1.0	 0.9950	  0.00	 0.0000	  0.65	  0.53	 64.000	 1.00000000	 0.615	  0.000	  0.61	  0.00	  2.2154	 0.6962	 2.21543566		 0.3303	 16.41898766	 84.7290	 5.88840982	 85.61	  0.77	 0.1357	 0.0000	 1.0000	 
m60207c2r6.htb	 300.0	  0.03	 4.000	  0.00	 -2.00	 50.00	   0.0	 4.9751	  0.00	 0.0000	  0.59	  0.44	 64.000	 1.00000000	 0.499	  0.000	  0.50	  0.00	  0.5663	 0.9667	 0.56631838		 0.7534	 10.79490901	 100.0000	 0.00000000	 108.78	  5.25	 0.1182	 0.0000	 1.0000	 
m60207c2r6.htb	 300.0	  0.03	 4.000	  0.00	 -2.00	 50.00	   1.0	 4.9751	  0.00	 0.0000	  0.62	  0.43	 64.000	 1.00000000	 0.619	  0.000	  0.62	  0.00	  0.1039	 0.9987	 0.10393727		 0.9494	 7.80775521	 39.8366	 0.00000000	 40.90	  4.32	 0.2043	 0.0000	 1.0000	 
m60207c3r6.htb	  50.0	  0.03	 4.000	 -5.00	 -5.00	 50.00	   0.0	 9.8010	  0.00	 0.0000	  0.61	  0.52	 64.000	 1.00000000	 0.527	  0.000	  0.53	  0.00	  0.7513	 0.9449	 0.75126248		 0.6869	 17.87762376	 100.0000	 0.00000000	 122.55	  9.29	 0.1958	 0.0000	 1.0000	 
m60207c3r6.htb	  50.0	  0.03	 4.000	 -5.00	 -5.00	 50.00	   1.0	 9.8010	  0.00	 0.0000	  0.63	  0.55	 64.000	 1.00000000	 0.630	  0.000	  0.63	  0.00	  1.0260	 0.9058	 1.02599404		 0.5987	 21.54460586	 100.0000	 0.00000000	 112.83	  8.95	 0.2359	 0.0000	 1.0000	 
m60207c4r5.htb	  30.0	  0.03	 2.000	 10.00	 10.00	 50.00	   0.0	 8.3582	  0.00	 0.0000	  0.52	  0.78	 64.000	 1.00000000	 0.359	  0.000	  0.36	  0.00	  0.8135	 0.9366	 0.81351943		 0.6658	 12.34952851	 41.5865	 0.26652791	 42.96	  7.67	 0.3035	 0.0000	 1.0000	 
m60207c4r5.htb	  30.0	  0.03	 2.000	 10.00	 10.00	 50.00	   1.0	 8.3582	  0.00	 0.0000	  0.49	  0.81	 64.000	 1.00000000	 0.359	  0.000	  0.36	  0.00	  0.3465	 0.9866	 0.34648646		 0.8409	 12.18815001	 42.2008	 0.00016917	 43.52	  8.26	 0.3017	 0.0000	 1.0000	 
m60301c1r6.htb	  30.0	  0.03	 2.000	  0.00	 -5.00	 40.00	   0.0	 3.5821	  0.00	 0.0000	  0.75	  0.40	 64.000	 1.00000000	 0.843	  0.000	  0.84	  0.00	  0.3525	 0.9862	 0.35234023		 0.8385	 15.98134289	 32.1787	 0.63794575	 36.86	  2.93	 0.4969	 0.0000	 1.0000	 
m60301c1r6.htb	  30.0	  0.03	 2.000	  0.00	 -5.00	 40.00	   1.0	 3.5821	  0.00	 0.0000	  0.70	  0.35	 64.000	 1.00000000	 0.799	  0.000	  0.80	  0.00	  0.9693	 0.9144	 0.96927576		 0.6159	 10.72604011	 22.7651	 0.00003505	 23.57	  3.65	 0.4853	 0.0000	 1.0000	 
m60301c2r7.htb	  30.0	  0.03	 2.000	 -5.00	 -10.00	 40.00	   0.0	 8.9552	  0.07	 0.0000	  0.56	  0.59	 64.000	 1.00000000	 0.612	  0.000	  0.61	  0.00	  0.3629	 0.9854	 0.19550354		 0.9069	 81.36414753	 65.2000	 124.37810945	 155.67	 11.14	 0.4790	 0.3055	 0.7378	 
m60301c2r7.htb	  30.0	  0.03	 2.000	 -5.00	 -10.00	 40.00	   1.0	 8.9552	  0.06	 0.0000	  0.69	  0.46	 64.000	 1.00000000	 0.754	  0.000	  0.75	  0.00	  1.0196	 0.9068	 0.92362507		 0.6301	 35.46058901	 37.5328	 25.03009929	 83.25	  9.91	 0.6787	 0.3055	 0.7378	 
m60301c3r6.htb	  30.0	  0.03	 4.000	 10.00	 -5.00	 40.00	   0.0	 5.6716	  0.00	 0.0000	  0.64	  0.97	 64.000	 1.00000000	 0.704	  0.000	  0.70	  0.00	  0.9206	 0.9216	 0.91743972		 0.6321	 28.56533246	 32.9566	 2.15382016	 36.93	  3.82	 0.8384	 0.0001	 0.9999	 
m60301c3r6.htb	  30.0	  0.03	 4.000	 10.00	 -5.00	 40.00	   1.0	 5.6716	  0.00	 0.0000	  0.61	  0.92	 64.000	 1.00000000	 0.656	  0.000	  0.66	  0.00	  1.3701	 0.8494	 1.36905869		 0.5043	 22.17286576	 26.2789	 0.92511327	 27.58	  4.37	 0.8367	 0.0001	 0.9999	 
m60301c4r6.htb	  30.0	  0.03	 4.000	 20.00	 -10.00	 50.00	   0.0	 7.3134	  0.00	 0.0000	  0.56	  0.38	 64.000	 1.00000000	 0.542	  0.000	  0.54	  0.00	  0.3197	 0.9885	 0.31984210		 0.8522	 7.44895027	 20.6486	 1.10104904	 20.75	  6.08	 0.3163	 -0.0000	 1.0000	 
m60301c4r6.htb	  30.0	  0.03	 4.000	 20.00	 -10.00	 50.00	   1.0	 7.3134	  0.00	 0.0000	  0.57	  0.41	 64.000	 1.00000000	 0.513	  0.000	  0.51	  0.00	  1.1979	 0.8784	 1.19785030		 0.5494	 6.96818702	 25.0137	 0.47978529	 25.02	  6.76	 0.2676	 -0.0000	 1.0000	 
m60302c1r7.htb	  30.0	  0.03	 2.000	  0.00	 -2.00	 50.00	   0.0	 2.7861	  0.00	 0.0000	  0.65	  0.43	 64.000	 1.00000000	 0.647	  0.000	  0.65	  0.00	  0.5600	 0.9674	 0.56001910		 0.7558	 10.40654805	 25.2561	 3.33444598	 25.28	  1.98	 0.2891	 0.0002	 0.9998	 
m60302c1r7.htb	  30.0	  0.03	 2.000	  0.00	 -2.00	 50.00	   1.0	 2.7861	  0.00	 0.0000	  0.66	  0.39	 64.000	 1.00000000	 0.625	  0.000	  0.62	  0.00	  0.6599	 0.9562	 0.65990910		 0.7190	 6.87420956	 16.6328	 0.58655695	 17.66	  2.09	 0.3886	 0.0002	 0.9998	 
m60302c3r6.htb	  30.0	  0.03	 4.000	 -5.00	 -5.00	 60.00	   0.0	 1.9900	  0.00	 0.0000	  0.53	  0.51	 64.000	 1.00000000	 0.318	  0.000	  0.32	  0.00	  1.1859	 0.8804	 1.18595338		 0.5527	 3.90331254	 100.0000	 0.00000000	 101.92	  1.30	 0.0427	 -0.0000	 1.0000	 
m60302c3r6.htb	  30.0	  0.03	 4.000	 -5.00	 -5.00	 60.00	   1.0	 1.9900	  0.00	 0.0008	  0.51	  0.55	 64.000	 1.00000000	 0.219	  0.000	  0.22	  0.00	  1.0654	 0.8997	 1.06543852		 0.5870	 3.53649160	 100.0000	 0.00000000	 105.09	  1.44	 0.0387	 -0.0000	 1.0000	 
m60302c4r6.htb	   0.0	  0.03	 2.000	 -5.00	  0.00	 50.00	   0.0	 8.2587	  0.10	 0.0000	  0.74	  0.38	 64.000	 1.00000000	 0.838	  0.000	  0.84	  0.00	  1.4888	 0.8286	 1.06813450		 0.5862	 86.88864765	 58.4230	 134.82587065	 157.14	  8.56	 0.6704	 -0.0000	 1.0000	 
m60302c4r6.htb	   0.0	  0.03	 2.000	 -5.00	  0.00	 50.00	   1.0	 8.2587	  0.00	 0.0000	  0.71	  0.47	 64.000	 1.00000000	 0.772	  0.000	  0.77	  0.00	  0.3700	 0.9849	 0.37013670		 0.8310	 20.55787689	 20.2667	 2.78844096	 20.28	  7.56	 0.9009	 -0.0000	 1.0000	 
m60404c3r6.htb	   0.0	  0.03	 1.000	 10.00	 10.00	 40.00	   0.0	 2.4876	  0.00	 0.0000	  0.58	  0.60	 64.000	 1.00000000	 0.553	  0.000	  0.55	  0.00	  0.2352	 0.9936	 0.23516530		 0.8891	 7.44505094	 26.6935	 0.01034565	 27.02	  1.51	 0.2877	 1.0447	 0.3576	 
m60404c3r6.htb	   0.0	  0.03	 1.000	 10.00	 10.00	 40.00	   1.0	 2.4876	  0.21	 0.0000	  0.60	  0.53	 64.000	 1.00000000	 0.621	  0.000	  0.62	  0.00	  0.4011	 0.9824	 0.11093575		 0.9460	 21.38856663	 40.1185	 23.15321928	 98.23	  1.42	 0.3148	 1.0447	 0.3576	 
m60404c4r6.htb	   0.0	  0.03	 1.000	 10.00	  5.00	 40.00	   0.0	 3.1509	  0.00	 0.0009	  0.68	  0.42	 64.000	 1.00000000	 0.751	  0.000	  0.75	  0.00	  0.8731	 0.9284	 0.87320847		 0.6462	 11.06601858	 28.6327	 0.57592312	 29.22	  4.19	 0.3793	 0.0000	 1.0000	 
m60404c4r6.htb	   0.0	  0.03	 1.000	 10.00	  5.00	 40.00	   1.0	 3.1509	  0.00	 0.0000	  0.80	  0.29	 64.000	 1.00000000	 0.849	  0.000	  0.85	  0.00	 100.1330	 0.0000	 100.11339647		 0.0000	 12.79450278	 15.7342	 1.82707036	 16.83	  2.74	 0.7192	 0.0000	 1.0000	 
m60404c5r6.htb	   0.0	  0.03	 2.000	  0.00	  0.00	 40.00	   0.0	 5.4104	  0.00	 0.0000	  0.60	  0.51	 64.000	 1.00000000	 0.723	  0.000	  0.72	  0.00	  0.0833	 0.9992	 0.08331520		 0.9592	 9.38423969	 35.7989	 0.00977427	 39.04	  3.90	 0.2721	 0.0000	 1.0000	 
m60404c5r6.htb	   0.0	  0.03	 2.000	  0.00	  0.00	 40.00	   1.0	 5.4104	  0.00	 0.0000	  0.67	  0.38	 64.000	 1.00000000	 0.676	  0.000	  0.68	  0.00	  2.8026	 0.5914	 2.80293905		 0.2462	 8.10523070	 24.5625	 0.00135851	 27.26	  4.45	 0.3403	 0.0000	 1.0000	 
m60405c2r6.htb	 270.0	  0.03	 2.000	 -10.00	 -15.00	 40.00	   0.0	 6.0199	  0.00	 0.0000	  0.68	  0.57	 64.000	 1.00000000	 0.780	  0.000	  0.78	  0.00	  1.2321	 0.8728	 1.22942155		 0.5408	 16.32866967	 36.6273	 0.85402805	 41.03	  3.01	 0.4419	 0.4959	 0.6113	 
m60405c2r6.htb	 270.0	  0.03	 2.000	 -10.00	 -15.00	 40.00	   1.0	 6.0199	  0.05	 0.0000	  0.71	  0.45	 64.000	 1.00000000	 0.810	  0.000	  0.81	  0.00	  1.1810	 0.8812	 1.01172576		 0.6030	 67.48550691	 63.1653	 93.03482587	 150.13	  3.59	 0.4782	 0.4959	 0.6113	 
m60405c3r6.htb	 270.0	  0.03	 2.000	 -5.00	 -15.00	 40.00	   0.0	 3.6318	  0.00	 0.0000	  0.73	  0.40	 64.000	 1.00000000	 0.827	  0.000	  0.83	  0.00	  2.8614	 0.5813	 2.86150712		 0.2391	 14.45516026	 28.5436	 2.17027383	 28.59	  2.38	 0.4452	 0.0001	 0.9999	 
m60405c3r6.htb	 270.0	  0.03	 2.000	 -5.00	 -15.00	 40.00	   1.0	 3.6318	  0.00	 0.0000	  0.70	  0.48	 64.000	 1.00000000	 0.810	  0.000	  0.81	  0.00	  1.7256	 0.7861	 1.72528928		 0.4220	 14.95928982	 23.7505	 0.64742742	 24.04	  2.01	 0.6215	 0.0001	 0.9999	 
m60414c1r6.htb	 250.0	  0.05	 2.000	 -8.00	 -8.00	 50.00	   0.0	 0.4422	  0.00	 0.0000	  0.68	  0.66	 64.000	 1.00000000	 0.688	  0.000	  0.69	  0.00	  0.6199	 0.9608	 0.61922246		 0.7337	 22.17773654	 87.4651	 9.29597263	 187.47	  0.22	 0.2208	 0.0000	 1.0000	 
m60414c1r6.htb	 250.0	  0.05	 2.000	 -8.00	 -8.00	 50.00	   1.0	 0.4422	  0.00	 0.0000	  0.71	  0.60	 64.000	 1.00000000	 0.759	  0.000	  0.76	  0.00	  0.9770	 0.9133	 0.97702761		 0.6135	 15.95612273	 57.3348	 0.95350140	 58.80	  0.12	 0.2779	 0.0000	 1.0000	 
m60414c3r6.htb	 270.0	  0.05	 2.000	 -10.00	  0.00	 50.00	   0.0	 12.4378	  0.11	 0.0000	  0.73	  0.39	 64.000	 1.00000000	 0.790	  0.000	  0.79	  0.00	  6.4642	 0.1671	 2.80645184		 0.2458	 100.68829755	 61.1529	 150.24875622	 144.30	 11.44	 0.6453	 1.4764	 0.2436	 
m60414c3r6.htb	 270.0	  0.05	 2.000	 -10.00	  0.00	 50.00	   1.0	 12.4378	  0.15	 0.0000	  0.77	  0.32	 64.000	 1.00000000	 0.836	  0.000	  0.84	  0.00	  8.2162	 0.0840	 6.02332566		 0.0492	 93.02393738	 55.8450	 153.73134328	 155.52	 11.25	 0.7215	 1.4764	 0.2436	 
m60419c1r6.htb	 360.0	  0.03	 2.000	 10.00	  5.00	 50.00	   0.0	 5.4726	  0.00	 0.0000	  0.55	  0.54	 64.000	 1.00000000	 0.402	  0.000	  0.40	  0.00	  0.9089	 0.9233	 0.90881269		 0.6348	 8.74297750	 42.1458	 1.31051615	 43.56	  5.22	 0.1852	 0.0001	 0.9999	 
m60419c1r6.htb	 360.0	  0.03	 2.000	 10.00	  5.00	 50.00	   1.0	 5.4726	  0.00	 0.0000	  0.54	  0.53	 64.000	 1.00000000	 0.456	  0.000	  0.46	  0.00	  0.1841	 0.9960	 0.18409029		 0.9121	 10.10599672	 42.5803	 1.63990856	 43.99	  5.84	 0.2090	 0.0001	 0.9999	 
m60419c2r6.htb	  25.0	  0.03	 2.000	 10.00	 -10.00	 40.00	   0.0	 10.1493	  0.00	 0.0001	  0.50	  0.59	 64.000	 1.00000000	 0.332	  0.000	  0.33	  0.00	  0.2064	 0.9950	 0.20639837		 0.9019	 8.22392191	 17.7941	 1.07428108	 17.80	  7.06	 0.4116	 0.0007	 0.9993	 
m60419c2r6.htb	  25.0	  0.03	 2.000	 10.00	 -10.00	 40.00	   1.0	 10.1493	  0.00	 0.0002	  0.46	  0.48	 64.000	 1.00000000	 0.333	  0.000	  0.33	  0.00	  0.0210	 0.9999	 0.02068608		 0.9897	 8.68451997	 27.3806	 2.59524234	 29.09	  8.75	 0.2356	 0.0007	 0.9993	 
m60420c2r5.htb	   0.0	  0.03	 2.000	  5.00	  0.00	 40.00	   0.0	 23.3831	  0.06	 0.0008	  0.67	  0.42	 64.000	 1.00000000	 0.772	  0.000	  0.77	  0.00	  8.0392	 0.0902	 7.63578359		 0.0220	 29.15458768	 17.2270	 11.42260595	 32.64	 15.44	 1.3872	 0.1837	 0.8342	 
m60420c2r5.htb	   0.0	  0.03	 2.000	  5.00	  0.00	 40.00	   1.0	 23.3831	  0.08	 0.0086	  0.62	  0.59	 64.000	 1.00000000	 0.696	  0.000	  0.70	  0.00	  1.5428	 0.6724	 1.15333311		    NaN	 154.28920090	 21.0480	 137.64438063	 22.96	 15.04	 1.3863	 0.1837	 0.8342	 
m60424c1r6.htb	   0.0	  0.03	 2.000	 -10.00	 -10.00	 40.00	   0.0	 0.1244	  0.00	 0.0000	  0.82	  0.49	 64.000	 1.00000000	 0.875	  0.000	  0.87	  0.00	 48.2470	 0.0000	 48.25950849		    NaN	 28.41369603	 64.3995	 0.00013666	 67.91	 -2.01	 0.4713	 0.0003	 0.9997	 
m60424c1r6.htb	   0.0	  0.03	 2.000	 -10.00	 -10.00	 40.00	   1.0	 0.1244	  0.00	 0.0000	  0.88	  0.31	 64.000	 1.00000000	 0.870	  0.000	  0.87	  0.00	 144.9257	 0.0000	 144.91741690		    NaN	 30.14435061	 63.2380	 1.85008438	 67.27	 -2.00	 0.4791	 0.0003	 0.9997	 
m60424c2r6.htb	  90.0	  0.03	 2.000	  8.00	 -8.00	 40.00	   0.0	 0.6841	  0.00	 0.0000	  0.83	  0.48	 64.000	 1.00000000	 0.952	  0.000	  0.95	  0.00	  0.7002	 0.9513	 0.70273462		 0.7037	 30.80095476	 30.9094	 3.57897907	 34.50	 -1.88	 0.9247	 0.9148	 0.4071	 
m60424c2r6.htb	  90.0	  0.03	 2.000	  8.00	 -8.00	 40.00	   1.0	 0.6841	  0.09	 0.0000	  0.85	  0.44	 64.000	 1.00000000	 0.965	  0.000	  0.96	  0.00	  1.1213	 0.8909	 0.43060413		 0.8063	 102.68701664	 54.5554	 138.05970149	 148.72	 -2.07	 1.0143	 0.9148	 0.4071	 
m60515c4r6.htb	   0.0	  0.03	 2.000	 -10.00	 10.00	 40.00	   0.0	 0.9950	  0.00	 0.0000	  0.63	  0.42	 64.000	 1.00000000	 0.674	  0.000	  0.67	  0.00	  0.2652	 0.9919	 0.26516998		 0.8758	 5.82080583	 26.5942	 0.07511117	 27.90	  0.86	 0.2233	 0.0004	 0.9996	 
m60515c4r6.htb	   0.0	  0.03	 2.000	 -10.00	 10.00	 40.00	   1.0	 0.9950	  0.00	 0.0000	  0.66	  0.44	 64.000	 1.00000000	 0.549	  0.000	  0.55	  0.00	  2.3808	 0.6661	 2.38117125		 0.3040	 5.34543312	 23.1918	 0.27818671	 25.32	  1.04	 0.2262	 0.0004	 0.9996	 
m60517c1r6.htb	   0.0	  0.03	 2.000	  0.00	  0.00	 40.00	   0.0	 2.1891	  0.00	 0.0000	  0.71	  0.34	 64.000	 1.00000000	 0.652	  0.000	  0.65	  0.00	  1.6700	 0.7962	 1.67005062		 0.4339	 10.57693110	 28.8268	 4.65237359	 28.83	  1.51	 0.2126	 0.0001	 0.9999	 
m60517c1r6.htb	   0.0	  0.03	 2.000	  0.00	  0.00	 40.00	   1.0	 2.1891	  0.00	 0.0000	  0.66	  0.37	 64.000	 1.00000000	 0.661	  0.000	  0.66	  0.00	  1.7132	 0.7883	 1.71329964		 0.4246	 6.42495177	 20.4114	 1.36261735	 20.58	  1.23	 0.2554	 0.0001	 0.9999	 
m60517c2r6.htb	   0.0	  0.03	 2.000	 -10.00	 -10.00	 40.00	   0.0	 1.5920	  0.00	 0.0000	  0.61	  0.45	 64.000	 1.00000000	 0.596	  0.000	  0.60	  0.00	  0.5099	 0.9725	 0.50992079		 0.7749	 9.49460852	 51.5601	 2.93264538	 51.87	  1.20	 0.1345	 0.0000	 1.0000	 
m60517c2r6.htb	   0.0	  0.03	 2.000	 -10.00	 -10.00	 40.00	   1.0	 1.5920	  0.00	 0.0000	  0.68	  0.41	 64.000	 1.00000000	 0.634	  0.000	  0.63	  0.00	  1.4443	 0.8365	 1.44433578		 0.4857	 8.46305268	 24.8354	 2.72608863	 24.85	  0.80	 0.2384	 0.0000	 1.0000	 
m60517c3r6.htb	   0.0	  0.03	 2.000	 10.00	 -10.00	 30.00	   0.0	 3.3831	  0.05	 0.0000	  0.70	  0.50	 64.000	 1.00000000	 0.803	  0.000	  0.80	  0.00	  1.2730	 0.8659	 1.21443263		 0.5449	 97.01492537	 22.8890	 80.32162971	 24.97	  2.26	 1.0611	 1.7691	 0.1786	 
m60517c3r6.htb	   0.0	  0.03	 2.000	 10.00	 -10.00	 30.00	   1.0	 3.3831	  0.19	 0.0000	  0.70	  0.52	 64.000	 1.00000000	 0.760	  0.000	  0.76	  0.00	  1.2183	 0.8751	 0.81997607		 0.6637	 25.32551510	 16.1018	 12.04517214	 41.70	  2.13	 1.3266	 1.7691	 0.1786	 
m60517c4r6.htb	   0.0	  0.03	 2.000	  5.00	 -8.00	 30.00	   0.0	 5.1244	  0.12	 0.0000	  0.74	  0.56	 64.000	 1.00000000	 0.874	  0.000	  0.87	  0.00	  2.3361	 0.6742	 1.96326463		 0.3747	 57.30280062	 39.2305	 53.25465627	 106.75	  2.59	 1.0159	 1.2638	 0.2894	 
m60517c4r6.htb	   0.0	  0.03	 2.000	  5.00	 -8.00	 30.00	   1.0	 5.1244	  0.16	 0.0000	  0.72	  0.59	 64.000	 1.00000000	 0.852	  0.000	  0.85	  0.00	  1.8312	 0.7668	 1.09437959		 0.5786	 52.94704997	 38.4400	 63.76966943	 137.09	  3.33	 0.9641	 1.2638	 0.2894	 
m60517c5r6.htb	   0.0	  0.03	 2.000	 10.00	 -10.00	 40.00	   0.0	 7.4005	  0.11	 0.0000	  0.66	  0.84	 64.000	 1.00000000	 0.741	  0.000	  0.74	  0.00	  0.3407	 0.9870	 0.02695993		 0.9866	 109.07850036	 55.0179	 162.93532338	 154.95	  5.43	 0.9909	 0.1227	 0.8848	 
m60517c5r6.htb	   0.0	  0.03	 2.000	 10.00	 -10.00	 40.00	   1.0	 7.4005	  0.06	 0.0000	  0.60	  0.96	 64.000	 1.00000000	 0.668	  0.000	  0.67	  0.00	  0.3437	 0.9868	 0.29785698		 0.8616	 65.03126236	 35.1291	 43.73409393	 50.56	  5.40	 1.0361	 0.1227	 0.8848	 
m60517c6r6.htb	   0.0	  0.03	 2.000	  8.00	 10.00	 40.00	   0.0	 6.9154	  0.07	 0.0000	  0.71	  0.57	 64.000	 1.00000000	 0.793	  0.000	  0.79	  0.00	  1.0789	 0.8976	 0.96858853		 0.6161	 36.55080272	 28.9948	 18.29925769	 55.22	  5.01	 0.9725	 0.1809	 0.8350	 
m60517c6r6.htb	   0.0	  0.03	 2.000	  8.00	 10.00	 40.00	   1.0	 6.9154	  0.04	 0.0000	  0.66	  0.59	 64.000	 1.00000000	 0.777	  0.000	  0.78	  0.00	  0.3565	 0.9859	 0.32359396		 0.8506	 34.06384928	 28.3010	 14.94752717	 47.25	  6.51	 0.9266	 0.1809	 0.8350	 
m60518c2r6.htb	   0.0	  0.03	 2.000	 -8.00	 -5.00	 40.00	   0.0	 2.8856	  0.12	 0.0000	  0.74	  0.73	 64.000	 1.00000000	 0.850	  0.000	  0.85	  0.00	  8.8010	 0.0663	 6.12783224		 0.0467	 94.21252696	 54.8721	 121.39303483	 130.64	 -0.29	 0.8379	 0.8971	 0.4128	 
m60518c2r6.htb	   0.0	  0.03	 2.000	 -8.00	 -5.00	 40.00	   1.0	 2.8856	  0.08	 0.0000	  0.67	  0.84	 64.000	 1.00000000	 0.830	  0.000	  0.83	  0.00	  9.3637	 0.0526	 4.17660176		 0.1239	 92.99040078	 58.2689	 122.13930348	 138.07	  0.99	 0.7572	 0.8971	 0.4128	 
m60519c3r6.htb	   0.0	  0.03	 2.000	 -5.00	 -5.00	 30.00	   0.0	 4.4065	  0.00	 0.0000	  0.79	  0.46	 64.000	 1.00000000	 0.929	  0.000	  0.93	  0.00	  1.4704	 0.8319	 1.47205330		 0.4790	 30.17520159	 22.3031	 1.92574153	 25.59	  2.11	 1.3157	 0.2539	 0.7771	 
m60519c3r6.htb	   0.0	  0.03	 2.000	 -5.00	 -5.00	 30.00	   1.0	 4.4065	  0.06	 0.0000	  0.81	  0.47	 64.000	 1.00000000	 0.944	  0.000	  0.94	  0.00	 11.6185	 0.0204	 10.71178794		 0.0047	 44.23552360	 24.2547	 17.00684773	 43.04	  1.58	 1.4872	 0.2539	 0.7771	 
m60523c1r6.htb	   0.0	  0.03	 2.000	  0.00	  0.00	 40.00	   0.0	 7.1642	  0.00	 0.0000	  0.57	  0.89	 64.000	 1.00000000	 0.617	  0.000	  0.62	  0.00	  0.8690	 0.9290	 0.86894670		 0.6476	 15.45483519	 36.4438	 1.13800717	 36.82	  3.13	 0.4087	 0.0012	 0.9988	 
m60523c1r6.htb	   0.0	  0.03	 2.000	  0.00	  0.00	 40.00	   1.0	 7.1642	  0.00	 0.0000	  0.58	  0.84	 64.000	 1.00000000	 0.608	  0.000	  0.61	  0.00	  1.0705	 0.8989	 1.06992635		 0.5857	 18.00578192	 48.6012	 1.97082361	 54.17	  3.65	 0.3510	 0.0012	 0.9988	 
m60523c2r6.htb	   0.0	  0.03	 2.000	  0.00	 -10.00	 40.00	   0.0	 8.5075	  0.06	 0.0000	  0.54	  1.07	 64.000	 1.00000000	 0.507	  0.000	  0.51	  0.00	  0.1036	 0.9987	 0.08614029		 0.9578	 30.23050570	 16.5043	 9.69964194	 32.90	  5.01	 1.5845	 0.3112	 0.7337	 
m60523c2r6.htb	   0.0	  0.03	 2.000	  0.00	 -10.00	 40.00	   1.0	 8.5075	  0.11	 0.0000	  0.62	  0.96	 64.000	 1.00000000	 0.659	  0.000	  0.66	  0.00	  0.3816	 0.9840	 0.19857394		 0.9055	 30.13867044	 13.9836	 12.01494810	 113.98	  4.86	 2.0980	 0.3112	 0.7337	 
m60523c3r6.htb	  60.0	  0.03	 2.000	  0.00	 -10.00	 40.00	   0.0	 3.5821	  0.00	 0.0000	  0.52	  0.39	 64.000	 1.00000000	 0.417	  0.000	  0.42	  0.00	  0.2818	 0.9910	 0.28124718		 0.8688	 3.95952733	 14.6197	 0.29600405	 15.96	  2.67	 0.2570	 0.0001	 0.9999	 
m60523c3r6.htb	  60.0	  0.03	 2.000	  0.00	 -10.00	 40.00	   1.0	 3.5821	  0.00	 0.0000	  0.52	  0.43	 64.000	 1.00000000	 0.414	  0.000	  0.41	  0.00	  0.9165	 0.9222	 0.91664903		 0.6323	 6.86048707	 17.8292	 2.90819526	 17.90	  2.74	 0.2277	 0.0001	 0.9999	 
m60523c4r6.htb	   0.0	  0.03	 2.000	 -10.00	 -10.00	 40.00	   0.0	 8.1592	  0.19	 0.0000	  0.66	  0.50	 64.000	 1.00000000	 0.719	  0.000	  0.72	  0.00	  2.0836	 0.7204	 0.62553716		 0.7314	 76.79374127	 53.8430	 111.19402985	 128.96	  6.28	 0.6005	 1.9145	 0.1556	 
m60523c4r6.htb	   0.0	  0.03	 2.000	 -10.00	 -10.00	 40.00	   1.0	 8.1592	  0.19	 0.0000	  0.63	  0.57	 64.000	 1.00000000	 0.667	  0.000	  0.67	  0.00	  0.9260	 0.9208	 0.15299529		 0.9264	 38.02492996	 37.1022	 51.07405912	 133.43	  7.80	 0.6789	 1.9145	 0.1556	 
m60524c1r6.htb	   0.0	  0.03	 2.000	 -5.00	 -7.00	 30.00	   0.0	 1.9900	  0.15	 0.0000	  0.56	  0.71	 64.000	 1.00000000	 0.560	  0.000	  0.56	  0.00	  0.4583	 0.9774	 0.32976235		 0.8480	 17.23595185	 33.8972	 12.97751684	 73.38	  0.80	 0.3492	 0.0491	 0.9521	 
m60524c1r6.htb	   0.0	  0.03	 2.000	 -5.00	 -7.00	 30.00	   1.0	 1.9900	  0.03	 0.0000	  0.54	  0.78	 64.000	 1.00000000	 0.360	  0.000	  0.36	  0.00	  2.0963	 0.7181	 2.13186799		 0.3444	 42.56766377	 24.8972	 36.26920000	 26.52	  1.21	 0.3557	 0.0491	 0.9521	 
m60524c2r6.htb	 240.0	  0.03	 2.000	 -10.00	  0.00	 30.00	   0.0	 3.2836	  0.05	 0.0000	  0.72	  0.67	 64.000	 1.00000000	 0.871	  0.000	  0.87	  0.00	  1.4892	 0.8286	 0.69987440		 0.7047	 79.63952537	 60.7110	 102.48756219	 143.57	  0.33	 0.6366	 1.5507	 0.2199	 
m60524c2r6.htb	 240.0	  0.03	 2.000	 -10.00	  0.00	 30.00	   1.0	 3.2836	  0.09	 0.0000	  0.77	  0.49	 64.000	 1.00000000	 0.903	  0.000	  0.90	  0.00	  1.1382	 0.8882	 0.42180380		 0.8099	 84.12674563	 56.2037	 108.70646766	 133.74	  0.97	 0.7278	 1.5507	 0.2199	 
m60524c3r6.htb	 240.0	  0.03	 2.000	  0.00	  7.00	 30.00	   0.0	 7.3134	  0.00	 0.0036	  0.52	  0.73	 64.000	 1.00000000	 0.154	  0.001	  0.15	  0.00	  1.4342	 0.8382	 1.43423701		 0.4882	 9.28533683	 100.0000	 0.00000000	 114.70	  8.34	 0.1017	 0.0000	 1.0000	 
m60524c3r6.htb	 240.0	  0.03	 2.000	  0.00	  7.00	 30.00	   1.0	 7.3134	  0.00	 0.0000	  0.55	  0.75	 64.000	 1.00000000	 0.308	  0.000	  0.31	  0.00	  1.0014	 0.9096	 1.00140083		 0.6061	 15.92105474	 100.0000	 0.00000000	 100.42	  7.13	 0.1743	 0.0000	 1.0000	 
m60524c4r6.htb	  90.0	  0.03	 2.000	 -5.00	 -5.00	 40.00	   0.0	 6.0697	  0.00	 0.0000	  0.60	  0.53	 64.000	 1.00000000	 0.608	  0.000	  0.61	  0.00	  0.5318	 0.9703	 0.53178285		 0.7665	 13.19983229	 20.5241	 3.17802163	 20.53	  4.68	 0.5019	 0.0022	 0.9978	 
m60524c4r6.htb	  90.0	  0.03	 2.000	 -5.00	 -5.00	 40.00	   1.0	 6.0697	  0.00	 0.0000	  0.62	  0.54	 64.000	 1.00000000	 0.621	  0.000	  0.62	  0.00	  0.1405	 0.9976	 0.14014974		 0.9323	 12.69539016	 13.0992	 1.92452642	 15.24	  3.52	 0.8556	 0.0022	 0.9978	 
m60524c5r6.htb	   0.0	  0.03	 2.000	 -10.00	 -5.00	 40.00	   0.0	 4.8756	  0.26	 0.0000	  0.68	  0.64	 64.000	 1.00000000	 0.693	  0.000	  0.69	  0.00	  2.6522	 0.6176	 0.91949723		 0.6314	 122.38805970	 15.8721	 107.61404436	 19.03	  3.23	 2.1217	 4.5014	 0.0148	 
m60524c5r6.htb	   0.0	  0.03	 2.000	 -10.00	 -5.00	 40.00	   1.0	 4.8756	  0.25	 0.0000	  0.68	  0.64	 64.000	 1.00000000	 0.698	  0.000	  0.70	  0.00	  2.5732	 0.6316	 0.66537086		 0.7170	 132.08955224	 13.8373	 115.46901559	 16.52	  2.60	 2.6221	 4.5014	 0.0148	 
m60525c1r6.htb	   0.0	  0.03	 2.000	 10.00	 -10.00	 30.00	   0.0	 0.7463	  0.09	 0.0000	  0.72	  0.70	 64.000	 1.00000000	 0.862	  0.000	  0.86	  0.00	  1.5205	 0.8230	 1.08532219		 0.5812	 72.69090765	 56.3384	 83.58208955	 115.11	 -0.51	 0.6000	 1.5694	 0.2160	 
m60525c1r6.htb	   0.0	  0.03	 2.000	 10.00	 -10.00	 30.00	   1.0	 0.7463	  0.21	 0.0000	  0.75	  0.60	 64.000	 1.00000000	 0.875	  0.000	  0.87	  0.00	  2.2628	 0.6875	 1.21760724		 0.5440	 66.78461182	 48.8775	 83.83084577	 117.63	 -1.27	 0.6944	 1.5694	 0.2160	 
m60525c2r6.htb	   0.0	  0.03	 2.000	  5.00	  0.00	 40.00	   0.0	 14.1294	  0.08	 0.0000	  0.73	  0.62	 64.000	 1.00000000	 0.858	  0.000	  0.86	  0.00	  0.9302	 0.9202	 0.74578161		 0.6887	 43.92648377	 29.0771	 21.25523378	 69.61	  3.61	 1.2616	 2.7291	 0.0728	 
m60525c2r6.htb	   0.0	  0.03	 2.000	  5.00	  0.00	 40.00	   1.0	 14.1294	  0.22	 0.0000	  0.72	  0.64	 64.000	 1.00000000	 0.866	  0.000	  0.87	  0.00	  2.9167	 0.5719	 0.50170987		 0.7781	 80.64019977	 39.7791	 85.79088866	 94.97	  3.65	 1.1893	 2.7291	 0.0728	 
m60525c3r6.htb	   0.0	  0.03	 2.000	 10.00	 -10.00	 40.00	   0.0	 3.4826	  0.00	 0.0000	  0.68	  0.42	 64.000	 1.00000000	 0.658	  0.000	  0.66	  0.00	  1.0990	 0.8944	 1.09877623		 0.5773	 12.09116393	 32.0434	 3.23724886	 32.17	  1.78	 0.2868	 0.0000	 1.0000	 
m60525c3r6.htb	   0.0	  0.03	 2.000	 10.00	 -10.00	 40.00	   1.0	 3.4826	  0.00	 0.0000	  0.65	  0.40	 64.000	 1.00000000	 0.703	  0.000	  0.70	  0.00	  0.5348	 0.9700	 0.53499485		 0.7653	 9.39273859	 30.2149	 0.82560185	 30.29	  2.90	 0.2936	 0.0000	 1.0000	 
m60525c4r6.htb	   0.0	  0.03	 2.000	 10.00	 -10.00	 40.00	   0.0	 5.2736	  0.20	 0.0000	  0.71	  0.55	 64.000	 1.00000000	 0.807	  0.000	  0.81	  0.00	  1.5212	 0.8229	 0.45842252		 0.7952	 106.60227143	 24.9000	 90.86252549	 29.76	  2.22	 1.2838	 3.6648	 0.0310	 
m60525c4r6.htb	   0.0	  0.03	 2.000	 10.00	 -10.00	 40.00	   1.0	 5.2736	  0.22	 0.0000	  0.73	  0.50	 64.000	 1.00000000	 0.844	  0.000	  0.84	  0.00	  3.2152	 0.5225	 1.22318554		 0.5425	 114.42786070	 23.9310	 98.44587918	 28.53	  2.29	 1.3904	 3.6648	 0.0310	 
m60531c1r6.htb	   0.0	  0.03	 2.000	 -10.00	  0.00	 50.00	   0.0	 8.3582	  0.00	 0.0004	  0.47	  0.79	 64.000	 1.00000000	 0.244	  0.000	  0.24	  0.00	  0.9413	 0.9186	 0.94120364		 0.6246	 15.01213652	 100.0000	 4.25704203	 100.00	  5.99	 0.1178	 -0.0000	 1.0000	 
m60531c1r6.htb	   0.0	  0.03	 2.000	 -10.00	  0.00	 50.00	   1.0	 8.3582	  0.00	 0.0002	  0.46	  0.87	 64.000	 1.00000000	 0.260	  0.000	  0.26	  0.00	  0.7919	 0.9395	 0.79191635		 0.6730	 17.52019422	 100.0000	 7.53612619	 100.00	  5.36	 0.1093	 -0.0000	 1.0000	 
m60531c2r6.htb	 270.0	  0.03	 2.000	 -5.00	 -5.00	 50.00	   0.0	 6.3184	  0.00	 0.0000	  0.62	  0.42	 64.000	 1.00000000	 0.676	  0.000	  0.68	  0.00	  0.1581	 0.9970	 0.15806578		 0.9240	 9.47759428	 34.3462	 0.00000000	 34.49	  5.47	 0.2864	 0.0001	 0.9999	 
m60531c2r6.htb	 270.0	  0.03	 2.000	 -5.00	 -5.00	 50.00	   1.0	 6.3184	  0.00	 0.0000	  0.70	  0.40	 64.000	 1.00000000	 0.783	  0.000	  0.78	  0.00	  0.0278	 0.9999	 0.02781389		 0.9862	 13.88735023	 49.4076	 0.81480259	 53.26	  5.06	 0.2795	 0.0001	 0.9999	 
m60601c1r6.htb	   0.0	  0.03	 2.000	  0.00	  7.00	 40.00	   0.0	 0.6468	  0.01	 0.0000	  0.67	  0.58	 64.000	 1.00000000	 0.730	  0.000	  0.73	  0.00	  1.7788	 0.7764	 1.65343299		 0.4375	 31.58186926	 66.3216	 35.32338308	 127.85	 -0.71	 0.2129	 0.0000	 1.0000	 
m60601c1r6.htb	   0.0	  0.03	 2.000	  0.00	  7.00	 40.00	   1.0	 0.6468	 -11.49	 0.0000	  0.72	  0.60	 64.000	 1.00000000	 0.000	    NaN	  0.82	  0.00	 120.2859	 0.0000	 120.28588105		 0.0000	 0.00000000	 34.0924	 22.92450745	 37.20	 -1.21	 -0.3474	 0.0000	 1.0000	 
m60601c2r6.htb	  90.0	  0.03	 2.000	 -10.00	 -15.00	 40.00	   0.0	 1.3433	  0.00	 0.0000	  0.62	  0.61	 64.000	 1.00000000	 0.746	  0.000	  0.75	  0.00	  0.8236	 0.9353	 0.82400148		 0.6623	 17.69244742	 69.4989	 7.59610452	 69.97	  0.67	 0.1566	 1.0892	 0.3426	 
m60601c2r6.htb	  90.0	  0.03	 2.000	 -10.00	 -15.00	 40.00	   1.0	 1.3433	  0.24	 0.0000	  0.69	  0.48	 64.000	 1.00000000	 0.707	  0.000	  0.71	  0.00	  1.3115	 0.8594	 0.94209582		 0.6243	 26.18722501	 48.6061	 36.81592040	 129.02	  0.33	 0.2693	 1.0892	 0.3426	 
m60601c3r6.htb	  90.0	  0.03	 2.000	  0.00	 -10.00	 40.00	   0.0	 2.2388	  0.00	 0.0000	  0.66	  0.46	 64.000	 1.00000000	 0.619	  0.000	  0.62	  0.00	  2.9405	 0.5678	 2.94050686		 0.2299	 9.07493376	 17.0328	 2.15821523	 17.09	  0.65	 0.4159	 8.1071	 0.0013	 
m60601c3r6.htb	  90.0	  0.03	 2.000	  0.00	 -10.00	 40.00	   1.0	 2.2388	  0.40	 0.0000	  0.77	  0.37	 64.000	 1.00000000	 0.875	  0.000	  0.87	  0.00	 10.9040	 0.0277	 0.32660455		 0.8493	 30.70005810	 34.3793	 43.36313896	 124.95	  0.53	 0.5769	 8.1071	 0.0013	 
m60601c4r6.htb	  90.0	  0.03	 2.000	  0.00	  0.00	 40.00	   0.0	 4.8922	  0.36	 0.0000	  0.68	  0.69	 64.000	 1.00000000	 0.735	  0.000	  0.73	  0.00	 15.5383	 0.0037	 9.48520110		 0.0087	 74.32758397	 47.3757	 106.13598673	 115.48	  2.82	 0.6907	 6.4123	 0.0047	 
m60601c4r6.htb	  90.0	  0.03	 2.000	  0.00	  0.00	 40.00	   1.0	 4.8922	  0.48	 0.0000	  0.72	  0.60	 64.000	 1.00000000	 0.794	  0.000	  0.79	  0.00	  9.8941	 0.0423	 4.75675846		 0.0927	 79.32787896	 42.5449	 109.45273632	 105.48	  1.06	 0.8776	 6.4123	 0.0047	 
m60601c5r6.htb	  90.0	  0.03	 2.000	  0.00	 -8.00	 40.00	   0.0	 9.6517	  0.08	 0.0000	  0.66	  0.59	 64.000	 1.00000000	 0.753	  0.000	  0.75	  0.00	  0.5645	 0.9669	 0.23509613		 0.8891	 30.07871364	 30.6690	 17.14157379	 70.07	  6.28	 0.7721	 0.6013	 0.5511	 
m60601c5r6.htb	  90.0	  0.03	 2.000	  0.00	 -8.00	 40.00	   1.0	 9.6517	  0.13	 0.0000	  0.63	  0.76	 64.000	 1.00000000	 0.738	  0.000	  0.74	  0.00	  0.8050	 0.9378	 0.11627330		 0.9435	 33.16683810	 25.9665	 18.42408891	 68.57	  4.70	 1.0547	 0.6013	 0.5511	 
m60602c1r6.htb	   0.0	  0.03	 2.000	  0.00	 -7.00	 40.00	   0.0	 6.9030	  0.00	 0.0000	  0.61	  0.72	 64.000	 1.00000000	 0.691	  0.000	  0.69	  0.00	  0.0993	 0.9988	 0.09860207		 0.9519	 22.56017866	 22.8494	 3.41635948	 25.38	  6.54	 0.8785	 0.0889	 0.9151	 
m60602c1r6.htb	   0.0	  0.03	 2.000	  0.00	 -7.00	 40.00	   1.0	 6.9030	  0.06	 0.0000	  0.59	  0.89	 64.000	 1.00000000	 0.722	  0.000	  0.72	  0.00	  0.4345	 0.9796	 0.38475143		 0.8250	 35.86660469	 35.6912	 26.04478611	 106.14	  6.01	 0.7993	 0.0889	 0.9151	 
m60602c2r6.htb	   0.0	  0.03	 2.000	 -8.00	 -8.00	 30.00	   0.0	 7.2495	  0.16	 0.0000	  0.60	  0.95	 64.000	 1.00000000	 0.648	  0.000	  0.65	  0.00	  0.6723	 0.9547	 0.43332075		 0.8052	 55.89372796	 40.8887	 73.52675239	 140.89	  5.39	 0.8946	 -0.0001	 1.0000	 
m60602c2r6.htb	   0.0	  0.03	 2.000	 -8.00	 -8.00	 30.00	   1.0	 7.2495	  0.00	 0.0000	  0.73	  0.50	 64.000	 1.00000000	 0.807	  0.000	  0.81	  0.00	  2.3258	 0.6761	 2.32660809		 0.3125	 27.58489967	 27.8329	 3.82451411	 28.32	  6.41	 0.8849	 -0.0001	 1.0000	 
m60602c3r6.htb	   0.0	  0.03	 2.000	  0.00	  5.00	 30.00	   0.0	 6.8159	  0.26	 0.0000	  0.56	  0.60	 64.000	 1.00000000	 0.483	  0.000	  0.48	  0.00	  1.0718	 0.8987	 0.79521535		 0.6719	 15.01058674	 15.5293	 13.50639885	 115.53	  4.23	 0.8768	 0.4211	 0.6581	 
m60602c3r6.htb	   0.0	  0.03	 2.000	  0.00	  5.00	 30.00	   1.0	 6.8159	  0.08	 0.0000	  0.64	  0.60	 64.000	 1.00000000	 0.691	  0.000	  0.69	  0.00	  0.1937	 0.9956	 0.09065621		 0.9557	 87.81094527	 17.3355	 74.35884948	 19.12	  2.46	 1.2140	 0.4211	 0.6581	 
m60602c4r6.htb	   0.0	  0.03	 2.000	  0.00	 -10.00	 40.00	   0.0	 3.2338	  0.56	 0.0000	  0.67	  0.50	 64.000	 1.00000000	 0.604	  0.000	  0.60	  0.00	  4.3894	 0.3559	 1.61706202		 0.4455	 57.96019900	 18.8731	 53.61865641	 25.22	  0.75	 0.9827	 5.0971	 0.0088	 
m60602c4r6.htb	   0.0	  0.03	 2.000	  0.00	 -10.00	 40.00	   1.0	 3.2338	  0.39	 0.0000	  0.62	  0.58	 64.000	 1.00000000	 0.578	  0.000	  0.58	  0.00	  1.7597	 0.7798	 0.40382304		 0.8172	 37.71236608	 14.7187	 31.45248069	 21.49	  0.84	 1.1328	 5.0971	 0.0088	 
m60602c5r6.htb	   0.0	  0.03	 2.000	 -5.00	 -5.00	 30.00	   0.0	 7.2637	  0.00	 0.0000	  0.59	  0.61	 64.000	 1.00000000	 0.551	  0.000	  0.55	  0.00	  0.9979	 0.9101	 0.99787277		 0.6072	 11.85610406	 50.1755	 0.00000000	 50.86	  5.22	 0.2488	 -0.0000	 1.0000	 
m60602c5r6.htb	   0.0	  0.03	 2.000	 -5.00	 -5.00	 30.00	   1.0	 7.2637	  0.00	 0.0000	  0.59	  0.83	 64.000	 1.00000000	 0.600	  0.000	  0.60	  0.00	  0.6023	 0.9628	 0.60225204		 0.7400	 21.89993049	 100.0000	 0.00000000	 102.17	  3.71	 0.2398	 -0.0000	 1.0000	 
m60605c1r6.htb	   0.0	  0.03	 2.000	 -3.00	 -7.00	 30.00	   0.0	 3.5821	  0.14	 0.0000	  0.66	  0.73	 64.000	 1.00000000	 0.722	  0.000	  0.72	  0.00	  0.8435	 0.9325	 0.22917183		 0.8917	 139.80099502	 18.6649	 119.80902380	 21.25	  3.55	 1.9186	 0.3125	 0.7327	 
m60605c1r6.htb	   0.0	  0.03	 2.000	 -3.00	 -7.00	 30.00	   1.0	 3.5821	  0.07	 0.0000	  0.67	  0.69	 64.000	 1.00000000	 0.749	  0.000	  0.75	  0.00	  0.2867	 0.9907	 0.19462611		 0.9073	 112.10327648	 16.4616	 88.79598429	 18.66	  2.83	 2.1137	 0.3125	 0.7327	 
m60605c2r6.htb	   0.0	  0.03	 2.000	 -10.00	 -10.00	 30.00	   0.0	 0.8458	  0.00	 0.0000	  0.60	  0.48	 64.000	 1.00000000	 0.562	  0.000	  0.56	  0.00	  1.6361	 0.8023	 1.63602501		 0.4413	 5.25091308	 16.0035	 0.69506830	 16.12	  0.25	 0.2911	 4.6499	 0.0130	 
m60605c2r6.htb	   0.0	  0.03	 2.000	 -10.00	 -10.00	 30.00	   1.0	 0.8458	  0.44	 0.0000	  0.61	  0.42	 64.000	 1.00000000	 0.601	  0.000	  0.60	  0.00	  2.2183	 0.6957	 0.28540185		 0.8670	 15.55784758	 24.8937	 13.43649268	 38.52	  0.37	 0.2894	 4.6499	 0.0130	 
m60605c3r6.htb	   0.0	  0.03	 2.000	 -5.00	 -2.00	 30.00	   0.0	 13.8806	  0.00	 0.0006	  0.46	  0.46	 64.000	 1.00000000	 0.184	  0.000	  0.18	  0.00	  1.0985	 0.8945	 1.09772385		 0.5776	 11.06963967	 47.1738	 5.95014374	 49.65	 11.78	 0.1203	 0.0000	 1.0000	 
m60605c3r6.htb	   0.0	  0.03	 2.000	 -5.00	 -2.00	 30.00	   1.0	 13.8806	  0.00	 0.0022	  0.48	  0.42	 64.000	 1.00000000	 0.212	  0.000	  0.21	  0.00	  0.6993	 0.9514	 0.69927813		 0.7049	 7.64813663	 100.0000	 0.00000000	 122.45	 12.15	 0.0838	 0.0000	 1.0000	 
m60606c1r6.htb	   0.0	  0.03	 2.000	  8.00	 -8.00	 30.00	   0.0	 0.0498	 -11.25	 0.0000	  0.75	  0.32	 64.000	 1.00000000	 0.000	    NaN	  0.69	  0.00	 105.2183	 0.0000	 105.21833871		    NaN	 0.00000000	 15.5691	 19.90049751	 17.81	 -0.40	 -0.2959	 0.0000	 1.0000	 
m60606c1r6.htb	   0.0	  0.03	 2.000	  8.00	 -8.00	 30.00	   1.0	 0.0498	 -12.28	 0.0000	  0.75	  0.32	 64.000	 1.00000000	 0.000	    NaN	  0.63	  0.00	 66.5986	 0.0000	 66.59861483		    NaN	 0.00000000	 17.6866	 20.64676617	 19.85	 -0.41	 -0.3091	 0.0000	 1.0000	 
m60606c2r6.htb	   0.0	  0.03	 2.000	 -10.00	  0.00	 40.00	   0.0	 0.0995	 -12.19	 0.0000	  0.79	  0.44	 64.000	 1.00000000	 -0.000	    NaN	  0.63	  0.00	 90.1400	    NaN	 90.13995574		    NaN	 0.00000000	 31.5588	 26.82505804	 31.56	 -1.15	 -0.4088	 183.7043	 0.0000	 
m60606c2r6.htb	   0.0	  0.03	 2.000	 -10.00	  0.00	 40.00	   1.0	 0.0995	  0.08	 0.0000	  0.78	  0.50	 64.000	 1.00000000	 0.709	  0.000	  0.69	  0.00	 104.7570	 0.0000	 5.74231728		    NaN	 47.07409077	 64.9344	 66.41791045	 152.26	 -1.33	 0.3079	 183.7043	 0.0000	 
m60606c3r6.htb	  90.0	  0.03	 2.000	 -8.00	 -10.00	 40.00	   0.0	 9.8010	  0.00	 0.0481	  0.43	  1.92	 64.000	 1.00000000	 0.130	  0.002	  0.13	  0.00	  0.3218	 0.9884	 0.32183749		 0.8514	 17.84575516	 35.8806	 0.01317411	 39.67	  4.79	 0.5165	 0.0000	 1.0000	 
m60606c3r6.htb	  90.0	  0.03	 2.000	 -8.00	 -10.00	 40.00	   1.0	 9.8010	  0.00	 0.0157	  0.44	  1.86	 64.000	 1.00000000	 0.197	  0.000	  0.20	  0.00	  0.1263	 0.9981	 0.12626646		 0.9388	 22.27818851	 46.7991	 1.11159159	 48.69	  5.52	 0.4754	 0.0000	 1.0000	 
m60606c4r6.htb	  90.0	  0.03	 2.000	  8.00	 -5.00	 40.00	   0.0	 0.5473	  0.20	 0.0000	  0.81	  0.54	 64.000	 1.00000000	 0.911	  0.000	  0.91	  0.00	 12.6592	 0.0131	 9.99546286		 0.0068	 77.56065683	 33.6723	 58.27396501	 62.64	 -2.76	 1.4457	 4.0795	 0.0214	 
m60606c4r6.htb	  90.0	  0.03	 2.000	  8.00	 -5.00	 40.00	   1.0	 0.5473	  0.17	 0.0000	  0.87	  0.41	 64.000	 1.00000000	 0.951	  0.000	  0.95	  0.00	  7.7958	 0.0994	 4.61087355		 0.0997	 117.26704887	 28.6035	 88.08215221	 37.32	 -3.13	 1.8223	 4.0795	 0.0214	 
m60606c5r6.htb	  90.0	  0.03	 2.000	  8.00	  0.00	 40.00	   0.0	 0.9950	  0.00	 0.0000	  0.70	  0.74	 64.000	 1.00000000	 0.819	  0.000	  0.82	  0.00	  2.4610	 0.6516	 2.46119951		 0.2921	 19.15510998	 37.6704	 0.36979853	 39.05	  0.09	 0.5192	 0.3094	 0.7361	 
m60606c5r6.htb	  90.0	  0.03	 2.000	  8.00	  0.00	 40.00	   1.0	 0.9950	  0.09	 0.0000	  0.75	  0.69	 64.000	 1.00000000	 0.880	  0.000	  0.88	  0.00	  5.5160	 0.2383	 5.35603376		 0.0687	 76.00053836	 54.5313	 98.00995025	 138.68	 -1.31	 0.7305	 0.3094	 0.7361	 
m60613c5r6.htb	   0.0	  0.03	 2.000	 -8.00	 -15.00	 30.00	   0.0	 7.9602	  0.13	 0.0000	  0.70	  0.49	 64.000	 1.00000000	 0.768	  0.000	  0.77	  0.00	  0.6623	 0.9559	 0.47826192		 0.7873	 20.82671958	 13.9660	 9.95583623	 113.97	  5.55	 1.4379	 0.3301	 0.7219	 
m60613c5r6.htb	   0.0	  0.03	 2.000	 -8.00	 -15.00	 30.00	   1.0	 7.9602	  0.04	 0.0000	  0.76	  0.36	 64.000	 1.00000000	 0.865	  0.000	  0.86	  0.00	  1.1459	 0.8869	 1.04851325		 0.5920	 133.08457711	 16.9551	 113.65031524	 18.20	  5.85	 1.6512	 0.3301	 0.7219	 
m60613c6r6.htb	   0.0	  0.03	 2.000	 -5.00	 -10.00	 30.00	   0.0	 1.2161	  0.11	 0.0000	  0.71	  0.53	 64.000	 1.00000000	 0.826	  0.000	  0.83	  0.00	  0.4529	 0.9779	 0.30716285		 0.8576	 38.66717040	 26.2885	 25.69847491	 35.29	  0.42	 0.7759	 0.0759	 0.9270	 
m60613c6r6.htb	   0.0	  0.03	 2.000	 -5.00	 -10.00	 30.00	   1.0	 1.2161	  0.02	 0.0000	  0.70	  0.50	 64.000	 1.00000000	 0.807	  0.000	  0.81	  0.00	  0.7527	 0.9447	 0.67312010		 0.7142	 37.25534605	 20.5594	 24.80910850	 23.12	  0.68	 0.7634	 0.0759	 0.9270	 
m60614c1r6.htb	   0.0	  0.03	 2.000	  0.00	 -8.00	 30.00	   0.0	 6.8657	  0.04	 0.0000	  0.74	  0.51	 64.000	 1.00000000	 0.871	  0.000	  0.87	  0.00	  0.1645	 0.9968	 0.09596565		 0.9532	 36.42983941	 31.6627	 16.06280435	 60.65	  3.58	 0.9273	 0.4472	 0.6414	 
m60614c1r6.htb	   0.0	  0.03	 2.000	  0.00	 -8.00	 30.00	   1.0	 6.8657	  0.09	 0.0000	  0.71	  0.59	 64.000	 1.00000000	 0.877	  0.000	  0.88	  0.00	  1.2938	 0.8624	 0.78511478		 0.6753	 44.54182217	 33.7606	 28.98596707	 84.84	  3.89	 1.0278	 0.4472	 0.6414	 
m60614c2r6.htb	   0.0	  0.03	 2.000	  5.00	 -5.00	 30.00	   0.0	 13.2338	  0.00	 0.0000	  0.56	  0.49	 64.000	 1.00000000	 0.440	  0.000	  0.44	  0.00	  0.2493	 0.9928	 0.24931994		 0.8828	 9.77190377	 46.8640	 0.00000000	 49.84	 11.66	 0.2188	 -0.0000	 1.0000	 
m60614c2r6.htb	   0.0	  0.03	 2.000	  5.00	 -5.00	 30.00	   1.0	 13.2338	  0.00	 0.0007	  0.49	  0.51	 64.000	 1.00000000	 0.263	  0.000	  0.26	  0.00	  0.4060	 0.9820	 0.40591099		 0.8163	 10.59242033	 100.0000	 0.00000000	 117.58	 12.21	 0.1160	 -0.0000	 1.0000	 
m60614c3r6.htb	   0.0	  0.03	 2.000	  8.00	 -15.00	 30.00	   0.0	 12.9353	  0.12	 0.0000	  0.67	  0.44	 64.000	 1.00000000	 0.635	  0.000	  0.64	  0.00	  2.5028	 0.6441	 1.89948896		 0.3868	 25.93544683	 25.1318	 16.08208549	 59.57	 11.51	 0.7972	 0.3762	 0.6880	 
m60614c3r6.htb	   0.0	  0.03	 2.000	  8.00	 -15.00	 30.00	   1.0	 12.9353	  0.05	 0.0000	  0.64	  0.44	 64.000	 1.00000000	 0.716	  0.000	  0.72	  0.00	  0.2317	 0.9938	 0.08769925		 0.9571	 24.26673430	 24.7451	 11.15575598	 44.92	 11.67	 0.7638	 0.3762	 0.6880	 
m60614c4r6.htb	   0.0	  0.03	 2.000	  8.00	 -18.00	 30.00	   0.0	 16.3184	  0.00	 0.0000	  0.54	  0.43	 64.000	 1.00000000	 0.460	  0.000	  0.46	  0.00	  0.6241	 0.9603	 0.62414964		 0.7319	 16.95588479	 56.6787	 6.01802615	 57.88	 16.80	 0.2067	 0.0000	 1.0000	 
m60614c4r6.htb	   0.0	  0.03	 2.000	  8.00	 -18.00	 30.00	   1.0	 16.3184	  0.00	 0.0000	  0.56	  0.38	 64.000	 1.00000000	 0.477	  0.000	  0.48	  0.00	  0.6209	 0.9607	 0.62078691		 0.7332	 14.90438719	 31.4798	 6.30545550	 31.48	 17.28	 0.2830	 0.0000	 1.0000	 
m60615c1r6.htb	   0.0	  0.03	 2.000	 -8.00	 -17.00	 30.00	   0.0	 6.0697	  0.00	 0.0000	  0.70	  0.76	 64.000	 1.00000000	 0.855	  0.000	  0.85	  0.00	  1.6501	 0.7998	 1.65014799		 0.4382	 29.93740375	 42.6466	 1.48103039	 46.99	  2.27	 0.7005	 0.0265	 0.9739	 
m60615c1r6.htb	   0.0	  0.03	 2.000	 -8.00	 -17.00	 30.00	   1.0	 6.0697	  0.01	 0.0000	  0.71	  0.77	 64.000	 1.00000000	 0.889	  0.000	  0.89	  0.00	  0.6360	 0.9590	 0.68025579		 0.7117	 38.90056012	 34.0807	 12.77466049	 63.07	  1.54	 0.9816	 0.0265	 0.9739	 
m60615c2r6.htb	   0.0	  0.03	 2.000	 -10.00	 -17.00	 40.00	   0.0	 5.7214	  0.00	 0.0000	  0.69	  0.36	 64.000	 1.00000000	 0.765	  0.000	  0.77	  0.00	  0.2463	 0.9930	 0.24628109		 0.8841	 10.20692650	 30.9458	 0.00000000	 31.08	  5.06	 0.3416	 0.0000	 1.0000	 
m60615c2r6.htb	   0.0	  0.03	 2.000	 -10.00	 -17.00	 40.00	   1.0	 5.7214	  0.00	 0.0000	  0.61	  0.38	 64.000	 1.00000000	 0.626	  0.000	  0.63	  0.00	  0.6183	 0.9610	 0.61827070		 0.7341	 9.27167361	 27.5178	 1.09565982	 27.61	  5.69	 0.3072	 0.0000	 1.0000	 
m60616c1r6.htb	   0.0	  0.03	 2.000	 -10.00	 -15.00	 30.00	   0.0	 2.6866	  0.00	 0.0000	  0.66	  0.91	 64.000	 1.00000000	 0.789	  0.000	  0.79	  0.00	  0.2989	 0.9899	 0.29886523		 0.8612	 28.17356203	 77.9211	 0.00000000	 78.13	  0.29	 0.3907	 0.0000	 1.0000	 
m60616c1r6.htb	   0.0	  0.03	 2.000	 -10.00	 -15.00	 30.00	   1.0	 2.6866	  0.00	 0.0000	  0.69	  0.89	 64.000	 1.00000000	 0.809	  0.000	  0.81	  0.00	  1.0476	 0.9025	 1.04712149		 0.5924	 30.53131262	 69.4217	 3.24693875	 71.87	  0.20	 0.4233	 0.0000	 1.0000	 
m60616c2r6.htb	   0.0	  0.03	 2.000	  5.00	 -10.00	 30.00	   0.0	 3.1095	  0.00	 0.0000	  0.72	  0.45	 64.000	 1.00000000	 0.845	  0.000	  0.85	  0.00	  3.5628	 0.4684	 3.56318309		 0.1684	 10.57857025	 36.3190	 0.08954087	 37.40	  1.47	 0.3003	 0.0000	 1.0000	 
m60616c2r6.htb	   0.0	  0.03	 2.000	  5.00	 -10.00	 30.00	   1.0	 3.1095	  0.00	 0.0000	  0.69	  0.51	 64.000	 1.00000000	 0.864	  0.000	  0.86	  0.00	  0.4648	 0.9768	 0.46506287		 0.7925	 11.07830121	 33.2861	 0.04130347	 35.62	  0.96	 0.3440	 0.0000	 1.0000	 
m60619c1r6.htb	   0.0	  0.03	 2.000	  0.00	  0.00	 40.00	   0.0	 4.2289	  0.00	 0.0000	  0.66	  0.41	 64.000	 1.00000000	 0.737	  0.000	  0.74	  0.00	  0.7323	 0.9473	 0.73237509		 0.6934	 11.36164593	 24.1309	 2.67337079	 24.16	  2.94	 0.3714	 0.7590	 0.4722	 
m60619c1r6.htb	   0.0	  0.03	 2.000	  0.00	  0.00	 40.00	   1.0	 4.2289	  0.10	 0.0000	  0.70	  0.39	 64.000	 1.00000000	 0.799	  0.000	  0.80	  0.00	  1.0702	 0.8990	 0.81268510		 0.6661	 20.95284733	 24.0894	 11.71519686	 37.36	  1.96	 0.5801	 0.7590	 0.4722	 
m60619c2r6.htb	   0.0	  0.03	 2.000	 -5.00	  0.00	 40.00	   0.0	 1.2935	  0.34	 0.0000	  0.77	  0.50	 64.000	 1.00000000	 0.885	  0.000	  0.88	  0.00	  3.9766	 0.4092	 1.99355158		 0.3691	 72.72681696	 26.9119	 60.19193806	 37.06	 -1.63	 1.1305	 9.4307	 0.0003	 
m60619c2r6.htb	   0.0	  0.03	 2.000	 -5.00	  0.00	 40.00	   1.0	 1.2935	  0.39	 0.0000	  0.76	  0.51	 64.000	 1.00000000	 0.903	  0.000	  0.90	  0.00	  5.5478	 0.2356	 0.34773944		 0.8404	 44.76363358	 29.3466	 40.19027151	 67.70	 -0.06	 0.9804	 9.4307	 0.0003	 
m60619c3r6.htb	   0.0	  0.03	 2.000	  0.00	 -5.00	 40.00	   0.0	 1.0945	  0.38	 0.0000	  0.73	  0.46	 64.000	 1.00000000	 0.851	  0.000	  0.85	  0.00	 11.1222	 0.0252	 1.67831376		 0.4321	 43.16128481	 46.6769	 60.44776119	 114.53	  0.34	 0.4218	 7.2646	 0.0014	 
m60619c3r6.htb	   0.0	  0.03	 2.000	  0.00	 -5.00	 40.00	   1.0	 1.0945	  0.44	 0.0000	  0.70	  0.55	 64.000	 1.00000000	 0.784	  0.000	  0.78	  0.00	  3.0419	 0.5508	 0.59737137		 0.7418	 46.43619298	 43.1116	 62.18905473	 106.08	 -0.05	 0.5209	 7.2646	 0.0014	 
m60619c4r6.htb	   0.0	  0.03	 2.000	 -8.00	 -8.00	 30.00	   0.0	 16.9652	  0.13	 0.0000	  0.58	  0.46	 64.000	 1.00000000	 0.455	  0.000	  0.46	  0.00	  1.1904	 0.8797	 0.34675232		 0.8408	 74.47593553	 63.4809	 130.84577114	 163.15	 15.16	 0.3963	 0.0000	 1.0000	 
m60619c4r6.htb	   0.0	  0.03	 2.000	 -8.00	 -8.00	 30.00	   1.0	 16.9652	  0.00	 0.0000	  0.52	  0.44	 64.000	 1.00000000	 0.305	  0.000	  0.30	  0.00	  1.3354	 0.8553	 1.33562471		 0.5128	 17.92235162	 21.9900	 11.00886622	 22.01	 16.53	 0.3240	 0.0000	 1.0000	 
m60620c1r6.htb	   0.0	  0.03	 2.000	  5.00	  5.00	 40.00	   0.0	 6.3184	  0.00	 0.0000	  0.61	  1.19	 64.000	 1.00000000	 0.495	  0.000	  0.50	  0.00	  2.3038	 0.6801	 2.30376352		 0.3160	 33.63690499	 47.3628	 2.27085185	 50.90	  4.06	 0.6986	 0.3266	 0.7225	 
m60620c1r6.htb	   0.0	  0.03	 2.000	  5.00	  5.00	 40.00	   1.0	 6.3184	  0.11	 0.0000	  0.66	  0.98	 64.000	 1.00000000	 0.839	  0.000	  0.84	  0.00	  0.5791	 0.9654	 0.02261086		 0.9888	 104.30786403	 53.6266	 149.00497512	 152.59	  1.62	 1.0301	 0.3266	 0.7225	 
m60620c2r6.htb	   0.0	  0.03	 2.000	  0.00	  5.00	 40.00	   0.0	 9.0974	  0.00	 0.0000	  0.66	  0.54	 64.000	 1.00000000	 0.740	  0.000	  0.74	  0.00	  6.2518	 0.1811	 6.25325091		 0.0439	 21.68436407	 31.6372	 2.25116901	 31.64	 10.76	 0.6365	 0.0000	 1.0000	 
m60620c2r6.htb	   0.0	  0.03	 2.000	  0.00	  5.00	 40.00	   1.0	 9.0974	  0.00	 0.0000	  0.62	  0.60	 64.000	 1.00000000	 0.610	  0.000	  0.61	  0.00	  1.2459	 0.8705	 1.24625624		 0.5363	 27.31885196	 34.2407	 8.26011652	 34.33	 13.60	 0.5784	 0.0000	 1.0000	 
m60620c3r6.htb	   0.0	  0.03	 2.000	  0.00	 10.00	 40.00	   0.0	 19.3035	  0.13	 0.0000	  0.67	  0.56	 64.000	 1.00000000	 0.689	  0.000	  0.69	  0.00	  2.9747	 0.5621	 1.61769735		 0.4454	 51.66122591	 40.8708	 68.88158414	 138.44	 12.87	 0.8115	 0.0575	 0.9442	 
m60620c3r6.htb	   0.0	  0.03	 2.000	  0.00	 10.00	 40.00	   1.0	 19.3035	  0.02	 0.0000	  0.65	  0.50	 64.000	 1.00000000	 0.723	  0.000	  0.72	  0.00	  0.1763	 0.9963	 0.14737924		 0.9290	 29.19059568	 33.4217	 12.35415318	 61.00	 14.31	 0.7025	 0.0575	 0.9442	 
m60620c4r6.htb	   0.0	  0.03	 2.000	  0.00	  8.00	 40.00	   0.0	 6.3018	  0.00	 0.0000	  0.69	  0.38	 64.000	 1.00000000	 0.619	  0.000	  0.62	  0.00	  2.0952	 0.7182	 2.09525441		 0.3508	 13.37491656	 18.5507	 4.71313590	 18.56	  5.19	 0.4788	 0.0000	 1.0000	 
m60620c4r6.htb	   0.0	  0.03	 2.000	  0.00	  8.00	 40.00	   1.0	 6.3018	  0.00	 0.0000	  0.73	  0.41	 64.000	 1.00000000	 0.680	  0.000	  0.68	  0.00	  6.7173	 0.1516	 6.71782551		 0.0348	 17.67894238	 19.6848	 6.42148450	 19.70	  5.23	 0.5874	 0.0000	 1.0000	 
m60621c1r6.htb	   0.0	  0.03	 2.000	  0.00	 -8.00	 30.00	   0.0	 1.5423	  0.00	 0.0000	  0.69	  0.76	 64.000	 1.00000000	 0.811	  0.000	  0.81	  0.00	  1.9143	 0.7515	 1.91410983		 0.3840	 22.35918535	 51.2946	 1.67827889	 52.33	  0.16	 0.4256	 0.0000	 1.0000	 
m60621c1r6.htb	   0.0	  0.03	 2.000	  0.00	 -8.00	 30.00	   1.0	 1.5423	  0.00	 0.0000	  0.66	  0.79	 64.000	 1.00000000	 0.805	  0.000	  0.81	  0.00	  2.1842	 0.7019	 2.18435884		 0.3355	 19.97334694	 38.3606	 1.29436553	 38.49	  0.20	 0.5071	 0.0000	 1.0000	 
m60621c2r6.htb	   0.0	  0.03	 2.000	  8.00	 -2.00	 30.00	   0.0	 0.0995	  0.00	 0.0000	  0.71	  0.49	 64.000	 1.00000000	 0.629	  0.000	  0.63	  0.00	 49.7625	 0.0000	 2.45146591		    NaN	 12.04545782	 40.9009	 6.52340263	 40.90	 -0.56	 0.1409	 178.1780	 0.0000	 
m60621c2r6.htb	   0.0	  0.03	 2.000	  8.00	 -2.00	 30.00	   1.0	 0.0995	  0.13	 0.0000	  0.75	  0.45	 64.000	 1.00000000	 0.605	  0.000	  0.59	  0.00	 56.8807	 0.0000	 3.42105513		 0.1808	 26.74815065	 62.0504	 38.55721393	 146.22	 -0.77	 0.1784	 178.1780	 0.0000	 
m60621c3r6.htb	 180.0	  0.03	 2.000	 10.00	  0.00	 40.00	   0.0	 0.1493	 -14.05	 0.0000	  0.52	  0.81	 64.000	 1.00000000	 0.000	    NaN	  0.29	  0.00	 13.9773	 0.0074	 13.97730833		 0.0009	 0.00000000	 21.1743	 29.16497692	 24.33	 -0.63	 -0.4414	 0.0000	 1.0000	 
m60621c3r6.htb	 180.0	  0.03	 2.000	 10.00	  0.00	 40.00	   1.0	 0.1493	 -12.51	 0.0000	  0.59	  0.69	 64.000	 1.00000000	 0.000	    NaN	  0.37	  0.00	 37.6778	 0.0000	 37.67780991		 0.0000	 0.00000000	 18.6709	 26.33820202	 21.41	 -0.61	 -0.3960	 0.0000	 1.0000	 
m60621c4r6.htb	 180.0	  0.03	 2.000	  0.00	 -10.00	 40.00	   0.0	 4.5329	  0.00	 0.0000	  0.58	  0.86	 64.000	 1.00000000	 0.556	  0.000	  0.56	  0.00	  1.4420	 0.8369	 1.44199789		 0.4863	 14.95563666	 100.0000	 0.00000000	 107.16	  1.61	 0.1638	 -0.0000	 1.0000	 
m60621c4r6.htb	 180.0	  0.03	 2.000	  0.00	 -10.00	 40.00	   1.0	 4.5329	  0.00	 0.0000	  0.63	  0.86	 64.000	 1.00000000	 0.743	  0.000	  0.74	  0.00	  0.9248	 0.9210	 0.92479473		 0.6298	 22.70328069	 100.0000	 0.00000000	 101.31	  0.71	 0.2486	 -0.0000	 1.0000	 
m60621c5r6.htb	 130.0	  0.03	 2.000	 -10.00	 -10.00	 40.00	   0.0	 0.0000	  0.00	 0.0020	  0.51	  0.59	 64.000	 1.00000000	 0.247	  0.000	  0.25	  0.00	  8.3588	 0.0793	 0.68783185		 0.7090	 1.63746983	 22.7798	 0.02402745	 23.24	 -0.23	 0.0730	 0.6429	 0.5291	 
m60621c5r6.htb	 130.0	  0.03	 2.000	 -10.00	 -10.00	 40.00	   1.0	 0.0000	  0.27	 0.0080	  0.52	  0.56	 64.000	 1.00000000	 0.228	  0.000	  0.23	  0.00	  0.6217	 0.9606	 0.48753624		 0.7837	 7.99836516	 51.7382	 11.19402985	 124.67	 -0.05	 0.0689	 0.6429	 0.5291	 
m60621c6r6.htb	 180.0	  0.03	 2.000	  8.00	 -10.00	 40.00	   0.0	 2.8358	  0.00	 0.0000	  0.66	  0.60	 64.000	 1.00000000	 0.682	  0.000	  0.68	  0.00	  3.4073	 0.4921	 3.40760970		 0.1820	 14.77332260	 21.4340	 3.92109350	 21.47	  0.98	 0.5212	 1.9089	 0.1565	 
m60621c6r6.htb	 180.0	  0.03	 2.000	  8.00	 -10.00	 40.00	   1.0	 2.8358	  0.27	 0.0000	  0.67	  0.64	 64.000	 1.00000000	 0.615	  0.000	  0.62	  0.00	  1.2574	 0.8686	 0.66055098		 0.7187	 30.71572705	 32.8692	 27.15294986	 73.27	  0.90	 0.5944	 1.9089	 0.1565	 
m60623c3r6.htb	  90.0	  0.03	 2.000	 -5.00	 10.00	 40.00	   0.0	 4.1294	  0.00	 0.0000	  0.63	  0.73	 64.000	 1.00000000	 0.700	  0.000	  0.70	  0.00	  0.0890	 0.9990	 0.08852163		 0.9567	 18.73141734	 33.2096	 1.70190524	 37.96	  3.06	 0.5386	 0.5239	 0.5947	 
m60623c3r6.htb	  90.0	  0.03	 2.000	 -5.00	 10.00	 40.00	   1.0	 4.1294	  0.03	 0.0000	  0.68	  0.64	 64.000	 1.00000000	 0.824	  0.000	  0.82	  0.00	  2.0203	 0.7320	 1.67728915		 0.4323	 83.37095320	 65.9252	 111.94029851	 153.79	  3.06	 0.5721	 0.5239	 0.5947	 
m60623c4r6.htb	  90.0	  0.03	 2.000	  3.00	 -5.00	 40.00	   0.0	 0.6468	  0.00	 0.0000	  0.55	  0.60	 64.000	 1.00000000	 0.394	  0.000	  0.39	  0.00	  0.6027	 0.9628	 0.60260085		 0.7399	 8.55485525	 47.7683	 4.75368441	 47.77	  0.29	 0.0836	 0.0000	 1.0000	 
m60623c4r6.htb	  90.0	  0.03	 2.000	  3.00	 -5.00	 40.00	   1.0	 0.6468	  0.00	 0.0000	  0.51	  0.60	 64.000	 1.00000000	 0.394	  0.000	  0.39	  0.00	  0.5278	 0.9707	 0.52780925		 0.7680	 5.16658473	 24.8828	 1.78073486	 24.90	  0.33	 0.1404	 0.0000	 1.0000	 
m60626c2r6.htb	   0.0	  0.03	 2.000	 -8.00	 -8.00	 40.00	   0.0	 3.8806	  0.00	 0.0000	  0.67	  0.39	 64.000	 1.00000000	 0.728	  0.000	  0.73	  0.00	  0.4085	 0.9818	 0.40856113		 0.8152	 9.37958377	 22.9256	 0.00000000	 22.96	  4.25	 0.4215	 -0.0000	 1.0000	 
m60626c2r6.htb	   0.0	  0.03	 2.000	 -8.00	 -8.00	 40.00	   1.0	 3.8806	  0.00	 0.0000	  0.68	  0.38	 64.000	 1.00000000	 0.747	  0.000	  0.75	  0.00	  1.6891	 0.7927	 1.68909263		 0.4298	 12.68732071	 20.6042	 2.53959596	 20.61	  3.93	 0.5062	 -0.0000	 1.0000	 
m60628c1r6.htb	   0.0	  0.03	 2.000	  0.00	 -8.00	 30.00	   0.0	 1.7768	  0.05	 0.0000	  0.70	  0.78	 64.000	 1.00000000	 0.864	  0.000	  0.86	  0.00	  4.3234	 0.3640	 3.46200224		 0.1771	 64.72914673	 60.8825	 82.50414594	 143.30	 -0.44	 0.5189	 0.0001	 0.9999	 
m60628c1r6.htb	   0.0	  0.03	 2.000	  0.00	 -8.00	 30.00	   1.0	 1.7768	  0.00	 0.0000	  0.68	  0.90	 64.000	 1.00000000	 0.842	  0.000	  0.84	  0.00	  0.7724	 0.9421	 0.77226394		 0.6797	 19.28362343	 33.6520	 0.70819634	 37.56	 -0.17	 0.5750	 0.0001	 0.9999	 
m60628c2r6.htb	   0.0	  0.03	 2.000	 -8.00	 -10.00	 40.00	   0.0	 1.7910	  0.00	 0.0000	  0.58	  0.55	 64.000	 1.00000000	 0.541	  0.000	  0.54	  0.00	  0.1948	 0.9956	 0.19458998		 0.9073	 6.23329959	 22.1207	 1.13964501	 23.15	  0.46	 0.2394	 0.0026	 0.9974	 
m60628c2r6.htb	   0.0	  0.03	 2.000	 -8.00	 -10.00	 40.00	   1.0	 1.7910	  0.00	 0.0000	  0.67	  0.43	 64.000	 1.00000000	 0.808	  0.000	  0.81	  0.00	  0.2242	 0.9942	 0.22732676		 0.8926	 20.21089022	 26.3811	 13.82035978	 27.68	  0.12	 0.2759	 0.0026	 0.9974	 
m60703c1r6.htb	   0.0	  0.03	 2.000	 10.00	  8.00	 40.00	   0.0	 3.2836	  0.12	 0.0000	  0.74	  0.81	 64.000	 1.00000000	 0.863	  0.000	  0.86	  0.00	  3.3661	 0.4985	 2.64899878		 0.2659	 93.06973008	 53.2453	 116.66666667	 127.14	 -1.60	 0.8828	 1.1496	 0.3231	 
m60703c1r6.htb	   0.0	  0.03	 2.000	 10.00	  8.00	 40.00	   1.0	 3.2836	  0.14	 0.0000	  0.68	  0.99	 64.000	 1.00000000	 0.804	  0.000	  0.80	  0.00	  1.1355	 0.8886	 0.47392686		 0.7890	 95.06948164	 54.1938	 124.37810945	 129.63	 -0.64	 0.8454	 1.1496	 0.3231	 
m60703c2r6.htb	   0.0	  0.03	 2.000	  8.00	 10.00	 40.00	   0.0	 0.2488	  0.00	 0.0000	  0.67	  0.42	 64.000	 1.00000000	 0.710	  0.000	  0.71	  0.00	  1.2199	 0.8748	 1.21992978		 0.5434	 10.24572236	 36.2652	 6.29158208	 36.28	 -0.08	 0.1134	 0.1726	 0.8419	 
m60703c2r6.htb	   0.0	  0.03	 2.000	  8.00	 10.00	 40.00	   1.0	 0.2488	  0.09	 0.0000	  0.63	  0.44	 64.000	 1.00000000	 0.568	  0.000	  0.57	  0.00	  0.9479	 0.9176	 0.92168556		 0.6308	 12.43781095	 39.6081	 10.29094288	 48.03	 -0.15	 0.1050	 0.1726	 0.8419	 
m60703c3r6.htb	   0.0	  0.03	 2.000	 -5.00	 10.00	 40.00	   0.0	 0.2985	  0.00	 0.0000	  0.71	  0.51	 64.000	 1.00000000	 0.761	  0.000	  0.76	  0.00	  0.8247	 0.9351	 0.82471739		 0.6621	 16.92423502	 100.0000	 4.22114101	 100.00	 -0.03	 0.1391	 0.0000	 1.0000	 
m60703c3r6.htb	   0.0	  0.03	 2.000	 -5.00	 10.00	 40.00	   1.0	 0.2985	 -14.24	 0.0000	  0.71	  0.46	 64.000	 1.00000000	 0.000	    NaN	  0.68	  0.00	 75.3253	 0.0000	 75.32532808		 0.0000	 0.00000000	 25.8900	 26.64597787	 28.67	 -0.75	 -0.4056	 0.0000	 1.0000	 
m60705c1r6.htb	   0.0	  0.03	 2.000	  0.00	 -10.00	 40.00	   0.0	 4.0299	  0.00	 0.0000	  0.53	  0.59	 64.000	 1.00000000	 0.496	  0.000	  0.50	  0.00	  0.0922	 0.9990	 0.09214334		 0.9550	 7.79805041	 19.6761	 0.36853499	 20.38	  2.67	 0.3884	 -0.0000	 1.0000	 
m60705c1r6.htb	   0.0	  0.03	 2.000	  0.00	 -10.00	 40.00	   1.0	 4.0299	  0.00	 0.0000	  0.50	  0.67	 64.000	 1.00000000	 0.361	  0.000	  0.36	  0.00	  0.5852	 0.9647	 0.58522709		 0.7463	 9.40692148	 17.8347	 2.59339560	 17.84	  3.42	 0.3914	 -0.0000	 1.0000	 
m60705c2r6.htb	   0.0	  0.03	 2.000	 -5.00	 -10.00	 40.00	   0.0	 1.3930	  0.38	 0.0000	  0.69	  0.47	 64.000	 1.00000000	 0.751	  0.000	  0.75	  0.00	  3.6766	 0.4515	 1.99255687		 0.3693	 20.26108079	 32.3238	 21.32859528	 88.45	  0.02	 0.4068	 3.8012	 0.0275	 
m60705c2r6.htb	   0.0	  0.03	 2.000	 -5.00	 -10.00	 40.00	   1.0	 1.3930	  0.30	 0.0000	  0.70	  0.45	 64.000	 1.00000000	 0.786	  0.000	  0.79	  0.00	  2.4355	 0.6562	 0.56930482		 0.7523	 43.78109453	 24.8318	 37.55762900	 31.19	 -0.03	 0.5846	 3.8012	 0.0275	 
m60705c3r6.htb	   0.0	  0.03	 2.000	  5.00	 -10.00	 40.00	   0.0	 5.3731	  0.00	 0.0000	  0.71	  0.59	 64.000	 1.00000000	 0.850	  0.000	  0.85	  0.00	  0.6062	 0.9624	 0.60617435		 0.7385	 27.08290066	 13.7413	 1.70195963	 13.75	  4.14	 1.8774	 -0.0000	 1.0000	 
m60705c3r6.htb	   0.0	  0.03	 2.000	  5.00	 -10.00	 40.00	   1.0	 5.3731	  0.00	 0.0000	  0.64	  0.97	 64.000	 1.00000000	 0.431	  0.000	  0.43	  0.00	  0.7949	 0.9391	 0.79485795		 0.6720	 31.55396230	 19.3723	 3.89678519	 19.37	  5.09	 1.4655	 -0.0000	 1.0000	 
m60712c1r6.htb	   0.0	  0.03	 2.000	  3.00	 -5.00	 40.00	   0.0	 3.9090	  0.00	 0.0000	  0.57	  0.54	 64.000	 1.00000000	 0.487	  0.000	  0.49	  0.00	  0.9360	 0.9193	 0.93598460		 0.6263	 7.12076483	 25.1847	 0.00000000	 27.81	  3.63	 0.2917	 0.4720	 0.6275	 
m60712c1r6.htb	   0.0	  0.03	 2.000	  3.00	 -5.00	 40.00	   1.0	 3.9090	  0.14	 0.0000	  0.69	  0.46	 64.000	 1.00000000	 0.764	  0.000	  0.76	  0.00	  1.6393	 0.8017	 1.28282213		 0.5265	 67.45427761	 52.9964	 68.82255390	 79.55	  2.48	 0.4330	 0.4720	 0.6275	 
m60712c1r6.htb	   0.0	  0.03	 2.000	  3.00	 -5.00	 40.00	   0.0	 3.9090	  0.00	 0.0000	  0.57	  0.54	 64.000	 1.00000000	 0.487	  0.000	  0.49	  0.00	  0.9360	 0.9193	 0.93595087		 0.6263	 7.12097718	 25.1862	 0.00000000	 28.10	  3.63	 0.2917	 0.4720	 0.6274	 
m60712c1r6.htb	   0.0	  0.03	 2.000	  3.00	 -5.00	 40.00	   1.0	 3.9090	  0.14	 0.0000	  0.69	  0.46	 64.000	 1.00000000	 0.764	  0.000	  0.76	  0.00	  1.6393	 0.8017	 1.28376631		 0.5263	 67.39836103	 53.0115	 68.82255390	 79.70	  2.48	 0.4332	 0.4720	 0.6274	 
m60717c3r6.htb	 150.0	  0.03	 2.000	 -10.00	 -10.00	 40.00	   0.0	 0.8292	  0.16	 0.0000	  0.75	  0.71	 64.000	 1.00000000	 0.874	  0.000	  0.87	  0.00	  1.5189	 0.8233	 1.02973357		 0.5976	 52.41065584	 39.0644	 60.41467120	 138.55	 -1.97	 0.9570	 2.6152	 0.0824	 
m60717c3r6.htb	 150.0	  0.03	 2.000	 -10.00	 -10.00	 40.00	   1.0	 0.8292	  0.25	 0.0000	  0.79	  0.67	 64.000	 1.00000000	 0.879	  0.000	  0.88	  0.00	  2.8180	 0.5887	 0.95517107		 0.6203	 71.41578912	 37.4218	 80.42644023	 115.33	 -2.72	 1.2798	 2.6152	 0.0824	 
m60814c1r6.htb	   0.0	  0.03	 2.000	  0.00	  0.00	 40.00	   0.0	 0.4478	  0.15	 0.0000	  0.72	  0.57	 64.000	 1.00000000	 0.802	  0.000	  0.80	  0.00	  1.5831	 0.8118	 1.09955715		 0.5771	 41.57352427	 53.1609	 53.98009950	 127.73	 -0.55	 0.3822	 0.1599	 0.8526	 
m60814c1r6.htb	   0.0	  0.03	 2.000	  0.00	  0.00	 40.00	   1.0	 0.4478	  0.24	 0.0000	  0.74	  0.56	 64.000	 1.00000000	 0.823	  0.000	  0.81	  0.00	  7.6477	 0.1054	 4.33061700		 0.1147	 51.65541827	 50.8520	 68.90547264	 122.85	 -1.38	 0.4837	 0.1599	 0.8526	 
m60814c2r6.htb	   0.0	  0.03	 2.000	  0.00	  0.00	 40.00	   0.0	 12.5373	  0.00	 0.0000	  0.51	  0.78	 64.000	 1.00000000	 0.453	  0.000	  0.45	  0.00	  0.5076	 0.9728	 0.50719739		 0.7760	 16.33435733	 33.7268	 2.54122366	 35.17	 10.44	 0.4275	 2.1761	 0.1217	 
m60814c2r6.htb	   0.0	  0.03	 2.000	  0.00	  0.00	 40.00	   1.0	 12.5373	  0.15	 0.0000	  0.60	  0.57	 64.000	 1.00000000	 0.502	  0.000	  0.50	  0.00	  1.1075	 0.8931	 0.57060911		 0.7518	 85.17108092	 61.2052	 134.82587065	 144.86	 11.68	 0.4916	 2.1761	 0.1217	 
m60814c3r6.htb	  50.0	  0.03	 2.000	 -10.00	 10.00	 40.00	   0.0	 0.9950	  0.09	 0.0053	  0.38	  0.60	 64.000	 1.00000000	 0.205	  0.000	  0.21	  0.00	  0.4124	 0.9814	 0.38681447		 0.8241	 11.01096513	 31.1816	 9.67899355	 34.68	  0.57	 0.0776	 0.4611	 0.6326	 
m60814c3r6.htb	  50.0	  0.03	 2.000	 -10.00	 10.00	 40.00	   1.0	 0.9950	  0.30	 0.0183	  0.42	  0.66	 64.000	 1.00000000	 0.199	  0.000	  0.20	  0.00	  0.3128	 0.9890	 0.24218646		 0.8860	 10.92200457	 52.8763	 16.41791045	 125.23	  0.67	 0.0803	 0.4611	 0.6326	 
m60814c4r6.htb	   0.0	  0.03	 2.000	  0.00	  0.00	 40.00	   0.0	 9.9502	  0.18	 0.0000	  0.56	  0.51	 64.000	 1.00000000	 0.365	  0.000	  0.36	  0.00	  1.3427	 0.8541	 0.29659105		 0.8622	 56.12000744	 59.0264	 90.54726368	 140.29	  9.08	 0.3256	 2.2334	 0.1153	 
m60814c4r6.htb	   0.0	  0.03	 2.000	  0.00	  0.00	 40.00	   1.0	 9.9502	  0.15	 0.0000	  0.59	  0.46	 64.000	 1.00000000	 0.496	  0.000	  0.50	  0.00	  1.0190	 0.9069	 0.47903866		 0.7870	 63.19572212	 60.2483	 99.75124378	 142.53	  9.22	 0.3723	 2.2334	 0.1153	 
m60822c1r6.htb	   0.0	  0.03	 2.000	 -10.00	  0.00	 40.00	   0.0	 0.5473	  0.28	 0.0000	  0.79	  0.52	 64.000	 1.00000000	 0.894	  0.000	  0.89	  0.00	  6.6096	 0.1580	 4.69802785		 0.0955	 67.38989653	 48.8239	 89.55223881	 118.70	 -1.79	 0.6651	 5.7219	 0.0051	 
m60822c1r6.htb	   0.0	  0.03	 2.000	 -10.00	  0.00	 40.00	   1.0	 0.5473	  0.39	 0.0000	  0.77	  0.57	 64.000	 1.00000000	 0.899	  0.000	  0.89	  0.00	 14.0303	 0.0072	 4.02245525		 0.1338	 74.21778644	 46.0490	 100.99502488	 113.15	 -1.31	 0.7639	 5.7219	 0.0051	 
m60822c2r6.htb	 230.0	  0.03	 2.000	  0.00	 -5.00	 40.00	   0.0	 0.5970	  0.00	 0.0000	  0.67	  0.75	 64.000	 1.00000000	 0.701	  0.000	  0.70	  0.00	  3.9871	 0.4078	 3.98706199		 0.1362	 21.10627618	 41.6769	 7.77539908	 41.70	 -0.16	 0.3340	 0.0001	 0.9999	 
m60822c2r6.htb	 230.0	  0.03	 2.000	  0.00	 -5.00	 40.00	   1.0	 0.5970	  0.00	 0.0000	  0.70	  0.68	 64.000	 1.00000000	 0.747	  0.000	  0.75	  0.00	  2.6688	 0.6147	 2.66873694		 0.2633	 17.94656045	 37.2104	 4.25193308	 37.44	 -0.16	 0.3835	 0.0001	 0.9999	 
m61117c1r6.htb	  60.0	  0.03	 2.000	 10.00	 -10.00	 40.00	   0.0	 2.5871	  0.00	 0.0000	  0.67	  0.56	 64.000	 1.00000000	 0.781	  0.000	  0.78	  0.00	  1.6008	 0.8086	 1.60106279		 0.4491	 18.19127702	 100.0000	 4.19124298	 100.00	  1.05	 0.1533	 -0.0000	 1.0000	 
m61117c2r6.htb	  60.0	  0.03	 2.000	  5.00	 10.00	 40.00	   0.0	 9.0547	  0.00	 0.0000	  0.50	  0.49	 64.000	 1.00000000	 0.389	  0.000	  0.39	  0.00	  0.6338	 0.9592	 0.63381074		 0.7284	 11.29275679	 19.1215	 3.75186664	 19.21	  8.58	 0.4056	 0.0000	 1.0000	 
m61117c3r6.htb	 150.0	  0.03	 2.000	  0.00	  0.00	 40.00	   0.0	 14.8756	  0.00	 0.0000	  0.60	  0.41	 64.000	 1.00000000	 0.498	  0.000	  0.50	  0.00	  0.3247	 0.9882	 0.32469756		 0.8501	 15.52622605	 100.0000	 0.00000000	 109.93	 13.36	 0.1700	 0.0000	 1.0000	 
m70403c1r6.htb	  60.0	  0.03	 2.000	 -5.00	 -10.00	 40.00	   0.0	 0.0000	 -10.69	 0.0000	  0.65	  1.02	 64.000	 1.00000000	 0.000	    NaN	  0.72	  0.00	 198.7749	 0.0000	 198.77488531		 0.0000	 -0.00000000	 57.7217	 27.90121698	 60.77	 -1.69	 -0.3742	 0.0000	 1.0000	 
m70404c3r6.htb	 270.0	  0.03	 2.000	 10.00	 10.00	 30.00	   0.0	 0.4975	  0.18	 0.0000	  0.72	  0.45	 64.000	 1.00000000	 0.784	  0.000	  0.78	  0.00	  1.0019	 0.9095	 0.69874270		 0.7051	 22.61543966	 39.6417	 19.47597050	 72.04	 -0.19	 0.3171	 0.9742	 0.3830	 
m70405c2r6.htb	   0.0	  0.03	 2.000	 10.00	 -10.00	 40.00	   0.0	 3.5821	  0.05	 0.0000	  0.70	  0.71	 64.000	 1.00000000	 0.862	  0.000	  0.86	  0.00	  0.7974	 0.9388	 0.34292175		 0.8424	 91.72384254	 61.2666	 119.90049751	 144.44	  1.52	 0.7103	 0.5907	 0.5569	 
m70723c1r6.htb	   0.0	  0.03	 2.000	 -8.00	 -8.00	 30.00	   0.0	 0.9950	  0.00	 0.0000	  0.61	  0.41	 64.000	 1.00000000	 0.590	  0.000	  0.59	  0.00	  0.4127	 0.9814	 0.41262241		 0.8136	 3.83534051	 39.5599	 0.53628841	 39.56	  0.66	 0.0869	 -0.0000	 1.0000	 
m70523c2r6.htb	   0.0	  0.03	 2.000	  0.00	  0.00	 40.00	   0.0	 0.5473	  0.01	 0.0000	  0.64	  0.46	 64.000	 1.00000000	 0.690	  0.000	  0.69	  0.00	  1.5900	 0.8106	 1.55139572		 0.4604	 15.97639001	 20.0785	 10.40117880	 22.35	  0.25	 0.3408	 0.0436	 0.9574	 
m70523c3r6.htb	   0.0	  0.03	 2.000	  0.00	  0.00	 40.00	   0.0	 16.2189	  0.07	 0.0000	  0.65	  0.50	 64.000	 1.00000000	 0.666	  0.000	  0.67	  0.00	  1.5559	 0.8167	 0.94430772		 0.6237	 105.24991756	 66.4320	 167.91044776	 164.38	 15.45	 0.6008	 0.7666	 0.4687	 
m70524c1r6.htb	   0.0	  0.03	 2.000	  0.00	 -15.00	 40.00	   0.0	 3.2338	  0.01	 0.0000	  0.71	  0.69	 64.000	 1.00000000	 0.795	  0.000	  0.80	  0.00	  0.8262	 0.9349	 0.78139936		 0.6766	 75.73473215	 68.2410	 101.74129353	 162.52	  1.48	 0.5157	 0.1429	 0.8671	 
m70524c3r6.htb	   0.0	  0.03	 2.000	  0.00	  5.00	 30.00	   0.0	 0.2488	  0.00	 0.0000	  0.71	  0.40	 64.000	 1.00000000	 0.597	  0.000	  0.59	  0.00	 60.8584	 0.0000	 3.82672642		 0.1476	 5.84502753	 30.7274	 2.47473223	 30.73	 -0.42	 0.1136	 161.9499	 0.0000	 
m70525c1r6.htb	   0.0	  0.03	 1.000	  0.00	 -5.00	 40.00	   0.0	 3.3831	  0.13	 0.0000	  0.65	  0.74	 64.000	 1.00000000	 0.757	  0.000	  0.76	  0.00	  1.7515	 0.7813	 1.52004995		 0.4677	 62.17085094	 53.0728	 78.60696517	 124.56	  0.68	 0.5745	 0.5322	 0.5898	 
m70529c1r6.htb	   0.0	  0.03	 2.000	 -10.00	  8.00	 40.00	   0.0	 0.6965	 -10.25	 0.0000	  0.58	  0.61	 64.000	 1.00000000	 0.000	    NaN	  0.40	  0.00	 72.5993	 0.0000	 72.59933523		 0.0000	 0.00000000	 12.8549	 17.41293532	 15.95	 -0.35	 -0.2569	 0.0000	 1.0000	 
m70529c2r6.htb	   0.0	  0.03	 2.000	  5.00	  5.00	 25.00	   0.0	 4.4279	  0.03	 0.0000	  0.67	  0.78	 64.000	 1.00000000	 0.747	  0.000	  0.75	  0.00	  2.3278	 0.6757	 1.82249034		 0.4020	 85.42182211	 67.0763	 117.16417910	 156.99	  2.09	 0.5621	 0.6972	 0.5016	 
m70529c2r10.htb	   0.0	  0.03	 2.000	  5.00	  5.00	 25.00	   0.0	 5.8209	  0.00	 0.0000	  0.52	  0.76	 64.000	 1.00000000	 0.508	  0.000	  0.51	  0.00	  0.6275	 0.9600	 0.62747798		 0.7307	 11.18745049	 50.0026	 1.41687843	 50.98	  2.95	 0.2062	 0.0000	 1.0000	 
m70529c2r11.htb	   0.0	  0.03	 2.000	  5.00	  5.00	 25.00	   0.0	 3.2338	  0.00	 0.0033	  0.43	  1.02	 64.000	 1.00000000	 0.253	  0.000	  0.25	  0.00	  0.1524	 0.9972	 0.15240934		 0.9266	 9.79273432	 53.1453	 2.21809380	 53.27	  2.85	 0.1506	 -0.0000	 1.0000	 
m70530c1r6.htb	   0.0	  0.03	 2.000	 -10.00	  5.00	 20.00	   0.0	 0.1493	  0.00	 0.0000	  0.72	  0.41	 64.000	 1.00000000	 0.722	  0.000	  0.72	  0.00	 165.8194	 0.0000	 6.23754915		    NaN	 18.07196043	 72.6101	 23.38308458	 163.48	 -0.47	 0.1129	 215.1431	 0.0000	 
m70601c1r6.htb	   0.0	  0.03	 2.000	  0.00	 -15.00	 30.00	   0.0	 5.5224	  0.00	 0.0000	  0.61	  0.56	 64.000	 1.00000000	 0.506	  0.000	  0.51	  0.00	  2.0318	 0.7299	 2.03168039		 0.3621	 11.68608228	 33.1473	 4.57104490	 33.35	  2.61	 0.2235	 0.0001	 0.9999	 
m70605c1r6.htb	   0.0	  0.03	 2.000	  5.00	 12.00	 30.00	   0.0	 0.1493	  0.07	 0.0000	  0.72	  0.48	 64.000	 1.00000000	 0.802	  0.000	  0.80	  0.00	  2.1502	 0.7081	 1.87708909		 0.3912	 29.51273526	 58.5328	 37.81094527	 138.75	 -0.44	 0.2466	 0.8312	 0.4401	 
m70607c1r6.htb	   0.0	  0.03	 2.000	  5.00	 -2.00	 30.00	   0.0	 0.3483	  0.00	 0.0000	  0.68	  0.54	 64.000	 1.00000000	 0.685	  0.000	  0.68	  0.00	  3.3277	 0.5046	 3.32766963		 0.1894	 11.17503990	 33.4948	 4.56052439	 33.61	 -0.71	 0.2053	 0.0001	 0.9999	 
m70607c1r10.htb	   0.0	  0.03	 2.000	  5.00	 -2.00	 30.00	   0.0	 0.8955	  2.98	 0.0003	  0.45	  0.59	 64.000	 1.00000000	 0.098	  0.008	  0.14	  0.00	  0.2124	 0.9947	 11.34905108		 0.0034	 2.36302013	 3.3841	 3.28719187	  7.09	  0.04	 -0.0287	 -21.1307	 1.0000	 
m70607c2r6.htb	   0.0	  0.03	 2.000	  5.00	 -8.00	 20.00	   0.0	 0.5473	  0.00	 0.0000	  0.75	  0.60	 64.000	 1.00000000	 0.765	  0.000	  0.76	  0.00	  5.1407	 0.2732	 5.14069416		 0.0765	 20.74454701	 38.5052	 5.48306737	 38.54	 -1.47	 0.4128	 0.0000	 1.0000	 
m70607c3r6.htb	   0.0	  0.03	 2.000	  5.00	 -10.00	 20.00	   0.0	 5.0746	  0.26	 0.0000	  0.71	  0.70	 64.000	 1.00000000	 0.807	  0.000	  0.81	  0.00	  2.7717	 0.5967	 1.68428063		 0.4308	 69.82172339	 34.8147	 87.94561667	 127.75	  3.45	 1.3905	 3.5471	 0.0345	 
m70608c1r6.htb	   0.0	  0.03	 2.000	  0.00	  0.00	 60.00	   0.0	 2.0896	  0.00	 0.0000	  0.59	  0.61	 64.000	 1.00000000	 0.527	  0.000	  0.53	  0.00	  2.1450	 0.7091	 2.14497783		 0.3422	 11.75985754	 41.5870	 4.51924211	 41.60	  1.17	 0.1818	 0.0000	 1.0000	 
m70609c1r6.htb	 120.0	  0.03	 2.000	  0.00	  0.00	 70.00	   0.0	 2.4876	  0.00	 0.0026	  0.44	  0.48	 64.000	 1.00000000	 0.230	  0.000	  0.23	  0.00	  0.3307	 0.9877	 0.33070589		 0.8476	 2.89633570	 26.2452	 0.00000000	 27.45	  3.04	 0.1140	 0.0000	 1.0000	 
m70609c2r6.htb	 120.0	  0.03	 2.000	  0.00	  8.00	 30.00	   0.0	 1.4428	  0.00	 0.0026	  0.42	  0.44	 64.000	 1.00000000	 0.231	  0.000	  0.23	  0.00	  0.3692	 0.9849	 0.36914966		 0.8315	 2.33989783	 22.3817	 0.56284155	 22.47	  1.19	 0.0818	 0.0000	 1.0000	 
m70611c2r6.htb	 120.0	  0.03	 2.000	  0.00	 -3.00	 30.00	   0.0	 15.9204	  0.06	 0.0000	  0.62	  0.48	 64.000	 1.00000000	 0.585	  0.000	  0.58	  0.00	  0.2739	 0.9914	 0.17174685		 0.9177	 21.69066074	 23.4231	 10.33010999	 46.19	 13.40	 0.7322	 0.3406	 0.7126	 
m70611c1r6.htb	 120.0	  0.03	 2.000	 -5.00	 -10.00	 30.00	   0.0	 2.0398	  0.41	 0.0000	  0.64	  0.50	 64.000	 1.00000000	 0.705	  0.000	  0.70	  0.00	  2.3536	 0.6710	 0.49749148		 0.7798	 21.59483127	 36.6885	 34.20498392	 136.67	  0.68	 0.3581	 5.2020	 0.0080	 
m70612c1r6.htb	   0.0	  0.03	 2.000	  0.00	 -8.00	 30.00	   0.0	 6.6169	  0.21	 0.0000	  0.69	  0.56	 64.000	 1.00000000	 0.803	  0.000	  0.80	  0.00	  1.9675	 0.7417	 0.31475076		 0.8544	 104.97512438	 25.9462	 90.85102402	 30.91	  2.69	 1.1580	 2.7643	 0.0704	 
m70612c2r6.htb	   0.0	  0.03	 2.000	  0.00	 -7.00	 30.00	   0.0	 9.3532	  0.00	 0.0000	  0.68	  0.52	 64.000	 1.00000000	 0.719	  0.000	  0.72	  0.00	  0.4518	 0.9780	 0.45180614		 0.7978	 19.16973819	 15.4384	 2.68395092	 15.44	  6.15	 1.0895	 -0.0000	 1.0000	 
m70613c2r6.htb	 120.0	  0.03	 2.000	  5.00	  0.00	 40.00	   0.0	 3.7002	  0.04	 0.0000	  0.46	  0.38	 64.000	 1.00000000	 0.288	  0.000	  0.29	  0.00	  0.1901	 0.9958	 0.16746555		 0.9197	 21.11913990	 73.4613	 26.86567164	 127.22	  2.85	 0.0815	 0.1581	 0.8540	 
m70613c1r6.htb	   0.0	  0.03	 2.000	  0.00	  0.00	 50.00	   0.0	 1.7910	  0.06	 0.0068	  0.42	  0.36	 64.000	 1.00000000	 0.207	  0.000	  0.21	  0.00	  0.2938	 0.9902	 0.26511688		 0.8759	 8.53901970	 19.9358	 7.09556839	 22.67	  1.61	 0.1196	 0.1256	 0.8822	 
m70618c1r6.htb	   0.0	  0.03	 2.000	  8.00	  3.00	 30.00	   0.0	 3.8806	  0.09	 0.0000	  0.52	  0.58	 64.000	 1.00000000	 0.449	  0.000	  0.45	  0.00	  0.5714	 0.9662	 0.35887212		 0.8357	 34.21323169	 62.9872	 52.48756219	 153.07	  3.79	 0.2136	 0.5147	 0.6001	 
m70619c1r6.htb	   0.0	  0.03	 2.000	 -5.00	  5.00	 30.00	   0.0	 1.6418	  0.00	 0.0000	  0.51	  0.37	 64.000	 1.00000000	 0.364	  0.000	  0.36	  0.00	  0.8816	 0.9272	 0.88158460		 0.6435	 4.51999090	 100.0000	 1.14998959	 100.00	  1.45	 0.0369	 -0.0000	 1.0000	 
m70621c1r6.htb	   0.0	  0.03	 2.000	  8.00	  5.00	 30.00	   0.0	 0.4478	  0.22	 0.0000	  0.74	  0.70	 64.000	 1.00000000	 0.812	  0.000	  0.81	  0.00	  9.3498	 0.0529	 5.70398229		 0.0577	 67.31879445	 50.4706	 87.81094527	 121.69	 -1.76	 0.6507	 2.7257	 0.0730	 
m70621c2r6.htb	   0.0	  0.03	 2.000	  8.00	  5.00	 30.00	   0.0	 1.0945	  0.45	 0.0000	  0.63	  0.48	 64.000	 1.00000000	 0.654	  0.000	  0.65	  0.00	  1.8864	 0.7566	 0.16078092		 0.9228	 12.90672927	 22.9066	 10.46345449	 50.82	  0.11	 0.3743	 4.9452	 0.0100	 
m70622c1r6.htb	   0.0	  0.03	 2.000	  5.00	  8.00	 30.00	   0.0	 6.1194	  0.37	 0.0000	  0.64	  0.77	 64.000	 1.00000000	 0.718	  0.000	  0.72	  0.00	  4.1428	 0.3870	 0.22736700		 0.8925	 53.54758543	 25.8720	 43.70281835	 44.46	  1.45	 1.1401	 4.1833	 0.0195	 
m70625c1r6.htb	   0.0	  0.03	 2.000	  8.00	 -8.00	 30.00	   0.0	 0.6716	  0.08	 0.0000	  0.70	  0.70	 64.000	 1.00000000	 0.841	  0.000	  0.84	  0.00	  1.9126	 0.7518	 1.37053671		 0.5040	 60.83721631	 57.7622	 78.10945274	 136.98	 -0.28	 0.5140	 1.7022	 0.1862	 
m70625c2r6.htb	   0.0	  0.03	 2.000	 -3.00	  5.00	 30.00	   0.0	 2.3383	  0.00	 0.0000	  0.72	  0.60	 64.000	 1.00000000	 0.850	  0.000	  0.85	  0.00	  2.5296	 0.6393	 2.52972557		 0.2823	 20.06681398	 36.5930	 3.12058877	 36.75	  0.05	 0.4819	 0.0000	 1.0000	 
m70626c1r6.htb	   0.0	  0.03	 2.000	  8.00	  5.00	 25.00	   0.0	 3.5323	  0.00	 0.0000	  0.51	  0.37	 64.000	 1.00000000	 0.385	  0.000	  0.38	  0.00	  0.0591	 0.9996	 0.05906981		 0.9709	 2.99020393	 15.2373	 0.00000000	 15.80	  2.41	 0.2002	 -0.0000	 1.0000	 
m70628c1r6.htb	   0.0	  0.03	 2.000	  0.00	  0.00	 40.00	   0.0	 1.5423	  0.00	 0.0000	  0.68	  0.43	 64.000	 1.00000000	 0.598	  0.000	  0.60	  0.00	  8.7872	 0.0666	 8.78711513		 0.0124	 8.98403958	 33.2236	 4.17167773	 33.28	  0.54	 0.1505	 0.0000	 1.0000	 
m70703c1r6.htb	   0.0	  0.03	 2.000	  0.00	 -10.00	 30.00	   0.0	 0.8458	  0.00	 0.0000	  0.59	  0.62	 64.000	 1.00000000	 0.534	  0.000	  0.53	  0.00	  1.7240	 0.7864	 1.72354792		 0.4224	 10.18338029	 35.2760	 4.67159432	 35.42	  0.62	 0.1629	 0.0001	 0.9999	 
m70703c2r6.htb	   0.0	  0.03	 2.000	  0.00	 -5.00	 30.00	   0.0	 2.6368	  0.78	 0.0000	  0.70	  0.62	 64.000	 1.00000000	 0.733	  0.000	  0.73	  0.00	  9.8768	 0.0426	 2.08368826		 0.3528	 80.84577114	 26.4307	 78.96841354	 37.74	  0.18	 1.0150	 28.7189	 0.0000	 
m70705c1r6.htb	   0.0	  0.03	 2.000	 -8.00	  5.00	 30.00	   0.0	 0.9950	  0.31	 0.0000	  0.51	  0.36	 64.000	 1.00000000	 0.435	  0.000	  0.43	  0.00	  0.7969	 0.9389	 0.21119214		 0.8998	 13.43283582	 31.7420	 12.35997941	 39.35	  0.59	 0.1147	 1.7940	 0.1744	 
m70709c1r6.htb	   0.0	  0.03	 2.000	 -2.00	  0.00	 30.00	   0.0	 1.8905	  0.10	 0.0000	  0.67	  0.47	 64.000	 1.00000000	 0.796	  0.000	  0.80	  0.00	  0.5245	 0.9711	 0.30516300		 0.8585	 16.51001735	 22.8101	 9.25030061	 34.05	  0.80	 0.4709	 0.3460	 0.7088	 
m70709c2r6.htb	   0.0	  0.03	 2.000	 -8.00	  0.00	 30.00	   0.0	 3.2338	  0.12	 0.0000	  0.52	  0.32	 64.000	 1.00000000	 0.375	  0.000	  0.37	  0.00	  1.1670	 0.8835	 1.08527867		 0.5812	 33.08457711	 20.2854	 30.63044354	 22.11	  3.06	 0.2550	 0.9006	 0.4113	 
m70709c3r6.htb	   0.0	  0.03	 2.000	 -10.00	  6.00	 30.00	   0.0	 0.9453	  0.00	 0.0000	  0.71	  0.50	 64.000	 1.00000000	 0.706	  0.000	  0.71	  0.00	  2.0330	 0.7297	 2.03303187		 0.3619	 10.83229371	 100.0000	 0.00000000	 103.37	  0.51	 0.1186	 0.0000	 1.0000	 
m70710c1r6.htb	 180.0	  0.03	 2.000	 -5.00	 -10.00	 30.00	   0.0	 2.8856	  0.29	 0.0000	  0.74	  0.52	 64.000	 1.00000000	 0.874	  0.000	  0.87	  0.00	  2.2126	 0.6967	 0.48555729		 0.7844	 44.01336332	 41.4240	 64.10884065	 135.63	  0.48	 0.6252	 3.4728	 0.0369	 
m70710c2r6.htb	 270.0	  0.03	 2.000	  0.00	  0.00	 30.00	   0.0	 7.4129	  0.00	 0.0000	  0.61	  0.44	 64.000	 1.00000000	 0.515	  0.000	  0.51	  0.00	  1.0698	 0.8990	 1.06979821		 0.5857	 12.28759523	 22.0906	 4.16319303	 22.18	  7.01	 0.3794	 0.0001	 0.9999	 
m70711c1r6.htb	   0.0	  0.03	 2.000	  0.00	  8.00	 30.00	   0.0	 9.3532	  0.06	 0.0000	  0.52	  0.48	 64.000	 1.00000000	 0.425	  0.000	  0.43	  0.00	  0.4587	 0.9774	 0.24569365		 0.8844	 23.58565568	 50.9002	 33.62075576	 150.90	  8.56	 0.2557	 0.4965	 0.6109	 
m70711c2r6.htb	   0.0	  0.03	 2.000	 -5.00	  5.00	 30.00	   0.0	 2.7363	  0.24	 0.0000	  0.70	  0.38	 64.000	 1.00000000	 0.726	  0.000	  0.73	  0.00	  3.0023	 0.5574	 1.99563685		 0.3687	 51.74129353	 25.9182	 45.69107071	 30.60	  1.05	 0.5265	 3.4467	 0.0378	 
m70712c1r6.htb	   0.0	  0.03	 2.000	 -5.00	  5.00	 30.00	   0.0	 0.7463	  0.18	 0.0000	  0.80	  0.48	 64.000	 1.00000000	 0.943	  0.000	  0.94	  0.00	  5.6529	 0.2266	 2.52919854		 0.2824	 45.35637265	 27.7034	 27.99679066	 51.11	 -1.94	 1.1415	 -1.9121	 1.0000	 
m70717c3r6.htb	   0.0	  0.03	 2.000	  0.00	  5.00	 30.00	   0.0	 1.3930	  0.52	 0.0000	  0.66	  0.58	 64.000	 1.00000000	 0.638	  0.000	  0.64	  0.00	  4.5363	 0.3383	 1.22670088		 0.5415	 48.50746269	 29.4669	 45.14733592	 38.79	 -0.12	 0.5072	 7.0993	 0.0016	 
m70718c1r6.htb	   0.0	  0.03	 2.000	  2.00	  5.00	 30.00	   0.0	 3.6816	  0.07	 0.0000	  0.79	  0.52	 64.000	 1.00000000	 0.907	  0.000	  0.91	  0.00	  6.3327	 0.1756	 4.06194232		 0.1312	 120.68453670	 59.9431	 161.44278607	 141.76	  1.76	 0.9313	 2.5507	 0.0858	 
m70718c2r6.htb	  90.0	  0.03	 2.000	  0.00	 -5.00	 30.00	   0.0	 10.9701	  0.00	 0.0000	  0.60	  0.41	 64.000	 1.00000000	 0.630	  0.000	  0.63	  0.00	  1.1555	 0.8854	 1.15550037		 0.5612	 16.61424860	 25.4645	 6.34029293	 25.47	  9.58	 0.4164	 -0.0000	 1.0000	 
m70718c3r6.htb	  90.0	  0.03	 2.000	  0.00	  2.00	 30.00	   0.0	 0.4975	  0.62	 0.0000	  0.61	  0.45	 64.000	 1.00000000	 0.557	  0.000	  0.56	  0.00	  2.0180	 0.7324	 0.51975654		 0.7711	 16.16915423	 28.1607	 15.17906840	 38.84	 -0.13	 0.1927	 6.6386	 0.0024	 
m70719c1r6.htb	  90.0	  0.03	 2.000	  5.00	  5.00	 30.00	   0.0	 5.5224	  0.29	 0.0000	  0.77	  0.52	 64.000	 1.00000000	 0.880	  0.000	  0.88	  0.00	  2.9670	 0.5634	 0.61072467		 0.7369	 88.54508285	 26.7940	 70.34907529	 40.68	  2.67	 1.6522	 7.4328	 0.0012	 
m70719c2r6.htb	  90.0	  0.03	 2.000	 -5.00	  0.00	 30.00	   0.0	 12.6534	  0.02	 0.0000	  0.64	  0.70	 64.000	 1.00000000	 0.717	  0.000	  0.72	  0.00	  0.0976	 0.9988	 0.06421311		 0.9684	 33.27429489	 21.5763	 10.04204829	 34.77	  9.54	 1.2988	 0.1469	 0.8634	 
m70719c3r6.htb	  90.0	  0.03	 2.000	 -5.00	 -5.00	 30.00	   0.0	 11.5423	  0.00	 0.0000	  0.66	  0.85	 64.000	 1.00000000	 0.719	  0.000	  0.72	  0.00	  1.7456	 0.7824	 1.74553300		 0.4178	 30.89950864	 53.1903	 0.00012257	 55.96	  5.39	 0.6135	 0.0000	 1.0000	 
m70720c1r6.htb	  90.0	  0.03	 2.000	 -5.00	  0.00	 30.00	   0.0	 10.2488	  0.09	 0.0000	  0.73	  0.58	 64.000	 1.00000000	 0.812	  0.000	  0.81	  0.00	  2.5486	 0.6359	 2.33649356		 0.3109	 128.46229714	 25.8171	 101.54927284	 30.36	  5.37	 1.7019	 0.7975	 0.4548	 
m70720c2r6.htb	   0.0	  0.03	 2.000	 -5.00	 -2.00	 30.00	   0.0	 12.2886	  0.17	 0.0000	  0.70	  0.61	 64.000	 1.00000000	 0.813	  0.000	  0.81	  0.00	  3.9968	 0.4064	 0.29976994		 0.8608	 150.38907303	 23.6840	 126.64408840	 28.41	  7.61	 1.9747	 2.3060	 0.1078	 
m70723c1r6.htb	   0.0	  0.03	 2.000	 -8.00	 -8.00	 30.00	   0.0	 0.9950	  0.00	 0.0000	  0.61	  0.41	 64.000	 1.00000000	 0.590	  0.000	  0.59	  0.00	  0.4126	 0.9814	 0.41265055		 0.8136	 4.77159353	 39.5565	 1.47264345	 39.56	  0.66	 0.0869	 -0.0000	 1.0000	 
m70725c1r6.htb	   0.0	  0.03	 2.000	  5.00	 -5.00	 30.00	   0.0	 0.5970	  0.32	 0.0000	  0.78	  0.41	 64.000	 1.00000000	 0.870	  0.000	  0.87	  0.00	  2.2501	 0.6899	 0.63094086		 0.7294	 46.51017889	 46.0937	 62.18905473	 114.83	 -0.27	 0.4964	 5.5280	 0.0061	 
m70725c2r6.htb	   0.0	  0.03	 2.000	  0.00	 -7.00	 30.00	   0.0	 0.2488	  0.54	 0.0000	  0.78	  0.53	 64.000	 1.00000000	 0.833	  0.000	  0.83	  0.00	 22.3957	 0.0002	 6.82318312		 0.0330	 60.07091079	 41.6780	 80.84577114	 103.92	 -1.62	 0.7037	 12.7524	 0.0000	 
m70730c1r6.htb	   0.0	  0.03	 2.000	  0.00	  5.00	 30.00	   0.0	 0.5473	  0.00	 0.0000	  0.70	  0.50	 64.000	 1.00000000	 0.707	  0.000	  0.71	  0.00	  2.7928	 0.5931	 2.88686511		 0.2361	 12.27451784	 29.2288	 5.57043533	 29.31	 -0.42	 0.2378	 -0.5736	 1.0000	 
m70730c2r6.htb	   0.0	  0.03	 2.000	  0.00	 -5.00	 60.00	   0.0	 6.9154	  0.29	 0.0000	  0.63	  0.50	 64.000	 1.00000000	 0.677	  0.000	  0.68	  0.00	  2.9906	 0.5594	 0.31195806		 0.8556	 45.75654872	 27.8105	 38.81690884	 43.14	  5.53	 0.7831	 5.1720	 0.0082	 
m70731c1r6.htb	   0.0	  0.03	 2.000	 -2.00	  0.00	 60.00	   0.0	 0.3483	  0.00	 0.0000	  0.82	  0.36	 64.000	 1.00000000	 0.824	  0.000	  0.82	  0.00	 11.6069	 0.0205	 11.60622907		 0.0030	 17.19093073	 41.0072	 4.28236342	 41.17	 -1.23	 0.3289	 0.0001	 0.9999	 
m70731c2r6.htb	   0.0	  0.03	 2.000	  2.00	 -7.00	 15.00	   0.0	 3.4328	  0.00	 0.0000	  0.73	  0.39	 64.000	 1.00000000	 0.748	  0.000	  0.75	  0.00	  3.8905	 0.4210	 3.89053920		 0.1429	 13.69399524	 30.0492	 2.24695549	 30.22	  3.50	 0.3948	 0.0001	 0.9999	 
m70801c2r6.htb	   0.0	  0.03	 2.000	 -5.00	 -7.00	 120.00	   0.0	 3.0348	  0.00	 0.0000	  0.50	  0.66	 64.000	 1.00000000	 0.350	  0.000	  0.35	  0.00	  0.3080	 0.9893	 0.30800067		 0.8573	 9.63459284	 35.3485	 3.07946800	 35.36	  2.28	 0.1926	 0.0000	 1.0000	 
m70801c3r6.htb	   0.0	  0.03	 2.000	  5.00	  5.00	 25.00	   0.0	 10.4975	  0.33	 0.0000	  0.73	  0.70	 64.000	 1.00000000	 0.802	  0.000	  0.80	  0.00	  2.6823	 0.6123	 0.66683744		 0.7165	 144.07004265	 26.4981	 120.69732944	 40.82	  8.41	 2.6028	 9.8461	 0.0002	 
m70802c1r6.htb	   0.0	  0.03	 2.000	 -8.00	 -7.00	 30.00	   0.0	 2.7363	  0.02	 0.0000	  0.73	  0.58	 64.000	 1.00000000	 0.892	  0.000	  0.89	  0.00	  0.4082	 0.9818	 0.23724009		 0.8881	 81.66162788	 67.0585	 106.21890547	 153.28	  1.47	 0.5593	 0.3537	 0.7034	 
m70802c2r6.htb	   0.0	  0.03	 2.000	  2.00	 -2.00	 30.00	   0.0	 4.0796	  0.19	 0.0000	  0.72	  0.60	 64.000	 1.00000000	 0.814	  0.000	  0.81	  0.00	  1.6283	 0.8037	 0.63634170		 0.7275	 134.82587065	 23.2782	 114.22223135	 27.48	  1.99	 1.7053	 2.4711	 0.0924	 
m70803c1r6.htb	   0.0	  0.03	 2.000	 -2.00	 -7.00	 25.00	   0.0	 0.1990	 -12.09	 0.0000	  0.72	  0.64	 64.000	 1.00000000	 0.000	    NaN	  0.79	  0.00	 63.3194	 0.0000	 63.31943479		 0.0000	 0.00000000	 39.6360	 24.24056333	 42.69	 -1.24	 -0.3615	 0.0000	 1.0000	 
m70803c2r6.htb	   0.0	  0.03	 2.000	 -10.00	 -3.00	 30.00	   0.0	 6.7662	  0.16	 0.0000	  0.65	  0.84	 64.000	 1.00000000	 0.784	  0.000	  0.78	  0.00	  0.8732	 0.9284	 0.14988524		 0.9278	 92.03506348	 52.9154	 123.13432836	 127.85	  2.43	 0.8256	 0.7158	 0.4926	 
m70806c1r6.htb	   0.0	  0.03	 2.000	  7.00	  3.00	 25.00	   0.0	 0.3483	  0.58	 0.0000	  0.73	  0.40	 64.000	 1.00000000	 0.848	  0.000	  0.85	  0.00	  7.6647	 0.1047	 0.68727879		 0.7092	 42.53731343	 28.5531	 39.48271375	 40.93	 -0.28	 0.5521	 18.8573	 0.0000	 
m70807c1r6.htb	   0.0	  0.03	 2.000	  0.00	  0.00	 30.00	   0.0	 2.0896	  0.18	 0.0000	  0.76	  0.48	 64.000	 1.00000000	 0.858	  0.000	  0.86	  0.00	  1.2760	 0.8654	 0.22260078		 0.8947	 22.28474427	 13.0983	 10.92244186	 113.10	  0.49	 1.6398	 1.9556	 0.1497	 
m70809c1r6.htb	   0.0	  0.03	 2.000	  0.00	  2.00	 70.00	   0.0	 3.5323	  0.26	 0.0000	  0.64	  0.51	 64.000	 1.00000000	 0.689	  0.000	  0.69	  0.00	  1.3482	 0.8532	 0.57632362		 0.7496	 29.23168334	 30.7314	 23.91308315	 48.19	  1.42	 0.4785	 2.4863	 0.0911	 
m70809c2r6.htb	 180.0	  0.03	 2.000	  0.00	 -5.00	 50.00	   0.0	 1.2438	  0.17	 0.0000	  0.85	  0.38	 64.000	 1.00000000	 0.964	  0.000	  0.96	  0.00	  3.2064	 0.5239	 0.54594681		 0.7611	 119.76222654	 23.2197	 93.93101024	 28.60	 -1.18	 1.9532	 4.6745	 0.0127	 
m70810c1r6.htb	  90.0	  0.03	 2.000	  0.00	  0.00	 30.00	   0.0	 1.4925	  0.55	 0.0000	  0.77	  0.47	 64.000	 1.00000000	 0.851	  0.000	  0.85	  0.00	 10.5224	 0.0325	 3.12475838		 0.2096	 49.26359673	 35.4683	 49.76089670	 63.28	 -1.15	 0.6369	 12.6963	 0.0000	 
m70815c1r6.htb	   0.0	  0.03	 2.000	  0.00	  0.00	 25.00	   0.0	 0.3483	  0.00	 0.0000	  0.72	  0.45	 64.000	 1.00000000	 0.685	  0.000	  0.68	  0.00	  2.5928	 0.6281	 2.29039320		 0.3182	 9.39719827	 22.2166	 3.46549631	 22.28	 -0.24	 0.2753	 1.4614	 0.2394	 
m70816c1r6.htb	   0.0	  0.03	 2.000	  6.00	  5.00	 25.00	   0.0	 1.9900	  0.00	 0.0000	  0.67	  0.53	 64.000	 1.00000000	 0.658	  0.000	  0.66	  0.00	  0.2448	 0.9931	 0.24424067		 0.8850	 11.58093943	 7.7434	 1.37404754	 11.19	 -0.34	 1.3565	 0.0018	 0.9982	 
m70820c1r6.htb	 180.0	  0.03	 2.000	  0.00	  0.00	 35.00	   0.0	 2.0896	  0.00	 0.0000	  0.64	  1.15	 64.000	 1.00000000	 0.716	  0.000	  0.71	  0.00	  2.5948	 0.6277	 2.59489654		 0.2732	 25.43266354	 50.1349	 0.00000000	 50.14	 -2.00	 0.5340	 -0.0000	 1.0000	 
m70821c1r6.htb	 180.0	  0.03	 2.000	  0.00	 -5.00	 40.00	   0.0	 7.1642	  0.12	 0.0000	  0.63	  0.49	 64.000	 1.00000000	 0.606	  0.000	  0.61	  0.00	  2.7704	 0.5969	 1.21013606		 0.5460	 60.34122618	 61.3933	 91.79104478	 144.91	  6.73	 0.3727	 1.7518	 0.1815	 
m70822c1r6.htb	 180.0	  0.03	 2.000	 -5.00	 -7.00	 120.00	   0.0	 3.0846	  0.36	 0.0000	  0.72	  0.41	 128.000	 1.00000000	 0.762	  0.000	  0.76	  0.00	  4.2421	 0.5151	 1.03731444		 0.7922	 17.85296065	 18.5042	 10.83973061	 52.21	  0.94	 0.7866	 18.4060	 0.0000	 
m70823c1r6.htb	 180.0	  0.03	 2.000	  0.00	 -7.00	 20.00	   0.0	 0.5970	  0.18	 0.0000	  0.81	  0.45	 64.000	 1.00000000	 0.874	  0.000	  0.87	  0.00	  6.8769	 0.1425	 5.41909785		 0.0666	 62.14971818	 51.4461	 79.60199005	 123.92	 -1.59	 0.6013	 3.2937	 0.0434	 
m70824c1r6.htb	   0.0	  0.03	 2.000	  3.00	 -5.00	 20.00	   0.0	 2.5373	  0.00	 0.0000	  0.62	  0.93	 64.000	 1.00000000	 0.778	  0.000	  0.78	  0.00	  0.9836	 0.9123	 0.97778292		 0.6133	 23.21919450	 46.2324	 2.60798774	 51.76	  0.73	 0.4736	 0.0015	 0.9985	 
m70827c1r6.htb	   0.0	  0.03	 2.000	  0.00	 -5.00	 25.00	   0.0	 4.5771	  0.35	 0.0000	  0.76	  0.53	 64.000	 1.00000000	 0.879	  0.000	  0.88	  0.00	  5.2690	 0.2608	 0.20922579		 0.9007	 110.25885963	 46.2949	 152.48756219	 113.72	  2.80	 1.1057	 11.1981	 0.0001	 
m70828c1r6.htb	   0.0	  0.03	 2.000	 -5.00	 -10.00	 25.00	   0.0	 1.7413	  0.16	 0.0000	  0.78	  0.61	 64.000	 1.00000000	 0.912	  0.000	  0.91	  0.00	  4.2554	 0.3725	 3.28868652		 0.1931	 90.68089987	 51.3456	 114.17910448	 123.47	 -1.71	 0.8942	 -0.2919	 1.0000	 
m70831c1r6.htb	 180.0	  0.03	 2.000	  0.00	  0.00	 30.00	   0.0	 5.3731	  0.32	 0.0000	  0.68	  0.70	 64.000	 1.00000000	 0.814	  0.000	  0.81	  0.00	  2.2185	 0.6956	 0.38524045		 0.8248	 68.88857717	 24.2105	 54.00826628	 37.24	  1.00	 1.4603	 4.0597	 0.0218	 
m70905c1r6.htb	 180.0	  0.03	 2.000	  0.00	  0.00	 30.00	   0.0	 0.7960	  0.12	 0.0000	  0.72	  0.68	 64.000	 1.00000000	 0.815	  0.000	  0.81	  0.00	  9.7277	 0.0453	 6.02317465		 0.0492	 52.43425616	 57.0536	 69.90049751	 135.95	 -1.40	 0.4310	 1.6079	 0.2082	 
