FILE			 PrfOR	 PrfSF	 PrfTF	 RFXctr	 RFYctr	 RFDiam	 BaseRate	 Amp		 x_width	 y_width	 x_ctr	 y_ctr	 rfplot_x_ctr	 rfplot_y_ctr	 axpect_ratio	 rotation_from_horizontal	
m12115c1r1.htb	   0.0	  0.03	 2.000	  0.00	  0.00	 40.00	 11.93	 18.84	 18.81	 17.31	  1.34	 -0.53	  0.00		  0.00		  1.09		 -0.00		
m12115c2r1.htb	   0.0	  0.03	 2.000	  0.00	  0.00	 40.00	  7.78	 27.00	 23.20	 21.79	 -2.46	  3.48	  0.00		  0.00		  1.06		 -0.00		
m12115c3r1.htb	   0.0	  0.03	 2.000	  0.00	  0.00	 40.00	  5.01	 23.75	 19.78	 17.73	  1.26	 -0.43	  0.00		  0.00		  1.12		  0.00		
m12915c1r1.htb	   0.0	  0.03	 2.000	  0.00	  0.00	 40.00	  3.97	  2.57	 14.10	 12.99	 -1.98	 12.83	  0.00		  0.00		  1.09		  0.00		
m12915c1r9.htb	   0.0	  0.03	 2.000	  0.00	  0.00	 40.00	  2.96	  6.34	  7.85	 21.92	 -0.99	 19.79	  0.00		  0.00		  0.36		  0.00		
m12915c1r11.htb	   0.0	  0.03	 2.000	  0.00	  0.00	 40.00	  4.05	  1.78	 14.14	 16.72	 -2.59	 12.51	  0.00		  0.00		  0.85		 -0.00		
m12915c2r1.htb	   0.0	  0.03	 2.000	  0.00	  0.00	 40.00	  3.95	  5.07	  7.83	 11.38	  0.21	 13.70	  0.00		  0.00		  0.69		 -0.00		
m12915c3r1.htb	   0.0	  0.03	 2.000	  0.00	  0.00	 40.00	  3.78	  5.22	  7.21	 13.95	  0.31	 10.80	  0.00		  0.00		  0.52		  0.00		
m20215c1r1.htb	   0.0	  0.03	 2.000	  0.00	  0.00	 40.00	  1.13	  5.60	  7.57	 10.79	  0.73	 10.14	  0.00		  0.00		  0.70		  0.00		
m20215c1r11.htb	   0.0	  0.03	 2.000	  0.00	  0.00	 40.00	  0.64	  3.84	  7.72	 10.75	  1.55	 10.44	  0.00		  0.00		  0.72		  0.00		
m20215c1r22.htb	   0.0	  0.03	 2.000	  0.00	  0.00	 40.00	  0.64	  3.84	  7.72	 10.75	  1.55	 10.44	  0.00		  0.00		  0.72		  0.00		
m20215c2r1.htb	   0.0	  0.03	 2.000	  0.00	  0.00	 40.00	  0.77	  0.79	 13.90	 14.99	  5.01	 15.86	  0.00		  0.00		  0.93		  0.00		
m20215c2r11.htb	   0.0	  0.03	 2.000	  0.00	  0.00	 40.00	  0.84	  1.04	 11.35	 13.07	  7.35	 11.13	  0.00		  0.00		  0.87		 -0.00		
m20215c3r11.htb	   0.0	  0.03	 2.000	  0.00	  0.00	 40.00	  1.34	  2.61	 12.22	 10.31	  3.14	  8.92	  0.00		  0.00		  1.19		  0.00		
m32515c1r1.htb	   0.0	  0.03	 2.000	  0.00	  0.00	 40.00	  1.22	  2.56	 13.34	 30.11	 -13.14	 -10.16	  0.00		  0.00		  0.44		 -0.00		
m32515c1r11.htb	   0.0	  0.03	 2.000	  0.00	  0.00	 40.00	  1.59	  2.00	 12.88	 35.72	 -17.26	 -11.02	  0.00		  0.00		  0.36		  0.00		
m32515c1r9.htb	   0.0	  0.03	 2.000	  0.00	  0.00	 40.00	  1.28	  2.70	 13.39	 25.11	 -12.13	 -10.68	  0.00		  0.00		  0.53		  0.00		
m32515c2r1.htb	   0.0	  0.03	 2.000	  0.00	  0.00	 40.00	 15.68	  3.23	 20.51	  3.59	 14.50	 10.64	  0.00		  0.00		  5.71		  0.00		
m32615c2r1.htb	   0.0	  0.03	 2.000	  0.00	  0.00	 40.00	  0.27	 -0.35	 20.15	 10.67	 11.22	 17.51	  0.00		  0.00		  1.89		  0.00		
m32615c3r1.htb	   0.0	  0.16	 2.000	  0.00	  0.00	 40.00	  1.27	  2.69	  7.30	  8.53	 -17.64	  0.08	  0.00		  0.00		  0.86		  0.00		
m32715c1r1.htb	   0.0	  0.10	 2.000	  0.00	  0.00	 40.00	  0.14	  2.65	  5.75	 18.31	 -23.35	 -6.81	  0.00		  0.00		  0.31		  0.00		
m50615c1r1.htb	   0.0	  0.03	 2.000	  0.00	  0.00	 40.00	  0.21	  5.47	  7.41	  8.22	 -2.87	 -18.27	  0.00		  0.00		  0.90		  0.00		
m50615c1r1.htb	   0.0	  0.03	 2.000	  0.00	  0.00	 40.00	  0.21	  5.47	  7.41	  8.22	 -2.87	 -18.27	  0.00		  0.00		  0.90		  0.00		
m50715c1r1.htb	   0.0	  0.03	 2.000	  0.00	  0.00	 40.00	  0.01	  5.72	 10.91	  8.36	 14.55	 -17.45	  0.00		  0.00		  1.31		  0.00		
m50815c1r1.htb	   0.0	  0.03	 2.000	  0.00	  0.00	 40.00	  0.44	  1.15	 11.02	 15.41	  3.80	  6.88	  0.00		  0.00		  0.72		  0.00		
m50715c2r1.htb	   0.0	  0.03	 2.000	  0.00	  0.00	 40.00	  0.01	  5.04	 11.39	  8.06	 12.46	 -17.93	  0.00		  0.00		  1.41		  0.00		
m50715c2r1.htb	   0.0	  0.03	 2.000	  0.00	  0.00	 40.00	  0.01	  5.04	 11.39	  8.06	 12.46	 -17.93	  0.00		  0.00		  1.41		  0.00		
m50715c2r1.htb	   0.0	  0.03	 2.000	  0.00	  0.00	 40.00	  0.01	  5.04	 11.39	  8.06	 12.46	 -17.93	  0.00		  0.00		  1.41		  0.00		
m50715c2r11.htb	   0.0	  0.03	 2.000	  0.00	  0.00	 40.00	  0.01	  4.19	 12.89	  9.40	 16.15	 -17.06	  0.00		  0.00		  1.37		  0.00		
m50815c1r11.htb	   0.0	  0.03	 2.000	  0.00	  0.00	 40.00	  0.17	  0.79	 31.38	 44.30	  0.91	 17.14	  0.00		  0.00		  0.71		 -0.00		
m50815c1r111.htb	   0.0	  0.03	 2.000	  0.00	  0.00	 40.00	  0.31	  0.56	 38.03	 17.86	 -3.76	  4.07	  0.00		  0.00		  2.13		  0.00		
m50815c3r1.htb	   0.0	  0.03	 2.000	  0.00	  0.00	 40.00	  1.52	 -1.18	 64.62	 85.54	 30.00	 30.00	  0.00		  0.00		  0.76		 -0.00		
m60815c1r1.htb	   0.0	  0.03	 2.000	  0.00	  0.00	 40.00	  1.39	  3.94	  6.14	 119.98	 -0.85	 -15.90	  0.00		  0.00		  0.05		  0.00		
m60815c11r1.htb	   0.0	  0.03	 2.000	  0.00	  0.00	 40.00	  1.42	  3.70	  5.64	 12.15	 -16.00	 -16.71	  0.00		  0.00		  0.46		  0.00		
m61015c1r1.htb	   0.0	  0.03	 2.000	  0.00	  0.00	 40.00	  4.19	 -4.91	 45.10	  5.41	 -30.00	 17.41	  0.00		  0.00		  8.33		  0.00		
m61015c3r11.htb	  60.0	  0.03	 2.000	  0.00	  0.00	 40.00	  0.14	 -0.37	  8.39	 10.16	 -18.44	 20.50	  0.00		  0.00		  0.83		  0.00		
m61015c3r1.htb	  60.0	  0.03	 2.000	  0.00	  0.00	 40.00	  0.14	 -0.62	  8.19	  6.54	 -17.36	 20.33	  0.00		  0.00		  1.25		  0.00		
m61015c3r11.htb	  60.0	  0.03	 2.000	  0.00	  0.00	 40.00	  0.14	 -0.64	  6.20	 10.64	 -19.17	 20.56	  0.00		  0.00		  0.58		  0.00		
m61015c4r1.htb	   0.0	  0.03	 2.000	  0.00	  0.00	 40.00	  0.78	  0.90	 120.00	  8.95	 -8.73	  4.37	  0.00		  0.00		 13.40		  0.00		
m61115c1r1.htb	   0.0	  0.03	 2.000	  0.00	  0.00	 40.00	  0.46	  1.66	  8.06	  5.94	 -29.27	 -21.94	  0.00		  0.00		  1.36		 -0.00		
m61215c1r1.htb	   0.0	  0.03	 2.000	  0.00	  0.00	 40.00	  0.26	  2.05	  8.68	  7.53	  2.96	 -19.66	  0.00		  0.00		  1.15		 -0.00		
m61215c1r1.htb	   0.0	  0.03	 2.000	  0.00	  0.00	 40.00	  0.26	  2.05	  8.68	  7.53	  2.96	 -19.66	  0.00		  0.00		  1.15		 -0.00		
m61215c1r11.htb	   0.0	  0.03	 2.000	  0.00	  0.00	 40.00	  0.21	  1.54	  7.70	  9.02	  0.42	 -19.08	  0.00		  0.00		  0.85		  0.00		
m61215c2r1.htb	   0.0	  0.03	 2.000	  0.00	  0.00	 40.00	  1.33	 -1.07	 66.56	 119.92	 30.00	 -3.64	  0.00		  0.00		  0.55		  0.00		
m61215c3r1.htb	   0.0	  0.03	 2.000	  0.00	  0.00	 40.00	  0.46	  0.77	 16.85	 11.14	 12.86	 -29.98	  0.00		  0.00		  1.51		  0.00		
m61515c1r1.htb	   0.0	  0.03	 2.000	  0.00	  0.00	 40.00	  1.78	  2.61	  6.50	  6.73	 -5.77	  1.25	  0.00		  0.00		  0.96		  0.00		
m61515c2r1.htb	   0.0	  0.03	 2.000	  0.00	  0.00	 40.00	  1.78	  2.61	  6.50	  6.73	 -5.77	  1.25	  0.00		  0.00		  0.97		  0.00		
m61515c2r11.htb	   0.0	  0.03	 2.000	  0.00	  0.00	 40.00	  1.84	  1.83	  6.23	 25.72	 -0.53	 -16.63	  0.00		  0.00		  0.24		 -0.00		
