FILE			 PrfOR	 PrfSF	 PrfTF	 RFXctr	 RFYctr	 RFDiam	 BaseRate	 Amp		 x_width	 y_width	 x_ctr	 y_ctr	 rfplot_x_ctr	 rfplot_y_ctr	 axpect_ratio	 rotation_from_horizontal	
m82013c1r1.htb	   0.0	  0.03	 2.000	  0.00	  0.00	 40.00	  0.23	  1.21	 13.57	 11.36	 -8.21	 10.57	  0.00		  0.00		  1.19		 -0.00		
m82013c1r1.htb	   0.0	  0.03	 2.000	  0.00	  0.00	 40.00	  0.23	  1.21	 13.57	 11.36	 -8.21	 10.57	  0.00		  0.00		  1.19		 -0.00		
m72213c2r1.htb	   0.0	  0.03	 2.000	  0.00	  0.00	 40.00	  0.49	  3.36	  6.60	 15.80	 18.47	 13.16	  0.00		  0.00		  0.42		  0.00		
m81413c1r1.htb	   0.0	  0.03	 2.000	  0.00	  0.00	 40.00	  1.60	  1.80	 12.73	  5.99	  5.34	 18.18	  0.00		  0.00		  2.12		 -0.00		
m111813c1r1.htb	   0.0	  0.03	 2.000	  0.00	  0.00	 40.00	  0.81	  3.88	 13.38	 14.64	 16.74	 -13.32	  0.00		  0.00		  0.91		 -0.00		
m112113c1r1.htb	   0.0	  0.03	 2.000	  0.00	  0.00	 40.00	  4.02	  8.21	  8.41	  7.08	 17.65	  3.07	  0.00		  0.00		  1.19		  0.00		
m20714c1r1.htb	   0.0	  0.03	 2.000	  0.00	  0.00	 40.00	  2.52	  3.19	 18.23	 11.52	 -16.21	 -19.18	  0.00		  0.00		  1.58		 -0.00		
m20714c2r1.htb	   0.0	  0.03	 2.000	  0.00	  0.00	 40.00	  2.47	  3.27	 21.53	 13.79	 -23.89	 -16.51	  0.00		  0.00		  1.56		 -0.00		
m20714c2r11.htb	   0.0	  0.03	 2.000	  0.00	  0.00	 40.00	  2.56	  3.52	 13.86	 12.71	 -18.00	 -15.40	  0.00		  0.00		  1.09		  0.00		
m21914c1r1.htb	   0.0	  0.03	 2.000	  0.00	  0.00	 40.00	  0.06	  1.68	 10.94	  6.66	 -3.82	  3.26	  0.00		  0.00		  1.64		 -0.00		
m21914c1r1.htb	   0.0	  0.03	 2.000	  0.00	  0.00	 40.00	  0.06	  1.68	 10.94	  6.66	 -3.82	  3.26	  0.00		  0.00		  1.64		 -0.00		
m22614c3r1.htb	   0.0	  0.03	 4.000	  0.00	  0.00	 40.00	  3.76	  6.87	 11.06	  3.23	 -5.64	 -9.77	  0.00		  0.00		  3.42		  0.00		
m22614c3r11.htb	   0.0	  0.03	 4.000	  0.00	  0.00	 40.00	  4.69	 10.13	 18.96	  5.49	 -2.30	 -16.26	  0.00		  0.00		  3.45		  0.00		
m30414c1r1.htb	   0.0	  0.03	 2.000	  0.00	  0.00	 40.00	  2.86	  4.62	 15.25	 13.81	 -10.03	 12.75	  0.00		  0.00		  1.10		 -0.00		
m30414c1r11.htb	   0.0	  0.03	 2.000	  0.00	  0.00	 40.00	  2.79	  4.88	 14.89	 15.47	 -10.66	 10.71	  0.00		  0.00		  0.96		  0.00		
m30414c1r11.htb	   0.0	  0.03	 2.000	  0.00	  0.00	 40.00	  2.79	  4.88	 14.89	 15.47	 -10.66	 10.71	  0.00		  0.00		  0.96		  0.00		
m102314c1r1.htb	   0.0	  0.03	 2.000	  0.00	  0.00	 40.00	  1.65	  6.46	 11.10	  5.72	 13.52	  3.01	  0.00		  0.00		  1.94		  0.00		
m102314c1r11.htb	   0.0	  0.03	 2.000	  0.00	  0.00	 40.00	  1.36	  4.82	 49.66	  6.23	 24.42	  0.89	  0.00		  0.00		  7.98		  0.00		
m102314c2r1.htb	   0.0	  0.03	 2.000	  0.00	  0.00	 40.00	  0.03	  5.25	 24.94	 15.33	 -2.59	 -2.50	  0.00		  0.00		  1.63		  0.00		
m20714c1r1.htb	   0.0	  0.03	 2.000	  0.00	  0.00	 40.00	  2.52	  3.19	 18.23	 11.52	 -16.21	 -19.18	  0.00		  0.00		  1.58		 -0.00		
m22014c1r1.htb	   0.0	  0.03	 2.000	  0.00	  0.00	 40.00	  1.83	  3.04	  6.75	  9.57	 -17.54	  8.83	  0.00		  0.00		  0.70		 -0.00		
m22014c1r11.htb	   0.0	  0.03	 2.000	  0.00	  0.00	 40.00	  1.71	  3.70	 10.31	  6.44	 -13.02	  3.00	  0.00		  0.00		  1.60		  0.00		
m100114c2r1.htb	   0.0	  0.03	 2.000	  0.00	  0.00	 40.00	  4.54	 -1.38	 15.57	 95.60	 -25.10	 29.98	  0.00		  0.00		  0.16		 -0.00		
m100114c2r11.htb	   0.0	  0.03	 2.000	  0.00	  0.00	 40.00	  4.23	 -8.99	 45.71	  5.30	 -30.00	 20.01	  0.00		  0.00		  8.62		  0.00		
m100214c1r1.htb	   0.0	  0.03	 2.000	  0.00	  0.00	 40.00	  0.23	  0.59	 24.45	 11.69	  5.30	 -16.41	  0.00		  0.00		  2.09		  0.00		
m100214c1r11.htb	   0.0	  0.03	 2.000	  0.00	  0.00	 40.00	  0.46	 -0.82	  7.39	  8.54	 -1.48	 24.55	  0.00		  0.00		  0.87		  0.00		
m100414c2r1.htb	   0.0	  0.03	 2.000	  0.00	  0.00	 40.00	  1.11	 -4.35	  6.46	  6.03	 17.39	 17.36	  0.00		  0.00		  1.07		 -0.00		
m100414c2r11.htb	   0.0	  0.03	 2.000	  0.00	  0.00	 40.00	  1.04	 -3.73	  9.68	  4.99	 10.55	 18.41	  0.00		  0.00		  1.94		  0.00		
m100414c3r1.htb	   0.0	  0.03	 2.000	  0.00	  0.00	 40.00	  2.38	  7.46	  6.69	 14.91	 18.20	 -13.23	  0.00		  0.00		  0.45		  0.00		
m61913c2r1.htb	   0.0	  0.03	 2.000	  0.00	  0.00	 40.00	  0.85	  5.40	 10.44	 11.09	 13.58	 15.94	  0.00		  0.00		  0.94		 -0.00		
m62713c1r1.htb	   0.0	  0.03	 2.000	  0.00	  0.00	 40.00	  2.18	 -2.44	 16.13	  5.80	 -15.41	 21.22	  0.00		  0.00		  2.78		  0.00		
m30216c1r1.htb	   0.0	  0.03	 2.000	  0.00	  0.00	 40.00	  0.40	  0.68	 30.59	 65.84	  4.80	 -30.00	  0.00		  0.00		  0.46		  0.00		
m30216c1r1.htb	   0.0	  0.03	 2.000	  0.00	  0.00	 40.00	  0.40	  0.68	 30.59	 65.84	  4.80	 -30.00	  0.00		  0.00		  0.46		  0.00		
m30216c1r1.htb	   0.0	  0.03	 2.000	  0.00	  0.00	 40.00	  0.40	  0.68	 30.59	 65.84	  4.80	 -30.00	  0.00		  0.00		  0.46		  0.00		
m30416c2r1.htb	   0.0	  0.03	 2.000	  0.00	  0.00	 40.00	  1.73	 -0.53	  3.79	  3.89	 -9.71	 -9.54	  0.00		  0.00		  0.97		 -0.00		
m30716c2r3.htb	 180.0	  0.03	 2.000	  0.00	  0.00	 40.00	  3.03	  6.44	 16.84	 14.58	  4.84	 -12.49	  0.00		  0.00		  1.16		 -0.00		
m30716c3r1.htb	 180.0	  0.03	 2.000	  5.00	 -13.00	 40.00	  0.80	  1.33	 22.04	 18.90	  9.07	 -9.54	  5.00		 -13.00		  1.17		  0.00		
m30716c3r1.htb	 180.0	  0.03	 2.000	  5.00	 -13.00	 40.00	  0.80	  1.33	 22.04	 18.90	  9.07	 -9.54	  5.00		 -13.00		  1.17		  0.00		
m30216c1r1.htb	   0.0	  0.03	 2.000	  0.00	  0.00	 40.00	  0.40	  0.68	 30.59	 65.84	  4.80	 -30.00	  0.00		  0.00		  0.46		  0.00		
m30416c3r1.htb	 270.0	  0.03	 2.000	  0.00	  0.00	 40.00	  6.02	  4.61	  5.76	  6.53	 -8.32	 -1.69	  0.00		  0.00		  0.88		  0.00		
m30416c4r1.htb	 270.0	  0.03	 2.000	 16.00	  0.00	 40.00	  3.80	  3.65	 16.36	 27.83	  4.96	 -6.71	 16.00		  0.00		  0.59		 -0.00		
m30716c2r3.htb	 180.0	  0.03	 2.000	  0.00	  0.00	 40.00	  3.03	  6.44	 16.84	 14.58	  4.84	 -12.49	  0.00		  0.00		  1.16		 -0.00		
