FILE			 PrfOR	 PrfSF	 PrfTF	 RFXctr	 RFYctr	 RFDiam	 GrType	 Spont	 SI		 AnovaP	 SDI		 VarTerm	 MaxX 	 MinX 	 RsqMn	 PMean	 RsqRaw	 Praw		 ErfChi2	 ErfChiP	 DiffErfChi2	 DiffErfChiP	 Ke		 a		 Ki			 b+a		 DC_off	 Halfmax_slope
m60110c1r5.htb	   0.0	  0.05	 2.000	  0.00	  0.00	 50.00	   0.0	 1.0945	  0.00	 0.0000	  0.52	  0.55	 64.000	 1.00000000	 0.366	  0.000	  0.37	  0.00	  0.2589	 0.9923	 0.25883654		 0.8786	 4.47437077	 100.0000	 0.00000000	 102.65	  0.94	 0.0490	 
m60110c1r5.htb	   0.0	  0.05	 2.000	  0.00	  0.00	 50.00	   1.0	 1.0945	  0.00	 0.0002	  0.49	  0.50	 64.000	 1.00000000	 0.156	  0.001	  0.16	  0.00	  2.0503	 0.7265	 2.05029653		 0.3587	 1.26570662	 8.1156	 0.00000000	  9.13	  0.70	 0.1544	 
m60110c2r6.htb	  30.0	  0.05	 1.000	  3.00	 -7.00	 30.00	   0.0	 2.7529	  0.00	 0.6748	  0.20	  1.60	 64.000	 1.00000000	 0.033	  0.074	  0.03	  0.07	  0.0377	 0.9998	 0.03766629		 0.9813	 11.61096855	 19.5820	 9.55053369	 20.37	  1.10	 0.1278	 
m60110c2r6.htb	  30.0	  0.05	 1.000	  3.00	 -7.00	 30.00	   1.0	 2.7529	  0.01	 0.6997	  0.15	  1.67	 64.000	 1.00000000	 0.036	  0.061	  0.04	  0.06	  0.0039	 1.0000	 0.00374482		 0.9981	 7.90691400	 29.8379	 6.02959688	 33.04	  1.71	 0.0860	 
m60110c3r6.htb	  90.0	  0.03	 2.000	 20.00	 -15.00	 30.00	   0.0	 8.7420	  0.00	 0.0000	  0.63	  0.61	 64.000	 1.00000000	 0.701	  0.000	  0.70	  0.00	  0.5721	 0.9661	 0.57092826		 0.7517	 20.18504791	 25.3480	 2.16063252	 27.11	  7.70	 0.7396	 
m60110c3r6.htb	  90.0	  0.03	 2.000	 20.00	 -15.00	 30.00	   1.0	 8.7420	  0.00	 0.0000	  0.77	  0.38	 64.000	 1.00000000	 0.886	  0.000	  0.89	  0.00	  0.6872	 0.9529	 0.68827709		 0.7088	 21.27335257	 15.9897	 0.93218088	 19.24	  4.92	 1.3096	 
m60117c2r6.htb	  90.0	  0.05	 2.000	  5.00	 -10.00	 40.00	   0.0	 14.6144	  0.00	 0.0000	  0.60	  0.48	 64.000	 1.00000000	 0.568	  0.000	  0.57	  0.00	  1.5558	 0.8167	 1.55576944		 0.4594	 18.15102845	 30.7569	 5.27352625	 30.79	 13.59	 0.4337	 
m60117c2r6.htb	  90.0	  0.05	 2.000	  5.00	 -10.00	 40.00	   1.0	 14.6144	  0.00	 0.0000	  0.63	  0.39	 64.000	 1.00000000	 0.668	  0.000	  0.67	  0.00	  0.4364	 0.9794	 0.43643374		 0.8040	 20.00241232	 25.1160	 7.11398499	 25.12	 14.18	 0.5295	 
m60125c1r7.htb	  30.0	  0.05	 2.000	  0.00	  0.00	 50.00	   0.0	 6.2811	  0.00	 0.0004	  0.54	  0.37	 64.000	 1.00000000	 0.390	  0.000	  0.39	  0.00	  0.3795	 0.9841	 0.37954894		 0.8271	 4.72372917	 45.2051	 0.14631550	 47.97	  5.26	 0.1063	 
m60125c1r7.htb	  30.0	  0.05	 2.000	  0.00	  0.00	 50.00	   1.0	 6.2811	  0.03	 0.4874	  0.35	  0.40	 64.000	 1.00000000	 0.004	  0.661	  0.00	  0.66	  0.5174	 0.9718	 0.49012420		 0.7827	 7.77744854	 1.0748	 3.22737723	  1.60	  2.40	 1.4467	 
m60125c2r6.htb	  30.0	  0.03	 2.000	 -7.00	 -3.00	 40.00	   0.0	 6.1194	  0.00	 0.0000	  0.62	  0.52	 64.000	 1.00000000	 0.647	  0.000	  0.65	  0.00	  1.1575	 0.8850	 1.15739708		 0.5606	 13.26656970	 52.1985	 0.00024171	 55.97	  5.62	 0.2681	 
m60125c2r6.htb	  30.0	  0.03	 2.000	 -7.00	 -3.00	 40.00	   1.0	 6.1194	  0.00	 0.0000	  0.68	  0.46	 64.000	 1.00000000	 0.750	  0.000	  0.75	  0.00	  0.2569	 0.9924	 0.25693031		 0.8794	 14.09605198	 47.1408	 0.00000000	 51.48	  5.59	 0.3138	 
m60125c3r6.htb	  30.0	  0.03	 2.000	 -8.00	 -18.00	 30.00	   0.0	 3.2338	  0.09	 0.0000	  0.70	  0.59	 64.000	 1.00000000	 0.840	  0.000	  0.84	  0.00	  1.0850	 0.8967	 0.72508587		 0.6959	 66.35265006	 56.3874	 91.29353234	 146.19	  1.50	 0.5877	 
m60125c3r6.htb	  30.0	  0.03	 2.000	 -8.00	 -18.00	 30.00	   1.0	 3.2338	  0.00	 0.0000	  0.69	  0.59	 64.000	 1.00000000	 0.788	  0.000	  0.79	  0.00	  1.6082	 0.8073	 1.60782298		 0.4476	 15.98803215	 23.1100	 0.27829113	 24.28	  1.72	 0.7010	 
m60125c4r7.htb	  90.0	  0.05	 2.000	  0.00	 -8.00	 30.00	   0.0	 4.4776	  0.27	 0.0000	  0.67	  0.66	 64.000	 1.00000000	 0.640	  0.000	  0.64	  0.00	  5.4314	 0.2458	 4.33015749		 0.1147	 46.80987411	 33.5436	 45.28161343	 80.50	  4.20	 0.8788	 
m60125c4r7.htb	  90.0	  0.05	 2.000	  0.00	 -8.00	 30.00	   1.0	 4.4776	  0.31	 0.0000	  0.62	  0.71	 64.000	 1.00000000	 0.684	  0.000	  0.68	  0.00	  2.1556	 0.7072	 0.43343552		 0.8052	 118.69225302	 23.5098	 106.41864839	 28.76	  4.05	 1.4097	 
m60201c2r6.htb	  90.0	  0.03	 2.000	  0.00	 -10.00	 50.00	   0.0	 15.3731	  0.07	 0.0000	  0.65	  0.45	 64.000	 1.00000000	 0.743	  0.000	  0.74	  0.00	  0.4567	 0.9776	 0.37898998		 0.8274	 90.90656802	 63.7967	 144.52736318	 163.21	 12.95	 0.5754	 
m60201c2r6.htb	  90.0	  0.03	 2.000	  0.00	 -10.00	 50.00	   1.0	 15.3731	  0.07	 0.0000	  0.65	  0.46	 64.000	 1.00000000	 0.718	  0.000	  0.72	  0.00	  0.8861	 0.9266	 0.38666771		 0.8242	 102.11849696	 66.0980	 155.72139303	 154.76	 14.00	 0.5750	 
m60201c3r9.htb	 270.0	  0.03	 2.000	  8.00	 -15.00	 50.00	   0.0	 6.1360	  0.11	 0.0000	  0.69	  0.69	 64.000	 1.00000000	 0.814	  0.000	  0.81	  0.00	  1.1657	 0.8837	 1.02890648		 0.5978	 56.98094756	 37.3881	 44.71155223	 83.92	  2.67	 1.0454	 
m60201c3r9.htb	 270.0	  0.03	 2.000	  8.00	 -15.00	 50.00	   1.0	 6.1360	  0.18	 0.0000	  0.69	  0.68	 64.000	 1.00000000	 0.809	  0.000	  0.81	  0.00	  1.8600	 0.7615	 1.47929048		 0.4773	 104.35306355	 51.2460	 143.03482587	 129.56	  3.23	 0.9914	 
m60201c4r10.htb	 270.0	  0.05	 2.000	  8.00	 -18.00	 50.00	   0.0	 2.9851	  0.00	 0.0000	  0.59	  0.40	 64.000	 1.00000000	 0.516	  0.000	  0.52	  0.00	  0.4857	 0.9749	 0.48567896		 0.7844	 6.23761152	 42.4164	 1.16225111	 42.60	  2.86	 0.1251	 
m60201c4r10.htb	 270.0	  0.05	 2.000	  8.00	 -18.00	 50.00	   1.0	 2.9851	  0.00	 0.0000	  0.57	  0.41	 64.000	 1.00000000	 0.527	  0.000	  0.53	  0.00	  0.0799	 0.9992	 0.07984153		 0.9609	 6.67782280	 37.2693	 1.38449063	 38.21	  2.78	 0.1487	 
m60201c5r8.htb	 100.0	  0.03	 2.000	 10.00	 -10.00	 50.00	   0.0	 3.9090	  0.00	 0.0000	  0.67	  0.93	 64.000	 1.00000000	 0.835	  0.000	  0.84	  0.00	  2.0008	 0.7356	 2.00007347		 0.3679	 28.29963476	 44.8329	 2.76458980	 47.94	  0.65	 0.6004	 
m60201c5r8.htb	 100.0	  0.03	 2.000	 10.00	 -10.00	 50.00	   1.0	 3.9090	  0.00	 0.0000	  0.63	  0.95	 64.000	 1.00000000	 0.753	  0.000	  0.75	  0.00	  1.4564	 0.8343	 1.45693871		 0.4826	 21.50217125	 38.9053	 0.14153939	 40.30	  0.92	 0.5720	 
m60203c1r6.htb	   0.0	  0.03	 2.000	 -2.00	 -12.00	 50.00	   0.0	 5.6385	  0.00	 0.0000	  0.71	  0.36	 64.000	 1.00000000	 0.773	  0.000	  0.77	  0.00	  2.9414	 0.5677	 2.94144739		 0.2298	 12.77484063	 38.8802	 0.00000000	 39.37	  5.19	 0.3422	 
m60203c1r6.htb	   0.0	  0.03	 2.000	 -2.00	 -12.00	 50.00	   1.0	 5.6385	  0.00	 0.0000	  0.74	  0.33	 64.000	 1.00000000	 0.858	  0.000	  0.86	  0.00	  3.0196	 0.5546	 3.01960735		 0.2210	 14.32973844	 34.1418	 0.00000000	 34.14	  4.78	 0.4356	 
m60203c2r9.htb	   0.0	  0.03	 2.000	 -5.00	 -10.00	 40.00	   0.0	 10.6136	  0.00	 0.0000	  0.76	  0.34	 64.000	 1.00000000	 0.835	  0.000	  0.83	  0.00	  1.0223	 0.9064	 1.02202563		 0.5999	 19.13473116	 70.7825	 0.00033816	 73.38	  7.80	 0.2904	 
m60203c2r9.htb	   0.0	  0.03	 2.000	 -5.00	 -10.00	 40.00	   1.0	 10.6136	  0.00	 0.0000	  0.69	  0.37	 64.000	 1.00000000	 0.780	  0.000	  0.78	  0.00	  1.4251	 0.8398	 1.42530291		 0.4903	 15.57705244	 41.4329	 2.32626609	 41.80	  8.47	 0.3343	 
m60203c3r6.htb	   0.0	  0.03	 2.000	  5.00	 -20.00	 40.00	   0.0	 9.0796	  0.00	 0.0022	  0.56	  0.58	 64.000	 1.00000000	 0.475	  0.000	  0.47	  0.00	  2.5343	 0.6385	 2.53420870		 0.2816	 8.97646357	 22.3782	 0.96351188	 22.38	  4.28	 0.3687	 
m60203c3r6.htb	   0.0	  0.03	 2.000	  5.00	 -20.00	 40.00	   1.0	 9.0796	  0.00	 0.0506	  0.53	  0.65	 64.000	 1.00000000	 0.419	  0.000	  0.42	  0.00	  0.2899	 0.9905	 0.28986724		 0.8651	 7.97743675	 24.8723	 0.01975111	 24.91	  5.40	 0.3301	 
m60207c1r6.htb	 120.0	  0.03	 4.000	 -8.00	 -12.00	 50.00	   0.0	 0.9950	  0.00	 0.0000	  0.59	  0.63	 64.000	 1.00000000	 0.608	  0.000	  0.61	  0.00	  1.2589	 0.8683	 1.25886132		 0.5329	 9.49377041	 100.0000	 0.00000000	 100.35	  0.49	 0.1040	 
m60207c1r6.htb	 120.0	  0.03	 4.000	 -8.00	 -12.00	 50.00	   1.0	 0.9950	  0.00	 0.0000	  0.65	  0.53	 64.000	 1.00000000	 0.615	  0.000	  0.61	  0.00	  2.2154	 0.6962	 2.21539541		 0.3303	 19.18903742	 84.6537	 8.66014515	 85.18	  0.77	 0.1357	 
m60207c2r6.htb	 300.0	  0.03	 4.000	  0.00	 -2.00	 50.00	   0.0	 4.9751	  0.00	 0.0000	  0.59	  0.44	 64.000	 1.00000000	 0.499	  0.000	  0.50	  0.00	  0.5663	 0.9667	 0.56631829		 0.7534	 10.79491363	 100.0000	 0.00000000	 107.93	  5.25	 0.1182	 
m60207c2r6.htb	 300.0	  0.03	 4.000	  0.00	 -2.00	 50.00	   1.0	 4.9751	  0.00	 0.0000	  0.62	  0.43	 64.000	 1.00000000	 0.619	  0.000	  0.62	  0.00	  0.1039	 0.9987	 0.10393593		 0.9494	 7.80778312	 39.8370	 0.00000000	 40.61	  4.32	 0.2043	 
m60207c3r6.htb	  50.0	  0.03	 4.000	 -5.00	 -5.00	 50.00	   0.0	 9.8010	  0.00	 0.0000	  0.61	  0.52	 64.000	 1.00000000	 0.527	  0.000	  0.53	  0.00	  0.7513	 0.9449	 0.75126309		 0.6869	 17.87761152	 100.0000	 0.00000000	 125.76	  9.29	 0.1958	 
m60207c3r6.htb	  50.0	  0.03	 4.000	 -5.00	 -5.00	 50.00	   1.0	 9.8010	  0.00	 0.0000	  0.63	  0.55	 64.000	 1.00000000	 0.630	  0.000	  0.63	  0.00	  1.0260	 0.9058	 1.02600621		 0.5987	 21.54457116	 100.0000	 0.00000000	 113.72	  8.95	 0.2359	 
m60207c4r5.htb	  30.0	  0.03	 2.000	 10.00	 10.00	 50.00	   0.0	 8.3582	  0.00	 0.0000	  0.52	  0.78	 64.000	 1.00000000	 0.359	  0.000	  0.36	  0.00	  0.8135	 0.9366	 0.81346816		 0.6658	 12.84752516	 41.6277	 0.76657067	 42.94	  7.67	 0.3035	 
m60207c4r5.htb	  30.0	  0.03	 2.000	 10.00	 10.00	 50.00	   1.0	 8.3582	  0.00	 0.0000	  0.49	  0.81	 64.000	 1.00000000	 0.359	  0.000	  0.36	  0.00	  0.3465	 0.9866	 0.34649074		 0.8409	 12.54897360	 42.2193	 0.36138460	 42.95	  8.26	 0.3017	 
m60301c1r6.htb	  30.0	  0.03	 2.000	  0.00	 -5.00	 40.00	   0.0	 3.5821	  0.00	 0.0000	  0.75	  0.40	 64.000	 1.00000000	 0.843	  0.000	  0.84	  0.00	  0.3525	 0.9862	 0.35226022		 0.8385	 16.32353103	 32.2691	 0.98285468	 37.00	  2.93	 0.4969	 
m60301c1r6.htb	  30.0	  0.03	 2.000	  0.00	 -5.00	 40.00	   1.0	 3.5821	  0.00	 0.0000	  0.70	  0.35	 64.000	 1.00000000	 0.799	  0.000	  0.80	  0.00	  0.9693	 0.9144	 0.96924535		 0.6159	 10.80942954	 22.7653	 0.08352037	 22.77	  3.65	 0.4853	 
m60301c2r7.htb	  30.0	  0.03	 2.000	 -5.00	 -10.00	 40.00	   0.0	 8.9552	  0.07	 0.0000	  0.56	  0.59	 64.000	 1.00000000	 0.612	  0.000	  0.61	  0.00	  0.3629	 0.9854	 0.19505619		 0.9071	 81.89572179	 65.2684	 124.37810945	 154.39	 11.14	 0.4793	 
m60301c2r7.htb	  30.0	  0.03	 2.000	 -5.00	 -10.00	 40.00	   1.0	 8.9552	  0.06	 0.0000	  0.69	  0.46	 64.000	 1.00000000	 0.754	  0.000	  0.75	  0.00	  1.0196	 0.9068	 0.92362417		 0.6301	 35.57902068	 37.5377	 25.02690489	 82.44	  9.91	 0.6788	 
m60301c3r6.htb	  30.0	  0.03	 4.000	 10.00	 -5.00	 40.00	   0.0	 5.6716	  0.00	 0.0000	  0.64	  0.97	 64.000	 1.00000000	 0.704	  0.000	  0.70	  0.00	  0.9206	 0.9216	 0.91670955		 0.6323	 28.57086305	 32.9524	 2.16096327	 36.95	  3.82	 0.8386	 
m60301c3r6.htb	  30.0	  0.03	 4.000	 10.00	 -5.00	 40.00	   1.0	 5.6716	  0.00	 0.0000	  0.61	  0.92	 64.000	 1.00000000	 0.656	  0.000	  0.66	  0.00	  1.3701	 0.8494	 1.36908843		 0.5043	 22.49829237	 26.2862	 1.25046347	 27.38	  4.37	 0.8367	 
m60301c4r6.htb	  30.0	  0.03	 4.000	 20.00	 -10.00	 50.00	   0.0	 7.3134	  0.00	 0.0000	  0.56	  0.38	 64.000	 1.00000000	 0.542	  0.000	  0.54	  0.00	  0.3198	 0.9885	 0.31980442		 0.8522	 9.66699738	 20.6573	 3.31883512	 20.71	  6.08	 0.3163	 
m60301c4r6.htb	  30.0	  0.03	 4.000	 20.00	 -10.00	 50.00	   1.0	 7.3134	  0.00	 0.0000	  0.57	  0.41	 64.000	 1.00000000	 0.513	  0.000	  0.51	  0.00	  1.1979	 0.8784	 1.19790432		 0.5494	 6.54007049	 25.0153	 0.05199827	 25.24	  6.76	 0.2676	 
m60302c1r7.htb	  30.0	  0.03	 2.000	  0.00	 -2.00	 50.00	   0.0	 2.7861	  0.00	 0.0000	  0.65	  0.43	 64.000	 1.00000000	 0.647	  0.000	  0.65	  0.00	  0.5600	 0.9674	 0.56001441		 0.7558	 9.58223481	 25.2818	 2.51009383	 25.39	  1.98	 0.2891	 
m60302c1r7.htb	  30.0	  0.03	 2.000	  0.00	 -2.00	 50.00	   1.0	 2.7861	  0.00	 0.0000	  0.66	  0.39	 64.000	 1.00000000	 0.625	  0.000	  0.62	  0.00	  0.6599	 0.9562	 0.65987886		 0.7190	 6.74081357	 16.6172	 0.45272988	 17.76	  2.09	 0.3887	 
m60302c3r6.htb	  30.0	  0.03	 4.000	 -5.00	 -5.00	 60.00	   0.0	 1.9900	  0.00	 0.0000	  0.53	  0.51	 64.000	 1.00000000	 0.318	  0.000	  0.32	  0.00	  1.1859	 0.8804	 1.18592144		 0.5527	 3.90330042	 100.0000	 0.00000000	 103.78	  1.30	 0.0427	 
m60302c3r6.htb	  30.0	  0.03	 4.000	 -5.00	 -5.00	 60.00	   1.0	 1.9900	  0.00	 0.0008	  0.51	  0.55	 64.000	 1.00000000	 0.219	  0.000	  0.22	  0.00	  1.0654	 0.8997	 1.06543888		 0.5870	 3.53646595	 100.0000	 0.00000000	 102.87	  1.44	 0.0387	 
m60302c4r6.htb	   0.0	  0.03	 2.000	 -5.00	  0.00	 50.00	   0.0	 8.2587	  0.10	 0.0000	  0.74	  0.38	 64.000	 1.00000000	 0.838	  0.000	  0.84	  0.00	  1.4889	 0.8286	 1.06824289		 0.5862	 86.62290861	 58.3755	 134.82587065	 157.77	  8.56	 0.6705	 
m60302c4r6.htb	   0.0	  0.03	 2.000	 -5.00	  0.00	 50.00	   1.0	 8.2587	  0.00	 0.0000	  0.71	  0.47	 64.000	 1.00000000	 0.772	  0.000	  0.77	  0.00	  0.3700	 0.9849	 0.37001284		 0.8311	 21.31406783	 20.2657	 3.54422255	 20.27	  7.56	 0.9009	 
m60404c3r6.htb	   0.0	  0.03	 1.000	 10.00	 10.00	 40.00	   0.0	 2.4876	  0.00	 0.0000	  0.58	  0.60	 64.000	 1.00000000	 0.553	  0.000	  0.55	  0.00	  0.2351	 0.9936	 0.23513005		 0.8891	 7.84267370	 26.7032	 0.40783053	 26.93	  1.51	 0.2877	 
m60404c3r6.htb	   0.0	  0.03	 1.000	 10.00	 10.00	 40.00	   1.0	 2.4876	  0.00	 0.0000	  0.60	  0.53	 64.000	 1.00000000	 0.603	  0.000	  0.60	  0.00	  0.4011	 0.9824	 0.40096374		 0.8183	 8.09430136	 20.8952	 1.19892039	 21.37	  1.33	 0.3406	 
m60404c4r6.htb	   0.0	  0.03	 1.000	 10.00	  5.00	 40.00	   0.0	 3.1509	  0.00	 0.0009	  0.68	  0.42	 64.000	 1.00000000	 0.751	  0.000	  0.75	  0.00	  0.8733	 0.9284	 0.87330283		 0.6462	 10.93294218	 28.6196	 0.44217365	 29.07	  4.19	 0.3794	 
m60404c4r6.htb	   0.0	  0.03	 1.000	 10.00	  5.00	 40.00	   1.0	 3.1509	  0.00	 0.0000	  0.80	  0.29	 64.000	 1.00000000	 0.849	  0.000	  0.85	  0.00	 100.1353	 0.0000	 100.16157400		 0.0000	 12.84963857	 15.7372	 1.88048371	 16.82	  2.74	 0.7193	 
m60404c5r6.htb	   0.0	  0.03	 2.000	  0.00	  0.00	 40.00	   0.0	 5.4104	  0.00	 0.0000	  0.60	  0.51	 64.000	 1.00000000	 0.723	  0.000	  0.72	  0.00	  0.0833	 0.9992	 0.08332353		 0.9592	 9.38718071	 35.8001	 0.01266640	 38.73	  3.90	 0.2721	 
m60404c5r6.htb	   0.0	  0.03	 2.000	  0.00	  0.00	 40.00	   1.0	 5.4104	  0.00	 0.0000	  0.67	  0.38	 64.000	 1.00000000	 0.676	  0.000	  0.68	  0.00	  2.8030	 0.5913	 2.80206364		 0.2463	 8.11015764	 24.5641	 0.00634488	 26.48	  4.45	 0.3403	 
m60405c2r6.htb	 270.0	  0.03	 2.000	 -10.00	 -15.00	 40.00	   0.0	 6.0199	  0.00	 0.0000	  0.68	  0.57	 64.000	 1.00000000	 0.780	  0.000	  0.78	  0.00	  1.2321	 0.8728	 1.23021447		 0.5406	 15.88985490	 36.5219	 0.41124631	 40.78	  3.01	 0.4418	 
m60405c2r6.htb	 270.0	  0.03	 2.000	 -10.00	 -15.00	 40.00	   1.0	 6.0199	  0.05	 0.0000	  0.71	  0.45	 64.000	 1.00000000	 0.810	  0.000	  0.81	  0.00	  1.1810	 0.8812	 1.01168470		 0.6030	 67.23843044	 63.1181	 93.03482587	 150.89	  3.59	 0.4782	 
m60405c3r6.htb	 270.0	  0.03	 2.000	 -5.00	 -15.00	 40.00	   0.0	 3.6318	  0.00	 0.0000	  0.73	  0.40	 64.000	 1.00000000	 0.827	  0.000	  0.83	  0.00	  2.8614	 0.5813	 2.86144209		 0.2391	 14.07800070	 28.5348	 1.79403275	 28.55	  2.38	 0.4453	 
m60405c3r6.htb	 270.0	  0.03	 2.000	 -5.00	 -15.00	 40.00	   1.0	 3.6318	  0.00	 0.0000	  0.70	  0.48	 64.000	 1.00000000	 0.810	  0.000	  0.81	  0.00	  1.7256	 0.7861	 1.72544826		 0.4220	 14.74490627	 23.7647	 0.43388517	 24.75	  2.01	 0.6215	 
m60414c1r6.htb	 250.0	  0.05	 2.000	 -8.00	 -8.00	 50.00	   0.0	 0.4422	  0.00	 0.0000	  0.68	  0.66	 64.000	 1.00000000	 0.688	  0.000	  0.69	  0.00	  0.6199	 0.9608	 0.61987464		 0.7335	 20.23031437	 80.4222	 4.10896640	 86.42	  0.22	 0.2206	 
m60414c1r6.htb	 250.0	  0.05	 2.000	 -8.00	 -8.00	 50.00	   1.0	 0.4422	  0.00	 0.0000	  0.71	  0.60	 64.000	 1.00000000	 0.759	  0.000	  0.76	  0.00	  0.9770	 0.9133	 0.97702497		 0.6135	 16.60770420	 57.3607	 1.60545546	 58.50	  0.12	 0.2779	 
m60414c3r6.htb	 270.0	  0.05	 2.000	 -10.00	  0.00	 50.00	   0.0	 12.4378	  0.11	 0.0000	  0.73	  0.39	 64.000	 1.00000000	 0.790	  0.000	  0.79	  0.00	  6.4642	 0.1671	 2.80604493		 0.2459	 100.68142224	 61.1491	 150.24875622	 144.30	 11.44	 0.6454	 
m60414c3r6.htb	 270.0	  0.05	 2.000	 -10.00	  0.00	 50.00	   1.0	 12.4378	  0.15	 0.0000	  0.77	  0.32	 64.000	 1.00000000	 0.836	  0.000	  0.84	  0.00	  8.2160	 0.0840	 6.02399529		 0.0492	 93.13639204	 55.8563	 153.73134328	 155.27	 11.25	 0.7216	 
m60419c1r6.htb	 360.0	  0.03	 2.000	 10.00	  5.00	 50.00	   0.0	 5.4726	  0.00	 0.0000	  0.55	  0.54	 64.000	 1.00000000	 0.402	  0.000	  0.40	  0.00	  0.9089	 0.9233	 0.90870742		 0.6349	 8.84417129	 42.2155	 1.41215704	 43.85	  5.22	 0.1852	 
m60419c1r6.htb	 360.0	  0.03	 2.000	 10.00	  5.00	 50.00	   1.0	 5.4726	  0.00	 0.0000	  0.54	  0.53	 64.000	 1.00000000	 0.456	  0.000	  0.46	  0.00	  0.1841	 0.9960	 0.18411091		 0.9121	 9.64047201	 42.4058	 1.17297945	 43.02	  5.84	 0.2090	 
m60419c2r6.htb	  25.0	  0.03	 2.000	 10.00	 -10.00	 40.00	   0.0	 10.1493	  0.00	 0.0001	  0.50	  0.59	 64.000	 1.00000000	 0.332	  0.000	  0.33	  0.00	  0.2064	 0.9950	 0.20637982		 0.9020	 8.40191676	 17.7956	 1.25216344	 17.80	  7.06	 0.4116	 
m60419c2r6.htb	  25.0	  0.03	 2.000	 10.00	 -10.00	 40.00	   1.0	 10.1493	  0.00	 0.0002	  0.46	  0.48	 64.000	 1.00000000	 0.333	  0.000	  0.33	  0.00	  0.0210	 0.9999	 0.02072161		 0.9897	 7.94994902	 27.2902	 1.86017017	 29.33	  8.75	 0.2355	 
m60420c2r5.htb	   0.0	  0.03	 2.000	  5.00	  0.00	 40.00	   0.0	 23.3831	  0.05	 0.0008	  0.67	  0.42	 64.000	 1.00000000	 0.772	  0.000	  0.77	  0.00	  8.0394	 0.0901	 7.63959417		 0.0219	 29.04913784	 17.1995	 11.30196263	 32.61	 15.44	 1.3872	 
m60420c2r5.htb	   0.0	  0.03	 2.000	  5.00	  0.00	 40.00	   1.0	 23.3831	  0.08	 0.0086	  0.62	  0.59	 64.000	 1.00000000	 0.696	  0.000	  0.70	  0.00	  1.5432	 0.6723	 1.15112761		    NaN	 150.16607504	 21.0172	 133.51668769	 22.97	 15.04	 1.3846	 
m60424c1r6.htb	   0.0	  0.03	 2.000	 -10.00	 -10.00	 40.00	   0.0	 0.1244	  0.00	 0.0000	  0.82	  0.49	 64.000	 1.00000000	 0.875	  0.000	  0.87	  0.00	 48.2443	 0.0000	 48.24629997		    NaN	 28.54035190	 64.4023	 0.12953682	 66.72	 -2.01	 0.4713	 
m60424c1r6.htb	   0.0	  0.03	 2.000	 -10.00	 -10.00	 40.00	   1.0	 0.1244	  0.00	 0.0000	  0.88	  0.31	 64.000	 1.00000000	 0.870	  0.000	  0.87	  0.00	 144.9267	 0.0000	 144.91430336		    NaN	 30.91737541	 63.2914	 2.62373340	 66.74	 -2.00	 0.4791	 
m60424c2r6.htb	  90.0	  0.03	 2.000	  8.00	 -8.00	 40.00	   0.0	 0.6841	  0.00	 0.0000	  0.83	  0.48	 64.000	 1.00000000	 0.952	  0.000	  0.95	  0.00	  0.7002	 0.9513	 0.70171476		 0.7041	 29.96164811	 30.7820	 2.73507529	 34.00	 -1.88	 0.9248	 
m60424c2r6.htb	  90.0	  0.03	 2.000	  8.00	 -8.00	 40.00	   1.0	 0.6841	  0.09	 0.0000	  0.85	  0.44	 64.000	 1.00000000	 0.965	  0.000	  0.96	  0.00	  1.1213	 0.8909	 0.43007682		 0.8065	 105.80964308	 54.9661	 138.05970149	 142.12	 -2.07	 1.0140	 
m60515c4r6.htb	   0.0	  0.03	 2.000	 -10.00	 10.00	 40.00	   0.0	 0.9950	  0.00	 0.0000	  0.63	  0.42	 64.000	 1.00000000	 0.674	  0.000	  0.67	  0.00	  0.2652	 0.9919	 0.26520524		 0.8758	 5.85517997	 26.5927	 0.10950360	 27.51	  0.86	 0.2233	 
m60515c4r6.htb	   0.0	  0.03	 2.000	 -10.00	 10.00	 40.00	   1.0	 0.9950	  0.00	 0.0000	  0.66	  0.44	 64.000	 1.00000000	 0.549	  0.000	  0.55	  0.00	  2.3809	 0.6661	 2.38088502		 0.3041	 5.18444977	 23.1098	 0.11662352	 24.59	  1.04	 0.2262	 
m60517c1r6.htb	   0.0	  0.03	 2.000	  0.00	  0.00	 40.00	   0.0	 2.1891	  0.16	 0.0000	  0.71	  0.34	 64.000	 1.00000000	 0.706	  0.000	  0.71	  0.00	  1.6700	 0.7962	 1.04706024		 0.5924	 30.66974812	 57.1363	 44.52736318	 136.29	  1.47	 0.2238	 
m60517c1r6.htb	   0.0	  0.03	 2.000	  0.00	  0.00	 40.00	   1.0	 2.1891	  0.00	 0.0000	  0.66	  0.37	 64.000	 1.00000000	 0.661	  0.000	  0.66	  0.00	  1.7132	 0.7883	 1.71322914		 0.4246	 5.83011085	 20.4628	 0.76835040	 21.12	  1.23	 0.2554	 
m60517c2r6.htb	   0.0	  0.03	 2.000	 -10.00	 -10.00	 40.00	   0.0	 1.5920	  0.00	 0.0000	  0.61	  0.45	 64.000	 1.00000000	 0.596	  0.000	  0.60	  0.00	  0.5100	 0.9725	 0.50985471		 0.7750	 8.18165761	 51.5399	 1.61886459	 51.97	  1.20	 0.1345	 
m60517c2r6.htb	   0.0	  0.03	 2.000	 -10.00	 -10.00	 40.00	   1.0	 1.5920	  0.00	 0.0000	  0.68	  0.41	 64.000	 1.00000000	 0.634	  0.000	  0.63	  0.00	  1.4443	 0.8365	 1.44431700		 0.4857	 8.81434021	 24.8277	 3.07767983	 24.83	  0.80	 0.2384	 
m60517c3r6.htb	   0.0	  0.03	 2.000	 10.00	 -10.00	 30.00	   0.0	 3.3831	  0.05	 0.0000	  0.70	  0.50	 64.000	 1.00000000	 0.803	  0.000	  0.80	  0.00	  1.2730	 0.8659	 1.21442260		 0.5449	 97.01492537	 22.8885	 80.32158176	 24.97	  2.26	 1.0611	 
m60517c3r6.htb	   0.0	  0.03	 2.000	 10.00	 -10.00	 30.00	   1.0	 3.3831	  0.19	 0.0000	  0.70	  0.52	 64.000	 1.00000000	 0.760	  0.000	  0.76	  0.00	  1.2183	 0.8751	 0.82022204		 0.6636	 25.45727320	 16.1387	 12.16710126	 41.39	  2.13	 1.3263	 
m60517c4r6.htb	   0.0	  0.03	 2.000	  5.00	 -8.00	 30.00	   0.0	 5.1244	  0.12	 0.0000	  0.74	  0.56	 64.000	 1.00000000	 0.874	  0.000	  0.87	  0.00	  2.3361	 0.6742	 1.96469753		 0.3744	 56.10737217	 39.0703	 54.25227590	 114.34	  2.59	 1.0156	 
m60517c4r6.htb	   0.0	  0.03	 2.000	  5.00	 -8.00	 30.00	   1.0	 5.1244	  0.16	 0.0000	  0.72	  0.59	 64.000	 1.00000000	 0.852	  0.000	  0.85	  0.00	  1.8312	 0.7668	 1.09628691		 0.5780	 55.28309642	 38.8647	 60.00887602	 117.55	  3.33	 0.9639	 
m60517c5r6.htb	   0.0	  0.03	 2.000	 10.00	 -10.00	 40.00	   0.0	 7.4005	  0.11	 0.0000	  0.66	  0.84	 64.000	 1.00000000	 0.741	  0.000	  0.74	  0.00	  0.3407	 0.9870	 0.02694246		 0.9866	 109.39913091	 55.0624	 162.93532338	 154.32	  5.43	 0.9909	 
m60517c5r6.htb	   0.0	  0.03	 2.000	 10.00	 -10.00	 40.00	   1.0	 7.4005	  0.07	 0.0000	  0.60	  0.96	 64.000	 1.00000000	 0.668	  0.000	  0.67	  0.00	  0.3437	 0.9868	 0.29837258		 0.8614	 47.64652736	 33.3633	 27.45177340	 62.12	  5.40	 1.0355	 
m60517c6r6.htb	   0.0	  0.03	 2.000	  8.00	 10.00	 40.00	   0.0	 6.9154	  0.07	 0.0000	  0.71	  0.57	 64.000	 1.00000000	 0.793	  0.000	  0.79	  0.00	  1.0790	 0.8976	 0.96634590		 0.6168	 37.09078052	 29.0791	 18.76478132	 54.23	  5.01	 0.9730	 
m60517c6r6.htb	   0.0	  0.03	 2.000	  8.00	 10.00	 40.00	   1.0	 6.9154	  0.04	 0.0000	  0.66	  0.59	 64.000	 1.00000000	 0.777	  0.000	  0.78	  0.00	  0.3565	 0.9859	 0.32326230		 0.8508	 34.90509187	 28.4244	 15.74798574	 46.23	  6.51	 0.9269	 
m60518c2r6.htb	   0.0	  0.03	 2.000	 -8.00	 -5.00	 40.00	   0.0	 2.8856	  0.12	 0.0000	  0.74	  0.73	 64.000	 1.00000000	 0.850	  0.000	  0.85	  0.00	  8.2198	 0.0838	 6.12786547		 0.0467	 94.19785281	 54.8703	 121.39303483	 130.67	 -0.29	 0.8379	 
m60518c2r6.htb	   0.0	  0.03	 2.000	 -8.00	 -5.00	 40.00	   1.0	 2.8856	  0.08	 0.0000	  0.67	  0.84	 64.000	 1.00000000	 0.830	  0.000	  0.83	  0.00	  9.3635	 0.0526	 4.17627201		 0.1239	 93.00653488	 58.2707	 122.13930348	 138.03	  0.99	 0.7572	 
m60519c3r6.htb	   0.0	  0.03	 2.000	 -5.00	 -5.00	 30.00	   0.0	 4.4065	  0.00	 0.0000	  0.79	  0.46	 64.000	 1.00000000	 0.929	  0.000	  0.93	  0.00	  1.4704	 0.8319	 1.47248630		 0.4789	 30.26088102	 22.3129	 2.01179971	 25.60	  2.11	 1.3156	 
m60519c3r6.htb	   0.0	  0.03	 2.000	 -5.00	 -5.00	 30.00	   1.0	 4.4065	  0.06	 0.0000	  0.81	  0.47	 64.000	 1.00000000	 0.944	  0.000	  0.94	  0.00	 11.6184	 0.0204	 10.70472743		 0.0047	 47.15411753	 24.5893	 19.82903267	 40.52	  1.58	 1.4876	 
m60523c1r6.htb	   0.0	  0.03	 2.000	  0.00	  0.00	 40.00	   0.0	 7.1642	  0.00	 0.0000	  0.57	  0.89	 64.000	 1.00000000	 0.617	  0.000	  0.62	  0.00	  0.8690	 0.9290	 0.86892225		 0.6476	 15.75521449	 36.5036	 1.43895943	 37.44	  3.13	 0.4087	 
m60523c1r6.htb	   0.0	  0.03	 2.000	  0.00	  0.00	 40.00	   1.0	 7.1642	  0.00	 0.0000	  0.58	  0.84	 64.000	 1.00000000	 0.616	  0.000	  0.62	  0.00	  1.0705	 0.8989	 1.02845904		 0.5980	 65.91746455	 77.7031	 90.04975124	 177.70	  3.61	 0.3646	 
m60523c2r6.htb	   0.0	  0.03	 2.000	  0.00	 -10.00	 40.00	   0.0	 8.5075	  0.06	 0.0000	  0.54	  1.07	 64.000	 1.00000000	 0.507	  0.000	  0.51	  0.00	  0.1036	 0.9987	 0.08615727		 0.9578	 30.32990314	 16.5229	 9.79790342	 32.77	  5.01	 1.5844	 
m60523c2r6.htb	   0.0	  0.03	 2.000	  0.00	 -10.00	 40.00	   1.0	 8.5075	  0.11	 0.0000	  0.62	  0.96	 64.000	 1.00000000	 0.659	  0.000	  0.66	  0.00	  0.3816	 0.9840	 0.19857503		 0.9055	 30.13911559	 13.9839	 12.01580114	 113.98	  4.86	 2.0980	 
m60523c3r6.htb	  60.0	  0.03	 2.000	  0.00	 -10.00	 40.00	   0.0	 3.5821	  0.00	 0.0000	  0.52	  0.39	 64.000	 1.00000000	 0.417	  0.000	  0.42	  0.00	  0.2818	 0.9910	 0.28120046		 0.8688	 4.84009999	 14.6761	 1.17580721	 15.18	  2.67	 0.2570	 
m60523c3r6.htb	  60.0	  0.03	 2.000	  0.00	 -10.00	 40.00	   1.0	 3.5821	  0.00	 0.0000	  0.52	  0.43	 64.000	 1.00000000	 0.414	  0.000	  0.41	  0.00	  0.9165	 0.9222	 0.91658574		 0.6324	 6.15110960	 17.8031	 2.19892384	 17.85	  2.74	 0.2277	 
m60523c4r6.htb	   0.0	  0.03	 2.000	 -10.00	 -10.00	 40.00	   0.0	 8.1592	  0.19	 0.0000	  0.66	  0.50	 64.000	 1.00000000	 0.719	  0.000	  0.72	  0.00	  2.0836	 0.7204	 0.62547658		 0.7314	 76.86343333	 53.8531	 111.19402985	 128.80	  6.28	 0.6005	 
m60523c4r6.htb	   0.0	  0.03	 2.000	 -10.00	 -10.00	 40.00	   1.0	 8.1592	  0.19	 0.0000	  0.63	  0.57	 64.000	 1.00000000	 0.667	  0.000	  0.67	  0.00	  0.9260	 0.9208	 0.15300376		 0.9264	 37.89929698	 37.0778	 51.57957834	 135.71	  7.80	 0.6789	 
m60524c1r6.htb	   0.0	  0.03	 2.000	 -5.00	 -7.00	 30.00	   0.0	 1.9900	  0.15	 0.0000	  0.56	  0.71	 64.000	 1.00000000	 0.560	  0.000	  0.56	  0.00	  0.4583	 0.9774	 0.32938163		 0.8482	 18.64627363	 34.4338	 13.96937367	 66.59	  0.80	 0.3494	 
m60524c1r6.htb	   0.0	  0.03	 2.000	 -5.00	 -7.00	 30.00	   1.0	 1.9900	  0.03	 0.0000	  0.54	  0.78	 64.000	 1.00000000	 0.360	  0.000	  0.36	  0.00	  2.0965	 0.7180	 2.13173091		 0.3444	 46.01990050	 24.9487	 39.72115058	 26.44	  1.21	 0.3557	 
m60524c2r6.htb	 240.0	  0.03	 2.000	 -10.00	  0.00	 30.00	   0.0	 3.2836	  0.05	 0.0000	  0.72	  0.67	 64.000	 1.00000000	 0.871	  0.000	  0.87	  0.00	  1.4892	 0.8286	 0.69925326		 0.7050	 79.66956911	 60.7107	 102.48756219	 143.48	  0.33	 0.6367	 
m60524c2r6.htb	 240.0	  0.03	 2.000	 -10.00	  0.00	 30.00	   1.0	 3.2836	  0.09	 0.0000	  0.77	  0.49	 64.000	 1.00000000	 0.903	  0.000	  0.90	  0.00	  1.1382	 0.8882	 0.42179158		 0.8099	 84.09334848	 56.1992	 108.70646766	 133.82	  0.97	 0.7278	 
m60524c3r6.htb	 240.0	  0.03	 2.000	  0.00	  7.00	 30.00	   0.0	 7.3134	  0.00	 0.0036	  0.52	  0.73	 64.000	 1.00000000	 0.154	  0.001	  0.15	  0.00	  1.4342	 0.8382	 1.43423684		 0.4882	 9.28533747	 100.0000	 0.00000000	 112.47	  8.34	 0.1017	 
m60524c3r6.htb	 240.0	  0.03	 2.000	  0.00	  7.00	 30.00	   1.0	 7.3134	  0.00	 0.0000	  0.55	  0.75	 64.000	 1.00000000	 0.308	  0.000	  0.31	  0.00	  1.0014	 0.9096	 1.00139570		 0.6061	 15.92114214	 100.0000	 0.00000000	 100.28	  7.13	 0.1744	 
m60524c4r6.htb	  90.0	  0.03	 2.000	 -5.00	 -5.00	 40.00	   0.0	 6.0697	  0.00	 0.0000	  0.60	  0.53	 64.000	 1.00000000	 0.608	  0.000	  0.61	  0.00	  0.5318	 0.9703	 0.53173406		 0.7665	 13.90139006	 20.5362	 3.87926535	 20.57	  4.68	 0.5019	 
m60524c4r6.htb	  90.0	  0.03	 2.000	 -5.00	 -5.00	 40.00	   1.0	 6.0697	  0.08	 0.0000	  0.62	  0.54	 64.000	 1.00000000	 0.624	  0.000	  0.62	  0.00	  0.1405	 0.9976	 0.12345113		 0.9401	 16.29184611	 17.0760	 6.30255659	 34.31	  3.68	 0.7960	 
m60524c5r6.htb	   0.0	  0.03	 2.000	 -10.00	 -5.00	 40.00	   0.0	 4.8756	  0.26	 0.0000	  0.68	  0.64	 64.000	 1.00000000	 0.693	  0.000	  0.69	  0.00	  2.6522	 0.6176	 0.91938403		 0.6315	 122.38805970	 15.8719	 107.61413086	 19.03	  3.23	 2.1217	 
m60524c5r6.htb	   0.0	  0.03	 2.000	 -10.00	 -5.00	 40.00	   1.0	 4.8756	  0.25	 0.0000	  0.68	  0.64	 64.000	 1.00000000	 0.698	  0.000	  0.70	  0.00	  2.5732	 0.6316	 0.66538268		 0.7170	 132.08955224	 13.8376	 115.46918072	 16.52	  2.60	 2.6220	 
m60525c1r6.htb	   0.0	  0.03	 2.000	 10.00	 -10.00	 30.00	   0.0	 0.7463	  0.12	 0.0000	  0.72	  0.70	 64.000	 1.00000000	 0.867	  0.000	  0.87	  0.00	  1.5208	 0.8229	 1.20546575		 0.5473	 82.14732261	 52.4359	 83.58208955	 89.74	 -1.20	 0.6745	 
m60525c1r6.htb	   0.0	  0.03	 2.000	 10.00	 -10.00	 30.00	   1.0	 0.7463	  0.16	 0.0000	  0.75	  0.60	 64.000	 1.00000000	 0.869	  0.000	  0.87	  0.00	  2.2629	 0.6875	 1.24566163		 0.5364	 64.98938188	 52.0738	 83.83084577	 125.10	 -0.52	 0.6144	 
m60525c2r6.htb	   0.0	  0.03	 2.000	  5.00	  0.00	 40.00	   0.0	 14.1294	  0.08	 0.0000	  0.73	  0.62	 64.000	 1.00000000	 0.858	  0.000	  0.86	  0.00	  0.9302	 0.9202	 0.74610830		 0.6886	 43.00743899	 28.9055	 20.77904689	 73.64	  3.61	 1.2617	 
m60525c2r6.htb	   0.0	  0.03	 2.000	  5.00	  0.00	 40.00	   1.0	 14.1294	  0.22	 0.0000	  0.72	  0.64	 64.000	 1.00000000	 0.866	  0.000	  0.87	  0.00	  2.9167	 0.5719	 0.50311822		 0.7776	 70.16682974	 38.5591	 92.30010504	 132.61	  3.65	 1.1888	 
m60525c3r6.htb	   0.0	  0.03	 2.000	 10.00	 -10.00	 40.00	   0.0	 3.4826	  0.00	 0.0000	  0.68	  0.42	 64.000	 1.00000000	 0.658	  0.000	  0.66	  0.00	  1.0989	 0.8944	 1.09893623		 0.5773	 10.00740280	 31.9927	 1.15394024	 31.99	  1.78	 0.2868	 
m60525c3r6.htb	   0.0	  0.03	 2.000	 10.00	 -10.00	 40.00	   1.0	 3.4826	  0.00	 0.0000	  0.65	  0.40	 64.000	 1.00000000	 0.703	  0.000	  0.70	  0.00	  0.5349	 0.9700	 0.53491410		 0.7653	 10.01397474	 30.2555	 1.44776217	 30.57	  2.90	 0.2936	 
m60525c4r6.htb	   0.0	  0.03	 2.000	 10.00	 -10.00	 40.00	   0.0	 5.2736	  0.20	 0.0000	  0.71	  0.55	 64.000	 1.00000000	 0.807	  0.000	  0.81	  0.00	  1.5212	 0.8229	 0.45766355		 0.7955	 109.45273632	 24.9560	 93.71294028	 29.69	  2.22	 1.2846	 
m60525c4r6.htb	   0.0	  0.03	 2.000	 10.00	 -10.00	 40.00	   1.0	 5.2736	  0.22	 0.0000	  0.73	  0.50	 64.000	 1.00000000	 0.844	  0.000	  0.84	  0.00	  3.2152	 0.5225	 1.22318527		 0.5425	 114.42786070	 23.9309	 98.44588152	 28.53	  2.29	 1.3904	 
m60531c1r6.htb	   0.0	  0.03	 2.000	 -10.00	  0.00	 50.00	   0.0	 8.3582	  0.00	 0.0004	  0.47	  0.79	 64.000	 1.00000000	 0.244	  0.000	  0.24	  0.00	  0.9413	 0.9186	 0.94128144		 0.6246	 10.75792102	 100.0000	 0.00231620	 100.01	  5.99	 0.1178	 
m60531c1r6.htb	   0.0	  0.03	 2.000	 -10.00	  0.00	 50.00	   1.0	 8.3582	  0.00	 0.0002	  0.46	  0.87	 64.000	 1.00000000	 0.260	  0.000	  0.26	  0.00	  0.7919	 0.9395	 0.79190614		 0.6730	 9.98420608	 100.0000	 0.00000000	 101.15	  5.36	 0.1093	 
m60531c2r6.htb	 270.0	  0.03	 2.000	 -5.00	 -5.00	 50.00	   0.0	 6.3184	  0.00	 0.0000	  0.62	  0.42	 64.000	 1.00000000	 0.676	  0.000	  0.68	  0.00	  0.1580	 0.9970	 0.15757965		 0.9242	 10.64960664	 34.7866	 1.18131241	 39.14	  5.47	 0.2866	 
m60531c2r6.htb	 270.0	  0.03	 2.000	 -5.00	 -5.00	 50.00	   1.0	 6.3184	  0.00	 0.0000	  0.70	  0.40	 64.000	 1.00000000	 0.783	  0.000	  0.78	  0.00	  0.0278	 0.9999	 0.02781478		 0.9862	 13.51713681	 49.3110	 0.44354844	 53.18	  5.06	 0.2795	 
m60601c1r6.htb	   0.0	  0.03	 2.000	  0.00	  7.00	 40.00	   0.0	 0.6468	  0.02	 0.0000	  0.67	  0.58	 64.000	 1.00000000	 0.731	  0.000	  0.73	  0.00	  1.7788	 0.7764	 1.65203372		 0.4378	 29.72201988	 65.9572	 35.32338308	 140.87	 -0.71	 0.2129	 
m60601c1r6.htb	   0.0	  0.03	 2.000	  0.00	  7.00	 40.00	   1.0	 0.6468	  0.00	 0.0000	  0.72	  0.60	 64.000	 1.00000000	 0.851	  0.000	  0.85	  0.00	  1.4334	 0.8384	 2.20105996		 0.3327	 33.18034612	 100.0000	 13.49883890	 101.32	 -0.48	 0.2174	 
m60601c2r6.htb	  90.0	  0.03	 2.000	 -10.00	 -15.00	 40.00	   0.0	 1.3433	  0.00	 0.0000	  0.62	  0.61	 64.000	 1.00000000	 0.746	  0.000	  0.75	  0.00	  0.8235	 0.9353	 0.82369491		 0.6624	 16.00506024	 69.3609	 5.90981099	 69.76	  0.67	 0.1567	 
m60601c2r6.htb	  90.0	  0.03	 2.000	 -10.00	 -15.00	 40.00	   1.0	 1.3433	  0.24	 0.0000	  0.69	  0.48	 64.000	 1.00000000	 0.707	  0.000	  0.71	  0.00	  1.3115	 0.8594	 0.94203163		 0.6244	 25.30786177	 48.1581	 36.81592040	 135.37	  0.33	 0.2694	 
m60601c3r6.htb	  90.0	  0.03	 2.000	  0.00	 -10.00	 40.00	   0.0	 2.2388	  0.00	 0.0000	  0.66	  0.46	 64.000	 1.00000000	 0.619	  0.000	  0.62	  0.00	  2.9404	 0.5678	 2.94044653		 0.2299	 8.76020740	 17.0388	 1.84352002	 17.13	  0.65	 0.4159	 
m60601c3r6.htb	  90.0	  0.03	 2.000	  0.00	 -10.00	 40.00	   1.0	 2.2388	  0.40	 0.0000	  0.77	  0.37	 64.000	 1.00000000	 0.875	  0.000	  0.88	  0.00	 10.9036	 0.0277	 0.32394726		 0.8505	 37.91359188	 36.1324	 40.87302162	 81.20	  0.53	 0.5772	 
m60601c4r6.htb	  90.0	  0.03	 2.000	  0.00	  0.00	 40.00	   0.0	 4.8922	  0.36	 0.0000	  0.68	  0.69	 64.000	 1.00000000	 0.735	  0.000	  0.73	  0.00	 15.5383	 0.0037	 9.48520268		 0.0087	 74.27516425	 47.3692	 106.13598673	 115.58	  2.82	 0.6907	 
m60601c4r6.htb	  90.0	  0.03	 2.000	  0.00	  0.00	 40.00	   1.0	 4.8922	  0.00	 0.0000	  0.72	  0.60	 64.000	 1.00000000	 0.637	  0.000	  0.64	  0.00	  9.8941	 0.0423	 9.89474920		 0.0071	 22.00795853	 18.4843	 6.64276642	 18.52	  1.12	 0.8531	 
m60601c5r6.htb	  90.0	  0.03	 2.000	  0.00	 -8.00	 40.00	   0.0	 9.6517	  0.08	 0.0000	  0.66	  0.59	 64.000	 1.00000000	 0.753	  0.000	  0.75	  0.00	  0.5645	 0.9669	 0.23504637		 0.8891	 29.68997292	 30.5680	 16.91188943	 71.95	  6.28	 0.7722	 
m60601c5r6.htb	  90.0	  0.03	 2.000	  0.00	 -8.00	 40.00	   1.0	 9.6517	  0.13	 0.0000	  0.63	  0.76	 64.000	 1.00000000	 0.738	  0.000	  0.74	  0.00	  0.8050	 0.9378	 0.11617507		 0.9436	 33.52934066	 26.0437	 18.57879163	 66.63	  4.70	 1.0548	 
m60602c1r6.htb	   0.0	  0.03	 2.000	  0.00	 -7.00	 40.00	   0.0	 6.9030	  0.00	 0.0000	  0.61	  0.72	 64.000	 1.00000000	 0.691	  0.000	  0.69	  0.00	  0.0993	 0.9988	 0.09854589		 0.9519	 22.51921030	 22.8653	 3.37649282	 25.54	  6.54	 0.8785	 
m60602c1r6.htb	   0.0	  0.03	 2.000	  0.00	 -7.00	 40.00	   1.0	 6.9030	  0.06	 0.0000	  0.59	  0.89	 64.000	 1.00000000	 0.722	  0.000	  0.72	  0.00	  0.4345	 0.9796	 0.38462032		 0.8251	 36.95983190	 35.9553	 25.68878714	 95.69	  6.01	 0.7993	 
m60602c2r6.htb	   0.0	  0.03	 2.000	 -8.00	 -8.00	 30.00	   0.0	 7.2495	  0.16	 0.0000	  0.60	  0.95	 64.000	 1.00000000	 0.648	  0.000	  0.65	  0.00	  0.6723	 0.9547	 0.43318752		 0.8053	 55.88354326	 40.8820	 73.50218364	 140.88	  5.39	 0.8948	 
m60602c2r6.htb	   0.0	  0.03	 2.000	 -8.00	 -8.00	 30.00	   1.0	 7.2495	  0.00	 0.0000	  0.73	  0.50	 64.000	 1.00000000	 0.807	  0.000	  0.81	  0.00	  2.3257	 0.6761	 2.32593339		 0.3126	 25.61549849	 27.8252	 1.85680377	 28.90	  6.40	 0.8852	 
m60602c3r6.htb	   0.0	  0.03	 2.000	  0.00	  5.00	 30.00	   0.0	 6.8159	  0.26	 0.0000	  0.56	  0.60	 64.000	 1.00000000	 0.483	  0.000	  0.48	  0.00	  1.0718	 0.8987	 0.79531140		 0.6719	 15.00951270	 15.5294	 13.50445680	 115.53	  4.23	 0.8767	 
m60602c3r6.htb	   0.0	  0.03	 2.000	  0.00	  5.00	 30.00	   1.0	 6.8159	  0.08	 0.0000	  0.64	  0.60	 64.000	 1.00000000	 0.691	  0.000	  0.69	  0.00	  0.1937	 0.9956	 0.09065876		 0.9557	 87.81094527	 17.3352	 74.35877280	 19.12	  2.46	 1.2140	 
m60602c4r6.htb	   0.0	  0.03	 2.000	  0.00	 -10.00	 40.00	   0.0	 3.2338	  0.56	 0.0000	  0.67	  0.50	 64.000	 1.00000000	 0.604	  0.000	  0.60	  0.00	  4.3894	 0.3559	 1.61706311		 0.4455	 57.96019900	 18.8731	 53.61866543	 25.22	  0.75	 0.9827	 
m60602c4r6.htb	   0.0	  0.03	 2.000	  0.00	 -10.00	 40.00	   1.0	 3.2338	  0.39	 0.0000	  0.62	  0.58	 64.000	 1.00000000	 0.578	  0.000	  0.58	  0.00	  1.7597	 0.7798	 0.40385326		 0.8172	 37.73639316	 14.7215	 31.47654649	 21.48	  0.84	 1.1324	 
m60602c5r6.htb	   0.0	  0.03	 2.000	 -5.00	 -5.00	 30.00	   0.0	 7.2637	  0.00	 0.0000	  0.59	  0.61	 64.000	 1.00000000	 0.551	  0.000	  0.55	  0.00	  0.9979	 0.9101	 0.99789783		 0.6072	 12.14035635	 50.2549	 0.28539715	 53.91	  5.22	 0.2487	 
m60602c5r6.htb	   0.0	  0.03	 2.000	 -5.00	 -5.00	 30.00	   1.0	 7.2637	  0.00	 0.0000	  0.59	  0.83	 64.000	 1.00000000	 0.600	  0.000	  0.60	  0.00	  0.6023	 0.9628	 0.60225649		 0.7400	 21.89992029	 100.0000	 0.00000000	 102.90	  3.71	 0.2398	 
m60605c1r6.htb	   0.0	  0.03	 2.000	 -3.00	 -7.00	 30.00	   0.0	 3.5821	  0.14	 0.0000	  0.66	  0.73	 64.000	 1.00000000	 0.722	  0.000	  0.72	  0.00	  0.8435	 0.9325	 0.22917068		 0.8917	 139.80099502	 18.6648	 119.80898007	 21.25	  3.55	 1.9186	 
m60605c1r6.htb	   0.0	  0.03	 2.000	 -3.00	 -7.00	 30.00	   1.0	 3.5821	  0.07	 0.0000	  0.67	  0.69	 64.000	 1.00000000	 0.749	  0.000	  0.75	  0.00	  0.2867	 0.9907	 0.19405981		 0.9075	 107.13626387	 16.3922	 83.82750130	 18.70	  2.83	 2.1156	 
m60605c2r6.htb	   0.0	  0.03	 2.000	 -10.00	 -10.00	 30.00	   0.0	 0.8458	  0.00	 0.0000	  0.60	  0.48	 64.000	 1.00000000	 0.562	  0.000	  0.56	  0.00	  1.6361	 0.8023	 1.63610297		 0.4413	 5.78838942	 15.9889	 1.23254400	 15.99	  0.25	 0.2910	 
m60605c2r6.htb	   0.0	  0.03	 2.000	 -10.00	 -10.00	 30.00	   1.0	 0.8458	  0.44	 0.0000	  0.61	  0.42	 64.000	 1.00000000	 0.601	  0.000	  0.60	  0.00	  2.2183	 0.6957	 0.28440195		 0.8674	 16.19751652	 25.0791	 14.06432712	 37.97	  0.37	 0.2888	 
m60605c3r6.htb	   0.0	  0.03	 2.000	 -5.00	 -2.00	 30.00	   0.0	 13.8806	  0.00	 0.0006	  0.46	  0.46	 64.000	 1.00000000	 0.186	  0.000	  0.19	  0.00	  1.0985	 0.8945	 1.06609568		 0.5868	 21.97602785	 75.0116	 30.74702331	 175.01	 11.75	 0.1252	 
m60605c3r6.htb	   0.0	  0.03	 2.000	 -5.00	 -2.00	 30.00	   1.0	 13.8806	  0.00	 0.0022	  0.48	  0.42	 64.000	 1.00000000	 0.212	  0.000	  0.21	  0.00	  0.6993	 0.9514	 0.69928736		 0.7049	 7.64806030	 100.0000	 0.00000000	 119.54	 12.15	 0.0838	 
m60606c1r6.htb	   0.0	  0.03	 2.000	  8.00	 -8.00	 30.00	   0.0	 0.0498	 -10.54	 0.0000	  0.75	  0.32	 64.000	 1.00000000	 0.000	    NaN	  0.67	  0.00	 105.2183	 0.0000	 105.21833871		    NaN	 0.00000000	 14.5153	 19.90049751	 16.48	 -0.40	 -0.2943	 
m60606c1r6.htb	   0.0	  0.03	 2.000	  8.00	 -8.00	 30.00	   1.0	 0.0498	 -12.01	 0.0000	  0.75	  0.32	 64.000	 1.00000000	 0.000	    NaN	  0.63	  0.00	 66.5986	 0.0000	 66.59861483		    NaN	 0.00000000	 16.9173	 20.64676617	 19.31	 -0.41	 -0.3086	 
m60606c2r6.htb	   0.0	  0.03	 2.000	 -10.00	  0.00	 40.00	   0.0	 0.0995	 -11.46	 0.0000	  0.79	  0.44	 64.000	 1.00000000	 -0.000	    NaN	  0.63	  0.00	 90.1400	    NaN	 90.13995574		    NaN	 0.00000000	 30.6212	 24.59666169	 30.62	 -1.15	 -0.3748	 
m60606c2r6.htb	   0.0	  0.03	 2.000	 -10.00	  0.00	 40.00	   1.0	 0.0995	  0.08	 0.0000	  0.78	  0.50	 64.000	 1.00000000	 0.709	  0.000	  0.69	  0.00	 104.7570	 0.0000	 5.74231895		    NaN	 47.07129249	 64.9334	 66.41791045	 152.27	 -1.33	 0.3079	 
m60606c3r6.htb	  90.0	  0.03	 2.000	 -8.00	 -10.00	 40.00	   0.0	 9.8010	  0.00	 0.0481	  0.43	  1.92	 64.000	 1.00000000	 0.130	  0.002	  0.13	  0.00	  0.3218	 0.9884	 0.32183527		 0.8514	 17.83097099	 35.8709	 0.00000000	 40.30	  4.79	 0.5165	 
m60606c3r6.htb	  90.0	  0.03	 2.000	 -8.00	 -10.00	 40.00	   1.0	 9.8010	  0.00	 0.0157	  0.44	  1.86	 64.000	 1.00000000	 0.197	  0.000	  0.20	  0.00	  0.1263	 0.9981	 0.12626667		 0.9388	 22.50191434	 46.7943	 1.33490976	 48.27	  5.52	 0.4754	 
m60606c4r6.htb	  90.0	  0.03	 2.000	  8.00	 -5.00	 40.00	   0.0	 0.5473	  0.20	 0.0000	  0.81	  0.54	 64.000	 1.00000000	 0.911	  0.000	  0.91	  0.00	 12.6592	 0.0131	 10.01705125		 0.0067	 63.77728313	 32.3624	 49.88640843	 83.37	 -2.75	 1.4441	 
m60606c4r6.htb	  90.0	  0.03	 2.000	  8.00	 -5.00	 40.00	   1.0	 0.5473	  0.16	 0.0000	  0.87	  0.41	 64.000	 1.00000000	 0.950	  0.000	  0.95	  0.00	  7.7958	 0.0994	 4.65026011		 0.0978	 130.52442574	 28.9615	 101.30821358	 36.57	 -3.13	 1.8192	 
m60606c5r6.htb	  90.0	  0.03	 2.000	  8.00	  0.00	 40.00	   0.0	 0.9950	  0.00	 0.0000	  0.70	  0.74	 64.000	 1.00000000	 0.819	  0.000	  0.82	  0.00	  2.4611	 0.6516	 2.46070376		 0.2922	 19.28196292	 37.6881	 0.49761248	 39.61	  0.09	 0.5193	 
m60606c5r6.htb	  90.0	  0.03	 2.000	  8.00	  0.00	 40.00	   1.0	 0.9950	  0.09	 0.0000	  0.75	  0.69	 64.000	 1.00000000	 0.880	  0.000	  0.88	  0.00	  5.5158	 0.2383	 5.35856305		 0.0686	 78.45358113	 54.9072	 98.00995025	 132.09	 -1.31	 0.7304	 
m60613c5r6.htb	   0.0	  0.03	 2.000	 -8.00	 -15.00	 30.00	   0.0	 7.9602	  0.13	 0.0000	  0.70	  0.49	 64.000	 1.00000000	 0.768	  0.000	  0.77	  0.00	  0.6623	 0.9559	 0.47826257		 0.7873	 20.82584718	 13.9650	 9.95341045	 113.96	  5.55	 1.4380	 
m60613c5r6.htb	   0.0	  0.03	 2.000	 -8.00	 -15.00	 30.00	   1.0	 7.9602	  0.04	 0.0000	  0.76	  0.36	 64.000	 1.00000000	 0.865	  0.000	  0.86	  0.00	  1.1459	 0.8869	 1.04852460		 0.5920	 133.08457711	 16.9548	 113.65030379	 18.20	  5.85	 1.6512	 
m60613c6r6.htb	   0.0	  0.03	 2.000	 -5.00	 -10.00	 30.00	   0.0	 1.2161	  0.11	 0.0000	  0.71	  0.53	 64.000	 1.00000000	 0.826	  0.000	  0.83	  0.00	  0.4529	 0.9779	 0.30745631		 0.8575	 36.16852105	 26.0501	 23.21167828	 35.95	  0.42	 0.7759	 
m60613c6r6.htb	   0.0	  0.03	 2.000	 -5.00	 -10.00	 30.00	   1.0	 1.2161	  0.02	 0.0000	  0.70	  0.50	 64.000	 1.00000000	 0.806	  0.000	  0.81	  0.00	  0.7527	 0.9447	 0.68032208		 0.7117	 22.12574273	 19.6301	 9.66947898	 24.91	  0.68	 0.7628	 
m60614c1r6.htb	   0.0	  0.03	 2.000	  0.00	 -8.00	 30.00	   0.0	 6.8657	  0.04	 0.0000	  0.74	  0.51	 64.000	 1.00000000	 0.871	  0.000	  0.87	  0.00	  0.1645	 0.9968	 0.09593314		 0.9532	 35.86884950	 31.5539	 15.59613207	 62.14	  3.58	 0.9273	 
m60614c1r6.htb	   0.0	  0.03	 2.000	  0.00	 -8.00	 30.00	   1.0	 6.8657	  0.09	 0.0000	  0.71	  0.59	 64.000	 1.00000000	 0.877	  0.000	  0.88	  0.00	  1.2939	 0.8624	 0.78524036		 0.6753	 46.10399540	 34.0347	 29.57524971	 78.45	  3.89	 1.0279	 
m60614c2r6.htb	   0.0	  0.03	 2.000	  5.00	 -5.00	 30.00	   0.0	 13.2338	  0.00	 0.0000	  0.56	  0.49	 64.000	 1.00000000	 0.440	  0.000	  0.44	  0.00	  0.2493	 0.9928	 0.24932143		 0.8828	 9.77107828	 46.8564	 0.00000000	 49.39	 11.66	 0.2188	 
m60614c2r6.htb	   0.0	  0.03	 2.000	  5.00	 -5.00	 30.00	   1.0	 13.2338	  0.00	 0.0007	  0.49	  0.51	 64.000	 1.00000000	 0.263	  0.000	  0.26	  0.00	  0.4060	 0.9820	 0.40609742		 0.8162	 10.59405820	 100.0000	 0.00000000	 125.74	 12.21	 0.1160	 
m60614c3r6.htb	   0.0	  0.03	 2.000	  8.00	 -15.00	 30.00	   0.0	 12.9353	  0.12	 0.0000	  0.67	  0.44	 64.000	 1.00000000	 0.635	  0.000	  0.64	  0.00	  2.5028	 0.6441	 1.89834780		 0.3871	 26.02943934	 25.1254	 16.09183127	 58.84	 11.51	 0.7977	 
m60614c3r6.htb	   0.0	  0.03	 2.000	  8.00	 -15.00	 30.00	   1.0	 12.9353	  0.05	 0.0000	  0.64	  0.44	 64.000	 1.00000000	 0.716	  0.000	  0.72	  0.00	  0.2317	 0.9938	 0.08768837		 0.9571	 24.15154530	 24.7151	 11.04641836	 45.13	 11.67	 0.7638	 
m60614c4r6.htb	   0.0	  0.03	 2.000	  8.00	 -18.00	 30.00	   0.0	 16.3184	  0.00	 0.0000	  0.54	  0.43	 64.000	 1.00000000	 0.460	  0.000	  0.46	  0.00	  0.6241	 0.9603	 0.62415030		 0.7319	 16.09795323	 56.6527	 5.16028684	 58.00	 16.80	 0.2067	 
m60614c4r6.htb	   0.0	  0.03	 2.000	  8.00	 -18.00	 30.00	   1.0	 16.3184	  0.00	 0.0000	  0.56	  0.38	 64.000	 1.00000000	 0.477	  0.000	  0.48	  0.00	  0.6209	 0.9607	 0.62078787		 0.7332	 13.28622654	 31.4938	 4.68761528	 31.53	 17.28	 0.2830	 
m60615c1r6.htb	   0.0	  0.03	 2.000	 -8.00	 -17.00	 30.00	   0.0	 6.0697	  0.00	 0.0000	  0.70	  0.76	 64.000	 1.00000000	 0.855	  0.000	  0.85	  0.00	  1.6501	 0.7998	 1.65014053		 0.4382	 29.38318109	 42.5693	 0.92400694	 46.84	  2.27	 0.7006	 
m60615c1r6.htb	   0.0	  0.03	 2.000	 -8.00	 -17.00	 30.00	   1.0	 6.0697	  0.00	 0.0000	  0.71	  0.77	 64.000	 1.00000000	 0.889	  0.000	  0.89	  0.00	  0.6360	 0.9590	 0.63573990		 0.7277	 34.33395763	 30.0850	 6.27994683	 34.03	  1.50	 0.9907	 
m60615c2r6.htb	   0.0	  0.03	 2.000	 -10.00	 -17.00	 40.00	   0.0	 5.7214	  0.00	 0.0000	  0.69	  0.36	 64.000	 1.00000000	 0.765	  0.000	  0.77	  0.00	  0.2463	 0.9930	 0.24627799		 0.8841	 10.20703872	 30.9459	 0.00000000	 31.10	  5.06	 0.3416	 
m60615c2r6.htb	   0.0	  0.03	 2.000	 -10.00	 -17.00	 40.00	   1.0	 5.7214	  0.00	 0.0000	  0.61	  0.38	 64.000	 1.00000000	 0.626	  0.000	  0.63	  0.00	  0.6183	 0.9610	 0.61818309		 0.7341	 8.62303106	 27.5222	 0.44810057	 27.75	  5.69	 0.3071	 
m60616c1r6.htb	   0.0	  0.03	 2.000	 -10.00	 -15.00	 30.00	   0.0	 2.6866	  0.00	 0.0000	  0.66	  0.91	 64.000	 1.00000000	 0.789	  0.000	  0.79	  0.00	  0.2989	 0.9899	 0.29887086		 0.8612	 28.17383653	 77.9224	 0.00000000	 78.23	  0.29	 0.3907	 
m60616c1r6.htb	   0.0	  0.03	 2.000	 -10.00	 -15.00	 30.00	   1.0	 2.6866	  0.00	 0.0000	  0.69	  0.89	 64.000	 1.00000000	 0.809	  0.000	  0.81	  0.00	  1.0476	 0.9025	 1.04458232		 0.5932	 33.95487960	 70.9984	 6.88309971	 82.48	  0.20	 0.4235	 
m60616c2r6.htb	   0.0	  0.03	 2.000	  5.00	 -10.00	 30.00	   0.0	 3.1095	  0.00	 0.0000	  0.72	  0.45	 64.000	 1.00000000	 0.845	  0.000	  0.85	  0.00	  3.5630	 0.4684	 3.56300385		 0.1684	 10.61434994	 36.3046	 0.12598745	 36.31	  1.47	 0.3003	 
m60616c2r6.htb	   0.0	  0.03	 2.000	  5.00	 -10.00	 30.00	   1.0	 3.1095	  0.00	 0.0000	  0.69	  0.51	 64.000	 1.00000000	 0.864	  0.000	  0.86	  0.00	  0.4648	 0.9768	 0.46504217		 0.7925	 11.07442922	 33.2875	 0.03712005	 35.83	  0.96	 0.3440	 
m60619c1r6.htb	   0.0	  0.03	 2.000	  0.00	  0.00	 40.00	   0.0	 4.2289	  0.00	 0.0000	  0.66	  0.41	 64.000	 1.00000000	 0.737	  0.000	  0.74	  0.00	  0.7323	 0.9473	 0.73234135		 0.6934	 10.46252457	 24.1209	 1.77478323	 24.12	  2.94	 0.3714	 
m60619c1r6.htb	   0.0	  0.03	 2.000	  0.00	  0.00	 40.00	   1.0	 4.2289	  0.10	 0.0000	  0.70	  0.39	 64.000	 1.00000000	 0.799	  0.000	  0.80	  0.00	  1.0702	 0.8990	 0.81156033		 0.6665	 22.26415018	 24.3460	 13.01126329	 36.32	  1.96	 0.5803	 
m60619c2r6.htb	   0.0	  0.03	 2.000	 -5.00	  0.00	 40.00	   0.0	 1.2935	  0.34	 0.0000	  0.77	  0.50	 64.000	 1.00000000	 0.885	  0.000	  0.88	  0.00	  3.9766	 0.4092	 1.99599288		 0.3686	 73.64733822	 26.9720	 61.11390409	 36.96	 -1.63	 1.1291	 
m60619c2r6.htb	   0.0	  0.03	 2.000	 -5.00	  0.00	 40.00	   1.0	 1.2935	  0.39	 0.0000	  0.76	  0.51	 64.000	 1.00000000	 0.904	  0.000	  0.90	  0.00	  5.5478	 0.2356	 0.34901453		 0.8399	 45.95488021	 29.4935	 40.81661099	 65.15	 -0.06	 0.9804	 
m60619c3r6.htb	   0.0	  0.03	 2.000	  0.00	 -5.00	 40.00	   0.0	 1.0945	  0.38	 0.0000	  0.73	  0.46	 64.000	 1.00000000	 0.851	  0.000	  0.85	  0.00	 11.1222	 0.0252	 1.67843572		 0.4320	 43.16332617	 46.6775	 60.44776119	 114.52	  0.34	 0.4218	 
m60619c3r6.htb	   0.0	  0.03	 2.000	  0.00	 -5.00	 40.00	   1.0	 1.0945	  0.44	 0.0000	  0.70	  0.55	 64.000	 1.00000000	 0.784	  0.000	  0.78	  0.00	  3.0419	 0.5508	 0.59735033		 0.7418	 46.44795041	 43.1134	 62.18905473	 106.04	 -0.05	 0.5209	 
m60619c4r6.htb	   0.0	  0.03	 2.000	 -8.00	 -8.00	 30.00	   0.0	 16.9652	  0.13	 0.0000	  0.58	  0.46	 64.000	 1.00000000	 0.455	  0.000	  0.46	  0.00	  1.1904	 0.8797	 0.34673186		 0.8408	 74.93482521	 63.5717	 130.84577114	 162.03	 15.16	 0.3963	 
m60619c4r6.htb	   0.0	  0.03	 2.000	 -8.00	 -8.00	 30.00	   1.0	 16.9652	  0.14	 0.0000	  0.52	  0.44	 64.000	 1.00000000	 0.351	  0.000	  0.35	  0.00	  1.3354	 0.8553	 0.66420502		 0.7174	 69.74522256	 65.1536	 126.86567164	 164.96	 16.49	 0.3219	 
m60620c1r6.htb	   0.0	  0.03	 2.000	  5.00	  5.00	 40.00	   0.0	 6.3184	  0.00	 0.0000	  0.61	  1.19	 64.000	 1.00000000	 0.495	  0.000	  0.50	  0.00	  2.3038	 0.6801	 2.30372342		 0.3160	 33.68777112	 47.3797	 2.32388952	 51.15	  4.06	 0.6986	 
m60620c1r6.htb	   0.0	  0.03	 2.000	  5.00	  5.00	 40.00	   1.0	 6.3184	  0.11	 0.0000	  0.66	  0.98	 64.000	 1.00000000	 0.839	  0.000	  0.84	  0.00	  0.5791	 0.9654	 0.02276753		 0.9887	 110.54745996	 54.4581	 149.00497512	 140.25	  1.62	 1.0292	 
m60620c2r6.htb	   0.0	  0.03	 2.000	  0.00	  5.00	 40.00	   0.0	 9.0974	  0.00	 0.0000	  0.66	  0.54	 64.000	 1.00000000	 0.740	  0.000	  0.74	  0.00	  6.2518	 0.1811	 6.25264809		 0.0439	 22.67563465	 31.6369	 3.24241988	 31.64	 10.76	 0.6365	 
m60620c2r6.htb	   0.0	  0.03	 2.000	  0.00	  5.00	 40.00	   1.0	 9.0974	  0.00	 0.0000	  0.62	  0.60	 64.000	 1.00000000	 0.610	  0.000	  0.61	  0.00	  1.2459	 0.8705	 1.24614347		 0.5363	 26.57049604	 34.2324	 7.51225272	 34.31	 13.60	 0.5784	 
m60620c3r6.htb	   0.0	  0.03	 2.000	  0.00	 10.00	 40.00	   0.0	 19.3035	  0.13	 0.0000	  0.67	  0.56	 64.000	 1.00000000	 0.689	  0.000	  0.69	  0.00	  2.9747	 0.5621	 1.61823521		 0.4453	 51.58692600	 40.8801	 69.56386961	 140.37	 12.87	 0.8115	 
m60620c3r6.htb	   0.0	  0.03	 2.000	  0.00	 10.00	 40.00	   1.0	 19.3035	  0.02	 0.0000	  0.65	  0.50	 64.000	 1.00000000	 0.723	  0.000	  0.72	  0.00	  0.1763	 0.9963	 0.14744798		 0.9289	 28.44881698	 33.2548	 11.73405571	 63.56	 14.31	 0.7025	 
m60620c4r6.htb	   0.0	  0.03	 2.000	  0.00	  8.00	 40.00	   0.0	 6.3018	  0.00	 0.0000	  0.69	  0.38	 64.000	 1.00000000	 0.619	  0.000	  0.62	  0.00	  2.0953	 0.7182	 2.09527712		 0.3508	 13.22085116	 18.5487	 4.55931621	 18.55	  5.19	 0.4788	 
m60620c4r6.htb	   0.0	  0.03	 2.000	  0.00	  8.00	 40.00	   1.0	 6.3018	  0.00	 0.0000	  0.73	  0.41	 64.000	 1.00000000	 0.680	  0.000	  0.68	  0.00	  6.7176	 0.1516	 6.71760205		 0.0348	 18.02154885	 19.6782	 6.76404872	 19.68	  5.23	 0.5874	 
m60621c1r6.htb	   0.0	  0.03	 2.000	  0.00	 -8.00	 30.00	   0.0	 1.5423	  0.00	 0.0000	  0.69	  0.76	 64.000	 1.00000000	 0.811	  0.000	  0.81	  0.00	  1.9141	 0.7516	 1.91449350		 0.3839	 20.92034300	 51.2250	 0.23843316	 51.89	  0.16	 0.4256	 
m60621c1r6.htb	   0.0	  0.03	 2.000	  0.00	 -8.00	 30.00	   1.0	 1.5423	  0.00	 0.0000	  0.66	  0.79	 64.000	 1.00000000	 0.805	  0.000	  0.81	  0.00	  2.1842	 0.7019	 2.18391040		 0.3356	 19.65259340	 38.3601	 0.97373503	 38.56	  0.20	 0.5071	 
m60621c2r6.htb	   0.0	  0.03	 2.000	  8.00	 -2.00	 30.00	   0.0	 0.0995	  0.00	 0.0000	  0.71	  0.49	 64.000	 1.00000000	 0.629	  0.000	  0.63	  0.00	 49.7625	 0.0000	 2.45142210		    NaN	 12.63547350	 40.9544	 7.11340109	 41.00	 -0.56	 0.1409	 
m60621c2r6.htb	   0.0	  0.03	 2.000	  8.00	 -2.00	 30.00	   1.0	 0.0995	  0.16	 0.0000	  0.75	  0.45	 64.000	 1.00000000	 0.618	  0.000	  0.60	  0.00	 56.8807	 0.0000	 3.34804998		 0.1875	 26.81469717	 60.0536	 38.55721393	 142.20	 -0.77	 0.1869	 
m60621c3r6.htb	 180.0	  0.03	 2.000	 10.00	  0.00	 40.00	   0.0	 0.1493	 -12.60	 0.0000	  0.52	  0.81	 64.000	 1.00000000	 0.000	    NaN	  0.27	  0.00	 13.9773	 0.0074	 13.97730833		 0.0009	 0.00000000	 18.3420	 27.58659718	 21.49	 -0.63	 -0.4149	 
m60621c3r6.htb	 180.0	  0.03	 2.000	 10.00	  0.00	 40.00	   1.0	 0.1493	 -12.93	 0.0000	  0.59	  0.69	 64.000	 1.00000000	 0.000	    NaN	  0.38	  0.00	 37.6778	 0.0000	 37.67780991		 0.0000	 0.00000000	 19.4287	 26.70008996	 22.24	 -0.61	 -0.4023	 
m60621c4r6.htb	 180.0	  0.03	 2.000	  0.00	 -10.00	 40.00	   0.0	 4.5329	  0.00	 0.0000	  0.58	  0.86	 64.000	 1.00000000	 0.556	  0.000	  0.56	  0.00	  1.4420	 0.8369	 1.44197095		 0.4863	 14.95577242	 100.0000	 0.00000000	 108.37	  1.61	 0.1638	 
m60621c4r6.htb	 180.0	  0.03	 2.000	  0.00	 -10.00	 40.00	   1.0	 4.5329	  0.00	 0.0000	  0.63	  0.86	 64.000	 1.00000000	 0.743	  0.000	  0.74	  0.00	  0.9248	 0.9210	 0.92480041		 0.6298	 22.70324852	 100.0000	 0.00000000	 106.97	  0.71	 0.2486	 
m60621c5r6.htb	 130.0	  0.03	 2.000	 -10.00	 -10.00	 40.00	   0.0	 0.0000	  0.00	 0.0020	  0.51	  0.59	 64.000	 1.00000000	 0.247	  0.000	  0.25	  0.00	  8.3588	 0.0793	 0.68766713		 0.7090	 5.53424628	 22.7905	 3.92095733	 22.80	 -0.23	 0.0730	 
m60621c5r6.htb	 130.0	  0.03	 2.000	 -10.00	 -10.00	 40.00	   1.0	 0.0000	  0.27	 0.0080	  0.52	  0.56	 64.000	 1.00000000	 0.228	  0.000	  0.23	  0.00	  0.6217	 0.9606	 0.48750955		 0.7837	 8.00239143	 51.7448	 11.19402985	 124.57	 -0.05	 0.0689	 
m60621c6r6.htb	 180.0	  0.03	 2.000	  8.00	 -10.00	 40.00	   0.0	 2.8358	  0.00	 0.0000	  0.66	  0.60	 64.000	 1.00000000	 0.682	  0.000	  0.68	  0.00	  3.4073	 0.4921	 3.40767734		 0.1820	 15.05236296	 21.4330	 4.20000368	 21.47	  0.98	 0.5212	 
m60621c6r6.htb	 180.0	  0.03	 2.000	  8.00	 -10.00	 40.00	   1.0	 2.8358	  0.27	 0.0000	  0.67	  0.64	 64.000	 1.00000000	 0.615	  0.000	  0.62	  0.00	  1.2574	 0.8686	 0.66091950		 0.7186	 27.30180693	 31.9513	 26.11410812	 89.94	  0.90	 0.5944	 
m60623c3r6.htb	  90.0	  0.03	 2.000	 -5.00	 10.00	 40.00	   0.0	 4.1294	  0.05	 0.0000	  0.63	  0.73	 64.000	 1.00000000	 0.702	  0.000	  0.70	  0.00	  0.0890	 0.9990	 0.07238022		 0.9645	 73.92969850	 63.4053	 100.24875622	 147.93	  3.15	 0.5204	 
m60623c3r6.htb	  90.0	  0.03	 2.000	 -5.00	 10.00	 40.00	   1.0	 4.1294	  0.03	 0.0000	  0.68	  0.64	 64.000	 1.00000000	 0.824	  0.000	  0.82	  0.00	  2.0203	 0.7320	 1.67717911		 0.4323	 83.23840450	 65.9074	 111.94029851	 154.14	  3.06	 0.5721	 
m60623c4r6.htb	  90.0	  0.03	 2.000	  3.00	 -5.00	 40.00	   0.0	 0.6468	  0.00	 0.0000	  0.55	  0.60	 64.000	 1.00000000	 0.394	  0.000	  0.39	  0.00	  0.6027	 0.9628	 0.60266368		 0.7398	 8.09391821	 47.7659	 4.29319140	 47.77	  0.29	 0.0836	 
m60623c4r6.htb	  90.0	  0.03	 2.000	  3.00	 -5.00	 40.00	   1.0	 0.6468	  0.00	 0.0000	  0.51	  0.60	 64.000	 1.00000000	 0.394	  0.000	  0.39	  0.00	  0.5278	 0.9707	 0.52781618		 0.7680	 5.73205411	 24.8739	 2.34608039	 24.87	  0.33	 0.1404	 
m60626c2r6.htb	   0.0	  0.03	 2.000	 -8.00	 -8.00	 40.00	   0.0	 3.8806	  0.00	 0.0000	  0.67	  0.39	 64.000	 1.00000000	 0.728	  0.000	  0.73	  0.00	  0.4085	 0.9818	 0.40854026		 0.8152	 9.86064692	 22.9256	 0.48120886	 22.93	  4.25	 0.4215	 
m60626c2r6.htb	   0.0	  0.03	 2.000	 -8.00	 -8.00	 40.00	   1.0	 3.8806	  0.00	 0.0000	  0.68	  0.38	 64.000	 1.00000000	 0.747	  0.000	  0.75	  0.00	  1.6891	 0.7927	 1.68909446		 0.4298	 11.54338642	 20.6041	 1.39563308	 20.61	  3.93	 0.5062	 
m60628c1r6.htb	   0.0	  0.03	 2.000	  0.00	 -8.00	 30.00	   0.0	 1.7768	  0.06	 0.0000	  0.70	  0.78	 64.000	 1.00000000	 0.869	  0.000	  0.87	  0.00	  4.3238	 0.3640	 3.22920005		 0.1990	 65.19222695	 58.7374	 82.50414594	 138.89	 -0.75	 0.5490	 
m60628c1r6.htb	   0.0	  0.03	 2.000	  0.00	 -8.00	 30.00	   1.0	 1.7768	  0.00	 0.0000	  0.68	  0.90	 64.000	 1.00000000	 0.842	  0.000	  0.84	  0.00	  0.7723	 0.9421	 0.77198446		 0.6798	 19.47459994	 33.7142	 0.90286135	 38.50	 -0.17	 0.5750	 
m60628c2r6.htb	   0.0	  0.03	 2.000	 -8.00	 -10.00	 40.00	   0.0	 1.7910	  0.00	 0.0000	  0.58	  0.55	 64.000	 1.00000000	 0.541	  0.000	  0.54	  0.00	  0.1948	 0.9956	 0.19466604		 0.9073	 5.70899062	 22.0995	 0.61613674	 23.86	  0.46	 0.2393	 
m60628c2r6.htb	   0.0	  0.03	 2.000	 -8.00	 -10.00	 40.00	   1.0	 1.7910	  0.00	 0.0000	  0.67	  0.43	 64.000	 1.00000000	 0.808	  0.000	  0.81	  0.00	  0.2242	 0.9942	 0.22440990		 0.8939	 8.03170360	 24.3440	 1.61813497	 25.98	  0.12	 0.2760	 
m60703c1r6.htb	   0.0	  0.03	 2.000	 10.00	  8.00	 40.00	   0.0	 3.2836	  0.12	 0.0000	  0.74	  0.81	 64.000	 1.00000000	 0.863	  0.000	  0.86	  0.00	  3.3661	 0.4985	 2.64900538		 0.2659	 93.08841323	 53.2476	 116.66666667	 127.10	 -1.60	 0.8828	 
m60703c1r6.htb	   0.0	  0.03	 2.000	 10.00	  8.00	 40.00	   1.0	 3.2836	  0.14	 0.0000	  0.68	  0.99	 64.000	 1.00000000	 0.804	  0.000	  0.80	  0.00	  1.1355	 0.8886	 0.47395746		 0.7890	 95.05961624	 54.1930	 124.37810945	 129.65	 -0.64	 0.8454	 
m60703c1r6.htb	   0.0	  0.03	 2.000	 10.00	  8.00	 40.00	   0.0	 3.2836	  0.12	 0.0000	  0.74	  0.81	 64.000	 1.00000000	 0.863	  0.000	  0.86	  0.00	  3.3661	 0.4985	 2.64914025		 0.2659	 93.07169625	 53.2461	 116.66666667	 127.14	 -1.60	 0.8827	 
m60703c1r6.htb	   0.0	  0.03	 2.000	 10.00	  8.00	 40.00	   1.0	 3.2836	  0.14	 0.0000	  0.68	  0.99	 64.000	 1.00000000	 0.804	  0.000	  0.80	  0.00	  1.1355	 0.8886	 0.47393417		 0.7890	 95.06446260	 54.1932	 124.37810945	 129.64	 -0.64	 0.8454	 
m60703c2r6.htb	   0.0	  0.03	 2.000	  8.00	 10.00	 40.00	   0.0	 0.2488	  0.00	 0.0000	  0.67	  0.42	 64.000	 1.00000000	 0.710	  0.000	  0.71	  0.00	  1.2199	 0.8748	 1.21970802		 0.5434	 10.48445498	 36.2559	 6.53041755	 36.27	 -0.08	 0.1134	 
m60703c2r6.htb	   0.0	  0.03	 2.000	  8.00	 10.00	 40.00	   1.0	 0.2488	  0.11	 0.0000	  0.63	  0.44	 64.000	 1.00000000	 0.567	  0.000	  0.57	  0.00	  0.9478	 0.9176	 0.93066921		 0.6279	 12.43781095	 42.3156	 10.55191237	 53.97	 -0.15	 0.1038	 
m60703c3r6.htb	   0.0	  0.03	 2.000	 -5.00	 10.00	 40.00	   0.0	 0.2985	  0.00	 0.0000	  0.71	  0.51	 64.000	 1.00000000	 0.761	  0.000	  0.76	  0.00	  0.8247	 0.9351	 0.82472313		 0.6621	 12.71745560	 100.0000	 0.01334937	 100.41	 -0.03	 0.1391	 
m60703c3r6.htb	   0.0	  0.03	 2.000	 -5.00	 10.00	 40.00	   1.0	 0.2985	 -12.79	 0.0000	  0.71	  0.46	 64.000	 1.00000000	 0.000	    NaN	  0.65	  0.00	 75.3253	 0.0000	 75.32532808		 0.0000	 0.00000000	 22.4919	 24.56927177	 25.46	 -0.75	 -0.3726	 
m60705c1r6.htb	   0.0	  0.03	 2.000	  0.00	 -10.00	 40.00	   0.0	 4.0299	  0.00	 0.0000	  0.53	  0.59	 64.000	 1.00000000	 0.496	  0.000	  0.50	  0.00	  0.0922	 0.9990	 0.09215139		 0.9550	 7.46493806	 19.6469	 0.03552976	 20.74	  2.67	 0.3884	 
m60705c1r6.htb	   0.0	  0.03	 2.000	  0.00	 -10.00	 40.00	   1.0	 4.0299	  0.00	 0.0000	  0.50	  0.67	 64.000	 1.00000000	 0.361	  0.000	  0.36	  0.00	  0.5852	 0.9647	 0.58522725		 0.7463	 9.68505222	 17.8347	 2.87153539	 17.84	  3.42	 0.3914	 
m60705c2r6.htb	   0.0	  0.03	 2.000	 -5.00	 -10.00	 40.00	   0.0	 1.3930	  0.38	 0.0000	  0.69	  0.47	 64.000	 1.00000000	 0.751	  0.000	  0.75	  0.00	  3.6766	 0.4515	 1.97762450		 0.3720	 26.99649571	 34.3296	 25.24846652	 63.14	  0.02	 0.4080	 
m60705c2r6.htb	   0.0	  0.03	 2.000	 -5.00	 -10.00	 40.00	   1.0	 1.3930	  0.30	 0.0000	  0.70	  0.45	 64.000	 1.00000000	 0.786	  0.000	  0.79	  0.00	  2.4355	 0.6562	 0.56930116		 0.7523	 43.78109453	 24.8317	 37.55763664	 31.19	 -0.03	 0.5846	 
m60705c3r6.htb	   0.0	  0.03	 2.000	  5.00	 -10.00	 40.00	   0.0	 5.3731	  0.00	 0.0000	  0.71	  0.59	 64.000	 1.00000000	 0.850	  0.000	  0.85	  0.00	  0.6062	 0.9624	 0.60617240		 0.7385	 26.80991691	 13.7411	 1.42890383	 13.74	  4.14	 1.8774	 
m60705c3r6.htb	   0.0	  0.03	 2.000	  5.00	 -10.00	 40.00	   1.0	 5.3731	  0.00	 0.0000	  0.64	  0.97	 64.000	 1.00000000	 0.431	  0.000	  0.43	  0.00	  0.7949	 0.9391	 0.79489640		 0.6720	 30.62072491	 19.3724	 2.96344604	 19.37	  5.09	 1.4655	 
m60712c1r6.htb	   0.0	  0.03	 2.000	  3.00	 -5.00	 40.00	   0.0	 3.9090	  0.00	 0.0000	  0.57	  0.54	 64.000	 1.00000000	 0.487	  0.000	  0.49	  0.00	  0.9360	 0.9193	 0.93599373		 0.6263	 7.12071573	 25.1844	 0.00000000	 27.50	  3.63	 0.2917	 
m60712c1r6.htb	   0.0	  0.03	 2.000	  3.00	 -5.00	 40.00	   1.0	 3.9090	  0.14	 0.0000	  0.69	  0.46	 64.000	 1.00000000	 0.764	  0.000	  0.76	  0.00	  1.6393	 0.8017	 1.28200156		 0.5268	 66.58773251	 53.3528	 68.82255390	 81.84	  2.48	 0.4326	 
m60712c1r6.htb	   0.0	  0.03	 2.000	  3.00	 -5.00	 40.00	   0.0	 3.9090	  0.00	 0.0000	  0.57	  0.54	 64.000	 1.00000000	 0.487	  0.000	  0.49	  0.00	  0.9360	 0.9193	 0.93599088		 0.6263	 7.12087971	 25.1840	 0.00000000	 27.01	  3.63	 0.2918	 
m60712c1r6.htb	   0.0	  0.03	 2.000	  3.00	 -5.00	 40.00	   1.0	 3.9090	  0.14	 0.0000	  0.69	  0.46	 64.000	 1.00000000	 0.764	  0.000	  0.76	  0.00	  1.6393	 0.8017	 1.28165076		 0.5269	 66.04713940	 53.4453	 68.61510426	 82.79	  2.48	 0.4324	 
m60717c3r6.htb	 150.0	  0.03	 2.000	 -10.00	 -10.00	 40.00	   0.0	 0.8292	  0.12	 0.0000	  0.75	  0.71	 64.000	 1.00000000	 0.864	  0.000	  0.86	  0.00	  1.5189	 0.8233	 2.93774694		 0.2302	 85.31462053	 53.9830	 109.14179104	 128.89	 -0.50	 0.7802	 
m60717c3r6.htb	 150.0	  0.03	 2.000	 -10.00	 -10.00	 40.00	   1.0	 0.8292	  0.25	 0.0000	  0.79	  0.67	 64.000	 1.00000000	 0.879	  0.000	  0.88	  0.00	  2.8180	 0.5887	 0.95506196		 0.6203	 70.96016075	 37.3549	 80.76025700	 117.28	 -2.72	 1.2797	 
m60814c1r6.htb	   0.0	  0.03	 2.000	  0.00	  0.00	 40.00	   0.0	 0.4478	  0.13	 0.0000	  0.72	  0.57	 64.000	 1.00000000	 0.799	  0.000	  0.80	  0.00	  1.5831	 0.8118	 0.85258809		 0.6529	 41.13406510	 55.1538	 53.98009950	 131.68	 -0.30	 0.3574	 
m60814c1r6.htb	   0.0	  0.03	 2.000	  0.00	  0.00	 40.00	   1.0	 0.4478	  0.24	 0.0000	  0.74	  0.56	 64.000	 1.00000000	 0.823	  0.000	  0.81	  0.00	  7.8089	 0.0988	 4.33053414		 0.1147	 51.65057644	 50.8507	 68.90547264	 122.87	 -1.38	 0.4837	 
m60814c2r6.htb	   0.0	  0.03	 2.000	  0.00	  0.00	 40.00	   0.0	 12.5373	  0.00	 0.0000	  0.51	  0.78	 64.000	 1.00000000	 0.453	  0.000	  0.45	  0.00	  0.5076	 0.9728	 0.50728779		 0.7760	 17.61516585	 33.7569	 3.82361692	 34.85	 10.44	 0.4276	 
m60814c2r6.htb	   0.0	  0.03	 2.000	  0.00	  0.00	 40.00	   1.0	 12.5373	  0.15	 0.0000	  0.60	  0.57	 64.000	 1.00000000	 0.502	  0.000	  0.50	  0.00	  1.1075	 0.8931	 0.57053478		 0.7518	 85.24563671	 61.2104	 134.82587065	 144.70	 11.68	 0.4916	 
m60814c3r6.htb	  50.0	  0.03	 2.000	 -10.00	 10.00	 40.00	   0.0	 0.9950	  0.09	 0.0053	  0.38	  0.60	 64.000	 1.00000000	 0.205	  0.000	  0.21	  0.00	  0.4124	 0.9814	 0.38681922		 0.8241	 13.68159204	 31.4621	 12.34878782	 34.23	  0.57	 0.0776	 
m60814c3r6.htb	  50.0	  0.03	 2.000	 -10.00	 10.00	 40.00	   1.0	 0.9950	  0.00	 0.0183	  0.42	  0.66	 64.000	 1.00000000	 0.178	  0.000	  0.18	  0.00	  0.3128	 0.9890	 0.31273869		 0.8552	 1.97296132	 19.6390	 0.31896914	 20.39	  0.65	 0.0871	 
m60814c4r6.htb	   0.0	  0.03	 2.000	  0.00	  0.00	 40.00	   0.0	 9.9502	  0.18	 0.0000	  0.56	  0.51	 64.000	 1.00000000	 0.365	  0.000	  0.36	  0.00	  1.3427	 0.8541	 0.29658933		 0.8622	 56.15384744	 59.0360	 90.54726368	 140.19	  9.08	 0.3256	 
m60814c4r6.htb	   0.0	  0.03	 2.000	  0.00	  0.00	 40.00	   1.0	 9.9502	  0.15	 0.0000	  0.59	  0.46	 64.000	 1.00000000	 0.496	  0.000	  0.50	  0.00	  1.0190	 0.9069	 0.47906148		 0.7870	 63.17641848	 60.2437	 99.75124378	 142.58	  9.22	 0.3723	 
m60822c1r6.htb	   0.0	  0.03	 2.000	 -10.00	  0.00	 40.00	   0.0	 0.5473	  0.28	 0.0000	  0.79	  0.52	 64.000	 1.00000000	 0.894	  0.000	  0.89	  0.00	  6.6096	 0.1580	 4.69803762		 0.0955	 67.39021924	 48.8241	 89.55223881	 118.70	 -1.79	 0.6651	 
m60822c1r6.htb	   0.0	  0.03	 2.000	 -10.00	  0.00	 40.00	   1.0	 0.5473	  0.35	 0.0000	  0.77	  0.57	 64.000	 1.00000000	 0.890	  0.000	  0.89	  0.00	 14.0303	 0.0072	 4.99400455		 0.0823	 72.50700736	 48.3969	 100.99502488	 117.78	 -0.52	 0.6811	 
m60822c2r6.htb	 230.0	  0.03	 2.000	  0.00	 -5.00	 40.00	   0.0	 0.5970	  0.00	 0.0000	  0.67	  0.75	 64.000	 1.00000000	 0.701	  0.000	  0.70	  0.00	  3.9867	 0.4078	 3.98703885		 0.1362	 19.32097552	 41.6850	 5.99012054	 41.73	 -0.16	 0.3340	 
m60822c2r6.htb	 230.0	  0.03	 2.000	  0.00	 -5.00	 40.00	   1.0	 0.5970	  0.00	 0.0000	  0.70	  0.68	 64.000	 1.00000000	 0.747	  0.000	  0.75	  0.00	  2.6688	 0.6147	 2.66888002		 0.2633	 18.27672856	 37.1823	 4.58152629	 37.30	 -0.16	 0.3835	 
