FILE			 PrfOR	 PrfSF	 PrfTF	 RFXctr	 RFYctr	 RFDiam	 Direction		 Slope	 Int		 RsqMn	 PMn		 RsqRaw	 PRaw		 
m70928c2r9.htb	  60.0	  0.03	 2.000	  0.00	  0.00	 30.00	 0.0000		 0.0004	 6.4559	 0.0004	 0.9677	 0.0000	 0.9672	 
m70928c2r9.htb	  60.0	  0.03	 2.000	  0.00	  0.00	 30.00	 180.0000		 0.0202	 5.7614	 0.3833	 0.1382	 0.0883	 0.0125	 
m60814c1r9.htb	   0.0	  0.03	 2.000	  0.00	  0.00	 40.00	 0.0000		 -0.0089	 6.2835	 0.0730	 0.5580	 0.0152	 0.4810	 
m60814c1r9.htb	   0.0	  0.03	 2.000	  0.00	  0.00	 40.00	 180.0000		 -0.0025	 5.5264	 0.0223	 0.7494	 0.0018	 0.8064	 
m60517c5r9.htb	   0.0	  0.03	 2.000	 10.00	 -10.00	 40.00	 0.0000		 -0.0673	 18.7900	 0.8678	 0.0023	 0.1393	 0.0272	 
m60517c5r9.htb	   0.0	  0.03	 2.000	 10.00	 -10.00	 40.00	 180.0000		 -0.0009	 17.7229	 0.0003	 0.9687	 0.0000	 0.9761	 
m70719c3r9.htb	  90.0	  0.03	 2.000	 -5.00	 -5.00	 30.00	 0.0000		 -0.0546	 22.8421	 0.8006	 0.0065	 0.1950	 0.0001	 
m70719c3r9.htb	  90.0	  0.03	 2.000	 -5.00	 -5.00	 30.00	 180.0000		 -0.0178	 21.4299	 0.0900	 0.5132	 0.0133	 0.3415	 
m60601c4r9.htb	  90.0	  0.03	 2.000	  0.00	  0.00	 40.00	 90.0000		 0.0480	 19.0484	 0.6101	 0.0381	 0.0696	 0.1256	 
m60601c4r9.htb	  90.0	  0.03	 2.000	  0.00	  0.00	 40.00	 270.0000		 -0.0251	 20.6559	 0.1121	 0.4628	 0.0187	 0.4329	 
m80613c1r9.htb	 180.0	  0.03	 2.000	  0.00	 -10.00	 40.00	 0.0000		 0.0046	 8.2816	 0.0306	 0.7077	 0.0023	 0.6950	 
m80613c1r9.htb	 180.0	  0.03	 2.000	  0.00	 -10.00	 40.00	 180.0000		 0.0103	 7.9282	 0.3092	 0.1949	 0.0076	 0.4727	 
m60419c1r9.htb	 360.0	  0.03	 2.000	 10.00	  5.00	 50.00	 40.0000		 0.0359	 10.4512	 0.7281	 0.0146	 0.1045	 0.0582	 
m60419c1r9.htb	 360.0	  0.03	 2.000	 10.00	  5.00	 50.00	 220.0000		 0.0112	 9.9302	 0.1930	 0.3241	 0.0086	 0.5954	 
m60419c1r9.htb	 360.0	  0.03	 2.000	 10.00	  5.00	 50.00	 40.0000		 0.0359	 10.4512	 0.7281	 0.0146	 0.1045	 0.0582	 
m60419c1r9.htb	 360.0	  0.03	 2.000	 10.00	  5.00	 50.00	 220.0000		 0.0112	 9.9302	 0.1930	 0.3241	 0.0086	 0.5954	 
m60712c1r9.htb	   0.0	  0.03	 2.000	  3.00	 -5.00	 40.00	 0.0000		 0.0337	 6.7456	 0.7033	 0.0184	 0.1711	 0.0135	 
m60712c1r9.htb	   0.0	  0.03	 2.000	  3.00	 -5.00	 40.00	 180.0000		 0.0741	 7.0950	 0.7608	 0.0104	 0.4344	 0.0000	 
m52311c1r9.htb	   0.0	  0.03	 2.000	 -10.00	 -10.00	 40.00	 0.0000		 -0.0040	 1.2318	 0.0911	 0.5107	 0.0150	 0.3121	 
m52311c1r9.htb	   0.0	  0.03	 2.000	 -10.00	 -10.00	 40.00	 180.0000		 0.0008	 1.3073	 0.0493	 0.6325	 0.0007	 0.8273	 
m52311c1r9.htb	   0.0	  0.03	 2.000	 -10.00	 -10.00	 40.00	 0.0000		 -0.0040	 1.2318	 0.0911	 0.5107	 0.0150	 0.3121	 
m52311c1r9.htb	   0.0	  0.03	 2.000	 -10.00	 -10.00	 40.00	 180.0000		 0.0008	 1.3073	 0.0493	 0.6325	 0.0007	 0.8273	 
m52311c2r9.htb	 270.0	  0.03	 0.500	  0.00	  0.00	 40.00	 170.0000		 0.0034	 1.0654	 0.3522	 0.1601	 0.0100	 0.4097	 
m52311c2r9.htb	 270.0	  0.03	 0.500	  0.00	  0.00	 40.00	 350.0000		 -0.0043	 1.3318	 0.2089	 0.3025	 0.0162	 0.2942	 
m52311c3r9.htb	   0.0	  0.03	 2.000	 -10.00	 10.00	 40.00	 80.0000		 0.0075	 2.7179	 0.0995	 0.4907	 0.0130	 0.3859	 
m52311c3r9.htb	   0.0	  0.03	 2.000	 -10.00	 10.00	 40.00	 260.0000		 0.0045	 3.2940	 0.0394	 0.6696	 0.0048	 0.5914	 
m71411c3r9.htb	 200.0	  0.03	 2.000	  0.00	  0.00	 40.00	 0.0000		 0.0091	 6.4465	 0.0774	 0.5458	 0.0062	 0.6540	 
m71411c3r9.htb	 200.0	  0.03	 2.000	  0.00	  0.00	 40.00	 180.0000		 0.0151	 6.1417	 0.4466	 0.1008	 0.0181	 0.4413	 
m71511c1r9.htb	  80.0	  0.03	 2.000	 10.00	 -10.00	 40.00	 0.0000		 -0.0003	 4.5860	 0.0002	 0.9750	 0.0000	 0.9801	 
m71511c1r9.htb	  80.0	  0.03	 2.000	 10.00	 -10.00	 40.00	 180.0000		 0.0041	 4.7272	 0.0135	 0.8042	 0.0017	 0.7337	 
m71511c2r9.htb	   0.0	  0.03	 2.000	 20.00	 -30.00	 40.00	 0.0000		 -0.0210	 12.7029	 0.1226	 0.4414	 0.0248	 0.3811	 
m71511c2r9.htb	   0.0	  0.03	 2.000	 20.00	 -30.00	 40.00	 180.0000		 -0.0222	 11.5843	 0.1106	 0.4661	 0.0257	 0.3654	 
m72111c1r9.htb	 250.0	  0.03	 2.000	  5.00	 -10.00	 40.00	 0.0000		 0.0079	 7.0254	 0.0388	 0.6719	 0.0076	 0.5918	 
m72111c1r9.htb	 250.0	  0.03	 2.000	  5.00	 -10.00	 40.00	 180.0000		 0.0328	 6.0527	 0.3975	 0.1290	 0.1140	 0.0382	 
m72111c2r9.htb	 250.0	  0.03	 2.000	  0.00	 -10.00	 40.00	 0.0000		 0.0106	 2.4776	 0.5419	 0.0592	 0.0399	 0.0974	 
m72111c2r9.htb	 250.0	  0.03	 2.000	  0.00	 -10.00	 40.00	 180.0000		 -0.0023	 2.8284	 0.0683	 0.5713	 0.0023	 0.6906	 
m72111c2r99.htb	 250.0	  0.03	 2.000	  0.00	 -10.00	 40.00	 250.0000		 -0.0012	 3.0094	 0.0048	 0.8823	 0.0005	 0.9070	 
m72111c2r99.htb	 250.0	  0.03	 2.000	  0.00	 -10.00	 40.00	 430.0000		 0.0105	 3.1225	 0.1438	 0.4015	 0.0353	 0.3032	 
m72111c3r9.htb	  50.0	  0.05	 2.000	 -10.00	 -10.00	 40.00	 270.0000		 0.0011	 0.9367	 0.0162	 0.7856	 0.0024	 0.6886	 
m72111c3r9.htb	  50.0	  0.05	 2.000	 -10.00	 -10.00	 40.00	 450.0000		 0.0051	 0.6997	 0.2984	 0.2045	 0.0509	 0.0604	 
m80511c1r9.htb	 240.0	  0.01	 2.000	 -5.00	 10.00	 40.00	 50.0000		 0.0022	 1.0576	 0.0264	 0.7279	 0.0058	 0.5937	 
m80511c1r9.htb	 240.0	  0.01	 2.000	 -5.00	 10.00	 40.00	 230.0000		 0.0075	 0.8638	 0.2756	 0.2263	 0.0374	 0.1570	 
m80511c3r9.htb	  90.0	  0.03	 2.000	 -10.00	  5.00	 40.00	 160.0000		 0.0160	 2.4510	 0.3918	 0.1327	 0.0564	 0.0477	 
m80511c3r9.htb	  90.0	  0.03	 2.000	 -10.00	  5.00	 40.00	 340.0000		 0.0012	 2.3835	 0.0031	 0.9058	 0.0003	 0.8821	 
m80911c1r9.htb	  50.0	  0.01	 2.000	  0.00	  0.00	 40.00	 120.0000		 0.0196	 1.2802	 0.7144	 0.0166	 0.2736	 0.0043	 
m80911c1r9.htb	  50.0	  0.01	 2.000	  0.00	  0.00	 40.00	 300.0000		 0.0036	 1.8578	 0.0428	 0.6562	 0.0040	 0.7445	 
m81111c1r9.htb	 200.0	  0.03	 2.000	 10.00	 -10.00	 40.00	 50.0000		 0.0307	 5.0163	 0.5795	 0.0468	 0.0437	 0.1121	 
m81111c1r9.htb	 200.0	  0.03	 2.000	 10.00	 -10.00	 40.00	 230.0000		 0.0139	 4.2437	 0.0809	 0.5365	 0.0147	 0.3645	 
m81111c2r9.htb	 200.0	  0.01	 2.000	 -10.00	 -10.00	 40.00	 180.0000		 0.0176	 9.3575	 0.1345	 0.4185	 0.0319	 0.1512	 
m81111c2r9.htb	 200.0	  0.01	 2.000	 -10.00	 -10.00	 40.00	 360.0000		 0.0298	 9.1087	 0.4163	 0.1176	 0.0703	 0.0358	 
m81111c1r9.htb	 200.0	  0.03	 2.000	 10.00	 -10.00	 40.00	 50.0000		 0.0307	 5.0163	 0.5795	 0.0468	 0.0437	 0.1121	 
m81111c1r9.htb	 200.0	  0.03	 2.000	 10.00	 -10.00	 40.00	 230.0000		 0.0139	 4.2437	 0.0809	 0.5365	 0.0147	 0.3645	 
m81111c2r9.htb	 200.0	  0.01	 2.000	 -10.00	 -10.00	 40.00	 180.0000		 0.0176	 9.3575	 0.1345	 0.4185	 0.0319	 0.1512	 
m81111c2r9.htb	 200.0	  0.01	 2.000	 -10.00	 -10.00	 40.00	 360.0000		 0.0298	 9.1087	 0.4163	 0.1176	 0.0703	 0.0358	 
m81511c1r9.htb	   0.0	  0.01	 2.000	  5.00	 -10.00	 40.00	 270.0000		 0.0000	 0.6811	 0.0001	 0.9865	 0.0000	 0.9884	 
m81511c1r9.htb	   0.0	  0.01	 2.000	  5.00	 -10.00	 40.00	 450.0000		 -0.0078	 1.2566	 0.6348	 0.0320	 0.0608	 0.0397	 
m81511c2r9.htb	   0.0	  0.01	 2.000	 10.00	  0.00	 40.00	 0.0000		 -0.0034	 2.2007	 0.0966	 0.4975	 0.0096	 0.6340	 
m81511c2r9.htb	   0.0	  0.01	 2.000	 10.00	  0.00	 40.00	 180.0000		 -0.0016	 2.2703	 0.0100	 0.8307	 0.0002	 0.9393	 
m81511c2r9.htb	   0.0	  0.01	 2.000	 10.00	  0.00	 40.00	 0.0000		 -0.0034	 2.2007	 0.0966	 0.4975	 0.0096	 0.6340	 
m81511c2r9.htb	   0.0	  0.01	 2.000	 10.00	  0.00	 40.00	 180.0000		 -0.0016	 2.2703	 0.0100	 0.8307	 0.0002	 0.9393	 
m81511c3r9.htb	 200.0	  0.03	 2.000	 -10.00	 10.00	 40.00	 0.0000		 -0.0203	 6.0836	 0.4989	 0.0760	 0.0568	 0.2408	 
m81511c3r9.htb	 200.0	  0.03	 2.000	 -10.00	 10.00	 40.00	 180.0000		 0.0059	 5.2997	 0.0553	 0.6117	 0.0052	 0.7256	 
m81611c1r9.htb	   0.0	  0.01	 2.000	  0.00	 -10.00	 40.00	 320.0000		 0.0134	 2.2228	 0.3758	 0.1432	 0.0459	 0.0748	 
m81611c1r9.htb	   0.0	  0.01	 2.000	  0.00	 -10.00	 40.00	 500.0000		 0.0320	 2.0581	 0.7642	 0.0101	 0.1965	 0.0001	 
m81611c1r9.htb	   0.0	  0.01	 2.000	  0.00	 -10.00	 40.00	 320.0000		 0.0134	 2.2228	 0.3758	 0.1432	 0.0459	 0.0748	 
m81611c1r9.htb	   0.0	  0.01	 2.000	  0.00	 -10.00	 40.00	 500.0000		 0.0320	 2.0581	 0.7642	 0.0101	 0.1965	 0.0001	 
m81611c3r9.htb	 180.0	  0.01	 2.000	 -10.00	  0.00	 40.00	 50.0000		 0.0172	 3.5975	 0.5485	 0.0569	 0.0686	 0.1122	 
m81611c3r9.htb	 180.0	  0.01	 2.000	 -10.00	  0.00	 40.00	 230.0000		 -0.0003	 3.1708	 0.0006	 0.9576	 0.0000	 0.9836	 
m81711c1r1.htb	 180.0	  0.01	 2.000	 -10.00	  0.00	 40.00	 50.0000		 0.0172	 3.5975	 0.5485	 0.0569	 0.0686	 0.1122	 
m81711c1r1.htb	 180.0	  0.01	 2.000	 -10.00	  0.00	 40.00	 230.0000		 -0.0003	 3.1708	 0.0006	 0.9576	 0.0000	 0.9836	 
m81711c2r9.htb	 200.0	  0.03	 2.000	 10.00	 -10.00	 40.00	 120.0000		 -0.0169	 3.3906	 0.8406	 0.0037	 0.1117	 0.1285	 
m81711c2r9.htb	 200.0	  0.03	 2.000	 10.00	 -10.00	 40.00	 300.0000		 -0.0230	 4.0373	 0.5468	 0.0575	 0.1072	 0.1474	 
m82211c3r9.htb	 175.0	  0.01	 2.000	 15.00	 -5.00	 40.00	 50.0000		 0.0322	 5.7470	 0.4298	 0.1099	 0.1249	 0.0600	 
m82211c3r9.htb	 175.0	  0.01	 2.000	 15.00	 -5.00	 40.00	 230.0000		 0.0057	 6.4112	 0.0267	 0.7262	 0.0030	 0.7698	 
m82311c2r9.htb	   0.0	  0.03	 1.000	 15.00	 -10.00	 40.00	 0.0000		 0.0351	 5.3214	 0.5605	 0.0528	 0.1015	 0.0582	 
m82311c2r9.htb	   0.0	  0.03	 1.000	 15.00	 -10.00	 40.00	 180.0000		 0.0277	 5.5561	 0.6547	 0.0275	 0.1079	 0.0540	 
m82511c1r9.htb	 325.0	  0.03	 1.000	 15.00	  0.00	 40.00	 0.0000		 -0.0030	 7.1286	 0.0067	 0.8615	 0.0001	 0.9658	 
m82511c1r9.htb	 325.0	  0.03	 1.000	 15.00	  0.00	 40.00	 180.0000		 0.0423	 4.7588	 0.6295	 0.0332	 0.2911	 0.0171	 
m82511c2r9.htb	 200.0	  0.03	 1.000	  0.00	 10.00	 40.00	 0.0000		 0.0322	 5.1829	 0.9328	 0.0004	 0.1248	 0.0473	 
m82511c2r9.htb	 200.0	  0.03	 1.000	  0.00	 10.00	 40.00	 180.0000		 0.0297	 4.9018	 0.6675	 0.0249	 0.2457	 0.0046	 
m82511c3r9.htb	   0.0	  0.03	 2.000	 10.00	 10.00	 40.00	 0.0000		 -0.0034	 6.2701	 0.0106	 0.8261	 0.0038	 0.7645	 
m82511c3r9.htb	   0.0	  0.03	 2.000	 10.00	 10.00	 40.00	 180.0000		 0.0515	 5.3740	 0.5427	 0.0590	 0.3412	 0.0034	 
m90511c1r1.htb	   0.0	  0.03	 2.000	 10.00	 10.00	 40.00	 0.0000		 -0.0034	 6.2701	 0.0106	 0.8261	 0.0038	 0.7645	 
m90511c1r1.htb	   0.0	  0.03	 2.000	 10.00	 10.00	 40.00	 180.0000		 0.0515	 5.3740	 0.5427	 0.0590	 0.3412	 0.0034	 
m90511c1r9.htb	   0.0	  0.03	 2.000	 10.00	 -10.00	 40.00	 0.0000		 -0.0071	 6.3419	 0.0758	 0.5502	 0.0062	 0.6211	 
m90511c1r9.htb	   0.0	  0.03	 2.000	 10.00	 -10.00	 40.00	 180.0000		 0.0126	 5.7786	 0.1050	 0.4782	 0.0150	 0.4278	 
m90511c2r9.htb	 200.0	  0.03	 2.000	 -10.00	 10.00	 40.00	 0.0000		 0.0005	 7.7612	 0.0002	 0.9744	 0.0000	 0.9726	 
m90511c2r9.htb	 200.0	  0.03	 2.000	 -10.00	 10.00	 40.00	 180.0000		 0.0203	 7.8195	 0.5261	 0.0651	 0.0467	 0.2126	 
m90511c3r9.htb	  50.0	  0.05	 2.000	 -10.00	 -10.00	 40.00	 220.0000		 -0.0208	 8.2007	 0.2211	 0.2869	 0.0390	 0.2954	 
m90511c3r9.htb	  50.0	  0.05	 2.000	 -10.00	 -10.00	 40.00	 400.0000		 0.0384	 6.7364	 0.4384	 0.1052	 0.1039	 0.0823	 
m90511c3r9.htb	  50.0	  0.05	 2.000	 -10.00	 -10.00	 40.00	 220.0000		 -0.0208	 8.2007	 0.2211	 0.2869	 0.0390	 0.2954	 
m90511c3r9.htb	  50.0	  0.05	 2.000	 -10.00	 -10.00	 40.00	 400.0000		 0.0384	 6.7364	 0.4384	 0.1052	 0.1039	 0.0823	 
m90511c4r9.htb	  50.0	  0.03	 2.000	  5.00	 -5.00	 40.00	 80.0000		 0.0095	 2.0861	 0.2612	 0.2411	 0.0669	 0.1601	 
m90511c4r9.htb	  50.0	  0.03	 2.000	  5.00	 -5.00	 40.00	 260.0000		 0.0160	 1.7492	 0.8827	 0.0017	 0.2253	 0.0093	 
m90711c2r9.htb	  80.0	  0.01	 2.000	  5.00	 10.00	 40.00	 260.0000		 0.0389	 4.8572	 0.5331	 0.0625	 0.1564	 0.0558	 
m90711c2r9.htb	  80.0	  0.01	 2.000	  5.00	 10.00	 40.00	 440.0000		 -0.0444	 7.2135	 0.7701	 0.0094	 0.2612	 0.0107	 
m90711c3r9.htb	   0.0	  0.01	 2.000	 10.00	 -10.00	 40.00	 120.0000		 0.0135	 5.5670	 0.0451	 0.6477	 0.0146	 0.5407	 
m90711c3r9.htb	   0.0	  0.01	 2.000	 10.00	 -10.00	 40.00	 300.0000		 -0.0116	 6.4455	 0.4555	 0.0962	 0.0130	 0.5641	 
m90711c4r9.htb	  80.0	  0.01	 1.000	 10.00	 10.00	 40.00	 240.0000		 0.0024	 -0.0300	 0.8271	 0.0045	 0.3915	 0.0715	 
m90711c4r9.htb	  80.0	  0.01	 1.000	 10.00	 10.00	 40.00	 420.0000		 -0.0000	 -0.0000	   NaN	   NaN	   NaN	   NaN	 
m90811c1r9.htb	   0.0	  0.03	 2.000	 10.00	 -10.00	 40.00	 0.0000		 -0.0191	 1.6693	 0.4299	 0.1098	 0.1405	 0.1035	 
m90811c1r9.htb	   0.0	  0.03	 2.000	 10.00	 -10.00	 40.00	 180.0000		 -0.0149	 1.4468	 0.2776	 0.2244	 0.0897	 0.1871	 
m90811c1r9.htb	   0.0	  0.03	 2.000	 10.00	 -10.00	 40.00	 0.0000		 -0.0191	 1.6693	 0.4299	 0.1098	 0.1405	 0.1035	 
m90811c1r9.htb	   0.0	  0.03	 2.000	 10.00	 -10.00	 40.00	 180.0000		 -0.0149	 1.4468	 0.2776	 0.2244	 0.0897	 0.1871	 
m82511c3r9.htb	   0.0	  0.03	 2.000	 10.00	 10.00	 40.00	 0.0000		 -0.0034	 6.2701	 0.0106	 0.8261	 0.0038	 0.7645	 
m82511c3r9.htb	   0.0	  0.03	 2.000	 10.00	 10.00	 40.00	 180.0000		 0.0515	 5.3740	 0.5427	 0.0590	 0.3412	 0.0034	 
m81611c3r10.htb	 180.0	  0.01	 2.000	 -10.00	  0.00	 40.00	 50.0000		 0.0158	 3.6027	 0.3907	 0.1334	 0.0441	 0.1390	 
m81611c3r10.htb	 180.0	  0.01	 2.000	 -10.00	  0.00	 40.00	 230.0000		 -0.0012	 3.1159	 0.0131	 0.8070	 0.0006	 0.8616	 
m81611c3r9.htb	 180.0	  0.01	 2.000	 -10.00	  0.00	 40.00	 50.0000		 0.0172	 3.5975	 0.5485	 0.0569	 0.0686	 0.1122	 
m81611c3r9.htb	 180.0	  0.01	 2.000	 -10.00	  0.00	 40.00	 230.0000		 -0.0003	 3.1708	 0.0006	 0.9576	 0.0000	 0.9836	 
m52512c2r13.htb	   0.0	  0.03	 2.000	  0.00	  0.00	 40.00	 45.0000		 -0.0000	 4.3781	 0.0000	   NaN	 0.0000	   NaN	 
m52512c2r13.htb	   0.0	  0.03	 2.000	  0.00	  0.00	 40.00	 45.0000		 -0.0000	 4.3781	 0.0000	   NaN	 0.0000	   NaN	 
m52512c2r13.htb	   0.0	  0.03	 2.000	  0.00	  0.00	 40.00	 45.0000		 -0.0000	 4.3781	 0.0000	   NaN	 0.0000	   NaN	 
m52512c2r13.htb	   0.0	  0.03	 2.000	  0.00	  0.00	 40.00	 45.0000		 -0.0000	 4.3781	 0.0000	   NaN	 0.0000	   NaN	 
m52512c2r13.htb	   0.0	  0.03	 2.000	  0.00	  0.00	 40.00	 45.0000		 -0.0000	 4.3781	 0.0000	   NaN	 0.0000	   NaN	 
m52512c2r13.htb	   0.0	  0.03	 2.000	  0.00	  0.00	 40.00	 45.0000		 -0.0000	 4.3781	 0.0000	   NaN	 0.0000	   NaN	 
m61212c1r9.htb	 180.0	  0.05	 2.000	 -10.00	 -10.00	 40.00	 180.0000		 0.0018	 0.9242	 0.0473	 0.6394	 0.0064	 0.6325	 
m61212c1r9.htb	 180.0	  0.05	 2.000	 -10.00	 -10.00	 40.00	 360.0000		 -0.0032	 1.2225	 0.1747	 0.3507	 0.0176	 0.4335	 
m61212c2r9.htb	 180.0	  0.05	 2.000	 -10.00	 -10.00	 40.00	 180.0000		 -0.0007	 1.0562	 0.0199	 0.7627	 0.0007	 0.8335	 
m61212c2r9.htb	 180.0	  0.05	 2.000	 -10.00	 -10.00	 40.00	 360.0000		 0.0002	 0.9970	 0.0024	 0.9177	 0.0001	 0.9499	 
m61212c1r9.htb	 180.0	  0.05	 2.000	 -10.00	 -10.00	 40.00	 180.0000		 0.0018	 0.9242	 0.0473	 0.6394	 0.0064	 0.6325	 
m61212c1r9.htb	 180.0	  0.05	 2.000	 -10.00	 -10.00	 40.00	 360.0000		 -0.0032	 1.2225	 0.1747	 0.3507	 0.0176	 0.4335	 
m61212c1r9.htb	 180.0	  0.05	 2.000	 -10.00	 -10.00	 40.00	 180.0000		 0.0018	 0.9242	 0.0473	 0.6394	 0.0064	 0.6325	 
m61212c1r9.htb	 180.0	  0.05	 2.000	 -10.00	 -10.00	 40.00	 360.0000		 -0.0032	 1.2225	 0.1747	 0.3507	 0.0176	 0.4335	 
m61212c1r9.htb	 180.0	  0.05	 2.000	 -10.00	 -10.00	 40.00	 180.0000		 0.0018	 0.9242	 0.0473	 0.6394	 0.0064	 0.6325	 
m61212c1r9.htb	 180.0	  0.05	 2.000	 -10.00	 -10.00	 40.00	 360.0000		 -0.0032	 1.2225	 0.1747	 0.3507	 0.0176	 0.4335	 
