FILE		 PrDir	 PrSpd	 PrHDsp	 RFX	 RFY	 RFDiam	 Spont	 DirMI	 BRate	 Ampl	 PD360	 PD180	 PD90	 FWHM	 DSI	 AnovaP		 Rmeans	 Pmeans		 Rraw	 Praw		 DirDI	 VarTrm	 Chi2		 ChiP		
m60201c1r9.htb	   60.0	   5.00	  0.000	   0.00	  -5.00	  30.00	   0.20	  0.571	   0.07	   0.19	 217.44	 142.56	  37.44	  54.63	  3.466	 0.82446171	  0.366	 0.08428281	  0.017	 0.25550188	 0.2603	  0.401	  0.06669	 0.99945632	
m60208c1r7.htb	   45.0	   5.00	  0.000	   0.00	   0.00	  45.00	   6.77	  0.216	   9.01	   1.54	   2.01	   2.01	   2.01	 139.86	  0.408	 0.96714258	  0.664	 0.00746417	  0.016	 0.27100352	 0.1741	  0.819	  0.10108	 0.99876504	
m60213c1r7.htb	   30.0	   5.00	  0.000	  -5.00	  10.00	  40.00	   5.12	  0.429	   6.72	   4.62	 293.70	  66.30	  66.30	  42.39	  0.744	 0.00037230	  0.512	 0.03028156	  0.157	 0.00027409	 0.5017	  0.385	  1.61842	 0.80547826	
m60217c1r7.htb	    0.0	  10.00	  0.000	  10.00	  15.00	  50.00	  12.09	  0.165	  13.78	   1.97	   7.30	   7.30	   7.30	 107.65	  0.538	 0.68653399	  0.624	 0.01134923	  0.037	 0.08605964	 0.2870	  0.461	  0.25096	 0.99275620	
m60220c2r8.htb	  230.0	  15.00	  0.000	   0.00	  15.00	  50.00	   5.77	  0.247	   6.77	   0.48	 230.86	 129.14	  50.86	 197.69	  0.324	 0.82172115	  0.019	 0.72374091	  0.002	 0.70853503	 0.2567	  0.589	  0.38016	 0.98406869	
m60220c3r7.htb	   45.0	  10.00	  0.000	  10.00	  10.00	  50.00	   4.13	  0.215	   8.26	   2.21	 237.18	 122.82	  57.18	  42.39	  0.349	 0.46297886	  0.835	 0.00057001	  0.074	 0.01461332	 0.3195	  0.373	  0.17022	 0.99657712	
m60220c6r8.htb	   45.0	  10.00	  0.000	   0.00	  10.00	  40.00	   0.10	  0.333	   0.71	   0.10	 275.06	  84.94	  84.94	  42.39	  0.134	 0.83610743	  0.239	 0.18145165	  0.007	 0.36725817	 0.2288	  0.535	  0.38819	 0.98343259	
m60221c1r8.htb	    0.0	  20.00	  0.000	 -10.00	  10.00	  50.00	   0.90	  0.475	   3.86	   2.96	 358.09	   1.91	   1.91	 172.24	  0.499	 0.01663668	  0.667	 0.00721319	  0.160	 0.00023890	 0.4040	  0.527	  0.58133	 0.96511570	
m60221c2r9.htb	    0.0	  15.00	  0.000	   0.00	  20.00	  60.00	   1.14	  0.313	   1.96	   2.99	 165.79	 165.79	  14.21	 345.33	  0.786	 0.89421563	  0.598	 0.01454166	  0.022	 0.19307073	 0.1930	  0.939	  0.06312	 0.99951237	
m60221c3r7.htb	    0.0	  10.00	  0.000	   3.00	   8.00	  50.00	   1.64	  0.327	   4.81	   2.87	 330.87	  29.13	  29.13	 307.98	  0.475	 0.19740640	  0.401	 0.06716626	  0.046	 0.05650162	 0.3428	  0.485	  1.18036	 0.88132123	
m60221c4r7.htb	   30.0	  10.00	  0.000	   8.00	   0.00	  50.00	   3.08	  0.460	   3.08	   2.68	 266.06	  93.94	  86.06	 222.39	  1.003	 0.19058578	  0.664	 0.00746623	  0.081	 0.01070990	 0.3382	  0.795	  0.37080	 0.98479670	
m60221c5r8.htb	    0.0	  10.00	  0.000	   0.00	   0.00	  50.00	   2.84	  0.530	   4.02	   3.55	   5.73	   5.73	   5.73	  42.39	  0.749	 0.00028590	  0.897	 0.00010793	  0.281	 0.00000043	 0.5133	  0.417	  0.48250	 0.97518220	
m60227c1r7.htb	   45.0	  10.00	  0.000	   5.00	   0.00	  40.00	   0.50	  0.325	   4.01	   2.25	 105.25	 105.25	  74.75	  42.39	  0.391	 0.45986338	  0.808	 0.00097655	  0.072	 0.01637359	 0.3306	  0.467	  0.36852	 0.98497206	
m60404c1r7.htb	    0.0	  10.00	  0.000	   0.00	   0.00	  40.00	   6.62	  0.143	  11.07	   1.58	 146.25	 146.25	  33.75	  42.39	  0.263	 0.74643299	  0.469	 0.04179473	  0.026	 0.15696387	 0.2606	  0.388	  0.19410	 0.99558474	
m60411c1r7.htb	  270.0	  10.00	  0.000	 -10.00	  -5.00	  60.00	   0.40	  0.233	   5.15	   1.04	 260.15	  99.85	  80.15	  42.39	  0.179	 0.83721157	  0.376	 0.07908740	  0.018	 0.23227135	 0.2383	  0.551	  0.21639	 0.99455269	
m60413c1r7.htb	  180.0	  10.00	  0.000	  -5.00	 -25.00	  60.00	   6.08	  0.224	  10.11	   3.30	 247.00	 113.00	  67.00	  42.39	  0.450	 0.12384041	  0.374	 0.08022306	  0.064	 0.03659686	 0.3558	  0.366	  1.22906	 0.87329073	
m60417c1r7.htb	  180.0	  10.00	  0.000	   0.00	  10.00	  50.00	   1.59	  0.429	   0.86	   0.52	 168.94	 168.94	  11.06	  42.39	 -2.522	 0.81345770	  0.556	 0.02110851	  0.027	 0.14399224	 0.2367	  0.611	  0.32857	 0.98789600	
m60418c2r7.htb	    0.0	  10.00	  0.000	  -5.00	 -15.00	  50.00	  13.13	  0.130	  26.00	   5.28	  24.95	  24.95	  24.95	  42.39	  0.291	 0.75825800	  0.550	 0.02215937	  0.034	 0.10323074	 0.2462	  0.567	  0.15969	 0.99697719	
m60418c3r7.htb	    0.0	  10.00	  0.000	   0.00	 -10.00	  50.00	  14.63	  0.192	  19.96	   2.92	 225.70	 134.30	  45.70	 222.85	  0.354	 0.39633683	  0.437	 0.05245071	  0.042	 0.06937357	 0.3350	  0.499	  0.50541	 0.97297197	
m60418c4r7.htb	    0.0	  10.00	  0.000	   0.00	 -10.00	  50.00	   7.51	  0.179	  13.93	   2.38	 207.38	 152.62	  27.38	  91.87	  0.271	 0.15371456	  0.449	 0.04828189	  0.079	 0.01130165	 0.3465	  0.374	  0.43332	 0.97965952	
m60420c3r7.htb	    0.0	  10.00	  0.000	  -5.00	   5.00	  40.00	  12.69	  0.144	  20.01	   2.71	  14.10	  14.10	  14.10	  42.39	  0.270	 0.85608739	  0.563	 0.01994121	  0.024	 0.17116117	 0.2518	  0.527	  0.13767	 0.99773675	
m60420c4r7.htb	    0.0	  10.00	  0.000	  10.00	  -8.00	  40.00	   7.52	  0.178	  21.86	   5.36	 335.18	  24.82	  24.82	  42.39	  0.272	 0.80901523	  0.337	 0.10129497	  0.034	 0.17247015	 0.2513	  0.680	  0.39125	 0.98318694	
m60420c5r7.htb	    0.0	  10.00	  0.000	   8.00	  -5.00	  40.00	  16.17	  0.164	  23.34	   4.69	 297.53	  62.47	  62.47	  42.39	  0.396	 0.94993066	  0.464	 0.04341468	  0.015	 0.28288343	 0.2172	  0.876	  0.06951	 0.99940987	
m60424c6r7.htb	    0.0	  10.00	  0.000	  -5.00	  -5.00	  30.00	   1.64	  0.253	  17.04	   5.28	 158.53	 158.53	  21.47	  42.39	  0.255	 0.70070315	  0.392	 0.07120371	  0.029	 0.13243357	 0.2959	  0.702	  0.38020	 0.98406579	
