FILE			 PrfOR	 PrfSF	 PrfTF	 RFXctr	 RFYctr	 RFDiam	 GrType	 MaxLoc	 MaxRsp	 MinLoc	 MinRsp	 AvgRsp	 Spont	 ModIx	 AnovaP	 DDI  	 VarTerm	 MSgrp	 MSerror	 MaxX 	 MinX 	 MaxLoc	 HWHM	
m82013c1r2.htb	   0.0	  0.03	 2.000	 -10.00	 10.00	 40.00	   0.0	 165.00	  0.98	 51.00	  0.27	  0.65	  0.31	 0.771	 0.67380146	 0.352	  0.585	      0.262	      0.343	 330.00	  0.00	 9999.00	 9999.00	
m72213c2r2.htb	   0.0	  0.03	 2.000	 10.00	 10.00	 40.00	   0.0	 195.00	  2.36	 26.00	  0.81	  1.46	  1.00	 0.675	 0.05642939	 0.452	  0.462	      0.397	      0.214	 330.00	  0.00	 9999.00	 9999.00	
m72213c2r2.htb	   0.0	  0.03	 2.000	 10.00	 10.00	 40.00	   0.0	 195.00	  2.36	 26.00	  0.81	  1.46	  1.00	 0.675	 0.05642939	 0.452	  0.462	      0.397	      0.214	 330.00	  0.00	 9999.00	 9999.00	
m81413c1r2.htb	   0.0	  0.03	 2.000	  0.00	  0.00	 40.00	   0.0	 224.00	  1.98	 258.00	  0.39	  0.87	  1.19	 0.593	 0.95358875	 0.247	  0.595	      0.141	      0.354	 330.00	  0.00	 9999.00	 9999.00	
m111813c1r2.htb	   0.0	  0.03	 2.000	  0.00	  0.00	 40.00	   0.0	  1.00	  4.81	 78.00	  2.20	  3.46	  2.82	 0.490	 0.95280234	 0.301	  0.832	      0.271	      0.693	 330.00	  0.00	 9999.00	 9999.00	
m112113c1r2.htb	   0.0	  0.03	 2.000	 10.00	 10.00	 40.00	   0.0	 285.00	  6.25	 254.00	  3.57	  4.58	  3.36	 0.465	 0.47610842	 0.352	  0.660	      0.425	      0.435	 330.00	  0.00	 9999.00	 9999.00	
m20714c1r2.htb	   0.0	  0.03	 2.000	 -5.00	 -10.00	 40.00	   0.0	 318.00	  4.17	 167.00	  2.54	  3.13	  2.79	 0.418	 0.72355365	 0.328	  0.521	      0.194	      0.272	 330.00	  0.00	 9999.00	 9999.00	
m20714c2r2.htb	   0.0	  0.03	 2.000	 -10.00	 -10.00	 40.00	   0.0	 249.00	 12.63	  0.00	  3.23	  4.59	  3.32	 0.594	 0.30990798	 0.589	  0.369	      0.173	      0.136	 330.00	  0.00	 9999.00	 9999.00	
m20714c2r22.htb	   0.0	  0.03	 2.000	 -10.00	 -10.00	 40.00	   0.0	 18.00	  6.34	 63.00	  3.80	  4.15	  3.43	 0.343	 0.70992560	 0.315	  0.470	      0.161	      0.221	 330.00	  0.00	 9999.00	 9999.00	
m21914c1r2.htb	   0.0	  0.03	 2.000	 -5.00	  5.00	 40.00	   0.0	 15.00	  1.87	 132.00	  0.19	  1.36	  0.00	 0.950	 0.07857166	 0.486	  0.696	      0.903	      0.484	 330.00	  0.00	 9999.00	 9999.00	
m21914c1r22.htb	   0.0	  0.03	 2.000	 -5.00	  5.00	 40.00	   0.0	 206.00	  1.09	 259.00	  0.19	  0.91	  0.05	 0.767	 0.43924619	 0.326	  0.653	      0.432	      0.426	 330.00	  0.00	 9999.00	 9999.00	
m21914c1r2.htb	   0.0	  0.03	 2.000	 -5.00	  5.00	 40.00	   0.0	 15.00	  1.87	 132.00	  0.19	  1.36	  0.00	 0.950	 0.07857166	 0.486	  0.696	      0.903	      0.484	 330.00	  0.00	 9999.00	 9999.00	
m22614c3r2.htb	   0.0	  0.03	 4.000	 -10.00	 -10.00	 40.00	   0.0	 313.00	 14.66	 285.00	  5.66	  7.04	  4.23	 0.467	 0.48029235	 0.463	  0.460	      0.209	      0.212	 330.00	  0.00	 9999.00	 9999.00	
m22614c3r22.htb	   0.0	  0.03	 4.000	 -10.00	 -10.00	 40.00	   0.0	 142.00	  8.03	 20.00	  4.67	  6.60	  3.05	 0.437	 0.08624226	 0.432	  0.483	      0.401	      0.233	 330.00	  0.00	 9999.00	 9999.00	
m22614c3r222.htb	   0.0	  0.03	 4.000	 -10.00	 -10.00	 40.00	   0.0	 161.00	  8.15	 26.00	  4.70	  6.54	  2.84	 0.416	 0.00425977	 0.429	  0.448	      0.539	      0.200	 330.00	  0.00	 161.00	 77.00	
m30414c1r2.htb	   0.0	  0.08	 2.000	 -5.00	  5.00	 40.00	   0.0	 79.00	  7.43	 107.00	  3.30	  4.74	  2.29	 0.579	 0.01100475	 0.508	  0.440	      0.513	      0.193	 330.00	  0.00	 9999.00	 9999.00	
m30414c1r2.htb	   0.0	  0.08	 2.000	 -5.00	  5.00	 40.00	   0.0	 79.00	  7.30	 107.00	  3.30	  4.74	  2.29	 0.579	 0.01100475	 0.508	  0.440	      0.513	      0.193	 330.00	  0.00	 9999.00	 9999.00	
m30514c3r222.htb	   0.0	  0.03	 2.000	 -10.00	 20.00	 40.00	   0.0	 33.00	 10.69	 299.00	  5.24	  7.82	  0.62	 0.520	 0.00016615	 0.514	  0.501	      0.974	      0.251	 330.00	  0.00	 33.00	 38.00	
m102314c1r2.htb	   0.0	  0.03	 2.000	 10.00	 10.00	 40.00	   0.0	 231.00	  3.33	 170.00	  1.64	  2.30	  0.60	 0.459	 0.24253331	 0.375	  0.443	      0.252	      0.196	 330.00	  0.00	 9999.00	 9999.00	
m102314c2r2.htb	   0.0	  0.03	 2.000	  0.00	 -5.00	 40.00	   0.0	 75.00	  3.20	 152.00	  1.96	  2.63	  0.12	 0.449	 0.27172868	 0.385	  0.413	      0.212	      0.171	 330.00	  0.00	 9999.00	 9999.00	
m102314c2r22.htb	   0.0	  0.03	 2.000	  0.00	 -5.00	 40.00	   0.0	 75.00	  3.13	 151.00	  1.99	  2.63	  0.12	 0.449	 0.38448300	 0.381	  0.420	      0.191	      0.176	 330.00	  0.00	 9999.00	 9999.00	
m20714c1r2.htb	   0.0	  0.03	 2.000	 -5.00	 -10.00	 40.00	   0.0	 318.00	  4.17	 128.00	  2.54	  3.13	  2.79	 0.418	 0.72355365	 0.328	  0.521	      0.194	      0.272	 330.00	  0.00	 9999.00	 9999.00	
m22014c1r2.htb	   0.0	  0.03	 2.000	 -10.00	  0.00	 40.00	   0.0	 190.00	  5.63	 89.00	  2.52	  4.28	  2.36	 0.625	 0.01499800	 0.580	  0.344	      0.314	      0.118	 330.00	  0.00	 9999.00	 9999.00	
m22014c1r22.htb	   0.0	  0.03	 2.000	 -10.00	  0.00	 40.00	   0.0	  1.00	  5.77	 87.00	  3.59	  4.86	  2.49	 0.375	 0.35527290	 0.414	  0.410	      0.189	      0.168	 330.00	  0.00	 9999.00	 9999.00	
m22014c1r222.htb	   0.0	  0.03	 2.000	 -10.00	  0.00	 40.00	   0.0	 172.00	  5.69	 266.00	  4.03	  4.83	  2.49	 0.328	 0.54208630	 0.346	  0.438	      0.173	      0.192	 330.00	  0.00	 9999.00	 9999.00	
m100114c2r2.htb	   0.0	  0.03	 2.000	 20.00	 -10.00	 40.00	   0.0	 15.00	  7.10	 120.00	  3.65	  5.42	  1.66	 0.649	 0.04998604	 0.511	  0.608	      0.725	      0.369	 330.00	  0.00	 9999.00	 9999.00	
m100114c2r22.htb	   0.0	  0.03	 2.000	 20.00	 -10.00	 40.00	   0.0	 15.00	  7.39	 124.00	  4.02	  5.66	  2.18	 0.581	 0.01596706	 0.494	  0.581	      0.785	      0.337	 330.00	  0.00	 9999.00	 9999.00	
m100214c1r2.htb	   0.0	  0.03	 2.000	  0.00	 -10.00	 40.00	   0.0	 75.00	  1.69	 50.00	  0.99	  1.49	  1.71	 0.706	 0.04302463	 0.466	  0.474	      0.448	      0.225	 330.00	  0.00	 9999.00	 9999.00	
m100214c1r22.htb	   0.0	  0.03	 2.000	  0.00	 -10.00	 40.00	   0.0	 228.00	  4.22	  0.00	  0.94	  1.66	  1.60	 0.657	 0.08406832	 0.432	  0.501	      0.429	      0.251	 330.00	  0.00	 9999.00	 9999.00	
m100214c1r2.htb	   0.0	  0.03	 2.000	  0.00	 -10.00	 40.00	   0.0	 226.00	  3.89	 186.00	  1.01	  1.49	  1.71	 0.706	 0.04302463	 0.466	  0.474	      0.448	      0.225	 330.00	  0.00	 9999.00	 9999.00	
m100414c2r2.htb	   0.0	  0.03	 2.000	  5.00	 -10.00	 40.00	   0.0	  0.00	  1.96	 162.00	  0.73	  1.56	  0.81	 0.708	 0.03651373	 0.451	  0.496	      0.500	      0.246	 330.00	  0.00	 9999.00	 9999.00	
m100414c2r22.htb	   0.0	  0.03	 2.000	  5.00	 -10.00	 40.00	   0.0	  0.00	  2.06	 154.00	  0.97	  1.75	  0.77	 0.532	 0.15070996	 0.387	  0.528	      0.414	      0.279	 330.00	  0.00	 9999.00	 9999.00	
m100414c3r2.htb	   0.0	  0.03	 2.000	  0.00	  0.00	 40.00	   0.0	 17.00	  6.36	 53.00	  2.00	  2.80	  1.37	 0.552	 0.65868403	 0.393	  0.503	      0.197	      0.253	 330.00	  0.00	 9999.00	 9999.00	
m100414c3r22.htb	   0.0	  0.03	 2.000	  5.00	 -10.00	 40.00	   0.0	 74.00	  4.86	 104.00	  1.36	  2.02	  0.93	 0.563	 0.79042273	 0.344	  0.498	      0.158	      0.248	 330.00	  0.00	 9999.00	 9999.00	
m61913c1r2.htb	   0.0	  0.03	 2.000	  0.00	  0.00	 40.00	   0.0	 255.00	  1.73	 219.00	  1.03	  1.55	  0.75	 0.500	 0.60083640	 0.293	  0.614	      0.316	      0.376	 330.00	  0.00	 9999.00	 9999.00	
m61913c2r2.htb	   0.0	  0.03	 2.000	 10.00	 10.00	 40.00	   0.0	 13.00	  3.19	 209.00	  1.64	  2.42	  1.11	 0.517	 0.11227907	 0.405	  0.501	      0.401	      0.251	 330.00	  0.00	 9999.00	 9999.00	
m61913c1r2.htb	   0.0	  0.03	 2.000	  0.00	  0.00	 40.00	   0.0	 45.00	  1.61	 200.00	  1.07	  1.55	  0.75	 0.500	 0.60083640	 0.293	  0.614	      0.316	      0.376	 330.00	  0.00	 9999.00	 9999.00	
m61913c2r2.htb	   0.0	  0.03	 2.000	 10.00	 10.00	 40.00	   0.0	 15.00	  3.23	 272.00	  1.61	  2.42	  1.11	 0.517	 0.11227907	 0.405	  0.501	      0.401	      0.251	 330.00	  0.00	 9999.00	 9999.00	
m61913c2r2.htb	   0.0	  0.03	 2.000	 10.00	 10.00	 40.00	   0.0	 13.00	  3.19	 209.00	  1.64	  2.42	  1.11	 0.517	 0.11227907	 0.405	  0.501	      0.401	      0.251	 330.00	  0.00	 9999.00	 9999.00	
m61913c2r2.htb	   0.0	  0.03	 2.000	 10.00	 10.00	 40.00	   0.0	 13.00	  3.19	 209.00	  1.64	  2.42	  1.11	 0.517	 0.11227907	 0.405	  0.501	      0.401	      0.251	 330.00	  0.00	 9999.00	 9999.00	
m61913c2r2.htb	   0.0	  0.03	 2.000	 10.00	 10.00	 40.00	   0.0	 13.00	  3.19	 209.00	  1.64	  2.42	  1.11	 0.517	 0.11227907	 0.405	  0.501	      0.401	      0.251	 330.00	  0.00	 9999.00	 9999.00	
m61913c2r2.htb	   0.0	  0.03	 2.000	 10.00	 10.00	 40.00	   0.0	 15.00	  3.23	 272.00	  1.61	  2.42	  1.11	 0.517	 0.11227907	 0.405	  0.501	      0.401	      0.251	 330.00	  0.00	 9999.00	 9999.00	
m61913c2r2.htb	   0.0	  0.03	 2.000	 10.00	 10.00	 40.00	   0.0	 13.00	  3.19	 209.00	  1.64	  2.42	  1.11	 0.517	 0.11227907	 0.405	  0.501	      0.401	      0.251	 330.00	  0.00	 9999.00	 9999.00	
m61913c2r2.htb	   0.0	  0.03	 2.000	 10.00	 10.00	 40.00	   0.0	 13.00	  3.19	 209.00	  1.64	  2.42	  1.11	 0.517	 0.11227907	 0.405	  0.501	      0.401	      0.251	 330.00	  0.00	 9999.00	 9999.00	
m61913c2r2.htb	   0.0	  0.03	 2.000	 10.00	 10.00	 40.00	   0.0	 15.00	  3.23	 272.00	  1.61	  2.42	  1.11	 0.517	 0.11227907	 0.405	  0.501	      0.401	      0.251	 330.00	  0.00	 9999.00	 9999.00	
m61913c2r2.htb	   0.0	  0.03	 2.000	 10.00	 10.00	 40.00	   0.0	 13.00	  3.19	 209.00	  1.64	  2.42	  1.11	 0.517	 0.11227907	 0.405	  0.501	      0.401	      0.251	 330.00	  0.00	 9999.00	 9999.00	
m120913c1r22.htb	   0.0	  0.03	 2.000	 -5.00	 10.00	 40.00	   0.0	 207.00	  2.54	 330.00	  1.92	  2.45	  0.66	 0.296	 0.85571074	 0.249	  0.460	      0.119	      0.212	 330.00	  0.00	 9999.00	 9999.00	
m120715c1r25.htbVis	 180.0	  0.03	 2.000	  5.00	  5.00	 40.00	   0.0	 75.00	  3.62	 176.00	  0.89	  1.56	  0.57	 0.563	 0.79011134	 0.338	  0.738	      0.347	      0.544	 330.00	  0.00	 9999.00	 9999.00	
m120715c1r25.htbV+L	 180.0	  0.03	 2.000	  5.00	  5.00	 40.00	   0.0	 101.00	  2.10	 58.00	  0.23	  0.77	  0.57	 0.909	 0.19363161	 0.488	  0.562	      0.440	      0.315	 330.00	  0.00	 9999.00	 9999.00	
m120715c1r25.htbVis	 180.0	  0.03	 2.000	  5.00	  5.00	 40.00	   0.0	 75.00	  3.62	 176.00	  0.89	  1.56	  0.57	 0.563	 0.79011134	 0.338	  0.738	      0.347	      0.544	 330.00	  0.00	 9999.00	 9999.00	
m120715c1r25.htbV+L	 180.0	  0.03	 2.000	  5.00	  5.00	 40.00	   0.0	 101.00	  2.10	 58.00	  0.23	  0.77	  0.57	 0.909	 0.19363161	 0.488	  0.562	      0.440	      0.315	 330.00	  0.00	 9999.00	 9999.00	
m120715c1r25.htbVis	 180.0	  0.03	 2.000	  5.00	  5.00	 40.00	   0.0	 75.00	  3.62	 176.00	  0.89	  1.56	  0.57	 0.563	 0.79011134	 0.338	  0.738	      0.347	      0.544	 330.00	  0.00	 9999.00	 9999.00	
m120715c1r25.htbV+L	 180.0	  0.03	 2.000	  5.00	  5.00	 40.00	   0.0	 101.00	  2.10	 58.00	  0.23	  0.77	  0.57	 0.909	 0.19363161	 0.488	  0.562	      0.440	      0.315	 330.00	  0.00	 9999.00	 9999.00	
m120715c1r43.htbVis	 180.0	  0.03	 2.000	  5.00	  5.00	 40.00	   0.0	 75.00	  3.62	 176.00	  0.89	  1.56	  0.57	 0.563	 0.79011134	 0.338	  0.738	      0.347	      0.544	 330.00	  0.00	 9999.00	 9999.00	
m120715c1r43.htbV+L	 180.0	  0.03	 2.000	  5.00	  5.00	 40.00	   0.0	 101.00	  2.10	 58.00	  0.23	  0.77	  0.57	 0.909	 0.19363161	 0.488	  0.562	      0.440	      0.315	 330.00	  0.00	 9999.00	 9999.00	
m120715c1r20.htbVis	 180.0	  0.03	 2.000	  5.00	  5.00	 40.00	   0.0	 73.00	  3.10	 28.00	  0.61	  1.33	  0.66	 0.760	 0.27044168	 0.445	  0.622	      0.489	      0.387	 330.00	  0.00	 9999.00	 9999.00	
m120715c1r20.htbV+L	 180.0	  0.03	 2.000	  5.00	  5.00	 40.00	   0.0	 98.00	  2.09	 57.00	  0.06	  0.50	  0.66	 1.000	 0.02791122	 0.581	  0.459	      0.466	      0.211	 330.00	  0.00	 9999.00	 9999.00	
m120715c1r25.htbVis	 180.0	  0.03	 2.000	  5.00	  5.00	 40.00	   0.0	 75.00	  3.62	 176.00	  0.89	  1.56	  0.57	 0.563	 0.79011134	 0.338	  0.738	      0.347	      0.544	 330.00	  0.00	 9999.00	 9999.00	
m120715c1r25.htbV+L	 180.0	  0.03	 2.000	  5.00	  5.00	 40.00	   0.0	 101.00	  2.10	 58.00	  0.23	  0.77	  0.57	 0.909	 0.19363161	 0.488	  0.562	      0.440	      0.315	 330.00	  0.00	 9999.00	 9999.00	
m120715c1r26.htbVis	 180.0	  0.03	 2.000	  5.00	  5.00	 40.00	   0.0	 209.00	  1.98	 66.00	  1.09	  1.84	  0.90	 0.607	 0.34920630	 0.333	  0.811	      0.739	      0.657	 330.00	  0.00	 9999.00	 9999.00	
m120715c1r26.htbV+L	 180.0	  0.03	 2.000	  5.00	  5.00	 40.00	   0.0	 103.00	  2.66	 141.00	  0.48	  1.08	  0.90	 0.757	 0.26587109	 0.393	  0.627	      0.490	      0.393	 330.00	  0.00	 9999.00	 9999.00	
m120315c1r200.htbVis	   0.0	  0.03	 2.000	  0.00	  0.00	 40.00	   0.0	 195.00	  0.84	 86.00	  0.07	  0.69	  0.19	 0.954	 0.00931887	 0.469	  0.525	      0.692	      0.275	 330.00	  0.00	 195.00	 46.00	
m120315c1r200.htbV+L	   0.0	  0.03	 2.000	  0.00	  0.00	 40.00	   0.0	 72.00	  3.06	 102.00	  0.85	  1.29	  0.19	 0.633	 0.18246406	 0.387	  0.383	      0.207	      0.147	 330.00	  0.00	 9999.00	 9999.00	
m30716c3r7.htb	 180.0	  0.03	 2.000	  9.00	 -10.00	 40.00	   0.0	 282.00	  4.51	 64.00	  2.96	  3.92	  2.94	 0.495	 0.48727818	 0.372	  0.567	      0.309	      0.322	 330.00	  0.00	 9999.00	 9999.00	
m31216c1r3.htb	  30.0	  0.50	 2.000	 -7.70	 -9.00	 10.00	   0.0	 225.00	  1.67	 73.00	  0.59	  1.51	  1.19	 0.769	 0.15438107	 0.362	  0.818	      0.981	      0.668	 330.00	  0.00	 9999.00	 9999.00	
