FILE		 PrDir	 PrSpd	 PrHDsp	 RFX	 RFY	 RFDiam	 ZerSpd	 ZerRsp	 MaxSpd	 MaxRsp	 MinSpd	 MinRsp	 Spont	 SpdMI	 AnovaP		 Rmeans	 Pmeans		 Rraw	 Praw		 SDI	 VarTrm	 R0	 K	 alpha		 tau		 expon		 Chi2		 ChiP		 Npts	 Npars	 FitErr	
m60831c2r8.htb	  180.0	  20.00	  0.000	   5.00	 -10.00	  40.00	   0.0	  20.90	 16.700	  26.64	  0.000	  20.44	  14.28	  0.241	 0.14240179	  0.909	 0.00006865	  0.123	 0.00070180	 0.3651	  0.598	  20.96	   5.68	  0.0399057	  0.5109974	  0.6455648	  0.07712	 0.99932388	     90	      5	 29.5419	
m60831c3r8.htb	  180.0	  20.00	  0.000	   0.00	   0.00	  40.00	   0.0	  20.90	 24.550	  35.56	  0.000	  19.90	  10.60	  0.393	 0.00000001	  0.962	 0.00000310	  0.452	 0.00000000	 0.5312	  0.590	  15.26	  20.30	  0.0194938	 -0.4524885	  0.4872345	  0.26480	 0.99197196	     90	      5	 29.1451	
m60901c1r8.htb	  180.0	  20.00	  0.000	 -10.00	   0.00	  40.00	   0.0	   0.60	 38.700	   0.81	  2.000	   0.15	   0.02	  0.822	 0.00097067	  0.800	 0.00114210	  0.112	 0.00000449	 0.3519	  0.558	   0.15	   0.66	  0.0465438	  2.0001507	  1.7080870	  0.23730	 0.99353169	    180	      5	 54.3996	
m60901c2r8.htb	  180.0	  20.00	  0.000	   5.00	   0.00	  40.00	   0.0	   3.13	 38.500	   6.12	  1.250	   3.22	   1.09	  0.532	 0.00005096	  0.917	 0.00004869	  0.302	 0.00000002	 0.4420	  0.458	   3.22	   2.90	  0.0524522	  1.2433759	  1.9540350	  0.63241	 0.95939487	     90	      5	 17.8094	
m60901c3r8.htb	  180.0	  20.00	  0.000	 -10.00	 -10.00	  40.00	   0.0	   4.98	 12.150	   7.96	  0.000	   4.80	   1.34	  0.385	 0.11334640	  0.528	 0.02651772	  0.076	 0.00873335	 0.3561	  0.527	   5.75	   2.21	  0.5130118	  2.3731590	  5.0052989	  0.83275	 0.93400489	     90	      5	 24.3477	
m61025c1r8.htb	    0.0	  20.00	  0.000	   0.00	 -10.00	  40.00	   0.0	   4.73	 16.250	   8.15	  0.000	   4.30	   3.58	  0.444	 0.00000659	  0.924	 0.00003610	  0.339	 0.00000000	 0.4823	  0.389	   2.77	   5.37	  0.0377557	 -0.9670463	  0.6507629	  0.31305	 0.98895623	     90	      5	 12.6887	
m61025c1r8.htb	    0.0	  20.00	  0.000	   0.00	 -10.00	  40.00	   0.0	   4.73	 16.250	   8.15	  0.000	   4.30	   3.58	  0.444	 0.00000659	  0.924	 0.00003610	  0.339	 0.00000000	 0.4823	  0.389	   2.77	   5.37	  0.0377545	 -0.9669281	  0.6507348	  0.31305	 0.98895656	     90	      5	 12.6887	
m61025c2r8.htb	    0.0	  20.00	  0.000	   0.00	 -10.00	  40.00	   0.0	   4.58	 19.500	   9.90	  0.000	   4.17	   4.68	  0.612	 0.00000025	  0.902	 0.00008952	  0.380	 0.00000000	 0.5477	  0.490	   4.19	   5.72	  0.0579886	  0.0474626	  1.1271226	  0.97458	 0.91362535	     90	      5	 21.1286	
m61025c3r8.htb	    0.0	  20.00	  0.000	   0.00	 -10.00	  40.00	   0.0	   5.87	 12.400	   6.45	  0.950	   5.78	   4.03	  0.149	 0.99282902	  0.745	 0.00273143	  0.013	 0.28230454	 0.1903	  0.424	   5.78	   0.67	  0.2174910	  0.9798888	  2.4891890	  0.04910	 0.99970353	     90	      5	 14.6493	
m61026c1r8.htb	  220.0	  20.00	  0.000	  -5.00	   0.00	  40.00	   0.0	   3.53	 46.400	   5.65	  0.000	   3.03	   1.84	  0.402	 0.65157773	  0.557	 0.02089742	  0.038	 0.06493921	 0.2620	  0.550	   3.03	   2.61	  0.4830396	 -0.9165957	 22.8564750	  0.36345	 0.98535813	     90	      5	 25.2201	
m61026c2r8.htb	    0.0	  20.00	  0.000	   0.00	  -5.00	  40.00	   0.0	   1.36	 28.200	   3.14	  0.000	   1.00	   0.96	  0.600	 0.00006778	  0.962	 0.00000322	  0.216	 0.00000001	 0.3967	  0.582	   1.20	   1.95	  0.0402574	  1.1926961	  1.0878838	  0.10121	 0.99876193	    135	      5	 43.0997	
m61026c3r8.htb	    0.0	  20.00	  0.000	   0.00	 -10.00	  40.00	   0.0	   3.75	 19.550	   4.81	  3.500	   3.44	   1.86	  0.294	 0.19959867	  0.841	 0.00049500	  0.069	 0.00208299	 0.3261	  0.349	   3.44	   1.37	  0.3740169	  3.5016079	  6.0091103	  0.11616	 0.99837738	    135	      5	 15.5091	
m61026c4r8.htb	  180.0	  20.00	  0.000	   0.00	 -10.00	  40.00	   0.0	   2.57	 34.900	   9.09	  0.000	   1.87	   1.35	  0.789	 0.00000009	  0.980	 0.00000033	  0.615	 0.00000000	 0.6383	  0.471	   0.00	   9.09	  0.0221362	 -2.0875155	  0.8188692	  0.68186	 0.95354730	     55	      5	 10.9098	
m61031c1r8.htb	  150.0	  20.00	  0.000	   0.00	 -10.00	  40.00	   0.0	   3.91	 64.000	   4.98	  0.000	   4.14	   2.89	  0.234	 0.76230651	  0.505	 0.03183483	  0.019	 0.11044653	 0.2727	  0.429	   4.14	   0.85	  0.0648468	 -3.2409461	  4.3993486	  0.16438	 0.99680194	    135	      5	 23.7227	
m61031c2r8.htb	  120.0	  20.00	  0.000	  10.00	 -10.00	  40.00	   0.0	   2.64	  1.200	   2.63	 14.300	   2.04	   0.95	  0.397	 0.34705627	  0.268	 0.15369528	  0.027	 0.12132432	 0.3580	  0.432	   2.04	   0.58	  8.3453840	 -10.8056308	 100.0000000	  1.03687	 0.90415446	     90	      5	 16.7290	
m61106c1r8.htb	  180.0	  10.00	  0.000	  -5.00	  10.00	  40.00	   0.0	   0.68	  0.000	   0.26	  0.000	   0.26	   0.22	  0.747	 0.02141466	  0.000	        NaN	  0.000	        NaN	 0.3125	  0.649	   0.26	   0.92	  0.0000000	 -4.0759974	  0.1797664	  0.66880	 0.95511988	    270	      5	 117.9386	
m61106c2r8.htb	    0.0	  10.00	  0.000	   0.00	 -10.00	  40.00	   0.0	   4.28	 17.750	   7.99	  0.000	   3.58	   1.29	  0.535	 0.00020565	  0.877	 0.00020051	  0.264	 0.00000022	 0.4628	  0.575	   3.82	   4.17	  0.0611647	  0.4278293	  1.0583746	  0.63746	 0.95881645	     90	      5	 28.1623	
m61106c3r8.htb	  120.0	  10.00	  0.000	   0.00	 -10.00	  40.00	   0.0	  20.40	  8.100	  28.47	  0.000	  20.04	  10.65	  0.289	 0.00512184	  0.898	 0.00010242	  0.206	 0.00000693	 0.4272	  0.591	  20.04	   8.43	  0.0377232	 -0.0000000	  0.3047957	  0.43647	 0.97938393	     90	      5	 29.2819	
m61108c1r8.htb	  180.0	  20.00	  0.000	   8.00	 -10.00	  40.00	   0.0	   2.19	 21.350	   8.48	  0.000	   1.71	   1.00	  0.811	 0.00000000	  0.982	 0.00000025	  0.635	 0.00000000	 0.6534	  0.448	   1.75	   6.73	  0.0594059	  0.1797870	  1.2589236	  0.40681	 0.98195013	     90	      5	 17.0469	
m61108c4r8.htb	  180.0	  20.00	  0.000	   5.00	 -10.00	  40.00	   0.0	   9.50	 29.000	  37.66	  0.000	   8.44	   4.03	  0.739	 0.00000000	  0.972	 0.00000114	  0.802	 0.00000000	 0.7130	  0.602	   9.11	  28.55	  0.0394376	  0.4025704	  1.1285204	  1.29717	 0.86186489	     90	      5	 32.4017	
m61109c1r8.htb	  180.0	  20.00	  0.000	   0.00	 -10.00	  40.00	   0.0	   4.48	 27.450	   6.86	  0.900	   4.27	   4.63	  0.437	 0.01522147	  0.806	 0.00101131	  0.163	 0.00008014	 0.3969	  0.495	   4.27	   2.59	  0.0657593	  0.9189731	  1.7441786	  0.61671	 0.96118850	     90	      5	 21.0448	
m61109c2r8.htb	    0.0	  20.00	  0.000	   0.00	   5.00	  40.00	   0.0	  10.15	 20.600	  16.19	  0.700	   9.82	   6.77	  0.382	 0.00048356	  0.856	 0.00035093	  0.243	 0.00000082	 0.4289	  0.558	   9.82	   6.37	  0.0772517	  0.7006884	  1.5371517	  0.55505	 0.96793379	     90	      5	 26.8181	
m61109c3r8.htb	    0.0	  20.00	  0.000	   0.00	   0.00	  40.00	   0.0	   9.35	 32.050	  20.84	  0.000	   9.26	   7.81	  0.569	 0.00000002	  0.971	 0.00000123	  0.446	 0.00000000	 0.5767	  0.579	   2.51	  18.33	  0.0563942	 -20.0000000	  2.9341164	  0.21845	 0.99445224	     90	      5	 27.9075	
m61109c4r8.htb	  180.0	  20.00	  0.000	   0.00	  -5.00	  40.00	   0.0	   4.18	 25.900	  21.78	  0.000	   4.09	   1.69	  0.805	 0.00000000	  0.974	 0.00000079	  0.740	 0.00000000	 0.7069	  0.536	   4.46	  17.31	  0.0490981	  0.5501509	  1.2451820	  0.61827	 0.96101318	     90	      5	 24.8864	
m61109c5r8.htb	  180.0	  20.00	  0.000	   0.00	   0.00	  40.00	   0.0	   6.07	 21.550	  17.86	  0.000	   5.32	   5.92	  0.659	 0.00000000	  0.982	 0.00000023	  0.630	 0.00000000	 0.6302	  0.501	   8.73	   9.13	  0.0512299	  2.3104681	  0.9845658	  0.35215	 0.98623250	     90	      5	 21.1975	
m61110c1r8.htb	  180.0	  20.00	  0.000	   8.00	 -10.00	  40.00	   0.0	  18.61	 11.550	  28.03	  0.000	  16.36	  14.63	  0.444	 0.00000001	  0.906	 0.00007770	  0.428	 0.00000000	 0.5911	  0.478	  21.99	   6.04	  0.1084182	  2.4011789	  0.9892157	  1.36198	 0.85093064	     90	      5	 20.4027	
m61110c2r8.htb	  180.0	  20.00	  0.000	   5.00	 -15.00	  40.00	   0.0	  13.48	 12.400	  27.88	  0.000	  11.36	   9.45	  0.582	 0.00000000	  0.932	 0.00002417	  0.505	 0.00000000	 0.5978	  0.638	  17.39	  10.49	  0.0931330	  1.8486496	  0.9807000	  0.73921	 0.94640679	     90	      5	 35.9754	
m61110c3r8.htb	  180.0	  20.00	  0.000	   0.00	 -30.00	  40.00	   0.0	  10.30	 23.400	  16.82	  0.000	   9.89	   6.72	  0.424	 0.00000911	  0.940	 0.00001607	  0.339	 0.00000000	 0.5208	  0.487	   9.37	   7.45	  0.0518900	 -1.1741575	  1.2758831	  0.22770	 0.99399073	     90	      5	 20.1026	
m61113c1r8.htb	  120.0	  20.00	  0.000	   8.00	 -10.00	  40.00	   0.0	   6.82	 40.500	   7.36	  6.450	   5.82	   6.77	  0.247	 0.88637928	  0.475	 0.04014032	  0.020	 0.18096216	 0.2535	  0.570	   5.82	   1.54	  0.0580672	  6.4334937	  1.9790482	  0.17340	 0.99645247	     90	      5	 26.9303	
m61113c2r8.htb	  180.0	  20.00	  0.000	 -10.00	 -10.00	  40.00	   0.0	   2.84	 39.150	   4.62	  3.600	   2.76	   2.39	  0.374	 0.59241031	  0.799	 0.00115658	  0.059	 0.02057595	 0.2758	  0.589	   2.76	   1.86	  0.0534041	  3.5947482	  1.8976845	  0.19263	 0.99565096	     90	      5	 28.6561	
m61113c3r8.htb	  180.0	  20.00	  0.000	  -5.00	 -15.00	  40.00	   0.0	  13.53	 32.100	  17.70	  0.000	  12.92	  13.73	  0.277	 0.07471311	  0.952	 0.00000721	  0.149	 0.00017202	 0.3520	  0.549	  11.22	   6.47	  0.0214293	 -2.1683347	  0.7343739	  0.09838	 0.99882922	     90	      5	 24.6224	
m61115c1r8.htb	    0.0	  20.00	  0.000	   0.00	  -5.00	  40.00	   0.0	   0.90	 25.700	   1.91	  0.000	   0.58	   0.50	  0.769	 0.01349547	  0.738	 0.00300458	  0.151	 0.00015041	 0.4515	  0.513	   0.58	   1.33	  0.0573617	  0.1497998	  1.4650948	  0.58666	 0.96453476	     90	      5	 22.9634	
m61115c2r8.htb	    0.0	  20.00	  0.000	  10.00	  -5.00	  40.00	   0.0	   1.44	 47.950	   2.03	  5.150	   1.04	   1.09	  0.442	 0.17757170	  0.896	 0.00010967	  0.114	 0.00112060	 0.3402	  0.417	   1.04	   0.99	  0.0455180	  5.1270788	  1.9499025	  0.09972	 0.99879754	     90	      5	 14.2280	
m61115c3r8.htb	    0.0	  20.00	  0.000	 -10.00	 -15.00	  40.00	   0.0	   8.81	 10.500	  16.31	  0.000	   8.45	   7.31	  0.449	 0.00000010	  0.961	 0.00000354	  0.419	 0.00000000	 0.5533	  0.424	  12.10	   4.21	  0.1182002	  2.0896385	  0.9936714	  0.29835	 0.98992135	     90	      5	 14.9999	
m61115c4r8.htb	    0.0	  20.00	  0.000	   5.00	  -5.00	  40.00	   0.0	   9.45	 29.750	  17.54	  0.000	   9.32	   7.76	  0.471	 0.00028375	  0.909	 0.00006810	  0.268	 0.00000018	 0.5024	  0.561	   9.32	   8.22	  0.0112424	  0.0000000	  0.3343127	  0.26629	 0.99188509	     90	      5	 26.4170	
m61116c1r8.htb	    0.0	  20.00	  0.000	   0.00	   0.00	  40.00	   0.0	   2.44	  0.000	   2.09	 53.050	   2.06	   0.30	  0.184	 0.92983887	  0.155	 0.29393747	  0.006	 0.48418460	 0.2125	  0.365	   2.06	   0.08	  0.6535760	 -4.0947162	  0.7871336	  0.32044	 0.98845670	     90	      5	 11.1345	
m61122c1r8.htb	  180.0	  20.00	  0.000	   0.00	 -10.00	  40.00	   0.0	   2.89	 39.150	   5.72	  5.000	   2.45	   2.09	  0.694	 0.00002199	  0.742	 0.00283831	  0.256	 0.00000037	 0.5447	  0.508	   2.45	   3.27	  0.1131333	  4.9863112	  3.8676594	  0.99110	 0.91120423	     90	      5	 24.4692	
m61122c2r8.htb	   60.0	  20.00	  0.000	   0.00	 -15.00	  40.00	   0.0	   3.18	  7.600	   4.97	 64.000	   2.68	   2.69	  0.414	 0.05836493	  0.884	 0.00016343	  0.145	 0.00021350	 0.3276	  0.531	   2.67	   2.30	  0.1414212	 -0.4289536	  1.1374384	  0.08619	 0.99909770	     90	      5	 23.0540	
m61122c3r8.htb	   60.0	  20.00	  0.000	  -5.00	   0.00	  40.00	   0.0	   2.24	 45.400	   7.35	  0.000	   2.17	   3.26	  0.714	 0.00000000	  0.903	 0.00008535	  0.279	 0.00000000	 0.4807	  0.734	   2.15	   5.19	  0.0324422	 -0.3546063	  1.4836900	  0.47570	 0.97582278	    180	      5	 96.9100	
m61122c4r8.htb	    0.0	  20.00	  0.000	  -5.00	  -5.00	  40.00	   0.0	  12.69	 25.750	  19.94	  0.000	  11.63	   8.86	  0.396	 0.00727235	  0.897	 0.00010527	  0.198	 0.00001094	 0.4226	  0.707	   7.85	  12.09	  0.0209690	 -1.3515220	  0.5680968	  0.39044	 0.98325222	     90	      5	 41.6216	
m61127c1r8.htb	    0.0	  10.00	  0.000	  10.00	 -10.00	  40.00	   0.0	   1.84	 26.050	   7.45	  0.000	   0.86	   0.30	  0.849	 0.00000000	  0.977	 0.00000052	  0.612	 0.00000000	 0.6161	  0.550	   0.92	   6.53	  0.0513317	  0.4182791	  1.3148550	  0.38051	 0.98413008	     90	      5	 25.7985	
m61127c2r8.htb	  220.0	  10.00	  0.000	   5.00	  -5.00	  40.00	   0.0	  12.49	  7.550	  15.64	 64.000	  11.64	   8.26	  0.291	 0.05698395	  0.661	 0.00769529	  0.109	 0.00148648	 0.3800	  0.511	   9.42	   6.22	  0.0255420	 -0.0429377	  0.1936035	  0.68478	 0.95319253	     90	      5	 22.5408	
m61127c3r8.htb	   30.0	  10.00	  0.000	  10.00	  -5.00	  40.00	   0.0	   1.24	 64.000	   1.76	  0.000	   0.71	   0.50	  0.614	 0.59396727	  0.629	 0.01080085	  0.047	 0.04083361	 0.3148	  0.705	   0.71	   2.01	  0.0438329	  1.5142809	  4.8294579	  0.30029	 0.98979543	     90	      5	 41.7360	
m61127c4r8.htb	   30.0	  10.00	  0.000	   5.00	 -10.00	  40.00	   0.0	   6.47	 30.400	  11.30	  0.000	   8.02	   2.59	  0.442	 0.00401283	  0.614	 0.01251386	  0.145	 0.00021879	 0.5085	  0.425	   6.67	   4.63	  0.0761949	 -20.0000000	  3.8414593	  1.05593	 0.90120010	     90	      5	 16.5203	
m61128c1r8.htb	  180.0	  10.00	  0.000	  10.00	 -10.00	  40.00	   0.0	   3.11	 14.850	   5.02	  0.000	   2.40	   0.50	  0.508	 0.30747720	  0.930	 0.00002763	  0.049	 0.00281218	 0.2706	  1.017	   2.40	   2.62	  0.0291190	  0.0000000	  0.4327212	  0.07017	 0.99939865	    180	      5	 178.2987	
m61128c2r8.htb	  180.0	  10.00	  0.000	   5.00	   0.00	  40.00	   0.0	  14.63	 23.750	  25.51	  0.000	  13.05	   3.23	  0.438	 0.00000001	  0.981	 0.00000029	  0.461	 0.00000000	 0.5157	  0.617	  20.85	   4.66	  0.0592840	  6.8941801	  0.9978976	  0.13762	 0.99773848	     90	      5	 31.3246	
m61128c3r8.htb	  180.0	  10.00	  0.000	   5.00	 -10.00	  40.00	   0.0	  17.91	 61.400	  20.30	  4.500	  16.02	   3.43	  0.340	 0.49385081	  0.589	 0.01577403	  0.050	 0.03465979	 0.3432	  0.811	  16.02	   4.28	  0.0338112	  4.5032718	  1.9234784	  0.34410	 0.98679287	     90	      5	 55.1386	
m61128c4r8.htb	  180.0	  10.00	  0.000	   0.00	 -10.00	  40.00	   0.0	   6.07	  1.000	   7.44	 19.000	   5.11	   2.74	  0.313	 0.15398719	  0.976	 0.00000063	  0.129	 0.00049744	 0.3500	  0.458	   5.11	   2.34	  2.6516425	 -0.8158563	  4.7778917	  0.03685	 0.99983236	     90	      5	 17.0750	
m61129c1r8.htb	  180.0	  10.00	  0.000	  10.00	 -10.00	  40.00	   0.0	   2.26	 50.450	   4.51	  0.000	   2.11	   2.21	  0.507	 0.07758399	  0.464	 0.04321418	  0.036	 0.01039139	 0.3431	  0.557	   2.11	   2.40	  0.4558903	  1.8105113	 22.1831651	  0.47248	 0.97612375	    180	      5	 55.6473	
m61129c2r8.htb	  180.0	  10.00	  0.000	   5.00	  -5.00	  40.00	   0.0	   8.56	 20.850	  17.60	  0.000	   8.12	   9.35	  0.530	 0.00000000	  0.908	 0.00007006	  0.442	 0.00000000	 0.5833	  0.491	   4.51	  13.09	  0.0189017	 -0.3158914	  0.4001430	  1.27963	 0.86482159	     90	      5	 20.8621	
m61129c3r8.htb	  180.0	  10.00	  0.000	   0.00	   0.00	  40.00	   0.0	   1.94	 64.000	   3.81	  0.000	   1.81	   1.49	  0.557	 0.04588571	  0.728	 0.00345414	  0.125	 0.00064257	 0.3992	  0.478	   1.80	   3.50	  0.0000713	  0.0000000	  0.1985995	  0.59734	 0.96335869	     90	      5	 19.7052	
m61130c1r8.htb	  180.0	  10.00	  0.000	   0.00	   0.00	  40.00	   0.0	  27.11	 14.750	  29.81	  0.000	  26.49	  14.53	  0.120	 0.13672195	  0.782	 0.00153726	  0.107	 0.00165414	 0.3522	  0.313	  24.43	   5.37	  0.0257546	 -0.5068386	  0.3933610	  0.34520	 0.98671280	     90	      5	 8.1985	
m61130c2r8.htb	  180.0	  10.00	  0.000	  10.00	   5.00	  40.00	   0.0	   7.41	 64.000	   8.88	  0.000	   7.34	   3.88	  0.271	 0.10672948	  0.566	 0.01942584	  0.082	 0.00620761	 0.4445	  0.309	   7.26	   3.66	  0.0042813	 -4.6424419	  1.2223830	  0.65285	 0.95701400	     90	      5	 8.4925	
m61130c3r8.htb	  180.0	  10.00	  0.000	   5.00	   5.00	  40.00	   0.0	   7.16	 15.400	   7.15	  2.950	   6.75	   5.17	  0.076	 0.96697011	  0.413	 0.06178066	  0.012	 0.31298251	 0.1831	  0.231	   6.75	   0.40	  0.1619250	  2.9615067	  2.0153065	  0.11839	 0.99831555	     90	      5	 4.3852	
m61130c4r8.htb	  180.0	  10.00	  0.000	   5.00	  -5.00	  40.00	   0.0	  10.00	 20.500	  16.41	  0.000	   8.98	   4.73	  0.485	 0.00000864	  0.909	 0.00006856	  0.329	 0.00000000	 0.5217	  0.540	   4.32	  12.09	  0.0360268	 -3.3180622	  0.8587664	  0.45298	 0.97791414	     90	      5	 24.6300	
m61201c1r8.htb	  180.0	  10.00	  0.000	   5.00	 -10.00	  40.00	   0.0	   5.87	 36.950	  19.93	  1.900	   4.04	   2.04	  0.785	 0.00000000	  0.984	 0.00000014	  0.743	 0.00000000	 0.6752	  0.565	   4.04	  15.89	  0.0517988	  1.8904340	  1.8152727	  0.23978	 0.99337801	     90	      5	 26.9085	
m61201c2r8.htb	    0.0	  10.00	  0.000	   0.00	 -10.00	  40.00	   0.0	   7.86	 37.300	  26.68	  0.000	   7.82	   7.11	  0.712	 0.00000000	  0.994	 0.00000001	  0.574	 0.00000000	 0.6248	  0.738	   5.11	  21.56	  0.0901474	 -20.0000000	  5.1648923	  0.10826	 0.99858680	     90	      5	 44.6612	
m61204c1r8.htb	  180.0	  10.00	  0.000	   0.00	 -10.00	  40.00	   0.0	   6.37	 26.300	  19.82	  0.000	   5.62	   4.03	  0.680	 0.00000000	  0.987	 0.00000008	  0.506	 0.00000000	 0.5724	  0.734	   0.00	  19.82	  0.0186282	 -0.8514253	  0.5054130	  0.49289	 0.97418963	     90	      5	 44.7705	
m61204c2r8.htb	  220.0	  10.00	  0.000	   0.00	 -10.00	  40.00	   0.0	   6.22	 39.300	  24.78	  0.000	   6.79	   5.02	  0.748	 0.00000000	  0.980	 0.00000031	  0.629	 0.00000000	 0.6503	  0.664	   1.72	  23.06	  0.0602325	 -20.0000000	  3.5708042	  0.46854	 0.97649068	     90	      5	 37.7391	
m61204c3r8.htb	  220.0	  10.00	  0.000	  -5.00	 -10.00	  40.00	   0.0	   9.25	 18.500	  16.06	  0.000	   9.05	   4.03	  0.451	 0.00028125	  0.841	 0.00049369	  0.248	 0.00000059	 0.5039	  0.527	   4.64	  11.42	  0.0114113	 -0.0771861	  0.2121511	  0.62498	 0.96024766	     90	      5	 23.9006	
m61206c1r8.htb	  180.0	  10.00	  0.000	   5.00	 -10.00	  40.00	   0.0	   9.05	 32.250	  32.86	  0.000	   8.80	   4.93	  0.745	 0.00000000	  0.983	 0.00000020	  0.769	 0.00000000	 0.7145	  0.558	   8.98	  23.88	  0.0427723	  0.5629348	  1.3546081	  0.85359	 0.93112261	     90	      5	 26.8946	
m61206c2r8.htb	  240.0	  10.00	  0.000	  -5.00	   0.00	  40.00	   0.0	   0.90	 38.600	  12.82	  0.000	   0.95	   0.50	  0.927	 0.00000000	  0.996	 0.00000000	  0.903	 0.00000000	 0.7767	  0.380	   0.68	  12.14	  0.0401635	 -1.4288153	  1.6079915	  0.62668	 0.96005321	     90	      5	 12.3755	
m61206c3r8.htb	  220.0	  10.00	  0.000	   5.00	  -5.00	  40.00	   0.0	  18.26	 28.500	  28.38	  0.000	  18.04	  10.70	  0.386	 0.00515228	  0.965	 0.00000249	  0.221	 0.00000288	 0.4924	  0.601	  17.94	  10.45	  0.0072557	 -0.0000000	  0.2066565	  0.07036	 0.99939555	     90	      5	 29.5577	
m61206c4r8.htb	  220.0	  10.00	  0.000	   0.00	 -10.00	  40.00	   0.0	   6.42	 40.500	  35.61	  0.000	   5.14	   4.13	  0.831	 0.00000000	  0.992	 0.00000001	  0.884	 0.00000000	 0.7489	  0.578	   5.30	  30.30	  0.0337936	  0.5515476	  1.3508310	  0.63527	 0.95909006	     90	      5	 28.5245	
