FILE			 PrfOR	 PrfSF	 PrfTF	 RFXctr	 RFYctr	 RFDiam	 GrType	 MaxLoc	 MaxRsp	 MinLoc	 MinRsp	 Spont	 CMI		 AnovaP	 SFDI  	 VarTerm	 MaxX 	 MinX 	 RsqMn	 PMean	 RsqRaw	 Praw		 Chi2		 ChiP		 Rmax			 C50		 n		 Offset	 Halfmax_slope	
m60201c1r5.htb	  60.0	  0.03	 2.000	  0.00	 -5.00	 50.00	   0.0	 0.9550	  0.26	 0.0150	  0.02	  0.25	 20.606	 0.27197718	 0.350	  0.446	  0.96	  0.01	  0.7043	 0.0182	 0.07739431	 0.0197	 0.13626846	 0.9872	 0.36876037	 36.84	  0.93	 0.0000	 0.5682	 
m60201c1r5.htb	  60.0	  0.03	 2.000	  0.00	 -5.00	 50.00	   1.0	 0.9550	  0.16	 0.0150	  0.09	  0.25	 -1.342	 0.73044864	 0.294	  0.424	  0.96	  0.01	  0.1302	 0.4266	 0.00701855	 0.4905	 0.65720990	 0.8832	 0.28614601	 36.01	  0.24	 0.0000	 0.2667	 
m60208c1r5.htb	  30.0	  0.05	 2.000	  0.00	  0.00	 45.00	   0.0	 0.9550	 11.20	 0.0150	  4.37	  3.83	 0.927	 0.00064874	 0.444	  0.880	  0.96	  0.01	  0.9447	 0.0002	 0.28678506	 0.0000	 0.13625262	 0.9872	 7.02740919	 38.67	  3.95	 4.3679	 9.1682	 
m60208c1r5.htb	  30.0	  0.05	 2.000	  0.00	  0.00	 45.00	   1.0	 0.9550	 13.75	 0.0150	  4.29	  3.83	 0.944	 0.00000036	 0.560	  0.781	  0.96	  0.01	  0.9756	 0.0000	 0.45294166	 0.0000	 0.43092560	 0.9338	 9.56569455	 39.87	  5.17	 4.2886	 12.4422	 
m60213c1r5.htb	  30.0	  0.03	 2.000	 -5.00	 10.00	 40.00	   0.0	 0.9550	  9.72	 0.0150	  4.09	  4.88	 1.162	 0.00000000	 0.567	  0.484	  0.96	  0.01	  0.9876	 0.0000	 0.57165734	 0.0000	 0.11634504	 0.9898	 5.63130540	 15.63	  5.17	 4.0921	 20.0485	 
m60213c1r5.htb	  30.0	  0.03	 2.000	 -5.00	 10.00	 40.00	   1.0	 0.9550	 12.72	 0.0150	  4.67	  4.88	 1.068	 0.00000001	 0.580	  0.597	  0.96	  0.01	  0.9668	 0.0001	 0.50492878	 0.0000	 0.54134944	 0.9097	 9.60240222	 35.20	  1.68	 4.6276	 13.9480	 
m60217c1r5.htb	   0.0	  0.05	 2.000	 10.00	 15.00	 50.00	   0.0	 0.9550	 11.87	 0.0150	  9.19	  9.10	 0.970	 0.05931708	 0.398	  0.499	  0.96	  0.01	  0.7400	 0.0130	 0.12598375	 0.0026	 0.41864020	 0.9364	 2.68286044	 34.49	 10.00	 9.1861	 3.9539	 
m60217c1r5.htb	   0.0	  0.05	 2.000	 10.00	 15.00	 50.00	   1.0	 0.9550	 14.26	 0.0150	  9.08	  9.10	 0.997	 0.00006873	 0.476	  0.512	  0.96	  0.01	  0.9334	 0.0004	 0.33373910	 0.0000	 0.30798316	 0.9585	 5.17893135	 35.96	 10.00	 9.0818	 7.7306	 
m60220c2r5.htb	 230.0	  0.03	 2.000	  0.00	 15.00	 60.00	   0.0	 0.9550	  8.84	 0.0150	  5.38	  6.57	 1.522	 0.02249025	 0.392	  0.662	  0.96	  0.01	  0.8934	 0.0013	 0.18127518	 0.0002	 0.24406457	 0.9702	 3.45916601	 25.51	 10.00	 5.3813	 7.9004	 
m60220c2r5.htb	 230.0	  0.03	 2.000	  0.00	 15.00	 60.00	   1.0	 0.9550	  8.96	 0.0150	  5.63	  6.57	 1.454	 0.00803699	 0.421	  0.583	  0.96	  0.01	  0.8015	 0.0064	 0.18805788	 0.0002	 0.67853104	 0.8782	 3.33472123	 31.63	  9.64	 5.6271	 5.8920	 
m60220c3r5.htb	  30.0	  0.03	 4.000	 10.00	 10.00	 50.00	   0.0	 0.9550	 12.22	 0.0150	  4.80	  5.92	 1.179	 0.00000006	 0.567	  0.563	  0.96	  0.01	  0.9564	 0.0001	 0.47464439	 0.0000	 0.31641414	 0.9569	 11.35559404	 72.47	  2.31	 4.7937	 7.1041	 
m60220c3r5.htb	  30.0	  0.03	 4.000	 10.00	 10.00	 50.00	   1.0	 0.9550	 13.13	 0.0150	  4.83	  5.92	 1.163	 0.00000000	 0.577	  0.569	  0.96	  0.01	  0.9539	 0.0002	 0.57471001	 0.0000	 0.98594103	 0.8047	 8.89024799	 47.29	  3.75	 4.8317	 9.3599	 
m60220c6r6.htb	  30.0	  0.03	 2.000	  0.00	 10.00	 40.00	   0.0	 0.9550	 18.79	 0.0150	  1.52	  2.19	 1.044	 0.00000000	 0.744	  0.567	  0.96	  0.01	  0.9890	 0.0000	 0.86230948	 0.0000	 0.52191768	 0.9141	 19.35323383	 31.31	  1.92	 1.4610	 31.2485	 
m60220c6r6.htb	  30.0	  0.03	 2.000	  0.00	 10.00	 40.00	   1.0	 0.9550	 23.51	 0.0150	  1.19	  2.19	 1.047	 0.00000000	 0.783	  0.528	  0.96	  0.01	  0.9987	 0.0000	 0.88875323	 0.0000	 0.10701629	 0.9910	 23.07836837	 21.98	  2.34	 1.1461	 53.3197	 
m60221c1r5.htb	   0.0	  0.03	 4.000	 -10.00	 10.00	 50.00	   0.0	 0.9550	 10.83	 0.0150	  1.35	  0.65	 0.932	 0.00000000	 0.630	  0.692	  0.96	  0.01	  0.9662	 0.0001	 0.72820641	 0.0000	 0.61277246	 0.8935	 11.14427861	 40.79	  2.05	 1.3415	 13.6288	 
m60221c1r5.htb	   0.0	  0.03	 4.000	 -10.00	 10.00	 50.00	   1.0	 0.9550	 10.33	 0.0150	  0.90	  0.65	 0.960	 0.00000000	 0.664	  0.631	  0.96	  0.01	  0.9867	 0.0000	 0.71418835	 0.0000	 0.43333286	 0.9333	 11.44278607	 29.15	  1.40	 0.7243	 20.2148	 
m60221c2r6.htb	   0.0	  0.03	 4.000	  0.00	 20.00	 60.00	   0.0	 0.9550	 12.67	 0.0150	  4.08	  3.88	 0.986	 0.00000000	 0.631	  0.477	  0.96	  0.01	  0.9632	 0.0001	 0.65214090	 0.0000	 0.60031362	 0.8964	 12.58706468	 55.10	  1.44	 4.0063	 12.2772	 
m60221c2r6.htb	   0.0	  0.03	 4.000	  0.00	 20.00	 60.00	   1.0	 0.9550	 12.53	 0.0150	  3.94	  3.88	 0.991	 0.00000000	 0.644	  0.505	  0.96	  0.01	  0.9367	 0.0004	 0.59608035	 0.0000	 2.04578462	 0.5630	 13.28358209	 64.38	  1.56	 3.9064	 10.7498	 
m60221c3r5.htb	   0.0	  0.03	 2.000	  3.00	  8.00	 50.00	   0.0	 0.9550	 12.73	 0.0150	  1.23	  1.49	 1.037	 0.00000000	 0.727	  0.521	  0.96	  0.01	  0.9738	 0.0000	 0.79537830	 0.0000	 0.48457896	 0.9223	 14.57711443	 36.45	  1.43	 1.0798	 20.9548	 
m60221c3r5.htb	   0.0	  0.03	 2.000	  3.00	  8.00	 50.00	   1.0	 0.9550	 14.81	 0.0150	  1.69	  1.49	 1.012	 0.00000000	 0.740	  0.474	  0.96	  0.01	  0.9965	 0.0000	 0.84991085	 0.0000	 0.42218365	 0.9356	 14.82587065	 26.46	  1.66	 1.5624	 28.3928	 
m60221c4r6.htb	  30.0	  0.03	 2.000	  8.00	  0.00	 50.00	   0.0	 0.9550	  5.39	 0.0150	  0.22	  0.35	 1.040	 0.05164816	 0.483	  1.016	  0.96	  0.01	  0.9300	 0.0005	 0.16285817	 0.0005	 0.22359724	 0.9737	 5.80041822	 23.49	  1.60	 0.1471	 12.4991	 
m60221c4r6.htb	  30.0	  0.03	 2.000	  8.00	  0.00	 50.00	   1.0	 0.9550	  6.50	 0.0150	  0.34	  0.35	 1.038	 0.10752535	 0.433	  1.263	  0.96	  0.01	  0.9296	 0.0005	 0.13795065	 0.0015	 0.11397451	 0.9901	 7.12208100	 19.47	  1.35	 0.1258	 18.1693	 
m60221c5r6.htb	   0.0	  0.03	 2.000	  0.00	  0.00	 50.00	   0.0	 0.9550	  4.36	 0.0150	  1.33	  1.84	 1.203	 0.00261756	 0.421	  0.729	  0.96	  0.01	  0.9889	 0.0000	 0.26370321	 0.0000	 0.05197056	 0.9969	 3.08422604	 23.45	  2.87	 1.3291	 6.7198	 
m60221c5r6.htb	   0.0	  0.03	 2.000	  0.00	  0.00	 50.00	   1.0	 0.9550	  6.42	 0.0150	  0.97	  1.84	 1.204	 0.00000159	 0.530	  0.751	  0.96	  0.01	  0.9833	 0.0000	 0.42934814	 0.0000	 0.24928708	 0.9693	 7.26368159	 42.79	  1.43	 0.9084	 8.9994	 
m60227c1r5.htb	  30.0	  0.05	 2.000	  5.00	  0.00	 40.00	   0.0	 0.9550	 10.00	 0.0150	  2.80	  3.43	 1.106	 0.00000000	 0.622	  0.465	  0.96	  0.01	  0.9834	 0.0000	 0.58918906	 0.0000	 0.60527381	 0.8952	 8.37676101	 29.93	  1.62	 2.7373	 14.2753	 
m60227c1r5.htb	  30.0	  0.05	 2.000	  5.00	  0.00	 40.00	   1.0	 0.9550	  8.71	 0.0150	  3.16	  3.43	 1.085	 0.00000000	 0.610	  0.373	  0.96	  0.01	  0.9945	 0.0000	 0.63265788	 0.0000	 0.17850315	 0.9810	 5.75685004	 23.53	  2.39	 3.1524	 12.4602	 
m60404c1r5.htb	   0.0	  0.03	 2.000	  0.00	  0.00	 40.00	   0.0	 0.9550	 12.25	 0.0150	  5.69	  5.72	 1.007	 0.00000002	 0.529	  0.506	  0.96	  0.01	  0.9902	 0.0000	 0.50661705	 0.0000	 0.07675179	 0.9945	 8.35962531	 47.00	  1.83	 5.6763	 8.9497	 
m60404c1r5.htb	   0.0	  0.03	 2.000	  0.00	  0.00	 40.00	   1.0	 0.9550	 12.01	 0.0150	  4.23	  5.72	 1.118	 0.00000000	 0.586	  0.639	  0.96	  0.01	  0.9435	 0.0003	 0.57016547	 0.0000	 0.95525909	 0.8121	 7.84275041	 18.99	  3.01	 4.2299	 21.4387	 
m60411c1r5.htb	 270.0	  0.03	 2.000	 -10.00	 -5.00	 40.00	   0.0	 0.9550	  9.10	 0.0150	  0.29	  2.24	 1.285	 0.00000000	 0.644	  0.829	  0.96	  0.01	  0.9654	 0.0001	 0.61578395	 0.0000	 1.46071128	 0.6914	 9.95024876	 41.20	  2.44	 0.2860	 12.0042	 
m60411c1r5.htb	 270.0	  0.03	 2.000	 -10.00	 -5.00	 40.00	   1.0	 0.9550	  9.63	 0.0150	  0.41	  2.24	 1.265	 0.00000000	 0.613	  0.909	  0.96	  0.01	  0.9872	 0.0000	 0.62969327	 0.0000	 0.43967080	 0.9319	 10.44776119	 40.30	  2.34	 0.4069	 12.8221	 
m60413c1r5.htb	 180.0	  0.03	 2.000	 -5.00	 -25.00	 60.00	   0.0	 0.9550	 15.02	 0.0150	  6.92	  7.91	 1.139	 0.00000000	 0.589	  0.453	  0.96	  0.01	  0.9924	 0.0000	 0.61161316	 0.0000	 0.09202190	 0.9928	 8.59295534	 35.12	  2.80	 6.9226	 12.3190	 
m60413c1r5.htb	 180.0	  0.03	 2.000	 -5.00	 -25.00	 60.00	   1.0	 0.9550	 15.13	 0.0150	  6.17	  7.91	 1.203	 0.00000000	 0.693	  0.392	  0.96	  0.01	  0.9100	 0.0009	 0.65177227	 0.0000	 2.09074980	 0.5538	 10.91678338	 29.14	  1.38	 5.9907	 19.2883	 
m60413c2r5.htb	 180.0	  0.03	 2.000	 -8.00	 -5.00	 40.00	   0.0	 0.9550	  7.52	 0.0150	  2.99	  3.63	 1.174	 0.00000000	 0.642	  0.329	  0.96	  0.01	  0.9482	 0.0002	 0.59703580	 0.0000	 1.21311617	 0.7499	 7.86069652	 75.69	  1.40	 2.9561	 5.7101	 
m60413c2r5.htb	 180.0	  0.03	 2.000	 -8.00	 -5.00	 40.00	   1.0	 0.9550	  7.36	 0.0150	  3.59	  3.63	 1.096	 0.00000044	 0.522	  0.412	  0.96	  0.01	  0.9654	 0.0001	 0.44472776	 0.0000	 0.25301557	 0.9686	 3.77383108	 43.57	 10.00	 3.5871	 4.7385	 
m60417c1r5.htb	 180.0	  0.03	 2.000	  0.00	 10.00	 50.00	   0.0	 0.9550	  0.78	 0.0150	  0.44	  0.15	 0.535	 0.59199189	 0.278	  0.610	  0.96	  0.01	  0.1879	 0.3313	 0.01292638	 0.3487	 0.19333143	 0.9787	 0.33922791	 11.02	 10.00	 0.4442	 1.8687	 
m60417c1r5.htb	 180.0	  0.03	 2.000	  0.00	 10.00	 50.00	   1.0	 0.9550	  1.20	 0.0150	  0.06	  0.15	 0.980	 0.04971328	 0.476	  0.585	  0.96	  0.01	  0.6997	 0.0190	 0.12344995	 0.0029	 0.75059474	 0.8612	 1.20498669	  6.62	  1.97	 0.0000	 8.7744	 
m60418c2r5.htb	   0.0	  0.03	 2.000	 -5.00	 -15.00	 50.00	   0.0	 0.9550	 31.44	 0.0150	 10.23	 11.64	 1.078	 0.00000000	 0.676	  0.691	  0.96	  0.01	  0.9538	 0.0002	 0.74037944	 0.0000	 1.53425728	 0.6744	 24.46868162	 31.19	  1.72	 10.0984	 39.9456	 
m60418c2r5.htb	   0.0	  0.03	 2.000	 -5.00	 -15.00	 50.00	   1.0	 0.9550	 33.89	 0.0150	 12.09	 11.64	 1.057	 0.00000000	 0.739	  0.463	  0.96	  0.01	  0.9605	 0.0001	 0.79925630	 0.0000	 1.10442454	 0.7760	 27.81397331	 22.42	  1.10	 10.7509	 61.6602	 
m60418c3r5.htb	   0.0	  0.03	 2.000	  0.00	 -10.00	 50.00	   0.0	 0.9550	 26.88	 0.0150	 14.68	 16.75	 1.210	 0.00000001	 0.644	  0.431	  0.96	  0.01	  0.9717	 0.0000	 0.59919372	 0.0000	 0.31529054	 0.9571	 25.35338576	 100.00	  1.43	 14.6202	 13.6693	 
m60418c3r5.htb	   0.0	  0.03	 2.000	  0.00	 -10.00	 50.00	   1.0	 0.9550	 27.39	 0.0150	 14.97	 16.75	 1.189	 0.00000000	 0.655	  0.425	  0.96	  0.01	  0.9574	 0.0001	 0.65359475	 0.0000	 0.56410731	 0.9046	 12.96333796	 23.69	  2.28	 14.9440	 27.8129	 
m60418c4r5.htb	   0.0	  0.03	 2.000	  0.00	 -10.00	 50.00	   0.0	 0.9550	 20.34	 0.0150	  8.88	  8.51	 1.104	 0.00000000	 0.624	  0.489	  0.96	  0.01	  0.9857	 0.0000	 0.59316732	 0.0000	 0.23302650	 0.9721	 21.09452736	 48.48	  0.72	 7.2732	 28.9053	 
m60418c4r5.htb	   0.0	  0.03	 2.000	  0.00	 -10.00	 50.00	   1.0	 0.9550	 21.47	 0.0150	 10.01	  8.51	 1.013	 0.00000000	 0.660	  0.379	  0.96	  0.01	  0.9799	 0.0000	 0.69223439	 0.0000	 0.33992788	 0.9524	 17.98295470	 44.44	  0.95	 9.3318	 24.2561	 
m60420c3r5.htb	   0.0	  0.03	 2.000	 -5.00	  5.00	 40.00	   0.0	 0.9550	 22.65	 0.0150	 11.17	 11.84	 1.089	 0.00000000	 0.593	  0.540	  0.96	  0.01	  0.9629	 0.0001	 0.52904577	 0.0000	 0.34579669	 0.9512	 23.43283582	 94.70	  1.05	 10.8795	 16.7224	 
m60420c3r5.htb	   0.0	  0.03	 2.000	 -5.00	  5.00	 40.00	   1.0	 0.9550	 22.14	 0.0150	 11.17	 11.84	 1.078	 0.00000000	 0.575	  0.524	  0.96	  0.01	  0.9941	 0.0000	 0.57766969	 0.0000	 0.06512446	 0.9957	 11.44903188	 25.32	  2.37	 11.1586	 22.8584	 
m60420c4r5.htb	   0.0	  0.03	 2.000	 10.00	 -8.00	 40.00	   0.0	 0.9550	 21.65	 0.0150	  5.50	  7.86	 1.241	 0.00000777	 0.645	  0.743	  0.96	  0.01	  0.9808	 0.0000	 0.68915745	 0.0000	 0.75732395	 0.8596	 23.25870647	 34.42	  1.00	 4.5394	 37.3789	 
m60420c4r5.htb	   0.0	  0.03	 2.000	 10.00	 -8.00	 40.00	   1.0	 0.9550	 22.43	 0.0150	  7.20	  7.86	 1.138	 0.00001376	 0.580	  0.764	  0.96	  0.01	  0.9993	 0.0000	 0.70146438	 0.0000	 0.06629621	 0.9955	 15.27277428	 19.37	  3.71	 7.1993	 40.6918	 
m60420c5r5.htb	   0.0	  0.03	 2.000	  8.00	 -5.00	 40.00	   0.0	 0.9550	 27.17	 0.0150	 20.85	 20.15	 0.900	 0.31655143	 0.409	  0.652	  0.96	  0.01	  0.6940	 0.0199	 0.13963100	 0.0248	 0.59301720	 0.8980	 6.65729573	 40.42	  3.39	 20.8508	 8.2033	 
m60420c5r5.htb	   0.0	  0.03	 2.000	  8.00	 -5.00	 40.00	   1.0	 0.9550	 25.71	 0.0150	 17.79	 20.15	 1.102	 0.01555346	 0.522	  0.527	  0.96	  0.01	  0.9288	 0.0005	 0.36958871	 0.0001	 0.42091967	 0.9359	 7.92451465	 24.05	 10.00	 17.7897	 18.0323	 
m60424c6r5.htb	   0.0	  0.03	 2.000	 -5.00	 -5.00	 30.00	   0.0	 0.9550	 32.06	 0.0150	  2.71	  0.75	 0.938	 0.00000022	 0.704	  0.856	  0.96	  0.01	  0.9996	 0.0000	 0.89348573	 0.0000	 0.01077938	 0.9997	 29.66880620	 18.33	  2.80	 2.6827	 83.3453	 
m60424c6r5.htb	   0.0	  0.03	 2.000	 -5.00	 -5.00	 30.00	   1.0	 0.9550	 31.01	 0.0150	  1.60	  0.75	 0.956	 0.00000001	 0.759	  0.683	  0.96	  0.01	  0.9966	 0.0000	 0.92531409	 0.0000	 0.46401365	 0.9267	 29.78296717	 13.97	  2.48	 1.4813	 110.4138	 
m60518c3r5.htb	   0.0	  0.03	 2.000	 10.00	  5.00	 40.00	   0.0	 0.9550	 17.13	 0.0150	  5.62	  4.73	 0.928	 0.00000207	 0.588	  0.768	  0.96	  0.01	  0.9669	 0.0001	 0.66226211	 0.0000	 0.64039101	 0.8871	 11.51521998	 12.48	 10.00	 5.6160	 48.4462	 
m60518c3r5.htb	   0.0	  0.03	 2.000	 10.00	  5.00	 40.00	   1.0	 0.9550	 20.31	 0.0150	  1.51	  4.73	 1.158	 0.00000000	 0.686	  0.875	  0.96	  0.01	  0.9406	 0.0003	 0.76740083	 0.0000	 4.94877821	 0.1756	 22.98507463	 15.80	  1.13	 0.0000	 67.3426	 
m60524c6r5.htb	   0.0	  0.03	 2.000	 -12.00	 -8.00	 40.00	   0.0	 0.9550	  7.58	 0.0150	  2.99	  3.78	 1.245	 0.05816847	 0.455	  0.728	  0.96	  0.01	  0.8713	 0.0021	 0.14893773	 0.0010	 0.19254967	 0.9788	 8.10945274	 69.55	  1.05	 2.8522	 7.4781	 
m60524c6r5.htb	   0.0	  0.03	 2.000	 -12.00	 -8.00	 40.00	   1.0	 0.9550	  7.58	 0.0150	  3.03	  3.78	 1.260	 0.03136274	 0.407	  0.770	  0.96	  0.01	  0.8255	 0.0046	 0.15854442	 0.0006	 0.35203648	 0.9500	 7.71144279	 53.14	  0.90	 2.7340	 9.3084	 
m60629c1r5.htb	   0.0	  0.03	 2.000	  0.00	 -5.00	 40.00	   0.0	 0.9550	 19.33	 0.0150	  3.53	  4.13	 1.047	 0.00000000	 0.621	  0.834	  0.96	  0.01	  0.9900	 0.0000	 0.71512703	 0.0000	 0.26618717	 0.9663	 19.84521835	 39.22	  1.57	 3.4157	 26.1722	 
m60629c1r5.htb	   0.0	  0.03	 2.000	  0.00	 -5.00	 40.00	   1.0	 0.9550	 21.80	 0.0150	  1.97	  4.13	 1.105	 0.00000000	 0.739	  0.593	  0.96	  0.01	  0.9951	 0.0000	 0.88091201	 0.0000	 0.22234467	 0.9739	 22.53731343	 21.30	  1.47	 1.5127	 53.0988	 
m60629c2r5.htb	   0.0	  0.03	 2.000	  0.00	  0.00	 40.00	   0.0	 0.9550	 27.06	 0.0150	 13.65	 13.83	 1.014	 0.00000000	 0.624	  0.519	  0.96	  0.01	  0.9564	 0.0001	 0.63575572	 0.0000	 0.43677282	 0.9325	 13.61506282	 25.87	  3.20	 13.6499	 27.1798	 
m60629c2r5.htb	   0.0	  0.03	 2.000	  0.00	  0.00	 40.00	   1.0	 0.9550	 28.14	 0.0150	 13.47	 13.83	 1.022	 0.00000000	 0.616	  0.516	  0.96	  0.01	  0.9866	 0.0000	 0.65391013	 0.0000	 0.15281850	 0.9848	 15.91525454	 27.65	  2.02	 13.4264	 29.1257	 
m60630c1r5.htb	   0.0	  0.03	 2.000	  0.00	 -8.00	 60.00	   0.0	 0.9550	 17.22	 0.0150	  5.05	  4.33	 0.946	 0.00000000	 0.659	  0.561	  0.96	  0.01	  0.9846	 0.0000	 0.67773918	 0.0000	 0.28358066	 0.9631	 17.61194030	 59.24	  1.70	 5.0193	 15.0765	 
m60630c1r5.htb	   0.0	  0.03	 2.000	  0.00	 -8.00	 60.00	   1.0	 0.9550	 15.61	 0.0150	  5.22	  4.33	 0.936	 0.00000000	 0.597	  0.640	  0.96	  0.01	  0.9413	 0.0003	 0.52733523	 0.0000	 0.74396359	 0.8628	 12.12251622	 39.05	  2.01	 5.2067	 15.5661	 
m60630c2r5.htb	  20.0	  0.03	 2.000	  0.00	 10.00	 50.00	   0.0	 0.9550	 21.62	 0.0150	  8.71	  7.31	 0.913	 0.00000000	 0.674	  0.444	  0.96	  0.01	  0.9699	 0.0001	 0.68481568	 0.0000	 0.50552790	 0.9177	 22.53731343	 74.18	  1.27	 8.5592	 17.5795	 
m60630c2r5.htb	  20.0	  0.03	 2.000	  0.00	 10.00	 50.00	   1.0	 0.9550	 22.52	 0.0150	  8.54	  7.31	 0.917	 0.00000000	 0.681	  0.509	  0.96	  0.01	  0.9668	 0.0001	 0.73857934	 0.0000	 0.53778996	 0.9105	 14.72401630	 31.06	  2.63	 8.5301	 23.9380	 
m60706c1r5.htb	   0.0	  0.03	 2.000	 10.00	  0.00	 60.00	   0.0	 0.9550	 17.10	 0.0150	  8.80	  9.45	 1.085	 0.00001319	 0.511	  0.656	  0.96	  0.01	  0.9755	 0.0000	 0.38411976	 0.0000	 0.09822943	 0.9920	 17.41293532	 99.82	  2.08	 8.7993	 7.3481	 
m60706c1r5.htb	   0.0	  0.03	 2.000	 10.00	  0.00	 60.00	   1.0	 0.9550	 13.72	 0.0150	  7.24	  9.45	 1.591	 0.00010121	 0.521	  0.568	  0.96	  0.01	  0.8193	 0.0051	 0.28568113	 0.0000	 0.55884318	 0.9058	 14.90867368	  1.65	  0.60	 0.0000	 48.5383	 
m60706c2r5.htb	   0.0	  0.03	 2.000	  0.00	 -10.00	 40.00	   0.0	 0.9550	 16.60	 0.0150	  5.53	  6.17	 1.062	 0.00000000	 0.593	  0.679	  0.96	  0.01	  0.9652	 0.0001	 0.55443625	 0.0000	 0.24346297	 0.9703	 17.41293532	 70.55	  1.84	 5.5201	 12.0197	 
m60706c2r5.htb	   0.0	  0.03	 2.000	  0.00	 -10.00	 40.00	   1.0	 0.9550	 22.81	 0.0150	  5.47	  6.17	 1.048	 0.00000000	 0.730	  0.469	  0.96	  0.01	  0.9894	 0.0000	 0.83575001	 0.0000	 0.61907724	 0.8921	 20.32546189	 43.65	  2.25	 5.4584	 22.9594	 
m60706c3r5.htb	   0.0	  0.03	 2.000	 -5.00	 -10.00	 40.00	   0.0	 0.9550	 21.14	 0.0150	 13.15	 15.00	 1.300	 0.00017983	 0.549	  0.504	  0.96	  0.01	  0.9424	 0.0003	 0.42725129	 0.0000	 0.46286606	 0.9270	 8.03175369	 20.69	  3.46	 13.1529	 20.3797	 
m60706c3r5.htb	   0.0	  0.03	 2.000	 -5.00	 -10.00	 40.00	   1.0	 0.9550	 25.83	 0.0150	 14.53	 15.00	 1.105	 0.00000019	 0.627	  0.439	  0.96	  0.01	  0.9656	 0.0001	 0.59515334	 0.0000	 0.59662114	 0.8972	 11.96106684	 42.33	  3.48	 14.5342	 14.0850	 
m60706c4r5.htb	  90.0	  0.05	 2.000	 10.00	 -10.00	 40.00	   0.0	 0.9550	  5.79	 0.0150	  4.16	  4.29	 1.135	 0.12423048	 0.444	  0.374	  0.96	  0.01	  0.5969	 0.0417	 0.10910396	 0.0138	 0.59413948	 0.8978	 2.46815768	 44.05	  1.04	 4.0884	 3.2838	 
m60706c4r5.htb	  90.0	  0.05	 2.000	 10.00	 -10.00	 40.00	   1.0	 0.9550	  7.64	 0.0150	  4.97	  4.29	 0.855	 0.06822680	 0.430	  0.415	  0.96	  0.01	  0.9486	 0.0002	 0.21376275	 0.0006	 0.12291979	 0.9890	 5.95711073	 100.00	  4.46	 4.9671	 1.8231	 
m60712c2r5.htb	 300.0	  0.03	 2.000	 -5.00	  5.00	 40.00	   0.0	 0.9550	 18.56	 0.0150	  5.93	  5.77	 0.987	 0.00000000	 0.607	  0.626	  0.96	  0.01	  0.9905	 0.0000	 0.61151199	 0.0000	 0.07205831	 0.9950	 13.05458145	 37.12	  3.58	 5.9325	 17.5801	 
m60712c2r5.htb	 300.0	  0.03	 2.000	 -5.00	  5.00	 40.00	   1.0	 0.9550	 19.66	 0.0150	  5.85	  5.77	 0.991	 0.00000000	 0.682	  0.484	  0.96	  0.01	  0.9983	 0.0000	 0.76335611	 0.0000	 0.05721560	 0.9964	 14.54632127	 33.55	  2.81	 5.8484	 21.7051	 
m60713c1r5.htb	   0.0	  0.03	 2.000	  8.00	  0.00	 60.00	   0.0	 0.9550	  2.11	 0.0150	  0.12	  0.40	 1.163	 0.00064212	 0.523	  0.541	  0.96	  0.01	  0.9360	 0.0004	 0.28437194	 0.0000	 0.21005061	 0.9760	 2.03844020	 35.45	  3.86	 0.1183	 2.9202	 
m60713c1r5.htb	   0.0	  0.03	 2.000	  8.00	  0.00	 60.00	   1.0	 0.9550	  1.89	 0.0150	  0.35	  0.40	 1.107	 0.00003690	 0.456	  0.519	  0.96	  0.01	  0.9844	 0.0000	 0.36573097	 0.0000	 0.04830143	 0.9972	 1.54364275	 32.63	  5.38	 0.3481	 2.5043	 
m60713c2r5.htb	   0.0	  0.03	 2.000	 -10.00	 10.00	 40.00	   0.0	 0.9550	  2.16	 0.0150	  0.40	  0.70	 1.200	 0.00000310	 0.502	  0.489	  0.96	  0.01	  0.9659	 0.0001	 0.40903186	 0.0000	 0.21966612	 0.9744	 1.76108585	 26.19	 10.00	 0.4030	 3.5878	 
m60713c2r5.htb	   0.0	  0.03	 2.000	 -10.00	 10.00	 40.00	   1.0	 0.9550	  2.32	 0.0150	  0.24	  0.70	 1.244	 0.00000348	 0.535	  0.522	  0.96	  0.01	  0.9756	 0.0000	 0.41092041	 0.0000	 0.23948599	 0.9710	 2.10754571	 22.22	  2.97	 0.2411	 4.8754	 
m60713c3r5.htb	   0.0	  0.03	 2.000	  0.00	  0.00	 40.00	   0.0	 0.9550	  5.97	 0.0150	  1.89	  1.33	 0.884	 0.00105800	 0.517	  0.498	  0.96	  0.01	  0.9730	 0.0000	 0.50178109	 0.0000	 0.12767608	 0.9883	 4.31419206	 21.78	  1.99	 1.8669	 10.0389	 
m60713c3r5.htb	   0.0	  0.03	 2.000	  0.00	  0.00	 40.00	   1.0	 0.9550	  7.20	 0.0150	  1.32	  1.33	 0.966	 0.00040878	 0.590	  0.578	  0.96	  0.01	  0.9685	 0.0001	 0.54371025	 0.0000	 0.54360575	 0.9092	 7.66169154	 37.47	  1.35	 1.2198	 10.9010	 
m60714c1r5.htb	   0.0	  0.03	 2.000	  5.00	  3.00	 40.00	   0.0	 0.9550	  7.80	 0.0150	  1.01	  2.54	 1.311	 0.00000000	 0.614	  0.580	  0.96	  0.01	  0.9857	 0.0000	 0.62463221	 0.0000	 0.14373526	 0.9861	 8.51299060	 34.45	  1.41	 0.9113	 12.9040	 
m60714c1r5.htb	   0.0	  0.03	 2.000	  5.00	  3.00	 40.00	   1.0	 0.9550	  8.71	 0.0150	  1.73	  2.54	 1.209	 0.00000001	 0.603	  0.613	  0.96	  0.01	  0.9805	 0.0000	 0.58568933	 0.0000	 0.60455021	 0.8954	 9.01741294	 46.68	  1.74	 1.7071	 9.8223	 
m60714c2r5.htb	   0.0	  0.03	 2.000	 -5.00	 -8.00	 40.00	   0.0	 0.9550	  3.90	 0.0150	  0.68	  1.00	 1.108	 0.00000004	 0.556	  0.557	  0.96	  0.01	  0.9415	 0.0003	 0.47444770	 0.0000	 0.59010035	 0.8987	 4.47761194	 59.98	  2.01	 0.6812	 3.6214	 
m60714c2r5.htb	   0.0	  0.03	 2.000	 -5.00	 -8.00	 40.00	   1.0	 0.9550	  3.22	 0.0150	  0.58	  1.00	 1.144	 0.00001138	 0.498	  0.563	  0.96	  0.01	  0.9527	 0.0002	 0.37812364	 0.0000	 0.62486644	 0.8907	 3.53233831	 41.11	  1.35	 0.5408	 4.6098	 
m60714c3r5.htb	   0.0	  0.03	 2.000	 -8.00	  0.00	 40.00	   0.0	 0.9550	 27.77	 0.0150	 13.08	 13.74	 1.049	 0.00000015	 0.591	  0.631	  0.96	  0.01	  0.9479	 0.0002	 0.54368171	 0.0000	 0.53521127	 0.9111	 15.78141448	 28.32	  2.16	 13.0529	 28.1999	 
m60714c3r5.htb	   0.0	  0.03	 2.000	 -8.00	  0.00	 40.00	   1.0	 0.9550	 24.96	 0.0150	 13.57	 13.74	 1.036	 0.00000175	 0.571	  0.638	  0.96	  0.01	  0.9563	 0.0001	 0.49449499	 0.0000	 0.49153865	 0.9207	 11.38898587	 14.84	  5.34	 13.5712	 42.3530	 
m60714c4r5.htb	 120.0	  0.03	 2.000	 -5.00	  8.00	 40.00	   0.0	 0.9550	 11.39	 0.0150	  4.37	  3.26	 0.864	 0.00000003	 0.579	  0.520	  0.96	  0.01	  0.9536	 0.0002	 0.52217318	 0.0000	 0.50384995	 0.9180	 7.74611874	 38.54	  2.51	 4.3671	 10.0183	 
m60714c4r5.htb	 120.0	  0.03	 2.000	 -5.00	  8.00	 40.00	   1.0	 0.9550	 10.82	 0.0150	  2.97	  3.26	 0.965	 0.00000002	 0.583	  0.645	  0.96	  0.01	  0.9495	 0.0002	 0.52686519	 0.0000	 0.30026187	 0.9600	 11.66390271	 42.78	  1.06	 2.6478	 15.7857	 
m60717c1r5.htb	 170.0	  0.03	 2.000	 -8.00	 -8.00	 40.00	   0.0	 0.9550	  8.57	 0.0150	  0.68	  1.04	 1.057	 0.00000000	 0.653	  0.585	  0.96	  0.01	  0.9931	 0.0000	 0.68319682	 0.0000	 0.06972632	 0.9952	 8.95522388	 28.08	  1.69	 0.6164	 16.2019	 
m60717c1r5.htb	 170.0	  0.03	 2.000	 -8.00	 -8.00	 40.00	   1.0	 0.9550	  8.16	 0.0150	  0.71	  1.04	 1.069	 0.00000000	 0.617	  0.656	  0.96	  0.01	  0.9696	 0.0001	 0.59750283	 0.0000	 0.29018051	 0.9619	 8.90547264	 22.71	  1.29	 0.4527	 19.7816	 
m60717c2r5.htb	 150.0	  0.03	 2.000	  8.00	 -10.00	 40.00	   0.0	 0.9550	 10.09	 0.0150	  1.36	  0.65	 0.925	 0.00000000	 0.679	  0.560	  0.96	  0.01	  0.9422	 0.0003	 0.71604953	 0.0000	 0.77545580	 0.8553	 8.76053357	 18.75	  3.50	 1.3584	 24.6269	 
m60717c2r5.htb	 150.0	  0.03	 2.000	  8.00	 -10.00	 40.00	   1.0	 0.9550	 10.74	 0.0150	  0.58	  0.65	 0.977	 0.00000000	 0.698	  0.582	  0.96	  0.01	  0.9822	 0.0000	 0.71129677	 0.0000	 0.64451157	 0.8862	 10.65832325	 14.54	  1.82	 0.4158	 36.7641	 
m60719c4r5.htb	  30.0	  0.03	 2.000	 -5.00	 10.00	 40.00	   0.0	 0.9550	  8.38	 0.0150	  3.10	  4.28	 1.425	 0.00000018	 0.574	  0.452	  0.96	  0.01	  0.9385	 0.0003	 0.44727785	 0.0000	 0.48725053	 0.9217	 8.35820896	 34.85	  0.84	 2.5348	 13.5265	 
m60719c4r5.htb	  30.0	  0.03	 2.000	 -5.00	 10.00	 40.00	   1.0	 0.9550	  9.01	 0.0150	  3.77	  4.28	 1.244	 0.00000002	 0.551	  0.437	  0.96	  0.01	  0.9901	 0.0000	 0.51148182	 0.0000	 0.10628046	 0.9911	 5.31899544	 18.04	  2.56	 3.7654	 15.2015	 
m60719c4r5.htb	  30.0	  0.03	 2.000	 -5.00	 10.00	 40.00	   0.0	 0.9550	  8.38	 0.0150	  3.10	  4.28	 1.425	 0.00000018	 0.574	  0.452	  0.96	  0.01	  0.9385	 0.0003	 0.44727785	 0.0000	 0.48724966	 0.9217	 8.35820896	 34.85	  0.84	 2.5348	 13.5265	 
m60719c4r5.htb	  30.0	  0.03	 2.000	 -5.00	 10.00	 40.00	   1.0	 0.9550	  9.01	 0.0150	  3.77	  4.28	 1.244	 0.00000002	 0.551	  0.437	  0.96	  0.01	  0.9901	 0.0000	 0.51148181	 0.0000	 0.10627966	 0.9911	 5.31898519	 18.04	  2.56	 3.7654	 15.2015	 
m60721c1r5.htb	   0.0	  0.03	 2.000	  0.00	 -5.00	 40.00	   0.0	 0.9550	 23.34	 0.0150	  5.31	  5.67	 1.021	 0.00000000	 0.677	  0.664	  0.96	  0.01	  0.9829	 0.0000	 0.77091025	 0.0000	 0.61294538	 0.8935	 18.85539315	 32.78	  2.89	 5.3064	 29.0843	 
m60721c1r5.htb	   0.0	  0.03	 2.000	  0.00	 -5.00	 40.00	   1.0	 0.9550	 25.26	 0.0150	  5.09	  5.67	 1.029	 0.00000000	 0.716	  0.571	  0.96	  0.01	  0.9972	 0.0000	 0.80486143	 0.0000	 0.12915494	 0.9881	 25.67164179	 42.29	  1.63	 4.9759	 31.2681	 
m60721c1r5.htb	   0.0	  0.03	 2.000	  0.00	 -5.00	 40.00	   0.0	 0.9550	 23.34	 0.0150	  5.31	  5.67	 1.021	 0.00000000	 0.677	  0.664	  0.96	  0.01	  0.9829	 0.0000	 0.77091023	 0.0000	 0.61294698	 0.8935	 18.85539402	 32.78	  2.89	 5.3064	 29.0843	 
m60721c1r5.htb	   0.0	  0.03	 2.000	  0.00	 -5.00	 40.00	   1.0	 0.9550	 25.26	 0.0150	  5.09	  5.67	 1.029	 0.00000000	 0.716	  0.571	  0.96	  0.01	  0.9972	 0.0000	 0.80486143	 0.0000	 0.12915376	 0.9881	 25.67164179	 42.29	  1.63	 4.9759	 31.2681	 
m60721c2r5.htb	   0.0	  0.03	 2.000	  8.00	 -5.00	 40.00	   0.0	 0.9550	 29.52	 0.0150	  7.48	  7.96	 1.028	 0.00000000	 0.694	  0.617	  0.96	  0.01	  0.9862	 0.0000	 0.78552074	 0.0000	 0.56946902	 0.9034	 25.25459599	 31.21	  1.76	 7.3622	 41.1358	 
m60721c2r5.htb	   0.0	  0.03	 2.000	  8.00	 -5.00	 40.00	   1.0	 0.9550	 29.18	 0.0150	  6.48	  7.96	 1.060	 0.00000000	 0.712	  0.571	  0.96	  0.01	  0.9975	 0.0000	 0.82697474	 0.0000	 0.07875742	 0.9943	 24.85311853	 18.04	  1.58	 5.9971	 68.5118	 
m60721c3r5.htb	   0.0	  0.03	 2.000	 -5.00	  0.00	 40.00	   0.0	 0.9550	 20.84	 0.0150	  0.71	  1.29	 1.030	 0.00000000	 0.739	  0.696	  0.96	  0.01	  0.9951	 0.0000	 0.87225863	 0.0000	 0.24548770	 0.9699	 22.13930348	 38.21	  2.52	 0.7003	 28.9595	 
m60721c3r5.htb	   0.0	  0.03	 2.000	 -5.00	  0.00	 40.00	   1.0	 0.9550	 22.26	 0.0150	  0.86	  1.29	 1.027	 0.00000000	 0.769	  0.610	  0.96	  0.01	  0.9934	 0.0000	 0.88662881	 0.0000	 0.47225613	 0.9249	 24.12935323	 33.07	  1.96	 0.8038	 36.8391	 
m60724c1r5.htb	   0.0	  0.03	 2.000	  0.00	  0.00	 40.00	   0.0	 0.9550	 12.63	 0.0150	  2.90	  3.68	 1.088	 0.00000000	 0.662	  0.597	  0.96	  0.01	  0.9641	 0.0001	 0.71757751	 0.0000	 1.42440113	 0.6998	 13.48258706	 65.71	  2.56	 2.8949	 9.4519	 
m60724c1r5.htb	   0.0	  0.03	 2.000	  0.00	  0.00	 40.00	   1.0	 0.9550	 12.85	 0.0150	  2.92	  3.68	 1.086	 0.00000000	 0.647	  0.615	  0.96	  0.01	  0.9650	 0.0001	 0.72986292	 0.0000	 1.77347606	 0.6207	 13.58208955	 61.16	  2.25	 2.9150	 10.5289	 
m60724c2r5.htb	 150.0	  0.03	 2.000	 -5.00	  5.00	 40.00	   0.0	 0.9550	 10.99	 0.0150	  1.34	  1.34	 1.001	 0.00000000	 0.745	  0.426	  0.96	  0.01	  0.9889	 0.0000	 0.85836152	 0.0000	 1.72992630	 0.6303	 11.59203980	 47.83	  2.32	 1.3373	 11.8186	 
m60724c2r5.htb	 150.0	  0.03	 2.000	 -5.00	  5.00	 40.00	   1.0	 0.9550	 11.90	 0.0150	  1.28	  1.34	 1.004	 0.00000000	 0.737	  0.446	  0.96	  0.01	  0.9960	 0.0000	 0.85034464	 0.0000	 0.18687375	 0.9797	 12.73631841	 43.52	  2.06	 1.2706	 14.5642	 
m60724c3r5.htb	 150.0	  0.03	 2.000	  0.00	  0.00	 40.00	   0.0	 0.9550	 13.68	 0.0150	  2.91	  3.23	 1.042	 0.00000000	 0.717	  0.414	  0.96	  0.01	  0.9798	 0.0000	 0.78503834	 0.0000	 0.57819934	 0.9014	 13.98009950	 40.17	  1.45	 2.7950	 18.3071	 
m60724c3r5.htb	 150.0	  0.03	 2.000	  0.00	  0.00	 40.00	   1.0	 0.9550	 15.85	 0.0150	  3.14	  3.23	 1.025	 0.00000000	 0.750	  0.377	  0.96	  0.01	  0.9971	 0.0000	 0.86667840	 0.0000	 0.13581940	 0.9872	 16.21890547	 42.30	  1.61	 3.0693	 19.7856	 
m60724c4r5.htb	 150.0	  0.03	 2.000	  0.00	 -3.00	 40.00	   0.0	 0.9550	 14.52	 0.0150	  2.40	  3.34	 1.084	 0.00000000	 0.695	  0.539	  0.96	  0.01	  0.9852	 0.0000	 0.76923038	 0.0000	 0.51940102	 0.9146	 12.57308081	 29.53	  2.80	 2.3991	 21.6393	 
m60724c4r5.htb	 150.0	  0.03	 2.000	  0.00	 -3.00	 40.00	   1.0	 0.9550	 15.64	 0.0150	  2.10	  3.34	 1.094	 0.00000000	 0.730	  0.510	  0.96	  0.01	  0.9841	 0.0000	 0.80252392	 0.0000	 2.49699567	 0.4758	 15.92722761	 39.80	  1.99	 2.0812	 20.0409	 
m60724c5r5.htb	 150.0	  0.03	 2.000	 -5.00	 -10.00	 40.00	   0.0	 0.9550	 31.67	 0.0150	 21.29	 18.52	 0.789	 0.00027519	 0.475	  0.719	  0.96	  0.01	  0.9350	 0.0004	 0.34299385	 0.0000	 0.26573150	 0.9663	 10.37908234	 23.11	 10.00	 21.2936	 24.4481	 
m60724c5r5.htb	 150.0	  0.03	 2.000	 -5.00	 -10.00	 40.00	   1.0	 0.9550	 34.67	 0.0150	 19.33	 18.52	 0.908	 0.00000906	 0.514	  0.722	  0.96	  0.01	  0.9614	 0.0001	 0.43171084	 0.0000	 0.25664233	 0.9680	 18.40269306	 21.88	  1.27	 18.7333	 41.7611	 
m60724c6r5.htb	 150.0	  0.03	 2.000	 -5.00	 -10.00	 40.00	   0.0	 0.9550	 12.75	 0.0150	  7.28	  7.66	 1.079	 0.00010330	 0.504	  0.492	  0.96	  0.01	  0.9327	 0.0004	 0.32477736	 0.0000	 0.28520968	 0.9628	 6.27492987	 33.26	  1.84	 7.2607	 9.5578	 
m60724c6r5.htb	 150.0	  0.03	 2.000	 -5.00	 -10.00	 40.00	   1.0	 0.9550	 14.01	 0.0150	  7.13	  7.66	 1.106	 0.00004511	 0.516	  0.531	  0.96	  0.01	  0.8831	 0.0017	 0.32415386	 0.0000	 0.47344534	 0.9247	 14.57711443	 100.00	  0.96	 6.8800	 10.7500	 
m60725c1r5.htb	   0.0	  0.03	 2.000	 -10.00	 -8.00	 40.00	   0.0	 0.9550	 11.03	 0.0150	  2.32	  2.14	 0.991	 0.00000000	 0.626	  0.558	  0.96	  0.01	  0.9937	 0.0000	 0.67129828	 0.0000	 0.12034431	 0.9893	 11.24378109	 38.86	  1.43	 2.2171	 15.2453	 
m60725c1r5.htb	   0.0	  0.03	 2.000	 -10.00	 -8.00	 40.00	   1.0	 0.9550	 10.18	 0.0150	  1.95	  2.14	 1.008	 0.00000000	 0.582	  0.701	  0.96	  0.01	  0.9928	 0.0000	 0.58717448	 0.0000	 0.18048144	 0.9807	 8.41860799	 17.10	  2.32	 1.9153	 25.2514	 
m60725c2r5.htb	   0.0	  0.03	 2.000	  8.00	  0.00	 40.00	   0.0	 0.9550	 22.72	 0.0150	 12.92	 15.22	 1.307	 0.00000000	 0.611	  0.541	  0.96	  0.01	  0.8568	 0.0028	 0.50132614	 0.0000	 2.15459359	 0.5409	 9.80131747	 12.11	 10.00	 12.9217	 47.2509	 
m60725c2r5.htb	   0.0	  0.03	 2.000	  8.00	  0.00	 40.00	   1.0	 0.9550	 28.75	 0.0150	 13.37	 15.22	 1.208	 0.00000000	 0.630	  0.557	  0.96	  0.01	  0.9544	 0.0002	 0.58746800	 0.0000	 0.34528712	 0.9513	 29.30348259	 79.97	  0.99	 12.8134	 25.0499	 
m60726c1r5.htb	   0.0	  0.03	 2.000	  5.00	 -10.00	 40.00	   0.0	 0.9550	 18.20	 0.0150	  1.10	  2.09	 1.130	 0.00000000	 0.633	  1.028	  0.96	  0.01	  0.9884	 0.0000	 0.68145508	 0.0000	 0.71412538	 0.8699	 19.45273632	 12.57	  1.32	 0.0000	 71.5395	 
m60726c1r5.htb	   0.0	  0.03	 2.000	  5.00	 -10.00	 40.00	   1.0	 0.9550	 20.51	 0.0150	  2.03	  2.09	 1.089	 0.00000000	 0.596	  1.057	  0.96	  0.01	  0.9914	 0.0000	 0.66823307	 0.0000	 0.18744362	 0.9796	 20.99502488	 14.15	  1.34	 1.0308	 69.1076	 
m60726c2r5.htb	   0.0	  0.03	 2.000	  5.00	 -5.00	 40.00	   0.0	 0.9550	 24.40	 0.0150	  6.17	  3.61	 0.982	 0.00107288	 0.597	  0.880	  0.96	  0.01	  0.9732	 0.0000	 0.62238157	 0.0000	 0.85152695	 0.8371	 22.54162387	 11.79	  1.08	 3.9847	 78.6779	 
m60726c2r5.htb	   0.0	  0.03	 2.000	  5.00	 -5.00	 40.00	   1.0	 0.9550	 24.73	 0.0150	  2.09	  3.61	 1.040	 0.00101834	 0.582	  1.379	  0.96	  0.01	  0.9599	 0.0001	 0.61858666	 0.0000	 1.63558509	 0.6513	 23.18098268	  6.98	  2.48	 1.5879	 173.2497	 
m60726c3r5.htb	   0.0	  0.03	 2.000	  0.00	 -5.00	 40.00	   0.0	 0.9550	 15.75	 0.0150	  2.19	  3.65	 1.161	 0.00000000	 0.628	  0.824	  0.96	  0.01	  0.9810	 0.0000	 0.62014072	 0.0000	 0.18045177	 0.9807	 17.68933112	 30.49	  1.18	 1.7002	 30.8362	 
m60726c3r5.htb	   0.0	  0.03	 2.000	  0.00	 -5.00	 40.00	   1.0	 0.9550	 17.01	 0.0150	  1.35	  3.65	 1.175	 0.00000000	 0.616	  1.010	  0.96	  0.01	  0.9902	 0.0000	 0.68057722	 0.0000	 0.39317111	 0.9416	 17.97263682	 26.80	  1.58	 1.1647	 34.2217	 
m60726c4r5.htb	   0.0	  0.03	 2.000	  3.00	 -5.00	 40.00	   0.0	 0.9550	 15.40	 0.0150	  6.83	  6.97	 1.018	 0.00000001	 0.591	  0.538	  0.96	  0.01	  0.9313	 0.0004	 0.48848595	 0.0000	 0.61368455	 0.8933	 15.57213930	 84.43	  1.67	 6.8095	 9.1167	 
m60726c4r5.htb	   0.0	  0.03	 2.000	  3.00	 -5.00	 40.00	   1.0	 0.9550	 17.27	 0.0150	  6.53	  6.97	 1.033	 0.00000000	 0.562	  0.658	  0.96	  0.01	  0.9872	 0.0000	 0.53784995	 0.0000	 0.05362700	 0.9967	 13.05508824	 46.22	  2.12	 6.5227	 13.9529	 
m60726c5r5.htb	   0.0	  0.03	 2.000	 -5.00	  0.00	 40.00	   0.0	 0.9550	  8.85	 0.0150	  0.31	  0.60	 1.036	 0.00000000	 0.672	  0.622	  0.96	  0.01	  0.9898	 0.0000	 0.75287829	 0.0000	 0.18355413	 0.9802	 9.75124378	 38.38	  2.15	 0.3006	 12.6752	 
m60726c5r5.htb	   0.0	  0.03	 2.000	 -5.00	  0.00	 40.00	   1.0	 0.9550	  7.53	 0.0150	  0.30	  0.60	 1.039	 0.00000000	 0.677	  0.577	  0.96	  0.01	  0.9876	 0.0000	 0.72833100	 0.0000	 0.51417620	 0.9158	 7.32254648	 21.72	  2.97	 0.2947	 17.5038	 
m60726c6r5.htb	   0.0	  0.03	 2.000	  0.00	  0.00	 40.00	   0.0	 0.9550	  6.46	 0.0150	  0.06	  0.28	 1.036	 0.00000000	 0.703	  0.563	  0.96	  0.01	  0.9727	 0.0000	 0.78745393	 0.0000	 0.61118380	 0.7367	 6.41928046	 26.32	  4.56	 0.0631	 12.5342	 
m60726c6r5.htb	   0.0	  0.03	 2.000	  0.00	  0.00	 40.00	   1.0	 0.9550	  8.52	 0.0150	  0.10	  0.28	 1.027	 0.00000000	 0.714	  0.550	  0.96	  0.01	  0.9983	 0.0000	 0.81722166	 0.0000	 0.14552734	 0.9859	 8.45424815	 26.53	  4.17	 0.1022	 16.2254	 
m60727c1r5.htb	   0.0	  0.03	 2.000	  0.00	 -5.00	 40.00	   0.0	 0.9550	 26.50	 0.0150	  5.78	  6.77	 1.061	 0.00000000	 0.646	  0.800	  0.96	  0.01	  0.9951	 0.0000	 0.66153267	 0.0000	 0.17781697	 0.9811	 24.80580664	 31.90	  1.54	 5.5636	 40.0874	 
m60727c1r5.htb	   0.0	  0.03	 2.000	  0.00	 -5.00	 40.00	   1.0	 0.9550	 27.69	 0.0150	  6.26	  6.77	 1.044	 0.00000000	 0.675	  0.677	  0.96	  0.01	  0.9949	 0.0000	 0.77050245	 0.0000	 0.08895444	 0.9931	 22.28884382	 19.41	  2.10	 6.1558	 58.3934	 
m60727c2r5.htb	   0.0	  0.03	 2.000	  0.00	  0.00	 40.00	   0.0	 0.9550	  1.58	 0.0150	  0.01	  0.00	 1.000	 0.00000533	 0.699	  0.320	  0.96	  0.01	  0.8041	 0.0062	 0.64146323	 0.0000	 4.74792947	 0.0931	 2.23880597	 53.22	  1.49	 0.0000	 2.2296	 
m60727c2r5.htb	   0.0	  0.03	 2.000	  0.00	  0.00	 40.00	   1.0	 0.9550	  2.60	 0.0150	  0.34	  0.00	 0.910	 0.02945301	 0.543	  0.502	  0.96	  0.01	  0.9311	 0.0004	 0.45646805	 0.0002	 0.75068783	 0.8612	 2.86069652	 39.62	  1.57	 0.3193	 3.7399	 
m60801c2r5.htb	   0.0	  0.03	 2.000	  0.00	  0.00	 40.00	   0.0	 0.9550	 14.92	 0.0150	  8.39	  9.70	 1.267	 0.00000001	 0.588	  0.370	  0.96	  0.01	  0.9097	 0.0009	 0.47348968	 0.0000	 0.55236760	 0.9072	 13.60471221	 100.00	  1.22	 8.3074	 8.2657	 
m60801c2r5.htb	   0.0	  0.03	 2.000	  0.00	  0.00	 40.00	   1.0	 0.9550	 14.97	 0.0150	  8.87	  9.70	 1.214	 0.00014240	 0.500	  0.522	  0.96	  0.01	  0.8972	 0.0012	 0.30568087	 0.0000	 0.33765435	 0.9528	 12.70220036	 100.00	  1.57	 8.8505	 6.3988	 
m60801c3r5.htb	   0.0	  0.03	 2.000	  0.00	 -10.00	 40.00	   0.0	 0.9550	 28.76	 0.0150	  7.02	 11.36	 1.290	 0.00000025	 0.685	  0.690	  0.96	  0.01	  0.9676	 0.0001	 0.72638918	 0.0000	 0.99920053	 0.8014	 30.74626866	 39.83	  1.14	 6.3065	 42.8901	 
m60801c3r5.htb	   0.0	  0.03	 2.000	  0.00	 -10.00	 40.00	   1.0	 0.9550	 28.28	 0.0150	  6.09	 11.36	 1.335	 0.00000052	 0.642	  0.899	  0.96	  0.01	  0.9561	 0.0001	 0.67307909	 0.0000	 0.74984312	 0.8614	 31.24378109	 33.45	  1.04	 4.8978	 51.1544	 
m60803c1r5.htb	   0.0	  0.03	 2.000	  8.00	 -5.00	 40.00	   0.0	 0.9550	 15.75	 0.0150	  2.77	  3.03	 1.022	 0.00000000	 0.640	  0.717	  0.96	  0.01	  0.9927	 0.0000	 0.72222497	 0.0000	 0.12242967	 0.9890	 16.21890547	 46.78	  1.96	 2.7552	 17.2723	 
m60803c1r5.htb	   0.0	  0.03	 2.000	  8.00	 -5.00	 40.00	   1.0	 0.9550	 15.36	 0.0150	  1.35	  3.03	 1.096	 0.00000000	 0.720	  0.597	  0.96	  0.01	  0.9863	 0.0000	 0.80255949	 0.0000	 0.70059671	 0.8731	 16.76616915	 23.02	  1.30	 0.8771	 36.9132	 
m60803c4r5.htb	 180.0	  0.03	 2.000	  0.00	  0.00	 40.00	   0.0	 0.9550	 23.08	 0.0150	  1.93	  2.71	 1.046	 0.00000000	 0.743	  0.640	  0.96	  0.01	  0.9913	 0.0000	 0.89459034	 0.0000	 0.70683172	 0.8716	 23.68749657	 26.63	  1.72	 1.7637	 45.1266	 
m60803c4r5.htb	 180.0	  0.03	 2.000	  0.00	  0.00	 40.00	   1.0	 0.9550	 25.08	 0.0150	  3.17	  2.71	 1.013	 0.00000000	 0.716	  0.652	  0.96	  0.01	  0.9982	 0.0000	 0.86458062	 0.0000	 0.20375696	 0.9770	 25.31094527	 31.85	  1.73	 3.0492	 40.4109	 
m60808c1r5.htb	   0.0	  0.03	 2.000	  5.00	 -10.00	 40.00	   0.0	 0.9550	  6.92	 0.0150	  0.20	  0.40	 1.030	 0.00000000	 0.726	  0.456	  0.96	  0.01	  0.9963	 0.0000	 0.86299391	 0.0000	 0.24237611	 0.9705	 7.51243781	 44.80	  2.82	 0.2025	 8.2786	 
m60808c1r5.htb	   0.0	  0.03	 2.000	  5.00	 -10.00	 40.00	   1.0	 0.9550	  5.04	 0.0150	  0.21	  0.40	 1.035	 0.00000000	 0.645	  0.539	  0.96	  0.01	  0.9826	 0.0000	 0.66069050	 0.0000	 0.20102090	 0.9774	 5.82089552	 37.70	  1.74	 0.1844	 7.8660	 
m60808c2r5.htb	   0.0	  0.03	 2.000	  0.00	  0.00	 40.00	   0.0	 0.9550	 20.46	 0.0150	  9.79	 10.70	 1.138	 0.00000000	 0.623	  0.452	  0.96	  0.01	  0.9715	 0.0000	 0.57987332	 0.0000	 0.77657790	 0.8551	 18.43942488	 62.79	  0.99	 9.3469	 19.0602	 
m60808c2r5.htb	   0.0	  0.03	 2.000	  0.00	  0.00	 40.00	   1.0	 0.9550	 20.40	 0.0150	 10.09	 10.70	 1.128	 0.00769201	 0.495	  0.744	  0.96	  0.01	  0.6493	 0.0287	 0.15318447	 0.0008	 0.89327823	 0.8270	 18.49724228	 65.35	  0.93	 9.5469	 19.2018	 
m60809c1r5.htb	   0.0	  0.03	 2.000	  0.00	 -5.00	 40.00	   0.0	 0.9550	 15.91	 0.0150	  2.92	  3.58	 1.065	 0.00000000	 0.737	  0.432	  0.96	  0.01	  0.9973	 0.0000	 0.82582551	 0.0000	 0.20320168	 0.9771	 16.16915423	 36.24	  1.51	 2.7848	 23.2257	 
m60809c1r5.htb	   0.0	  0.03	 2.000	  0.00	 -5.00	 40.00	   1.0	 0.9550	 19.14	 0.0150	  4.08	  3.58	 1.007	 0.00000000	 0.728	  0.487	  0.96	  0.01	  0.9948	 0.0000	 0.83252495	 0.0000	 0.27260353	 0.9651	 19.55223881	 46.90	  1.72	 4.0321	 21.2418	 
m60809c2r5.htb	   0.0	  0.03	 2.000	  0.00	 -5.00	 40.00	   0.0	 0.9550	  7.85	 0.0150	  2.19	  2.32	 1.030	 0.00000123	 0.614	  0.498	  0.96	  0.01	  0.9723	 0.0000	 0.64550468	 0.0000	 0.38833940	 0.9426	 8.37479270	 57.64	  1.49	 2.1537	 7.7127	 
m60809c2r5.htb	   0.0	  0.03	 2.000	  0.00	 -5.00	 40.00	   1.0	 0.9550	  8.16	 0.0150	  2.82	  2.32	 0.969	 0.00000002	 0.654	  0.366	  0.96	  0.01	  0.9460	 0.0002	 0.70852281	 0.0000	 0.84559147	 0.8385	 5.37696433	 29.29	  4.18	 2.8207	 9.4067	 
m60809c3r5.htb	   0.0	  0.03	 2.000	  5.00	  0.00	 40.00	   0.0	 0.9550	 15.38	 0.0150	  4.28	  6.88	 1.358	 0.00000000	 0.722	  0.373	  0.96	  0.01	  0.9830	 0.0000	 0.79607356	 0.0000	 0.35202423	 0.9500	 16.00331675	 39.92	  1.09	 3.8406	 22.5995	 
m60809c3r5.htb	   0.0	  0.03	 2.000	  5.00	  0.00	 40.00	   1.0	 0.9550	 14.99	 0.0150	  5.41	  6.88	 1.285	 0.00000002	 0.665	  0.404	  0.96	  0.01	  0.9935	 0.0000	 0.71975195	 0.0000	 0.18570667	 0.9799	 10.47686630	 18.51	  1.60	 5.2213	 28.3410	 
m60809c4r5.htb	   0.0	  0.03	 2.000	 10.00	  2.00	 40.00	   0.0	 0.9550	 22.94	 0.0150	  6.32	  6.54	 1.035	 0.00000011	 0.611	  0.775	  0.96	  0.01	  0.9701	 0.0001	 0.67012226	 0.0000	 0.43212333	 0.9335	 19.76747925	 26.49	  1.41	 5.9725	 38.2307	 
m60809c4r5.htb	   0.0	  0.03	 2.000	 10.00	  2.00	 40.00	   1.0	 0.9550	 24.16	 0.0150	  4.84	  6.54	 1.082	 0.00000000	 0.678	  0.649	  0.96	  0.01	  0.9930	 0.0000	 0.81544101	 0.0000	 0.13987486	 0.9867	 21.19778957	 17.27	  1.55	 4.3631	 60.9629	 
m60810c1r5.htb	   0.0	  0.03	 2.000	 10.00	 -5.00	 40.00	   0.0	 0.9550	 30.54	 0.0150	  8.76	  7.76	 0.956	 0.00000000	 0.614	  0.914	  0.96	  0.01	  0.9834	 0.0000	 0.72361837	 0.0000	 0.58101815	 0.9008	 21.80585220	 20.44	  4.32	 8.7623	 54.8752	 
m60810c1r5.htb	   0.0	  0.03	 2.000	 10.00	 -5.00	 40.00	   1.0	 0.9550	 32.73	 0.0150	  7.46	  7.76	 0.997	 0.00000000	 0.668	  0.799	  0.96	  0.01	  0.9901	 0.0000	 0.79329180	 0.0000	 0.20499203	 0.9768	 27.18277040	 16.88	  1.67	 6.9880	 80.3905	 
m60810c2r5.htb	   0.0	  0.03	 2.000	  0.00	  5.00	 40.00	   0.0	 0.9550	 31.63	 0.0150	  5.19	  6.47	 1.078	 0.00000000	 0.661	  0.901	  0.96	  0.01	  0.9983	 0.0000	 0.72329553	 0.0000	 0.08979508	 0.9930	 31.84079602	 25.82	  1.34	 4.4984	 63.2865	 
m60810c2r5.htb	   0.0	  0.03	 2.000	  0.00	  5.00	 40.00	   1.0	 0.9550	 32.05	 0.0150	  6.42	  6.47	 1.046	 0.00000000	 0.664	  0.804	  0.96	  0.01	  0.9919	 0.0000	 0.76766602	 0.0000	 0.21722313	 0.9748	 26.68944646	 14.75	  1.91	 6.0871	 90.9506	 
m60810c3r5.htb	   0.0	  0.03	 2.000	  5.00	 -10.00	 40.00	   0.0	 0.9550	 29.09	 0.0150	 11.02	  8.18	 0.864	 0.00000000	 0.618	  0.704	  0.96	  0.01	  0.9936	 0.0000	 0.70098303	 0.0000	 0.10059260	 0.9918	 18.29131677	 23.30	  3.14	 11.0167	 40.2925	 
m60810c3r5.htb	   0.0	  0.03	 2.000	  5.00	 -10.00	 40.00	   1.0	 0.9550	 31.14	 0.0150	 13.64	  8.18	 0.809	 0.00000000	 0.611	  0.729	  0.96	  0.01	  0.9017	 0.0011	 0.57245919	 0.0000	 1.90912308	 0.5915	 18.68264575	 27.17	  2.17	 13.6065	 34.8270	 
m60810c4r5.htb	   0.0	  0.03	 2.000	  5.00	 -5.00	 40.00	   0.0	 0.9550	 11.84	 0.0150	  6.04	  6.42	 1.071	 0.00000495	 0.553	  0.544	  0.96	  0.01	  0.8361	 0.0039	 0.34621771	 0.0000	 1.14222685	 0.7669	 6.00743219	 27.26	  2.69	 6.0328	 11.2460	 
m60810c4r5.htb	   0.0	  0.03	 2.000	  5.00	 -5.00	 40.00	   1.0	 0.9550	 12.47	 0.0150	  6.07	  6.42	 1.065	 0.00000196	 0.530	  0.501	  0.96	  0.01	  0.9806	 0.0000	 0.42414581	 0.0000	 0.19305445	 0.9787	 9.09280026	 58.42	  1.78	 6.0543	 7.8043	 
m60810c5r5.htb	   0.0	  0.03	 2.000	 -5.00	 -10.00	 40.00	   0.0	 0.9550	 12.38	 0.0150	  7.93	  7.05	 0.835	 0.00042155	 0.519	  0.381	  0.96	  0.01	  0.9018	 0.0011	 0.43799822	 0.0000	 0.79981676	 0.8495	 4.44952896	 38.44	 10.00	 7.9269	 5.9012	 
m60810c5r5.htb	   0.0	  0.03	 2.000	 -5.00	 -10.00	 40.00	   1.0	 0.9550	 13.70	 0.0150	  6.25	  7.05	 1.084	 0.00287485	 0.515	  0.562	  0.96	  0.01	  0.9449	 0.0002	 0.40183562	 0.0000	 0.45068646	 0.9296	 12.17078995	 37.75	  0.81	 5.4218	 18.9055	 
m60811c1r5.htb	   0.0	  0.03	 2.000	  0.00	  0.00	 40.00	   0.0	 0.9550	 17.56	 0.0150	  0.77	  1.09	 1.022	 0.00000000	 0.742	  0.606	  0.96	  0.01	  0.9938	 0.0000	 0.88386096	 0.0000	 0.40129749	 0.9400	 18.16941983	 28.81	  2.10	 0.7386	 31.8667	 
m60811c1r5.htb	   0.0	  0.03	 2.000	  0.00	  0.00	 40.00	   1.0	 0.9550	 17.83	 0.0150	  0.85	  1.09	 1.019	 0.00000000	 0.727	  0.683	  0.96	  0.01	  0.9935	 0.0000	 0.85698917	 0.0000	 0.61820423	 0.8923	 17.81094527	 26.22	  2.35	 0.8326	 34.3757	 
m60811c2r5.htb	   0.0	  0.03	 2.000	 -5.00	 -8.00	 40.00	   0.0	 0.9550	 12.00	 0.0150	  2.93	  3.08	 1.029	 0.00000000	 0.678	  0.435	  0.96	  0.01	  0.9796	 0.0000	 0.72586405	 0.0000	 0.46406283	 0.9267	 10.80708915	 30.98	  1.53	 2.8225	 17.9110	 
m60811c2r5.htb	   0.0	  0.03	 2.000	 -5.00	 -8.00	 40.00	   1.0	 0.9550	 12.13	 0.0150	  2.83	  3.08	 1.054	 0.00000000	 0.732	  0.352	  0.96	  0.01	  0.9849	 0.0000	 0.80627613	 0.0000	 0.86148558	 0.8347	 12.33830846	 28.87	  1.11	 2.3844	 22.4844	 
m60811c3r5.htb	   0.0	  0.03	 2.000	  0.00	  5.00	 40.00	   0.0	 0.9550	  8.89	 0.0150	  1.50	  1.58	 1.011	 0.00000000	 0.708	  0.400	  0.96	  0.01	  0.9873	 0.0000	 0.81736217	 0.0000	 0.35106683	 0.9502	 9.53565506	 52.71	  2.09	 1.4948	 8.8281	 
m60811c3r5.htb	   0.0	  0.03	 2.000	  0.00	  5.00	 40.00	   1.0	 0.9550	  9.83	 0.0150	  1.01	  1.58	 1.047	 0.00000000	 0.757	  0.405	  0.96	  0.01	  0.9721	 0.0000	 0.85700602	 0.0000	 1.58151979	 0.6636	 11.19402985	 41.58	  1.61	 0.9562	 13.8981	 
m60811c4r5.htb	   0.0	  0.03	 2.000	  0.00	  0.00	 40.00	   0.0	 0.9550	 24.12	 0.0150	  2.40	  3.73	 1.068	 0.00000000	 0.769	  0.603	  0.96	  0.01	  0.9556	 0.0001	 0.87765480	 0.0000	 3.73767500	 0.2912	 23.57118806	 28.45	  2.06	 2.3487	 41.8148	 
m60811c4r5.htb	   0.0	  0.03	 2.000	  0.00	  0.00	 40.00	   1.0	 0.9550	 26.18	 0.0150	  3.47	  3.73	 1.037	 0.00000000	 0.745	  0.603	  0.96	  0.01	  0.9967	 0.0000	 0.91102142	 0.0000	 0.53855880	 0.9103	 23.24618274	 22.98	  2.65	 3.4518	 51.9706	 
m60811c5r5.htb	   0.0	  0.03	 2.000	 10.00	  5.00	 40.00	   0.0	 0.9550	  2.98	 0.0150	  0.09	  0.33	 1.090	 0.00109060	 0.689	  0.388	  0.96	  0.01	  0.9632	 0.0001	 0.84009443	 0.0000	 0.32654324	    NaN	 2.89222512	 45.28	 10.00	 0.0922	 3.2929	 
m60811c5r5.htb	   0.0	  0.03	 2.000	 10.00	  5.00	 40.00	   1.0	 0.9550	  2.54	 0.0150	  0.12	  0.33	 1.092	 0.00000669	 0.735	  0.337	  0.96	  0.01	  0.8715	 0.0021	 0.79638504	 0.0000	 0.35172857	    NaN	 2.42282731	 23.00	 10.00	 0.1207	 5.8362	 
m60815c1r5.htb	 150.0	  0.03	 2.000	  8.00	 -10.00	 40.00	   0.0	 0.9550	 11.57	 0.0150	  2.03	  1.99	 0.996	 0.00000004	 0.582	  0.767	  0.96	  0.01	  0.9853	 0.0000	 0.49761250	 0.0000	 0.15210261	 0.9849	 11.94029851	 59.55	  2.93	 2.0285	 9.3864	 
m60815c1r5.htb	 150.0	  0.03	 2.000	  8.00	 -10.00	 40.00	   1.0	 0.9550	 14.19	 0.0150	  1.83	  1.99	 1.007	 0.00000000	 0.618	  0.771	  0.96	  0.01	  0.9932	 0.0000	 0.64457307	 0.0000	 0.07621470	 0.9945	 13.24059012	 39.75	  3.02	 1.8305	 16.5813	 
m60815c2r5.htb	   0.0	  0.03	 2.000	 10.00	 -10.00	 40.00	   0.0	 0.9550	 22.99	 0.0150	 11.49	 12.59	 1.106	 0.00000000	 0.586	  0.536	  0.96	  0.01	  0.9717	 0.0000	 0.53822713	 0.0000	 0.41050560	 0.9381	 13.28942684	 44.78	  2.46	 11.4833	 14.5610	 
m60815c2r5.htb	   0.0	  0.03	 2.000	 10.00	 -10.00	 40.00	   1.0	 0.9550	 24.98	 0.0150	 11.90	 12.59	 1.076	 0.00000000	 0.648	  0.478	  0.96	  0.01	  0.9780	 0.0000	 0.66524311	 0.0000	 0.38432596	 0.9435	 14.15635308	 39.74	  2.86	 11.8980	 17.7782	 
m60815c4r5.htb	 180.0	  0.03	 2.000	 -5.00	  5.00	 40.00	   0.0	 0.9550	 19.65	 0.0150	  4.38	  4.78	 1.027	 0.00000000	 0.626	  0.794	  0.96	  0.01	  0.9826	 0.0000	 0.58468857	 0.0000	 0.38399281	 0.9435	 20.84577114	 66.05	  2.73	 4.3799	 14.3459	 
m60815c4r5.htb	 180.0	  0.03	 2.000	 -5.00	  5.00	 40.00	   1.0	 0.9550	 22.08	 0.0150	  5.72	  4.78	 0.980	 0.00000007	 0.541	  1.007	  0.96	  0.01	  0.9966	 0.0000	 0.49205723	 0.0000	 0.00489182	 0.9999	 16.47639210	 45.78	  6.76	 5.7182	 18.8517	 
m60821c1r5.htb	   0.0	  0.03	 2.000	  0.00	 -10.00	 40.00	   0.0	 0.9550	 19.19	 0.0150	  1.37	  1.19	 1.009	 0.00000023	 0.680	  0.830	  0.96	  0.01	  0.9519	 0.0002	 0.75911391	 0.0000	 2.35260690	 0.5025	 21.39303483	 28.30	  1.42	 1.0370	 38.9876	 
m60821c1r5.htb	   0.0	  0.03	 2.000	  0.00	 -10.00	 40.00	   1.0	 0.9550	 21.96	 0.0150	  3.77	  1.19	 0.935	 0.00000000	 0.702	  0.628	  0.96	  0.01	  0.9865	 0.0000	 0.86692492	 0.0000	 0.75159319	 0.8610	 20.56742808	 32.24	  1.90	 3.7104	 32.2648	 
m60821c2r5.htb	  90.0	  0.03	 2.000	 -5.00	 -10.00	 40.00	   0.0	 0.9550	  8.87	 0.0150	  1.31	  1.39	 1.018	 0.00000000	 0.682	  0.527	  0.96	  0.01	  0.9572	 0.0001	 0.75340603	 0.0000	 0.90873822	 0.8233	 10.19900498	 47.24	  1.54	 1.2587	 11.2986	 
m60821c2r5.htb	  90.0	  0.03	 2.000	 -5.00	 -10.00	 40.00	   1.0	 0.9550	  9.37	 0.0150	  1.23	  1.39	 1.022	 0.00000000	 0.689	  0.477	  0.96	  0.01	  0.9944	 0.0000	 0.78126312	 0.0000	 0.25587226	 0.9681	 9.75124378	 36.22	  1.71	 1.1866	 13.7442	 
m60821c3r5.htb	 110.0	  0.03	 2.000	 -10.00	  0.00	 40.00	   0.0	 0.9550	 17.99	 0.0150	  2.77	  2.11	 0.959	 0.00000000	 0.690	  0.597	  0.96	  0.01	  0.9899	 0.0000	 0.77972137	 0.0000	 0.78026181	 0.8542	 16.96961189	 40.58	  2.53	 2.7627	 20.6388	 
m60821c3r5.htb	 110.0	  0.03	 2.000	 -10.00	  0.00	 40.00	   1.0	 0.9550	 18.64	 0.0150	  2.09	  2.11	 0.987	 0.00000000	 0.676	  0.757	  0.96	  0.01	  0.9663	 0.0001	 0.71343645	 0.0000	 0.55373557	 0.9069	 20.82444918	 36.77	  1.47	 1.9100	 29.6237	 
m60822c3r5.htb	   0.0	  0.03	 2.000	 -8.00	 -10.00	 40.00	   0.0	 0.9550	  6.43	 0.0150	  0.94	  1.64	 1.155	 0.00000000	 0.686	  0.400	  0.96	  0.01	  0.9709	 0.0000	 0.77892409	 0.0000	 0.48222720	 0.9228	 7.26368159	 45.13	  1.55	 0.8980	 8.4008	 
m60822c3r5.htb	   0.0	  0.03	 2.000	 -8.00	 -10.00	 40.00	   1.0	 0.9550	  6.52	 0.0150	  1.53	  1.64	 1.088	 0.00000000	 0.616	  0.449	  0.96	  0.01	  0.9917	 0.0000	 0.64000374	 0.0000	 0.56143946	 0.9052	 5.67722671	 42.19	  2.42	 1.5321	 6.6400	 
m60822c4r5.htb	 240.0	  0.03	 2.000	 -8.00	  0.00	 40.00	   0.0	 0.9550	 15.33	 0.0150	  1.46	  2.27	 1.065	 0.00000000	 0.716	  0.607	  0.96	  0.01	  0.9833	 0.0000	 0.83705125	 0.0000	 1.13936476	 0.7676	 17.16417910	 42.42	  1.79	 1.4197	 20.4955	 
m60822c4r5.htb	 240.0	  0.03	 2.000	 -8.00	  0.00	 40.00	   1.0	 0.9550	 16.56	 0.0150	  1.99	  2.27	 1.041	 0.00000000	 0.717	  0.546	  0.96	  0.01	  0.9979	 0.0000	 0.82399852	 0.0000	 0.05666063	 0.9965	 17.35765616	 41.53	  2.00	 1.9634	 20.8762	 
m60823c1r5.htb	   0.0	  0.03	 2.000	 10.00	  5.00	 40.00	   0.0	 0.9550	 28.71	 0.0150	 10.54	  6.72	 0.826	 0.00000000	 0.698	  0.513	  0.96	  0.01	  0.9802	 0.0000	 0.76000043	 0.0000	 1.30998616	 0.7268	 18.18264716	 47.18	 10.00	 10.5389	 19.9987	 
m60823c1r5.htb	   0.0	  0.03	 2.000	 10.00	  5.00	 40.00	   1.0	 0.9550	 32.07	 0.0150	  6.87	  6.72	 0.924	 0.00000000	 0.692	  0.713	  0.96	  0.01	  0.9855	 0.0000	 0.81054231	 0.0000	 0.64040863	 0.8871	 28.73947465	 33.17	  1.88	 6.7841	 43.8185	 
m60823c2r5.htb	  70.0	  0.03	 2.000	  0.00	  0.00	 40.00	   0.0	 0.9550	 15.06	 0.0150	  6.90	  7.28	 1.049	 0.00000002	 0.585	  0.460	  0.96	  0.01	  0.9824	 0.0000	 0.58882332	 0.0000	 0.15653281	 0.9843	 9.51909343	 43.72	  2.30	 6.8960	 10.7755	 
m60823c2r5.htb	  70.0	  0.03	 2.000	  0.00	  0.00	 40.00	   1.0	 0.9550	 15.96	 0.0150	  7.07	  7.28	 1.046	 0.00000000	 0.638	  0.402	  0.96	  0.01	  0.9899	 0.0000	 0.64408160	 0.0000	 0.17515999	 0.9815	 16.10696517	 76.34	  1.13	 6.8903	 13.1398	 
m60823c3r5.htb	  70.0	  0.03	 2.000	 -5.00	  0.00	 40.00	   0.0	 0.9550	 15.85	 0.0150	  6.87	 10.60	 2.033	 0.00594053	 0.434	  1.013	  0.96	  0.01	  0.7904	 0.0074	 0.19244801	 0.0001	 0.43409689	 0.9331	 17.66169154	 49.14	  0.64	 5.1679	 24.1333	 
m60823c3r5.htb	  70.0	  0.03	 2.000	 -5.00	  0.00	 40.00	   1.0	 0.9550	 16.93	 0.0150	  7.77	 10.60	 1.689	 0.00051838	 0.464	  0.936	  0.96	  0.01	  0.9537	 0.0002	 0.29492299	 0.0000	 0.16276756	 0.9834	 9.57708145	 20.49	  2.08	 7.7323	 23.7397	 
m60823c4r5.htb	   0.0	  0.03	 2.000	 -10.00	  0.00	 40.00	   0.0	 0.9550	 19.58	 0.0150	 10.78	 11.99	 1.255	 0.00000001	 0.585	  0.414	  0.96	  0.01	  0.9861	 0.0000	 0.51279463	 0.0000	 0.10685381	 0.9910	 16.95939924	 70.21	  0.81	 10.0550	 17.8692	 
m60823c4r5.htb	   0.0	  0.03	 2.000	 -10.00	  0.00	 40.00	   1.0	 0.9550	 19.51	 0.0150	  9.43	 11.99	 1.324	 0.00000100	 0.491	  0.724	  0.96	  0.01	  0.9374	 0.0003	 0.41765175	 0.0000	 0.85075872	 0.8373	 14.37823472	 38.61	  1.09	 9.0257	 20.7397	 
m60824c1r5.htb	   0.0	  0.03	 2.000	 -5.00	  5.00	 40.00	   0.0	 0.9550	 23.96	 0.0150	  4.00	  3.08	 0.957	 0.00000000	 0.709	  0.656	  0.96	  0.01	  0.9891	 0.0000	 0.81511760	 0.0000	 0.40162599	 0.9399	 23.98803165	 44.17	  2.09	 3.9744	 27.0158	 
m60824c1r5.htb	   0.0	  0.03	 2.000	 -5.00	  5.00	 40.00	   1.0	 0.9550	 23.55	 0.0150	  4.14	  3.08	 0.954	 0.00000000	 0.670	  0.685	  0.96	  0.01	  0.9941	 0.0000	 0.80404524	 0.0000	 0.10399517	 0.9914	 20.99582098	 28.64	  2.11	 4.0929	 37.0679	 
m60824c2r5.htb	   0.0	  0.03	 2.000	 -5.00	 -5.00	 40.00	   0.0	 0.9550	 25.94	 0.0150	  9.08	 10.40	 1.087	 0.00000000	 0.653	  0.560	  0.96	  0.01	  0.9855	 0.0000	 0.72025043	 0.0000	 0.28697538	 0.9625	 22.68793471	 53.88	  1.87	 9.0520	 20.9815	 
m60824c2r5.htb	   0.0	  0.03	 2.000	 -5.00	 -5.00	 40.00	   1.0	 0.9550	 27.04	 0.0150	  8.76	 10.40	 1.094	 0.00000000	 0.717	  0.459	  0.96	  0.01	  0.9878	 0.0000	 0.77818586	 0.0000	 0.51099494	 0.9165	 21.37867668	 36.82	  1.88	 8.7115	 29.3382	 
m60824c3r5.htb	   0.0	  0.03	 2.000	 -5.00	  0.00	 40.00	   0.0	 0.9550	  7.59	 0.0150	  2.68	  4.00	 1.371	 0.00000001	 0.422	  0.825	  0.96	  0.01	  0.9632	 0.0001	 0.29613418	 0.0000	 0.07072856	 0.9951	 7.02302323	 62.14	  1.98	 2.6731	 5.4636	 
m60824c3r5.htb	   0.0	  0.03	 2.000	 -5.00	  0.00	 40.00	   1.0	 0.9550	  8.20	 0.0150	  2.99	  4.00	 1.297	 0.00000000	 0.455	  0.735	  0.96	  0.01	  0.9850	 0.0000	 0.32472134	 0.0000	 0.03168947	 0.9985	 6.70729529	 51.50	  2.01	 2.9882	 6.4157	 
m60830c1r5.htb	 180.0	  0.03	 2.000	 -8.00	 -10.00	 40.00	   0.0	 0.9550	 22.10	 0.0150	 15.25	 15.17	 0.989	 0.00008786	 0.499	  0.510	  0.96	  0.01	  0.7790	 0.0085	 0.27417086	 0.0000	 1.35578554	 0.7159	 6.86995218	 51.26	 10.00	 15.2475	 6.8917	 
m60830c1r5.htb	 180.0	  0.03	 2.000	 -8.00	 -10.00	 40.00	   1.0	 0.9550	 22.68	 0.0150	 15.04	 15.17	 1.005	 0.00000004	 0.568	  0.400	  0.96	  0.01	  0.9421	 0.0003	 0.47216133	 0.0000	 0.41012446	 0.9381	 7.75153708	 31.94	  3.82	 15.0392	 12.5158	 
m60830c2r5.htb	  90.0	  0.03	 2.000	  0.00	 -10.00	 40.00	   0.0	 0.9550	 17.54	 0.0150	 11.86	 11.54	 1.520	 0.00002961	 0.549	  0.350	  0.96	  0.01	  0.9358	 0.0004	 0.35221010	 0.0000	 0.63737942	 0.8878	 15.89730312	 44.00	  0.38	 8.4243	 20.3967	 
m60830c2r5.htb	  90.0	  0.03	 2.000	  0.00	 -10.00	 40.00	   1.0	 0.9550	 17.08	 0.0150	 13.32	 11.54	 1.133	 0.00070002	 0.450	  0.337	  0.96	  0.01	  0.9671	 0.0001	 0.29170765	 0.0000	 0.08380487	 0.9937	 3.77158309	 14.13	  3.09	 13.3190	 13.9790	 
m60831c1r5.htb	  90.0	  0.03	 2.000	 10.00	  0.00	 40.00	   0.0	 0.9550	 16.00	 0.0150	  1.84	  2.69	 1.065	 0.00000000	 0.612	  0.898	  0.96	  0.01	  0.9854	 0.0000	 0.70484975	 0.0000	 0.17112435	 0.9821	 14.71238796	 24.12	  2.39	 1.8184	 30.9068	 
m60831c1r5.htb	  90.0	  0.03	 2.000	 10.00	  0.00	 40.00	   1.0	 0.9550	 20.47	 0.0150	  3.22	  2.69	 1.006	 0.00000000	 0.690	  0.765	  0.96	  0.01	  0.9581	 0.0001	 0.75450598	 0.0000	 1.59279490	 0.6610	 18.89168305	 30.53	  2.09	 3.1802	 31.1924	 
m60831c4r5.htb	  50.0	  0.03	 8.000	  5.00	  0.00	 60.00	   0.0	 0.9550	 14.72	 0.0150	  3.18	  6.37	 1.385	 0.00119005	 0.655	  0.618	  0.96	  0.01	  0.9489	 0.0002	 0.57216409	 0.0000	 2.22353430	 0.5273	 15.92039801	 56.27	  1.84	 3.1560	 14.1098	 
m60831c4r5.htb	  50.0	  0.03	 8.000	  5.00	  0.00	 60.00	   1.0	 0.9550	 12.53	 0.0150	  2.89	  6.37	 1.454	 0.00000323	 0.678	  0.489	  0.96	  0.01	  0.8522	 0.0030	 0.65479727	 0.0000	 2.81982783	 0.4202	 13.68159204	 49.27	  1.37	 2.7818	 15.0786	 
m60901c4r5.htb	 180.0	  0.03	 2.000	 -5.00	 -5.00	 40.00	   0.0	 0.9550	 12.94	 0.0150	  2.55	  3.36	 1.084	 0.00000031	 0.726	  0.541	  0.96	  0.01	  0.8385	 0.0038	 0.70894057	 0.0000	 3.27364844	 0.3513	 10.40443023	 19.05	  3.93	 2.5542	 28.6300	 
m60901c4r5.htb	 180.0	  0.03	 2.000	 -5.00	 -5.00	 40.00	   1.0	 0.9550	 16.47	 0.0150	  3.36	  3.36	 1.038	 0.00000278	 0.657	  0.694	  0.96	  0.01	  0.9420	 0.0003	 0.76250818	 0.0000	 2.23751852	 0.5246	 18.90547264	 50.22	  1.33	 3.1909	 20.6538	 
m60907c1r5.htb	 180.0	  0.03	 2.000	 10.00	  8.00	 40.00	   0.0	 0.9550	  7.36	 0.0150	  3.13	  1.94	 0.781	 0.00002297	 0.517	  0.527	  0.96	  0.01	  0.9344	 0.0004	 0.35687245	 0.0000	 0.43785705	 0.9323	 4.33273503	 41.37	  4.46	 3.1271	 5.3198	 
m60907c1r5.htb	 180.0	  0.03	 2.000	 10.00	  8.00	 40.00	   1.0	 0.9550	 11.18	 0.0150	  2.71	  1.94	 0.882	 0.00000000	 0.642	  0.518	  0.96	  0.01	  0.9749	 0.0000	 0.69602569	 0.0000	 0.46200241	 0.9272	 11.59203980	 60.55	  2.19	 2.7086	 9.1222	 
m60907c2r5.htb	 120.0	  0.03	 2.000	 10.00	 -10.00	 40.00	   0.0	 0.9550	  2.40	 0.0150	  0.37	  0.80	 1.278	 0.00023743	 0.474	  0.527	  0.96	  0.01	  0.9911	 0.0000	 0.32556196	 0.0000	 0.01227433	 0.9996	 2.13990509	 19.35	  1.94	 0.3505	 5.5970	 
m60907c2r5.htb	 120.0	  0.03	 2.000	 10.00	 -10.00	 40.00	   1.0	 0.9550	  3.64	 0.0150	  0.20	  0.80	 1.232	 0.00000001	 0.561	  0.596	  0.96	  0.01	  0.9498	 0.0002	 0.49821715	 0.0000	 0.17817923	 0.9810	 3.78109453	 25.78	  1.81	 0.1790	 7.4226	 
m60907c3r5.htb	 230.0	  0.03	 2.000	  0.00	 -15.00	 40.00	   0.0	 0.9550	 10.22	 0.0150	  8.01	  9.89	 6.930	 0.19192728	 0.296	  0.600	  0.96	  0.01	  0.7497	 0.0118	 0.05606118	 0.0102	 0.18870267	 0.9794	 3.36673501	 45.30	  1.04	 7.9176	 4.3496	 
m60907c3r5.htb	 230.0	  0.03	 2.000	  0.00	 -15.00	 40.00	   1.0	 0.9550	 13.08	 0.0150	  8.57	  9.89	 1.481	 0.00108436	 0.436	  0.569	  0.96	  0.01	  0.8778	 0.0019	 0.15724921	 0.0000	 0.27021149	 0.9655	 9.37972437	 100.00	  1.42	 8.5462	 5.0791	 
m61024c1r5.htb	   0.0	  0.03	 2.000	  0.00	 10.00	 40.00	   0.0	 0.9550	 24.29	 0.0150	 10.17	  8.56	 0.898	 0.00000198	 0.509	  0.938	  0.96	  0.01	  0.9722	 0.0000	 0.42030409	 0.0000	 0.16309698	 0.9833	 18.75471842	 58.85	  2.31	 10.1615	 15.1152	 
m61024c1r5.htb	   0.0	  0.03	 2.000	  0.00	 10.00	 40.00	   1.0	 0.9550	 23.16	 0.0150	  5.86	  8.56	 1.041	 0.00000000	 0.605	  0.947	  0.96	  0.01	  0.9639	 0.0001	 0.57563405	 0.0000	 1.41974888	 0.7009	 24.07960199	 43.71	  1.28	 5.5430	 30.1779	 
m61024c2r5.htb	   0.0	  0.03	 2.000	  0.00	  5.00	 40.00	   0.0	 0.9550	  9.48	 0.0150	  2.48	  3.18	 1.111	 0.00000000	 0.612	  0.512	  0.96	  0.01	  0.9840	 0.0000	 0.63714493	 0.0000	 0.14672056	 0.9857	 10.00000000	 68.19	  2.51	 2.4837	 6.6446	 
m61024c2r5.htb	   0.0	  0.03	 2.000	  0.00	  5.00	 40.00	   1.0	 0.9550	  9.23	 0.0150	  1.87	  3.18	 1.162	 0.00000000	 0.569	  0.651	  0.96	  0.01	  0.9935	 0.0000	 0.61883304	 0.0000	 0.01963555	 0.9993	 7.40511072	 20.85	  3.35	 1.8728	 18.5310	 
m61027c1r5.htb	   0.0	  0.03	 2.000	 10.00	 -10.00	 40.00	   0.0	 0.9550	 506.79	 0.0150	 16.46	 15.27	 0.998	 0.42877484	 0.314	 20.697	  0.96	  0.01	  0.9998	 0.0000	 0.08750771	 0.0129	 0.89184335	 0.8274	 1158.55194624	 100.00	  6.72	 16.4610	 304.1756	 
m61027c1r5.htb	   0.0	  0.03	 2.000	 10.00	 -10.00	 40.00	   1.0	 0.9550	 32.06	 0.0150	 14.10	 15.27	 0.998	 0.00000000	 0.642	  0.562	  0.96	  0.01	  0.9582	 0.0001	 0.62558025	 0.0000	 0.47526219	 0.9243	 19.97718365	 17.00	  1.47	 13.5508	 57.6117	 
m61027c2r5.htb	   0.0	  0.03	 2.000	  5.00	 -5.00	 40.00	   0.0	 0.9550	 11.73	 0.0150	  6.85	  6.97	 1.027	 0.00079173	 0.452	  0.503	  0.96	  0.01	  0.9593	 0.0001	 0.28631939	 0.0000	 0.09878579	 0.9920	 6.49876458	 49.66	  1.71	 6.8358	 6.6675	 
m61027c2r5.htb	   0.0	  0.03	 2.000	  5.00	 -5.00	 40.00	   1.0	 0.9550	 12.51	 0.0150	  6.66	  6.97	 1.044	 0.00000048	 0.547	  0.457	  0.96	  0.01	  0.9049	 0.0010	 0.41544743	 0.0000	 0.56977218	 0.9033	 6.50656581	 37.04	  2.33	 6.6527	 8.7688	 
m61106c4r5.htb	  90.0	  0.03	 2.000	  0.00	 -10.00	 40.00	   0.0	 0.9550	 20.77	 0.0150	 10.28	 10.90	 1.062	 0.00000004	 0.551	  0.632	  0.96	  0.01	  0.9774	 0.0000	 0.49050083	 0.0000	 0.28255319	 0.9633	 10.50476386	 49.98	 10.00	 10.2790	 11.0509	 
m61108c2r5.htb	 180.0	  0.03	 2.000	  0.00	 -10.00	 40.00	   0.0	 0.9550	 14.84	 0.0150	  6.81	  7.56	 1.196	 0.00000000	 0.630	  0.397	  0.96	  0.01	  0.9307	 0.0004	 0.55438365	 0.0000	 0.87192673	 0.8322	 15.17412935	 66.22	  0.81	 6.1364	 16.4705	 
m61108c3r5.htb	 180.0	  0.03	 2.000	 -10.00	 -20.00	 40.00	   0.0	 0.9550	 10.02	 0.0150	  5.18	  4.78	 0.989	 0.00000003	 0.579	  0.343	  0.96	  0.01	  0.9646	 0.0001	 0.49060801	 0.0000	 0.38888722	 0.9425	 7.75924899	 44.12	  0.91	 4.8344	 10.6748	 
m61108c5r5.htb	 180.0	  0.03	 2.000	  0.00	  0.00	 40.00	   0.0	 0.9550	 28.25	 0.0150	 12.68	 16.07	 1.349	 0.00000000	 0.679	  0.433	  0.96	  0.01	  0.9861	 0.0000	 0.73918700	 0.0000	 0.70484207	 0.8721	 29.15422886	 71.92	  0.90	 11.8146	 28.4251	 
m61128c2r5.htb	 180.0	  0.03	 2.000	  5.00	  0.00	 40.00	   0.0	 0.9550	 26.30	 0.0150	  8.37	  7.31	 0.948	 0.00000000	 0.623	  0.727	  0.96	  0.01	  0.9861	 0.0000	 0.67920380	 0.0000	 0.17375703	 0.9817	 18.40522228	 17.54	  2.25	 8.2961	 53.5770	 
m61201c3r5.htb	 270.0	  0.10	 2.000	 -5.00	 -10.00	 40.00	   0.0	 0.9550	 14.99	 0.0150	  8.65	  8.26	 0.942	 0.00000210	 0.501	  0.490	  0.96	  0.01	  0.9898	 0.0000	 0.42676554	 0.0000	 0.07312824	 0.9949	 6.39271494	 19.42	  3.07	 8.6475	 16.9124	 
