FILE			 PrfOR	 PrfSF	 PrfTF	 RFXctr	 RFYctr	 RFDiam	 GrType	 MaxLoc	 MaxRsp	 MinLoc	 MinRsp	 Spont	 CMI		 AnovaP	 SFDI  	 VarTerm	 MaxX 	 MinX 	 RsqMn	 PMean	 RsqRaw	 Praw		 Chi2		 ChiP		 Rmax			 C50		 n		 Offset	 Halfmax_slope	
m60321c1r5.htb	   0.0	  0.03	 2.000	  0.00	 -10.00	 50.00	   0.0	 0.9550	 11.67	 0.0150	  1.90	  3.63	 1.216	 0.00000000	 0.579	  1.044	  0.96	  0.01	  0.9106	 0.0008	 0.49031428	 0.0000	 1.03745587	 0.7922	 10.67859564	 37.90	  2.58	 1.8965	 13.9667	 
m60321c1r5.htb	   0.0	  0.03	 2.000	  0.00	 -10.00	 50.00	   1.0	 0.9550	 12.83	 0.0150	  1.35	  3.63	 1.236	 0.00000000	 0.580	  0.953	  0.96	  0.01	  0.9824	 0.0000	 0.59924321	 0.0000	 0.16985889	 0.9823	 13.43283582	 36.16	  1.85	 1.3160	 18.7993	 
m60321c2r5.htb	 270.0	  0.03	 2.000	 -10.00	 -10.00	 50.00	   0.0	 0.9550	  6.09	 0.0150	  1.27	  0.80	 0.915	 0.00000000	 0.558	  0.548	  0.96	  0.01	  0.9542	 0.0002	 0.54416486	 0.0000	 0.51722686	 0.9151	 6.51741294	 50.02	  1.64	 1.2463	 6.7026	 
m60321c2r5.htb	 270.0	  0.03	 2.000	 -10.00	 -10.00	 50.00	   1.0	 0.9550	  6.60	 0.0150	  1.90	  0.80	 0.858	 0.00000000	 0.589	  0.496	  0.96	  0.01	  0.9573	 0.0001	 0.52382301	 0.0000	 0.48297323	 0.9226	 5.52016011	 45.89	  2.39	 1.8986	 5.9230	 
m60321c3r5.htb	 270.0	  0.03	 2.000	 -5.00	 -15.00	 40.00	   0.0	 0.9550	 17.35	 0.0150	  5.83	  5.97	 1.013	 0.00000000	 0.649	  0.495	  0.96	  0.01	  0.9944	 0.0000	 0.74870302	 0.0000	 0.08203837	 0.9939	 11.90849718	 35.01	  3.39	 5.8252	 17.0765	 
m60321c3r5.htb	 270.0	  0.03	 2.000	 -5.00	 -15.00	 40.00	   1.0	 0.9550	 19.22	 0.0150	  6.54	  5.97	 0.983	 0.00000000	 0.715	  0.401	  0.96	  0.01	  0.9731	 0.0000	 0.78468091	 0.0000	 0.88464334	 0.8291	 15.64343288	 41.42	  1.77	 6.4922	 19.1934	 
m60322c1r5.htb	  60.0	  0.03	 4.000	 10.00	 -10.00	 50.00	   0.0	 0.9550	 12.29	 0.0150	  2.18	  1.94	 0.977	 0.00000000	 0.626	  0.692	  0.96	  0.01	  0.9724	 0.0000	 0.69635586	 0.0000	 0.75592217	 0.8600	 12.83582090	 52.54	  2.20	 2.1792	 11.8628	 
m60322c1r5.htb	  60.0	  0.03	 4.000	 10.00	 -10.00	 50.00	   1.0	 0.9550	 13.02	 0.0150	  1.71	  1.94	 1.007	 0.00000000	 0.712	  0.540	  0.96	  0.01	  0.9759	 0.0000	 0.79754040	 0.0000	 1.09553544	 0.7782	 14.42786070	 37.27	  1.43	 1.5691	 20.3658	 
m60322c3r5.htb	   0.0	  0.03	 4.000	  0.00	 -12.00	 50.00	   0.0	 0.9550	 16.82	 0.0150	  5.05	  5.07	 1.050	 0.00000000	 0.698	  0.413	  0.96	  0.01	  0.9825	 0.0000	 0.74552946	 0.0000	 0.33545025	 0.9532	 17.26368159	 39.46	  1.04	 4.4847	 24.9105	 
m60322c3r5.htb	   0.0	  0.03	 4.000	  0.00	 -12.00	 50.00	   1.0	 0.9550	 15.81	 0.0150	  5.86	  5.07	 0.995	 0.00000000	 0.661	  0.397	  0.96	  0.01	  0.9863	 0.0000	 0.78937104	 0.0000	 0.34853729	 0.9507	 10.06929503	 15.47	  2.58	 5.8329	 33.4881	 
m60323c1r5.htb	 130.0	  0.03	 2.000	 -10.00	 -20.00	 50.00	   0.0	 0.9550	 10.02	 0.0150	  3.90	  3.53	 0.943	 0.00000371	 0.529	  0.575	  0.96	  0.01	  0.9768	 0.0000	 0.41014837	 0.0000	 0.16574725	 0.9829	 10.29850746	 80.47	  2.23	 3.8994	 5.6876	 
m60323c1r5.htb	 130.0	  0.03	 2.000	 -10.00	 -20.00	 50.00	   1.0	 0.9550	 13.56	 0.0150	  3.77	  3.53	 0.966	 0.00000000	 0.629	  0.519	  0.96	  0.01	  0.9949	 0.0000	 0.66222310	 0.0000	 0.06093917	 0.9961	 12.05964910	 52.04	  2.41	 3.7720	 11.1473	 
m60323c2r5.htb	 360.0	  0.03	 2.000	 10.00	 -15.00	 60.00	   0.0	 0.9550	 10.25	 0.0150	  0.89	  2.59	 1.223	 0.00000103	 0.665	  0.651	  0.96	  0.01	  0.9567	 0.0001	 0.69166924	 0.0000	 0.63421741	 0.8886	 9.46839515	 19.80	  2.89	 0.8816	 24.8354	 
m60323c2r5.htb	 360.0	  0.03	 2.000	 10.00	 -15.00	 60.00	   1.0	 0.9550	 10.49	 0.0150	  1.49	  2.59	 1.179	 0.00000001	 0.716	  0.434	  0.96	  0.01	  0.9877	 0.0000	 0.79669678	 0.0000	 1.49430943	 0.6836	 9.02054659	 18.81	  3.58	 1.4928	 25.2550	 
m60323c3r5.htb	 220.0	  0.03	 2.000	  5.00	 -18.00	 40.00	   0.0	 0.9550	 16.34	 0.0150	  5.15	  5.52	 1.060	 0.00000000	 0.689	  0.403	  0.96	  0.01	  0.9952	 0.0000	 0.74114307	 0.0000	 0.07928597	 0.9942	 13.21838737	 24.64	  1.38	 4.8786	 27.2344	 
m60323c3r5.htb	 220.0	  0.03	 2.000	  5.00	 -18.00	 40.00	   1.0	 0.9550	 17.17	 0.0150	  5.15	  5.52	 1.053	 0.00000000	 0.653	  0.506	  0.96	  0.01	  0.9925	 0.0000	 0.71460271	 0.0000	 0.19625022	 0.9782	 13.01934418	 19.54	  1.69	 4.9790	 33.5701	 
m60324c1r5.htb	 240.0	  0.03	 2.000	  0.00	 -5.00	 50.00	   0.0	 0.9550	 20.16	 0.0150	  2.35	  3.07	 1.045	 0.00000000	 0.745	  0.529	  0.96	  0.01	  0.9701	 0.0001	 0.86812432	 0.0000	 1.74328220	 0.6274	 19.00903061	 25.99	  2.10	 2.3059	 37.0724	 
m60324c1r5.htb	 240.0	  0.03	 2.000	  0.00	 -5.00	 50.00	   1.0	 0.9550	 21.09	 0.0150	  1.96	  3.07	 1.061	 0.00000000	 0.737	  0.594	  0.96	  0.01	  0.9929	 0.0000	 0.88078503	 0.0000	 1.12723969	 0.7705	 20.89584042	 20.65	  1.67	 1.7046	 50.9876	 
m60324c2r5.htb	  40.0	  0.03	 2.000	  0.00	 -10.00	 40.00	   0.0	 0.9550	 12.62	 0.0150	  4.31	  3.33	 0.899	 0.00000000	 0.643	  0.455	  0.96	  0.01	  0.9563	 0.0001	 0.59204939	 0.0000	 0.63252200	 0.8889	 11.86007430	 54.44	  1.54	 4.2669	 11.4144	 
m60324c2r5.htb	  40.0	  0.03	 2.000	  0.00	 -10.00	 40.00	   1.0	 0.9550	 13.29	 0.0150	  4.43	  3.33	 0.902	 0.00000000	 0.597	  0.532	  0.96	  0.01	  0.9946	 0.0000	 0.58215413	 0.0000	 0.03967841	 0.9979	 9.48110839	 17.29	  1.72	 4.2888	 27.3448	 
m60324c3r5.htb	 180.0	  0.03	 2.000	  0.00	 -10.00	 40.00	   0.0	 0.9550	  4.99	 0.0150	  0.82	  2.54	 1.709	 0.00000000	 0.602	  0.496	  0.96	  0.01	  0.9684	 0.0001	 0.58230625	 0.0000	 0.36560222	 0.9473	 5.42288557	 43.95	  1.58	 0.7985	 6.4050	 
m60324c3r5.htb	 180.0	  0.03	 2.000	  0.00	 -10.00	 40.00	   1.0	 0.9550	  8.17	 0.0150	  0.87	  2.54	 1.379	 0.00000000	 0.718	  0.436	  0.96	  0.01	  0.9869	 0.0000	 0.78126007	 0.0000	 0.60715419	 0.8948	 8.70646766	 28.92	  1.46	 0.7573	 15.4755	 
m60405c1r5.htb	 240.0	  0.03	 2.000	 -5.00	 -10.00	 40.00	   0.0	 0.9550	 18.51	 0.0150	  4.40	  4.38	 1.003	 0.00000000	 0.707	  0.469	  0.96	  0.01	  0.9853	 0.0000	 0.81967274	 0.0000	 0.47557932	 0.9242	 18.40796020	 45.93	  1.65	 4.3315	 20.6006	 
m60405c1r5.htb	 240.0	  0.03	 2.000	 -5.00	 -10.00	 40.00	   1.0	 0.9550	 21.12	 0.0150	  4.42	  4.38	 1.000	 0.00000000	 0.673	  0.631	  0.96	  0.01	  0.9932	 0.0000	 0.77654322	 0.0000	 0.18734140	 0.9796	 18.22314616	 34.52	  2.36	 4.4067	 26.4175	 
m60405c2r5.htb	 270.0	  0.03	 2.000	 -10.00	 -15.00	 40.00	   0.0	 0.9550	 17.79	 0.0150	  3.69	  2.99	 0.954	 0.00000000	 0.695	  0.521	  0.96	  0.01	  0.9912	 0.0000	 0.80254357	 0.0000	 0.22388103	 0.9736	 17.78531573	 49.81	  2.07	 3.6736	 17.6069	 
m60405c2r5.htb	 270.0	  0.03	 2.000	 -10.00	 -15.00	 40.00	   1.0	 0.9550	 15.52	 0.0150	  2.73	  2.99	 0.991	 0.00000000	 0.725	  0.467	  0.96	  0.01	  0.9967	 0.0000	 0.82354204	 0.0000	 0.23857915	 0.9711	 16.06254442	 31.37	  1.32	 2.4507	 26.8656	 
m60405c3r4.htb	 270.0	  0.03	 2.000	 -5.00	 -15.00	 40.00	   0.0	 0.9550	 18.98	 0.0150	  5.85	  6.12	 1.021	 0.00000000	 0.709	  0.492	  0.96	  0.01	  0.9534	 0.0002	 0.74539501	 0.0000	 2.96846475	 0.3965	 14.28532573	 35.71	  2.47	 5.8481	 19.9268	 
m60405c3r4.htb	 270.0	  0.03	 2.000	 -5.00	 -15.00	 40.00	   1.0	 0.9550	 20.41	 0.0150	  4.97	  6.12	 1.059	 0.00000000	 0.756	  0.378	  0.96	  0.01	  0.9978	 0.0000	 0.88966697	 0.0000	 0.11376474	 0.9901	 17.52216732	 27.47	  1.67	 4.8314	 32.4586	 
m60405c4r5.htb	 300.0	  0.03	 2.000	  0.00	 -10.00	 40.00	   0.0	 0.9550	 12.85	 0.0150	  5.78	  5.47	 0.961	 0.00000000	 0.600	  0.424	  0.96	  0.01	  0.8906	 0.0014	 0.54197125	 0.0000	 1.14496767	 0.7662	 7.84732381	 31.23	  2.01	 5.7594	 12.6690	 
m60405c4r5.htb	 300.0	  0.03	 2.000	  0.00	 -10.00	 40.00	   1.0	 0.9550	 14.41	 0.0150	  5.51	  5.47	 0.989	 0.00000000	 0.682	  0.356	  0.96	  0.01	  0.9691	 0.0001	 0.70256011	 0.0000	 0.68710076	 0.8762	 10.20285893	 26.20	  1.57	 5.3990	 19.7974	 
m60406c1r5.htb	   0.0	  0.03	 2.000	  8.00	 -10.00	 40.00	   0.0	 0.9550	 14.21	 0.0150	  3.00	  3.23	 1.036	 0.00000000	 0.681	  0.569	  0.96	  0.01	  0.9360	 0.0004	 0.71382430	 0.0000	 1.45644292	 0.6924	 16.16915423	 49.46	  1.31	 2.8358	 17.9658	 
m60406c1r5.htb	   0.0	  0.03	 2.000	  8.00	 -10.00	 40.00	   1.0	 0.9550	 15.02	 0.0150	  3.36	  3.23	 1.016	 0.00000000	 0.668	  0.556	  0.96	  0.01	  0.9727	 0.0000	 0.71373965	 0.0000	 0.36682700	 0.9470	 11.93545706	 13.68	  2.17	 3.2628	 44.6265	 
m60406c2r5.htb	   0.0	  0.03	 2.000	  0.00	 -10.00	 40.00	   0.0	 0.9550	 28.36	 0.0150	 13.36	 12.44	 0.951	 0.00001486	 0.610	  0.538	  0.96	  0.01	  0.9956	 0.0000	 0.64592165	 0.0000	 0.06563506	 0.9956	 17.33291601	 28.91	  1.62	 13.2192	 30.5832	 
m60406c2r5.htb	   0.0	  0.03	 2.000	  0.00	 -10.00	 40.00	   1.0	 0.9550	 29.20	 0.0150	 12.56	 12.44	 0.984	 0.00000035	 0.668	  0.493	  0.96	  0.01	  0.9810	 0.0000	 0.73038205	 0.0000	 0.35344305	 0.9497	 19.10366182	 23.03	  1.46	 12.2128	 41.9756	 
m60406c3r5.htb	   0.0	  0.03	 2.000	  5.00	 -10.00	 30.00	   0.0	 0.9550	 23.59	 0.0150	 15.00	 16.57	 1.225	 0.00005010	 0.512	  0.549	  0.96	  0.01	  0.9590	 0.0001	 0.34975317	 0.0000	 0.16528070	 0.9830	 9.17601657	 26.55	  2.12	 14.9839	 17.4830	 
m60406c3r5.htb	   0.0	  0.03	 2.000	  5.00	 -10.00	 30.00	   1.0	 0.9550	 26.68	 0.0150	 14.70	 16.57	 1.229	 0.00000001	 0.594	  0.498	  0.96	  0.01	  0.9355	 0.0004	 0.49468240	 0.0000	 0.64356553	 0.8864	 25.43637325	 100.00	  0.95	 14.2349	 18.9098	 
m60411c2r5.htb	 180.0	  0.03	 2.000	 -10.00	  5.00	 40.00	   0.0	 0.9550	  8.35	 0.0150	  0.97	  0.60	 0.952	 0.00000000	 0.667	  0.553	  0.96	  0.01	  0.9907	 0.0000	 0.77427407	 0.0000	 2.05725941	 0.5606	 8.65671642	 47.12	  2.48	 0.9709	 8.9907	 
m60411c2r5.htb	 180.0	  0.03	 2.000	 -10.00	  5.00	 40.00	   1.0	 0.9550	 11.63	 0.0150	  0.51	  0.60	 0.991	 0.00000000	 0.708	  0.598	  0.96	  0.01	  0.9820	 0.0000	 0.83044866	 0.0000	 0.59013768	 0.8987	 12.33830846	 32.22	  2.05	 0.4871	 19.2761	 
m60412c1r5.htb	 240.0	  0.03	 2.000	 -10.00	 -10.00	 40.00	   0.0	 0.9550	 14.04	 0.0150	  0.08	  0.50	 1.034	 0.00000000	 0.736	  0.649	  0.96	  0.01	  0.9910	 0.0000	 0.88473162	 0.0000	 0.40390439	 0.9394	 14.71215352	 23.45	  2.12	 0.0408	 31.7721	 
m60412c1r5.htb	 240.0	  0.03	 2.000	 -10.00	 -10.00	 40.00	   1.0	 0.9550	 15.13	 0.0150	  0.41	  0.50	 1.019	 0.00000000	 0.722	  0.639	  0.96	  0.01	  0.9860	 0.0000	 0.88213602	 0.0000	 0.47523849	 0.9243	 14.72635331	 13.28	  4.83	 0.4052	 58.8453	 
m60412c2r5.htb	   0.0	  0.03	 2.000	 -10.00	 -15.00	 40.00	   0.0	 0.9550	 15.32	 0.0150	  0.87	  0.95	 1.014	 0.00000000	 0.720	  0.592	  0.96	  0.01	  0.9752	 0.0000	 0.86381768	 0.0000	 1.03790455	 0.7921	 16.36815920	 27.25	  1.68	 0.7397	 30.5414	 
m60412c2r5.htb	   0.0	  0.03	 2.000	 -10.00	 -15.00	 40.00	   1.0	 0.9550	 15.70	 0.0150	  1.07	  0.95	 1.005	 0.00000000	 0.715	  0.599	  0.96	  0.01	  0.9770	 0.0000	 0.85617793	 0.0000	 1.25922570	 0.7388	 15.57213930	 23.40	  2.00	 1.0042	 33.7141	 
m70918c1r5.htb	 240.0	  0.03	 2.000	 -3.00	 -3.00	 35.00	   0.0	 0.9550	  5.44	 0.0150	  4.40	  3.65	 0.579	 0.29408859	 0.219	  0.524	  0.96	  0.01	  0.9004	 0.0011	 0.03149527	 0.0100	 0.04896307	 0.9972	 2.20116538	 100.00	  2.38	 4.4045	 0.8629	 
m70918c2r5.htb	   0.0	  0.03	 2.000	  0.00	  0.00	 35.00	   0.0	 0.9550	  5.27	 0.0150	  3.15	  3.88	 1.560	 0.67067482	 0.254	  0.867	  0.96	  0.01	  0.8213	 0.0049	 0.04956655	 0.0640	 0.07365572	 0.9948	 2.98591102	 44.07	  1.26	 3.1030	 3.7320	 
m70919c1r5.htb	   0.0	  0.03	 2.000	 -3.00	 -2.00	 35.00	   0.0	 0.9550	 12.68	 0.0150	  2.16	  4.13	 1.230	 0.00000000	 0.544	  1.023	  0.96	  0.01	  0.9785	 0.0000	 0.53366511	 0.0000	 0.21446796	 0.9752	 11.59195698	 46.26	  3.15	 2.1628	 12.3662	 
m70919c2r5.htb	   0.0	  0.03	 2.000	 -5.00	 -10.00	 35.00	   0.0	 0.9550	  3.69	 0.0150	  1.08	  1.94	 1.502	 0.00000055	 0.552	  0.435	  0.96	  0.01	  0.9618	 0.0001	 0.43928450	 0.0000	 0.32713201	 0.9548	 3.28769699	 38.34	  1.53	 1.0591	 4.4538	 
m70919c3r5.htb	   0.0	  0.03	 2.000	 -3.00	  2.00	 30.00	   0.0	 0.9550	  7.16	 0.0150	  0.88	  0.80	 0.987	 0.00000000	 0.652	  0.481	  0.96	  0.01	  0.9938	 0.0000	 0.70101244	 0.0000	 0.13125494	 0.9878	 7.00098863	 37.59	  2.32	 0.8772	 9.2626	 
m70920c1r5.htb	   0.0	  0.03	 2.000	  0.00	  3.00	 40.00	   0.0	 0.9550	 11.03	 0.0150	  3.47	  3.93	 1.065	 0.00000010	 0.498	  0.786	  0.96	  0.01	  0.9838	 0.0000	 0.48008389	 0.0000	 0.03447109	 0.9983	 7.70445557	 25.98	  3.09	 3.4651	 15.2653	 
m70920c3r5.htb	   0.0	  0.03	 2.000	  5.00	 -10.00	 35.00	   0.0	 0.9550	 26.59	 0.0150	  6.08	  6.07	 1.000	 0.00000000	 0.687	  0.660	  0.96	  0.01	  0.9941	 0.0000	 0.78688048	 0.0000	 0.20232669	 0.9772	 20.83567480	 24.42	  3.06	 6.0732	 43.6210	 
m70925c1r5.htb	   0.0	  0.03	 2.000	  0.00	 -5.00	 50.00	   0.0	 0.9550	  6.18	 0.0150	  1.29	  3.53	 1.847	 0.00000000	 0.555	  0.673	  0.96	  0.01	  0.9409	 0.0003	 0.52349324	 0.0000	 0.65901449	 0.8828	 4.89275895	 24.16	 10.00	 1.2893	 10.9055	 
m70925c2r5.htb	   0.0	  0.03	 2.000	  8.00	 -8.00	 35.00	   0.0	 0.9550	 12.09	 0.0150	  0.97	  1.34	 1.040	 0.00000000	 0.662	  0.645	  0.96	  0.01	  0.9884	 0.0000	 0.77791386	 0.0000	 0.34351727	 0.9516	 12.03980100	 25.53	  1.93	 0.9182	 23.8756	 
m70925c3r5.htb	   0.0	  0.03	 2.000	  0.00	 -5.00	 25.00	   0.0	 0.9550	  7.04	 0.0150	  1.30	  1.09	 0.966	 0.00000004	 0.568	  0.781	  0.96	  0.01	  0.9128	 0.0008	 0.45783148	 0.0000	 0.64566204	 0.8859	 5.73794479	 24.46	 10.00	 1.2978	 12.0468	 
m71003c1r5.htb	   0.0	  0.03	 2.000	 -3.00	  3.00	 35.00	   0.0	 0.9550	  7.87	 0.0150	  0.75	  1.34	 1.098	 0.00000000	 0.683	  0.473	  0.96	  0.01	  0.9939	 0.0000	 0.75415232	 0.0000	 0.19446217	 0.9785	 7.76119403	 24.86	  1.84	 0.7032	 15.8115	 
m71003c2r5.htb	   0.0	  0.03	 2.000	  0.00	  0.00	 40.00	   0.0	 0.9550	  9.94	 0.0150	  2.50	  2.94	 1.063	 0.00000003	 0.543	  0.741	  0.96	  0.01	  0.9833	 0.0000	 0.50201174	 0.0000	 0.32594883	 0.9551	 7.44981629	 16.38	  4.14	 2.4950	 23.6338	 
m71004c1r5.htb	   0.0	  0.03	 2.000	  5.00	  0.00	 35.00	   0.0	 0.9550	 12.70	 0.0150	  2.87	  3.03	 1.045	 0.00000000	 0.612	  0.622	  0.96	  0.01	  0.9938	 0.0000	 0.59895704	 0.0000	 0.06220143	 0.9960	 13.43283582	 38.02	  1.20	 2.5982	 19.2751	 
m71004c2r5.htb	   0.0	  0.03	 2.000	  0.00	 10.00	 25.00	   0.0	 0.9550	 12.88	 0.0150	  5.25	  4.98	 0.966	 0.00000631	 0.504	  0.801	  0.96	  0.01	  0.9180	 0.0007	 0.37558054	 0.0000	 0.23069454	 0.9725	 7.63730735	 20.75	  5.39	 5.2469	 19.9112	 
m71005c1r5.htb	   0.0	  0.03	 2.000	  0.00	  0.00	 40.00	   0.0	 0.9550	  3.42	 0.0150	  1.29	  2.21	 1.848	 0.00001245	 0.405	  0.557	  0.96	  0.01	  0.9889	 0.0000	 0.21229149	 0.0000	 0.03741482	 0.9981	 3.60696517	 58.81	  0.98	 1.1942	 3.9471	 
m71005c2r5.htb	   0.0	  0.03	 2.000	  0.00	  5.00	 35.00	   0.0	 0.9550	  6.84	 0.0150	  3.90	  4.68	 1.358	 0.00079119	 0.492	  0.411	  0.96	  0.01	  0.9194	 0.0006	 0.27442143	 0.0000	 0.24131115	 0.9707	 3.45252866	 47.41	  2.51	 3.9005	 3.5489	 
m71016c1r5.htb	  90.0	  0.03	 2.000	  0.00	 -12.00	 40.00	   0.0	 0.9550	 21.78	 0.0150	 11.65	 16.74	 2.164	 0.01014636	 0.345	  1.250	  0.96	  0.01	  0.9316	 0.0004	 0.10887789	 0.0001	 0.05725562	 0.9964	 22.22687478	 100.00	  0.79	 10.8711	 18.9577	 
m71129c1r5.htb	   0.0	  0.03	 2.000	  0.00	 -7.00	 40.00	   0.0	 0.9550	  9.27	 0.0150	  0.08	  0.35	 1.031	 0.00000000	 0.707	  0.634	  0.96	  0.01	  0.9815	 0.0000	 0.79742300	 0.0000	 1.07091746	 0.5854	 9.45273632	 47.37	  5.11	 0.0760	 10.1240	 
m71129c2r5.htb	   0.0	  0.03	 2.000	  0.00	 -8.00	 30.00	   0.0	 0.9550	  6.89	 0.0150	  0.08	  0.10	 1.002	 0.00000000	 0.641	  0.754	  0.96	  0.01	  0.9603	 0.0001	 0.63528008	 0.0000	 0.65637104	 0.7202	 7.36318408	 56.53	  4.78	 0.0846	 6.3984	 
m71129c3r5.htb	 120.0	  0.03	 2.000	  5.00	 -5.00	 40.00	   0.0	 0.9550	 13.33	 0.0150	  0.14	  1.49	 1.114	 0.00000000	 0.693	  0.806	  0.96	  0.01	  0.9895	 0.0000	 0.74397137	 0.0000	 2.14962374	 0.5419	 14.07960199	 52.30	  4.49	 0.1396	 13.3243	 
m71203c1r5.htb	   0.0	  0.03	 2.000	  0.00	 -10.00	 40.00	   0.0	 0.9550	  5.61	 0.0150	  2.69	  3.06	 1.144	 0.00109897	 0.390	  0.827	  0.96	  0.01	  0.6443	 0.0298	 0.09785080	 0.0002	 0.42675405	 0.9347	 5.94527363	 96.61	  3.44	 2.6935	 2.1445	 
m71204c1r5.htb	   0.0	  0.03	 2.000	 -5.00	 -10.00	 30.00	   0.0	 0.9550	 13.78	 0.0150	  3.10	  4.68	 1.174	 0.00000000	 0.687	  0.509	  0.96	  0.01	  0.9883	 0.0000	 0.72747630	 0.0000	 0.36853318	 0.9467	 14.22885572	 60.62	  2.43	 3.0965	 11.0177	 
m71205c2r5.htb	   0.0	  0.03	 2.000	  0.00	  3.00	 30.00	   0.0	 0.9550	 16.93	 0.0150	  2.90	  2.96	 1.019	 0.00000000	 0.567	  0.926	  0.96	  0.01	  0.9756	 0.0000	 0.59301458	 0.0000	 0.16450288	 0.9831	 15.09427998	 18.49	  1.71	 2.6964	 40.8206	 
m71205c3r5.htb	   0.0	  0.03	 2.000	  5.00	  5.00	 30.00	   0.0	 0.9550	 38.83	 0.0150	  7.45	  7.21	 1.046	 0.00000000	 0.615	  1.132	  0.96	  0.01	  0.9966	 0.0000	 0.61906356	 0.0000	 0.03134500	 0.9985	 39.60199005	 23.05	  1.14	 5.7653	 85.4650	 
m71206c1r5.htb	   0.0	  0.03	 2.000	 -5.00	 -10.00	 30.00	   0.0	 0.9550	 36.10	 0.0150	 20.33	 22.44	 1.157	 0.00000428	 0.529	  0.787	  0.96	  0.01	  0.9172	 0.0007	 0.38248742	 0.0000	 0.52983719	 0.9123	 19.57152284	 45.12	  1.91	 20.2973	 21.7370	 
m71210c1r5.htb	   0.0	  0.03	 2.000	  0.00	  0.00	 40.00	   0.0	 0.9550	  4.16	 0.0150	  1.86	  2.59	 1.463	 0.01206820	 0.387	  0.720	  0.96	  0.01	  0.8848	 0.0016	 0.10085532	 0.0001	 0.16524254	 0.9830	 3.24034074	 62.73	  2.14	 1.8577	 2.4660	 
m71211c1r5.htb	   0.0	  0.03	 2.000	 -5.00	 -15.00	 40.00	   0.0	 0.9550	  9.93	 0.0150	  1.96	  1.79	 0.980	 0.00000000	 0.661	  0.541	  0.96	  0.01	  0.9640	 0.0001	 0.71601698	 0.0000	 0.75887940	 0.8593	 10.29850746	 50.66	  1.94	 1.9507	 10.0863	 
m71211c2r5.htb	   0.0	  0.03	 2.000	  0.00	 -15.00	 40.00	   0.0	 0.9550	 22.78	 0.0150	 16.39	 16.57	 1.028	 0.00143709	 0.445	  0.530	  0.96	  0.01	  0.9253	 0.0005	 0.26174998	 0.0000	 0.23791427	 0.9712	 6.61052117	 40.53	  3.90	 16.3946	 8.2495	 
m71211c3r5.htb	   0.0	  0.03	 2.000	  0.00	 -15.00	 40.00	   0.0	 0.9550	 24.13	 0.0150	 14.23	 13.53	 0.955	 0.00000024	 0.552	  0.495	  0.96	  0.01	  0.9556	 0.0001	 0.45075351	 0.0000	 0.25517509	 0.9682	 16.62973088	 64.97	  1.14	 14.0114	 15.5136	 
m71218c1r5.htb	 240.0	  0.03	 2.000	  0.00	  0.00	 30.00	   0.0	 0.9550	 24.14	 0.0150	  6.78	  4.63	 0.900	 0.00000000	 0.651	  0.649	  0.96	  0.01	  0.9463	 0.0002	 0.69507891	 0.0000	 1.36406038	 0.7140	 24.27860697	 47.42	  1.37	 6.5759	 27.6472	 
m71218c2r5.htb	   0.0	  0.03	 2.000	  0.00	  0.00	 20.00	   0.0	 0.9550	  6.60	 0.0150	  0.05	  0.35	 1.051	 0.00000000	 0.735	  0.476	  0.96	  0.01	  0.9569	 0.0001	 0.70645194	 0.0000	 0.90117012	 0.8251	 8.05970149	 40.92	  1.75	 0.0280	 10.0178	 
m71218c3r5.htb	 270.0	  0.03	 2.000	  0.00	  0.00	 40.00	   0.0	 0.9550	 15.15	 0.0150	  1.11	  2.49	 1.116	 0.00000000	 0.697	  0.644	  0.96	  0.01	  0.9947	 0.0000	 0.78055666	 0.0000	 0.21468378	 0.9752	 16.26865672	 31.20	  1.69	 1.0173	 26.5710	 
m71219c1r5.htb	   0.0	  0.03	 2.000	  0.00	  0.00	 20.00	   0.0	 0.9550	  1.51	 0.0150	  0.48	  0.70	 1.272	 0.00000017	 0.476	  0.448	  0.96	  0.01	  0.8120	 0.0056	 0.21821300	 0.0000	 0.93753330	 0.8164	 1.08423280	 28.49	  2.59	 0.4745	 1.9348	 
m71219c2r5.htb	 150.0	  0.03	 2.000	  5.00	  5.00	 20.00	   0.0	 0.9550	  3.60	 0.0150	  0.11	  0.50	 1.127	 0.00000001	 0.590	  0.609	  0.96	  0.01	  0.9865	 0.0000	 0.51527503	 0.0000	 0.19597682	 0.9782	 4.32835821	 48.29	  2.10	 0.1047	 4.4132	 
m71231c1r5.htb	 270.0	  0.03	 2.000	  8.00	 -12.00	 35.00	   0.0	 0.9550	 12.10	 0.0150	  1.28	  1.39	 1.013	 0.00000000	 0.685	  0.571	  0.96	  0.01	  0.9953	 0.0000	 0.82517736	 0.0000	 0.11643633	 0.9898	 12.78606965	 38.75	  1.91	 1.2497	 16.6158	 
m71231c2r5.htb	   0.0	  0.03	 2.000	 -5.00	 -10.00	 35.00	   0.0	 0.9550	 17.46	 0.0150	  5.74	  5.82	 1.011	 0.00000000	 0.581	  0.706	  0.96	  0.01	  0.9565	 0.0001	 0.53311891	 0.0000	 0.24554291	 0.9699	 18.60696517	 66.92	  1.53	 5.6873	 14.6168	 
m71231c3r5.htb	 270.0	  0.03	 2.000	 -10.00	 -10.00	 25.00	   0.0	 0.9550	 17.14	 0.0150	 12.50	 12.69	 1.042	 0.03001894	 0.422	  0.549	  0.96	  0.01	  0.8112	 0.0057	 0.15697391	 0.0007	 0.47511618	 0.9243	 9.68982323	 100.00	  1.86	 12.4975	 4.3828	 
m80102c1r5.htb	 270.0	  0.03	 2.000	  0.00	 -20.00	 40.00	   0.0	 0.9550	  8.53	 0.0150	  1.92	  1.54	 0.955	 0.00000000	 0.604	  0.549	  0.96	  0.01	  0.9929	 0.0000	 0.61842480	 0.0000	 0.19790470	 0.9779	 8.90547264	 44.86	  1.45	 1.8583	 10.5211	 
m80102c2r5.htb	   0.0	  0.03	 2.000	  0.00	 -15.00	 30.00	   0.0	 0.9550	 15.67	 0.0150	  4.81	  7.01	 1.314	 0.00000000	 0.671	  0.451	  0.96	  0.01	  0.9847	 0.0000	 0.71139904	 0.0000	 0.29878283	 0.9603	 16.46766169	 43.52	  1.02	 4.2969	 22.1129	 
m80102c3r5.htb	   0.0	  0.03	 2.000	 10.00	 -18.00	 30.00	   0.0	 0.9550	  1.92	 0.0150	  0.48	  0.60	 1.108	 0.00011588	 0.489	  0.410	  0.96	  0.01	  0.9052	 0.0010	 0.31277787	 0.0000	 0.49644777	 0.9197	 1.87548167	 36.56	  1.33	 0.4537	 2.7255	 
m80103c1r5.htb	   0.0	  0.03	 2.000	  0.00	 -10.00	 30.00	   0.0	 0.9550	 25.20	 0.0150	  4.49	  4.88	 1.020	 0.00000000	 0.672	  0.729	  0.96	  0.01	  0.9963	 0.0000	 0.80157094	 0.0000	 0.12852086	 0.9882	 25.72139303	 47.40	  2.03	 4.4682	 26.8751	 
m80103c2r5.htb	   0.0	  0.03	 2.000	  0.00	 -20.00	 35.00	   0.0	 0.9550	  4.97	 0.0150	  1.13	  2.09	 1.428	 0.00000000	 0.569	  0.464	  0.96	  0.01	  0.9138	 0.0008	 0.50563715	 0.0000	 0.66564299	 0.8813	 5.37313433	 28.68	  0.99	 0.8550	 9.8458	 
m80103c3r5.htb	   0.0	  0.03	 2.000	  8.00	 -10.00	 30.00	   0.0	 0.9550	 15.19	 0.0150	  7.06	  6.37	 0.925	 0.00000001	 0.571	  0.479	  0.96	  0.01	  0.9822	 0.0000	 0.52404588	 0.0000	 0.14157772	 0.9864	 11.90417699	 59.80	  1.67	 7.0313	 10.1704	 
m80103c4r5.htb	 120.0	  0.03	 2.000	 -8.00	 -15.00	 30.00	   0.0	 0.9550	 27.35	 0.0150	 11.93	 11.79	 1.003	 0.00000000	 0.603	  0.623	  0.96	  0.01	  0.9775	 0.0000	 0.55677147	 0.0000	 0.32907221	 0.9545	 19.77745789	 38.33	  1.44	 11.7507	 27.1043	 
m80104c1r5.htb	   0.0	  0.03	 2.000	 -10.00	 -10.00	 25.00	   0.0	 0.9550	 19.44	 0.0150	  6.73	  6.42	 0.976	 0.00000000	 0.600	  0.692	  0.96	  0.01	  0.9760	 0.0000	 0.64996477	 0.0000	 0.25435636	 0.9684	 12.72288505	 49.27	 10.00	 6.7332	 13.2800	 
