FILE			 PrfOR	 PrfSF	 PrfTF	 RFXctr	 RFYctr	 RFDiam	 GrType	 MaxLoc	 MaxRsp	 MinLoc	 MinRsp	 Spont	 SFMI		 AnovaP	 SFDI  	 VarTerm	 MaxX 	 MinX 	 SFHWHM	 SFHW25	 SFHW20	 SFHW15	 SFHW10	 RsqMn	 PMean	 RsqRaw	 Praw		 Chi2		 ChiP		 Brat		 Ampl		 Peak		 SD		 Offst		
m60201c1r3.htb	  30.0	  0.03	 2.000	  0.00	 -5.00	 50.00	   0.0	 0.0250	  1.79	 1.6000	  0.57	  0.87	 1.324	 0.28839092	 0.339	  0.723	  1.60	  0.03	  0.0500	  0.0860	  0.0970	  0.1130	  0.1360	 0.7438	 0.01250393	 0.1101	 0.01856949	 0.2115	 0.89966432	  0.57	  1.22	 0.0250	 0.7356	 0.0100	
m60201c1r3.htb	  30.0	  0.03	 2.000	  0.00	 -5.00	 50.00	   1.0	 0.0250	  1.73	 0.0260	  0.75	  0.87	 1.240	 0.15582313	 0.352	  0.669	  1.60	  0.03	  0.0020	  0.0020	  0.0020	  0.0020	  0.0020	 0.4252	 0.11248129	 0.0801	 0.04648771	 0.8806	 0.64384842	  0.75	  0.98	 0.0250	 0.0001	 0.0001	
m60208c1r2.htb	  30.0	  0.03	 2.000	  0.00	  0.00	 45.00	   0.0	 0.0500	 15.84	 1.6000	  2.99	  4.18	 1.106	 0.00000000	 0.694	  0.500	  1.60	  0.03	  0.1310	  0.2460	  0.2860	  0.3410	  0.4250	 0.9902	 0.00000325	 0.7753	 0.00000000	 0.4012	 0.81824010	  2.95	 12.90	 0.0501	 0.9784	 0.0100	
m60208c1r2.htb	  30.0	  0.03	 2.000	  0.00	  0.00	 45.00	   1.0	 0.0480	 18.94	 1.6000	  3.52	  4.18	 1.071	 0.00000000	 0.733	  0.455	  1.60	  0.03	  0.1310	  0.2460	  0.2870	  0.3420	  0.4270	 0.9948	 0.00000066	 0.8208	 0.00000000	 0.1557	 0.92511916	  3.46	 15.48	 0.0484	 0.9935	 0.0098	
m60213c1r3.htb	  30.0	  0.05	 2.000	 -5.00	 10.00	 40.00	   0.0	 0.0250	 11.52	 1.6000	  3.86	  3.68	 0.982	 0.00000000	 0.557	  0.625	  1.60	  0.03	  0.0980	  0.1990	  0.2370	  0.2900	  0.3740	 0.9400	 0.00030579	 0.5153	 0.00000000	 0.4085	 0.81527459	  3.82	  7.70	 0.0250	 1.2107	 0.0057	
m60213c1r3.htb	  30.0	  0.05	 2.000	 -5.00	 10.00	 40.00	   1.0	 0.0250	 12.70	 1.6000	  4.05	  3.68	 0.971	 0.00000000	 0.588	  0.575	  1.60	  0.03	  0.0810	  0.1640	  0.1950	  0.2390	  0.3090	 0.9845	 0.00001020	 0.6211	 0.00000000	 0.1289	 0.93759383	  4.02	  8.67	 0.0250	 1.2108	 0.0001	
m60217c1r2.htb	  30.0	  0.03	 2.000	 10.00	 15.00	 50.00	   0.0	 0.0440	 11.80	 1.6000	  6.80	  5.42	 0.784	 0.00003333	 0.470	  0.488	  1.60	  0.03	  0.0950	  0.1700	  0.1960	  0.2310	  0.2830	 0.8971	 0.00119907	 0.3353	 0.00000015	 0.4648	 0.79263347	  6.80	  5.00	 0.0440	 0.8511	 0.0100	
m60217c1r2.htb	  30.0	  0.03	 2.000	 10.00	 15.00	 50.00	   1.0	 0.0250	 12.08	 1.6000	  5.87	  5.42	 0.889	 0.00000472	 0.525	  0.541	  1.60	  0.03	  0.1510	  0.3490	  0.4260	  0.5330	  0.6930	 0.8695	 0.00219293	 0.3609	 0.00000004	 0.5527	 0.75853426	  5.53	  6.56	 0.0250	 1.7138	 0.0001	
m60220c2r2.htb	   0.0	  0.03	 2.000	  0.00	 15.00	 60.00	   0.0	 0.0250	 10.14	 1.6000	  6.41	  5.30	 0.771	 0.00086337	 0.406	  0.705	  1.60	  0.03	  0.0580	  0.1090	  0.1270	  0.1520	  0.1900	 0.7651	 0.00996861	 0.1190	 0.00003004	 0.2937	 0.86342115	  6.41	  3.73	 0.0250	 0.9978	 0.0001	
m60220c2r2.htb	   0.0	  0.03	 2.000	  0.00	 15.00	 60.00	   1.0	 0.0270	 12.81	 1.6000	  6.70	  5.30	 0.801	 0.00000002	 0.475	  0.672	  1.60	  0.03	  0.0300	  0.0470	  0.0520	  0.0590	  0.0680	 0.9247	 0.00054344	 0.2715	 0.00000000	 0.2733	 0.87228632	  6.70	  6.11	 0.0269	 0.4823	 0.0100	
m60220c3r2.htb	  30.0	  0.03	 2.000	 10.00	 10.00	 50.00	   0.0	 0.0250	  6.62	 1.6000	  1.65	  1.84	 1.041	 0.00000000	 0.585	  0.553	  1.60	  0.03	  0.0490	  0.0890	  0.1030	  0.1220	  0.1510	 0.9313	 0.00043047	 0.5253	 0.00000000	 0.6018	 0.74015565	  1.65	  4.98	 0.0250	 0.9041	 0.0001	
m60220c3r2.htb	  30.0	  0.03	 2.000	 10.00	 10.00	 50.00	   1.0	 0.0250	  6.22	 1.6000	  1.62	  1.84	 1.046	 0.00000115	 0.531	  0.618	  1.60	  0.03	  0.0740	  0.1470	  0.1740	  0.2120	  0.2710	 0.9281	 0.00048289	 0.4110	 0.00000000	 0.3514	 0.83887347	  1.61	  4.61	 0.0250	 1.1514	 0.0001	
m60220c6r3.htb	  30.0	  0.03	 2.000	  0.00	 10.00	 40.00	   0.0	 0.0340	 39.23	 1.6000	  7.94	  3.13	 0.867	 0.00000000	 0.755	  0.570	  1.60	  0.03	  0.0430	  0.0690	  0.0780	  0.0880	  0.1030	 0.9885	 0.00000485	 0.9119	 0.00000000	 0.9359	 0.62627785	  7.94	 31.29	 0.0343	 0.5558	 0.0100	
m60220c6r3.htb	  30.0	  0.03	 2.000	  0.00	 10.00	 40.00	   1.0	 0.0360	 44.75	 1.6000	 13.94	  3.13	 0.795	 0.00000000	 0.704	  0.610	  1.60	  0.03	  0.0360	  0.0590	  0.0660	  0.0760	  0.0890	 0.9939	 0.00000099	 0.8434	 0.00000000	 0.1885	 0.91003343	 13.94	 30.82	 0.0355	 0.5795	 0.0001	
m60221c1r2.htb	   0.0	  0.05	 2.000	 -10.00	 10.00	 50.00	   0.0	 0.0410	  6.71	 1.6000	  0.71	  0.85	 1.030	 0.00000000	 0.635	  0.497	  1.60	  0.03	  0.1300	  0.2530	  0.2970	  0.3570	  0.4500	 0.9585	 0.00012127	 0.6611	 0.00000000	 1.3822	 0.50103008	  0.67	  6.04	 0.0408	 1.0780	 0.0100	
m60221c1r2.htb	   0.0	  0.05	 2.000	 -10.00	 10.00	 50.00	   1.0	 0.0460	  7.48	 1.6000	  1.33	  0.85	 0.972	 0.00000000	 0.631	  0.445	  1.60	  0.03	  0.1030	  0.1870	  0.2150	  0.2540	  0.3130	 0.9688	 0.00005892	 0.6790	 0.00000000	 0.5364	 0.76473960	  1.33	  6.15	 0.0458	 0.8799	 0.0100	
m60221c2r2.htb	   0.0	  0.03	 4.000	 -10.00	 10.00	 60.00	   0.0	 0.0250	 14.08	 1.6000	  6.10	  6.12	 1.008	 0.00000000	 0.625	  0.454	  1.60	  0.03	  0.1080	  0.2180	  0.2590	  0.3160	  0.4060	 0.9015	 0.00107324	 0.5448	 0.00000000	 1.5876	 0.45212532	  6.06	  8.02	 0.0250	 1.1919	 0.0100	
m60221c2r2.htb	   0.0	  0.03	 4.000	 -10.00	 10.00	 60.00	   1.0	 0.0250	 13.97	 1.6000	  6.25	  6.12	 1.014	 0.00000000	 0.589	  0.443	  1.60	  0.03	  0.1590	  0.3450	  0.4150	  0.5130	  0.6600	 0.9600	 0.00011029	 0.5302	 0.00000000	 0.3637	 0.83370765	  5.96	  8.01	 0.0250	 1.4854	 0.0100	
m60221c3r2.htb	   0.0	  0.03	 2.000	  3.00	  8.00	 50.00	   0.0	 0.0250	 17.90	 1.6000	  3.05	  1.14	 0.886	 0.00000000	 0.753	  0.457	  1.60	  0.03	  0.0380	  0.0660	  0.0760	  0.0880	  0.1060	 0.9882	 0.00000511	 0.8486	 0.00000000	 0.6977	 0.70548210	  3.05	 14.85	 0.0250	 0.7658	 0.0001	
m60221c3r2.htb	   0.0	  0.03	 2.000	  3.00	  8.00	 50.00	   1.0	 0.0250	 19.13	 1.6000	  3.44	  1.14	 0.879	 0.00000000	 0.727	  0.509	  1.60	  0.03	  0.0450	  0.0810	  0.0930	  0.1090	  0.1330	 0.9869	 0.00000672	 0.8332	 0.00000000	 1.7256	 0.42198026	  3.44	 15.68	 0.0250	 0.8544	 0.0001	
m60221c4r3.htb	   0.0	  0.03	 2.000	  8.00	  0.00	 50.00	   0.0	 0.0360	 29.49	 1.6000	  2.64	  2.94	 1.012	 0.00000000	 0.732	  0.705	  1.60	  0.03	  0.0910	  0.1680	  0.1950	  0.2310	  0.2860	 0.9779	 0.00002497	 0.8265	 0.00000000	 0.9209	 0.63099617	  2.63	 26.86	 0.0360	 0.9201	 0.0100	
m60221c4r3.htb	   0.0	  0.03	 2.000	  8.00	  0.00	 50.00	   1.0	 0.0320	 31.19	 1.6000	  3.65	  2.94	 0.992	 0.00000000	 0.744	  0.666	  1.60	  0.03	  0.0900	  0.1670	  0.1940	  0.2310	  0.2870	 0.9891	 0.00000424	 0.8740	 0.00000000	 0.8542	 0.65238489	  3.63	 27.56	 0.0322	 0.9563	 0.0100	
m60221c5r2.htb	   0.0	  0.03	 2.000	 10.00	 -5.00	 50.00	   0.0	 0.0250	  5.99	 1.6000	  1.55	  1.04	 0.902	 0.00000004	 0.578	  0.529	  1.60	  0.03	  0.0880	  0.1820	  0.2180	  0.2680	  0.3490	 0.8978	 0.00117785	 0.4533	 0.00000000	 0.7025	 0.70381721	  1.53	  4.46	 0.0250	 1.2687	 0.0001	
m60221c5r2.htb	   0.0	  0.03	 2.000	 10.00	 -5.00	 50.00	   1.0	 0.0250	  6.88	 1.0970	  2.29	  1.04	 0.834	 0.00000000	 0.604	  0.466	  1.60	  0.03	  0.0180	  0.0280	  0.0310	  0.0350	  0.0400	 0.8882	 0.00148087	 0.4925	 0.00000000	 1.1322	 0.56773353	  2.29	  4.59	 0.0250	 0.4357	 0.0001	
m60227c1r2.htb	  30.0	  0.03	 2.000	  5.00	  0.00	 40.00	   0.0	 0.0390	 22.44	 1.6000	  7.18	  6.12	 1.090	 0.00000020	 0.548	  0.879	  1.60	  0.03	  0.2490	  0.5440	  0.6470	  0.7780	  0.9530	 0.9471	 0.00022311	 0.4562	 0.00000000	 0.2366	 0.88843062	  4.64	 17.79	 0.0391	 1.8789	 0.0001	
m60227c1r2.htb	  30.0	  0.03	 2.000	  5.00	  0.00	 40.00	   1.0	 0.0480	 23.43	 1.6000	  6.74	  6.12	 1.230	 0.00000004	 0.566	  0.902	  1.60	  0.03	  0.3630	  0.7280	  0.8380	  0.9690	  1.1260	 0.8604	 0.00260778	 0.4314	 0.00000000	 1.3215	 0.51645483	  0.00	 23.43	 0.0485	 2.1005	 0.0100	
m60404c1r2.htb	   0.0	  0.03	 2.000	  0.00	  0.00	 40.00	   0.0	 0.0250	 13.93	 1.6000	  5.85	  4.03	 0.816	 0.00000004	 0.551	  0.621	  1.60	  0.03	  0.0430	  0.0770	  0.0880	  0.1030	  0.1260	 0.9825	 0.00001383	 0.4925	 0.00000000	 0.4116	 0.81401226	  5.85	  8.08	 0.0250	 0.8317	 0.0001	
m60404c1r2.htb	   0.0	  0.03	 2.000	  0.00	  0.00	 40.00	   1.0	 0.0250	 11.30	 1.6000	  5.92	  4.03	 0.795	 0.00008803	 0.532	  0.542	  1.60	  0.03	  0.1210	  0.2700	  0.3280	  0.4110	  0.5410	 0.9045	 0.00099244	 0.3183	 0.00000037	 0.6427	 0.72518179	  5.80	  5.50	 0.0250	 1.5141	 0.0001	
m60411c1r2.htb	   0.0	  0.03	 2.000	 -10.00	 -5.00	 40.00	   0.0	 0.0250	  8.63	 1.6000	  0.00	  0.00	 1.000	 0.00000000	 0.686	  0.735	  1.60	  0.03	  0.0460	  0.0830	  0.0960	  0.1130	  0.1390	 0.9378	 0.00033557	 0.6817	 0.00000000	 1.0746	        NaN	  0.00	  8.63	 0.0250	 0.8699	 0.0001	
m60411c1r2.htb	   0.0	  0.03	 2.000	 -10.00	 -5.00	 40.00	   1.0	 0.0330	  8.46	 1.6000	  0.01	  0.00	 1.000	 0.00000000	 0.678	  0.719	  1.60	  0.03	  0.0920	  0.1710	  0.1990	  0.2370	  0.2950	 0.9244	 0.00054794	 0.6198	 0.00000000	 0.6119	        NaN	  0.00	  8.46	 0.0333	 0.9576	 0.0100	
m60412c3r2.htb	   0.0	  0.03	 2.000	  0.00	 -10.00	 40.00	   0.0	 0.0250	 15.89	 1.6000	  3.46	  3.18	 1.009	 0.00000000	 0.699	  0.561	  1.60	  0.03	  0.1300	  0.2940	  0.3590	  0.4500	  0.5900	 0.8267	 0.00453666	 0.6211	 0.00000000	 9.7262	 0.00772658	  3.06	 12.83	 0.0250	 1.5763	 0.0001	
m60412c3r2.htb	   0.0	  0.03	 2.000	  0.00	 -10.00	 40.00	   1.0	 0.0250	 15.07	 1.6000	  3.68	  3.18	 1.050	 0.00000000	 0.625	  0.759	  1.60	  0.03	  0.2010	  0.4710	  0.5710	  0.7030	  0.8850	 0.6674	 0.02488576	 0.3799	 0.00000001	 30.1255	 0.00000029	  2.03	 13.03	 0.0250	 2.0432	 0.0001	
m60413c1r2.htb	 180.0	  0.03	 2.000	 -5.00	 -25.00	 60.00	   0.0	 0.0340	 11.72	 1.6000	  5.71	  4.93	 0.888	 0.00000001	 0.577	  0.405	  1.60	  0.03	  0.0990	  0.1970	  0.2340	  0.2840	  0.3640	 0.9475	 0.00021817	 0.5067	 0.00000000	 0.4180	 0.81138481	  5.69	  6.04	 0.0338	 1.1539	 0.0001	
m60413c1r2.htb	 180.0	  0.03	 2.000	 -5.00	 -25.00	 60.00	   1.0	 0.0250	 11.44	 1.6000	  6.03	  4.93	 0.861	 0.00000098	 0.556	  0.464	  1.60	  0.03	  0.0770	  0.1540	  0.1830	  0.2240	  0.2880	 0.9224	 0.00058644	 0.4113	 0.00000000	 0.5236	 0.76967121	  6.02	  5.42	 0.0250	 1.1785	 0.0001	
m60413c2r2.htb	 180.0	  0.03	 2.000	 -8.00	 -5.00	 40.00	   0.0	 0.0250	  5.49	 1.6000	  3.57	  3.33	 0.888	 0.00498750	 0.442	  0.373	  1.60	  0.03	  0.0390	  0.0680	  0.0780	  0.0910	  0.1100	 0.8630	 0.00248480	 0.2145	 0.00005409	 0.7343	 0.69271410	  3.57	  1.92	 0.0250	 0.7776	 0.0001	
m60413c2r2.htb	 180.0	  0.03	 2.000	 -8.00	 -5.00	 40.00	   1.0	 0.0250	  7.08	 1.6000	  3.61	  3.33	 0.917	 0.00000000	 0.613	  0.319	  1.60	  0.03	  0.0680	  0.1330	  0.1570	  0.1900	  0.2410	 0.8794	 0.00179273	 0.4877	 0.00000000	 1.1763	 0.55535319	  3.61	  3.47	 0.0250	 1.0998	 0.0001	
m60417c1r2.htb	 180.0	  0.03	 2.000	  0.00	 10.00	 50.00	   0.0	 0.0250	  0.96	 1.6000	  0.17	  0.25	 1.116	 0.10837323	 0.436	  0.542	  1.60	  0.03	  0.0870	  0.1680	  0.1970	  0.2380	  0.3000	 0.5341	 0.06207616	 0.0878	 0.01835208	 0.5744	 0.75036190	  0.17	  0.80	 0.0250	 1.0532	 0.0100	
m60417c1r2.htb	 180.0	  0.03	 2.000	  0.00	 10.00	 50.00	   1.0	 0.0410	  1.04	 1.6000	  0.32	  0.25	 0.999	 0.07674724	 0.395	  0.558	  1.60	  0.03	  0.0390	  0.0610	  0.0680	  0.0770	  0.0890	 0.5328	 0.06253540	 0.0930	 0.01276128	 1.5558	 0.45936123	  0.32	  0.72	 0.0415	 0.4608	 0.0100	
m60418c2r2.htb	   0.0	  0.03	 2.000	 -5.00	 -15.00	 50.00	   0.0	 0.0330	 35.53	 1.6000	 11.43	  7.81	 0.870	 0.00000000	 0.711	  0.559	  1.60	  0.03	  0.0940	  0.1750	  0.2040	  0.2430	  0.3030	 0.9924	 0.00000174	 0.8430	 0.00000000	 0.2434	 0.88542737	 11.41	 24.12	 0.0332	 0.9697	 0.0100	
m60418c2r2.htb	   0.0	  0.03	 2.000	 -5.00	 -15.00	 50.00	   1.0	 0.0250	 37.48	 1.6000	 14.58	  7.81	 0.818	 0.00000000	 0.673	  0.604	  1.60	  0.03	  0.0710	  0.1390	  0.1640	  0.2000	  0.2550	 0.9713	 0.00004789	 0.7679	 0.00000000	 0.5744	 0.75037201	 14.55	 22.93	 0.0250	 1.1240	 0.0001	
m60418c3r2.htb	   0.0	  0.03	 2.000	  0.00	 -10.00	 50.00	   0.0	 0.0320	 29.63	 1.6000	 15.85	 15.57	 0.980	 0.00000000	 0.619	  0.502	  1.60	  0.03	  0.0830	  0.1530	  0.1770	  0.2100	  0.2600	 0.9584	 0.00012201	 0.6139	 0.00000000	 0.4718	 0.78986953	 15.85	 13.78	 0.0319	 0.9183	 0.0100	
m60418c3r2.htb	   0.0	  0.03	 2.000	  0.00	 -10.00	 50.00	   1.0	 0.0390	 31.46	 1.6000	 17.92	 15.57	 0.908	 0.00000000	 0.608	  0.458	  1.60	  0.03	  0.0640	  0.1090	  0.1230	  0.1420	  0.1710	 0.9760	 0.00003066	 0.6254	 0.00000000	 0.3332	 0.84653992	 17.92	 13.53	 0.0390	 0.6960	 0.0100	
m60420c3r2.htb	   0.0	  0.03	 2.000	 -5.00	  5.00	 40.00	   0.0	 0.0270	 24.91	 1.6000	 12.91	 12.94	 1.004	 0.00000002	 0.556	  0.596	  1.60	  0.03	  0.0920	  0.1780	  0.2100	  0.2530	  0.3190	 0.9722	 0.00004405	 0.5002	 0.00000000	 0.2662	 0.87537880	 12.89	 12.02	 0.0266	 1.0624	 0.0100	
m60420c3r2.htb	   0.0	  0.03	 2.000	 -5.00	  5.00	 40.00	   1.0	 0.0270	 24.94	 1.6000	 12.06	 12.94	 1.051	 0.00000000	 0.580	  0.557	  1.60	  0.03	  0.1450	  0.3070	  0.3690	  0.4540	  0.5850	 0.9825	 0.00001376	 0.5609	 0.00000000	 0.2419	 0.88608488	 11.76	 13.18	 0.0270	 1.3697	 0.0100	
m60420c4r2.htb	   0.0	  0.03	 2.000	 10.00	 -8.00	 40.00	   0.0	 0.0270	 14.14	 1.6000	  3.34	  5.27	 1.225	 0.00000467	 0.539	  0.924	  1.60	  0.03	  0.1100	  0.2210	  0.2620	  0.3190	  0.4080	 0.9462	 0.00023220	 0.3929	 0.00000001	 0.2699	 0.87374028	  3.28	 10.86	 0.0268	 1.1729	 0.0100	
m60420c4r2.htb	   0.0	  0.03	 2.000	 10.00	 -8.00	 40.00	   1.0	 0.0440	 13.73	 1.6000	  3.84	  5.27	 1.201	 0.00007666	 0.495	  0.925	  1.60	  0.03	  0.1290	  0.2460	  0.2870	  0.3450	  0.4320	 0.9815	 0.00001597	 0.3485	 0.00000008	 0.3089	 0.85688526	  3.80	  9.93	 0.0440	 1.0308	 0.0100	
m60420c5r2.htb	   0.0	  0.03	 2.000	  8.00	 -5.00	 40.00	   0.0	 0.0260	 31.29	 1.6000	 17.69	 18.71	 1.081	 0.00000013	 0.530	  0.649	  1.60	  0.03	  0.0680	  0.1230	  0.1420	  0.1680	  0.2080	 0.9949	 0.00000064	 0.4797	 0.00000000	 0.0332	 0.98354572	 17.69	 13.61	 0.0259	 0.8900	 0.0100	
m60420c5r2.htb	   0.0	  0.03	 2.000	  8.00	 -5.00	 40.00	   1.0	 0.0320	 30.79	 1.6000	 19.16	 18.71	 1.024	 0.00001474	 0.492	  0.667	  1.60	  0.03	  0.0730	  0.1310	  0.1510	  0.1780	  0.2180	 0.9459	 0.00023528	 0.3703	 0.00000002	 0.3078	 0.85736263	 19.16	 11.63	 0.0316	 0.8522	 0.0100	
m60424c6r2.htb	   0.0	  0.03	 2.000	 -5.00	 -5.00	 30.00	   0.0	 0.0370	 33.82	 1.6000	  2.37	  1.00	 0.958	 0.00000000	 0.737	  0.778	  1.60	  0.03	  0.0780	  0.1420	  0.1650	  0.1950	  0.2400	 0.9843	 0.00001057	 0.8729	 0.00000000	 1.2272	 0.54141026	  2.36	 31.46	 0.0369	 0.8960	 0.0040	
m60424c6r2.htb	   0.0	  0.03	 2.000	 -5.00	 -5.00	 30.00	   1.0	 0.0350	 32.73	 1.6000	  4.67	  1.00	 0.932	 0.00000000	 0.712	  0.758	  1.60	  0.03	  0.1400	  0.2990	  0.3600	  0.4440	  0.5740	 0.9710	 0.00004898	 0.7770	 0.00000000	 1.3077	 0.52004244	  4.02	 28.70	 0.0347	 1.3887	 0.0001	
m60518c3r2.htb	   0.0	  0.03	 2.000	 10.00	  5.00	 40.00	   0.0	 0.0250	 25.44	 1.6000	  5.24	  1.74	 0.853	 0.00000000	 0.598	  0.978	  1.60	  0.03	  0.0630	  0.1200	  0.1410	  0.1690	  0.2140	 0.9920	 0.00000193	 0.7261	 0.00000000	 0.2557	 0.87998994	  5.23	 20.21	 0.0250	 1.0480	 0.0001	
m60518c3r2.htb	   0.0	  0.03	 2.000	 10.00	  5.00	 40.00	   1.0	 0.0250	 28.38	 1.6000	  6.98	  1.74	 0.826	 0.00000000	 0.603	  0.905	  1.60	  0.03	  0.0650	  0.1270	  0.1490	  0.1800	  0.2280	 0.9887	 0.00000464	 0.7277	 0.00000000	 0.0713	 0.96497618	  6.97	 21.41	 0.0250	 1.0757	 0.0001	
m60518c4r2.htb	   0.0	  0.03	 2.000	  0.00	 -10.00	 40.00	   0.0	 0.0250	 13.90	 1.6000	  4.72	  2.94	 0.837	 0.00000000	 0.620	  0.583	  1.60	  0.03	  0.0280	  0.0460	  0.0510	  0.0590	  0.0690	 0.9248	 0.00054163	 0.5985	 0.00000000	 0.9528	 0.62101812	  4.72	  9.18	 0.0250	 0.6085	 0.0001	
m60518c4r2.htb	   0.0	  0.03	 2.000	  0.00	 -10.00	 40.00	   1.0	 0.0250	 12.13	 1.6000	  2.53	  2.94	 0.953	 0.00000000	 0.614	  0.756	  1.60	  0.03	  0.1620	  0.3760	  0.4590	  0.5730	  0.7400	 0.8554	 0.00285394	 0.5624	 0.00000000	 2.1023	 0.34954252	  1.85	 10.28	 0.0250	 1.7827	 0.0001	
m60524c6r2.htb	   0.0	  0.03	 2.000	 -12.00	 -8.00	 40.00	   0.0	 0.0250	 14.39	 1.6000	  6.04	  4.13	 0.824	 0.00000067	 0.559	  0.601	  1.60	  0.03	  0.1050	  0.2270	  0.2740	  0.3420	  0.4490	 0.9646	 0.00008127	 0.4371	 0.00000000	 0.5355	 0.76509651	  5.94	  8.46	 0.0250	 1.3997	 0.0001	
m60524c6r2.htb	   0.0	  0.03	 2.000	 -12.00	 -8.00	 40.00	   1.0	 0.0500	 11.82	 1.6000	  5.75	  4.13	 0.812	 0.00056831	 0.455	  0.699	  1.60	  0.03	  0.1070	  0.1980	  0.2300	  0.2740	  0.3410	 0.9305	 0.00044329	 0.2856	 0.00000189	 0.1068	 0.94797809	  5.74	  6.08	 0.0504	 0.9542	 0.0001	
m60629c1r2.htb	   0.0	  0.03	 2.000	  0.00	 -5.00	 40.00	   0.0	 0.0250	 19.43	 1.6000	  4.19	  3.63	 0.964	 0.00000000	 0.692	  0.603	  1.60	  0.03	  0.0480	  0.0880	  0.1010	  0.1200	  0.1470	 0.9756	 0.00003176	 0.7590	 0.00000000	 0.6927	 0.70726500	  4.19	 15.23	 0.0250	 0.8944	 0.0001	
m60629c1r2.htb	   0.0	  0.03	 2.000	  0.00	 -5.00	 40.00	   1.0	 0.0250	 20.60	 1.6000	  4.18	  3.63	 0.967	 0.00000000	 0.740	  0.484	  1.60	  0.03	  0.0640	  0.1230	  0.1450	  0.1740	  0.2200	 0.9816	 0.00001563	 0.8570	 0.00000000	 0.8161	 0.66494371	  4.17	 16.43	 0.0250	 1.0607	 0.0001	
m60629c2r2.htb	   0.0	  0.03	 2.000	  0.00	  0.00	 40.00	   0.0	 0.0330	 25.80	 1.6000	 14.03	 13.93	 1.002	 0.00000004	 0.546	  0.556	  1.60	  0.03	  0.1330	  0.2690	  0.3190	  0.3890	  0.4970	 0.9596	 0.00011291	 0.4836	 0.00000000	 0.2441	 0.88509595	 13.91	 11.90	 0.0325	 1.2078	 0.0100	
m60629c2r2.htb	   0.0	  0.03	 2.000	  0.00	  0.00	 40.00	   1.0	 0.0390	 28.14	 1.6000	 14.72	 13.93	 0.995	 0.00000000	 0.598	  0.513	  1.60	  0.03	  0.1760	  0.3790	  0.4560	  0.5600	  0.7140	 0.9922	 0.00000185	 0.5494	 0.00000000	 0.0964	 0.95293870	 14.08	 14.06	 0.0385	 1.5003	 0.0001	
m60630c1r2.htb	   0.0	  0.03	 2.000	  0.00	 -8.00	 60.00	   0.0	 0.0250	 11.88	 1.6000	  3.96	  5.02	 1.155	 0.00000000	 0.630	  0.519	  1.60	  0.03	  0.0500	  0.0900	  0.1050	  0.1240	  0.1530	 0.9271	 0.00050004	 0.6004	 0.00000000	 0.8302	 0.66028360	  3.96	  7.92	 0.0250	 0.9093	 0.0001	
m60630c1r2.htb	   0.0	  0.03	 2.000	  0.00	 -8.00	 60.00	   1.0	 0.0250	 11.61	 1.6000	  4.41	  5.02	 1.127	 0.00000001	 0.578	  0.708	  1.60	  0.03	  0.0800	  0.1620	  0.1920	  0.2360	  0.3040	 0.6483	 0.02889229	 0.3376	 0.00000013	 2.1697	 0.33795913	  4.39	  7.22	 0.0250	 1.2038	 0.0001	
m60630c2r2.htb	   0.0	  0.03	 2.000	  0.00	 10.00	 50.00	   0.0	 0.0290	 17.20	 1.6000	  6.22	  5.67	 0.952	 0.00000000	 0.605	  0.602	  1.60	  0.03	  0.0530	  0.0910	  0.1030	  0.1200	  0.1430	 0.9590	 0.00011733	 0.6044	 0.00000000	 0.8824	 0.64325764	  6.22	 10.98	 0.0292	 0.7124	 0.0100	
m60630c2r2.htb	   0.0	  0.03	 2.000	  0.00	 10.00	 50.00	   1.0	 0.0250	 16.71	 1.6000	  5.66	  5.67	 0.976	 0.00000000	 0.625	  0.544	  1.60	  0.03	  0.0720	  0.1420	  0.1680	  0.2050	  0.2620	 0.9937	 0.00000108	 0.6383	 0.00000000	 0.1049	 0.94890588	  5.64	 11.07	 0.0250	 1.1359	 0.0001	
m60706c1r2.htb	   0.0	  0.03	 2.000	 10.00	  0.00	 40.00	   0.0	 0.0250	 15.30	 0.8360	  7.10	  7.36	 1.033	 0.00002056	 0.479	  0.820	  1.60	  0.03	  0.0180	  0.0270	  0.0300	  0.0340	  0.0390	 0.8639	 0.00244464	 0.3320	 0.00000018	 0.8289	 0.66070150	  7.10	  8.19	 0.0250	 0.3927	 0.0030	
m60706c1r2.htb	   0.0	  0.03	 2.000	 10.00	  0.00	 40.00	   1.0	 0.0250	 12.69	 1.6000	  6.58	  7.36	 1.068	 0.00057539	 0.474	  0.787	  1.60	  0.03	  0.0360	  0.0630	  0.0710	  0.0830	  0.0990	 0.8185	 0.00510851	 0.2510	 0.00001001	 0.9814	 0.61220891	  6.58	  6.11	 0.0250	 0.7404	 0.0001	
m60706c2r2.htb	   0.0	  0.03	 2.000	  0.00	 -10.00	 40.00	   0.0	 0.0340	 23.67	 0.3530	  4.42	  3.78	 0.968	 0.00000000	 0.623	  0.659	  1.60	  0.03	  0.0160	  0.0230	  0.0250	  0.0280	  0.0310	 0.9881	 0.00000528	 0.6395	 0.00000000	 0.5414	 0.76283003	  4.42	 19.25	 0.0341	 0.2405	 0.0100	
m60706c2r2.htb	   0.0	  0.03	 2.000	  0.00	 -10.00	 40.00	   1.0	 0.0280	 20.27	 1.6000	  4.19	  3.78	 0.971	 0.00000000	 0.632	  0.735	  1.60	  0.03	  0.0310	  0.0500	  0.0560	  0.0630	  0.0740	 0.9985	 0.00000003	 0.7685	 0.00000000	 0.0594	 0.97075925	  4.19	 16.08	 0.0276	 0.5019	 0.0100	
m60706c3r2.htb	   0.0	  0.03	 2.000	 -5.00	 -10.00	 40.00	   0.0	 0.0250	 19.75	 1.6000	 10.93	 11.94	 1.171	 0.00000006	 0.573	  0.477	  1.60	  0.03	  0.1350	  0.3070	  0.3750	  0.4700	  0.6150	 0.9415	 0.00028660	 0.4664	 0.00000000	 0.4311	 0.80611137	 10.61	  9.14	 0.0250	 1.6087	 0.0001	
m60706c3r2.htb	   0.0	  0.03	 2.000	 -5.00	 -10.00	 40.00	   1.0	 0.0250	 21.38	 1.6000	 11.07	 11.94	 1.131	 0.00000000	 0.672	  0.397	  1.60	  0.03	  0.1020	  0.2190	  0.2640	  0.3280	  0.4310	 0.9094	 0.00086698	 0.6085	 0.00000000	 1.3409	 0.51146769	 10.96	 10.42	 0.0250	 1.3770	 0.0001	
m60706c4r2.htb	   0.0	  0.03	 2.000	 10.00	 -10.00	 40.00	   0.0	 0.0680	  9.15	 1.6000	  4.19	  3.63	 0.899	 0.00000516	 0.506	  0.474	  1.60	  0.03	  0.1260	  0.2250	  0.2590	  0.3030	  0.3690	 0.9748	 0.00003440	 0.4029	 0.00000000	 0.1371	 0.93375869	  4.19	  4.96	 0.0676	 0.8166	 0.0100	
m60706c4r2.htb	   0.0	  0.03	 2.000	 10.00	 -10.00	 40.00	   1.0	 0.0420	  9.57	 1.6000	  4.39	  3.63	 0.885	 0.00000002	 0.525	  0.470	  1.60	  0.03	  0.0950	  0.1710	  0.1970	  0.2320	  0.2850	 0.8959	 0.00123534	 0.4579	 0.00000000	 0.5690	 0.75238324	  4.38	  5.18	 0.0423	 0.8662	 0.0100	
m60712c2r2.htb	   0.0	  0.03	 2.000	 -5.00	  5.00	 40.00	   0.0	 0.0250	 24.81	 1.6000	  6.41	  4.78	 0.918	 0.00000000	 0.722	  0.506	  1.60	  0.03	  0.0350	  0.0590	  0.0670	  0.0780	  0.0930	 0.9861	 0.00000774	 0.8189	 0.00000000	 0.7260	 0.69556963	  6.41	 18.40	 0.0250	 0.7153	 0.0001	
m60712c2r2.htb	   0.0	  0.03	 2.000	 -5.00	  5.00	 40.00	   1.0	 0.0330	 24.43	 1.6000	  7.55	  4.78	 0.889	 0.00000000	 0.656	  0.572	  1.60	  0.03	  0.0380	  0.0630	  0.0710	  0.0820	  0.0970	 0.9962	 0.00000031	 0.7235	 0.00000000	 0.1949	 0.90712936	  7.55	 16.88	 0.0327	 0.6368	 0.0001	
m60713c1r2.htb	   0.0	  0.03	 2.000	  8.00	  0.00	 60.00	   0.0	 0.0250	  3.89	 1.6000	  0.31	  0.10	 0.945	 0.00000000	 0.600	  0.533	  1.60	  0.03	  0.0370	  0.0640	  0.0720	  0.0840	  0.1010	 0.9592	 0.00011563	 0.5584	 0.00000000	 0.2194	 0.89609900	  0.31	  3.58	 0.0250	 0.7479	 0.0001	
m60713c1r2.htb	   0.0	  0.03	 2.000	  8.00	  0.00	 60.00	   1.0	 0.0250	  3.51	 1.6000	  0.31	  0.10	 0.942	 0.00000000	 0.653	  0.422	  1.60	  0.03	  0.0580	  0.1090	  0.1280	  0.1530	  0.1910	 0.9560	 0.00014029	 0.6395	 0.00000000	 0.9741	 0.61444339	  0.31	  3.20	 0.0250	 1.0009	 0.0001	
m60713c2r2.htb	   0.0	  0.03	 2.000	 -10.00	 10.00	 40.00	   0.0	 0.0250	  3.95	 1.6000	  0.22	  0.20	 0.994	 0.00000000	 0.624	  0.525	  1.60	  0.03	  0.0340	  0.0570	  0.0640	  0.0740	  0.0890	 0.9538	 0.00015872	 0.5789	 0.00000000	 0.3592	 0.83561619	  0.22	  3.73	 0.0250	 0.6997	 0.0001	
m60713c2r2.htb	   0.0	  0.03	 2.000	 -10.00	 10.00	 40.00	   1.0	 0.0290	  3.93	 1.6000	  0.32	  0.20	 0.981	 0.00000000	 0.591	  0.502	  1.60	  0.03	  0.0460	  0.0800	  0.0920	  0.1080	  0.1310	 0.9654	 0.00007682	 0.5821	 0.00000000	 0.3312	 0.84739147	  0.32	  3.61	 0.0288	 0.7919	 0.0001	
m60713c3r2.htb	   0.0	  0.03	 2.000	  0.00	  0.00	 40.00	   0.0	 0.0250	  8.09	 1.6000	  1.95	  1.59	 0.945	 0.00000000	 0.616	  0.562	  1.60	  0.03	  0.0380	  0.0660	  0.0760	  0.0880	  0.1060	 0.9275	 0.00049339	 0.5736	 0.00000000	 0.9025	 0.63681850	  1.95	  6.14	 0.0250	 0.7665	 0.0001	
m60713c3r2.htb	   0.0	  0.03	 2.000	  0.00	  0.00	 40.00	   1.0	 0.0250	  7.39	 1.6000	  1.79	  1.59	 0.954	 0.00000000	 0.603	  0.554	  1.60	  0.03	  0.0510	  0.0940	  0.1090	  0.1290	  0.1600	 0.8993	 0.00113521	 0.5255	 0.00000000	 1.3155	 0.51800784	  1.79	  5.60	 0.0250	 0.9275	 0.0001	
m60714c1r2.htb	   0.0	  0.03	 2.000	  5.00	  3.00	 40.00	   0.0	 0.0250	 12.22	 1.6000	  1.72	  1.34	 0.966	 0.00000000	 0.695	  0.587	  1.60	  0.03	  0.0390	  0.0680	  0.0780	  0.0910	  0.1100	 0.9762	 0.00002983	 0.7768	 0.00000000	 1.0041	 0.60530223	  1.72	 10.50	 0.0250	 0.7795	 0.0001	
m60714c1r2.htb	   0.0	  0.03	 2.000	  5.00	  3.00	 40.00	   1.0	 0.0250	 11.36	 1.6000	  3.06	  1.34	 0.903	 0.00000000	 0.623	  0.516	  1.60	  0.03	  0.0390	  0.0690	  0.0790	  0.0920	  0.1110	 0.9940	 0.00000097	 0.6537	 0.00000000	 0.0823	 0.95967805	  3.06	  8.30	 0.0250	 0.7826	 0.0001	
m60714c2r2.htb	   0.0	  0.03	 2.000	 -5.00	 -8.00	 40.00	   0.0	 0.0250	  2.92	 1.6000	  0.49	  0.65	 1.067	 0.00000004	 0.533	  0.508	  1.60	  0.03	  0.0250	  0.0410	  0.0450	  0.0520	  0.0600	 0.9776	 0.00002572	 0.4934	 0.00000000	 0.3384	 0.84435066	  0.49	  2.43	 0.0250	 0.5633	 0.0001	
m60714c2r2.htb	   0.0	  0.03	 2.000	 -5.00	 -8.00	 40.00	   1.0	 0.0300	  3.45	 0.3720	  0.65	  0.65	 1.027	 0.00000100	 0.487	  0.542	  1.60	  0.03	  0.0140	  0.0200	  0.0220	  0.0240	  0.0270	 0.9162	 0.00071252	 0.4081	 0.00000000	 0.4694	 0.79082017	  0.65	  2.80	 0.0300	 0.2862	 0.0002	
m60714c3r2.htb	   0.0	  0.03	 2.000	 -8.00	  0.00	 40.00	   0.0	 0.0250	 25.57	 1.6000	  8.11	  7.61	 0.972	 0.00000000	 0.649	  0.637	  1.60	  0.03	  0.0530	  0.0940	  0.1090	  0.1280	  0.1560	 0.9900	 0.00000344	 0.6973	 0.00000000	 0.1911	 0.90886378	  8.11	 17.46	 0.0250	 0.8567	 0.0043	
m60714c3r2.htb	   0.0	  0.03	 2.000	 -8.00	  0.00	 40.00	   1.0	 0.0250	 22.81	 1.6000	  7.76	  7.61	 0.980	 0.00000000	 0.623	  0.648	  1.60	  0.03	  0.0720	  0.1320	  0.1530	  0.1820	  0.2260	 0.9429	 0.00027005	 0.6146	 0.00000000	 0.4608	 0.79420224	  7.76	 15.05	 0.0250	 0.9342	 0.0100	
m60714c4r2.htb	   0.0	  0.03	 2.000	 -5.00	  8.00	 40.00	   0.0	 0.0250	 10.96	 1.6000	  5.14	  4.88	 0.962	 0.00010092	 0.533	  0.638	  1.60	  0.03	  0.1080	  0.2180	  0.2590	  0.3160	  0.4060	 0.7479	 0.01198331	 0.2608	 0.00000627	 0.9968	 0.60750860	  5.11	  5.86	 0.0250	 1.1917	 0.0100	
m60714c4r2.htb	   0.0	  0.03	 2.000	 -5.00	  8.00	 40.00	   1.0	 0.0250	  9.82	 1.6000	  5.81	  4.88	 0.935	 0.00942318	 0.462	  0.635	  1.60	  0.03	  0.1800	  0.4220	  0.5140	  0.6380	  0.8150	 0.5898	 0.04374285	 0.1356	 0.00171056	 0.7228	 0.69669019	  5.40	  4.42	 0.0250	 1.9047	 0.0001	
m60717c1r2.htb	   0.0	  0.03	 2.000	 -8.00	 -8.00	 40.00	   0.0	 0.0250	 12.15	 1.6000	  1.67	  1.29	 0.965	 0.00000000	 0.590	  1.029	  1.60	  0.03	  0.0360	  0.0610	  0.0690	  0.0800	  0.0970	 0.9035	 0.00101810	 0.5304	 0.00000000	 0.7457	 0.68876852	  1.67	 10.48	 0.0250	 0.7300	 0.0001	
m60717c1r2.htb	   0.0	  0.03	 2.000	 -8.00	 -8.00	 40.00	   1.0	 0.0250	 11.38	 1.6000	  1.50	  1.29	 0.985	 0.00000002	 0.543	  0.917	  1.60	  0.03	  0.1260	  0.2830	  0.3450	  0.4320	  0.5680	 0.9741	 0.00003707	 0.5041	 0.00000000	 0.3294	 0.84816854	  1.22	 10.16	 0.0250	 1.5477	 0.0001	
m60717c2r2.htb	 170.0	  0.03	 2.000	  8.00	 -10.00	 40.00	   0.0	 0.0250	  8.58	 1.6000	  1.25	  1.49	 1.035	 0.00000000	 0.644	  0.539	  1.60	  0.03	  0.0460	  0.0830	  0.0960	  0.1130	  0.1390	 0.9956	 0.00000043	 0.6937	 0.00000000	 0.1250	 0.93940284	  1.25	  7.34	 0.0250	 0.8694	 0.0001	
m60717c2r2.htb	 170.0	  0.03	 2.000	  8.00	 -10.00	 40.00	   1.0	 0.0250	 11.13	 1.6000	  1.89	  1.49	 0.985	 0.00000000	 0.671	  0.523	  1.60	  0.03	  0.0400	  0.0690	  0.0790	  0.0920	  0.1110	 0.9977	 0.00000009	 0.7144	 0.00000000	 0.1330	 0.93566282	  1.89	  9.24	 0.0250	 0.7833	 0.0001	
m60719c1r2.htb	   0.0	  0.03	 2.000	  5.00	 -10.00	 40.00	   0.0	 0.0250	  5.12	 1.6000	  0.60	  0.40	 0.990	 0.00000000	 0.598	  0.496	  1.60	  0.03	  0.1560	  0.3370	  0.4050	  0.5010	  0.6450	 0.9412	 0.00029040	 0.5682	 0.00000000	 0.5565	 0.75711025	  0.45	  4.67	 0.0250	 1.4677	 0.0100	
m60719c1r2.htb	   0.0	  0.03	 2.000	  5.00	 -10.00	 40.00	   1.0	 0.0620	  5.86	 1.6000	  1.13	  0.40	 0.920	 0.00000000	 0.588	  0.480	  1.60	  0.03	  0.1370	  0.2520	  0.2910	  0.3450	  0.4250	 0.8883	 0.00147740	 0.5736	 0.00000000	 1.3833	 0.50074312	  1.12	  4.74	 0.0617	 0.9052	 0.0100	
m60719c4r2.htb	   0.0	  0.03	 2.000	 -5.00	 10.00	 40.00	   0.0	 0.0380	  7.71	 1.6000	  2.12	  2.24	 1.022	 0.00000000	 0.627	  0.491	  1.60	  0.03	  0.0710	  0.1290	  0.1490	  0.1760	  0.2170	 0.8562	 0.00281237	 0.5262	 0.00000000	 1.7074	 0.42584332	  2.12	  5.60	 0.0377	 0.8862	 0.0001	
m60719c4r2.htb	   0.0	  0.03	 2.000	 -5.00	 10.00	 40.00	   1.0	 0.0250	  9.07	 1.6000	  1.54	  2.24	 1.091	 0.00000000	 0.655	  0.513	  1.60	  0.03	  0.1280	  0.2880	  0.3510	  0.4390	  0.5770	 0.8620	 0.00253107	 0.6116	 0.00000000	 1.6893	 0.42970991	  1.32	  7.75	 0.0250	 1.5596	 0.0001	
m60719c4r2.htb	   0.0	  0.03	 2.000	 -5.00	 10.00	 40.00	   0.0	 0.0380	  7.71	 1.6000	  2.12	  2.24	 1.022	 0.00000000	 0.627	  0.491	  1.60	  0.03	  0.0710	  0.1290	  0.1490	  0.1760	  0.2170	 0.8562	 0.00281237	 0.5262	 0.00000000	 1.7074	 0.42584073	  2.12	  5.60	 0.0377	 0.8862	 0.0001	
m60719c4r2.htb	   0.0	  0.03	 2.000	 -5.00	 10.00	 40.00	   1.0	 0.0250	  9.07	 1.6000	  1.54	  2.24	 1.091	 0.00000000	 0.655	  0.513	  1.60	  0.03	  0.1280	  0.2880	  0.3510	  0.4390	  0.5770	 0.8620	 0.00253109	 0.6116	 0.00000000	 1.6893	 0.42970888	  1.32	  7.75	 0.0250	 1.5597	 0.0001	
m60721c1r2.htb	   0.0	  0.03	 2.000	  0.00	 -5.00	 40.00	   0.0	 0.0250	 24.63	 1.6000	  7.30	  5.80	 0.920	 0.00031496	 0.548	  1.131	  1.60	  0.03	  0.0380	  0.0660	  0.0750	  0.0870	  0.1060	 0.7885	 0.00758651	 0.1343	 0.00000849	 0.5719	 0.75130107	  7.30	 17.33	 0.0250	 0.7634	 0.0001	
m60721c1r2.htb	   0.0	  0.03	 2.000	  0.00	 -5.00	 40.00	   1.0	 0.0250	 24.47	 1.6000	  7.14	  5.80	 0.924	 0.00000000	 0.648	  0.728	  1.60	  0.03	  0.0520	  0.0950	  0.1100	  0.1310	  0.1620	 0.9589	 0.00011830	 0.5810	 0.00000000	 0.3989	 0.81916363	  7.14	 17.33	 0.0250	 0.9319	 0.0001	
m60721c1r2.htb	   0.0	  0.03	 2.000	  0.00	 -5.00	 40.00	   0.0	 0.0250	 24.63	 1.6000	  7.30	  5.80	 0.920	 0.00031496	 0.548	  1.131	  1.60	  0.03	  0.0380	  0.0660	  0.0750	  0.0870	  0.1060	 0.7885	 0.00758663	 0.1343	 0.00000849	 0.5719	 0.75130679	  7.30	 17.33	 0.0250	 0.7634	 0.0001	
m60721c1r2.htb	   0.0	  0.03	 2.000	  0.00	 -5.00	 40.00	   1.0	 0.0250	 24.47	 1.6000	  7.14	  5.80	 0.924	 0.00000000	 0.648	  0.728	  1.60	  0.03	  0.0520	  0.0950	  0.1100	  0.1310	  0.1620	 0.9589	 0.00011830	 0.5810	 0.00000000	 0.3989	 0.81916301	  7.14	 17.33	 0.0250	 0.9319	 0.0001	
m60721c2r2.htb	   0.0	  0.03	 2.000	  8.00	 -5.00	 40.00	   0.0	 0.0250	 26.92	 1.6000	  4.59	  3.23	 0.944	 0.00000000	 0.766	  0.493	  1.60	  0.03	  0.0710	  0.1390	  0.1640	  0.1990	  0.2550	 0.9869	 0.00000672	 0.8745	 0.00000000	 0.9513	 0.62149235	  4.57	 22.35	 0.0250	 1.1233	 0.0001	
m60721c2r2.htb	   0.0	  0.03	 2.000	  8.00	 -5.00	 40.00	   1.0	 0.0250	 27.95	 1.6000	  6.41	  3.23	 0.906	 0.00000000	 0.754	  0.491	  1.60	  0.03	  0.0570	  0.1070	  0.1250	  0.1490	  0.1860	 0.9830	 0.00001287	 0.8633	 0.00000000	 1.0739	 0.58452278	  6.40	 21.55	 0.0250	 0.9902	 0.0001	
m60721c3r2.htb	   0.0	  0.03	 2.000	 -5.00	  0.00	 40.00	   0.0	 0.0250	 20.85	 1.6000	  2.97	  1.54	 0.926	 0.00000000	 0.730	  0.566	  1.60	  0.03	  0.0430	  0.0760	  0.0870	  0.1020	  0.1250	 0.9634	 0.00008788	 0.8430	 0.00000000	 0.9602	 0.61871471	  2.97	 17.88	 0.0250	 0.8276	 0.0001	
m60721c3r2.htb	   0.0	  0.03	 2.000	 -5.00	  0.00	 40.00	   1.0	 0.0250	 22.91	 1.6000	  3.02	  1.54	 0.929	 0.00000000	 0.803	  0.452	  1.60	  0.03	  0.0350	  0.0600	  0.0680	  0.0790	  0.0940	 0.9597	 0.00011220	 0.8976	 0.00000000	 2.5666	 0.27712599	  3.02	 19.88	 0.0250	 0.7212	 0.0001	
m60724c1r2.htb	   0.0	  0.03	 2.000	  0.00	  0.00	 40.00	   0.0	 0.0250	 10.39	 1.6000	  1.75	  1.94	 1.022	 0.00000000	 0.581	  0.768	  1.60	  0.03	  0.0450	  0.0800	  0.0920	  0.1080	  0.1320	 0.9604	 0.00010756	 0.6367	 0.00000000	 0.6655	 0.71695583	  1.75	  8.64	 0.0250	 0.8496	 0.0001	
m60724c1r2.htb	   0.0	  0.03	 2.000	  0.00	  0.00	 40.00	   1.0	 0.0250	 10.87	 1.6000	  1.94	  1.94	 1.010	 0.00000000	 0.581	  0.748	  1.60	  0.03	  0.0620	  0.1110	  0.1270	  0.1500	  0.1840	 0.9717	 0.00004628	 0.6323	 0.00000000	 0.4417	 0.80181703	  1.94	  8.93	 0.0250	 0.8500	 0.0100	
m60724c2r2.htb	   0.0	  0.03	 2.000	 -5.00	  5.00	 40.00	   0.0	 0.0260	 10.46	 1.6000	  1.41	  1.04	 0.961	 0.00000000	 0.706	  0.436	  1.60	  0.03	  0.0370	  0.0630	  0.0710	  0.0830	  0.0990	 0.9996	 0.00000000	 0.8412	 0.00000000	 0.0337	 0.98328988	  1.41	  9.05	 0.0263	 0.7196	 0.0001	
m60724c2r2.htb	   0.0	  0.03	 2.000	 -5.00	  5.00	 40.00	   1.0	 0.0250	 10.86	 1.6000	  1.19	  1.04	 0.974	 0.00000000	 0.691	  0.529	  1.60	  0.03	  0.0400	  0.0700	  0.0800	  0.0940	  0.1140	 0.9980	 0.00000006	 0.7989	 0.00000000	 0.1870	 0.91074709	  1.19	  9.67	 0.0250	 0.7914	 0.0001	
m60724c3r2.htb	 150.0	  0.03	 2.000	  0.00	  0.00	 40.00	   0.0	 0.0250	 21.79	 1.6000	  5.83	  6.12	 1.019	 0.00000000	 0.754	  0.402	  1.60	  0.03	  0.0410	  0.0720	  0.0830	  0.0970	  0.1180	 0.9913	 0.00000241	 0.8677	 0.00000000	 0.5615	 0.75521664	  5.83	 15.96	 0.0250	 0.8061	 0.0001	
m60724c3r2.htb	 150.0	  0.03	 2.000	  0.00	  0.00	 40.00	   1.0	 0.0250	 20.81	 1.6000	  7.08	  6.12	 0.980	 0.00000000	 0.723	  0.431	  1.60	  0.03	  0.0610	  0.1170	  0.1370	  0.1640	  0.2070	 0.9733	 0.00004011	 0.7681	 0.00000000	 0.8356	 0.65849125	  7.07	 13.74	 0.0250	 1.0333	 0.0001	
m60724c4r2.htb	 150.0	  0.03	 2.000	  0.00	 -3.00	 40.00	   0.0	 0.0250	 13.80	 1.6000	  3.29	  1.99	 0.890	 0.00010003	 0.647	  0.613	  1.60	  0.03	  0.0320	  0.0530	  0.0600	  0.0690	  0.0820	 0.9825	 0.00001391	 0.6938	 0.00000004	 1.0354	 0.59589912	  3.29	 10.51	 0.0250	 0.6716	 0.0001	
m60724c4r2.htb	 150.0	  0.03	 2.000	  0.00	 -3.00	 40.00	   1.0	 0.0250	 13.28	 1.6000	  3.34	  1.99	 0.885	 0.00000086	 0.729	  0.401	  1.60	  0.03	  0.0440	  0.0780	  0.0900	  0.1060	  0.1290	 0.9836	 0.00001184	 0.7899	 0.00000000	 1.0298	 0.59755197	  3.34	  9.94	 0.0250	 0.8408	 0.0001	
m60724c5r2.htb	 150.0	  0.03	 2.000	 -5.00	 -10.00	 40.00	   0.0	 0.0350	 38.44	 1.6000	 19.72	 16.67	 0.860	 0.00000000	 0.578	  0.727	  1.60	  0.03	  0.0760	  0.1410	  0.1640	  0.1960	  0.2440	 0.9282	 0.00048117	 0.5384	 0.00000000	 0.5974	 0.74176947	 19.71	 18.73	 0.0350	 0.9641	 0.0001	
m60724c5r2.htb	 150.0	  0.03	 2.000	 -5.00	 -10.00	 40.00	   1.0	 0.0250	 37.59	 1.6000	 20.32	 16.67	 0.853	 0.00000000	 0.633	  0.568	  1.60	  0.03	  0.1220	  0.2710	  0.3300	  0.4130	  0.5430	 0.9398	 0.00030812	 0.5628	 0.00000000	 0.9492	 0.62214554	 19.91	 17.68	 0.0250	 1.5173	 0.0001	
m60724c6r2.htb	 150.0	  0.03	 2.000	 -5.00	 -10.00	 40.00	   0.0	 0.0250	 23.28	 1.6000	 14.25	 15.17	 1.137	 0.00000000	 0.610	  0.407	  1.60	  0.03	  0.1160	  0.2570	  0.3120	  0.3910	  0.5140	 0.8186	 0.00510634	 0.4720	 0.00000000	 1.9240	 0.38212296	 14.07	  9.21	 0.0250	 1.4810	 0.0001	
m60724c6r2.htb	 150.0	  0.03	 2.000	 -5.00	 -10.00	 40.00	   1.0	 0.0250	 25.69	 1.3720	 17.28	 15.17	 0.925	 0.00000052	 0.565	  0.417	  1.60	  0.03	  0.0200	  0.0310	  0.0350	  0.0390	  0.0450	 0.8569	 0.00277664	 0.3923	 0.00000001	 0.5849	 0.74643333	 17.28	  8.41	 0.0250	 0.4709	 0.0001	
m60725c1r2.htb	   0.0	  0.03	 2.000	 -10.00	 -8.00	 40.00	   0.0	 0.0250	 10.41	 1.6000	  1.22	  2.04	 1.100	 0.00000000	 0.657	  0.614	  1.60	  0.03	  0.0760	  0.1520	  0.1810	  0.2210	  0.2840	 0.9531	 0.00016494	 0.7611	 0.00000000	 2.8333	 0.24252450	  1.21	  9.20	 0.0250	 1.1717	 0.0001	
m60725c1r2.htb	   0.0	  0.03	 2.000	 -10.00	 -8.00	 40.00	   1.0	 0.0250	 11.27	 1.6000	  2.12	  2.04	 1.041	 0.00000000	 0.658	  0.570	  1.60	  0.03	  0.0790	  0.1590	  0.1900	  0.2320	  0.2990	 0.9563	 0.00013743	 0.6811	 0.00000000	 0.9363	 0.62615679	  2.10	  9.16	 0.0250	 1.1958	 0.0001	
m60725c2r2.htb	   0.0	  0.03	 2.000	  8.00	  0.00	 40.00	   0.0	 0.0250	 24.53	 1.6000	 13.11	 10.65	 0.823	 0.00000247	 0.521	  0.684	  1.60	  0.03	  0.0310	  0.0510	  0.0580	  0.0660	  0.0790	 0.9799	 0.00001970	 0.4194	 0.00000000	 0.1461	 0.92957225	 13.11	 11.42	 0.0250	 0.6549	 0.0001	
m60725c2r2.htb	   0.0	  0.03	 2.000	  8.00	  0.00	 40.00	   1.0	 0.0330	 35.42	 0.2490	 12.82	 10.65	 0.891	 0.00000002	 0.582	  0.656	  1.60	  0.03	  0.0140	  0.0200	  0.0210	  0.0230	  0.0260	 0.9102	 0.00084826	 0.4663	 0.00000000	 0.4344	 0.80477043	 12.82	 22.61	 0.0334	 0.2056	 0.0100	
m60726c1r2.htb	   0.0	  0.03	 2.000	  5.00	 -10.00	 40.00	   0.0	 0.0330	 21.77	 1.6000	  1.33	  0.50	 0.962	 0.00000000	 0.652	  0.959	  1.60	  0.03	  0.0890	  0.1650	  0.1920	  0.2280	  0.2830	 0.9974	 0.00000011	 0.8143	 0.00000000	 0.0556	 0.97256325	  1.32	 20.46	 0.0327	 0.9465	 0.0100	
m60726c1r2.htb	   0.0	  0.03	 2.000	  5.00	 -10.00	 40.00	   1.0	 0.0250	 21.81	 1.6000	  2.12	  0.50	 0.948	 0.00000000	 0.690	  0.816	  1.60	  0.03	  0.1020	  0.2180	  0.2630	  0.3270	  0.4290	 0.9728	 0.00004172	 0.7994	 0.00000000	 0.6780	 0.71249255	  1.91	 19.91	 0.0250	 1.3752	 0.0001	
m60726c2r2.htb	   0.0	  0.03	 2.000	  5.00	 -5.00	 40.00	   0.0	 0.0480	 28.03	 1.6000	  7.11	  4.28	 0.881	 0.00000000	 0.633	  0.832	  1.60	  0.03	  0.1030	  0.1860	  0.2140	  0.2520	  0.3100	 0.9506	 0.00018783	 0.7316	 0.00000000	 0.8061	 0.66829320	  7.10	 20.93	 0.0476	 0.8627	 0.0100	
m60726c2r2.htb	   0.0	  0.03	 2.000	  5.00	 -5.00	 40.00	   1.0	 0.0450	 28.23	 1.6000	  6.73	  4.28	 0.890	 0.00000000	 0.624	  0.828	  1.60	  0.03	  0.1120	  0.2080	  0.2420	  0.2880	  0.3570	 0.9977	 0.00000009	 0.7798	 0.00000000	 0.0498	 0.97542434	  6.69	 21.53	 0.0445	 0.9441	 0.0100	
m60726c3r2.htb	   0.0	  0.03	 2.000	  0.00	 -5.00	 40.00	   0.0	 0.0410	 23.56	 1.6000	  0.61	  1.89	 1.086	 0.00000000	 0.734	  0.752	  1.60	  0.03	  0.1560	  0.3250	  0.3890	  0.4760	  0.6090	 0.9956	 0.00000043	 0.8252	 0.00000000	 0.1935	 0.90776732	  0.03	 23.53	 0.0412	 1.3428	 0.0001	
m60726c3r2.htb	   0.0	  0.03	 2.000	  0.00	 -5.00	 40.00	   1.0	 0.0550	 24.06	 1.6000	  4.06	  1.89	 0.992	 0.00000000	 0.684	  0.610	  1.60	  0.03	  0.1120	  0.2010	  0.2310	  0.2720	  0.3330	 0.9699	 0.00005393	 0.7892	 0.00000000	 0.9562	 0.61994954	  4.05	 20.01	 0.0547	 0.8463	 0.0100	
m60726c4r2.htb	   0.0	  0.03	 2.000	  3.00	 -5.00	 40.00	   0.0	 0.1020	 15.73	 1.6000	  4.93	  4.43	 0.967	 0.00000000	 0.667	  0.512	  1.60	  0.03	  0.2070	  0.3740	  0.4310	  0.5060	  0.6160	 0.7692	 0.00951543	 0.5426	 0.00000000	 5.5602	 0.06203178	  4.81	 10.93	 0.1024	 0.8886	 0.0100	
m60726c4r2.htb	   0.0	  0.03	 2.000	  3.00	 -5.00	 40.00	   1.0	 0.1100	 14.51	 1.6000	  5.64	  4.43	 0.940	 0.00000010	 0.571	  0.559	  1.60	  0.03	  0.2530	  0.4660	  0.5370	  0.6310	  0.7630	 0.8985	 0.00115648	 0.4376	 0.00000000	 0.7727	 0.67953721	  5.36	  9.15	 0.1097	 0.9840	 0.0100	
m60726c5r2.htb	   0.0	  0.03	 2.000	 -5.00	  0.00	 40.00	   0.0	 0.0250	 13.60	 1.6000	  1.25	  2.44	 1.113	 0.00000000	 0.663	  0.703	  1.60	  0.03	  0.0920	  0.1920	  0.2310	  0.2860	  0.3730	 0.9832	 0.00001248	 0.7711	 0.00000000	 0.2923	 0.86403870	  1.18	 12.43	 0.0250	 1.3014	 0.0001	
m60726c5r2.htb	   0.0	  0.03	 2.000	 -5.00	  0.00	 40.00	   1.0	 0.0250	 11.94	 1.6000	  2.05	  2.44	 1.109	 0.00000000	 0.611	  0.685	  1.60	  0.03	  0.1540	  0.3570	  0.4350	  0.5440	  0.7070	 0.9676	 0.00006471	 0.5706	 0.00000000	 0.4215	 0.80997511	  1.46	 10.48	 0.0250	 1.7331	 0.0001	
m60726c6r2.htb	   0.0	  0.03	 2.000	  0.00	  0.00	 40.00	   0.0	 0.0250	  9.52	 1.6000	  0.12	  0.25	 1.014	 0.00000000	 0.746	  0.516	  1.60	  0.03	  0.0380	  0.0660	  0.0750	  0.0870	  0.1050	 0.9910	 0.00000262	 0.8651	 0.00000000	 0.4643	 0.79281528	  0.12	  9.40	 0.0250	 0.7610	 0.0001	
m60726c6r2.htb	   0.0	  0.03	 2.000	  0.00	  0.00	 40.00	   1.0	 0.0250	  8.46	 1.6000	  0.45	  0.25	 0.997	 0.00000000	 0.747	  0.448	  1.60	  0.03	  0.0460	  0.0840	  0.0960	  0.1140	  0.1400	 0.9814	 0.00001609	 0.8113	 0.00000000	 2.4346	 0.29603004	  0.45	  8.02	 0.0250	 0.8721	 0.0001	
m60727c1r2.htb	   0.0	  0.03	 2.000	  0.00	 -5.00	 40.00	   0.0	 0.0470	 35.02	 1.6000	  6.17	  4.78	 0.954	 0.00000000	 0.745	  0.584	  1.60	  0.03	  0.1000	  0.1800	  0.2080	  0.2440	  0.2990	 0.9924	 0.00000172	 0.8582	 0.00000000	 0.3505	 0.83923621	  6.16	 28.87	 0.0470	 0.8528	 0.0100	
m60727c1r2.htb	   0.0	  0.03	 2.000	  0.00	 -5.00	 40.00	   1.0	 0.0450	 37.57	 1.6000	  7.25	  4.78	 0.938	 0.00000000	 0.748	  0.571	  1.60	  0.03	  0.0860	  0.1520	  0.1740	  0.2030	  0.2460	 0.9906	 0.00000295	 0.8902	 0.00000000	 0.7581	 0.68450877	  7.24	 30.32	 0.0450	 0.7904	 0.0100	
m60727c2r2.htb	   0.0	  0.03	 2.000	  0.00	  0.00	 40.00	   0.0	 0.0250	  2.63	 0.3720	  0.25	  0.45	 1.090	 0.00000000	 0.597	  0.418	  1.60	  0.03	  0.0130	  0.0190	  0.0200	  0.0230	  0.0250	 0.9659	 0.00007398	 0.6856	 0.00000000	 1.0239	 0.59931429	  0.25	  2.38	 0.0250	 0.2991	 0.0016	
m60727c2r2.htb	   0.0	  0.03	 2.000	  0.00	  0.00	 40.00	   1.0	 0.0250	  2.69	 1.6000	  0.37	  0.45	 1.061	 0.00000000	 0.608	  0.438	  1.60	  0.03	  0.0310	  0.0530	  0.0590	  0.0680	  0.0810	 0.9236	 0.00056343	 0.5180	 0.00000000	 0.8352	 0.65862587	  0.37	  2.32	 0.0250	 0.6663	 0.0001	
m60801c2r2.htb	   0.0	  0.03	 2.000	  0.00	  0.00	 40.00	   0.0	 0.0250	 16.97	 1.6000	  9.65	  9.70	 1.008	 0.00000000	 0.584	  0.434	  1.60	  0.03	  0.0700	  0.1380	  0.1640	  0.1990	  0.2530	 0.9225	 0.00058426	 0.4984	 0.00000000	 0.8252	 0.66193471	  9.64	  7.33	 0.0250	 1.1213	 0.0001	
m60801c2r2.htb	   0.0	  0.03	 2.000	  0.00	  0.00	 40.00	   1.0	 0.0330	 17.23	 1.6000	  9.41	  9.70	 1.047	 0.00000001	 0.574	  0.425	  1.60	  0.03	  0.1800	  0.3820	  0.4570	  0.5590	  0.7100	 0.9058	 0.00095660	 0.4745	 0.00000000	 0.6542	 0.72102376	  9.07	  8.15	 0.0329	 1.4376	 0.0100	
m60801c3r2.htb	   0.0	  0.03	 2.000	  0.00	 -10.00	 40.00	   0.0	 0.0250	 26.78	 1.6000	  8.16	 11.00	 1.233	 0.00000000	 0.614	  0.773	  1.60	  0.03	  0.1430	  0.3260	  0.3980	  0.4990	  0.6520	 0.9600	 0.00011016	 0.6437	 0.00000000	 0.5419	 0.76266853	  7.32	 19.46	 0.0250	 1.6567	 0.0001	
m60801c3r2.htb	   0.0	  0.03	 2.000	  0.00	 -10.00	 40.00	   1.0	 0.0360	 30.77	 1.6000	 11.13	 11.00	 1.091	 0.00000000	 0.617	  0.694	  1.60	  0.03	  0.1140	  0.2320	  0.2760	  0.3380	  0.4340	 0.9651	 0.00007850	 0.6645	 0.00000000	 0.3881	 0.82360306	 10.99	 19.78	 0.0357	 1.2150	 0.0001	
m60803c1r2.htb	   0.0	  0.03	 2.000	  8.00	 -5.00	 40.00	   0.0	 0.0250	 14.08	 1.6000	  2.46	  2.09	 0.969	 0.00000000	 0.693	  0.560	  1.60	  0.03	  0.0390	  0.0670	  0.0760	  0.0890	  0.1070	 0.9551	 0.00014746	 0.8000	 0.00000000	 0.7971	 0.67128977	  2.46	 11.62	 0.0250	 0.7697	 0.0001	
m60803c1r2.htb	   0.0	  0.03	 2.000	  8.00	 -5.00	 40.00	   1.0	 0.0250	 12.65	 1.3430	  3.68	  2.09	 0.917	 0.00000000	 0.615	  0.574	  1.60	  0.03	  0.0190	  0.0300	  0.0330	  0.0370	  0.0430	 0.9551	 0.00014747	 0.6329	 0.00000000	 0.8077	 0.66774960	  3.68	  8.97	 0.0250	 0.4551	 0.0001	
m60803c3r2.htb	   0.0	  0.03	 2.000	  0.00	  0.00	 40.00	   0.0	 0.0340	 10.27	 1.6000	  4.52	  4.48	 0.994	 0.00000867	 0.516	  0.597	  1.60	  0.03	  0.0820	  0.1570	  0.1840	  0.2210	  0.2780	 0.9329	 0.00040517	 0.3756	 0.00000002	 0.2544	 0.88057019	  4.51	  5.76	 0.0338	 1.0340	 0.0001	
m60803c3r2.htb	   0.0	  0.03	 2.000	  0.00	  0.00	 40.00	   1.0	 0.0250	 10.21	 1.6000	  4.86	  4.48	 0.965	 0.00008440	 0.494	  0.587	  1.60	  0.03	  0.0640	  0.1240	  0.1460	  0.1760	  0.2230	 0.9421	 0.00028007	 0.3324	 0.00000018	 0.3049	 0.85859530	  4.85	  5.35	 0.0250	 1.0661	 0.0001	
m60803c4r2.htb	   0.0	  0.03	 2.000	  0.00	  0.00	 40.00	   0.0	 0.0250	 21.81	 1.6000	  3.92	  2.64	 0.933	 0.00000000	 0.752	  0.507	  1.60	  0.03	  0.0220	  0.0350	  0.0390	  0.0440	  0.0510	 0.9747	 0.00003477	 0.8645	 0.00000000	 2.3225	 0.31309038	  3.92	 17.89	 0.0250	 0.5065	 0.0001	
m60803c4r2.htb	   0.0	  0.03	 2.000	  0.00	  0.00	 40.00	   1.0	 0.0250	 20.97	 0.9000	  5.38	  2.64	 0.893	 0.00000000	 0.701	  0.577	  1.60	  0.03	  0.0170	  0.0260	  0.0290	  0.0320	  0.0370	 0.9505	 0.00018848	 0.7545	 0.00000000	 1.6700	 0.43387292	  5.38	 15.59	 0.0250	 0.4100	 0.0001	
m60808c1r2.htb	   0.0	  0.03	 2.000	  5.00	 -10.00	 40.00	   0.0	 0.0250	  5.69	 1.6000	  0.30	  0.60	 1.059	 0.00000000	 0.672	  0.549	  1.60	  0.03	  0.0330	  0.0550	  0.0620	  0.0720	  0.0850	 0.9766	 0.00002864	 0.6733	 0.00000000	 1.0676	 0.58637539	  0.30	  5.39	 0.0250	 0.6845	 0.0001	
m60808c1r2.htb	   0.0	  0.03	 2.000	  5.00	 -10.00	 40.00	   1.0	 0.0250	  5.99	 1.6000	  0.22	  0.60	 1.065	 0.00000000	 0.694	  0.491	  1.60	  0.03	  0.0250	  0.0390	  0.0440	  0.0500	  0.0590	 0.9906	 0.00000292	 0.8212	 0.00000000	 0.4625	 0.79355732	  0.22	  5.77	 0.0250	 0.5532	 0.0001	
m60808c2r2.htb	   0.0	  0.03	 2.000	  0.00	  0.00	 40.00	   0.0	 0.0250	 13.75	 1.6000	  4.42	  5.02	 1.576	 0.00000000	 0.702	  0.433	  1.60	  0.03	  0.2850	  0.6490	  0.7670	  0.9100	  1.0850	 0.7370	 0.01339237	 0.5266	 0.00000000	 3.5359	 0.17068069	  0.00	 13.75	 0.0250	 2.7568	 0.0001	
m60808c2r2.htb	   0.0	  0.03	 2.000	  0.00	  0.00	 40.00	   1.0	 0.0250	 12.98	 1.6000	  6.50	  5.02	 1.345	 0.00000400	 0.528	  0.524	  1.60	  0.03	  0.2530	  0.5860	  0.7000	  0.8420	  1.0230	 0.8358	 0.00395303	 0.3497	 0.00000007	 0.7515	 0.68678644	  4.50	  8.48	 0.0250	 2.4475	 0.0001	
m60809c1r2.htb	   0.0	  0.03	 2.000	  0.00	 -5.00	 40.00	   0.0	 0.0250	 15.93	 1.6000	  3.68	  2.49	 0.911	 0.00000000	 0.652	  0.595	  1.60	  0.03	  0.0290	  0.0490	  0.0550	  0.0630	  0.0740	 0.9948	 0.00000068	 0.7415	 0.00000000	 0.2681	 0.87452637	  3.68	 12.25	 0.0250	 0.6350	 0.0001	
m60809c1r2.htb	   0.0	  0.03	 2.000	  0.00	 -5.00	 40.00	   1.0	 0.0250	 15.72	 1.6000	  2.90	  2.49	 0.940	 0.00000000	 0.701	  0.599	  1.60	  0.03	  0.0530	  0.0970	  0.1120	  0.1340	  0.1660	 0.9517	 0.00017746	 0.7717	 0.00000000	 1.6058	 0.44802892	  2.90	 12.82	 0.0250	 0.9423	 0.0001	
m60809c2r2.htb	   0.0	  0.03	 2.000	  0.00	 -5.00	 40.00	   0.0	 0.0250	  8.29	 1.6000	  2.89	  2.79	 0.987	 0.00000000	 0.629	  0.352	  1.60	  0.03	  0.0960	  0.1990	  0.2380	  0.2940	  0.3820	 0.9978	 0.00000008	 0.6655	 0.00000000	 0.0392	 0.98060410	  2.86	  5.44	 0.0250	 1.2801	 0.0020	
m60809c2r2.htb	   0.0	  0.03	 2.000	  0.00	 -5.00	 40.00	   1.0	 0.0250	  9.42	 1.6000	  2.92	  2.79	 0.984	 0.00000000	 0.677	  0.392	  1.60	  0.03	  0.0730	  0.1460	  0.1730	  0.2110	  0.2700	 0.9144	 0.00075232	 0.6951	 0.00000000	 1.9324	 0.38052966	  2.91	  6.52	 0.0250	 1.1491	 0.0001	
m60809c3r2.htb	   0.0	  0.03	 2.000	  5.00	  0.00	 40.00	   0.0	 0.0250	 12.91	 1.6000	  4.57	  4.73	 1.019	 0.00000000	 0.612	  0.532	  1.60	  0.03	  0.0310	  0.0510	  0.0580	  0.0670	  0.0790	 0.9801	 0.00001918	 0.6827	 0.00000000	 0.5088	 0.77538003	  4.57	  8.34	 0.0250	 0.6580	 0.0001	
m60809c3r2.htb	   0.0	  0.03	 2.000	  5.00	  0.00	 40.00	   1.0	 0.0290	 12.18	 1.5970	  5.55	  4.73	 0.960	 0.00000005	 0.542	  0.487	  1.60	  0.03	  0.0290	  0.0450	  0.0500	  0.0560	  0.0650	 0.9974	 0.00000012	 0.4965	 0.00000000	 0.0208	 0.98963124	  5.55	  6.63	 0.0290	 0.4512	 0.0100	
m60809c4r2.htb	   0.0	  0.03	 2.000	 10.00	  2.00	 40.00	   0.0	 0.0310	 13.37	 1.6000	  1.85	  1.09	 0.939	 0.00000000	 0.656	  0.633	  1.60	  0.03	  0.0700	  0.1330	  0.1550	  0.1860	  0.2330	 0.9814	 0.00001613	 0.7619	 0.00000000	 0.3999	 0.81879197	  1.85	 11.52	 0.0306	 1.0021	 0.0001	
m60809c4r2.htb	   0.0	  0.03	 2.000	 10.00	  2.00	 40.00	   1.0	 0.0290	 14.78	 1.6000	  1.71	  1.09	 0.948	 0.00000000	 0.666	  0.669	  1.60	  0.03	  0.0660	  0.1240	  0.1450	  0.1730	  0.2170	 0.9952	 0.00000054	 0.7830	 0.00000000	 0.1572	 0.92442598	  1.70	 13.07	 0.0288	 0.9957	 0.0001	
m60810c1r2.htb	   0.0	  0.03	 2.000	 10.00	 -5.00	 40.00	   0.0	 0.0340	 35.26	 1.6000	  9.07	  7.91	 0.958	 0.00000000	 0.606	  1.159	  1.60	  0.03	  0.0370	  0.0610	  0.0680	  0.0780	  0.0920	 0.9334	 0.00039753	 0.5676	 0.00000000	 0.4835	 0.78523943	  9.07	 26.19	 0.0340	 0.6052	 0.0001	
m60810c1r2.htb	   0.0	  0.03	 2.000	 10.00	 -5.00	 40.00	   1.0	 0.0250	 32.29	 1.6000	  4.61	  7.91	 1.058	 0.00000000	 0.620	  1.089	  1.60	  0.03	  0.1410	  0.3220	  0.3930	  0.4930	  0.6440	 0.9901	 0.00000330	 0.6827	 0.00000000	 0.2081	 0.90119598	  3.41	 28.88	 0.0250	 1.6467	 0.0001	
m60810c2r2.htb	   0.0	  0.03	 2.000	  0.00	  5.00	 40.00	   0.0	 0.0360	 32.33	 1.6000	  8.04	  7.36	 0.973	 0.00000000	 0.699	  0.637	  1.60	  0.03	  0.0490	  0.0830	  0.0950	  0.1100	  0.1310	 0.9932	 0.00000129	 0.8249	 0.00000000	 0.2903	 0.86487379	  8.04	 24.29	 0.0361	 0.7096	 0.0001	
m60810c2r2.htb	   0.0	  0.03	 2.000	  0.00	  5.00	 40.00	   1.0	 0.0250	 32.29	 1.6000	  5.84	  7.36	 1.020	 0.00000000	 0.789	  0.468	  1.60	  0.03	  0.0900	  0.1870	  0.2250	  0.2770	  0.3610	 0.9798	 0.00001979	 0.9123	 0.00000000	 1.5237	 0.46680314	  5.70	 26.59	 0.0250	 1.2856	 0.0001	
m60810c3r2.htb	   0.0	  0.03	 2.000	  5.00	 -10.00	 40.00	   0.0	 0.0320	 20.00	 1.6000	  5.95	  5.67	 0.981	 0.00000000	 0.603	  0.718	  1.60	  0.03	  0.0600	  0.1080	  0.1250	  0.1480	  0.1820	 0.9858	 0.00000826	 0.7215	 0.00000000	 0.5469	 0.76073238	  5.95	 14.05	 0.0317	 0.8851	 0.0001	
m60810c3r2.htb	   0.0	  0.03	 2.000	  5.00	 -10.00	 40.00	   1.0	 0.0250	 17.87	 1.6000	  2.54	  5.67	 1.184	 0.00000000	 0.684	  0.720	  1.60	  0.03	  0.2090	  0.4910	  0.5940	  0.7290	  0.9110	 0.9371	 0.00034482	 0.6709	 0.00000000	 1.5120	 0.46954763	  0.00	 17.87	 0.0250	 2.1042	 0.0001	
m60810c4r2.htb	   0.0	  0.03	 2.000	  5.00	 -5.00	 40.00	   0.0	 0.0250	 15.62	 1.6000	  6.82	  5.97	 0.912	 0.00000000	 0.649	  0.505	  1.60	  0.03	  0.0830	  0.1570	  0.1840	  0.2200	  0.2760	 0.8647	 0.00240661	 0.5242	 0.00000000	 1.7540	 0.41601992	  6.82	  8.80	 0.0251	 1.0161	 0.0100	
m60810c4r2.htb	   0.0	  0.03	 2.000	  5.00	 -5.00	 40.00	   1.0	 0.0250	 15.44	 1.6000	  7.85	  5.97	 0.863	 0.00000003	 0.562	  0.485	  1.60	  0.03	  0.1030	  0.2210	  0.2670	  0.3320	  0.4360	 0.9437	 0.00026021	 0.4796	 0.00000000	 0.4834	 0.78529818	  7.76	  7.68	 0.0250	 1.3833	 0.0001	
m60810c5r2.htb	   0.0	  0.03	 2.000	 -5.00	 -10.00	 40.00	   0.0	 0.0710	 14.79	 1.6000	  9.43	 11.00	 1.413	 0.00589735	 0.431	  0.555	  1.60	  0.03	  0.0720	  0.1180	  0.1330	  0.1520	  0.1790	 0.9633	 0.00008895	 0.2348	 0.00002136	 0.2395	 0.88713805	  9.43	  5.36	 0.0709	 0.5842	 0.0001	
m60810c5r2.htb	   0.0	  0.03	 2.000	 -5.00	 -10.00	 40.00	   1.0	 0.0460	 15.09	 1.6000	 10.29	 11.00	 1.283	 0.00806598	 0.425	  0.484	  1.60	  0.03	  0.0390	  0.0620	  0.0690	  0.0780	  0.0910	 0.9793	 0.00002099	 0.2297	 0.00002702	 0.0341	 0.98311754	 10.29	  4.80	 0.0461	 0.5023	 0.0001	
m60811c1r2.htb	   0.0	  0.03	 2.000	  0.00	  0.00	 40.00	   0.0	 0.0340	 21.98	 1.6000	  1.19	  0.45	 0.965	 0.00000000	 0.753	  0.532	  1.60	  0.03	  0.0260	  0.0410	  0.0460	  0.0520	  0.0600	 0.9996	 0.00000000	 0.9489	 0.00000000	 0.0981	 0.95211464	  1.19	 20.79	 0.0339	 0.4673	 0.0001	
m60811c1r2.htb	   0.0	  0.03	 2.000	  0.00	  0.00	 40.00	   1.0	 0.0310	 18.78	 1.6000	  1.57	  0.45	 0.954	 0.00000000	 0.769	  0.470	  1.60	  0.03	  0.0390	  0.0660	  0.0750	  0.0870	  0.1030	 0.9973	 0.00000013	 0.9380	 0.00000000	 0.4712	 0.79010093	  1.57	 17.21	 0.0309	 0.6785	 0.0001	
m60811c2r2.htb	   0.0	  0.03	 2.000	 -5.00	 -8.00	 40.00	   0.0	 0.0250	 13.71	 1.6000	  2.25	  2.29	 1.004	 0.00000000	 0.696	  0.544	  1.60	  0.03	  0.0800	  0.1500	  0.1760	  0.2100	  0.2630	 0.9567	 0.00013447	 0.7852	 0.00000000	 2.2900	 0.31822996	  2.24	 11.47	 0.0250	 0.9973	 0.0100	
m60811c2r2.htb	   0.0	  0.03	 2.000	 -5.00	 -8.00	 40.00	   1.0	 0.0250	 13.18	 1.6000	  3.46	  2.29	 0.953	 0.00000000	 0.672	  0.488	  1.60	  0.03	  0.0870	  0.1790	  0.2140	  0.2640	  0.3430	 0.9639	 0.00008535	 0.7157	 0.00000000	 0.7212	 0.69724414	  3.41	  9.76	 0.0250	 1.2597	 0.0001	
m60811c3r2.htb	   0.0	  0.03	 2.000	  0.00	  5.00	 40.00	   0.0	 0.0250	  9.52	 1.6000	  1.43	  1.09	 0.961	 0.00000000	 0.698	  0.422	  1.60	  0.03	  0.0570	  0.1060	  0.1240	  0.1480	  0.1850	 0.9967	 0.00000022	 0.8037	 0.00000000	 0.0691	 0.96602922	  1.43	  8.09	 0.0250	 0.9873	 0.0001	
m60811c3r2.htb	   0.0	  0.03	 2.000	  0.00	  5.00	 40.00	   1.0	 0.0250	 10.37	 1.6000	  2.86	  1.09	 0.878	 0.00000000	 0.720	  0.341	  1.60	  0.03	  0.0380	  0.0660	  0.0760	  0.0880	  0.1060	 0.9713	 0.00004770	 0.7909	 0.00000000	 0.7539	 0.68595343	  2.86	  7.51	 0.0250	 0.7658	 0.0001	
m60811c4r2.htb	   0.0	  0.03	 2.000	  0.00	  0.00	 40.00	   0.0	 0.0350	 30.56	 1.5930	  4.41	  1.89	 0.912	 0.00000000	 0.696	  0.679	  1.60	  0.03	  0.0260	  0.0410	  0.0450	  0.0510	  0.0580	 0.9927	 0.00000156	 0.8838	 0.00000000	 0.3484	 0.84011235	  4.41	 26.17	 0.0355	 0.4419	 0.0001	
m60811c4r2.htb	   0.0	  0.03	 2.000	  0.00	  0.00	 40.00	   1.0	 0.0340	 27.78	 1.6000	  4.99	  1.89	 0.898	 0.00000000	 0.671	  0.722	  1.60	  0.03	  0.0340	  0.0550	  0.0610	  0.0690	  0.0810	 0.9953	 0.00000051	 0.8398	 0.00000000	 0.2875	 0.86609576	  4.99	 22.80	 0.0345	 0.5555	 0.0001	
m60811c5r2.htb	   0.0	  0.03	 2.000	 10.00	  5.00	 40.00	   0.0	 0.0250	  3.78	 1.6000	  0.11	  0.37	 1.078	 0.00000000	 0.668	  0.464	  1.60	  0.03	  0.0490	  0.0890	  0.1030	  0.1210	  0.1500	 0.9824	 0.00001397	 0.7572	 0.00000000	 0.9627	 0.61793971	  0.11	  3.68	 0.0250	 0.9006	 0.0001	
m60811c5r2.htb	   0.0	  0.03	 2.000	 10.00	  5.00	 40.00	   1.0	 0.0270	  4.90	 1.6000	  0.43	  0.37	 1.021	 0.00000000	 0.700	  0.400	  1.60	  0.03	  0.0340	  0.0570	  0.0640	  0.0740	  0.0880	 0.9802	 0.00001892	 0.7577	 0.00000000	 1.7241	 0.42230278	  0.43	  4.48	 0.0269	 0.6699	 0.0001	
m60815c1r2.htb	   0.0	  0.03	 2.000	  8.00	 -10.00	 40.00	   0.0	 0.0320	  3.98	 1.6000	  0.24	  0.25	 1.003	 0.00000002	 0.575	  0.596	  1.60	  0.03	  0.0300	  0.0480	  0.0540	  0.0610	  0.0720	 0.9628	 0.00009155	 0.4979	 0.00000000	 0.4966	 0.78011799	  0.24	  3.74	 0.0320	 0.5402	 0.0001	
m60815c1r2.htb	   0.0	  0.03	 2.000	  8.00	 -10.00	 40.00	   1.0	 0.0250	  4.18	 1.6000	  0.29	  0.25	 0.996	 0.00000000	 0.617	  0.542	  1.60	  0.03	  0.0460	  0.0820	  0.0950	  0.1110	  0.1370	 0.9602	 0.00010869	 0.5761	 0.00000000	 0.4254	 0.80838927	  0.29	  3.89	 0.0250	 0.8639	 0.0001	
m60815c2r2.htb	   0.0	  0.03	 2.000	 10.00	 -10.00	 40.00	   0.0	 0.0300	 28.24	 1.6000	 12.75	 13.03	 1.019	 0.00000000	 0.636	  0.514	  1.60	  0.03	  0.0400	  0.0690	  0.0780	  0.0900	  0.1080	 0.9969	 0.00000018	 0.7003	 0.00000000	 0.0603	 0.97030056	 12.75	 15.49	 0.0297	 0.7098	 0.0001	
m60815c2r2.htb	   0.0	  0.03	 2.000	 10.00	 -10.00	 40.00	   1.0	 0.0320	 28.62	 1.6000	 12.18	 13.03	 1.037	 0.00000000	 0.662	  0.507	  1.60	  0.03	  0.0480	  0.0850	  0.0970	  0.1130	  0.1370	 0.9864	 0.00000732	 0.7418	 0.00000000	 0.3363	 0.84523909	 12.18	 16.44	 0.0315	 0.7764	 0.0001	
m60815c4r2.htb	   0.0	  0.03	 2.000	 -5.00	  5.00	 40.00	   0.0	 0.0300	 22.43	 0.1760	  9.20	  8.11	 0.924	 0.00000036	 0.572	  0.616	  1.60	  0.03	  0.0110	  0.0150	  0.0160	  0.0180	  0.0200	 0.9564	 0.00013669	 0.4443	 0.00000000	 0.3173	 0.85327933	  9.20	 13.23	 0.0299	 0.1802	 0.0092	
m60815c4r2.htb	   0.0	  0.03	 2.000	 -5.00	  5.00	 40.00	   1.0	 0.0250	 19.31	 1.6000	  6.57	  8.11	 1.005	 0.00000000	 0.593	  0.805	  1.60	  0.03	  0.0680	  0.1340	  0.1570	  0.1910	  0.2430	 0.8331	 0.00411912	 0.4802	 0.00000000	 1.3437	 0.51077506	  6.56	 12.75	 0.0250	 1.1025	 0.0001	
m60821c1r2.htb	   0.0	  0.03	 2.000	  0.00	 -10.00	 40.00	   0.0	 0.0250	 18.21	 1.6000	  2.67	  1.39	 0.924	 0.00000000	 0.683	  0.677	  1.60	  0.03	  0.0380	  0.0620	  0.0700	  0.0800	  0.0940	 0.9966	 0.00000023	 0.8192	 0.00000000	 0.3362	 0.84526826	  2.67	 15.54	 0.0250	 0.6023	 0.0100	
m60821c1r2.htb	   0.0	  0.03	 2.000	  0.00	 -10.00	 40.00	   1.0	 0.0250	 14.84	 1.6000	  2.92	  1.39	 0.910	 0.00000000	 0.638	  0.716	  1.60	  0.03	  0.0610	  0.1160	  0.1360	  0.1630	  0.2050	 0.9633	 0.00008863	 0.6815	 0.00000000	 0.5993	 0.74106194	  2.91	 11.93	 0.0250	 1.0310	 0.0001	
m60821c2r2.htb	   0.0	  0.03	 2.000	 -5.00	 -10.00	 40.00	   0.0	 0.0250	  2.91	 1.6000	  0.32	  0.57	 1.115	 0.00000000	 0.584	  0.441	  1.60	  0.03	  0.1090	  0.2210	  0.2620	  0.3210	  0.4110	 0.9230	 0.00057490	 0.4656	 0.00000000	 0.8212	 0.66324957	  0.30	  2.61	 0.0250	 1.1988	 0.0100	
m60821c2r2.htb	   0.0	  0.03	 2.000	 -5.00	 -10.00	 40.00	   1.0	 0.0250	  2.71	 1.6000	  0.79	  0.57	 1.020	 0.00000000	 0.560	  0.396	  1.60	  0.03	  0.1000	  0.2150	  0.2590	  0.3220	  0.4220	 0.7751	 0.00889745	 0.3677	 0.00000000	 1.3601	 0.50658692	  0.77	  1.94	 0.0250	 1.3658	 0.0001	
m60821c3r2.htb	   0.0	  0.03	 2.000	 -10.00	  0.00	 40.00	   0.0	 0.0250	  6.98	 1.6000	  1.79	  0.80	 0.840	 0.00000005	 0.568	  0.606	  1.60	  0.03	  0.0520	  0.0970	  0.1120	  0.1330	  0.1660	 0.9590	 0.00011760	 0.4788	 0.00000000	 0.3099	 0.85645341	  1.79	  5.19	 0.0250	 0.9411	 0.0001	
m60821c3r2.htb	   0.0	  0.03	 2.000	 -10.00	  0.00	 40.00	   1.0	 0.0250	  7.73	 1.6000	  2.08	  0.80	 0.826	 0.00000000	 0.588	  0.531	  1.60	  0.03	  0.0470	  0.0840	  0.0960	  0.1140	  0.1400	 0.9757	 0.00003147	 0.5474	 0.00000000	 0.2999	 0.86074542	  2.08	  5.65	 0.0250	 0.8725	 0.0001	
m60822c3r2.htb	   0.0	  0.03	 2.000	 -8.00	 -10.00	 40.00	   0.0	 0.0250	  3.54	 1.6000	  0.38	  0.55	 1.057	 0.00000000	 0.593	  0.461	  1.60	  0.03	  0.0300	  0.0490	  0.0560	  0.0640	  0.0760	 0.9894	 0.00000396	 0.6458	 0.00000000	 0.0764	 0.96254022	  0.38	  3.16	 0.0250	 0.6419	 0.0001	
m60822c3r2.htb	   0.0	  0.03	 2.000	 -8.00	 -10.00	 40.00	   1.0	 0.0250	  3.67	 1.6000	  0.40	  0.55	 1.053	 0.00000000	 0.644	  0.429	  1.60	  0.03	  0.0790	  0.1590	  0.1890	  0.2310	  0.2980	 0.9722	 0.00004419	 0.6014	 0.00000000	 0.8416	 0.65653043	  0.39	  3.28	 0.0250	 1.1939	 0.0001	
m60822c4r2.htb	   0.0	  0.03	 2.000	 -8.00	  0.00	 40.00	   0.0	 0.0250	 13.27	 1.6000	  1.60	  2.13	 1.048	 0.00000000	 0.722	  0.527	  1.60	  0.03	  0.0280	  0.0450	  0.0500	  0.0570	  0.0670	 0.9839	 0.00001125	 0.8640	 0.00000000	 2.5944	 0.27330205	  1.60	 11.67	 0.0250	 0.5639	 0.0028	
m60822c4r2.htb	   0.0	  0.03	 2.000	 -8.00	  0.00	 40.00	   1.0	 0.0250	 13.86	 1.6000	  2.01	  2.13	 1.028	 0.00000000	 0.678	  0.608	  1.60	  0.03	  0.0260	  0.0420	  0.0470	  0.0530	  0.0620	 0.9890	 0.00000437	 0.7918	 0.00000000	 0.5729	 0.75090846	  2.01	 11.84	 0.0250	 0.5728	 0.0001	
m60823c1r2.htb	   0.0	  0.03	 2.000	 10.00	  5.00	 40.00	   0.0	 0.0350	 31.90	 0.5160	  4.23	  5.07	 1.032	 0.00000000	 0.567	  1.158	  1.60	  0.03	  0.0190	  0.0280	  0.0300	  0.0330	  0.0380	 0.9942	 0.00000088	 0.7425	 0.00000000	 0.1025	 0.95003779	  4.23	 27.69	 0.0346	 0.2805	 0.0100	
m60823c1r2.htb	   0.0	  0.03	 2.000	 10.00	  5.00	 40.00	   1.0	 0.0320	 25.85	 1.6000	  5.01	  5.07	 1.021	 0.00000000	 0.539	  1.319	  1.60	  0.03	  0.0310	  0.0480	  0.0530	  0.0590	  0.0680	 0.9770	 0.00002737	 0.5864	 0.00000000	 0.1546	 0.92560490	  5.01	 20.84	 0.0324	 0.4395	 0.0100	
m60823c2r2.htb	   0.0	  0.03	 2.000	  0.00	  0.00	 40.00	   0.0	 0.0440	 14.60	 1.6000	  7.06	  8.16	 1.170	 0.00000000	 0.555	  0.463	  1.60	  0.03	  0.0800	  0.1400	  0.1600	  0.1860	  0.2250	 0.9498	 0.00019524	 0.5425	 0.00000000	 0.7648	 0.68222850	  7.06	  7.54	 0.0444	 0.7594	 0.0100	
m60823c2r2.htb	   0.0	  0.03	 2.000	  0.00	  0.00	 40.00	   1.0	 0.0450	 15.23	 1.6000	  7.12	  8.16	 1.158	 0.00000000	 0.584	  0.445	  1.60	  0.03	  0.0870	  0.1540	  0.1770	  0.2070	  0.2510	 0.9282	 0.00048121	 0.5626	 0.00000000	 0.7046	 0.70307316	  7.12	  8.11	 0.0449	 0.7983	 0.0100	
m60823c3r2.htb	  70.0	  0.03	 2.000	 -5.00	  0.00	 40.00	   0.0	 0.0250	 11.31	 1.6000	  1.05	  1.09	 1.004	 0.00000060	 0.554	  1.038	  1.60	  0.03	  0.0340	  0.0580	  0.0660	  0.0770	  0.0920	 0.9916	 0.00000217	 0.4513	 0.00000000	 0.0902	 0.95589064	  1.05	 10.26	 0.0250	 0.7102	 0.0001	
m60823c3r2.htb	  70.0	  0.03	 2.000	 -5.00	  0.00	 40.00	   1.0	 0.0250	  8.94	 1.6000	  1.82	  1.09	 0.968	 0.01825017	 0.432	  1.245	  1.60	  0.03	  0.0520	  0.0950	  0.1110	  0.1310	  0.1630	 0.9454	 0.00024075	 0.1981	 0.00011299	 0.0540	 0.97336926	  1.82	  7.12	 0.0250	 0.9347	 0.0001	
m60823c4r2.htb	  70.0	  0.03	 2.000	 -10.00	  0.00	 40.00	   0.0	 0.0290	 21.67	 1.6000	 12.70	 10.35	 0.792	 0.00000001	 0.567	  0.482	  1.60	  0.03	  0.0490	  0.0820	  0.0930	  0.1070	  0.1280	 0.9563	 0.00013757	 0.4967	 0.00000000	 0.2650	 0.87588753	 12.70	  8.97	 0.0287	 0.6773	 0.0100	
m60823c4r2.htb	  70.0	  0.03	 2.000	 -10.00	  0.00	 40.00	   1.0	 0.0540	 20.05	 1.6000	 10.72	 10.35	 0.864	 0.00000000	 0.575	  0.482	  1.60	  0.03	  0.1220	  0.2220	  0.2570	  0.3030	  0.3730	 0.9518	 0.00017591	 0.5236	 0.00000000	 0.4155	 0.81241340	 10.71	  9.34	 0.0543	 0.8942	 0.0100	
m60824c1r2.htb	   0.0	  0.03	 2.000	 -5.00	  5.00	 40.00	   0.0	 0.0250	 21.30	 1.6000	  3.49	  3.08	 1.005	 0.00000000	 0.704	  0.635	  1.60	  0.03	  0.1260	  0.2820	  0.3440	  0.4300	  0.5660	 0.9298	 0.00045497	 0.7525	 0.00000000	 1.7557	 0.41566640	  3.00	 18.30	 0.0250	 1.5454	 0.0001	
m60824c1r2.htb	   0.0	  0.03	 2.000	 -5.00	  5.00	 40.00	   1.0	 0.0250	 23.54	 1.6000	  5.45	  3.08	 0.940	 0.00000000	 0.666	  0.662	  1.60	  0.03	  0.0900	  0.1880	  0.2260	  0.2790	  0.3640	 0.9858	 0.00000823	 0.7458	 0.00000000	 0.2748	 0.87163104	  5.35	 18.19	 0.0250	 1.2887	 0.0001	
m60824c2r2.htb	   0.0	  0.03	 2.000	 -5.00	 -5.00	 40.00	   0.0	 0.0250	 24.17	 1.6000	  7.38	  7.66	 1.017	 0.00000000	 0.711	  0.473	  1.60	  0.03	  0.0420	  0.0750	  0.0860	  0.1010	  0.1230	 0.9933	 0.00000123	 0.8238	 0.00000000	 0.1870	 0.91072381	  7.38	 16.79	 0.0250	 0.8209	 0.0001	
m60824c2r2.htb	   0.0	  0.03	 2.000	 -5.00	 -5.00	 40.00	   1.0	 0.0250	 25.20	 1.6000	  8.69	  7.66	 0.977	 0.00000000	 0.724	  0.456	  1.60	  0.03	  0.0400	  0.0700	  0.0800	  0.0930	  0.1130	 0.9649	 0.00007936	 0.8062	 0.00000000	 1.5932	 0.45085508	  8.69	 16.51	 0.0250	 0.7881	 0.0001	
m60824c3r2.htb	   0.0	  0.03	 2.000	 -5.00	  0.00	 40.00	   0.0	 0.0250	  8.30	 1.6000	  3.15	  3.33	 1.037	 0.00001184	 0.515	  0.609	  1.60	  0.03	  0.0320	  0.0520	  0.0580	  0.0660	  0.0770	 0.9394	 0.00031319	 0.3721	 0.00000002	 0.2587	 0.87868126	  3.15	  5.15	 0.0250	 0.5376	 0.0100	
m60824c3r2.htb	   0.0	  0.03	 2.000	 -5.00	  0.00	 40.00	   1.0	 0.0330	  9.31	 1.1870	  3.65	  3.33	 0.984	 0.00003438	 0.479	  0.583	  1.60	  0.03	  0.0220	  0.0340	  0.0370	  0.0420	  0.0480	 0.9825	 0.00001384	 0.3666	 0.00000003	 0.1546	 0.92561682	  3.65	  5.66	 0.0325	 0.4118	 0.0006	
m60830c1r2.htb	 180.0	  0.03	 2.000	 -8.00	 -10.00	 40.00	   0.0	 0.0250	 11.81	 1.6000	  6.25	  6.02	 0.960	 0.00232783	 0.451	  0.774	  1.60	  0.03	  0.0480	  0.0810	  0.0920	  0.1070	  0.1280	 0.8456	 0.00337203	 0.2282	 0.00002889	 0.6696	 0.71548352	  6.25	  5.56	 0.0250	 0.7129	 0.0100	
m60830c1r2.htb	 180.0	  0.03	 2.000	 -8.00	 -10.00	 40.00	   1.0	 0.0250	 13.02	 1.6000	  6.33	  6.02	 0.957	 0.00265497	 0.428	  0.915	  1.60	  0.03	  0.0360	  0.0610	  0.0690	  0.0800	  0.0970	 0.9178	 0.00067860	 0.2444	 0.00001364	 0.1271	 0.93841587	  6.33	  6.69	 0.0250	 0.7296	 0.0001	
m60830c2r2.htb	 180.0	  0.03	 2.000	  0.00	 -10.00	 40.00	   0.0	 0.0250	 19.56	 0.0260	 14.91	 12.59	 0.667	 0.00031036	 0.497	  0.367	  1.60	  0.03	  0.0020	  0.0020	  0.0020	  0.0020	  0.0020	 0.7670	 0.00975740	 0.2470	 0.00001209	 1.4759	 0.47810467	 14.91	  4.65	 0.0250	 0.0000	 0.0001	
m60830c2r2.htb	 180.0	  0.03	 2.000	  0.00	 -10.00	 40.00	   1.0	 0.0250	 20.85	 1.6000	 13.73	 12.59	 0.781	 0.00000546	 0.522	  0.445	  1.60	  0.03	  0.0400	  0.0700	  0.0800	  0.0940	  0.1130	 0.9475	 0.00021852	 0.3904	 0.00000001	 0.2049	 0.90263907	 13.73	  7.12	 0.0250	 0.7908	 0.0001	
m60831c1r2.htb	 180.0	  0.03	 2.000	 10.00	  0.00	 40.00	   0.0	 0.0420	 10.68	 1.6000	  1.29	  1.79	 1.056	 0.00000000	 0.559	  0.887	  1.60	  0.03	  0.0500	  0.0820	  0.0920	  0.1040	  0.1230	 0.9570	 0.00013212	 0.6090	 0.00000000	 0.2949	 0.86290084	  1.29	  9.39	 0.0415	 0.5654	 0.0100	
m60831c1r2.htb	 180.0	  0.03	 2.000	 10.00	  0.00	 40.00	   1.0	 0.0370	 11.33	 1.6000	  0.96	  1.79	 1.072	 0.00000000	 0.559	  0.944	  1.60	  0.03	  0.0410	  0.0650	  0.0720	  0.0820	  0.0960	 0.9658	 0.00007450	 0.6224	 0.00000000	 0.6091	 0.73746176	  0.96	 10.37	 0.0371	 0.5122	 0.0100	
m60831c4r2.htb	 180.0	  0.03	 2.000	  5.00	  0.00	 60.00	   0.0	 0.0250	 11.29	 1.6000	  6.00	  4.57	 0.787	 0.01710941	 0.424	  0.704	  1.60	  0.03	  0.0280	  0.0460	  0.0520	  0.0590	  0.0700	 0.9681	 0.00006254	 0.2025	 0.00008255	 0.0835	 0.95912849	  6.00	  5.30	 0.0250	 0.6141	 0.0001	
m60831c4r2.htb	 180.0	  0.03	 2.000	  5.00	  0.00	 60.00	   1.0	 0.0250	 10.70	 1.6000	  3.87	  4.57	 0.957	 0.00096977	 0.502	  0.726	  1.60	  0.03	  0.1410	  0.3210	  0.3920	  0.4910	  0.6420	 0.9688	 0.00005892	 0.2807	 0.00000202	 0.1172	 0.94310379	  3.58	  7.12	 0.0250	 1.6435	 0.0001	
m60901c4r2.htb	 180.0	  0.03	 2.000	 -5.00	 -5.00	 40.00	   0.0	 0.0250	  9.76	 1.6000	  1.95	  1.94	 1.000	 0.00000000	 0.644	  0.590	  1.60	  0.03	  0.0600	  0.1150	  0.1340	  0.1610	  0.2030	 0.9505	 0.00018849	 0.6603	 0.00000000	 1.0828	 0.58193202	  1.94	  7.82	 0.0250	 1.0249	 0.0001	
m60901c4r2.htb	 180.0	  0.03	 2.000	 -5.00	 -5.00	 40.00	   1.0	 0.0250	  9.02	 1.6000	  2.42	  1.94	 0.970	 0.00000000	 0.636	  0.479	  1.60	  0.03	  0.0700	  0.1380	  0.1620	  0.1970	  0.2510	 0.9759	 0.00003102	 0.6126	 0.00000000	 0.3491	 0.83984306	  2.41	  6.61	 0.0250	 1.1178	 0.0001	
m60907c1r2.htb	 180.0	  0.03	 2.000	 10.00	  8.00	 40.00	   0.0	 0.0250	  6.61	 1.6000	  1.84	  2.01	 1.038	 0.00000000	 0.615	  0.454	  1.60	  0.03	  0.0560	  0.1040	  0.1210	  0.1450	  0.1810	 0.9318	 0.00042277	 0.5615	 0.00000000	 1.3112	 0.51913933	  1.84	  4.78	 0.0250	 0.9773	 0.0001	
m60907c1r2.htb	 180.0	  0.03	 2.000	 10.00	  8.00	 40.00	   1.0	 0.0250	  8.98	 1.6000	  2.40	  2.01	 0.973	 0.00000000	 0.654	  0.435	  1.60	  0.03	  0.0310	  0.0520	  0.0590	  0.0680	  0.0810	 0.9254	 0.00053095	 0.6836	 0.00000000	 0.8435	 0.65591037	  2.40	  6.58	 0.0250	 0.6639	 0.0001	
m60907c2r2.htb	 180.0	  0.03	 2.000	 10.00	 -10.00	 40.00	   0.0	 0.0320	  1.77	 1.6000	  0.06	  0.45	 1.295	 0.00000119	 0.547	  0.479	  1.60	  0.03	  0.0930	  0.1860	  0.2200	  0.2680	  0.3430	 0.9074	 0.00091580	 0.4012	 0.00000000	 0.4036	 0.81723907	  0.06	  1.71	 0.0320	 1.1506	 0.0001	
m60907c2r2.htb	 180.0	  0.03	 2.000	 10.00	 -10.00	 40.00	   1.0	 0.0250	  3.60	 1.6000	  0.57	  0.45	 1.012	 0.00000002	 0.552	  0.547	  1.60	  0.03	  0.0240	  0.0380	  0.0420	  0.0480	  0.0560	 0.9275	 0.00049280	 0.4745	 0.00000000	 0.3799	 0.82698449	  0.57	  3.04	 0.0250	 0.5386	 0.0001	
m60907c3r2.htb	 120.0	  0.03	 2.000	  0.00	 -15.00	 40.00	   0.0	 0.0250	  8.75	 1.6000	  4.36	  3.78	 0.909	 0.00060260	 0.466	  0.537	  1.60	  0.03	  0.1510	  0.3250	  0.3910	  0.4830	  0.6220	 0.9830	 0.00001281	 0.3003	 0.00000091	 0.0877	 0.95708356	  4.23	  4.52	 0.0253	 1.4364	 0.0100	
m60907c3r2.htb	 120.0	  0.03	 2.000	  0.00	 -15.00	 40.00	   1.0	 0.0440	  8.75	 1.6000	  4.43	  3.78	 1.147	 0.00166247	 0.492	  0.527	  1.60	  0.03	  0.3610	  0.7440	  0.8580	  0.9910	  1.1480	 0.9305	 0.00044325	 0.2596	 0.00000664	 0.3219	 0.85134278	  1.86	  6.89	 0.0436	 2.5644	 0.0001	
m61024c1r2.htb	   0.0	  0.03	 2.000	  0.00	 10.00	 40.00	   0.0	 0.0540	 10.81	 1.6000	  1.17	  3.28	 1.305	 0.00000001	 0.549	  0.910	  1.60	  0.03	  0.1800	  0.3520	  0.4140	  0.4980	  0.6230	 0.8559	 0.00282789	 0.4509	 0.00000000	 1.3088	 0.51975447	  0.99	  9.82	 0.0541	 1.1437	 0.0100	
m61024c1r2.htb	   0.0	  0.03	 2.000	  0.00	 10.00	 40.00	   1.0	 0.0430	  9.76	 1.6000	  2.06	  3.28	 1.255	 0.00008256	 0.486	  1.078	  1.60	  0.03	  0.0910	  0.1630	  0.1870	  0.2200	  0.2690	 0.8735	 0.00202629	 0.3087	 0.00000060	 0.5550	 0.75768956	  2.06	  7.70	 0.0432	 0.8379	 0.0100	
m61024c2r2.htb	   0.0	  0.03	 2.000	  0.00	  5.00	 40.00	   0.0	 0.0250	  9.48	 1.6000	  1.75	  1.24	 0.939	 0.00000000	 0.602	  0.701	  1.60	  0.03	  0.0690	  0.1350	  0.1590	  0.1930	  0.2450	 0.8987	 0.00115299	 0.5191	 0.00000000	 0.7627	 0.68292552	  1.75	  7.74	 0.0250	 1.1071	 0.0001	
m61024c2r2.htb	   0.0	  0.03	 2.000	  0.00	  5.00	 40.00	   1.0	 0.0250	  8.89	 1.6000	  2.50	  1.24	 0.900	 0.00000000	 0.603	  0.551	  1.60	  0.03	  0.1210	  0.2690	  0.3270	  0.4100	  0.5390	 0.9172	 0.00069139	 0.4938	 0.00000000	 0.5966	 0.74206943	  2.35	  6.54	 0.0250	 1.5119	 0.0001	
m61027c1r2.htb	   0.0	  0.03	 2.000	 10.00	 -10.00	 40.00	   0.0	 0.0250	 25.16	 1.6000	 12.07	 12.19	 1.023	 0.00000000	 0.673	  0.412	  1.60	  0.03	  0.1290	  0.2680	  0.3210	  0.3950	  0.5110	 0.9740	 0.00003732	 0.6802	 0.00000000	 0.5826	 0.74728801	 11.88	 13.28	 0.0252	 1.3112	 0.0100	
m61027c1r2.htb	   0.0	  0.03	 2.000	 10.00	 -10.00	 40.00	   1.0	 0.0250	 26.79	 1.6000	 14.00	 12.19	 0.942	 0.00000000	 0.627	  0.449	  1.60	  0.03	  0.0760	  0.1530	  0.1810	  0.2220	  0.2850	 0.9839	 0.00001120	 0.6371	 0.00000000	 0.1844	 0.91190857	 13.98	 12.81	 0.0250	 1.1736	 0.0001	
m61027c2r2.htb	   0.0	  0.03	 2.000	  5.00	 -5.00	 40.00	   0.0	 0.0390	 14.14	 1.6000	  7.82	  9.50	 1.380	 0.00002410	 0.480	  0.504	  1.60	  0.03	  0.1470	  0.2930	  0.3460	  0.4200	  0.5330	 0.9920	 0.00000196	 0.3778	 0.00000002	 0.0366	 0.98188327	  7.74	  6.39	 0.0390	 1.1789	 0.0100	
m61027c2r2.htb	   0.0	  0.03	 2.000	  5.00	 -5.00	 40.00	   1.0	 0.0250	 15.26	 1.6000	  7.67	  9.50	 1.374	 0.00000009	 0.565	  0.484	  1.60	  0.03	  0.1380	  0.3130	  0.3820	  0.4790	  0.6270	 0.9310	 0.00043612	 0.4552	 0.00000000	 0.5685	 0.75256848	  7.37	  7.89	 0.0250	 1.6241	 0.0001	
m61106c4r2.htb	 120.0	  0.03	 2.000	  0.00	 -10.00	 40.00	   0.0	 0.0250	 19.16	 1.6000	  7.15	  8.81	 1.222	 0.00000000	 0.615	  0.649	  1.60	  0.03	  0.1500	  0.3450	  0.4210	  0.5270	  0.6860	 0.8727	 0.00205879	 0.5225	 0.00000000	 2.5398	 0.28085885	  6.50	 12.65	 0.0250	 1.7031	 0.0001	
m61108c2r2.htb	 180.0	  0.03	 2.000	  0.00	 -10.00	 40.00	   0.0	 0.0420	 14.24	 1.6000	  6.19	  5.87	 0.963	 0.00000000	 0.592	  0.459	  1.60	  0.03	  0.1100	  0.2040	  0.2370	  0.2820	  0.3500	 0.9628	 0.00009216	 0.5451	 0.00000000	 0.3944	 0.82100695	  6.18	  8.06	 0.0424	 0.9501	 0.0100	
m61108c3r1.htb	 180.0	  0.03	 2.000	  0.00	 -10.00	 40.00	   0.0	 0.0250	 15.00	 1.6000	  7.04	  6.47	 1.002	 0.00000086	 0.557	  0.541	  1.60	  0.03	  0.1900	  0.4200	  0.5060	  0.6220	  0.7900	 0.9137	 0.00076628	 0.4096	 0.00000000	 0.4121	 0.81378244	  6.45	  8.55	 0.0250	 1.6547	 0.0100	
m61128c2r2.htb	 180.0	  0.03	 2.000	  5.00	  0.00	 40.00	   0.0	 0.0450	 30.26	 1.6000	  9.00	 11.44	 1.137	 0.00000000	 0.647	  0.679	  1.60	  0.03	  0.1360	  0.2620	  0.3070	  0.3690	  0.4640	 0.9805	 0.00001815	 0.7085	 0.00000000	 0.2994	 0.86095285	  8.87	 21.39	 0.0448	 1.0582	 0.0100	
m61201c3r2.htb	   0.0	  0.03	 2.000	 -5.00	 -10.00	 40.00	   0.0	 0.1360	 18.19	 1.6000	 11.28	 11.49	 1.060	 0.00001867	 0.511	  0.531	  1.60	  0.03	  0.2630	  0.4710	  0.5400	  0.6290	  0.7550	 0.6796	 0.02253245	 0.2626	 0.00000577	 1.4229	 0.49092948	 11.09	  7.10	 0.1357	 0.8900	 0.0100	
