FILE			 PrfOR	 PrfSF	 PrfTF	 RFXctr	 RFYctr	 RFDiam	 GrType	 0Hz_freq	 2Hz_freq	 2Hz/0Hz	
m60110c1r2.htb	   0.0	  0.10	 2.000	  0.00	  0.00	 50.00	   0.0	 0.5000	 0.0625	 0.1251	
m60110c1r2.htb	   0.0	  0.10	 2.000	  0.00	  0.00	 50.00	   1.0	 0.5000	 0.0972	 0.1943	
m60110c2r3.htb	  30.0	  0.05	 2.000	  3.00	 -7.00	 30.00	   0.0	 0.5000	 0.1653	 0.3306	
m60110c2r3.htb	  30.0	  0.05	 2.000	  3.00	 -7.00	 30.00	   1.0	 0.5000	 0.1268	 0.2537	
m60110c3r3.htb	  90.0	  0.05	 1.000	 20.00	 -15.00	 30.00	   0.0	 0.5000	 0.0518	 0.1036	
m60110c3r3.htb	  90.0	  0.05	 1.000	 20.00	 -15.00	 30.00	   1.0	 0.5000	 0.0810	 0.1621	
m60117c2r2.htb	  90.0	  0.05	 2.000	  5.00	 -10.00	 40.00	   0.0	 0.5000	 0.0552	 0.1104	
m60117c2r2.htb	  90.0	  0.05	 2.000	  5.00	 -10.00	 40.00	   1.0	 0.5000	 0.0606	 0.1211	
m60125c1r3.htb	  30.0	  0.50	 2.000	  0.00	  0.00	 50.00	   0.0	 0.5000	 0.2474	 0.4948	
m60125c1r3.htb	  30.0	  0.50	 2.000	  0.00	  0.00	 50.00	   1.0	 0.5000	 0.0877	 0.1754	
m60125c2r2.htb	  30.0	  0.05	 2.000	 -7.00	 -3.00	 40.00	   0.0	 0.5000	 0.1307	 0.2615	
m60125c2r2.htb	  30.0	  0.05	 2.000	 -7.00	 -3.00	 40.00	   1.0	 0.5000	 0.0724	 0.1448	
m60125c3r3.htb	  30.0	  0.03	 2.000	 -8.00	 -18.00	 30.00	   0.0	 0.5000	 0.0600	 0.1200	
m60125c3r3.htb	  30.0	  0.03	 2.000	 -8.00	 -18.00	 30.00	   1.0	 0.5000	 0.1081	 0.2162	
m60125c4r4.htb	  90.0	  0.03	 2.000	  0.00	 -8.00	 30.00	   0.0	 0.5000	 0.1293	 0.2586	
m60125c4r4.htb	  90.0	  0.03	 2.000	  0.00	 -8.00	 30.00	   1.0	 0.5000	 0.0844	 0.1689	
m60201c2r3.htb	  90.0	  0.03	 2.000	  0.00	 -10.00	 50.00	   0.0	 0.5000	 0.1097	 0.2195	
m60201c2r3.htb	  90.0	  0.03	 2.000	  0.00	 -10.00	 50.00	   1.0	 0.5000	 0.0846	 0.1693	
m60201c3r5.htb	 270.0	  0.03	 2.000	  8.00	 -15.00	 50.00	   0.0	 0.5000	 0.0890	 0.1780	
m60201c3r5.htb	 270.0	  0.03	 2.000	  8.00	 -15.00	 50.00	   1.0	 0.5000	 0.0990	 0.1981	
m60201c4r7.htb	 270.0	  0.03	 2.000	  8.00	 -18.00	 50.00	   0.0	 0.5000	 0.0793	 0.1587	
m60201c4r7.htb	 270.0	  0.03	 2.000	  8.00	 -18.00	 50.00	   1.0	 0.5000	 0.1188	 0.2376	
m60201c5r2.htb	  30.0	  0.05	 2.000	  0.00	 -15.00	 50.00	   0.0	 0.5000	 0.1401	 0.2803	
m60201c5r2.htb	  30.0	  0.05	 2.000	  0.00	 -15.00	 50.00	   1.0	 0.5000	 0.1163	 0.2325	
m60203c1r3.htb	   0.0	  0.03	 2.000	 -2.00	 -12.00	 50.00	   0.0	 0.5000	 0.1004	 0.2007	
m60203c1r3.htb	   0.0	  0.03	 2.000	 -2.00	 -12.00	 50.00	   1.0	 0.5000	 0.0580	 0.1161	
m60203c2r6.htb	   0.0	  0.03	 2.000	 -5.00	 -10.00	 40.00	   0.0	 0.5000	 0.0483	 0.0965	
m60203c2r6.htb	   0.0	  0.03	 2.000	 -5.00	 -10.00	 40.00	   1.0	 0.5000	 0.0271	 0.0542	
m60203c3r3.htb	   0.0	  0.03	 2.000	  5.00	 -20.00	 40.00	   0.0	 0.5000	 0.0741	 0.1482	
m60203c3r3.htb	   0.0	  0.03	 2.000	  5.00	 -20.00	 40.00	   1.0	 0.5000	 0.0820	 0.1640	
m60207c1r3.htb	 120.0	  0.03	 2.000	 -8.00	 -12.00	 50.00	   0.0	 0.5000	 0.1667	 0.3334	
m60207c1r3.htb	 120.0	  0.03	 2.000	 -8.00	 -12.00	 50.00	   1.0	 0.5000	 0.1231	 0.2462	
m60207c2r3.htb	 300.0	  0.03	 4.000	  0.00	 -2.00	 50.00	   0.0	 0.5000	 0.0536	 0.1071	
m60207c2r3.htb	 300.0	  0.03	 4.000	  0.00	 -2.00	 50.00	   1.0	 0.5000	 0.1425	 0.2850	
m60207c3r3.htb	  50.0	  0.03	 4.000	 -5.00	 -5.00	 50.00	   0.0	 0.5000	 0.1140	 0.2280	
m60207c3r3.htb	  50.0	  0.03	 4.000	 -5.00	 -5.00	 50.00	   1.0	 0.5000	 0.0971	 0.1942	
m60207c4r4.htb	  30.0	  0.03	 2.000	 10.00	 10.00	 50.00	   0.0	 0.5000	 0.0225	 0.0450	
m60207c4r4.htb	  30.0	  0.03	 2.000	 10.00	 10.00	 50.00	   1.0	 0.5000	 0.0867	 0.1734	
m60301c1r2.htb	  30.0	  0.03	 2.000	  0.00	 -5.00	 40.00	   0.0	 0.5000	 0.1437	 0.2874	
m60301c1r2.htb	  30.0	  0.03	 2.000	  0.00	 -5.00	 40.00	   1.0	 0.5000	 0.0607	 0.1215	
m60301c2r2.htb	  30.0	  0.03	 2.000	 -5.00	 -10.00	 40.00	   0.0	 0.5000	 0.1710	 0.3421	
m60301c2r2.htb	  30.0	  0.03	 2.000	 -5.00	 -10.00	 40.00	   1.0	 0.5000	 0.2029	 0.4058	
m60301c3r2.htb	  30.0	  0.03	 2.000	 10.00	 -5.00	 40.00	   0.0	 0.5000	 0.1021	 0.2042	
m60301c3r2.htb	  30.0	  0.03	 2.000	 10.00	 -5.00	 40.00	   1.0	 0.5000	 0.0912	 0.1824	
m60301c4r2.htb	  30.0	  0.03	 4.000	 20.00	 -10.00	 50.00	   0.0	 0.5000	 0.0435	 0.0869	
m60301c4r2.htb	  30.0	  0.03	 4.000	 20.00	 -10.00	 50.00	   1.0	 0.5000	 0.0915	 0.1829	
m60302c1r2.htb	  30.0	  0.03	 2.000	  0.00	 -2.00	 50.00	   0.0	 0.5000	 0.1449	 0.2899	
m60302c1r2.htb	  30.0	  0.03	 2.000	  0.00	 -2.00	 50.00	   1.0	 0.5000	 0.0493	 0.0987	
m60302c2r2.htb	  30.0	  0.03	 2.000	  0.00	 -10.00	 40.00	   0.0	 0.5000	 0.1409	 0.2819	
m60302c2r2.htb	  30.0	  0.03	 2.000	  0.00	 -10.00	 40.00	   1.0	 0.5000	 0.0822	 0.1644	
m60302c3r2.htb	  30.0	  0.05	 4.000	 -5.00	 -5.00	 60.00	   0.0	 0.5000	 0.1217	 0.2435	
m60302c3r2.htb	  30.0	  0.05	 4.000	 -5.00	 -5.00	 60.00	   1.0	 0.5000	 0.0725	 0.1451	
m60302c4r2.htb	  30.0	  0.03	 4.000	 -5.00	  0.00	 50.00	   0.0	 0.5000	 0.0661	 0.1323	
m60302c4r2.htb	  30.0	  0.03	 4.000	 -5.00	  0.00	 50.00	   1.0	 0.5000	 0.0884	 0.1768	
m60404c3r2.htb	   0.0	  0.03	 2.000	 10.00	 10.00	 30.00	   0.0	 0.5000	 0.1391	 0.2783	
m60404c3r2.htb	   0.0	  0.03	 2.000	 10.00	 10.00	 30.00	   1.0	 0.5000	 0.1852	 0.3703	
m60404c4r2.htb	   0.0	  0.03	 1.000	 10.00	  5.00	 40.00	   0.0	 0.5000	 0.1078	 0.2156	
m60404c4r2.htb	   0.0	  0.03	 1.000	 10.00	  5.00	 40.00	   1.0	 0.5000	 0.1063	 0.2126	
m60404c5r2.htb	   0.0	  0.03	 2.000	  0.00	  0.00	 40.00	   0.0	 0.5000	 0.0542	 0.1085	
m60404c5r2.htb	   0.0	  0.03	 2.000	  0.00	  0.00	 40.00	   1.0	 0.5000	 0.0409	 0.0819	
m60405c2r2.htb	   0.0	  0.03	 2.000	 -10.00	 -15.00	 40.00	   0.0	 0.5000	 0.0407	 0.0813	
m60405c2r2.htb	   0.0	  0.03	 2.000	 -10.00	 -15.00	 40.00	   1.0	 0.5000	 0.0185	 0.0370	
m60405c3r2.htb	 270.0	  0.03	 2.000	 -5.00	 -15.00	 40.00	   0.0	 0.5000	 0.0957	 0.1913	
m60405c3r2.htb	 270.0	  0.03	 2.000	 -5.00	 -15.00	 40.00	   1.0	 0.5000	 0.0561	 0.1122	
m60414c1r2.htb	 180.0	  0.03	 2.000	 -8.00	 -8.00	 50.00	   0.0	 0.5000	 0.1014	 0.2027	
m60414c1r2.htb	 180.0	  0.03	 2.000	 -8.00	 -8.00	 50.00	   1.0	 0.5000	 0.1125	 0.2250	
m60414c3r2.htb	 180.0	  0.05	 2.000	 -10.00	  0.00	 30.00	   0.0	 0.5000	 0.1165	 0.2329	
m60414c3r2.htb	 180.0	  0.05	 2.000	 -10.00	  0.00	 30.00	   1.0	 0.5000	 0.0876	 0.1753	
m60419c1r2.htb	 180.0	  0.03	 2.000	 10.00	  5.00	 50.00	   0.0	 0.5000	 0.1214	 0.2428	
m60419c1r2.htb	 180.0	  0.03	 2.000	 10.00	  5.00	 50.00	   1.0	 0.5000	 0.0880	 0.1760	
m60419c2r2.htb	 180.0	  0.03	 2.000	 10.00	 -10.00	 40.00	   0.0	 0.5000	 0.0358	 0.0716	
m60419c2r2.htb	 180.0	  0.03	 2.000	 10.00	 -10.00	 40.00	   1.0	 0.5000	 0.0351	 0.0702	
m60420c2r2.htb	   0.0	  0.03	 2.000	  5.00	  0.00	 40.00	   0.0	 0.5000	 0.0518	 0.1036	
m60420c2r2.htb	   0.0	  0.03	 2.000	  5.00	  0.00	 40.00	   1.0	 0.5000	 0.0702	 0.1403	
m60424c1r2.htb	 180.0	  0.03	 2.000	 -10.00	 -10.00	 40.00	   0.0	 0.5000	 0.0807	 0.1615	
m60424c1r2.htb	 180.0	  0.03	 2.000	 -10.00	 -10.00	 40.00	   1.0	 0.5000	 0.1123	 0.2246	
m60424c2r2.htb	   0.0	  0.03	 2.000	  8.00	 -8.00	 40.00	   0.0	 0.5000	 0.0243	 0.0485	
m60424c2r2.htb	   0.0	  0.03	 2.000	  8.00	 -8.00	 40.00	   1.0	 0.5000	 0.0788	 0.1575	
m60515c4r2.htb	   0.0	  0.03	 2.000	 -10.00	 10.00	 40.00	   0.0	 0.5000	 0.1794	 0.3588	
m60515c4r2.htb	   0.0	  0.03	 2.000	 -10.00	 10.00	 40.00	   1.0	 0.5000	 0.2090	 0.4181	
m60517c1r2.htb	   0.0	  0.03	 2.000	  0.00	  0.00	 40.00	   0.0	 0.5000	 0.1162	 0.2325	
m60517c1r2.htb	   0.0	  0.03	 2.000	  0.00	  0.00	 40.00	   1.0	 0.5000	 0.0596	 0.1192	
m60517c2r2.htb	   0.0	  0.03	 2.000	 -10.00	 -10.00	 40.00	   0.0	 0.5000	 0.0665	 0.1331	
m60517c2r2.htb	   0.0	  0.03	 2.000	 -10.00	 -10.00	 40.00	   1.0	 0.5000	 0.1546	 0.3092	
m60517c3r2.htb	   0.0	  0.03	 2.000	 10.00	 -10.00	 30.00	   0.0	 0.5000	 0.0639	 0.1278	
m60517c3r2.htb	   0.0	  0.03	 2.000	 10.00	 -10.00	 30.00	   1.0	 0.5000	 0.0510	 0.1019	
m60517c4r2.htb	   0.0	  0.03	 2.000	  5.00	 -8.00	 30.00	   0.0	 0.5000	 0.0728	 0.1456	
m60517c4r2.htb	   0.0	  0.03	 2.000	  5.00	 -8.00	 30.00	   1.0	 0.5000	 0.0638	 0.1276	
m60517c5r2.htb	   0.0	  0.03	 2.000	 10.00	 -10.00	 40.00	   0.0	 0.5000	 0.0762	 0.1525	
m60517c5r2.htb	   0.0	  0.03	 2.000	 10.00	 -10.00	 40.00	   1.0	 0.5000	 0.1033	 0.2067	
m60517c6r2.htb	   0.0	  0.03	 2.000	  8.00	 10.00	 40.00	   0.0	 0.5000	 0.0359	 0.0717	
m60517c6r2.htb	   0.0	  0.03	 2.000	  8.00	 10.00	 40.00	   1.0	 0.5000	 0.0874	 0.1749	
m60518c2r2.htb	   0.0	  0.03	 2.000	 -8.00	 -5.00	 40.00	   0.0	 0.5000	 0.0102	 0.0204	
m60518c2r2.htb	   0.0	  0.03	 2.000	 -8.00	 -5.00	 40.00	   1.0	 0.5000	 0.1272	 0.2544	
m60519c3r2.htb	   0.0	  0.03	 2.000	 -5.00	 -5.00	 30.00	   0.0	 0.5000	 0.1138	 0.2275	
m60519c3r2.htb	   0.0	  0.03	 2.000	 -5.00	 -5.00	 30.00	   1.0	 0.5000	 0.1058	 0.2116	
m60523c1r2.htb	   0.0	  0.03	 2.000	  0.00	  0.00	 40.00	   0.0	 0.5000	 0.1324	 0.2647	
m60523c1r2.htb	   0.0	  0.03	 2.000	  0.00	  0.00	 40.00	   1.0	 0.5000	 0.1364	 0.2728	
m60523c2r2.htb	   0.0	  0.03	 2.000	  0.00	 -10.00	 40.00	   0.0	 0.5000	 0.1428	 0.2856	
m60523c2r2.htb	   0.0	  0.03	 2.000	  0.00	 -10.00	 40.00	   1.0	 0.5000	 0.0616	 0.1231	
m60523c3r2.htb	   0.0	  0.03	 2.000	  0.00	 -10.00	 40.00	   0.0	 0.5000	 0.1736	 0.3473	
m60523c3r2.htb	   0.0	  0.03	 2.000	  0.00	 -10.00	 40.00	   1.0	 0.5000	 0.0499	 0.0998	
m60523c4r2.htb	   0.0	  0.03	 2.000	 -10.00	 -10.00	 40.00	   0.0	 0.5000	 0.0822	 0.1644	
m60523c4r2.htb	   0.0	  0.03	 2.000	 -10.00	 -10.00	 40.00	   1.0	 0.5000	 0.1019	 0.2038	
m60524c2r2.htb	   0.0	  0.03	 2.000	 -10.00	  0.00	 30.00	   0.0	 0.5000	 0.1241	 0.2482	
m60524c2r2.htb	   0.0	  0.03	 2.000	 -10.00	  0.00	 30.00	   1.0	 0.5000	 0.0701	 0.1403	
m60524c3r2.htb	 240.0	  0.03	 2.000	  0.00	  7.00	 30.00	   0.0	 0.5000	 0.1060	 0.2121	
m60524c3r2.htb	 240.0	  0.03	 2.000	  0.00	  7.00	 30.00	   1.0	 0.5000	 0.0600	 0.1200	
m60524c4r2.htb	 240.0	  0.03	 2.000	 -5.00	 -5.00	 40.00	   0.0	 0.5000	 0.0819	 0.1638	
m60524c4r2.htb	 240.0	  0.03	 2.000	 -5.00	 -5.00	 40.00	   1.0	 0.5000	 0.0793	 0.1587	
m60524c5r2.htb	   0.0	  0.03	 2.000	 -10.00	 -5.00	 40.00	   0.0	 0.5000	 0.0620	 0.1239	
m60524c5r2.htb	   0.0	  0.03	 2.000	 -10.00	 -5.00	 40.00	   1.0	 0.5000	 0.0675	 0.1351	
m60525c1r2.htb	   0.0	  0.03	 2.000	 10.00	 -10.00	 40.00	   0.0	 0.5000	 0.0913	 0.1825	
m60525c1r2.htb	   0.0	  0.03	 2.000	 10.00	 -10.00	 40.00	   1.0	 0.5000	 0.1082	 0.2164	
m60525c2r2.htb	   0.0	  0.03	 2.000	  5.00	  0.00	 40.00	   0.0	 0.5000	 0.0501	 0.1001	
m60525c2r2.htb	   0.0	  0.03	 2.000	  5.00	  0.00	 40.00	   1.0	 0.5000	 0.0446	 0.0892	
m60525c3r2.htb	   0.0	  0.03	 2.000	 10.00	 -10.00	 40.00	   0.0	 0.5000	 0.1026	 0.2053	
m60525c3r2.htb	   0.0	  0.03	 2.000	 10.00	 -10.00	 40.00	   1.0	 0.5000	 0.0938	 0.1875	
m60525c4r2.htb	   0.0	  0.03	 2.000	 10.00	 -10.00	 40.00	   0.0	 0.5000	 0.1675	 0.3350	
m60525c4r2.htb	   0.0	  0.03	 2.000	 10.00	 -10.00	 40.00	   1.0	 0.5000	 0.0731	 0.1463	
m60531c1r2.htb	   0.0	  0.03	 2.000	 -10.00	  0.00	 40.00	   0.0	 0.5000	 0.1518	 0.3036	
m60531c1r2.htb	   0.0	  0.03	 2.000	 -10.00	  0.00	 40.00	   1.0	 0.5000	 0.0305	 0.0610	
m60531c2r2.htb	   0.0	  0.03	 2.000	 -5.00	 -5.00	 50.00	   0.0	 0.5000	 0.0515	 0.1031	
m60531c2r2.htb	   0.0	  0.03	 2.000	 -5.00	 -5.00	 50.00	   1.0	 0.5000	 0.0369	 0.0738	
m60601c1r2.htb	   0.0	  0.03	 2.000	  0.00	  7.00	 40.00	   0.0	 0.5000	 0.1957	 0.3914	
m60601c1r2.htb	   0.0	  0.03	 2.000	  0.00	  7.00	 40.00	   1.0	 0.5000	 0.1805	 0.3611	
m60601c2r2.htb	   0.0	  0.03	 2.000	 -10.00	 -15.00	 40.00	   0.0	 0.5000	 0.0855	 0.1709	
m60601c2r2.htb	   0.0	  0.03	 2.000	 -10.00	 -15.00	 40.00	   1.0	 0.5000	 0.0302	 0.0605	
m60601c3r2.htb	  90.0	  0.03	 2.000	  0.00	 -10.00	 40.00	   0.0	 0.5000	 0.0786	 0.1572	
m60601c3r2.htb	  90.0	  0.03	 2.000	  0.00	 -10.00	 40.00	   1.0	 0.5000	 0.1106	 0.2213	
m60601c4r2.htb	  90.0	  0.03	 2.000	  0.00	  0.00	 40.00	   0.0	 0.5000	 0.0623	 0.1246	
m60601c4r2.htb	  90.0	  0.03	 2.000	  0.00	  0.00	 40.00	   1.0	 0.5000	 0.0590	 0.1180	
m60601c5r2.htb	  90.0	  0.03	 2.000	  0.00	 -8.00	 40.00	   0.0	 0.5000	 0.1314	 0.2628	
m60601c5r2.htb	  90.0	  0.03	 2.000	  0.00	 -8.00	 40.00	   1.0	 0.5000	 0.0663	 0.1327	
m60602c1r2.htb	   0.0	  0.03	 2.000	  0.00	 -7.00	 30.00	   0.0	 0.5000	 0.0295	 0.0591	
m60602c1r2.htb	   0.0	  0.03	 2.000	  0.00	 -7.00	 30.00	   1.0	 0.5000	 0.1021	 0.2043	
m60602c2r2.htb	   0.0	  0.03	 2.000	 -8.00	 -8.00	 30.00	   0.0	 0.5000	 0.0875	 0.1750	
m60602c2r2.htb	   0.0	  0.03	 2.000	 -8.00	 -8.00	 30.00	   1.0	 0.5000	 0.0330	 0.0660	
m60602c3r2.htb	   0.0	  0.03	 2.000	  0.00	  5.00	 30.00	   0.0	 0.5000	 0.0881	 0.1763	
m60602c3r2.htb	   0.0	  0.03	 2.000	  0.00	  5.00	 30.00	   1.0	 0.5000	 0.0396	 0.0793	
m60602c4r2.htb	   0.0	  0.03	 2.000	  0.00	 -10.00	 20.00	   0.0	 0.5000	 0.0864	 0.1727	
m60602c4r2.htb	   0.0	  0.03	 2.000	  0.00	 -10.00	 20.00	   1.0	 0.5000	 0.0798	 0.1597	
m60602c5r2.htb	   0.0	  0.03	 2.000	 -5.00	 -5.00	 50.00	   0.0	 0.5000	 0.1206	 0.2412	
m60602c5r2.htb	   0.0	  0.03	 2.000	 -5.00	 -5.00	 50.00	   1.0	 0.5000	 0.0569	 0.1139	
m60605c1r2.htb	   0.0	  0.03	 2.000	 -3.00	 -7.00	 30.00	   0.0	 0.5000	 0.0738	 0.1475	
m60605c1r2.htb	   0.0	  0.03	 2.000	 -3.00	 -7.00	 30.00	   1.0	 0.5000	 0.0230	 0.0461	
m60605c2r2.htb	   0.0	  0.03	 2.000	 -10.00	 -10.00	 30.00	   0.0	 0.5000	 0.2318	 0.4636	
m60605c2r2.htb	   0.0	  0.03	 2.000	 -10.00	 -10.00	 30.00	   1.0	 0.5000	 0.1597	 0.3194	
m60605c3r2.htb	   0.0	  0.03	 2.000	 -5.00	 -2.00	 30.00	   0.0	 0.5000	 0.0997	 0.1995	
m60605c3r2.htb	   0.0	  0.03	 2.000	 -5.00	 -2.00	 30.00	   1.0	 0.5000	 0.0877	 0.1754	
m60606c1r2.htb	   0.0	  0.03	 2.000	  8.00	 -8.00	 30.00	   0.0	 0.5000	 0.1669	 0.3337	
m60606c1r2.htb	   0.0	  0.03	 2.000	  8.00	 -8.00	 30.00	   1.0	 0.5000	 0.0431	 0.0863	
m60606c2r2.htb	   0.0	  0.03	 2.000	 -10.00	  0.00	 40.00	   0.0	 0.5000	 0.2135	 0.4270	
m60606c2r2.htb	   0.0	  0.03	 2.000	 -10.00	  0.00	 40.00	   1.0	 0.5000	 0.1054	 0.2108	
m60606c3r2.htb	  90.0	  0.03	 2.000	 -8.00	 -10.00	 40.00	   0.0	 0.5000	 0.0733	 0.1467	
m60606c3r2.htb	  90.0	  0.03	 2.000	 -8.00	 -10.00	 40.00	   1.0	 0.5000	 0.0646	 0.1291	
m60606c4r2.htb	  90.0	  0.03	 2.000	  8.00	 -5.00	 40.00	   0.0	 0.5000	 0.0470	 0.0940	
m60606c4r2.htb	  90.0	  0.03	 2.000	  8.00	 -5.00	 40.00	   1.0	 0.5000	 0.0744	 0.1488	
m60606c5r2.htb	  90.0	  0.03	 2.000	  8.00	  0.00	 40.00	   0.0	 0.5000	 0.0870	 0.1739	
m60606c5r2.htb	  90.0	  0.03	 2.000	  8.00	  0.00	 40.00	   1.0	 0.5000	 0.0668	 0.1336	
m60613c5r2.htb	   0.0	  0.03	 2.000	 -8.00	 -15.00	 30.00	   0.0	 0.5000	 0.0284	 0.0567	
m60613c5r2.htb	   0.0	  0.03	 2.000	 -8.00	 -15.00	 30.00	   1.0	 0.5000	 0.0629	 0.1259	
m60613c6r2.htb	   0.0	  0.03	 2.000	 -5.00	 -10.00	 30.00	   0.0	 0.5000	 0.0358	 0.0716	
m60613c6r2.htb	   0.0	  0.03	 2.000	 -5.00	 -10.00	 30.00	   1.0	 0.5000	 0.0242	 0.0485	
m60614c1r2.htb	   0.0	  0.03	 2.000	  0.00	 -8.00	 30.00	   0.0	 0.5000	 0.0893	 0.1785	
m60614c1r2.htb	   0.0	  0.03	 2.000	  0.00	 -8.00	 30.00	   1.0	 0.5000	 0.0745	 0.1489	
m60614c2r2.htb	   0.0	  0.03	 2.000	  5.00	 -5.00	 30.00	   0.0	 0.5000	 0.1463	 0.2926	
m60614c2r2.htb	   0.0	  0.03	 2.000	  5.00	 -5.00	 30.00	   1.0	 0.5000	 0.0530	 0.1061	
m60614c3r2.htb	   0.0	  0.03	 2.000	  8.00	 -15.00	 30.00	   0.0	 0.5000	 0.1839	 0.3678	
m60614c3r2.htb	   0.0	  0.03	 2.000	  8.00	 -15.00	 30.00	   1.0	 0.5000	 0.1281	 0.2562	
m60614c4r2.htb	   0.0	  0.03	 2.000	  8.00	 -18.00	 30.00	   0.0	 0.5000	 0.1856	 0.3712	
m60614c4r2.htb	   0.0	  0.03	 2.000	  8.00	 -18.00	 30.00	   1.0	 0.5000	 0.1725	 0.3450	
m60615c1r2.htb	   0.0	  0.03	 2.000	 -8.00	 -17.00	 30.00	   0.0	 0.5000	 0.1619	 0.3238	
m60615c1r2.htb	   0.0	  0.03	 2.000	 -8.00	 -17.00	 30.00	   1.0	 0.5000	 0.1217	 0.2433	
m60615c2r2.htb	   0.0	  0.03	 2.000	 -10.00	 -17.00	 40.00	   0.0	 0.5000	 0.2327	 0.4654	
m60615c2r2.htb	   0.0	  0.03	 2.000	 -10.00	 -17.00	 40.00	   1.0	 0.5000	 0.1857	 0.3714	
m60616c1r2.htb	   0.0	  0.03	 2.000	 -10.00	 -15.00	 30.00	   0.0	 0.5000	 0.0938	 0.1876	
m60616c1r2.htb	   0.0	  0.03	 2.000	 -10.00	 -15.00	 30.00	   1.0	 0.5000	 0.1245	 0.2490	
m60616c2r2.htb	   0.0	  0.03	 2.000	  5.00	 -10.00	 30.00	   0.0	 0.5000	 0.1390	 0.2779	
m60616c2r2.htb	   0.0	  0.03	 2.000	  5.00	 -10.00	 30.00	   1.0	 0.5000	 0.1029	 0.2058	
m60619c1r2.htb	   0.0	  0.03	 2.000	  0.00	  0.00	 40.00	   0.0	 0.5000	 0.1159	 0.2318	
m60619c1r2.htb	   0.0	  0.03	 2.000	  0.00	  0.00	 40.00	   1.0	 0.5000	 0.0669	 0.1338	
m60619c2r2.htb	   0.0	  0.03	 2.000	 -5.00	  0.00	 40.00	   0.0	 0.5000	 0.2271	 0.4542	
m60619c2r2.htb	   0.0	  0.03	 2.000	 -5.00	  0.00	 40.00	   1.0	 0.5000	 0.2271	 0.4542	
m60619c3r2.htb	   0.0	  0.03	 2.000	  0.00	 -5.00	 40.00	   0.0	 0.5000	 0.1420	 0.2841	
m60619c3r2.htb	   0.0	  0.03	 2.000	  0.00	 -5.00	 40.00	   1.0	 0.5000	 0.0932	 0.1864	
m60619c4r2.htb	   0.0	  0.03	 2.000	 -8.00	 -8.00	 40.00	   0.0	 0.5000	 0.0905	 0.1810	
m60619c4r2.htb	   0.0	  0.03	 2.000	 -8.00	 -8.00	 40.00	   1.0	 0.5000	 0.0528	 0.1055	
m60620c1r2.htb	   0.0	  0.03	 2.000	  5.00	  5.00	 40.00	   0.0	 0.5000	 0.0470	 0.0940	
m60620c1r2.htb	   0.0	  0.03	 2.000	  5.00	  5.00	 40.00	   1.0	 0.5000	 0.0416	 0.0831	
m60620c2r2.htb	   0.0	  0.03	 2.000	  0.00	  5.00	 40.00	   0.0	 0.5000	 0.0573	 0.1145	
m60620c2r2.htb	   0.0	  0.03	 2.000	  0.00	  5.00	 40.00	   1.0	 0.5000	 0.0421	 0.0842	
m60620c3r2.htb	   0.0	  0.03	 2.000	  0.00	 10.00	 40.00	   0.0	 0.5000	 0.0410	 0.0821	
m60620c3r2.htb	   0.0	  0.03	 2.000	  0.00	 10.00	 40.00	   1.0	 0.5000	 0.0510	 0.1020	
m60620c4r2.htb	   0.0	  0.03	 2.000	  0.00	  8.00	 40.00	   0.0	 0.5000	 0.1296	 0.2593	
m60620c4r2.htb	   0.0	  0.03	 2.000	  0.00	  8.00	 40.00	   1.0	 0.5000	 0.0783	 0.1565	
m60621c1r2.htb	   0.0	  0.03	 2.000	  0.00	 -8.00	 30.00	   0.0	 0.5000	 0.1406	 0.2812	
m60621c1r2.htb	   0.0	  0.03	 2.000	  0.00	 -8.00	 30.00	   1.0	 0.5000	 0.1739	 0.3477	
m60621c2r2.htb	   0.0	  0.03	 2.000	  8.00	 -2.00	 30.00	   0.0	 0.5000	 0.3835	 0.7670	
m60621c2r2.htb	   0.0	  0.03	 2.000	  8.00	 -2.00	 30.00	   1.0	 0.5000	 0.2212	 0.4424	
m60621c3r2.htb	   0.0	  0.03	 2.000	 10.00	  0.00	 40.00	   0.0	 0.5000	 0.1667	 0.3334	
m60621c3r2.htb	   0.0	  0.03	 2.000	 10.00	  0.00	 40.00	   1.0	 0.5000	 0.2326	 0.4652	
m60621c4r2.htb	 180.0	  0.03	 2.000	  0.00	 -10.00	 40.00	   0.0	 0.5000	 0.1714	 0.3427	
m60621c4r2.htb	 180.0	  0.03	 2.000	  0.00	 -10.00	 40.00	   1.0	 0.5000	 0.2920	 0.5841	
m60621c5r2.htb	 130.0	  0.03	 2.000	 -10.00	 -10.00	 40.00	   0.0	 0.5000	 0.0531	 0.1061	
m60621c5r2.htb	 130.0	  0.03	 2.000	 -10.00	 -10.00	 40.00	   1.0	 0.5000	 0.0736	 0.1472	
m60621c6r2.htb	 130.0	  0.03	 2.000	  8.00	 -10.00	 40.00	   0.0	 0.5000	 0.0261	 0.0522	
m60621c6r2.htb	 130.0	  0.03	 2.000	  8.00	 -10.00	 40.00	   1.0	 0.5000	 0.1445	 0.2889	
m60622c1r2.htb	   0.0	  0.03	 2.000	  0.00	 -7.00	 30.00	   0.0	 0.5000	 0.1091	 0.2182	
m60622c1r2.htb	   0.0	  0.03	 2.000	  0.00	 -7.00	 30.00	   1.0	 0.5000	 0.1248	 0.2495	
m60623c3r2.htb	   0.0	  0.03	 2.000	 -5.00	 10.00	 40.00	   0.0	 0.5000	 0.1533	 0.3065	
m60623c3r2.htb	   0.0	  0.03	 2.000	 -5.00	 10.00	 40.00	   1.0	 0.5000	 0.0774	 0.1549	
m60623c4r2.htb	  90.0	  0.03	 2.000	  3.00	 -5.00	 40.00	   0.0	 0.5000	 0.1472	 0.2944	
m60623c4r2.htb	  90.0	  0.03	 2.000	  3.00	 -5.00	 40.00	   1.0	 0.5000	 0.1360	 0.2720	
m60626c2r2.htb	   0.0	  0.03	 2.000	 -8.00	 -8.00	 40.00	   0.0	 0.5000	 0.0458	 0.0916	
m60626c2r2.htb	   0.0	  0.03	 2.000	 -8.00	 -8.00	 40.00	   1.0	 0.5000	 0.1145	 0.2291	
m60628c1r2.htb	   0.0	  0.03	 2.000	  0.00	 -8.00	 40.00	   0.0	 0.5000	 0.2150	 0.4299	
m60628c1r2.htb	   0.0	  0.03	 2.000	  0.00	 -8.00	 40.00	   1.0	 0.5000	 0.2486	 0.4973	
m60628c2r2.htb	   0.0	  0.03	 2.000	 -8.00	 -10.00	 40.00	   0.0	 0.5000	 0.1527	 0.3055	
m60628c2r2.htb	   0.0	  0.03	 2.000	 -8.00	 -10.00	 40.00	   1.0	 0.5000	 0.1784	 0.3569	
m60703c1r2.htb	   0.0	  0.03	 2.000	 10.00	  8.00	 40.00	   0.0	 0.5000	 0.0097	 0.0194	
m60703c1r2.htb	   0.0	  0.03	 2.000	 10.00	  8.00	 40.00	   1.0	 0.5000	 0.0707	 0.1414	
m60703c1r2.htb	   0.0	  0.03	 2.000	 10.00	  8.00	 40.00	   0.0	 0.5000	 0.0097	 0.0194	
m60703c1r2.htb	   0.0	  0.03	 2.000	 10.00	  8.00	 40.00	   1.0	 0.5000	 0.0707	 0.1414	
m60703c2r2.htb	   0.0	  0.03	 2.000	  8.00	 10.00	 40.00	   0.0	 0.5000	 0.1045	 0.2090	
m60703c2r2.htb	   0.0	  0.03	 2.000	  8.00	 10.00	 40.00	   1.0	 0.5000	 0.1521	 0.3041	
m60703c3r2.htb	   0.0	  0.03	 2.000	 -5.00	 10.00	 40.00	   0.0	 0.5000	 0.3152	 0.6304	
m60703c3r2.htb	   0.0	  0.03	 2.000	 -5.00	 10.00	 40.00	   1.0	 0.5000	 0.2774	 0.5548	
m60705c1r2.htb	   0.0	  0.03	 2.000	  0.00	 -10.00	 40.00	   0.0	 0.5000	 0.0785	 0.1569	
m60705c1r2.htb	   0.0	  0.03	 2.000	  0.00	 -10.00	 40.00	   1.0	 0.5000	 0.1283	 0.2567	
m60705c2r2.htb	   0.0	  0.03	 2.000	 -5.00	 -10.00	 40.00	   0.0	 0.5000	 0.1134	 0.2268	
m60705c2r2.htb	   0.0	  0.03	 2.000	 -5.00	 -10.00	 40.00	   1.0	 0.5000	 0.1441	 0.2881	
m60705c3r2.htb	   0.0	  0.03	 2.000	  5.00	 -10.00	 40.00	   0.0	 0.5000	 0.0583	 0.1167	
m60705c3r2.htb	   0.0	  0.03	 2.000	  5.00	 -10.00	 40.00	   1.0	 0.5000	 0.0817	 0.1634	
m60712c1r2.htb	   0.0	  0.03	 2.000	  3.00	 -5.00	 40.00	   0.0	 0.5000	 0.0729	 0.1459	
m60712c1r2.htb	   0.0	  0.03	 2.000	  3.00	 -5.00	 40.00	   1.0	 0.5000	 0.2116	 0.4232	
m60712c1r2.htb	   0.0	  0.03	 2.000	  3.00	 -5.00	 40.00	   0.0	 0.5000	 0.0729	 0.1459	
m60712c1r2.htb	   0.0	  0.03	 2.000	  3.00	 -5.00	 40.00	   1.0	 0.5000	 0.2116	 0.4232	
m60717c3r2.htb	 150.0	  0.03	 2.000	 -10.00	 -10.00	 40.00	   0.0	 0.5000	 0.1362	 0.2725	
m60717c3r2.htb	 150.0	  0.03	 2.000	 -10.00	 -10.00	 40.00	   1.0	 0.5000	 0.0480	 0.0959	
m60814c1r2.htb	   0.0	  0.03	 2.000	  0.00	  0.00	 40.00	   0.0	 0.5000	 0.3922	 0.7845	
m60814c1r2.htb	   0.0	  0.03	 2.000	  0.00	  0.00	 40.00	   1.0	 0.5000	 0.2438	 0.4876	
m60814c2r2.htb	   0.0	  0.03	 2.000	  0.00	  0.00	 40.00	   0.0	 0.5000	 0.1080	 0.2160	
m60814c2r2.htb	   0.0	  0.03	 2.000	  0.00	  0.00	 40.00	   1.0	 0.5000	 0.0678	 0.1357	
m60814c3r2.htb	   0.0	  0.03	 2.000	 -10.00	 10.00	 40.00	   0.0	 0.5000	 0.1529	 0.3058	
m60814c3r2.htb	   0.0	  0.03	 2.000	 -10.00	 10.00	 40.00	   1.0	 0.5000	 0.1778	 0.3555	
m60814c4r2.htb	   0.0	  0.03	 2.000	 -10.00	 10.00	 40.00	   0.0	 0.5000	 0.0972	 0.1944	
m60814c4r2.htb	   0.0	  0.03	 2.000	 -10.00	 10.00	 40.00	   1.0	 0.5000	 0.1111	 0.2222	
m60822c1r2.htb	   0.0	  0.03	 2.000	 -10.00	  0.00	 40.00	   0.0	 0.5000	 0.4624	 0.9248	
m60822c1r2.htb	   0.0	  0.03	 2.000	 -10.00	  0.00	 40.00	   1.0	 0.5000	 0.4169	 0.8338	
m60822c2r2.htb	   0.0	  0.03	 2.000	  0.00	 -5.00	 40.00	   0.0	 0.5000	 0.1682	 0.3364	
m60822c2r2.htb	   0.0	  0.03	 2.000	  0.00	 -5.00	 40.00	   1.0	 0.5000	 0.1897	 0.3794	
m61117c1r2.htb	 180.0	  0.03	 2.000	 10.00	 -10.00	 40.00	   0.0	 0.5000	 0.0610	 0.1219	
m61117c2r2.htb	  60.0	  0.03	 2.000	  5.00	 10.00	 40.00	   0.0	 0.5000	 0.0171	 0.0342	
m61117c3r2.htb	 150.0	  0.03	 2.000	  0.00	  0.00	 40.00	   0.0	 0.5000	 0.0639	 0.1279	
m70403c1r2.htb	   0.0	  0.03	 2.000	 -5.00	 -10.00	 40.00	   0.0	 0.5000	 0.1508	 0.3016	
m70404c3r2.htb	 270.0	  0.03	 2.000	 10.00	 10.00	 30.00	   0.0	 0.5000	 0.0292	 0.0584	
m70405c2r2.htb	   0.0	  0.03	 2.000	 10.00	 -10.00	 40.00	   0.0	 0.5000	 0.1055	 0.2111	
m70523c1r2.htb	   0.0	  0.03	 2.000	 10.00	 -8.00	 30.00	   0.0	 0.5000	 0.0792	 0.1584	
m70523c2r2.htb	   0.0	  0.03	 2.000	  0.00	  0.00	 40.00	   0.0	 0.5000	 0.1590	 0.3180	
m70523c3r2.htb	   0.0	  0.03	 2.000	  0.00	  0.00	 40.00	   0.0	 0.5000	 0.0640	 0.1281	
m70524c1r2.htb	   0.0	  0.03	 2.000	  0.00	 -15.00	 40.00	   0.0	 0.5000	 0.1044	 0.2088	
m70524c3r2.htb	   0.0	  0.03	 2.000	  0.00	  5.00	 30.00	   0.0	 0.5000	 0.0948	 0.1896	
m70525c1r2.htb	   0.0	  0.03	 2.000	  0.00	 -5.00	 40.00	   0.0	 0.5000	 0.1151	 0.2302	
m70529c1r2.htb	   0.0	  0.03	 2.000	 -10.00	  8.00	 40.00	   0.0	 0.5000	 0.1718	 0.3436	
m70529c2r2.htb	   0.0	  0.03	 2.000	  5.00	  5.00	 25.00	   0.0	 0.5000	 0.0713	 0.1425	
m70529c3r2.htb	   0.0	  0.03	 2.000	 10.00	  5.00	 40.00	   0.0	 0.5000	 0.0431	 0.0861	
m70530c1r2.htb	   0.0	  0.03	 2.000	 -10.00	  5.00	 20.00	   0.0	 0.5000	 0.1691	 0.3382	
m70601c1r2.htb	   0.0	  0.03	 2.000	  0.00	 -15.00	 30.00	   0.0	 0.5000	 0.1095	 0.2190	
m70605c1r2.htb	   0.0	  0.03	 2.000	  5.00	 12.00	 30.00	   0.0	 0.5000	 0.2302	 0.4603	
m70607c1r2.htb	   0.0	  0.03	 2.000	  5.00	 -2.00	 30.00	   0.0	 0.5000	 0.0989	 0.1977	
m70607c2r2.htb	   0.0	  0.03	 2.000	  5.00	 -8.00	 20.00	   0.0	 0.5000	 0.1607	 0.3214	
m70607c3r2.htb	   0.0	  0.03	 2.000	  5.00	 -10.00	 20.00	   0.0	 0.5000	 0.0355	 0.0710	
m70608c1r2.htb	   0.0	  0.03	 2.000	  0.00	  0.00	 60.00	   0.0	 0.5000	 0.0743	 0.1487	
m70609c1r2.htb	   0.0	  0.03	 2.000	  0.00	  0.00	 70.00	   0.0	 0.5000	 0.1147	 0.2294	
m70609c2r2.htb	 120.0	  0.03	 2.000	  0.00	  8.00	 30.00	   0.0	 0.5000	 0.1791	 0.3582	
m70611c2r2.htb	 120.0	  0.03	 2.000	  0.00	 -3.00	 30.00	   0.0	 0.5000	 0.1341	 0.2682	
m70611c1r2.htb	 120.0	  0.03	 2.000	 -5.00	 -10.00	 30.00	   0.0	 0.5000	 0.1915	 0.3830	
m70612c1r2.htb	   0.0	  0.03	 2.000	  0.00	 -8.00	 30.00	   0.0	 0.5000	 0.2019	 0.4039	
m70612c2r2.htb	   0.0	  0.03	 2.000	  0.00	 -7.00	 30.00	   0.0	 0.5000	 0.0584	 0.1168	
m70613c2r2.htb	   0.0	  0.03	 2.000	  5.00	  0.00	 40.00	   0.0	 0.5000	 0.2481	 0.4961	
m70613c1r2.htb	   0.0	  0.03	 2.000	  0.00	  0.00	 50.00	   0.0	 0.5000	 0.0786	 0.1572	
m70618c1r2.htb	   0.0	  0.03	 2.000	  8.00	  3.00	 30.00	   0.0	 0.5000	 0.1941	 0.3881	
m70619c1r2.htb	   0.0	  0.03	 2.000	 -5.00	  5.00	 30.00	   0.0	 0.5000	 0.3411	 0.6823	
m70621c1r2.htb	   0.0	  0.03	 2.000	  8.00	  5.00	 30.00	   0.0	 0.5000	 0.0718	 0.1436	
m70621c2r2.htb	   0.0	  0.03	 2.000	 -8.00	  5.00	 30.00	   0.0	 0.5000	 0.4509	 0.9019	
m70622c1r2.htb	   0.0	  0.03	 2.000	  5.00	  8.00	 30.00	   0.0	 0.5000	 0.0473	 0.0947	
m70625c1r2.htb	   0.0	  0.03	 2.000	  8.00	 -8.00	 30.00	   0.0	 0.5000	 0.1490	 0.2979	
m70625c2r2.htb	   0.0	  0.03	 2.000	 -3.00	  5.00	 30.00	   0.0	 0.5000	 0.1783	 0.3566	
m70626c1r2.htb	   0.0	  0.03	 2.000	  8.00	  5.00	 25.00	   0.0	 0.5000	 0.1956	 0.3913	
m70628c1r2.htb	   0.0	  0.03	 2.000	 -10.00	 -10.00	 30.00	   0.0	 0.5000	 0.4894	 0.9788	
m70703c1r2.htb	   0.0	  0.03	 2.000	  0.00	 -10.00	 30.00	   0.0	 0.5000	 0.2027	 0.4055	
m70703c2r2.htb	   0.0	  0.03	 2.000	  0.00	 -5.00	 30.00	   0.0	 0.5000	 0.2736	 0.5473	
m70705c1r2.htb	   0.0	  0.03	 2.000	 -8.00	  5.00	 30.00	   0.0	 0.5000	 0.2687	 0.5373	
m70706c2r2.htb	   0.0	  0.03	 2.000	 -5.00	 -5.00	 30.00	   0.0	 0.5000	 0.0800	 0.1599	
m70709c1r2.htb	   0.0	  0.03	 2.000	 -2.00	  0.00	 30.00	   0.0	 0.5000	 0.1675	 0.3350	
m70709c2r2.htb	   0.0	  0.03	 2.000	 -8.00	  0.00	 30.00	   0.0	 0.5000	 0.1045	 0.2089	
m70709c3r2.htb	   0.0	  0.03	 2.000	 -10.00	  6.00	 30.00	   0.0	 0.5000	 0.1793	 0.3587	
m70710c1r2.htb	   0.0	  0.03	 2.000	 -5.00	 -10.00	 30.00	   0.0	 0.5000	 0.0666	 0.1332	
m70710c2r2.htb	 180.0	  0.03	 2.000	  0.00	  0.00	 30.00	   0.0	 0.5000	 0.0752	 0.1505	
m70711c1r2.htb	   0.0	  0.03	 2.000	  0.00	  8.00	 30.00	   0.0	 0.5000	 0.0086	 0.0172	
m70711c2r2.htb	   0.0	  0.03	 2.000	 -5.00	  5.00	 30.00	   0.0	 0.5000	 0.1911	 0.3822	
m70712c1r2.htb	   0.0	  0.03	 2.000	 -5.00	  5.00	 30.00	   0.0	 0.5000	 0.0264	 0.0529	
m70712c2r2.htb	   0.0	  0.03	 2.000	  2.00	  5.00	 30.00	   0.0	 0.5000	 0.0289	 0.0577	
m70712c3r2.htb	   0.0	  0.03	 2.000	  0.00	  5.00	 30.00	   0.0	 0.5000	 0.0941	 0.1881	
m70712c3r3.htb	   0.0	  0.03	 2.000	  0.00	  5.00	 30.00	   0.0	 0.5000	 0.0896	 0.1792	
m70713c1r2.htb	   0.0	  0.03	 2.000	  0.00	  6.00	 30.00	   0.0	 0.5000	 0.0229	 0.0457	
m70713c2r2.htb	   0.0	  0.03	 2.000	  0.00	 -5.00	 30.00	   0.0	 0.5000	 0.2816	 0.5633	
m70713c3r2.htb	   0.0	  0.03	 2.000	  5.00	 -5.00	 30.00	   0.0	 0.5000	 0.7283	 1.4565	
m70716c2r2.htb	   0.0	  0.03	 2.000	  0.00	 -10.00	 40.00	   0.0	 0.5000	 0.1715	 0.3430	
m70717c1r2.htb	   0.0	  0.03	 2.000	 -8.00	 -5.00	 30.00	   0.0	 0.5000	 0.0496	 0.0993	
m70717c2r2.htb	   0.0	  0.03	 2.000	  0.00	 -2.00	 30.00	   0.0	 0.5000	 0.1687	 0.3374	
m70718c1r2.htb	   0.0	  0.03	 2.000	  2.00	  5.00	 30.00	   0.0	 0.5000	 0.0476	 0.0952	
m70718c2r2.htb	   0.0	  0.03	 2.000	  0.00	 -5.00	 30.00	   0.0	 0.5000	 0.3438	 0.6876	
m70718c3r2.htb	  90.0	  0.03	 2.000	  0.00	  2.00	 30.00	   0.0	 0.5000	 0.1265	 0.2530	
m70719c1r2.htb	  90.0	  0.03	 2.000	  5.00	  5.00	 30.00	   0.0	 0.5000	 0.1010	 0.2021	
m70719c2r2.htb	  90.0	  0.03	 2.000	 -5.00	  0.00	 30.00	   0.0	 0.5000	 0.0474	 0.0947	
m70719c3r2.htb	  90.0	  0.03	 2.000	 -5.00	 -5.00	 30.00	   0.0	 0.5000	 0.0378	 0.0757	
m70720c1r2.htb	  90.0	  0.03	 2.000	 -5.00	  0.00	 30.00	   0.0	 0.5000	 0.1912	 0.3824	
m70720c2r2.htb	   0.0	  0.03	 2.000	 -5.00	 -2.00	 30.00	   0.0	 0.5000	 0.1280	 0.2560	
m70723c1r2.htb	   0.0	  0.03	 2.000	 -8.00	 -8.00	 30.00	   0.0	 0.5000	 0.0950	 0.1901	
m70724c1r2.htb	   0.0	  0.03	 2.000	  0.00	  5.00	 40.00	   0.0	 0.5000	 0.1134	 0.2267	
m70724c3r2.htb	   0.0	  0.03	 2.000	  8.00	  0.00	 25.00	   0.0	 0.5000	 0.1265	 0.2529	
m70724c4r2.htb	   0.0	  0.03	 2.000	 -10.00	 -5.00	 30.00	   0.0	 0.5000	 0.0869	 0.1738	
m70725c1r2.htb	   0.0	  0.03	 2.000	  5.00	 -5.00	 30.00	   0.0	 0.5000	 0.1528	 0.3056	
m70727c1r2.htb	   0.0	  0.03	 2.000	 -5.00	 -5.00	 25.00	   0.0	 0.5000	 0.1154	 0.2308	
m70727c3r2.htb	   0.0	  0.03	 2.000	  0.00	 -10.00	 40.00	   0.0	 0.5000	 0.0429	 0.0857	
m70730c1r2.htb	   0.0	  0.03	 2.000	  0.00	  5.00	 30.00	   0.0	 0.5000	 0.0487	 0.0975	
m70730c2r2.htb	   0.0	  0.03	 2.000	  0.00	 -5.00	 30.00	   0.0	 0.5000	 0.0689	 0.1378	
m70731c1r2.htb	   0.0	  0.03	 2.000	 -2.00	  0.00	 30.00	   0.0	 0.5000	 0.0730	 0.1459	
m70731c2r2.htb	   0.0	  0.03	 2.000	  5.00	 -7.00	 25.00	   0.0	 0.5000	 0.0503	 0.1007	
m70801c2r2.htb	   0.0	  0.03	 2.000	 -5.00	 -7.00	 30.00	   0.0	 0.5000	 0.1660	 0.3321	
m70801c3r2.htb	   0.0	  0.03	 2.000	  5.00	  5.00	 25.00	   0.0	 0.5000	 0.0593	 0.1187	
m70802c1r2.htb	   0.0	  0.03	 2.000	 -8.00	 -7.00	 30.00	   0.0	 0.5000	 0.1271	 0.2542	
m70802c2r2.htb	   0.0	  0.03	 2.000	  2.00	 -2.00	 30.00	   0.0	 0.5000	 0.0596	 0.1191	
m70803c1r2.htb	   0.0	  0.03	 2.000	 -2.00	 -7.00	 25.00	   0.0	 0.5000	 0.0270	 0.0539	
m70803c2r2.htb	   0.0	  0.03	 2.000	 -10.00	 -3.00	 30.00	   0.0	 0.5000	 0.0500	 0.1000	
m70806c1r2.htb	   0.0	  0.03	 2.000	  7.00	  3.00	 25.00	   0.0	 0.5000	 0.0876	 0.1751	
m70807c1r2.htb	   0.0	  0.03	 2.000	  0.00	  0.00	 30.00	   0.0	 0.5000	 0.0886	 0.1772	
m70809c1r2.htb	   0.0	  0.03	 2.000	  0.00	  2.00	 35.00	   0.0	 0.5000	 0.1050	 0.2100	
m70809c2r2.htb	 180.0	  0.03	 2.000	  0.00	 -5.00	 25.00	   0.0	 0.5000	 0.0613	 0.1226	
m70810c1r2.htb	  90.0	  0.03	 2.000	  0.00	  0.00	 30.00	   0.0	 0.5000	 0.3428	 0.6856	
m70815c1r2.htb	   0.0	  0.03	 2.000	  0.00	  0.00	 25.00	   0.0	 0.5000	 0.0625	 0.1251	
m70816c1r2.htb	   0.0	  0.03	 2.000	  6.00	  5.00	 25.00	   0.0	 0.5000	 0.1618	 0.3237	
m70817c1r2.htb	 180.0	  0.03	 2.000	  3.00	  0.00	 40.00	   0.0	 0.5000	 0.0160	 0.0319	
m70820c1r2.htb	 180.0	  0.03	 2.000	  0.00	  0.00	 35.00	   0.0	 0.5000	 0.0837	 0.1675	
m70822c1r2.htb	 180.0	  0.03	 2.000	 -5.00	 -7.00	 30.00	   0.0	 0.5000	 0.0727	 0.1453	
m70823c1r2.htb	 180.0	  0.03	 2.000	  0.00	 -7.00	 20.00	   0.0	 0.5000	 0.0414	 0.0827	
m70824c1r2.htb	   0.0	  0.03	 2.000	  3.00	 -5.00	 20.00	   0.0	 0.5000	 0.0402	 0.0804	
m70827c1r2.htb	   0.0	  0.03	 2.000	  0.00	 -5.00	 25.00	   0.0	 0.5000	 0.0857	 0.1713	
m70828c1r2.htb	   0.0	  0.03	 2.000	 -5.00	 -10.00	 25.00	   0.0	 0.5000	 0.0399	 0.0797	
m70829c1r2.htb	 270.0	  0.03	 2.000	 -2.00	 -2.00	 25.00	   0.0	 0.5000	 0.1612	 0.3223	
m70831c1r2.htb	 180.0	  0.03	 2.000	  5.00	 -7.00	 30.00	   0.0	 0.5000	 0.0136	 0.0271	
m70905c1r2.htb	 180.0	  0.03	 2.000	  0.00	  0.00	 40.00	   0.0	 0.5000	 0.1934	 0.3868	
