FILE			 PrfOR	 PrfSF	 PrfTF	 RFXctr	 RFYctr	 RFDiam	 GrType	 Spont	 SI		 AnovaP	 SDI		 VarTerm	 MaxX 	 MinX 	 RsqMn	 PMean	 RsqRaw	 Praw		 ErfChi2	 ErfChiP	 DiffErfChi2	 DiffErfChiP	 Ke		 a		 Ki		 b+a		 DC_off		
m60112c1r6.htb	  30.0	  0.05	 2.000	  0.00	  0.00	 30.00	   0.0	 7.6285	  0.00	 0.0000	  0.77	  0.46	 64.000	 1.00000000	 0.909	  0.000	  0.91	  0.00	  0.2906	 0.9904	 0.28931318		 0.8653	 25.33455521	 22.2478	 1.86571885	 25.09	  2.88	 
m60112c1r6.htb	  30.0	  0.05	 2.000	  0.00	  0.00	 30.00	   1.0	 7.6285	  0.16	 0.0000	  0.71	  0.57	 64.000	 1.00000000	 0.833	  0.000	  0.83	  0.00	  1.1422	 0.8875	 0.13817805		 0.9332	 38.92135715	 31.0236	 34.93522355	 109.95	  4.58	 
m60117c1r7.htb	  90.0	  0.03	 4.000	  0.00	  0.00	 30.00	   0.0	 7.9602	  0.00	 0.0000	  0.71	  0.42	 64.000	 1.00000000	 0.714	  0.000	  0.71	  0.00	  2.3233	 0.6765	 2.32326496		 0.3130	 13.90168142	 46.7279	 0.00000000	 47.03	  6.16	 
m60117c1r7.htb	  90.0	  0.03	 4.000	  0.00	  0.00	 30.00	   1.0	 7.9602	  0.00	 0.0001	  0.64	  0.59	 64.000	 1.00000000	 0.700	  0.000	  0.70	  0.00	  0.4465	 0.9785	 0.44652767		 0.7999	 24.28328269	 100.0000	 0.00000000	 103.79	  7.78	 
m60119c1r7.htb	  30.0	  0.03	 6.000	  0.00	  0.00	 60.00	   0.0	 4.2644	  0.00	 0.0007	  0.54	  0.60	 64.000	 1.00000000	 0.385	  0.000	  0.39	  0.00	  0.8854	 0.9266	 0.88541271		 0.6423	 9.87486400	 100.0000	 0.00000000	 103.70	  4.58	 
m60119c1r7.htb	  30.0	  0.03	 6.000	  0.00	  0.00	 60.00	   1.0	 4.2644	  0.00	 0.0052	  0.51	  0.49	 64.000	 1.00000000	 0.327	  0.000	  0.33	  0.00	  0.3237	 0.9882	 0.32372828		 0.8506	 7.94017000	 100.0000	 0.00000000	 140.78	  6.25	 
m60119c2r9.htb	  30.0	  0.03	 6.000	  0.00	 10.00	 40.00	   0.0	 10.1635	  0.00	 0.0044	  0.51	  0.97	 64.000	 1.00000000	 0.330	  0.000	  0.33	  0.00	  0.4275	 0.9802	 0.42754351		 0.8075	 15.53536649	 66.3637	 0.00000000	 67.26	  8.79	 
m60119c2r9.htb	  30.0	  0.03	 6.000	  0.00	 10.00	 40.00	   1.0	 10.1635	  0.00	 0.0000	  0.54	  0.90	 64.000	 1.00000000	 0.495	  0.000	  0.49	  0.00	  0.4845	 0.9750	 0.48455358		 0.7848	 21.10657527	 60.7579	 0.00000000	 62.25	  7.29	 
m60124c1r9.htb	   0.0	  0.03	 2.000	  0.00	 10.00	 70.00	   0.0	 6.1123	  0.00	 0.0000	  0.64	  0.54	 64.000	 1.00000000	 0.605	  0.000	  0.60	  0.00	  1.8832	 0.7572	 1.88317683		 0.3900	 16.57200780	 97.6266	 0.25094759	 109.40	  5.58	 
m60124c1r9.htb	   0.0	  0.03	 2.000	  0.00	 10.00	 70.00	   1.0	 6.1123	  0.00	 0.0000	  0.65	  0.39	 64.000	 1.00000000	 0.601	  0.000	  0.60	  0.00	  2.2644	 0.6873	 2.26435255		 0.3223	 8.16666244	 35.0516	 0.00000000	 36.03	  5.80	 
m60124c2r6.htb	   0.0	  0.03	 4.000	  0.00	 10.00	 70.00	   0.0	 1.4925	  0.00	 0.0135	  0.51	  0.34	 64.000	 1.00000000	 0.093	  0.050	  0.09	  0.05	  2.3556	 0.6707	 2.35556316		 0.3080	 2.81864963	 100.0000	 1.26327701	 100.00	  1.61	 
m60124c2r6.htb	   0.0	  0.03	 4.000	  0.00	 10.00	 70.00	   1.0	 1.4925	  0.00	 0.9022	  0.28	  0.36	 64.000	 1.00000000	 0.047	  0.174	  0.05	  0.17	  0.0550	 0.9996	 0.05502132		 0.9729	 2.34059011	 100.0000	 1.24888103	 100.00	  1.95	 
m60124c3r9.htb	   0.0	  0.03	 4.000	  0.00	 10.00	 70.00	   0.0	 3.7935	  0.00	 0.0508	  0.45	  0.35	 64.000	 1.00000000	 0.190	  0.001	  0.19	  0.00	  0.3601	 0.9856	 0.36014708		 0.8352	 6.12840088	 100.0000	 2.94517198	 100.00	  3.67	 
m60124c3r9.htb	   0.0	  0.03	 4.000	  0.00	 10.00	 70.00	   1.0	 3.7935	  0.00	 0.0209	  0.48	  0.41	 64.000	 1.00000000	 0.168	  0.002	  0.17	  0.00	  1.3529	 0.8523	 1.35290774		 0.5084	 3.58249043	 100.0000	 0.00000000	 102.47	  3.82	 
m60124c4r7.htb	   0.0	  0.03	 4.000	 10.00	 -5.00	 70.00	   0.0	 3.8972	  0.00	 0.0000	  0.70	  0.49	 64.000	 1.00000000	 0.618	  0.000	  0.62	  0.00	  5.4938	 0.2403	 5.49382091		 0.0641	 13.77326771	 100.0000	 0.00000000	 109.71	  2.64	 
m60124c4r7.htb	   0.0	  0.03	 4.000	 10.00	 -5.00	 70.00	   1.0	 3.8972	  0.00	 0.0000	  0.70	  0.51	 64.000	 1.00000000	 0.664	  0.000	  0.66	  0.00	  3.9597	 0.4115	 3.95967369		 0.1381	 13.94418140	 100.0000	 0.00000000	 109.83	  2.77	 
m60124c5r5.htb	   0.0	  0.03	 4.000	  0.00	  0.00	 70.00	   0.0	 7.4627	  0.00	 0.0118	  0.53	  0.65	 64.000	 1.00000000	 0.282	  0.001	  0.28	  0.00	  2.5389	 0.6377	 2.53889317		 0.2810	 11.00229186	 100.0000	 0.00000000	 106.70	  7.98	 
m60124c5r5.htb	   0.0	  0.03	 4.000	  0.00	  0.00	 70.00	   1.0	 7.4627	  0.00	 0.0000	  0.65	  0.52	 64.000	 1.00000000	 0.597	  0.000	  0.60	  0.00	  2.2230	 0.6948	 2.22303338		 0.3291	 18.18993293	 100.0000	 0.00000000	 115.25	  6.11	 
m60213c2r6.htb	 350.0	  0.03	 2.000	  0.00	 15.00	 50.00	   0.0	 1.1940	  0.00	 0.0000	  0.70	  0.57	 64.000	 1.00000000	 0.731	  0.000	  0.73	  0.00	  1.4576	 0.8341	 1.45753402		 0.4825	 16.24710210	 49.6519	 2.46097330	 49.98	  0.56	 
m60213c2r6.htb	 350.0	  0.03	 2.000	  0.00	 15.00	 50.00	   1.0	 1.1940	  0.00	 0.0000	  0.66	  0.73	 64.000	 1.00000000	 0.655	  0.000	  0.66	  0.00	  1.3195	 0.8581	 1.31933057		 0.5170	 17.10589116	 52.3442	 0.76551603	 52.59	  0.72	 
m60213c3r7.htb	   0.0	  0.03	 4.000	  8.00	  0.00	 50.00	   0.0	 2.4378	  0.00	 0.0000	  0.71	  0.75	 64.000	 1.00000000	 0.813	  0.000	  0.81	  0.00	  0.3823	 0.9839	 0.38228502		 0.8260	 34.73401231	 85.8503	 0.21144069	 93.47	  1.27	 
m60213c3r7.htb	   0.0	  0.03	 4.000	  8.00	  0.00	 50.00	   1.0	 2.4378	  0.00	 0.0000	  0.74	  0.68	 64.000	 1.00000000	 0.866	  0.000	  0.87	  0.00	  0.9331	 0.9198	 0.93313120		 0.6272	 43.06783899	 100.0000	 0.00000000	 105.52	  1.59	 
m60213c4r6.htb	  20.0	  0.03	 2.000	  5.00	 12.00	 50.00	   0.0	 4.8756	  0.00	 0.0000	  0.60	  0.57	 64.000	 1.00000000	 0.579	  0.000	  0.58	  0.00	  0.5019	 0.9733	 0.50186494		 0.7781	 11.46599996	 36.0130	 1.42478191	 36.19	  3.70	 
m60213c4r6.htb	  20.0	  0.03	 2.000	  5.00	 12.00	 50.00	   1.0	 4.8756	  0.00	 0.0000	  0.65	  0.52	 64.000	 1.00000000	 0.680	  0.000	  0.68	  0.00	  0.6083	 0.9621	 0.60825716		 0.7378	 11.68310400	 43.3698	 0.00000000	 43.49	  3.76	 
m60220c1r6.htb	   0.0	  0.03	 2.000	  5.00	  8.00	 60.00	   0.0	 2.9353	  0.00	 0.0000	  0.63	  0.48	 64.000	 1.00000000	 0.647	  0.000	  0.65	  0.00	  0.7318	 0.9473	 0.73177123		 0.6936	 11.07471892	 100.0000	 0.00000000	 102.50	  2.37	 
m60220c1r6.htb	   0.0	  0.03	 2.000	  5.00	  8.00	 60.00	   1.0	 2.9353	  0.00	 0.0000	  0.60	  0.42	 64.000	 1.00000000	 0.563	  0.000	  0.56	  0.00	  1.0255	 0.9059	 1.02552359		 0.5988	 13.94947043	 100.0000	 4.20031603	 100.00	  2.71	 
m60317c1r6.htb	 200.0	  0.03	 2.000	  0.00	  0.00	 40.00	   0.0	 0.9950	  0.36	 0.0005	  0.50	  0.45	 64.000	 1.00000000	 0.249	  0.000	  0.25	  0.00	  1.4952	 0.8275	 0.97536914		 0.6140	 16.33507511	 43.7586	 17.13858824	 61.80	  1.12	 
m60317c1r6.htb	 200.0	  0.03	 2.000	  0.00	  0.00	 40.00	   1.0	 0.9950	  0.00	 0.0000	  0.55	  0.39	 64.000	 1.00000000	 0.331	  0.000	  0.33	  0.00	  0.9552	 0.9165	 0.95520749		 0.6203	 3.54751117	 26.8063	 1.33540466	 26.81	  1.42	 
m60317c2r6.htb	  30.0	  0.03	 2.000	 -5.00	  5.00	 50.00	   0.0	 13.0846	  0.00	 0.0000	  0.62	  0.49	 64.000	 1.00000000	 0.584	  0.000	  0.58	  0.00	  0.6929	 0.9522	 0.69289613		 0.7072	 17.36525276	 79.2595	 0.08183252	 86.64	  9.99	 
m60317c2r6.htb	  30.0	  0.03	 2.000	 -5.00	  5.00	 50.00	   1.0	 13.0846	  0.00	 0.0000	  0.56	  0.67	 64.000	 1.00000000	 0.468	  0.000	  0.47	  0.00	  0.6108	 0.9619	 0.61083791		 0.7368	 22.21687840	 100.0000	 0.00000000	 106.02	  9.98	 
m60404c2r7.htb	 200.0	  0.03	 2.000	  0.00	  0.00	 40.00	   0.0	 7.1642	  0.00	 0.0000	  0.59	  0.57	 64.000	 1.00000000	 0.616	  0.000	  0.62	  0.00	  2.6644	 0.6155	 2.66520133		 0.2638	 13.75192207	 30.4723	 4.03986602	 30.69	  4.49	 
m60404c2r7.htb	 200.0	  0.03	 2.000	  0.00	  0.00	 40.00	   1.0	 7.1642	  0.00	 0.0000	  0.63	  0.43	 64.000	 1.00000000	 0.711	  0.000	  0.71	  0.00	  0.1554	 0.9971	 0.15541535		 0.9252	 9.91187204	 21.4382	 0.00000000	 21.44	  5.04	 
m60407c1r6.htb	   0.0	  0.03	 2.000	  0.00	 -5.00	 40.00	   0.0	 6.4677	  0.00	 0.0000	  0.60	  0.39	 64.000	 1.00000000	 0.428	  0.000	  0.43	  0.00	  1.6783	 0.7946	 1.67825691		 0.4321	 8.37349965	 100.0000	 0.00000000	 104.96	  5.81	 
m60407c1r6.htb	   0.0	  0.03	 2.000	  0.00	 -5.00	 40.00	   1.0	 6.4677	  0.00	 0.0000	  0.53	  0.52	 64.000	 1.00000000	 0.363	  0.000	  0.36	  0.00	  0.2998	 0.9898	 0.29984972		 0.8608	 9.65780559	 100.0000	 0.00000000	 100.33	  5.68	 
m60407c2r6.htb	   0.0	  0.03	 2.000	  5.00	  0.00	 40.00	   0.0	 5.7214	  0.00	 0.0000	  0.54	  0.49	 64.000	 1.00000000	 0.412	  0.000	  0.41	  0.00	  0.0869	 0.9991	 0.08687990		 0.9575	 9.69204637	 100.0000	 0.00000000	 106.32	  5.89	 
m60407c2r6.htb	   0.0	  0.03	 2.000	  5.00	  0.00	 40.00	   1.0	 5.7214	  0.00	 0.0000	  0.52	  0.54	 64.000	 1.00000000	 0.408	  0.000	  0.41	  0.00	  1.3774	 0.8481	 1.37746093		 0.5022	 10.56590795	 52.1103	 3.27657479	 54.07	  5.80	 
m60407c3r6.htb	   0.0	  0.03	 2.000	  0.00	 -20.00	 40.00	   0.0	 6.6169	  0.00	 0.0000	  0.67	  0.44	 64.000	 1.00000000	 0.650	  0.000	  0.65	  0.00	  0.6855	 0.9531	 0.68554245		 0.7098	 16.35059737	 100.0000	 0.00000000	 104.44	  5.50	 
m60407c3r6.htb	   0.0	  0.03	 2.000	  0.00	 -20.00	 40.00	   1.0	 6.6169	  0.00	 0.0000	  0.66	  0.49	 64.000	 1.00000000	 0.665	  0.000	  0.67	  0.00	  1.3413	 0.8543	 1.34142544		 0.5113	 17.86349455	 93.5066	 0.02338123	 97.48	  5.43	 
m60407c4r7.htb	  60.0	  0.03	 2.000	 15.00	 -10.00	 50.00	   0.0	 2.1891	  0.00	 0.0000	  0.66	  0.56	 64.000	 1.00000000	 0.688	  0.000	  0.69	  0.00	  0.3949	 0.9829	 0.39497112		 0.8208	 13.67392156	 35.5882	 0.94900903	 35.72	  1.44	 
m60407c4r7.htb	  60.0	  0.03	 2.000	 15.00	 -10.00	 50.00	   1.0	 2.1891	  0.00	 0.0000	  0.69	  0.54	 64.000	 1.00000000	 0.728	  0.000	  0.73	  0.00	  0.8104	 0.9370	 0.81041343		 0.6668	 14.66978191	 42.8527	 1.78894124	 43.45	  1.56	 
m60407c5r6.htb	   0.0	  0.03	 2.000	 10.00	 -10.00	 40.00	   0.0	 2.9353	  0.10	 0.0000	  0.54	  0.45	 64.000	 1.00000000	 0.338	  0.000	  0.34	  0.00	  2.2735	 0.6856	 2.23992944		 0.3263	 17.93306671	 63.2985	 24.62686567	 132.23	  1.62	 
m60407c5r6.htb	   0.0	  0.03	 2.000	 10.00	 -10.00	 40.00	   1.0	 2.9353	  0.00	 0.0000	  0.52	  0.50	 64.000	 1.00000000	 0.407	  0.000	  0.41	  0.00	  0.2925	 0.9903	 0.29248013		 0.8640	 4.28084441	 41.9224	 0.47294388	 42.63	  1.43	 
m60413c3r6.htb	   0.0	  0.03	 2.000	  5.00	 -20.00	 50.00	   0.0	 14.1294	  0.00	 0.0000	  0.62	  0.50	 64.000	 1.00000000	 0.569	  0.000	  0.57	  0.00	  1.9826	 0.7390	 1.98258873		 0.3711	 19.16697548	 13.3304	 5.48536376	 13.33	 12.00	 
m60413c3r6.htb	   0.0	  0.03	 2.000	  5.00	 -20.00	 50.00	   1.0	 14.1294	  0.10	 0.0000	  0.61	  0.56	 64.000	 1.00000000	 0.567	  0.000	  0.57	  0.00	  1.1376	 0.8883	 0.11067432		 0.9462	 24.57143417	 29.4239	 18.73902421	 93.93	 12.92	 
m60413c4r7.htb	  60.0	  0.03	 2.000	 -10.00	 -10.00	 40.00	   0.0	 0.0829	  0.00	 0.0000	  0.65	  0.52	 64.000	 1.00000000	 0.604	  0.000	  0.60	  0.00	  0.4982	 0.9737	 0.49745664		 0.7798	 4.39618537	 19.0820	 0.62737872	 20.35	 -0.21	 
m60413c4r7.htb	  60.0	  0.03	 2.000	 -10.00	 -10.00	 40.00	   1.0	 0.0829	  0.00	 0.0000	  0.73	  0.40	 64.000	 1.00000000	 0.836	  0.000	  0.84	  0.00	  2.4074	 0.4923	 2.40811778		    NaN	 5.43472391	 39.7229	 0.04985329	 39.97	 -0.19	 
m60414c2r7.htb	 220.0	  0.05	 2.000	  0.00	 -8.00	 40.00	   0.0	 3.6816	  0.00	 0.0000	  0.57	  0.88	 64.000	 1.00000000	 0.561	  0.000	  0.56	  0.00	  0.0176	 1.0000	 0.01757475		 0.9913	 13.35646334	 32.5332	 0.00000000	 32.59	  1.82	 
m60414c2r7.htb	 220.0	  0.05	 2.000	  0.00	 -8.00	 40.00	   1.0	 3.6816	  0.18	 0.0000	  0.61	  0.85	 64.000	 1.00000000	 0.548	  0.000	  0.55	  0.00	  0.7997	 0.9385	 0.61674282		 0.7346	 61.16533388	 54.2027	 93.03482587	 144.22	  2.22	 
m60418c1r6.htb	 180.0	  0.03	 2.000	 -5.00	 -10.00	 50.00	   0.0	 10.1493	  0.00	 0.0000	  0.57	  0.80	 64.000	 1.00000000	 0.627	  0.000	  0.63	  0.00	  0.8729	 0.9284	 0.87171992		 0.6467	 18.08220380	 36.2291	 1.07695778	 39.70	  6.58	 
m60418c1r6.htb	 180.0	  0.03	 2.000	 -5.00	 -10.00	 50.00	   1.0	 10.1493	  0.00	 0.0000	  0.67	  0.54	 64.000	 1.00000000	 0.743	  0.000	  0.74	  0.00	  0.2476	 0.9929	 0.24771234		 0.8835	 21.89324516	 37.2439	 3.60611394	 38.10	  8.07	 
m60420c1r6.htb	 180.0	  0.03	 2.000	  5.00	 -5.00	 40.00	   0.0	 2.7861	  0.07	 0.0000	  0.73	  0.64	 64.000	 1.00000000	 0.903	  0.000	  0.90	  0.00	  1.7795	 0.7762	 0.92210750		 0.6306	 95.93710233	 59.1391	 125.12437811	 139.61	  1.76	 
m60420c1r6.htb	 180.0	  0.03	 2.000	  5.00	 -5.00	 40.00	   1.0	 2.7861	  0.08	 0.0000	  0.72	  0.58	 64.000	 1.00000000	 0.905	  0.000	  0.91	  0.00	  0.7231	 0.9484	 0.35003427		 0.8394	 70.90298609	 46.0973	 64.18690896	 89.33	  2.83	 
m60421c1r6.htb	   0.0	  0.03	 2.000	  8.00	 -10.00	 40.00	   0.0	 4.1791	  0.00	 0.0000	  0.71	  0.61	 64.000	 1.00000000	 0.846	  0.000	  0.85	  0.00	  0.5465	 0.9688	 0.54582250		 0.7612	 21.09096081	 47.2650	 1.53171974	 53.34	  1.87	 
m60421c1r6.htb	   0.0	  0.03	 2.000	  8.00	 -10.00	 40.00	   1.0	 4.1791	  0.00	 0.0000	  0.73	  0.52	 64.000	 1.00000000	 0.867	  0.000	  0.87	  0.00	  0.4105	 0.9816	 0.41046152		 0.8145	 21.22651194	 55.4349	 0.52226733	 59.81	  2.65	 
m60421c2r6.htb	   0.0	  0.03	 2.000	 18.00	 -10.00	 40.00	   0.0	 1.3820	  0.00	 0.0000	  0.70	  0.58	 64.000	 1.00000000	 0.779	  0.000	  0.78	  0.00	  2.7421	 0.6019	 2.74216682		 0.2538	 17.42832449	 52.8566	 1.63893489	 52.91	  0.61	 
m60421c2r6.htb	   0.0	  0.03	 2.000	 18.00	 -10.00	 40.00	   1.0	 1.3820	  0.00	 0.0000	  0.71	  0.53	 64.000	 1.00000000	 0.790	  0.000	  0.79	  0.00	  2.4870	 0.6470	 2.48702586		 0.2884	 14.39228562	 44.1229	 0.00000000	 44.64	  0.76	 
m60421c3r6.htb	   0.0	  0.03	 2.000	 10.00	  5.00	 40.00	   0.0	 9.4527	  0.00	 0.0000	  0.69	  0.73	 64.000	 1.00000000	 0.838	  0.000	  0.84	  0.00	  0.3228	 0.9883	 0.32242578		 0.8511	 30.92627504	 36.3177	 2.61953724	 40.53	  4.32	 
m60421c3r6.htb	   0.0	  0.03	 2.000	 10.00	  5.00	 40.00	   1.0	 9.4527	  0.06	 0.0000	  0.66	  0.74	 64.000	 1.00000000	 0.814	  0.000	  0.81	  0.00	  0.3625	 0.9854	 0.23516778		 0.8891	 53.57548105	 39.8239	 39.16900009	 90.07	  5.66	 
m60424c3r6.htb	   0.0	  0.03	 2.000	 10.00	  0.00	 40.00	   0.0	 2.0730	  0.05	 0.0000	  0.79	  0.59	 64.000	 1.00000000	 0.911	  0.000	  0.91	  0.00	  4.2765	 0.3699	 3.27685531		 0.1943	 100.35390941	 61.1869	 128.93864013	 144.38	 -0.16	 
m60424c3r6.htb	   0.0	  0.03	 2.000	 10.00	  0.00	 40.00	   1.0	 2.0730	  0.08	 0.0000	  0.78	  0.59	 64.000	 1.00000000	 0.924	  0.000	  0.92	  0.00	  1.7144	 0.7881	 1.18447997		 0.5531	 102.68813968	 57.1833	 130.59701493	 135.99	 -0.16	 
m60424c4r6.htb	   0.0	  0.03	 2.000	  0.00	  0.00	 30.00	   0.0	 3.7669	  0.00	 0.0000	  0.79	  0.42	 64.000	 1.00000000	 0.888	  0.000	  0.89	  0.00	  3.7979	 0.4341	 3.79503558		 0.1499	 25.60400760	 29.1921	 0.77246208	 32.49	  2.39	 
m60424c4r6.htb	   0.0	  0.03	 2.000	  0.00	  0.00	 30.00	   1.0	 3.7669	  0.12	 0.0000	  0.79	  0.46	 64.000	 1.00000000	 0.899	  0.000	  0.90	  0.00	  5.1923	 0.2681	 4.91664472		 0.0856	 99.81973895	 53.7484	 130.59701493	 132.28	  1.52	 
m60424c5r6.htb	   0.0	  0.03	 2.000	  0.00	  0.00	 40.00	   0.0	 3.8806	  0.18	 0.0000	  0.76	  0.53	 64.000	 1.00000000	 0.902	  0.000	  0.90	  0.00	  2.8183	 0.5887	 0.43920916		 0.8028	 98.94797393	 52.0951	 132.08955224	 125.50	  2.03	 
m60424c5r6.htb	   0.0	  0.03	 2.000	  0.00	  0.00	 40.00	   1.0	 3.8806	  0.08	 0.0000	  0.79	  0.49	 64.000	 1.00000000	 0.928	  0.000	  0.93	  0.00	  0.9520	 0.9170	 0.63941206		 0.7264	 36.49728653	 25.9839	 14.35244987	 60.90	  0.71	 
m60518c1r6.htb	   0.0	  0.03	 2.000	  8.00	 -10.00	 40.00	   0.0	 1.6915	  0.00	 0.0000	  0.72	  0.88	 64.000	 1.00000000	 0.823	  0.000	  0.81	  0.00	 11.6520	 0.0201	 11.65204270		 0.0029	 33.36550787	 68.3306	 0.45202864	 68.66	 -2.04	 
m60518c1r6.htb	   0.0	  0.03	 2.000	  8.00	 -10.00	 40.00	   1.0	 1.6915	  0.00	 0.0000	  0.69	  0.92	 64.000	 1.00000000	 0.791	  0.000	  0.79	  0.00	  4.1794	 0.3823	 4.17905305		 0.1237	 40.02902947	 100.0000	 0.07795852	 110.13	 -0.05	 
m60519c1r6.htb	   0.0	  0.03	 2.000	  0.00	 -10.00	 40.00	   0.0	 3.1343	  0.06	 0.0000	  0.69	  0.57	 64.000	 1.00000000	 0.856	  0.000	  0.86	  0.00	  0.4981	 0.9737	 0.44240215		 0.8016	 76.17397957	 61.2481	 96.01990050	 131.70	  2.45	 
m60519c1r6.htb	   0.0	  0.03	 2.000	  0.00	 -10.00	 40.00	   1.0	 3.1343	  0.12	 0.0000	  0.70	  0.60	 64.000	 1.00000000	 0.873	  0.000	  0.87	  0.00	  3.9209	 0.4168	 1.88114882		 0.3904	 78.43559355	 56.2499	 106.21890547	 133.91	  2.06	 
m60519c2r6.htb	   0.0	  0.03	 2.000	  5.00	  0.00	 30.00	   0.0	 7.1144	  0.13	 0.0000	  0.72	  0.58	 64.000	 1.00000000	 0.855	  0.000	  0.85	  0.00	  1.7912	 0.7741	 0.89979964		 0.6377	 105.89047456	 55.6176	 145.02487562	 132.73	  4.89	 
m60519c2r6.htb	   0.0	  0.03	 2.000	  5.00	  0.00	 30.00	   1.0	 7.1144	  0.00	 0.0000	  0.76	  0.49	 64.000	 1.00000000	 0.890	  0.000	  0.89	  0.00	  0.5364	 0.9699	 0.53559516		 0.7651	 27.56538329	 23.5288	 2.71398311	 27.56	  3.83	 
m60519c4r6.htb	   0.0	  0.03	 2.000	  5.00	  0.00	 30.00	   0.0	 8.4577	  0.09	 0.0000	  0.73	  0.49	 64.000	 1.00000000	 0.853	  0.000	  0.85	  0.00	  3.5869	 0.4648	 1.35956918		 0.5067	 34.29598959	 27.0782	 19.80984598	 99.09	  6.64	 
m60519c4r6.htb	   0.0	  0.03	 2.000	  5.00	  0.00	 30.00	   1.0	 8.4577	  0.11	 0.0000	  0.69	  0.68	 64.000	 1.00000000	 0.881	  0.000	  0.88	  0.00	  2.1931	 0.7003	 0.90674232		 0.6355	 40.15815341	 24.5203	 18.77163390	 63.24	  4.36	 
m60519c5r6.htb	   0.0	  0.03	 2.000	  5.00	  0.00	 30.00	   0.0	 3.5821	  0.12	 0.0000	  0.80	  0.43	 64.000	 1.00000000	 0.931	  0.000	  0.93	  0.00	  2.8963	 0.5753	 1.98690480		 0.3703	 84.07277200	 27.3877	 63.39015821	 34.10	  0.49	 
m60519c5r6.htb	   0.0	  0.03	 2.000	  5.00	  0.00	 30.00	   1.0	 3.5821	  0.18	 0.0000	  0.80	  0.44	 64.000	 1.00000000	 0.919	  0.000	  0.92	  0.00	  2.6571	 0.6167	 0.97955484		 0.6128	 62.87835523	 27.8309	 43.61720837	 42.88	  1.35	 
m60519c6r6.htb	   0.0	  0.03	 2.000	  0.00	  0.00	 30.00	   0.0	 3.2836	  0.18	 0.0000	  0.79	  0.44	 64.000	 1.00000000	 0.922	  0.000	  0.92	  0.00	  2.4994	 0.6447	 1.07082492		 0.5854	 117.66169154	 46.9280	 111.94058658	 68.21	  0.89	 
m60519c6r6.htb	   0.0	  0.03	 2.000	  0.00	  0.00	 30.00	   1.0	 3.2836	  0.18	 0.0000	  0.77	  0.49	 64.000	 1.00000000	 0.920	  0.000	  0.92	  0.00	  2.1299	 0.7119	 0.73874881		 0.6912	 52.62273372	 33.6601	 40.21545279	 67.89	  1.28	 
m60526c1r6.htb	   0.0	  0.03	 2.000	 -5.00	  0.00	 40.00	   0.0	 3.8806	  0.24	 0.0000	  0.67	  0.67	 64.000	 1.00000000	 0.804	  0.000	  0.80	  0.00	  2.6597	 0.6163	 0.93706023		 0.6259	 53.65555032	 33.9153	 45.30455806	 63.28	  2.47	 
m60526c1r6.htb	   0.0	  0.03	 2.000	 -5.00	  0.00	 40.00	   1.0	 3.8806	  0.30	 0.0000	  0.66	  0.76	 64.000	 1.00000000	 0.748	  0.000	  0.75	  0.00	  1.6747	 0.7953	 0.67381926		 0.7140	 75.89998749	 30.0659	 63.26627905	 45.04	  1.68	 
m60526c2r6.htb	   0.0	  0.03	 2.000	  0.00	  0.00	 40.00	   0.0	 7.4129	  0.17	 0.0000	  0.68	  0.64	 64.000	 1.00000000	 0.801	  0.000	  0.80	  0.00	  3.6195	 0.4599	 2.26268627		 0.3226	 40.57345035	 27.8060	 33.52793898	 105.81	  5.48	 
m60526c2r6.htb	   0.0	  0.03	 2.000	  0.00	  0.00	 40.00	   1.0	 7.4129	  0.12	 0.0000	  0.69	  0.58	 64.000	 1.00000000	 0.818	  0.000	  0.82	  0.00	  0.7750	 0.9418	 0.12504822		 0.9394	 36.24874387	 23.0802	 17.30558793	 61.42	  6.57	 
m60526c3r6.htb	   0.0	  0.03	 2.000	  8.00	  8.00	 40.00	   0.0	 10.2488	  0.21	 0.0000	  0.67	  0.68	 64.000	 1.00000000	 0.770	  0.000	  0.77	  0.00	  1.6413	 0.8014	 0.65252314		 0.7216	 37.98406594	 24.4576	 29.65451048	 93.54	  5.60	 
m60526c3r6.htb	   0.0	  0.03	 2.000	  8.00	  8.00	 40.00	   1.0	 10.2488	  0.10	 0.0000	  0.74	  0.43	 64.000	 1.00000000	 0.841	  0.000	  0.84	  0.00	  1.2083	 0.8767	 1.00258885		 0.6057	 32.32355370	 16.9624	 11.91876416	 38.39	  5.42	 
m60526c4r6.htb	   0.0	  0.03	 2.000	  0.00	 -10.00	 40.00	   0.0	 8.5075	  0.15	 0.0000	  0.63	  0.66	 64.000	 1.00000000	 0.630	  0.000	  0.63	  0.00	  0.7889	 0.9399	 0.66047109		 0.7188	 26.23889636	 19.5724	 12.93851868	 46.19	  4.37	 
m60526c4r6.htb	   0.0	  0.03	 2.000	  0.00	 -10.00	 40.00	   1.0	 8.5075	  0.13	 0.0000	  0.67	  0.66	 64.000	 1.00000000	 0.718	  0.000	  0.72	  0.00	  0.4132	 0.9814	 0.03969038		 0.9804	 28.39564127	 21.8261	 13.15922638	 56.78	  3.55	 
m60526c5r6.htb	  60.0	  0.03	 2.000	 -5.00	 -5.00	 40.00	   0.0	 2.6368	  0.00	 0.0000	  0.52	  0.50	 64.000	 1.00000000	 0.421	  0.000	  0.42	  0.00	  0.3577	 0.9858	 0.35775315		 0.8362	 3.65184014	 20.3706	 0.02313121	 21.72	  1.39	 
m60526c5r6.htb	  60.0	  0.03	 2.000	 -5.00	 -5.00	 40.00	   1.0	 2.6368	  0.00	 0.0000	  0.56	  0.40	 64.000	 1.00000000	 0.359	  0.000	  0.36	  0.00	  1.6012	 0.8086	 1.60122504		 0.4491	 3.26957007	 22.6181	 0.14653502	 22.97	  2.03	 
m60623c1r6.htb	   0.0	  0.03	 2.000	  0.00	  0.00	 40.00	   0.0	 18.9055	  0.00	 0.0001	  0.48	  0.44	 64.000	 1.00000000	 0.317	  0.000	  0.32	  0.00	  0.8151	 0.9364	 0.81560332		 0.6651	 15.09950402	 29.2906	 7.94662772	 29.40	 18.40	 
m60623c1r6.htb	   0.0	  0.03	 2.000	  0.00	  0.00	 40.00	   1.0	 18.9055	  0.04	 0.0005	  0.45	  0.42	 64.000	 1.00000000	 0.282	  0.000	  0.28	  0.00	  0.5595	 0.9675	 0.36969684		 0.8312	 77.00393817	 83.0322	 131.34328358	 183.03	 19.22	 
m60623c2r6.htb	   0.0	  0.03	 2.000	  0.00	  0.00	 40.00	   0.0	 7.0647	  0.00	 0.0000	  0.65	  0.44	 64.000	 1.00000000	 0.633	  0.000	  0.63	  0.00	  1.8264	 0.7676	 1.82649168		 0.4012	 14.34903615	 17.7510	 4.33405004	 17.75	  4.95	 
m60623c2r6.htb	   0.0	  0.03	 2.000	  0.00	  0.00	 40.00	   1.0	 7.0647	  0.00	 0.0000	  0.67	  0.43	 64.000	 1.00000000	 0.712	  0.000	  0.71	  0.00	  0.7125	 0.9498	 0.71254397		 0.7003	 15.47220142	 20.0990	 3.73738783	 20.11	  5.43	 
m60626c1r6.htb	   0.0	  0.03	 2.000	 10.00	 -13.00	 40.00	   0.0	 11.7910	  0.07	 0.0000	  0.70	  0.54	 64.000	 1.00000000	 0.859	  0.000	  0.86	  0.00	  1.8313	 0.7667	 1.52719450		 0.4660	 155.38837780	 17.0057	 129.91517433	 18.82	  6.99	 
m60626c1r6.htb	   0.0	  0.03	 2.000	 10.00	 -13.00	 40.00	   1.0	 11.7910	  0.00	 0.0000	  0.69	  0.54	 64.000	 1.00000000	 0.802	  0.000	  0.80	  0.00	  0.5303	 0.9705	 0.53563772		 0.7650	 28.66559094	 12.3251	 5.66087184	 14.30	  9.62	 
m60626c3r6.htb	   0.0	  0.03	 2.000	  0.00	 -10.00	 40.00	   0.0	 4.0299	  0.00	 0.0000	  0.65	  0.65	 64.000	 1.00000000	 0.621	  0.000	  0.62	  0.00	  0.6436	 0.9581	 0.64344712		 0.7249	 12.59080572	 20.1602	 1.45358836	 20.72	  1.96	 
m60626c3r6.htb	   0.0	  0.03	 2.000	  0.00	 -10.00	 40.00	   1.0	 4.0299	  0.23	 0.0000	  0.62	  0.66	 64.000	 1.00000000	 0.563	  0.000	  0.56	  0.00	  2.8437	 0.5843	 1.29543145		 0.5232	 55.71038216	 52.6969	 80.34825871	 126.74	  3.28	 
m60628c3r6.htb	   0.0	  0.03	 2.000	 10.00	  0.00	 40.00	   0.0	 4.3781	  0.15	 0.0000	  0.68	  0.48	 64.000	 1.00000000	 0.783	  0.000	  0.78	  0.00	  1.5559	 0.8167	 0.51878849		 0.7715	 58.06379766	 55.7550	 81.59203980	 133.09	  3.16	 
m60628c3r6.htb	   0.0	  0.03	 2.000	 10.00	  0.00	 40.00	   1.0	 4.3781	  0.00	 0.0000	  0.73	  0.40	 64.000	 1.00000000	 0.732	  0.000	  0.73	  0.00	  5.4857	 0.2410	 5.48541136		 0.0644	 17.82883479	 23.0495	 6.03436747	 23.09	  3.74	 
m60629c3r6.htb	   0.0	  0.03	 2.000	  8.00	 -12.00	 40.00	   0.0	 9.8507	  0.19	 0.0000	  0.68	  0.57	 64.000	 1.00000000	 0.771	  0.000	  0.77	  0.00	  1.1343	 0.8888	 0.13365102		 0.9354	 54.51357800	 39.0895	 74.18344617	 136.15	  7.50	 
m60629c3r6.htb	   0.0	  0.03	 2.000	  8.00	 -12.00	 40.00	   1.0	 9.8507	  0.03	 0.0000	  0.72	  0.50	 64.000	 1.00000000	 0.856	  0.000	  0.86	  0.00	  0.3228	 0.9883	 0.29278307		 0.8638	 34.27122549	 28.6754	 13.19022036	 49.02	  6.98	 
m60629c4r6.htb	   0.0	  0.03	 2.000	 -8.00	 -10.00	 40.00	   0.0	 2.4876	  0.16	 0.0000	  0.68	  0.61	 64.000	 1.00000000	 0.749	  0.000	  0.75	  0.00	  0.8482	 0.9319	 0.48935244		 0.7830	 26.41850723	 22.7985	 13.83416611	 51.60	  1.91	 
m60629c4r6.htb	   0.0	  0.03	 2.000	 -8.00	 -10.00	 40.00	   1.0	 2.4876	  0.19	 0.0000	  0.71	  0.57	 64.000	 1.00000000	 0.771	  0.000	  0.77	  0.00	  0.7403	 0.9463	 0.16577667		 0.9205	 85.57213930	 19.2395	 72.12459588	 22.75	  0.72	 
m60719c2r6.htb	 170.0	  0.03	 2.000	 10.00	 -10.00	 40.00	   0.0	 4.5274	  0.00	 0.0000	  0.57	  0.54	 64.000	 1.00000000	 0.482	  0.000	  0.48	  0.00	  0.3442	 0.9868	 0.34410590		 0.8419	 7.04715142	 28.3013	 0.09950919	 28.57	  3.29	 
m60719c2r6.htb	 170.0	  0.03	 2.000	 10.00	 -10.00	 40.00	   1.0	 4.5274	  0.00	 0.0000	  0.64	  0.45	 64.000	 1.00000000	 0.614	  0.000	  0.61	  0.00	  0.4969	 0.9738	 0.49689518		 0.7800	 11.01362387	 83.7274	 0.00000000	 84.33	  3.62	 
m60719c3r6.htb	   0.0	  0.03	 2.000	 10.00	  0.00	 40.00	   0.0	 0.1990	 -5.99	 0.0000	  0.50	  0.41	 64.000	 1.00000000	 0.000	    NaN	  0.14	  0.00	  9.7264	 0.0453	 9.72644760		 0.0077	 0.00000000	 5.6263	 5.47263682	  8.92	 -0.11	 
m60719c3r6.htb	   0.0	  0.03	 2.000	 10.00	  0.00	 40.00	   1.0	 0.1990	 -5.93	 0.0000	  0.49	  0.43	 64.000	 1.00000000	 0.000	    NaN	  0.17	  0.00	  0.6395	 0.9586	 13.67667053		 0.0011	 0.00000000	 6.0536	 6.21890547	  8.83	 -0.12	 
m60720c1r6.htb	   0.0	  0.03	 2.000	  0.00	  0.00	 40.00	   0.0	 3.4826	  0.00	 0.0000	  0.64	  0.81	 64.000	 1.00000000	 0.771	  0.000	  0.77	  0.00	  0.7533	 0.9446	 0.66049307		 0.7187	 74.34900044	 75.6235	 98.00995025	 174.97	  1.49	 
m60720c1r6.htb	   0.0	  0.03	 2.000	  0.00	  0.00	 40.00	   1.0	 3.4826	  0.04	 0.0000	  0.69	  0.81	 64.000	 1.00000000	 0.772	  0.000	  0.77	  0.00	  1.3452	 0.8537	 1.17396100		 0.5560	 76.99103198	 61.9394	 100.74626866	 146.22	  1.13	 
m60720c1r6.htb	   0.0	  0.03	 2.000	  0.00	  0.00	 40.00	   0.0	 3.4826	  0.00	 0.0000	  0.64	  0.81	 64.000	 1.00000000	 0.765	  0.000	  0.77	  0.00	  0.7533	 0.9446	 0.75270579		 0.6864	 20.50644726	 47.4591	 0.62632107	 52.83	  1.51	 
m60720c1r6.htb	   0.0	  0.03	 2.000	  0.00	  0.00	 40.00	   1.0	 3.4826	  0.04	 0.0000	  0.69	  0.81	 64.000	 1.00000000	 0.772	  0.000	  0.77	  0.00	  1.3452	 0.8537	 1.17397628		 0.5560	 76.95695249	 61.9334	 100.74626866	 146.31	  1.13	 
m60720c1r6.htb	   0.0	  0.03	 2.000	  0.00	  0.00	 40.00	   0.0	 3.4826	  0.00	 0.0000	  0.64	  0.81	 64.000	 1.00000000	 0.771	  0.000	  0.77	  0.00	  0.7533	 0.9446	 0.66048660		 0.7187	 74.32772323	 75.6201	 98.00995025	 175.04	  1.49	 
m60720c1r6.htb	   0.0	  0.03	 2.000	  0.00	  0.00	 40.00	   1.0	 3.4826	  0.04	 0.0000	  0.69	  0.81	 64.000	 1.00000000	 0.772	  0.000	  0.77	  0.00	  1.3452	 0.8537	 1.17669639		 0.5552	 72.56593007	 61.1450	 100.74626866	 159.26	  1.13	 
m60720c2r6.htb	   0.0	  0.03	 2.000	  5.00	 -10.00	 40.00	   0.0	 1.7413	  0.13	 0.0000	  0.78	  0.62	 64.000	 1.00000000	 0.910	  0.000	  0.91	  0.00	  2.7564	 0.5994	 2.29404839		 0.3176	 108.11868310	 52.2325	 137.81094527	 129.27	 -0.53	 
m60720c2r6.htb	   0.0	  0.03	 2.000	  5.00	 -10.00	 40.00	   1.0	 1.7413	  0.11	 0.0000	  0.77	  0.63	 64.000	 1.00000000	 0.943	  0.000	  0.94	  0.00	  3.5106	 0.4763	 1.53878515		 0.4633	 117.32939682	 54.1188	 148.75621891	 129.10	 -0.47	 
m60720c3r6.htb	   0.0	  0.03	 2.000	 -8.00	 -10.00	 40.00	   0.0	 4.3284	  0.05	 0.0000	  0.68	  0.60	 64.000	 1.00000000	 0.836	  0.000	  0.84	  0.00	  0.6557	 0.9567	 0.60735988		 0.7381	 26.95145034	 28.2026	 11.85744657	 47.50	  1.22	 
m60720c3r6.htb	   0.0	  0.03	 2.000	 -8.00	 -10.00	 40.00	   1.0	 4.3284	  0.00	 0.0000	  0.70	  0.58	 64.000	 1.00000000	 0.809	  0.000	  0.81	  0.00	  0.7732	 0.9420	 0.77331816		 0.6793	 14.98482122	 20.5261	 0.00081078	 23.26	  1.75	 
m60721c4r6.htb	  90.0	  0.03	 2.000	 -10.00	  0.00	 40.00	   0.0	 0.8458	  0.00	 0.0000	  0.75	  0.65	 64.000	 1.00000000	 0.886	  0.000	  0.89	  0.00	  0.3005	 0.9898	 0.30044631		 0.8605	 27.98728080	 62.6109	 1.85594462	 70.11	 -0.04	 
m60721c4r6.htb	  90.0	  0.03	 2.000	 -10.00	  0.00	 40.00	   1.0	 0.8458	  0.00	 0.0000	  0.77	  0.56	 64.000	 1.00000000	 0.884	  0.000	  0.88	  0.00	  1.4577	 0.8341	 1.45695532		 0.4826	 26.48490210	 47.9889	 4.42283988	 54.98	 -0.05	 
m60721c5r6.htb	  90.0	  0.03	 2.000	  0.00	 -8.00	 40.00	   0.0	 1.1940	  0.00	 0.0000	  0.82	  0.49	 64.000	 1.00000000	 0.930	  0.000	  0.93	  0.00	  7.8953	 0.0955	 7.64792844		 0.0218	 113.20867983	 88.4648	 135.82089552	 188.46	 -0.47	 
m60721c5r6.htb	  90.0	  0.03	 2.000	  0.00	 -8.00	 40.00	   1.0	 1.1940	  0.01	 0.0000	  0.81	  0.51	 64.000	 1.00000000	 0.935	  0.000	  0.93	  0.00	  6.3614	 0.1737	 3.71625619		 0.1560	 110.21395499	 68.8198	 141.04477612	 160.13	 -0.55	 
m60801c1r6.htb	   0.0	  0.03	 2.000	 -10.00	  5.00	 40.00	   0.0	 1.0448	  0.00	 0.0000	  0.57	  0.59	 64.000	 1.00000000	 0.478	  0.000	  0.48	  0.00	  0.5164	 0.9719	 0.51637778		 0.7724	 8.20109388	 100.0000	 1.38701044	 100.00	  0.67	 
m60801c1r6.htb	   0.0	  0.03	 2.000	 -10.00	  5.00	 40.00	   1.0	 1.0448	  0.00	 0.0000	  0.61	  0.55	 64.000	 1.00000000	 0.655	  0.000	  0.66	  0.00	  0.0849	 0.9991	 0.08486682		 0.9585	 8.03355398	 52.4032	 1.63886822	 52.62	  0.43	 
m60803c2r6.htb	   0.0	  0.03	 2.000	 -8.00	  0.00	 40.00	   0.0	 1.5423	  0.00	 0.0000	  0.72	  0.60	 64.000	 1.00000000	 0.874	  0.000	  0.87	  0.00	  0.3134	 0.9889	 0.31338025		 0.8550	 17.93805628	 35.3908	 0.03614579	 35.39	  0.39	 
m60803c2r6.htb	   0.0	  0.03	 2.000	 -8.00	  0.00	 40.00	   1.0	 1.5423	  0.00	 0.0000	  0.74	  0.51	 64.000	 1.00000000	 0.866	  0.000	  0.87	  0.00	  0.7940	 0.9393	 0.79394524		 0.6724	 17.81175105	 35.3811	 0.00000000	 35.53	  1.10	 
m60804c1r6.htb	  60.0	  0.03	 2.000	  5.00	 -10.00	 40.00	   0.0	 1.5920	  0.00	 0.0000	  0.72	  0.70	 64.000	 1.00000000	 0.881	  0.000	  0.88	  0.00	  3.0643	 0.5471	 2.71215913		 0.2577	 82.00608955	 80.2323	 102.73631841	 180.23	  0.02	 
m60804c1r6.htb	  60.0	  0.03	 2.000	  5.00	 -10.00	 40.00	   1.0	 1.5920	  0.02	 0.0000	  0.76	  0.69	 64.000	 1.00000000	 0.909	  0.000	  0.91	  0.00	  2.1702	 0.7045	 1.42494175		 0.4904	 85.15421822	 64.3330	 107.21393035	 151.22	 -1.26	 
m60815c3r6.htb	   0.0	  0.03	 2.000	  5.00	 -20.00	 40.00	   0.0	 14.5771	  0.00	 0.0001	  0.51	  0.60	 64.000	 1.00000000	 0.337	  0.000	  0.34	  0.00	  0.2796	 0.9911	 0.27966701		 0.8695	 13.76910928	 100.0000	 0.00000000	 125.36	 10.78	 
m60815c3r6.htb	   0.0	  0.03	 2.000	  5.00	 -20.00	 40.00	   1.0	 14.5771	  0.00	 0.0000	  0.54	  0.49	 64.000	 1.00000000	 0.427	  0.000	  0.43	  0.00	  0.2321	 0.9938	 0.23206316		 0.8904	 10.87034020	 32.3536	 2.21879612	 32.35	 10.53	 
m60816c1r6.htb	   0.0	  0.03	 2.000	  0.00	 -10.00	 40.00	   0.0	 5.3731	  0.00	 0.0000	  0.58	  1.04	 64.000	 1.00000000	 0.691	  0.000	  0.69	  0.00	  0.2947	 0.9902	 0.29377204		 0.8634	 21.23207340	 42.5610	 1.40573198	 48.30	  1.48	 
m60816c1r6.htb	   0.0	  0.03	 2.000	  0.00	 -10.00	 40.00	   1.0	 5.3731	  0.00	 0.0000	  0.65	  0.93	 64.000	 1.00000000	 0.795	  0.000	  0.79	  0.00	  0.6668	 0.9554	 0.66674829		 0.7165	 25.73389813	 47.4293	 0.80724281	 52.46	  1.68	 
m60816c2r6.htb	   0.0	  0.03	 2.000	  0.00	  0.00	 40.00	   0.0	 7.8607	  0.00	 0.0000	  0.69	  0.62	 64.000	 1.00000000	 0.846	  0.000	  0.85	  0.00	  0.3561	 0.9859	 0.35401060		 0.8378	 25.03796061	 26.1594	 2.91495104	 30.26	  4.26	 
m60816c2r6.htb	   0.0	  0.03	 2.000	  0.00	  0.00	 40.00	   1.0	 7.8607	  0.03	 0.0000	  0.71	  0.51	 64.000	 1.00000000	 0.860	  0.000	  0.86	  0.00	  0.4227	 0.9806	 0.37847879		 0.8276	 39.61832466	 30.3547	 18.99069456	 46.39	  5.53	 
m60816c2r6.htb	   0.0	  0.03	 2.000	  0.00	  0.00	 40.00	   0.0	 7.8607	  0.00	 0.0000	  0.69	  0.62	 64.000	 1.00000000	 0.846	  0.000	  0.85	  0.00	  0.3561	 0.9859	 0.35405947		 0.8378	 24.87522387	 26.1404	 2.75175930	 30.30	  4.26	 
m60816c2r6.htb	   0.0	  0.03	 2.000	  0.00	  0.00	 40.00	   1.0	 7.8607	  0.03	 0.0000	  0.71	  0.51	 64.000	 1.00000000	 0.860	  0.000	  0.86	  0.00	  0.4227	 0.9806	 0.37848625		 0.8276	 40.75038800	 30.4988	 20.09710645	 45.63	  5.53	 
m60816c3r6.htb	   0.0	  0.03	 2.000	 -10.00	 -10.00	 40.00	   0.0	 10.5473	  0.00	 0.0000	  0.52	  0.56	 64.000	 1.00000000	 0.367	  0.000	  0.37	  0.00	  0.4696	 0.9764	 0.46964710		 0.7907	 12.67964381	 100.0000	 0.00000000	 131.39	  8.67	 
m60816c3r6.htb	   0.0	  0.03	 2.000	 -10.00	 -10.00	 40.00	   1.0	 10.5473	  0.00	 0.0000	  0.52	  0.49	 64.000	 1.00000000	 0.405	  0.000	  0.40	  0.00	  0.1101	 0.9985	 0.11011826		 0.9464	 12.01415663	 69.2960	 2.71225762	 69.91	  8.36	 
m60818c1r5.htb	 150.0	  0.03	 2.000	 -10.00	 -10.00	 40.00	   0.0	 0.9950	  0.18	 0.0000	  0.62	  0.48	 64.000	 1.00000000	 0.647	  0.000	  0.65	  0.00	  0.4015	 0.9824	 0.13262453		 0.9358	 20.12875941	 53.2120	 27.61194030	 128.10	  0.37	 
m60818c1r5.htb	 150.0	  0.03	 2.000	 -10.00	 -10.00	 40.00	   1.0	 0.9950	  0.15	 0.0000	  0.69	  0.38	 64.000	 1.00000000	 0.744	  0.000	  0.74	  0.00	  1.9855	 0.7384	 1.36404610		 0.5056	 19.38924075	 53.4394	 29.60199005	 153.32	  0.39	 
m60818c1r6.htb	   0.0	  0.03	 2.000	 -10.00	 -10.00	 40.00	   0.0	 1.0448	  0.00	 0.0000	  0.52	  0.43	 64.000	 1.00000000	 0.479	  0.000	  0.48	  0.00	  0.9381	 0.9190	 0.93809007		 0.6256	 2.64610420	 29.1776	 0.22635974	 29.21	  0.52	 
m60818c1r6.htb	   0.0	  0.03	 2.000	 -10.00	 -10.00	 40.00	   1.0	 1.0448	  0.00	 0.0000	  0.56	  0.44	 64.000	 1.00000000	 0.594	  0.000	  0.59	  0.00	  0.9736	 0.9138	 0.97356728		 0.6146	 4.00935110	 26.2781	 0.46990000	 26.28	  0.55	 
m60818c2r6.htb	   0.0	  0.03	 2.000	 10.00	 10.00	 40.00	   0.0	 24.5274	  0.00	 0.0001	  0.50	  0.65	 64.000	 1.00000000	 0.338	  0.000	  0.34	  0.00	  0.8106	 0.9370	 0.81049439		 0.6668	 21.43848638	 54.9587	 7.29810902	 56.03	 20.04	 
m60818c2r6.htb	   0.0	  0.03	 2.000	 10.00	 10.00	 40.00	   1.0	 24.5274	  0.00	 0.0000	  0.55	  0.52	 64.000	 1.00000000	 0.471	  0.000	  0.47	  0.00	  0.3133	 0.9889	 0.31329361		 0.8550	 23.51184379	 29.6691	 10.06451187	 29.67	 20.42	 
m60818c3r6.htb	   0.0	  0.03	 2.000	 -10.00	  0.00	 40.00	   0.0	 3.9303	  0.00	 0.0000	  0.58	  0.55	 64.000	 1.00000000	 0.504	  0.000	  0.50	  0.00	  0.6616	 0.9560	 0.66154330		 0.7184	 8.37875263	 100.0000	 0.00000000	 102.97	  1.97	 
m60818c3r6.htb	   0.0	  0.03	 2.000	 -10.00	  0.00	 40.00	   1.0	 3.9303	  0.00	 0.0000	  0.65	  0.48	 64.000	 1.00000000	 0.615	  0.000	  0.61	  0.00	  0.8316	 0.9342	 0.83163136		 0.6598	 17.02106191	 100.0000	 5.63480504	 100.00	  1.77	 
m60821c4r6.htb	   0.0	  0.03	 2.000	  5.00	 -15.00	 40.00	   0.0	 4.4776	  0.04	 0.0000	  0.71	  0.62	 64.000	 1.00000000	 0.844	  0.000	  0.84	  0.00	  0.2669	 0.9918	 0.21849227		 0.8965	 32.43003056	 20.2476	 9.26699373	 38.00	  2.37	 
m60821c4r6.htb	   0.0	  0.03	 2.000	  5.00	 -15.00	 40.00	   1.0	 4.4776	  0.00	 0.0000	  0.71	  0.67	 64.000	 1.00000000	 0.841	  0.000	  0.84	  0.00	  0.1160	 0.9984	 0.11607910		 0.9436	 24.62352540	 19.9892	 0.06060157	 23.18	  3.70	 
m60821c5r6.htb	   0.0	  0.03	 2.000	  5.00	  5.00	 40.00	   0.0	 6.7786	  0.00	 0.0000	  0.66	  0.66	 64.000	 1.00000000	 0.737	  0.000	  0.74	  0.00	  1.2809	 0.8646	 1.27961249		 0.5274	 23.78009618	 32.2113	 2.86539257	 33.59	  6.60	 
m60821c5r6.htb	   0.0	  0.03	 2.000	  5.00	  5.00	 40.00	   1.0	 6.7786	  0.15	 0.0000	  0.71	  0.56	 64.000	 1.00000000	 0.776	  0.000	  0.78	  0.00	  1.7403	 0.7834	 0.98989509		 0.6096	 101.39964322	 54.9922	 141.43567875	 130.91	  6.35	 
m60824c4r6.htb	   0.0	  0.03	 2.000	  0.00	 -10.00	 40.00	   0.0	 9.5357	  0.14	 0.0000	  0.67	  0.87	 64.000	 1.00000000	 0.687	  0.000	  0.69	  0.00	  1.8468	 0.7639	 0.81199920		 0.6663	 37.00197006	 23.7408	 26.36565486	 123.74	  4.61	 
m60824c4r6.htb	   0.0	  0.03	 2.000	  0.00	 -10.00	 40.00	   1.0	 9.5357	  0.11	 0.0000	  0.63	  0.92	 64.000	 1.00000000	 0.765	  0.000	  0.76	  0.00	  1.6965	 0.7914	 1.31595118		 0.5179	 121.96472929	 56.4448	 165.42288557	 134.35	  6.45	 
m60825c1r6.htb	 180.0	  0.03	 2.000	  0.00	  0.00	 40.00	   0.0	 3.9303	  0.00	 0.0000	  0.60	  0.42	 64.000	 1.00000000	 0.560	  0.000	  0.56	  0.00	  1.6204	 0.8051	 1.62009370		 0.4448	 10.59514052	 71.6333	 1.48785746	 73.67	  4.64	 
m60825c1r6.htb	 180.0	  0.03	 2.000	  0.00	  0.00	 40.00	   1.0	 3.9303	  0.00	 0.0000	  0.64	  0.42	 64.000	 1.00000000	 0.636	  0.000	  0.64	  0.00	  1.1554	 0.8854	 1.15537815		 0.5612	 13.16419015	 100.0000	 0.00000000	 103.39	  4.08	 
