FILE			 PrfOR	 PrfSF	 PrfTF	 RFXctr	 RFYctr	 RFDiam	 GrType	 Spont	 SI		 AnovaP	 SDI		 VarTerm	 MaxX 	 MinX 	 RsqMn	 PMean	 RsqRaw	 Praw		 ErfChi2	 ErfChiP	 DiffErfChi2	 DiffErfChiP	 Ke		 a		 Ki		 b+a		 DC_off		
m60110c1r5.htb	   0.0	  0.05	 2.000	  0.00	  0.00	 50.00	   0.0	 1.0945	  0.00	 0.0000	  0.52	  0.55	 64.000	 1.00000000	 0.366	  0.000	  0.37	  0.00	  0.2589	 0.9923	 0.25887858		 0.8786	 4.47425259	 100.0000	 0.00000000	 103.21	  0.94	 
m60110c1r5.htb	   0.0	  0.05	 2.000	  0.00	  0.00	 50.00	   1.0	 1.0945	  0.00	 0.0002	  0.49	  0.50	 64.000	 1.00000000	 0.156	  0.001	  0.16	  0.00	  2.0503	 0.7265	 2.05023104		 0.3588	 1.26560515	 8.1156	 0.00000000	 10.02	  0.70	 
m60110c2r6.htb	  30.0	  0.05	 1.000	  3.00	 -7.00	 30.00	   0.0	 2.7529	  0.00	 0.6748	  0.20	  1.60	 64.000	 1.00000000	 0.033	  0.074	  0.03	  0.07	  0.0377	 0.9998	 0.03766665		 0.9813	 14.67719230	 19.6725	 12.61697925	 20.29	  1.10	 
m60110c2r6.htb	  30.0	  0.05	 1.000	  3.00	 -7.00	 30.00	   1.0	 2.7529	  0.01	 0.6997	  0.15	  1.67	 64.000	 1.00000000	 0.036	  0.061	  0.04	  0.06	  0.0039	 1.0000	 0.00374480		 0.9981	 7.62328248	 29.7923	 5.74621623	 33.14	  1.71	 
m60110c3r6.htb	  90.0	  0.03	 2.000	 20.00	 -15.00	 30.00	   0.0	 8.7420	  0.00	 0.0000	  0.63	  0.61	 64.000	 1.00000000	 0.701	  0.000	  0.70	  0.00	  0.5721	 0.9661	 0.57139548		 0.7515	 19.50759148	 25.2990	 1.48263679	 27.22	  7.70	 
m60110c3r6.htb	  90.0	  0.03	 2.000	 20.00	 -15.00	 30.00	   1.0	 8.7420	  0.00	 0.0000	  0.77	  0.38	 64.000	 1.00000000	 0.886	  0.000	  0.89	  0.00	  0.6872	 0.9529	 0.68835284		 0.7088	 21.35609685	 16.0025	 1.01552024	 19.29	  4.92	 
m60117c2r6.htb	  90.0	  0.05	 2.000	  5.00	 -10.00	 40.00	   0.0	 14.6144	  0.00	 0.0000	  0.60	  0.48	 64.000	 1.00000000	 0.568	  0.000	  0.57	  0.00	  1.5558	 0.8167	 1.55563392		 0.4594	 18.16471519	 30.7590	 5.28666059	 30.79	 13.59	 
m60117c2r6.htb	  90.0	  0.05	 2.000	  5.00	 -10.00	 40.00	   1.0	 14.6144	  0.00	 0.0000	  0.63	  0.39	 64.000	 1.00000000	 0.668	  0.000	  0.67	  0.00	  0.4364	 0.9794	 0.43643594		 0.8040	 17.96786324	 25.1159	 5.07933360	 25.12	 14.18	 
m60125c1r7.htb	  30.0	  0.05	 2.000	  0.00	  0.00	 50.00	   0.0	 6.2811	  0.00	 0.0004	  0.54	  0.37	 64.000	 1.00000000	 0.390	  0.000	  0.39	  0.00	  0.3795	 0.9841	 0.37950848		 0.8272	 4.62197555	 45.2032	 0.04610019	 56.85	  5.26	 
m60125c1r7.htb	  30.0	  0.05	 2.000	  0.00	  0.00	 50.00	   1.0	 6.2811	  0.03	 0.4874	  0.35	  0.40	 64.000	 1.00000000	 0.004	  0.661	  0.00	  0.66	  0.5170	 0.9718	 0.49014160		 0.7826	 7.57694252	 1.0806	 3.15853119	  1.61	  2.53	 
m60125c2r6.htb	  30.0	  0.03	 2.000	 -7.00	 -3.00	 40.00	   0.0	 6.1194	  0.00	 0.0000	  0.62	  0.52	 64.000	 1.00000000	 0.647	  0.000	  0.65	  0.00	  1.1575	 0.8851	 1.15781767		 0.5605	 13.27346952	 52.2087	 0.00706894	 56.02	  5.62	 
m60125c2r6.htb	  30.0	  0.03	 2.000	 -7.00	 -3.00	 40.00	   1.0	 6.1194	  0.00	 0.0000	  0.68	  0.46	 64.000	 1.00000000	 0.750	  0.000	  0.75	  0.00	  0.2570	 0.9924	 0.25693386		 0.8794	 14.09619105	 47.1397	 0.00000000	 51.50	  5.59	 
m60125c3r6.htb	  30.0	  0.03	 2.000	 -8.00	 -18.00	 30.00	   0.0	 3.2338	  0.09	 0.0000	  0.70	  0.59	 64.000	 1.00000000	 0.840	  0.000	  0.84	  0.00	  1.0850	 0.8967	 0.72494983		 0.6960	 67.40024757	 56.5922	 91.29353234	 142.92	  1.50	 
m60125c3r6.htb	  30.0	  0.03	 2.000	 -8.00	 -18.00	 30.00	   1.0	 3.2338	  0.09	 0.0000	  0.69	  0.59	 64.000	 1.00000000	 0.793	  0.000	  0.79	  0.00	  1.6082	 0.8073	 1.36341984		 0.5058	 86.31840796	 37.7418	 73.22762816	 44.57	  1.81	 
m60125c4r7.htb	  90.0	  0.05	 2.000	  0.00	 -8.00	 30.00	   0.0	 4.4776	  0.27	 0.0000	  0.67	  0.66	 64.000	 1.00000000	 0.639	  0.000	  0.64	  0.00	  5.4314	 0.2458	 4.33203664		 0.1146	 40.42951301	 32.3813	 47.86827763	 115.10	  4.20	 
m60125c4r7.htb	  90.0	  0.05	 2.000	  0.00	 -8.00	 30.00	   1.0	 4.4776	  0.31	 0.0000	  0.62	  0.71	 64.000	 1.00000000	 0.684	  0.000	  0.68	  0.00	  2.1556	 0.7072	 0.43344672		 0.8052	 118.69225302	 23.5092	 106.41848005	 28.76	  4.05	 
m60201c2r6.htb	  90.0	  0.03	 2.000	  0.00	 -10.00	 50.00	   0.0	 15.3731	  0.07	 0.0000	  0.65	  0.45	 64.000	 1.00000000	 0.743	  0.000	  0.74	  0.00	  0.4567	 0.9776	 0.37898307		 0.8274	 91.13778051	 63.8331	 144.52736318	 162.70	 12.95	 
m60201c2r6.htb	  90.0	  0.03	 2.000	  0.00	 -10.00	 50.00	   1.0	 15.3731	  0.07	 0.0000	  0.65	  0.46	 64.000	 1.00000000	 0.718	  0.000	  0.72	  0.00	  0.8860	 0.9266	 0.38663306		 0.8242	 101.91856787	 66.0726	 155.72139303	 155.14	 14.00	 
m60201c3r9.htb	 270.0	  0.03	 2.000	  8.00	 -15.00	 50.00	   0.0	 6.1360	  0.11	 0.0000	  0.69	  0.69	 64.000	 1.00000000	 0.814	  0.000	  0.81	  0.00	  1.1657	 0.8837	 1.02605793		 0.5987	 78.28045004	 39.5711	 61.75196427	 62.59	  2.67	 
m60201c3r9.htb	 270.0	  0.03	 2.000	  8.00	 -15.00	 50.00	   1.0	 6.1360	  0.18	 0.0000	  0.69	  0.68	 64.000	 1.00000000	 0.809	  0.000	  0.81	  0.00	  1.8600	 0.7615	 1.47923512		 0.4773	 102.45225600	 51.0209	 143.03482587	 132.99	  3.23	 
m60201c4r10.htb	 270.0	  0.05	 2.000	  8.00	 -18.00	 50.00	   0.0	 2.9851	  0.00	 0.0000	  0.59	  0.40	 64.000	 1.00000000	 0.516	  0.000	  0.52	  0.00	  0.4857	 0.9749	 0.48560970		 0.7844	 5.70653980	 42.7059	 0.63231868	 45.66	  2.86	 
m60201c4r10.htb	 270.0	  0.05	 2.000	  8.00	 -18.00	 50.00	   1.0	 2.9851	  0.00	 0.0000	  0.57	  0.41	 64.000	 1.00000000	 0.527	  0.000	  0.53	  0.00	  0.0799	 0.9992	 0.07984538		 0.9609	 7.02195301	 37.3576	 1.72901877	 38.40	  2.78	 
m60201c5r8.htb	 100.0	  0.03	 2.000	 10.00	 -10.00	 50.00	   0.0	 3.9090	  0.00	 0.0000	  0.67	  0.93	 64.000	 1.00000000	 0.835	  0.000	  0.84	  0.00	  2.0008	 0.7356	 2.00109405		 0.3677	 25.69435550	 44.5524	 0.14888796	 46.95	  0.65	 
m60201c5r8.htb	 100.0	  0.03	 2.000	 10.00	 -10.00	 50.00	   1.0	 3.9090	  0.00	 0.0000	  0.63	  0.95	 64.000	 1.00000000	 0.753	  0.000	  0.75	  0.00	  1.4564	 0.8343	 1.45681897		 0.4827	 21.38607677	 38.9056	 0.02160553	 40.54	  0.92	 
m60203c1r6.htb	   0.0	  0.03	 2.000	 -2.00	 -12.00	 50.00	   0.0	 5.6385	  0.00	 0.0000	  0.71	  0.36	 64.000	 1.00000000	 0.773	  0.000	  0.77	  0.00	  2.9414	 0.5677	 2.94145793		 0.2298	 12.77501677	 38.8812	 0.00000000	 39.02	  5.19	 
m60203c1r6.htb	   0.0	  0.03	 2.000	 -2.00	 -12.00	 50.00	   1.0	 5.6385	  0.00	 0.0000	  0.74	  0.33	 64.000	 1.00000000	 0.858	  0.000	  0.86	  0.00	  3.0197	 0.5545	 3.01960410		 0.2210	 14.32975852	 34.1419	 0.00000000	 34.19	  4.78	 
m60203c2r9.htb	   0.0	  0.03	 2.000	 -5.00	 -10.00	 40.00	   0.0	 10.6136	  0.00	 0.0000	  0.76	  0.34	 64.000	 1.00000000	 0.835	  0.000	  0.83	  0.00	  1.0222	 0.9064	 1.02216684		 0.5998	 19.16110530	 70.8208	 0.01953296	 74.73	  7.80	 
m60203c2r9.htb	   0.0	  0.03	 2.000	 -5.00	 -10.00	 40.00	   1.0	 10.6136	  0.00	 0.0000	  0.69	  0.37	 64.000	 1.00000000	 0.780	  0.000	  0.78	  0.00	  1.4251	 0.8398	 1.42489639		 0.4904	 15.75468445	 41.4553	 2.49986270	 41.83	  8.47	 
m60203c3r6.htb	   0.0	  0.03	 2.000	  5.00	 -20.00	 40.00	   0.0	 9.0796	  0.00	 0.0022	  0.56	  0.58	 64.000	 1.00000000	 0.475	  0.000	  0.47	  0.00	  2.5342	 0.6385	 2.53421180		 0.2816	 9.01036232	 22.3783	 0.99740633	 22.38	  4.28	 
m60203c3r6.htb	   0.0	  0.03	 2.000	  5.00	 -20.00	 40.00	   1.0	 9.0796	  0.00	 0.0506	  0.53	  0.65	 64.000	 1.00000000	 0.419	  0.000	  0.42	  0.00	  0.2900	 0.9905	 0.28986453		 0.8651	 7.95771315	 24.8722	 0.00000000	 25.70	  5.40	 
m60207c1r6.htb	 120.0	  0.03	 4.000	 -8.00	 -12.00	 50.00	   0.0	 0.9950	  0.00	 0.0000	  0.59	  0.63	 64.000	 1.00000000	 0.608	  0.000	  0.61	  0.00	  1.2589	 0.8683	 1.25888928		 0.5329	 9.49357611	 100.0000	 0.00009920	 100.06	  0.49	 
m60207c1r6.htb	 120.0	  0.03	 4.000	 -8.00	 -12.00	 50.00	   1.0	 0.9950	  0.00	 0.0000	  0.65	  0.53	 64.000	 1.00000000	 0.615	  0.000	  0.61	  0.00	  2.2154	 0.6962	 2.21548275		 0.3303	 19.33317253	 84.4637	 8.80500994	 84.75	  0.77	 
m60207c2r6.htb	 300.0	  0.03	 4.000	  0.00	 -2.00	 50.00	   0.0	 4.9751	  0.00	 0.0000	  0.59	  0.44	 64.000	 1.00000000	 0.499	  0.000	  0.50	  0.00	  0.5663	 0.9667	 0.56631851		 0.7534	 10.79489810	 100.0000	 0.00000000	 106.30	  5.25	 
m60207c2r6.htb	 300.0	  0.03	 4.000	  0.00	 -2.00	 50.00	   1.0	 4.9751	  0.00	 0.0000	  0.62	  0.43	 64.000	 1.00000000	 0.619	  0.000	  0.62	  0.00	  0.1039	 0.9987	 0.10393494		 0.9494	 7.80782172	 39.8374	 0.00000000	 40.33	  4.32	 
m60207c3r6.htb	  50.0	  0.03	 4.000	 -5.00	 -5.00	 50.00	   0.0	 9.8010	  0.00	 0.0000	  0.61	  0.52	 64.000	 1.00000000	 0.527	  0.000	  0.53	  0.00	  0.7512	 0.9449	 0.75126271		 0.6869	 17.87761252	 100.0000	 0.00000000	 115.26	  9.29	 
m60207c3r6.htb	  50.0	  0.03	 4.000	 -5.00	 -5.00	 50.00	   1.0	 9.8010	  0.00	 0.0000	  0.63	  0.55	 64.000	 1.00000000	 0.630	  0.000	  0.63	  0.00	  1.0260	 0.9058	 1.02600497		 0.5987	 21.54457490	 100.0000	 0.00000000	 114.16	  8.95	 
m60207c4r5.htb	  30.0	  0.03	 2.000	 10.00	 10.00	 50.00	   0.0	 8.3582	  0.00	 0.0000	  0.52	  0.78	 64.000	 1.00000000	 0.359	  0.000	  0.36	  0.00	  0.8135	 0.9366	 0.81347856		 0.6658	 12.51434635	 41.5950	 0.43312865	 42.93	  7.67	 
m60207c4r5.htb	  30.0	  0.03	 2.000	 10.00	 10.00	 50.00	   1.0	 8.3582	  0.00	 0.0000	  0.49	  0.81	 64.000	 1.00000000	 0.359	  0.000	  0.36	  0.00	  0.3465	 0.9866	 0.34649258		 0.8409	 12.94465672	 42.2371	 0.75702746	 42.88	  8.26	 
m60301c1r6.htb	  30.0	  0.03	 2.000	  0.00	 -5.00	 40.00	   0.0	 3.5821	  0.00	 0.0000	  0.75	  0.40	 64.000	 1.00000000	 0.843	  0.000	  0.84	  0.00	  0.3525	 0.9862	 0.35233891		 0.8385	 16.17898484	 32.2241	 0.83397102	 36.73	  2.93	 
m60301c1r6.htb	  30.0	  0.03	 2.000	  0.00	 -5.00	 40.00	   1.0	 3.5821	  0.00	 0.0000	  0.70	  0.35	 64.000	 1.00000000	 0.799	  0.000	  0.80	  0.00	  0.9693	 0.9144	 0.96928384		 0.6159	 10.72628049	 22.7654	 0.00021410	 23.96	  3.65	 
m60301c2r7.htb	  30.0	  0.03	 2.000	 -5.00	 -10.00	 40.00	   0.0	 8.9552	  0.07	 0.0000	  0.56	  0.59	 64.000	 1.00000000	 0.612	  0.000	  0.61	  0.00	  0.3629	 0.9854	 0.19534957		 0.9069	 81.81845459	 65.2618	 124.37810945	 154.57	 11.14	 
m60301c2r7.htb	  30.0	  0.03	 2.000	 -5.00	 -10.00	 40.00	   1.0	 8.9552	  0.06	 0.0000	  0.69	  0.46	 64.000	 1.00000000	 0.754	  0.000	  0.75	  0.00	  1.0196	 0.9068	 0.92373145		 0.6301	 34.16686519	 37.1944	 24.37297096	 88.88	  9.91	 
m60301c3r6.htb	  30.0	  0.03	 4.000	 10.00	 -5.00	 40.00	   0.0	 5.6716	  0.00	 0.0000	  0.64	  0.97	 64.000	 1.00000000	 0.704	  0.000	  0.70	  0.00	  0.9206	 0.9216	 0.91785740		 0.6320	 28.40374125	 32.9105	 1.99077267	 36.53	  3.82	 
m60301c3r6.htb	  30.0	  0.03	 4.000	 10.00	 -5.00	 40.00	   1.0	 5.6716	  0.00	 0.0000	  0.61	  0.92	 64.000	 1.00000000	 0.656	  0.000	  0.66	  0.00	  1.3701	 0.8494	 1.36883333		 0.5044	 22.48857684	 26.2957	 1.24150388	 27.59	  4.37	 
m60301c4r6.htb	  30.0	  0.03	 4.000	 20.00	 -10.00	 50.00	   0.0	 7.3134	  0.00	 0.0000	  0.56	  0.38	 64.000	 1.00000000	 0.542	  0.000	  0.54	  0.00	  0.3197	 0.9885	 0.31981957		 0.8522	 9.38490633	 20.6476	 3.03661889	 20.69	  6.08	 
m60301c4r6.htb	  30.0	  0.03	 4.000	 20.00	 -10.00	 50.00	   1.0	 7.3134	  0.00	 0.0000	  0.57	  0.41	 64.000	 1.00000000	 0.513	  0.000	  0.51	  0.00	  1.1978	 0.8785	 1.19789883		 0.5494	 7.63624905	 25.0601	 1.14837289	 25.33	  6.76	 
m60302c1r7.htb	  30.0	  0.03	 2.000	  0.00	 -2.00	 50.00	   0.0	 2.7861	  0.00	 0.0000	  0.65	  0.43	 64.000	 1.00000000	 0.647	  0.000	  0.65	  0.00	  0.5600	 0.9674	 0.56001971		 0.7558	 9.92345160	 25.2758	 2.85127134	 25.35	  1.98	 
m60302c1r7.htb	  30.0	  0.03	 2.000	  0.00	 -2.00	 50.00	   1.0	 2.7861	  0.00	 0.0000	  0.66	  0.39	 64.000	 1.00000000	 0.625	  0.000	  0.62	  0.00	  0.6599	 0.9562	 0.66001211		 0.7189	 6.76068054	 16.6235	 0.47559658	 17.79	  2.09	 
m60302c2r7.htb	  30.0	  0.05	 4.000	  0.00	 -10.00	 40.00	   0.0	 1.7413	  0.34	 0.0000	  0.69	  0.76	 64.000	 1.00000000	 0.740	  0.000	  0.74	  0.00	  2.0118	 0.7336	 0.92291917		 0.6304	 98.32749763	 30.8442	 85.99620245	 41.23	 -0.31	 
m60302c2r7.htb	  30.0	  0.05	 4.000	  0.00	 -10.00	 40.00	   1.0	 1.7413	  0.35	 0.0000	  0.77	  0.61	 64.000	 1.00000000	 0.886	  0.000	  0.88	  0.00	  4.2454	 0.3738	 2.57434971		 0.2760	 102.36555382	 26.2602	 84.80269905	 36.13	 -2.40	 
m60302c3r6.htb	  30.0	  0.03	 4.000	 -5.00	 -5.00	 60.00	   0.0	 1.9900	  0.00	 0.0000	  0.53	  0.51	 64.000	 1.00000000	 0.318	  0.000	  0.32	  0.00	  1.1859	 0.8804	 1.18594262		 0.5527	 3.90331954	 100.0000	 0.00000000	 107.99	  1.30	 
m60302c3r6.htb	  30.0	  0.03	 4.000	 -5.00	 -5.00	 60.00	   1.0	 1.9900	  0.00	 0.0008	  0.51	  0.55	 64.000	 1.00000000	 0.219	  0.000	  0.22	  0.00	  1.0654	 0.8997	 1.06543168		 0.5870	 3.53637418	 100.0000	 0.00000000	 104.23	  1.44	 
m60302c4r6.htb	   0.0	  0.03	 2.000	 -5.00	  0.00	 50.00	   0.0	 8.2587	  0.10	 0.0000	  0.74	  0.38	 64.000	 1.00000000	 0.838	  0.000	  0.84	  0.00	  1.4888	 0.8286	 1.06827380		 0.5862	 86.62466039	 58.3739	 134.82587065	 157.76	  8.56	 
m60302c4r6.htb	   0.0	  0.03	 2.000	 -5.00	  0.00	 50.00	   1.0	 8.2587	  0.00	 0.0000	  0.71	  0.47	 64.000	 1.00000000	 0.772	  0.000	  0.77	  0.00	  0.3700	 0.9849	 0.37010720		 0.8311	 19.24234428	 20.2661	 1.47287691	 20.27	  7.56	 
m60404c3r6.htb	   0.0	  0.03	 1.000	 10.00	 10.00	 40.00	   0.0	 2.4876	  0.00	 0.0000	  0.58	  0.60	 64.000	 1.00000000	 0.553	  0.000	  0.55	  0.00	  0.2352	 0.9936	 0.23514413		 0.8891	 8.00632147	 26.6914	 0.57196951	 26.71	  1.51	 
m60404c3r6.htb	   0.0	  0.03	 1.000	 10.00	 10.00	 40.00	   1.0	 2.4876	  0.00	 0.0000	  0.60	  0.53	 64.000	 1.00000000	 0.603	  0.000	  0.60	  0.00	  0.4011	 0.9824	 0.40089531		 0.8184	 7.83227837	 20.9177	 0.93737242	 21.71	  1.33	 
m60404c4r6.htb	   0.0	  0.03	 1.000	 10.00	  5.00	 40.00	   0.0	 3.1509	  0.00	 0.0009	  0.68	  0.42	 64.000	 1.00000000	 0.751	  0.000	  0.75	  0.00	  0.8733	 0.9284	 0.87331885		 0.6462	 10.61734503	 28.6025	 0.12709626	 28.67	  4.19	 
m60404c4r6.htb	   0.0	  0.03	 1.000	 10.00	  5.00	 40.00	   1.0	 3.1509	  0.00	 0.0000	  0.80	  0.29	 64.000	 1.00000000	 0.849	  0.000	  0.85	  0.00	 100.1328	 0.0000	 100.11435615		 0.0000	 12.87587371	 15.7446	 1.90859605	 16.89	  2.74	 
m60404c5r6.htb	   0.0	  0.03	 2.000	  0.00	  0.00	 40.00	   0.0	 5.4104	  0.00	 0.0000	  0.60	  0.51	 64.000	 1.00000000	 0.723	  0.000	  0.72	  0.00	  0.0833	 0.9992	 0.08328224		 0.9592	 9.37433656	 35.7931	 0.00000000	 38.65	  3.90	 
m60404c5r6.htb	   0.0	  0.03	 2.000	  0.00	  0.00	 40.00	   1.0	 5.4104	  0.00	 0.0000	  0.67	  0.38	 64.000	 1.00000000	 0.676	  0.000	  0.68	  0.00	  2.8030	 0.5913	 2.80196795		 0.2464	 8.10650742	 24.5625	 0.00289663	 26.61	  4.45	 
m60405c2r6.htb	 270.0	  0.03	 2.000	 -10.00	 -15.00	 40.00	   0.0	 6.0199	  0.00	 0.0000	  0.68	  0.57	 64.000	 1.00000000	 0.780	  0.000	  0.78	  0.00	  1.2322	 0.8728	 1.23069952		 0.5405	 15.57242571	 36.4493	 0.09150890	 40.73	  3.01	 
m60405c2r6.htb	 270.0	  0.03	 2.000	 -10.00	 -15.00	 40.00	   1.0	 6.0199	  0.05	 0.0000	  0.71	  0.45	 64.000	 1.00000000	 0.810	  0.000	  0.81	  0.00	  1.1810	 0.8812	 1.01182310		 0.6030	 65.09322963	 62.6905	 93.03482587	 157.80	  3.59	 
m60405c3r6.htb	 270.0	  0.03	 2.000	 -5.00	 -15.00	 40.00	   0.0	 3.6318	  0.00	 0.0000	  0.73	  0.40	 64.000	 1.00000000	 0.827	  0.000	  0.83	  0.00	  2.8614	 0.5813	 2.86144852		 0.2391	 14.30348567	 28.5567	 2.01927361	 28.70	  2.38	 
m60405c3r6.htb	 270.0	  0.03	 2.000	 -5.00	 -15.00	 40.00	   1.0	 3.6318	  0.00	 0.0000	  0.70	  0.48	 64.000	 1.00000000	 0.810	  0.000	  0.81	  0.00	  1.7256	 0.7861	 1.72551077		 0.4220	 14.73150651	 23.7675	 0.42078922	 24.89	  2.01	 
m60414c1r6.htb	 250.0	  0.05	 2.000	 -8.00	 -8.00	 50.00	   0.0	 0.4422	  0.00	 0.0000	  0.68	  0.66	 64.000	 1.00000000	 0.688	  0.000	  0.69	  0.00	  0.6199	 0.9608	 0.61990981		 0.7335	 16.61344667	 79.7254	 0.56257443	 128.70	  0.22	 
m60414c1r6.htb	 250.0	  0.05	 2.000	 -8.00	 -8.00	 50.00	   1.0	 0.4422	  0.00	 0.0000	  0.71	  0.60	 64.000	 1.00000000	 0.759	  0.000	  0.76	  0.00	  0.9770	 0.9133	 0.97704236		 0.6135	 15.27833414	 57.3106	 0.27537825	 60.97	  0.12	 
m60414c3r6.htb	 270.0	  0.05	 2.000	 -10.00	  0.00	 50.00	   0.0	 12.4378	  0.11	 0.0000	  0.73	  0.39	 64.000	 1.00000000	 0.790	  0.000	  0.79	  0.00	  6.4644	 0.1670	 2.80645287		 0.2458	 100.60689241	 61.1462	 150.24875622	 144.46	 11.44	 
m60414c3r6.htb	 270.0	  0.05	 2.000	 -10.00	  0.00	 50.00	   1.0	 12.4378	  0.15	 0.0000	  0.77	  0.32	 64.000	 1.00000000	 0.836	  0.000	  0.84	  0.00	  8.2162	 0.0840	 6.02572513		 0.0492	 93.00633094	 55.8371	 153.73134328	 155.55	 11.25	 
m60419c1r6.htb	 360.0	  0.03	 2.000	 10.00	  5.00	 50.00	   0.0	 5.4726	  0.00	 0.0000	  0.55	  0.54	 64.000	 1.00000000	 0.402	  0.000	  0.40	  0.00	  0.9089	 0.9233	 0.90864516		 0.6349	 9.48011287	 42.4985	 2.05228666	 44.87	  5.22	 
m60419c1r6.htb	 360.0	  0.03	 2.000	 10.00	  5.00	 50.00	   1.0	 5.4726	  0.00	 0.0000	  0.54	  0.53	 64.000	 1.00000000	 0.456	  0.000	  0.46	  0.00	  0.1841	 0.9960	 0.18415192		 0.9120	 8.86266519	 42.4405	 0.39829031	 45.87	  5.84	 
m60419c2r6.htb	  25.0	  0.03	 2.000	 10.00	 -10.00	 40.00	   0.0	 10.1493	  0.00	 0.0001	  0.50	  0.59	 64.000	 1.00000000	 0.332	  0.000	  0.33	  0.00	  0.2064	 0.9950	 0.20636442		 0.9020	 8.77079581	 17.7949	 1.62084886	 17.80	  7.06	 
m60419c2r6.htb	  25.0	  0.03	 2.000	 10.00	 -10.00	 40.00	   1.0	 10.1493	  0.00	 0.0002	  0.46	  0.48	 64.000	 1.00000000	 0.333	  0.000	  0.33	  0.00	  0.0210	 0.9999	 0.02071668		 0.9897	 8.53872534	 27.3381	 2.44932981	 29.02	  8.75	 
m60420c2r5.htb	   0.0	  0.03	 2.000	  5.00	  0.00	 40.00	   0.0	 23.3831	  0.06	 0.0008	  0.67	  0.42	 64.000	 1.00000000	 0.772	  0.000	  0.77	  0.00	  8.0392	 0.0902	 7.64055767		 0.0219	 29.29071193	 17.2450	 11.54504538	 32.38	 15.44	 
m60420c2r5.htb	   0.0	  0.03	 2.000	  5.00	  0.00	 40.00	   1.0	 23.3831	  0.08	 0.0086	  0.62	  0.59	 64.000	 1.00000000	 0.696	  0.000	  0.70	  0.00	  1.5422	 0.6726	 1.15316961		    NaN	 147.89877201	 21.0118	 131.25212032	 23.01	 15.04	 
m60424c1r6.htb	   0.0	  0.03	 2.000	 -10.00	 -10.00	 40.00	   0.0	 0.1244	  0.00	 0.0000	  0.82	  0.49	 64.000	 1.00000000	 0.875	  0.000	  0.87	  0.00	 48.2469	 0.0000	 48.24792756		    NaN	 28.41105123	 64.3908	 0.00007188	 68.63	 -2.01	 
m60424c1r6.htb	   0.0	  0.03	 2.000	 -10.00	 -10.00	 40.00	   1.0	 0.1244	  0.00	 0.0000	  0.88	  0.31	 64.000	 1.00000000	 0.870	  0.000	  0.87	  0.00	 144.9283	 0.0000	 144.91480746		    NaN	 30.75681751	 63.2801	 2.46307900	 66.82	 -2.00	 
m60424c2r6.htb	  90.0	  0.03	 2.000	  8.00	 -8.00	 40.00	   0.0	 0.6841	  0.00	 0.0000	  0.83	  0.48	 64.000	 1.00000000	 0.952	  0.000	  0.95	  0.00	  0.7002	 0.9513	 0.70124641		 0.7042	 29.44450447	 30.7141	 2.21528799	 33.72	 -1.88	 
m60424c2r6.htb	  90.0	  0.03	 2.000	  8.00	 -8.00	 40.00	   1.0	 0.6841	  0.09	 0.0000	  0.85	  0.44	 64.000	 1.00000000	 0.965	  0.000	  0.96	  0.00	  1.1213	 0.8909	 0.43020488		 0.8065	 105.51046655	 54.9322	 138.05970149	 142.75	 -2.07	 
m60515c4r6.htb	   0.0	  0.03	 2.000	 -10.00	 10.00	 40.00	   0.0	 0.9950	  0.00	 0.0000	  0.63	  0.42	 64.000	 1.00000000	 0.674	  0.000	  0.67	  0.00	  0.2652	 0.9919	 0.26522168		 0.8758	 5.79906611	 26.5870	 0.05321428	 27.63	  0.86	 
m60515c4r6.htb	   0.0	  0.03	 2.000	 -10.00	 10.00	 40.00	   1.0	 0.9950	  0.00	 0.0000	  0.66	  0.44	 64.000	 1.00000000	 0.549	  0.000	  0.55	  0.00	  2.3808	 0.6661	 2.38114830		 0.3040	 5.32967822	 23.1832	 0.26240877	 25.28	  1.04	 
m60517c1r6.htb	   0.0	  0.03	 2.000	  0.00	  0.00	 40.00	   0.0	 2.1891	  0.16	 0.0000	  0.71	  0.34	 64.000	 1.00000000	 0.706	  0.000	  0.71	  0.00	  1.6700	 0.7962	 1.04697650		 0.5925	 30.67409563	 57.1400	 44.52736318	 136.27	  1.47	 
m60517c1r6.htb	   0.0	  0.03	 2.000	  0.00	  0.00	 40.00	   1.0	 2.1891	  0.00	 0.0000	  0.66	  0.37	 64.000	 1.00000000	 0.661	  0.000	  0.66	  0.00	  1.7133	 0.7883	 1.71344331		 0.4246	 6.17645129	 20.4498	 1.11456413	 20.85	  1.23	 
m60517c2r6.htb	   0.0	  0.03	 2.000	 -10.00	 -10.00	 40.00	   0.0	 1.5920	  0.00	 0.0000	  0.61	  0.45	 64.000	 1.00000000	 0.596	  0.000	  0.60	  0.00	  0.5100	 0.9725	 0.50995460		 0.7749	 10.72634537	 51.6123	 4.16472986	 51.93	  1.20	 
m60517c2r6.htb	   0.0	  0.03	 2.000	 -10.00	 -10.00	 40.00	   1.0	 1.5920	  0.00	 0.0000	  0.68	  0.41	 64.000	 1.00000000	 0.634	  0.000	  0.63	  0.00	  1.4443	 0.8365	 1.44430695		 0.4857	 8.46778732	 24.8273	 2.73113491	 24.83	  0.80	 
m60517c3r6.htb	   0.0	  0.03	 2.000	 10.00	 -10.00	 30.00	   0.0	 3.3831	  0.05	 0.0000	  0.70	  0.50	 64.000	 1.00000000	 0.803	  0.000	  0.80	  0.00	  1.2730	 0.8659	 1.21442636		 0.5449	 97.01492537	 22.8887	 80.32158094	 24.97	  2.26	 
m60517c3r6.htb	   0.0	  0.03	 2.000	 10.00	 -10.00	 30.00	   1.0	 3.3831	  0.19	 0.0000	  0.70	  0.52	 64.000	 1.00000000	 0.760	  0.000	  0.76	  0.00	  1.2183	 0.8751	 0.82171779		 0.6631	 26.32151911	 16.3682	 12.97225977	 39.59	  2.13	 
m60517c4r6.htb	   0.0	  0.03	 2.000	  5.00	 -8.00	 30.00	   0.0	 5.1244	  0.12	 0.0000	  0.74	  0.56	 64.000	 1.00000000	 0.874	  0.000	  0.87	  0.00	  2.3361	 0.6742	 1.96432368		 0.3745	 56.94744770	 39.2019	 53.69795378	 109.35	  2.59	 
m60517c4r6.htb	   0.0	  0.03	 2.000	  5.00	 -8.00	 30.00	   1.0	 5.1244	  0.16	 0.0000	  0.72	  0.59	 64.000	 1.00000000	 0.852	  0.000	  0.85	  0.00	  1.8312	 0.7668	 1.09030035		 0.5798	 52.96029702	 38.3596	 61.98168570	 132.52	  3.33	 
m60517c5r6.htb	   0.0	  0.03	 2.000	 10.00	 -10.00	 40.00	   0.0	 7.4005	  0.11	 0.0000	  0.66	  0.84	 64.000	 1.00000000	 0.741	  0.000	  0.74	  0.00	  0.3407	 0.9870	 0.02689552		 0.9866	 112.69409336	 55.4858	 162.93532338	 148.08	  5.43	 
m60517c5r6.htb	   0.0	  0.03	 2.000	 10.00	 -10.00	 40.00	   1.0	 7.4005	  0.07	 0.0000	  0.60	  0.96	 64.000	 1.00000000	 0.668	  0.000	  0.67	  0.00	  0.3437	 0.9868	 0.29805215		 0.8615	 51.13025221	 33.7982	 30.51479077	 57.98	  5.40	 
m60517c6r6.htb	   0.0	  0.03	 2.000	  8.00	 10.00	 40.00	   0.0	 6.9154	  0.07	 0.0000	  0.71	  0.57	 64.000	 1.00000000	 0.793	  0.000	  0.79	  0.00	  1.0789	 0.8976	 0.96582680		 0.6170	 37.81072473	 29.1935	 19.40349545	 53.07	  5.01	 
m60517c6r6.htb	   0.0	  0.03	 2.000	  8.00	 10.00	 40.00	   1.0	 6.9154	  0.04	 0.0000	  0.66	  0.59	 64.000	 1.00000000	 0.777	  0.000	  0.78	  0.00	  0.3565	 0.9859	 0.32331597		 0.8507	 34.29900290	 28.3307	 15.16826816	 46.91	  6.51	 
m60518c2r6.htb	   0.0	  0.03	 2.000	 -8.00	 -5.00	 40.00	   0.0	 2.8856	  0.12	 0.0000	  0.74	  0.73	 64.000	 1.00000000	 0.850	  0.000	  0.85	  0.00	  8.7999	 0.0663	 6.12777783		 0.0467	 94.21673619	 54.8723	 121.39303483	 130.63	 -0.29	 
m60518c2r6.htb	   0.0	  0.03	 2.000	 -8.00	 -5.00	 40.00	   1.0	 2.8856	  0.08	 0.0000	  0.67	  0.84	 64.000	 1.00000000	 0.830	  0.000	  0.83	  0.00	  9.3635	 0.0526	 4.17688308		 0.1239	 93.01825820	 58.2724	 122.13930348	 138.01	  0.99	 
m60519c3r6.htb	   0.0	  0.03	 2.000	 -5.00	 -5.00	 30.00	   0.0	 4.4065	  0.00	 0.0000	  0.79	  0.46	 64.000	 1.00000000	 0.929	  0.000	  0.93	  0.00	  1.4703	 0.8319	 1.47187180		 0.4791	 29.50390886	 22.2417	 1.25088167	 25.63	  2.11	 
m60519c3r6.htb	   0.0	  0.03	 2.000	 -5.00	 -5.00	 30.00	   1.0	 4.4065	  0.06	 0.0000	  0.81	  0.47	 64.000	 1.00000000	 0.944	  0.000	  0.94	  0.00	 11.6185	 0.0204	 10.67028658		 0.0048	 111.58993786	 27.2999	 84.03327938	 31.58	  1.58	 
m60523c1r6.htb	   0.0	  0.03	 2.000	  0.00	  0.00	 40.00	   0.0	 7.1642	  0.00	 0.0000	  0.57	  0.89	 64.000	 1.00000000	 0.617	  0.000	  0.62	  0.00	  0.8690	 0.9290	 0.86887815		 0.6476	 15.16972475	 36.4779	 0.85361404	 37.62	  3.13	 
m60523c1r6.htb	   0.0	  0.03	 2.000	  0.00	  0.00	 40.00	   1.0	 7.1642	  0.00	 0.0000	  0.58	  0.84	 64.000	 1.00000000	 0.616	  0.000	  0.62	  0.00	  1.0705	 0.8989	 1.02836388		 0.5980	 65.91712963	 77.7073	 90.04975124	 177.71	  3.61	 
m60523c2r6.htb	   0.0	  0.03	 2.000	  0.00	 -10.00	 40.00	   0.0	 8.5075	  0.06	 0.0000	  0.54	  1.07	 64.000	 1.00000000	 0.507	  0.000	  0.51	  0.00	  0.1036	 0.9987	 0.08613685		 0.9578	 30.18935692	 16.4961	 9.65889698	 32.94	  5.01	 
m60523c2r6.htb	   0.0	  0.03	 2.000	  0.00	 -10.00	 40.00	   1.0	 8.5075	  0.11	 0.0000	  0.62	  0.96	 64.000	 1.00000000	 0.659	  0.000	  0.66	  0.00	  0.3816	 0.9840	 0.19857576		 0.9055	 30.13814768	 13.9835	 12.01367446	 113.98	  4.86	 
m60523c3r6.htb	  60.0	  0.03	 2.000	  0.00	 -10.00	 40.00	   0.0	 3.5821	  0.00	 0.0000	  0.52	  0.39	 64.000	 1.00000000	 0.417	  0.000	  0.42	  0.00	  0.2818	 0.9910	 0.28097948		 0.8689	 4.11671658	 14.6672	 0.45356262	 15.99	  2.67	 
m60523c3r6.htb	  60.0	  0.03	 2.000	  0.00	 -10.00	 40.00	   1.0	 3.5821	  0.00	 0.0000	  0.52	  0.43	 64.000	 1.00000000	 0.414	  0.000	  0.41	  0.00	  0.9165	 0.9222	 0.91666487		 0.6323	 6.66107511	 17.8235	 2.70882207	 17.89	  2.74	 
m60523c4r6.htb	   0.0	  0.03	 2.000	 -10.00	 -10.00	 40.00	   0.0	 8.1592	  0.19	 0.0000	  0.66	  0.50	 64.000	 1.00000000	 0.719	  0.000	  0.72	  0.00	  2.0836	 0.7204	 0.62551895		 0.7314	 76.87253817	 53.8537	 111.19402985	 128.79	  6.28	 
m60523c4r6.htb	   0.0	  0.03	 2.000	 -10.00	 -10.00	 40.00	   1.0	 8.1592	  0.19	 0.0000	  0.63	  0.57	 64.000	 1.00000000	 0.667	  0.000	  0.67	  0.00	  0.9260	 0.9208	 0.15297276		 0.9264	 38.05710622	 37.1109	 51.04334586	 133.14	  7.80	 
m60524c1r6.htb	   0.0	  0.03	 2.000	 -5.00	 -7.00	 30.00	   0.0	 1.9900	  0.15	 0.0000	  0.56	  0.71	 64.000	 1.00000000	 0.560	  0.000	  0.56	  0.00	  0.4583	 0.9774	 0.32975929		 0.8480	 16.74302953	 33.6594	 12.66670569	 76.43	  0.80	 
m60524c1r6.htb	   0.0	  0.03	 2.000	 -5.00	 -7.00	 30.00	   1.0	 1.9900	  0.00	 0.0000	  0.54	  0.78	 64.000	 1.00000000	 0.358	  0.000	  0.36	  0.00	  2.0964	 0.7180	 2.09617983		 0.3506	 8.25525314	 19.3222	 1.71957249	 19.73	  1.22	 
m60524c2r6.htb	 240.0	  0.03	 2.000	 -10.00	  0.00	 30.00	   0.0	 3.2836	  0.05	 0.0000	  0.72	  0.67	 64.000	 1.00000000	 0.871	  0.000	  0.87	  0.00	  1.4892	 0.8286	 0.69923441		 0.7050	 79.65013220	 60.7075	 102.48756219	 143.53	  0.33	 
m60524c2r6.htb	 240.0	  0.03	 2.000	 -10.00	  0.00	 30.00	   1.0	 3.2836	  0.09	 0.0000	  0.77	  0.49	 64.000	 1.00000000	 0.903	  0.000	  0.90	  0.00	  1.1381	 0.8882	 0.42179336		 0.8099	 84.12227674	 56.2031	 108.70646766	 133.76	  0.97	 
m60524c3r6.htb	 240.0	  0.03	 2.000	  0.00	  7.00	 30.00	   0.0	 7.3134	  0.00	 0.0036	  0.52	  0.73	 64.000	 1.00000000	 0.154	  0.001	  0.15	  0.00	  1.4343	 0.8382	 1.43423701		 0.4882	 9.28534144	 100.0000	 0.00000000	 116.18	  8.34	 
m60524c3r6.htb	 240.0	  0.03	 2.000	  0.00	  7.00	 30.00	   1.0	 7.3134	  0.00	 0.0000	  0.55	  0.75	 64.000	 1.00000000	 0.308	  0.000	  0.31	  0.00	  1.0014	 0.9096	 1.00139744		 0.6061	 15.92111550	 100.0000	 0.00000000	 101.32	  7.13	 
m60524c4r6.htb	  90.0	  0.03	 2.000	 -5.00	 -5.00	 40.00	   0.0	 6.0697	  0.00	 0.0000	  0.60	  0.53	 64.000	 1.00000000	 0.608	  0.000	  0.61	  0.00	  0.5318	 0.9703	 0.53176959		 0.7665	 13.23400847	 20.5377	 3.21214622	 20.59	  4.68	 
m60524c4r6.htb	  90.0	  0.03	 2.000	 -5.00	 -5.00	 40.00	   1.0	 6.0697	  0.00	 0.0000	  0.62	  0.54	 64.000	 1.00000000	 0.621	  0.000	  0.62	  0.00	  0.1405	 0.9976	 0.14013939		 0.9323	 13.05321148	 13.1059	 2.28154804	 14.94	  3.52	 
m60524c5r6.htb	   0.0	  0.03	 2.000	 -10.00	 -5.00	 40.00	   0.0	 4.8756	  0.26	 0.0000	  0.68	  0.64	 64.000	 1.00000000	 0.693	  0.000	  0.69	  0.00	  2.6522	 0.6176	 0.91942392		 0.6315	 122.38805970	 15.8721	 107.61421054	 19.03	  3.23	 
m60524c5r6.htb	   0.0	  0.03	 2.000	 -10.00	 -5.00	 40.00	   1.0	 4.8756	  0.25	 0.0000	  0.68	  0.64	 64.000	 1.00000000	 0.698	  0.000	  0.70	  0.00	  2.5732	 0.6316	 0.66536712		 0.7170	 132.08955224	 13.8375	 115.46907142	 16.52	  2.60	 
m60525c1r6.htb	   0.0	  0.03	 2.000	 10.00	 -10.00	 30.00	   0.0	 0.7463	  0.12	 0.0000	  0.72	  0.70	 64.000	 1.00000000	 0.867	  0.000	  0.87	  0.00	  1.5206	 0.8230	 1.20788212		 0.5467	 79.59024750	 52.6817	 83.58208955	 95.35	 -1.20	 
m60525c1r6.htb	   0.0	  0.03	 2.000	 10.00	 -10.00	 30.00	   1.0	 0.7463	  0.21	 0.0000	  0.75	  0.60	 64.000	 1.00000000	 0.875	  0.000	  0.87	  0.00	  2.2629	 0.6875	 1.21762152		 0.5440	 66.85540177	 48.8865	 83.83084577	 117.43	 -1.27	 
m60525c2r6.htb	   0.0	  0.03	 2.000	  5.00	  0.00	 40.00	   0.0	 14.1294	  0.08	 0.0000	  0.73	  0.62	 64.000	 1.00000000	 0.858	  0.000	  0.86	  0.00	  0.9302	 0.9202	 0.74640200		 0.6885	 43.33735042	 28.9774	 20.95993765	 72.22	  3.61	 
m60525c2r6.htb	   0.0	  0.03	 2.000	  5.00	  0.00	 40.00	   1.0	 14.1294	  0.22	 0.0000	  0.72	  0.64	 64.000	 1.00000000	 0.866	  0.000	  0.87	  0.00	  2.9167	 0.5719	 0.50324757		 0.7775	 70.15833593	 38.5652	 92.54498709	 133.05	  3.65	 
m60525c3r6.htb	   0.0	  0.03	 2.000	 10.00	 -10.00	 40.00	   0.0	 3.4826	  0.00	 0.0000	  0.68	  0.42	 64.000	 1.00000000	 0.658	  0.000	  0.66	  0.00	  1.0990	 0.8944	 1.09903884		 0.5772	 12.75631474	 32.0119	 3.90283641	 32.04	  1.78	 
m60525c3r6.htb	   0.0	  0.03	 2.000	 10.00	 -10.00	 40.00	   1.0	 3.4826	  0.00	 0.0000	  0.65	  0.40	 64.000	 1.00000000	 0.703	  0.000	  0.70	  0.00	  0.5348	 0.9700	 0.53489552		 0.7653	 9.60599920	 30.2357	 1.03982344	 30.51	  2.90	 
m60525c4r6.htb	   0.0	  0.03	 2.000	 10.00	 -10.00	 40.00	   0.0	 5.2736	  0.20	 0.0000	  0.71	  0.55	 64.000	 1.00000000	 0.807	  0.000	  0.81	  0.00	  1.5212	 0.8229	 0.45709407		 0.7957	 109.45273632	 24.9471	 93.71028160	 29.68	  2.22	 
m60525c4r6.htb	   0.0	  0.03	 2.000	 10.00	 -10.00	 40.00	   1.0	 5.2736	  0.22	 0.0000	  0.73	  0.50	 64.000	 1.00000000	 0.844	  0.000	  0.84	  0.00	  3.2152	 0.5225	 1.22321908		 0.5425	 114.42786070	 23.9311	 98.44601437	 28.53	  2.29	 
m60531c1r6.htb	   0.0	  0.03	 2.000	 -10.00	  0.00	 50.00	   0.0	 8.3582	  0.00	 0.0004	  0.47	  0.79	 64.000	 1.00000000	 0.244	  0.000	  0.24	  0.00	  0.9413	 0.9186	 0.94129943		 0.6246	 13.37080069	 100.0000	 2.61544494	 100.00	  5.99	 
m60531c1r6.htb	   0.0	  0.03	 2.000	 -10.00	  0.00	 50.00	   1.0	 8.3582	  0.00	 0.0002	  0.46	  0.87	 64.000	 1.00000000	 0.260	  0.000	  0.26	  0.00	  0.7919	 0.9395	 0.79192682		 0.6730	 13.70203904	 100.0000	 3.71824999	 100.00	  5.36	 
m60531c2r6.htb	 270.0	  0.03	 2.000	 -5.00	 -5.00	 50.00	   0.0	 6.3184	  0.00	 0.0000	  0.62	  0.42	 64.000	 1.00000000	 0.676	  0.000	  0.68	  0.00	  0.1580	 0.9970	 0.15722720		 0.9244	 10.93317669	 34.9688	 1.47176234	 40.05	  5.47	 
m60531c2r6.htb	 270.0	  0.03	 2.000	 -5.00	 -5.00	 50.00	   1.0	 6.3184	  0.00	 0.0000	  0.70	  0.40	 64.000	 1.00000000	 0.783	  0.000	  0.78	  0.00	  0.0278	 0.9999	 0.02782268		 0.9862	 13.35839375	 49.2713	 0.28396871	 53.34	  5.06	 
m60601c1r6.htb	   0.0	  0.03	 2.000	  0.00	  7.00	 40.00	   0.0	 0.6468	  0.02	 0.0000	  0.67	  0.58	 64.000	 1.00000000	 0.731	  0.000	  0.73	  0.00	  1.7788	 0.7764	 1.65180367		 0.4378	 28.77803003	 65.6462	 35.32338308	 148.09	 -0.71	 
m60601c1r6.htb	   0.0	  0.03	 2.000	  0.00	  7.00	 40.00	   1.0	 0.6468	 -12.15	 0.0000	  0.72	  0.60	 64.000	 1.00000000	 0.000	    NaN	  0.83	  0.00	 120.2859	 0.0000	 120.28588105		 0.0000	 0.00000000	 37.9182	 24.01550319	 41.15	 -1.21	 
m60601c2r6.htb	  90.0	  0.03	 2.000	 -10.00	 -15.00	 40.00	   0.0	 1.3433	  0.00	 0.0000	  0.62	  0.61	 64.000	 1.00000000	 0.746	  0.000	  0.75	  0.00	  0.8235	 0.9353	 0.82365394		 0.6624	 18.71174627	 69.2815	 8.61885019	 69.48	  0.67	 
m60601c2r6.htb	  90.0	  0.03	 2.000	 -10.00	 -15.00	 40.00	   1.0	 1.3433	  0.24	 0.0000	  0.69	  0.48	 64.000	 1.00000000	 0.707	  0.000	  0.71	  0.00	  1.3115	 0.8594	 0.94201557		 0.6244	 25.15206454	 48.0725	 36.81592040	 136.54	  0.33	 
m60601c3r6.htb	  90.0	  0.03	 2.000	  0.00	 -10.00	 40.00	   0.0	 2.2388	  0.00	 0.0000	  0.66	  0.46	 64.000	 1.00000000	 0.619	  0.000	  0.62	  0.00	  2.9405	 0.5678	 2.94089458		 0.2298	 8.85978893	 17.0416	 1.94204423	 17.13	  0.65	 
m60601c3r6.htb	  90.0	  0.03	 2.000	  0.00	 -10.00	 40.00	   1.0	 2.2388	  0.40	 0.0000	  0.77	  0.37	 64.000	 1.00000000	 0.875	  0.000	  0.87	  0.00	 10.9037	 0.0277	 0.32639366		 0.8494	 31.00173664	 34.4640	 42.63191831	 120.57	  0.53	 
m60601c4r6.htb	  90.0	  0.03	 2.000	  0.00	  0.00	 40.00	   0.0	 4.8922	  0.36	 0.0000	  0.68	  0.69	 64.000	 1.00000000	 0.735	  0.000	  0.73	  0.00	 15.5383	 0.0037	 9.48519971		 0.0087	 74.28845724	 47.3704	 106.13598673	 115.56	  2.82	 
m60601c4r6.htb	  90.0	  0.03	 2.000	  0.00	  0.00	 40.00	   1.0	 4.8922	  0.00	 0.0000	  0.72	  0.60	 64.000	 1.00000000	 0.637	  0.000	  0.64	  0.00	  9.8940	 0.0423	 9.89635764		 0.0071	 23.30026686	 18.4852	 7.93641232	 18.52	  1.12	 
m60601c5r6.htb	  90.0	  0.03	 2.000	  0.00	 -8.00	 40.00	   0.0	 9.6517	  0.08	 0.0000	  0.66	  0.59	 64.000	 1.00000000	 0.753	  0.000	  0.75	  0.00	  0.5645	 0.9669	 0.23506727		 0.8891	 29.96106976	 30.6363	 17.06843633	 70.58	  6.28	 
m60601c5r6.htb	  90.0	  0.03	 2.000	  0.00	 -8.00	 40.00	   1.0	 9.6517	  0.13	 0.0000	  0.63	  0.76	 64.000	 1.00000000	 0.738	  0.000	  0.74	  0.00	  0.8050	 0.9378	 0.11616168		 0.9436	 33.01477384	 25.9250	 18.33822971	 69.30	  4.70	 
m60602c1r6.htb	   0.0	  0.03	 2.000	  0.00	 -7.00	 40.00	   0.0	 6.9030	  0.00	 0.0000	  0.61	  0.72	 64.000	 1.00000000	 0.691	  0.000	  0.69	  0.00	  0.0993	 0.9988	 0.09855126		 0.9519	 22.58674981	 22.8558	 3.44305421	 25.43	  6.53	 
m60602c1r6.htb	   0.0	  0.03	 2.000	  0.00	 -7.00	 40.00	   1.0	 6.9030	  0.06	 0.0000	  0.59	  0.89	 64.000	 1.00000000	 0.722	  0.000	  0.72	  0.00	  0.4345	 0.9796	 0.38465987		 0.8250	 36.02907614	 35.7207	 25.84784359	 103.78	  6.01	 
m60602c2r6.htb	   0.0	  0.03	 2.000	 -8.00	 -8.00	 30.00	   0.0	 7.2495	  0.16	 0.0000	  0.60	  0.95	 64.000	 1.00000000	 0.648	  0.000	  0.65	  0.00	  0.6723	 0.9547	 0.43318244		 0.8053	 55.87941067	 40.8786	 73.45967825	 140.80	  5.39	 
m60602c2r6.htb	   0.0	  0.03	 2.000	 -8.00	 -8.00	 30.00	   1.0	 7.2495	  0.00	 0.0000	  0.73	  0.50	 64.000	 1.00000000	 0.807	  0.000	  0.81	  0.00	  2.3257	 0.6761	 2.32618826		 0.3125	 26.00689729	 27.8412	 2.24824314	 28.88	  6.40	 
m60602c3r6.htb	   0.0	  0.03	 2.000	  0.00	  5.00	 30.00	   0.0	 6.8159	  0.26	 0.0000	  0.56	  0.60	 64.000	 1.00000000	 0.483	  0.000	  0.48	  0.00	  1.0718	 0.8987	 0.79521779		 0.6719	 15.00974136	 15.5286	 13.50455541	 115.53	  4.23	 
m60602c3r6.htb	   0.0	  0.03	 2.000	  0.00	  5.00	 30.00	   1.0	 6.8159	  0.08	 0.0000	  0.64	  0.60	 64.000	 1.00000000	 0.691	  0.000	  0.69	  0.00	  0.1937	 0.9956	 0.09065590		 0.9557	 87.81094527	 17.3355	 74.35885836	 19.12	  2.46	 
m60602c4r6.htb	   0.0	  0.03	 2.000	  0.00	 -10.00	 40.00	   0.0	 3.2338	  0.56	 0.0000	  0.67	  0.50	 64.000	 1.00000000	 0.604	  0.000	  0.60	  0.00	  4.3894	 0.3559	 1.61706193		 0.4455	 57.96019900	 18.8731	 53.61866633	 25.22	  0.75	 
m60602c4r6.htb	   0.0	  0.03	 2.000	  0.00	 -10.00	 40.00	   1.0	 3.2338	  0.39	 0.0000	  0.62	  0.58	 64.000	 1.00000000	 0.578	  0.000	  0.58	  0.00	  1.7597	 0.7798	 0.40381357		 0.8172	 37.61478802	 14.7114	 31.35508462	 21.50	  0.84	 
m60602c5r6.htb	   0.0	  0.03	 2.000	 -5.00	 -5.00	 30.00	   0.0	 7.2637	  0.00	 0.0000	  0.59	  0.61	 64.000	 1.00000000	 0.551	  0.000	  0.55	  0.00	  0.9979	 0.9101	 0.99798319		 0.6071	 11.96422807	 50.2127	 0.10863948	 54.21	  5.22	 
m60602c5r6.htb	   0.0	  0.03	 2.000	 -5.00	 -5.00	 30.00	   1.0	 7.2637	  0.00	 0.0000	  0.59	  0.83	 64.000	 1.00000000	 0.600	  0.000	  0.60	  0.00	  0.6023	 0.9628	 0.60225910		 0.7400	 21.89992050	 100.0000	 0.00000000	 102.09	  3.71	 
m60605c1r6.htb	   0.0	  0.03	 2.000	 -3.00	 -7.00	 30.00	   0.0	 3.5821	  0.14	 0.0000	  0.66	  0.73	 64.000	 1.00000000	 0.722	  0.000	  0.72	  0.00	  0.8435	 0.9325	 0.22919132		 0.8917	 139.80099502	 18.6650	 119.80896605	 21.25	  3.55	 
m60605c1r6.htb	   0.0	  0.03	 2.000	 -3.00	 -7.00	 30.00	   1.0	 3.5821	  0.07	 0.0000	  0.67	  0.69	 64.000	 1.00000000	 0.749	  0.000	  0.75	  0.00	  0.2867	 0.9907	 0.19475337		 0.9072	 115.23525305	 16.4937	 91.93010299	 18.63	  2.83	 
m60605c2r6.htb	   0.0	  0.03	 2.000	 -10.00	 -10.00	 30.00	   0.0	 0.8458	  0.00	 0.0000	  0.60	  0.48	 64.000	 1.00000000	 0.562	  0.000	  0.56	  0.00	  1.6361	 0.8023	 1.63607728		 0.4413	 5.70562822	 15.9869	 1.14981661	 15.99	  0.25	 
m60605c2r6.htb	   0.0	  0.03	 2.000	 -10.00	 -10.00	 30.00	   1.0	 0.8458	  0.44	 0.0000	  0.61	  0.42	 64.000	 1.00000000	 0.601	  0.000	  0.60	  0.00	  2.2183	 0.6957	 0.28560455		 0.8669	 15.08864493	 24.7544	 12.97540189	 38.92	  0.37	 
m60605c3r6.htb	   0.0	  0.03	 2.000	 -5.00	 -2.00	 30.00	   0.0	 13.8806	  0.00	 0.0006	  0.46	  0.46	 64.000	 1.00000000	 0.184	  0.000	  0.18	  0.00	  1.0985	 0.8945	 1.09801858		 0.5775	 10.78962380	 46.7191	 5.66261985	 48.75	 11.78	 
m60605c3r6.htb	   0.0	  0.03	 2.000	 -5.00	 -2.00	 30.00	   1.0	 13.8806	  0.00	 0.0022	  0.48	  0.42	 64.000	 1.00000000	 0.212	  0.000	  0.21	  0.00	  0.6993	 0.9514	 0.69927544		 0.7049	 7.64815676	 100.0000	 0.00000000	 126.57	 12.15	 
m60606c1r6.htb	   0.0	  0.03	 2.000	  8.00	 -8.00	 30.00	   0.0	 0.0498	 -10.79	 0.0000	  0.75	  0.32	 64.000	 1.00000000	 0.000	    NaN	  0.68	  0.00	 105.2183	 0.0000	 105.21833871		    NaN	 0.00000000	 14.9157	 19.90049751	 16.94	 -0.40	 
m60606c1r6.htb	   0.0	  0.03	 2.000	  8.00	 -8.00	 30.00	   1.0	 0.0498	 -11.65	 0.0000	  0.75	  0.32	 64.000	 1.00000000	 0.000	    NaN	  0.61	  0.00	 66.5986	 0.0000	 66.59861483		    NaN	 -0.00000000	 16.0866	 20.64676617	 18.59	 -0.41	 
m60606c2r6.htb	   0.0	  0.03	 2.000	 -10.00	  0.00	 40.00	   0.0	 0.0995	 -14.00	 0.0000	  0.79	  0.44	 64.000	 1.00000000	 -0.000	    NaN	  0.61	  0.00	 90.1400	    NaN	 90.13995574		    NaN	 0.00000000	 37.8803	 30.11824040	 37.88	 -1.15	 
m60606c2r6.htb	   0.0	  0.03	 2.000	 -10.00	  0.00	 40.00	   1.0	 0.0995	  0.08	 0.0000	  0.78	  0.50	 64.000	 1.00000000	 0.709	  0.000	  0.69	  0.00	 104.7570	 0.0000	 5.74256511		    NaN	 47.07546690	 64.9365	 66.41791045	 152.26	 -1.33	 
m60606c3r6.htb	  90.0	  0.03	 2.000	 -8.00	 -10.00	 40.00	   0.0	 9.8010	  0.00	 0.0481	  0.43	  1.92	 64.000	 1.00000000	 0.130	  0.002	  0.13	  0.00	  0.3218	 0.9884	 0.32183327		 0.8514	 17.83116400	 35.8709	 0.00000000	 39.46	  4.79	 
m60606c3r6.htb	  90.0	  0.03	 2.000	 -8.00	 -10.00	 40.00	   1.0	 9.8010	  0.00	 0.0157	  0.44	  1.86	 64.000	 1.00000000	 0.197	  0.000	  0.20	  0.00	  0.1263	 0.9981	 0.12626074		 0.9388	 22.14728970	 46.7672	 0.98085361	 48.30	  5.52	 
m60606c4r6.htb	  90.0	  0.03	 2.000	  8.00	 -5.00	 40.00	   0.0	 0.5473	  0.20	 0.0000	  0.81	  0.54	 64.000	 1.00000000	 0.911	  0.000	  0.91	  0.00	 12.6592	 0.0131	 10.00571467		 0.0067	 79.31135891	 34.0301	 60.35415055	 62.91	 -2.75	 
m60606c4r6.htb	  90.0	  0.03	 2.000	  8.00	 -5.00	 40.00	   1.0	 0.5473	  0.16	 0.0000	  0.87	  0.41	 64.000	 1.00000000	 0.951	  0.000	  0.95	  0.00	  7.7958	 0.0994	 4.61495283		 0.0995	 123.73403391	 28.7479	 94.51288000	 36.85	 -3.13	 
m60606c5r6.htb	  90.0	  0.03	 2.000	  8.00	  0.00	 40.00	   0.0	 0.9950	  0.00	 0.0000	  0.70	  0.74	 64.000	 1.00000000	 0.819	  0.000	  0.82	  0.00	  2.4611	 0.6516	 2.46096771		 0.2922	 18.94832503	 37.6499	 0.16149172	 38.81	  0.09	 
m60606c5r6.htb	  90.0	  0.03	 2.000	  8.00	  0.00	 40.00	   1.0	 0.9950	  0.09	 0.0000	  0.75	  0.69	 64.000	 1.00000000	 0.880	  0.000	  0.88	  0.00	  5.5159	 0.2383	 5.35965896		 0.0686	 78.99865104	 54.9832	 98.00995025	 130.69	 -1.31	 
m60613c5r6.htb	   0.0	  0.03	 2.000	 -8.00	 -15.00	 30.00	   0.0	 7.9602	  0.13	 0.0000	  0.70	  0.49	 64.000	 1.00000000	 0.768	  0.000	  0.77	  0.00	  0.6623	 0.9559	 0.47822276		 0.7873	 20.82613383	 13.9654	 9.95425540	 113.97	  5.55	 
m60613c5r6.htb	   0.0	  0.03	 2.000	 -8.00	 -15.00	 30.00	   1.0	 7.9602	  0.04	 0.0000	  0.76	  0.36	 64.000	 1.00000000	 0.865	  0.000	  0.86	  0.00	  1.1459	 0.8869	 1.04851065		 0.5920	 133.08457711	 16.9546	 113.65018994	 18.20	  5.85	 
m60613c6r6.htb	   0.0	  0.03	 2.000	 -5.00	 -10.00	 30.00	   0.0	 1.2161	  0.11	 0.0000	  0.71	  0.53	 64.000	 1.00000000	 0.826	  0.000	  0.83	  0.00	  0.4529	 0.9779	 0.30792303		 0.8573	 33.25818643	 25.7295	 20.32248655	 36.97	  0.42	 
m60613c6r6.htb	   0.0	  0.03	 2.000	 -5.00	 -10.00	 30.00	   1.0	 1.2161	  0.02	 0.0000	  0.70	  0.50	 64.000	 1.00000000	 0.806	  0.000	  0.81	  0.00	  0.7527	 0.9447	 0.68047109		 0.7116	 21.98071227	 19.6116	 9.52389619	 24.94	  0.68	 
m60614c1r6.htb	   0.0	  0.03	 2.000	  0.00	 -8.00	 30.00	   0.0	 6.8657	  0.04	 0.0000	  0.74	  0.51	 64.000	 1.00000000	 0.871	  0.000	  0.87	  0.00	  0.1645	 0.9968	 0.09597121		 0.9531	 36.61242169	 31.6981	 16.21880682	 60.21	  3.58	 
m60614c1r6.htb	   0.0	  0.03	 2.000	  0.00	 -8.00	 30.00	   1.0	 6.8657	  0.09	 0.0000	  0.71	  0.59	 64.000	 1.00000000	 0.877	  0.000	  0.88	  0.00	  1.2938	 0.8624	 0.78537382		 0.6752	 47.36080784	 34.2438	 30.27429478	 74.66	  3.90	 
m60614c2r6.htb	   0.0	  0.03	 2.000	  5.00	 -5.00	 30.00	   0.0	 13.2338	  0.00	 0.0000	  0.56	  0.49	 64.000	 1.00000000	 0.440	  0.000	  0.44	  0.00	  0.2493	 0.9928	 0.24931993		 0.8828	 9.77149744	 46.8619	 0.00000000	 48.17	 11.66	 
m60614c2r6.htb	   0.0	  0.03	 2.000	  5.00	 -5.00	 30.00	   1.0	 13.2338	  0.00	 0.0007	  0.49	  0.51	 64.000	 1.00000000	 0.263	  0.000	  0.26	  0.00	  0.4060	 0.9820	 0.40603873		 0.8163	 10.59422542	 100.0000	 0.00000000	 118.04	 12.21	 
m60614c3r6.htb	   0.0	  0.03	 2.000	  8.00	 -15.00	 30.00	   0.0	 12.9353	  0.12	 0.0000	  0.67	  0.44	 64.000	 1.00000000	 0.635	  0.000	  0.64	  0.00	  2.5028	 0.6441	 1.89846861		 0.3870	 25.86463239	 25.0766	 15.97007082	 59.42	 11.51	 
m60614c3r6.htb	   0.0	  0.03	 2.000	  8.00	 -15.00	 30.00	   1.0	 12.9353	  0.05	 0.0000	  0.64	  0.44	 64.000	 1.00000000	 0.716	  0.000	  0.72	  0.00	  0.2317	 0.9938	 0.08764037		 0.9571	 24.43183055	 24.7827	 11.31182372	 44.62	 11.67	 
m60614c4r6.htb	   0.0	  0.03	 2.000	  8.00	 -18.00	 30.00	   0.0	 16.3184	  0.00	 0.0000	  0.54	  0.43	 64.000	 1.00000000	 0.460	  0.000	  0.46	  0.00	  0.6242	 0.9603	 0.62415402		 0.7319	 16.10680092	 56.5442	 5.16820153	 57.65	 16.80	 
m60614c4r6.htb	   0.0	  0.03	 2.000	  8.00	 -18.00	 30.00	   1.0	 16.3184	  0.00	 0.0000	  0.56	  0.38	 64.000	 1.00000000	 0.477	  0.000	  0.48	  0.00	  0.6208	 0.9607	 0.62076424		 0.7332	 13.76568802	 31.4787	 5.16711241	 31.48	 17.28	 
m60615c1r6.htb	   0.0	  0.03	 2.000	 -8.00	 -17.00	 30.00	   0.0	 6.0697	  0.00	 0.0000	  0.70	  0.76	 64.000	 1.00000000	 0.855	  0.000	  0.85	  0.00	  1.6501	 0.7998	 1.65006365		 0.4382	 30.31278238	 42.7009	 1.85864188	 47.13	  2.27	 
m60615c1r6.htb	   0.0	  0.03	 2.000	 -8.00	 -17.00	 30.00	   1.0	 6.0697	  0.01	 0.0000	  0.71	  0.77	 64.000	 1.00000000	 0.889	  0.000	  0.89	  0.00	  0.6360	 0.9590	 0.68095957		 0.7114	 39.09120493	 34.1391	 12.97477525	 62.87	  1.54	 
m60615c2r6.htb	   0.0	  0.03	 2.000	 -10.00	 -17.00	 40.00	   0.0	 5.7214	  0.00	 0.0000	  0.69	  0.36	 64.000	 1.00000000	 0.765	  0.000	  0.77	  0.00	  0.2463	 0.9930	 0.24628007		 0.8841	 10.20690444	 30.9457	 0.00000000	 31.06	  5.06	 
m60615c2r6.htb	   0.0	  0.03	 2.000	 -10.00	 -17.00	 40.00	   1.0	 5.7214	  0.00	 0.0000	  0.61	  0.38	 64.000	 1.00000000	 0.626	  0.000	  0.63	  0.00	  0.6183	 0.9610	 0.61827082		 0.7341	 8.97584068	 27.5130	 0.79982414	 27.59	  5.69	 
m60616c1r6.htb	   0.0	  0.03	 2.000	 -10.00	 -15.00	 30.00	   0.0	 2.6866	  0.00	 0.0000	  0.66	  0.91	 64.000	 1.00000000	 0.789	  0.000	  0.79	  0.00	  0.2989	 0.9899	 0.29885855		 0.8612	 28.17354954	 77.9218	 0.00000000	 78.98	  0.29	 
m60616c1r6.htb	   0.0	  0.03	 2.000	 -10.00	 -15.00	 30.00	   1.0	 2.6866	  0.00	 0.0000	  0.69	  0.89	 64.000	 1.00000000	 0.811	  0.000	  0.81	  0.00	  1.0476	 0.9025	 0.98782415		 0.6102	 93.22370593	 100.0000	 106.74247895	 200.00	  0.19	 
m60616c2r6.htb	   0.0	  0.03	 2.000	  5.00	 -10.00	 30.00	   0.0	 3.1095	  0.00	 0.0000	  0.72	  0.45	 64.000	 1.00000000	 0.845	  0.000	  0.85	  0.00	  3.5629	 0.4684	 3.56319242		 0.1684	 10.57991703	 36.3195	 0.09088256	 37.43	  1.47	 
m60616c2r6.htb	   0.0	  0.03	 2.000	  5.00	 -10.00	 30.00	   1.0	 3.1095	  0.00	 0.0000	  0.69	  0.51	 64.000	 1.00000000	 0.864	  0.000	  0.86	  0.00	  0.4648	 0.9768	 0.46494739		 0.7926	 11.08113961	 33.2834	 0.04465587	 35.86	  0.96	 
m60619c1r6.htb	   0.0	  0.03	 2.000	  0.00	  0.00	 40.00	   0.0	 4.2289	  0.00	 0.0000	  0.66	  0.41	 64.000	 1.00000000	 0.737	  0.000	  0.74	  0.00	  0.7323	 0.9473	 0.73234216		 0.6934	 10.92759859	 24.1211	 2.23986001	 24.12	  2.94	 
m60619c1r6.htb	   0.0	  0.03	 2.000	  0.00	  0.00	 40.00	   1.0	 4.2289	  0.10	 0.0000	  0.70	  0.39	 64.000	 1.00000000	 0.800	  0.000	  0.80	  0.00	  1.0702	 0.8990	 0.80717777		 0.6679	 42.46800895	 26.2982	 33.15884869	 31.32	  1.96	 
m60619c2r6.htb	   0.0	  0.03	 2.000	 -5.00	  0.00	 40.00	   0.0	 1.2935	  0.34	 0.0000	  0.77	  0.50	 64.000	 1.00000000	 0.876	  0.000	  0.88	  0.00	  3.9766	 0.4092	 1.36627826		 0.5050	 30.44916255	 25.6272	 34.13550171	 124.95	 -0.59	 
m60619c2r6.htb	   0.0	  0.03	 2.000	 -5.00	  0.00	 40.00	   1.0	 1.2935	  0.39	 0.0000	  0.76	  0.51	 64.000	 1.00000000	 0.904	  0.000	  0.90	  0.00	  5.5478	 0.2356	 0.34641825		 0.8410	 43.63129821	 29.1087	 39.39505733	 69.59	 -0.06	 
m60619c3r6.htb	   0.0	  0.03	 2.000	  0.00	 -5.00	 40.00	   0.0	 1.0945	  0.38	 0.0000	  0.73	  0.46	 64.000	 1.00000000	 0.851	  0.000	  0.85	  0.00	 11.1222	 0.0252	 1.67835953		 0.4321	 43.16374107	 46.6775	 60.44776119	 114.52	  0.34	 
m60619c3r6.htb	   0.0	  0.03	 2.000	  0.00	 -5.00	 40.00	   1.0	 1.0945	  0.44	 0.0000	  0.70	  0.55	 64.000	 1.00000000	 0.784	  0.000	  0.78	  0.00	  3.0419	 0.5508	 0.59735505		 0.7418	 46.43762318	 43.1116	 62.18905473	 106.07	 -0.05	 
m60619c4r6.htb	   0.0	  0.03	 2.000	 -8.00	 -8.00	 30.00	   0.0	 16.9652	  0.13	 0.0000	  0.58	  0.46	 64.000	 1.00000000	 0.455	  0.000	  0.46	  0.00	  1.1904	 0.8797	 0.34642229		 0.8410	 74.58022913	 63.4959	 130.84577114	 162.89	 15.16	 
m60619c4r6.htb	   0.0	  0.03	 2.000	 -8.00	 -8.00	 30.00	   1.0	 16.9652	  0.14	 0.0000	  0.52	  0.44	 64.000	 1.00000000	 0.351	  0.000	  0.35	  0.00	  1.3354	 0.8553	 0.66413388		 0.7174	 70.35105766	 65.2778	 126.86567164	 163.42	 16.49	 
m60620c1r6.htb	   0.0	  0.03	 2.000	  5.00	  5.00	 40.00	   0.0	 6.3184	  0.00	 0.0000	  0.61	  1.19	 64.000	 1.00000000	 0.495	  0.000	  0.50	  0.00	  2.3038	 0.6801	 2.30376286		 0.3160	 33.54130719	 47.3364	 2.17350363	 50.55	  4.06	 
m60620c1r6.htb	   0.0	  0.03	 2.000	  5.00	  5.00	 40.00	   1.0	 6.3184	  0.11	 0.0000	  0.66	  0.98	 64.000	 1.00000000	 0.839	  0.000	  0.84	  0.00	  0.5791	 0.9654	 0.02257772		 0.9888	 113.22211078	 54.7434	 149.00497512	 135.40	  1.62	 
m60620c2r6.htb	   0.0	  0.03	 2.000	  0.00	  5.00	 40.00	   0.0	 9.0974	  0.00	 0.0000	  0.66	  0.54	 64.000	 1.00000000	 0.740	  0.000	  0.74	  0.00	  6.2518	 0.1811	 6.25308765		 0.0439	 24.56711121	 31.6385	 5.13390549	 31.64	 10.76	 
m60620c2r6.htb	   0.0	  0.03	 2.000	  0.00	  5.00	 40.00	   1.0	 9.0974	  0.00	 0.0000	  0.62	  0.60	 64.000	 1.00000000	 0.610	  0.000	  0.61	  0.00	  1.2459	 0.8705	 1.24621563		 0.5363	 26.75492920	 34.2325	 7.69605889	 34.30	 13.60	 
m60620c3r6.htb	   0.0	  0.03	 2.000	  0.00	 10.00	 40.00	   0.0	 19.3035	  0.13	 0.0000	  0.67	  0.56	 64.000	 1.00000000	 0.689	  0.000	  0.69	  0.00	  2.9747	 0.5621	 1.61782984		 0.4453	 51.77239848	 40.9039	 68.89144214	 137.96	 12.87	 
m60620c3r6.htb	   0.0	  0.03	 2.000	  0.00	 10.00	 40.00	   1.0	 19.3035	  0.02	 0.0000	  0.65	  0.50	 64.000	 1.00000000	 0.723	  0.000	  0.72	  0.00	  0.1763	 0.9963	 0.14738213		 0.9290	 29.47341930	 33.4887	 12.60533696	 60.24	 14.31	 
m60620c4r6.htb	   0.0	  0.03	 2.000	  0.00	  8.00	 40.00	   0.0	 6.3018	  0.00	 0.0000	  0.69	  0.38	 64.000	 1.00000000	 0.619	  0.000	  0.62	  0.00	  2.0952	 0.7182	 2.09528116		 0.3508	 14.08774299	 18.5508	 5.42600286	 18.56	  5.19	 
m60620c4r6.htb	   0.0	  0.03	 2.000	  0.00	  8.00	 40.00	   1.0	 6.3018	  0.00	 0.0000	  0.73	  0.41	 64.000	 1.00000000	 0.680	  0.000	  0.68	  0.00	  6.7175	 0.1516	 6.71767790		 0.0348	 18.48384368	 19.7058	 7.22653485	 19.75	  5.23	 
m60621c1r6.htb	   0.0	  0.03	 2.000	  0.00	 -8.00	 30.00	   0.0	 1.5423	  0.00	 0.0000	  0.69	  0.76	 64.000	 1.00000000	 0.811	  0.000	  0.81	  0.00	  1.9143	 0.7515	 1.91308600		 0.3842	 29.21381045	 51.7743	 8.54239133	 53.26	  0.16	 
m60621c1r6.htb	   0.0	  0.03	 2.000	  0.00	 -8.00	 30.00	   1.0	 1.5423	  0.00	 0.0000	  0.66	  0.79	 64.000	 1.00000000	 0.805	  0.000	  0.81	  0.00	  2.1842	 0.7019	 2.18362716		 0.3356	 19.15221662	 38.3529	 0.47384608	 38.54	  0.20	 
m60621c2r6.htb	   0.0	  0.03	 2.000	  8.00	 -2.00	 30.00	   0.0	 0.0995	  0.00	 0.0000	  0.71	  0.49	 64.000	 1.00000000	 0.629	  0.000	  0.63	  0.00	 49.7625	 0.0000	 2.45149330		    NaN	 12.08125802	 40.9023	 6.55920912	 40.90	 -0.56	 
m60621c2r6.htb	   0.0	  0.03	 2.000	  8.00	 -2.00	 30.00	   1.0	 0.0995	  0.13	 0.0000	  0.75	  0.45	 64.000	 1.00000000	 0.605	  0.000	  0.59	  0.00	 56.8807	 0.0000	 3.42080851		 0.1808	 26.75408835	 62.0558	 38.55721393	 146.18	 -0.77	 
m60621c3r6.htb	 180.0	  0.03	 2.000	 10.00	  0.00	 40.00	   0.0	 0.1493	 -13.55	 0.0000	  0.52	  0.81	 64.000	 1.00000000	 0.000	    NaN	  0.29	  0.00	 13.9773	 0.0074	 13.97730833		 0.0009	 0.00000000	 20.3510	 29.43989159	 23.07	 -0.63	 
m60621c3r6.htb	 180.0	  0.03	 2.000	 10.00	  0.00	 40.00	   1.0	 0.1493	 -12.58	 0.0000	  0.59	  0.69	 64.000	 1.00000000	 0.000	    NaN	  0.37	  0.00	 37.6778	 0.0000	 37.67780991		 0.0000	 0.00000000	 18.6749	 25.85840946	 21.74	 -0.61	 
m60621c4r6.htb	 180.0	  0.03	 2.000	  0.00	 -10.00	 40.00	   0.0	 4.5329	  0.00	 0.0000	  0.58	  0.86	 64.000	 1.00000000	 0.556	  0.000	  0.56	  0.00	  1.4420	 0.8369	 1.44195978		 0.4863	 14.95580152	 100.0000	 0.00000000	 103.24	  1.61	 
m60621c4r6.htb	 180.0	  0.03	 2.000	  0.00	 -10.00	 40.00	   1.0	 4.5329	  0.00	 0.0000	  0.63	  0.86	 64.000	 1.00000000	 0.743	  0.000	  0.74	  0.00	  0.9248	 0.9210	 0.92479409		 0.6298	 22.70329792	 100.0000	 0.00000000	 101.46	  0.71	 
m60621c5r6.htb	 130.0	  0.03	 2.000	 -10.00	 -10.00	 40.00	   0.0	 0.0000	  0.00	 0.0020	  0.51	  0.59	 64.000	 1.00000000	 0.247	  0.000	  0.25	  0.00	  8.3588	 0.0793	 0.68783605		 0.7090	 2.06521605	 22.8073	 0.45167126	 22.93	 -0.23	 
m60621c5r6.htb	 130.0	  0.03	 2.000	 -10.00	 -10.00	 40.00	   1.0	 0.0000	  0.00	 0.0080	  0.52	  0.56	 64.000	 1.00000000	 0.213	  0.000	  0.21	  0.00	  0.6217	 0.9606	 0.62167304		 0.7328	 1.89600587	 25.4578	 0.23841089	 26.49	 -0.05	 
m60621c6r6.htb	 180.0	  0.03	 2.000	  8.00	 -10.00	 40.00	   0.0	 2.8358	  0.00	 0.0000	  0.66	  0.60	 64.000	 1.00000000	 0.682	  0.000	  0.68	  0.00	  3.4073	 0.4921	 3.40723519		 0.1820	 14.58180846	 21.4416	 3.73008668	 21.50	  0.98	 
m60621c6r6.htb	 180.0	  0.03	 2.000	  8.00	 -10.00	 40.00	   1.0	 2.8358	  0.27	 0.0000	  0.67	  0.64	 64.000	 1.00000000	 0.615	  0.000	  0.62	  0.00	  1.2574	 0.8686	 0.66057635		 0.7187	 30.24584809	 32.7538	 26.87559895	 74.74	  0.90	 
m60623c3r6.htb	  90.0	  0.03	 2.000	 -5.00	 10.00	 40.00	   0.0	 4.1294	  0.00	 0.0000	  0.63	  0.73	 64.000	 1.00000000	 0.700	  0.000	  0.70	  0.00	  0.0890	 0.9990	 0.08869131		 0.9566	 18.05569692	 33.0493	 1.02027560	 37.71	  3.06	 
m60623c3r6.htb	  90.0	  0.03	 2.000	 -5.00	 10.00	 40.00	   1.0	 4.1294	  0.03	 0.0000	  0.68	  0.64	 64.000	 1.00000000	 0.824	  0.000	  0.82	  0.00	  2.0203	 0.7320	 1.67705262		 0.4323	 83.29657029	 65.9159	 111.94029851	 153.99	  3.06	 
m60623c4r6.htb	  90.0	  0.03	 2.000	  3.00	 -5.00	 40.00	   0.0	 0.6468	  0.00	 0.0000	  0.55	  0.60	 64.000	 1.00000000	 0.394	  0.000	  0.39	  0.00	  0.6028	 0.9628	 0.60270729		 0.7398	 7.47100262	 47.7617	 3.67056656	 47.76	  0.29	 
m60623c4r6.htb	  90.0	  0.03	 2.000	  3.00	 -5.00	 40.00	   1.0	 0.6468	  0.00	 0.0000	  0.51	  0.60	 64.000	 1.00000000	 0.394	  0.000	  0.39	  0.00	  0.5278	 0.9707	 0.52779750		 0.7681	 5.32559623	 24.8804	 1.93975760	 24.90	  0.33	 
m60626c2r6.htb	   0.0	  0.03	 2.000	 -8.00	 -8.00	 40.00	   0.0	 3.8806	  0.00	 0.0000	  0.67	  0.39	 64.000	 1.00000000	 0.728	  0.000	  0.73	  0.00	  0.4085	 0.9818	 0.40854819		 0.8152	 9.47684804	 22.9253	 0.09737958	 22.93	  4.25	 
m60626c2r6.htb	   0.0	  0.03	 2.000	 -8.00	 -8.00	 40.00	   1.0	 3.8806	  0.00	 0.0000	  0.68	  0.38	 64.000	 1.00000000	 0.747	  0.000	  0.75	  0.00	  1.6891	 0.7927	 1.68909095		 0.4298	 13.26246453	 20.6042	 3.11474664	 20.61	  3.93	 
m60628c1r6.htb	   0.0	  0.03	 2.000	  0.00	 -8.00	 30.00	   0.0	 1.7768	  0.06	 0.0000	  0.70	  0.78	 64.000	 1.00000000	 0.869	  0.000	  0.87	  0.00	  4.3230	 0.3641	 3.22976769		 0.1989	 65.20316583	 58.7392	 82.50414594	 138.85	 -0.75	 
m60628c1r6.htb	   0.0	  0.03	 2.000	  0.00	 -8.00	 30.00	   1.0	 1.7768	  0.00	 0.0000	  0.68	  0.90	 64.000	 1.00000000	 0.842	  0.000	  0.84	  0.00	  0.7724	 0.9421	 0.77220238		 0.6797	 18.58174654	 33.5214	 0.00297961	 36.84	 -0.17	 
m60628c2r6.htb	   0.0	  0.03	 2.000	 -8.00	 -10.00	 40.00	   0.0	 1.7910	  0.00	 0.0000	  0.58	  0.55	 64.000	 1.00000000	 0.541	  0.000	  0.54	  0.00	  0.1948	 0.9956	 0.19468265		 0.9072	 5.67987376	 22.0644	 0.58678393	 23.55	  0.46	 
m60628c2r6.htb	   0.0	  0.03	 2.000	 -8.00	 -10.00	 40.00	   1.0	 1.7910	  0.00	 0.0000	  0.67	  0.43	 64.000	 1.00000000	 0.808	  0.000	  0.81	  0.00	  0.2242	 0.9942	 0.22437903		 0.8939	 7.72784571	 24.3082	 1.31442924	 26.15	  0.12	 
m60703c1r6.htb	   0.0	  0.03	 2.000	 10.00	  8.00	 40.00	   0.0	 3.2836	  0.12	 0.0000	  0.74	  0.81	 64.000	 1.00000000	 0.863	  0.000	  0.86	  0.00	  3.3661	 0.4985	 2.64891999		 0.2659	 93.04307581	 53.2420	 116.66666667	 127.20	 -1.60	 
m60703c1r6.htb	   0.0	  0.03	 2.000	 10.00	  8.00	 40.00	   1.0	 3.2836	  0.14	 0.0000	  0.68	  0.99	 64.000	 1.00000000	 0.804	  0.000	  0.80	  0.00	  1.1355	 0.8886	 0.47393445		 0.7890	 95.06335037	 54.1930	 124.37810945	 129.64	 -0.64	 
m60703c1r6.htb	   0.0	  0.03	 2.000	 10.00	  8.00	 40.00	   0.0	 3.2836	  0.12	 0.0000	  0.74	  0.81	 64.000	 1.00000000	 0.863	  0.000	  0.86	  0.00	  3.3661	 0.4985	 2.64887639		 0.2660	 93.09529043	 53.2479	 116.66666667	 127.09	 -1.60	 
m60703c1r6.htb	   0.0	  0.03	 2.000	 10.00	  8.00	 40.00	   1.0	 3.2836	  0.14	 0.0000	  0.68	  0.99	 64.000	 1.00000000	 0.804	  0.000	  0.80	  0.00	  1.1355	 0.8886	 0.47393989		 0.7890	 95.06141557	 54.1930	 124.37810945	 129.64	 -0.64	 
m60703c2r6.htb	   0.0	  0.03	 2.000	  8.00	 10.00	 40.00	   0.0	 0.2488	  0.00	 0.0000	  0.67	  0.42	 64.000	 1.00000000	 0.710	  0.000	  0.71	  0.00	  1.2199	 0.8748	 1.21998177		 0.5434	 9.13865614	 36.2435	 5.18465035	 36.24	 -0.08	 
m60703c2r6.htb	   0.0	  0.03	 2.000	  8.00	 10.00	 40.00	   1.0	 0.2488	  0.00	 0.0000	  0.63	  0.44	 64.000	 1.00000000	 0.568	  0.000	  0.57	  0.00	  0.9479	 0.9176	 0.94764981		 0.6226	 3.16710446	 25.6016	 0.54921230	 26.98	 -0.16	 
m60703c3r6.htb	   0.0	  0.03	 2.000	 -5.00	 10.00	 40.00	   0.0	 0.2985	  0.00	 0.0000	  0.71	  0.51	 64.000	 1.00000000	 0.761	  0.000	  0.76	  0.00	  0.8247	 0.9351	 0.82468207		 0.6621	 13.43929156	 100.0000	 0.74048745	 100.72	 -0.03	 
m60703c3r6.htb	   0.0	  0.03	 2.000	 -5.00	 10.00	 40.00	   1.0	 0.2985	 -14.10	 0.0000	  0.71	  0.46	 64.000	 1.00000000	 0.000	    NaN	  0.68	  0.00	 75.3253	 0.0000	 75.32532808		 0.0000	 0.00000000	 25.6281	 25.94190107	 28.72	 -0.75	 
m60705c1r6.htb	   0.0	  0.03	 2.000	  0.00	 -10.00	 40.00	   0.0	 4.0299	  0.00	 0.0000	  0.53	  0.59	 64.000	 1.00000000	 0.496	  0.000	  0.50	  0.00	  0.0922	 0.9990	 0.09214339		 0.9550	 7.72551435	 19.6721	 0.29595400	 20.43	  2.67	 
m60705c1r6.htb	   0.0	  0.03	 2.000	  0.00	 -10.00	 40.00	   1.0	 4.0299	  0.00	 0.0000	  0.50	  0.67	 64.000	 1.00000000	 0.361	  0.000	  0.36	  0.00	  0.5852	 0.9647	 0.58522809		 0.7463	 9.96384136	 17.8349	 3.15033953	 17.84	  3.42	 
m60705c2r6.htb	   0.0	  0.03	 2.000	 -5.00	 -10.00	 40.00	   0.0	 1.3930	  0.38	 0.0000	  0.69	  0.47	 64.000	 1.00000000	 0.751	  0.000	  0.75	  0.00	  3.6766	 0.4515	 1.99281658		 0.3692	 20.08107706	 32.2516	 21.34614032	 90.08	  0.02	 
m60705c2r6.htb	   0.0	  0.03	 2.000	 -5.00	 -10.00	 40.00	   1.0	 1.3930	  0.30	 0.0000	  0.70	  0.45	 64.000	 1.00000000	 0.786	  0.000	  0.79	  0.00	  2.4356	 0.6562	 0.56932112		 0.7523	 43.78109453	 24.8320	 37.55765821	 31.19	 -0.03	 
m60705c3r6.htb	   0.0	  0.03	 2.000	  5.00	 -10.00	 40.00	   0.0	 5.3731	  0.00	 0.0000	  0.71	  0.59	 64.000	 1.00000000	 0.850	  0.000	  0.85	  0.00	  0.6062	 0.9624	 0.60616132		 0.7385	 27.05914694	 13.7408	 1.67814199	 13.74	  4.14	 
m60705c3r6.htb	   0.0	  0.03	 2.000	  5.00	 -10.00	 40.00	   1.0	 5.3731	  0.00	 0.0000	  0.64	  0.97	 64.000	 1.00000000	 0.431	  0.000	  0.43	  0.00	  0.7949	 0.9391	 0.79487419		 0.6720	 32.22754442	 19.3723	 4.57033999	 19.37	  5.09	 
m60712c1r6.htb	   0.0	  0.03	 2.000	  3.00	 -5.00	 40.00	   0.0	 3.9090	  0.00	 0.0000	  0.57	  0.54	 64.000	 1.00000000	 0.487	  0.000	  0.49	  0.00	  0.9360	 0.9193	 0.93600280		 0.6263	 7.12055285	 25.1839	 0.00000000	 27.81	  3.63	 
m60712c1r6.htb	   0.0	  0.03	 2.000	  3.00	 -5.00	 40.00	   1.0	 3.9090	  0.13	 0.0000	  0.69	  0.46	 64.000	 1.00000000	 0.764	  0.000	  0.76	  0.00	  1.6392	 0.8017	 1.28594911		 0.5257	 68.48414531	 52.4867	 68.82255390	 76.81	  2.48	 
m60712c1r6.htb	   0.0	  0.03	 2.000	  3.00	 -5.00	 40.00	   0.0	 3.9090	  0.00	 0.0000	  0.57	  0.54	 64.000	 1.00000000	 0.487	  0.000	  0.49	  0.00	  0.9360	 0.9193	 0.93598723		 0.6263	 7.19348840	 25.1847	 0.07270977	 25.19	  3.63	 
m60712c1r6.htb	   0.0	  0.03	 2.000	  3.00	 -5.00	 40.00	   1.0	 3.9090	  0.14	 0.0000	  0.69	  0.46	 64.000	 1.00000000	 0.764	  0.000	  0.76	  0.00	  1.6393	 0.8017	 1.28333069		 0.5264	 66.91901706	 53.1951	 68.80995146	 80.91	  2.48	 
m60717c3r6.htb	 150.0	  0.03	 2.000	 -10.00	 -10.00	 40.00	   0.0	 0.8292	  0.12	 0.0000	  0.75	  0.71	 64.000	 1.00000000	 0.864	  0.000	  0.86	  0.00	  1.5190	 0.8233	 2.93734041		 0.2302	 85.30592347	 53.9818	 109.14179104	 128.91	 -0.50	 
m60717c3r6.htb	 150.0	  0.03	 2.000	 -10.00	 -10.00	 40.00	   1.0	 0.8292	  0.25	 0.0000	  0.79	  0.67	 64.000	 1.00000000	 0.879	  0.000	  0.88	  0.00	  2.8180	 0.5887	 0.95447937		 0.6205	 69.21337919	 37.1086	 83.07044420	 127.02	 -2.72	 
m60814c1r6.htb	   0.0	  0.03	 2.000	  0.00	  0.00	 40.00	   0.0	 0.4478	  0.00	 0.0000	  0.72	  0.57	 64.000	 1.00000000	 0.772	  0.000	  0.77	  0.00	  1.5831	 0.8118	 1.58317977		 0.4531	 14.28925663	 30.8459	 3.87202985	 30.85	 -0.31	 
m60814c1r6.htb	   0.0	  0.03	 2.000	  0.00	  0.00	 40.00	   1.0	 0.4478	  0.24	 0.0000	  0.74	  0.56	 64.000	 1.00000000	 0.823	  0.000	  0.81	  0.00	  7.6477	 0.1054	 4.33053165		 0.1147	 51.65012720	 50.8506	 68.90547264	 122.87	 -1.38	 
m60814c2r6.htb	   0.0	  0.03	 2.000	  0.00	  0.00	 40.00	   0.0	 12.5373	  0.00	 0.0000	  0.51	  0.78	 64.000	 1.00000000	 0.453	  0.000	  0.45	  0.00	  0.5076	 0.9728	 0.50716937		 0.7760	 15.95453057	 33.7294	 2.16172717	 35.46	 10.44	 
m60814c2r6.htb	   0.0	  0.03	 2.000	  0.00	  0.00	 40.00	   1.0	 12.5373	  0.15	 0.0000	  0.60	  0.57	 64.000	 1.00000000	 0.502	  0.000	  0.50	  0.00	  1.1075	 0.8931	 0.57051842		 0.7518	 85.23980538	 61.2098	 134.82587065	 144.71	 11.68	 
m60814c3r6.htb	  50.0	  0.03	 2.000	 -10.00	 10.00	 40.00	   0.0	 0.9950	  0.09	 0.0053	  0.38	  0.60	 64.000	 1.00000000	 0.205	  0.000	  0.21	  0.00	  0.4124	 0.9814	 0.38681957		 0.8241	 13.68159204	 31.4561	 12.34864671	 34.22	  0.57	 
m60814c3r6.htb	  50.0	  0.03	 2.000	 -10.00	 10.00	 40.00	   1.0	 0.9950	  0.30	 0.0183	  0.42	  0.66	 64.000	 1.00000000	 0.199	  0.000	  0.20	  0.00	  0.3128	 0.9890	 0.24221672		 0.8859	 10.94917860	 52.9017	 16.41791045	 124.81	  0.67	 
m60814c4r6.htb	   0.0	  0.03	 2.000	  0.00	  0.00	 40.00	   0.0	 9.9502	  0.18	 0.0000	  0.56	  0.51	 64.000	 1.00000000	 0.365	  0.000	  0.36	  0.00	  1.3428	 0.8541	 0.29656137		 0.8622	 56.05813008	 59.0130	 90.54726368	 140.47	  9.08	 
m60814c4r6.htb	   0.0	  0.03	 2.000	  0.00	  0.00	 40.00	   1.0	 9.9502	  0.15	 0.0000	  0.59	  0.46	 64.000	 1.00000000	 0.496	  0.000	  0.50	  0.00	  1.0190	 0.9069	 0.47901418		 0.7870	 63.13774008	 60.2362	 99.75124378	 142.68	  9.22	 
m60822c1r6.htb	   0.0	  0.03	 2.000	 -10.00	  0.00	 40.00	   0.0	 0.5473	  0.28	 0.0000	  0.79	  0.52	 64.000	 1.00000000	 0.894	  0.000	  0.89	  0.00	  6.6096	 0.1580	 4.69801919		 0.0955	 67.38963661	 48.8239	 89.55223881	 118.70	 -1.79	 
m60822c1r6.htb	   0.0	  0.03	 2.000	 -10.00	  0.00	 40.00	   1.0	 0.5473	  0.39	 0.0000	  0.77	  0.57	 64.000	 1.00000000	 0.899	  0.000	  0.89	  0.00	 14.0303	 0.0072	 4.02247164		 0.1338	 74.22326724	 46.0488	 100.99502488	 113.14	 -1.31	 
m60822c2r6.htb	 230.0	  0.03	 2.000	  0.00	 -5.00	 40.00	   0.0	 0.5970	  0.00	 0.0000	  0.67	  0.75	 64.000	 1.00000000	 0.701	  0.000	  0.70	  0.00	  4.0893	 0.3941	 3.98725827		 0.1362	 20.16954652	 41.7112	 6.83853089	 41.80	 -0.16	 
m60822c2r6.htb	 230.0	  0.03	 2.000	  0.00	 -5.00	 40.00	   1.0	 0.5970	  0.00	 0.0000	  0.70	  0.68	 64.000	 1.00000000	 0.747	  0.000	  0.75	  0.00	  2.6688	 0.6147	 2.66881190		 0.2633	 17.71985793	 37.1406	 4.02504216	 37.14	 -0.16	 
