FILE			 PrfOR	 PrfSF	 PrfTF	 RFXctr	 RFYctr	 RFDiam	 GrType	 MaxLoc	 MaxRsp	 MinLoc	 MinRsp	 Spont	 SFMI		 AnovaP	 SFDI  	 VarTerm	 MaxX 	 MinX 	 SFHWHM	 RsqMn	 PMean	 RsqRaw	 Praw		 Chi2		 ChiP		 Brat		 Ampl		 Peak		 SD		 Offst		
m70108c1r2.htb	   0.0	  0.03	 2.000	 20.00	 -15.00	 40.00	   0.0	 0.0250	 16.06	 1.6000	  4.78	  2.69	 0.843	 0.00000000	 0.671	  0.535	  1.60	  0.03	  0.0260	 0.9298	 0.00045558	 0.6714	 0.00000000	 1.6595	 0.43616822	  4.78	 11.28	 0.0250	 0.5831	 0.0001	
m70110c1r2.htb	   0.0	  0.03	 2.000	 -10.00	 -5.00	 40.00	   0.0	 0.0340	 22.15	 0.3150	  8.95	  6.62	 0.850	 0.01637722	 0.406	  1.117	  1.60	  0.03	  0.0160	 0.8209	 0.00494049	 0.1748	 0.00031626	 0.7107	 0.70093222	  8.95	 13.21	 0.0343	 0.2307	 0.0100	
m70110c2r2.htb	   0.0	  0.03	 2.000	 10.00	 -15.00	 40.00	   0.0	 0.0350	  4.85	 0.2780	  0.07	  0.20	 1.027	 0.00004726	 0.560	  0.586	  1.60	  0.03	  0.0130	 0.9876	 0.00000585	 0.3615	 0.00000004	 1.5342	 0.46435531	  0.07	  4.78	 0.0347	 0.2053	 0.0100	
m70110c3r2.htb	   0.0	  0.03	 2.000	 10.00	 -15.00	 40.00	   0.0	 0.0250	 10.88	 1.6000	  2.02	  2.79	 1.095	 0.00000008	 0.553	  0.851	  1.60	  0.03	  0.0270	 0.9830	 0.00001288	 0.4836	 0.00000000	 0.1099	 0.94654079	  2.02	  8.86	 0.0250	 0.5874	 0.0001	
m70111c1r2.htb	  90.0	  0.03	 2.000	 20.00	  5.00	 50.00	   0.0	 0.5400	  3.12	 0.0250	  2.79	  2.44	 0.483	 0.02723502	 0.290	  0.553	  1.60	  0.03	  0.1540	 0.0057	 0.87268068	 0.0004	 0.77906907	 0.4957	 0.78048558	  2.79	  0.33	 0.5399	 0.2111	 0.0001	
m70112c1r2.htb	   0.0	  0.03	 2.000	  0.00	  0.00	 90.00	   0.0	 0.0400	  3.92	 1.6000	  2.47	  2.69	 1.178	 0.00247218	 0.340	  0.654	  1.60	  0.03	  0.1160	 0.4975	 0.07667147	 0.0469	 0.00160206	 0.3957	 0.82049848	  2.47	  1.45	 0.0402	 1.0099	 0.0100	
m70116c1r2.htb	   0.0	  0.03	 2.000	  0.00	  0.00	 40.00	   0.0	 0.0250	 12.05	 1.5770	  0.11	  1.74	 1.158	 0.00000000	 0.634	  0.918	  1.60	  0.03	  0.0190	 0.9804	 0.00001832	 0.6243	 0.00000000	 0.0143	 0.99288915	  0.11	 11.94	 0.0250	 0.4578	 0.0001	
m70117c1r2.htb	   0.0	  0.03	 2.000	 15.00	 -5.00	 40.00	   0.0	 1.2480	  7.24	 0.0250	  4.84	  4.65	 0.926	 0.07971922	 0.344	  0.552	  1.60	  0.03	  0.1460	 0.0031	 0.90492500	 0.0003	 0.85216502	 0.7642	 0.68244259	  4.84	  2.40	 1.2481	 0.0925	 0.0099	
m70117c2r2.htb	 180.0	  0.03	 2.000	 20.00	 -10.00	 50.00	   0.0	 0.0340	  9.26	 0.2630	  6.05	  6.37	 1.110	 0.07571790	 0.300	  0.473	  1.60	  0.03	  0.0140	 0.9544	 0.00015305	 0.0776	 0.00086316	 0.0274	 0.98639160	  6.05	  3.21	 0.0340	 0.2133	 0.0100	
m70117c3r2.htb	  30.0	  0.03	 2.000	 20.00	 -20.00	 50.00	   0.0	 0.0290	 26.63	 1.6000	 21.22	 20.87	 0.939	 0.00003731	 0.417	  0.483	  1.60	  0.03	  0.0470	 0.8510	 0.00308196	 0.1702	 0.00000041	 0.2550	 0.88031395	 21.22	  5.40	 0.0290	 0.6617	 0.0100	
m70118c1r2.htb	   0.0	  0.03	 2.000	  0.00	  0.00	 40.00	   0.0	 0.0430	  5.07	 1.6000	  0.00	  0.02	 1.005	 0.00000000	 0.639	  0.646	  1.60	  0.03	  0.0810	 0.8886	 0.00146697	 0.5209	 0.00000000	 0.3377	        NaN	  0.00	  5.07	 0.0430	 0.7755	 0.0100	
m70118c2r2.htb	 180.0	  0.05	 2.000	  0.00	  0.00	 40.00	   0.0	 0.0340	  1.55	 1.6000	  0.23	  0.47	 1.224	 0.00000872	 0.372	  0.651	  1.60	  0.03	  0.0440	 0.9423	 0.00027728	 0.1078	 0.00000002	 0.0300	 0.98512008	  0.23	  1.32	 0.0341	 0.5692	 0.0100	
m70122c1r2.htb	   0.0	  0.03	 2.000	  0.00	  0.00	 100.00	   0.0	 0.1070	  6.47	 0.0250	  3.97	  4.00	 1.012	 0.12289264	 0.308	  0.613	  1.60	  0.03	  0.0050	 0.0036	 0.89835001	 0.0003	 0.85059967	 0.6401	 0.72610024	  3.97	  2.51	 0.1074	 0.0247	 0.0094	
m70123c1r2.htb	   0.0	  0.03	 4.000	  0.00	  0.00	 60.00	   0.0	 0.0250	  8.69	 0.2360	  4.29	  5.42	 1.346	 0.03073244	 0.415	  0.812	  1.60	  0.03	  0.0110	 0.8143	 0.00541831	 0.1569	 0.00068665	 0.2908	 0.86465804	  4.29	  4.39	 0.0251	 0.2599	 0.0002	
m70123c2r2.htb	 180.0	  0.03	 4.000	 10.00	 -20.00	 100.00	   0.0	 0.0260	 11.24	 0.2240	  5.37	  6.07	 1.134	 0.01350707	 0.458	  0.851	  1.60	  0.03	  0.0100	 0.8886	 0.00146490	 0.1946	 0.00013243	 0.3048	 0.85862542	  5.37	  5.88	 0.0256	 0.2501	 0.0003	
m70123c3r2.htb	 180.0	  0.03	 2.000	  0.00	  0.00	 120.00	   0.0	 0.0340	 15.88	 0.8170	  9.65	 10.65	 1.191	 0.01509508	 0.423	  0.648	  1.60	  0.03	  0.0210	 0.8220	 0.00485925	 0.1771	 0.00028555	 0.3942	 0.82108948	  9.65	  6.23	 0.0344	 0.3701	 0.0002	
m70124c1r2.htb	   0.0	  0.03	 2.000	  0.00	  0.00	 60.00	   0.0	 0.0250	  5.55	 1.6000	  0.18	  0.60	 1.087	 0.00000009	 0.573	  0.793	  1.60	  0.03	  0.0950	 0.9496	 0.00019740	 0.4637	 0.00000000	 0.3358	 0.84543284	  0.16	  5.39	 0.0250	 1.1097	 0.0100	
m70124c2r2.htb	 240.0	  0.03	 2.000	 10.00	 -20.00	 80.00	   0.0	 0.0300	  7.46	 1.6000	  4.15	  4.78	 1.234	 0.00058269	 0.474	  0.464	  1.60	  0.03	  0.0390	 0.8902	 0.00141452	 0.2727	 0.00000355	 0.5741	 0.75048768	  4.15	  3.31	 0.0298	 0.5685	 0.0100	
m70124c3r2.htb	 180.0	  0.03	 2.000	  0.00	  0.00	 100.00	   0.0	 0.1160	  9.31	 0.0250	  6.21	  4.68	 0.669	 0.08036775	 0.411	  0.426	  1.60	  0.03	  0.0150	 0.1012	 0.48676558	 0.0161	 0.29481185	 1.0007	 0.60630586	  6.21	  3.10	 0.1158	 0.0920	 0.0001	
m70124c4r2.htb	 180.0	  0.03	 2.000	 10.00	 -20.00	 60.00	   0.0	 0.0250	  8.40	 1.6000	  3.23	  4.33	 1.274	 0.00002752	 0.529	  0.648	  1.60	  0.03	  0.0800	 0.8605	 0.00260294	 0.3227	 0.00000024	 0.6326	 0.72885334	  3.21	  5.18	 0.0250	 1.2040	 0.0001	
m70125c1r2.htb	 270.0	  0.03	 2.000	  0.00	  0.00	 60.00	   0.0	 0.0300	  1.15	 1.6000	  0.06	  0.12	 1.060	 0.00154026	 0.352	  0.790	  1.60	  0.03	  0.0430	 0.9183	 0.00066677	 0.1348	 0.00000813	 0.0358	 0.98225024	  0.06	  1.09	 0.0297	 0.6145	 0.0100	
m70125c2r2.htb	 180.0	  0.03	 2.000	  0.00	  0.00	 120.00	   0.0	 0.0250	 16.18	 1.6000	  5.87	  6.49	 1.108	 0.00000051	 0.439	  1.171	  1.60	  0.03	  0.1400	 0.8623	 0.00251599	 0.2201	 0.00000001	 0.3767	 0.82833553	  5.44	 10.74	 0.0250	 1.6375	 0.0001	
m70125c3r2.htb	 180.0	  0.03	 2.000	  0.00	 -5.00	 100.00	   0.0	 0.0320	  9.07	 0.2570	  4.52	  4.88	 1.084	 0.06000114	 0.396	  0.579	  1.60	  0.03	  0.0130	 0.9012	 0.00108076	 0.1531	 0.00081133	 0.1107	 0.94613095	  4.52	  4.55	 0.0316	 0.2203	 0.0084	
m70125c4r2.htb	 180.0	  0.03	 2.000	  0.00	  0.00	 100.00	   0.0	 0.0280	 28.96	 1.6000	 19.87	 19.35	 0.946	 0.00002583	 0.511	  0.502	  1.60	  0.03	  0.0280	 0.9610	 0.00010368	 0.3645	 0.00000003	 0.1100	 0.94647282	 19.87	  9.09	 0.0279	 0.5606	 0.0001	
m70126c1r2.htb	 180.0	  0.03	 2.000	  0.00	  0.00	 60.00	   0.0	 0.0250	  5.32	 1.6000	  2.48	  1.84	 0.818	 0.00000003	 0.482	  0.487	  1.60	  0.03	  0.0250	 0.9707	 0.00005023	 0.2795	 0.00000000	 0.1587	 0.92370463	  2.48	  2.85	 0.0250	 0.5642	 0.0001	
m70126c2r2.htb	 180.0	  0.03	 2.000	 20.00	 -10.00	 60.00	   0.0	 0.0250	 20.01	 1.6000	 12.72	 13.52	 1.123	 0.00000001	 0.516	  0.527	  1.60	  0.03	  0.0350	 0.8976	 0.00118379	 0.3224	 0.00000000	 0.4609	 0.79416131	 12.72	  7.29	 0.0250	 0.7197	 0.0001	
m70126c3r2.htb	   0.0	  0.03	 2.000	 10.00	 -15.00	 60.00	   0.0	 0.0250	 14.64	 0.0260	  9.76	  6.94	 0.634	 0.00000000	 0.511	  0.470	  1.60	  0.03	  0.0020	 0.6986	 0.01916475	 0.2202	 0.00000000	 1.4411	 0.48649166	  9.76	  4.88	 0.0250	 0.0037	 0.0008	
m70126c4r2.htb	   0.0	  0.03	 2.000	 10.00	 -10.00	 60.00	   0.0	 0.0250	 12.54	 0.7210	  5.11	  3.68	 0.839	 0.00000000	 0.624	  0.419	  1.60	  0.03	  0.0160	 0.9903	 0.00000315	 0.6091	 0.00000000	 0.1524	 0.92661937	  5.11	  7.43	 0.0250	 0.3884	 0.0001	
m70126c5r2.htb	   0.0	  0.03	 4.000	 10.00	 -10.00	 60.00	   0.0	 0.0270	  8.38	 1.6000	  2.07	  2.44	 1.063	 0.00000000	 0.584	  0.557	  1.60	  0.03	  0.0340	 0.9884	 0.00000499	 0.5844	 0.00000000	 0.1056	 0.94857733	  2.07	  6.32	 0.0275	 0.5230	 0.0100	
m70129c1r2.htb	 150.0	  0.03	 2.000	  0.00	 -10.00	 60.00	   0.0	 0.0250	  7.59	 1.6000	  3.73	  3.53	 0.952	 0.00067828	 0.487	  0.563	  1.60	  0.03	  0.0370	 0.9411	 0.00029152	 0.2846	 0.00000198	 0.2454	 0.88453398	  3.73	  3.86	 0.0250	 0.7489	 0.0001	
m70131c1r2.htb	   0.0	  0.03	 2.000	  0.00	  0.00	 100.00	   0.0	 0.0250	  6.73	 1.6000	  2.10	  4.05	 1.754	 0.00000123	 0.459	  0.904	  1.60	  0.03	  0.1080	 0.8552	 0.00286443	 0.2089	 0.00000001	 0.3512	 0.83893694	  2.04	  4.69	 0.0250	 1.4208	 0.0001	
m70131c2r2.htb	   0.0	  0.03	 2.000	  0.00	  0.00	 100.00	   0.0	 0.0260	  6.47	 0.3310	  4.25	  4.13	 0.948	 0.02831369	 0.358	  0.617	  1.60	  0.03	  0.0130	 0.7564	 0.01095276	 0.0751	 0.00104795	 0.2029	 0.90354526	  4.25	  2.22	 0.0264	 0.2958	 0.0004	
m70131c2r2.htb	   0.0	  0.03	 2.000	  0.00	  0.00	 100.00	   0.0	 0.0250	  6.44	 0.3960	  4.25	  4.13	 0.947	 0.02831369	 0.358	  0.617	  1.60	  0.03	  0.0130	 0.7564	 0.01095317	 0.0751	 0.00104798	 0.2029	 0.90354561	  4.25	  2.19	 0.0250	 0.3245	 0.0001	
m70201c1r2.htb	 180.0	  0.03	 2.000	  0.00	  0.00	 80.00	   0.0	 0.0520	 12.90	 0.0250	  8.61	  7.71	 0.838	 0.00327825	 0.340	  0.884	  1.60	  0.03	  0.0020	 0.0180	 0.77449764	 0.0016	 0.55982658	 0.6221	 0.73269555	  8.61	  4.64	 0.0516	 0.0173	 0.0002	
m70201c2r2.htb	 180.0	  0.03	 2.000	 10.00	 -15.00	 50.00	   0.0	 0.0250	 22.38	 1.6000	 13.24	 14.00	 1.104	 0.00000000	 0.507	  0.609	  1.60	  0.03	  0.1050	 0.9617	 0.00009896	 0.3231	 0.00000000	 0.1473	 0.92897622	 13.13	  9.25	 0.0250	 1.3985	 0.0001	
m70201c3r2.htb	 360.0	  0.03	 2.000	 10.00	 -20.00	 60.00	   0.0	 0.0350	  5.75	 0.2530	  2.17	  2.24	 1.021	 0.01111638	 0.410	  0.452	  1.60	  0.03	  0.0140	 0.8309	 0.00425870	 0.1869	 0.00018617	 0.5541	 0.75800504	  2.17	  3.58	 0.0353	 0.2033	 0.0100	
m70202c1r2.htb	   0.0	  0.03	 2.000	  0.00	 -15.00	 60.00	   0.0	 0.0250	  8.92	 1.6000	  4.56	  3.61	 0.820	 0.00000000	 0.563	  0.489	  1.60	  0.03	  0.0380	 0.8129	 0.00552627	 0.3460	 0.00000000	 1.0859	 0.58102042	  4.56	  4.36	 0.0250	 0.7666	 0.0001	
m70202c2r2.htb	   0.0	  0.03	 2.000	 20.00	 -20.00	 60.00	   0.0	 0.0250	 35.36	 0.6830	 14.49	 16.07	 1.082	 0.00000000	 0.599	  0.782	  1.60	  0.03	  0.0160	 0.9743	 0.00003613	 0.5734	 0.00000000	 0.2078	 0.90130762	 14.49	 20.87	 0.0250	 0.3805	 0.0001	
m70202c3r2.htb	   0.0	  0.03	 2.000	 10.00	 -10.00	 60.00	   0.0	 0.0260	 11.97	 1.6000	  8.01	  8.64	 1.219	 0.00153763	 0.413	  0.510	  1.60	  0.03	  0.1260	 0.9294	 0.00046230	 0.1913	 0.00000668	 0.1525	 0.92656874	  7.90	  4.07	 0.0255	 1.5321	 0.0001	
m70202c4r2.htb	   0.0	  0.03	 2.000	 20.00	 -25.00	 50.00	   0.0	 0.0250	 19.48	 1.6000	  4.35	  5.82	 1.108	 0.00000000	 0.625	  0.831	  1.60	  0.03	  0.0370	 0.8835	 0.00164136	 0.5841	 0.00000000	 2.3361	 0.31097103	  4.35	 15.13	 0.0250	 0.7467	 0.0001	
m70202c5r2.htb	  60.0	  0.03	 2.000	 20.00	 -20.00	 60.00	   0.0	 0.0250	 22.23	 0.8860	 12.17	 11.17	 0.910	 0.03929253	 0.404	  0.946	  1.60	  0.03	  0.0170	 0.9819	 0.00001506	 0.1717	 0.00024266	 0.0064	 0.99679244	 12.17	 10.06	 0.0250	 0.4145	 0.0001	
m70205c1r2.htb	   0.0	  0.03	 2.000	 10.00	 -10.00	 60.00	   0.0	 0.0250	 22.73	 0.5170	 11.83	 13.26	 1.151	 0.00000000	 0.558	  0.600	  1.60	  0.03	  0.0140	 0.9792	 0.00002135	 0.4369	 0.00000000	 0.2139	 0.89855587	 11.83	 10.90	 0.0250	 0.3514	 0.0001	
m70205c2r2.htb	   0.0	  0.03	 2.000	  0.00	  0.00	 60.00	   0.0	 0.0250	 20.38	 0.0700	 15.65	 15.37	 0.945	 0.14605872	 0.367	  0.559	  1.60	  0.03	  0.0050	 0.8842	 0.00161926	 0.1206	 0.00322283	 0.1629	 0.92177060	 15.65	  4.75	 0.0252	 0.1183	 0.0001	
m70205c3r2.htb	   0.0	  0.03	 2.000	 -5.00	 -10.00	 60.00	   0.0	 0.0250	 11.67	 0.4200	  7.69	  7.09	 0.869	 0.00033674	 0.406	  0.571	  1.60	  0.03	  0.0130	 0.9329	 0.00040621	 0.1579	 0.00000116	 0.1240	 0.93987347	  7.69	  3.98	 0.0250	 0.3286	 0.0001	
m70207c1r2.htb	   0.0	  0.10	 2.000	 -10.00	 -10.00	 100.00	   0.0	 0.0250	  6.94	 1.6000	  4.67	  5.42	 1.501	 0.13736718	 0.360	  0.494	  1.60	  0.03	  0.0320	 0.8859	 0.00155823	 0.1230	 0.00291207	 0.1216	 0.94099486	  4.67	  2.27	 0.0250	 0.6791	 0.0001	
m70207c2r2.htb	 300.0	  0.03	 2.000	  0.00	 -20.00	 60.00	   0.0	 0.0350	  7.39	 1.5760	  5.10	  4.58	 0.815	 0.08131285	 0.367	  0.457	  1.60	  0.03	  0.0270	 0.8756	 0.00194214	 0.1391	 0.00147315	 0.1530	 0.92634059	  5.10	  2.29	 0.0346	 0.4476	 0.0026	
m70208c1r2.htb	   0.0	  0.03	 2.000	  0.00	  0.00	 100.00	   0.0	 0.6820	  3.37	 0.0250	  2.62	  2.46	 0.825	 0.22202298	 0.342	  0.719	  1.60	  0.03	  0.0980	 0.0155	 0.79009417	 0.0010	 0.72937595	 0.8354	 0.65857494	  2.62	  0.75	 0.6819	 0.1115	 0.0073	
m70208c2r2.htb	 360.0	  0.03	 2.000	  0.00	 -15.00	 60.00	   0.0	 0.0250	  7.31	 0.0260	  2.99	  3.03	 1.012	 0.00013313	 0.537	  0.589	  1.60	  0.03	  0.0020	 0.7670	 0.00975361	 0.2625	 0.00000578	 1.5632	 0.45766473	  2.99	  4.33	 0.0250	 0.0001	 0.0001	
m70208c3r2.htb	 300.0	  0.03	 2.000	  0.00	 -20.00	 60.00	   0.0	 0.0310	 15.61	 0.1960	  3.60	  4.23	 1.055	 0.00000000	 0.601	  0.591	  1.60	  0.03	  0.0110	 0.9912	 0.00000250	 0.5977	 0.00000000	 0.1545	 0.92565104	  3.60	 12.02	 0.0307	 0.1851	 0.0097	
m70208c4r2.htb	 300.0	  0.03	 2.000	 -10.00	 -15.00	 50.00	   0.0	 0.0250	 24.91	 1.6000	 11.74	 12.69	 1.078	 0.00000453	 0.525	  0.835	  1.60	  0.03	  0.0350	 0.9308	 0.00043918	 0.3871	 0.00000001	 0.3972	 0.81988927	 11.74	 13.17	 0.0250	 0.5722	 0.0100	
m70208c5r2.htb	 180.0	  0.03	 4.000	  0.00	 -10.00	 60.00	   0.0	 0.6540	 14.71	 0.0250	 10.37	  8.76	 0.730	 0.08152216	 0.382	  0.495	  1.60	  0.03	  0.0780	 0.0157	 0.78903185	 0.0025	 0.68158330	 1.7000	 0.42741147	 10.37	  4.35	 0.6543	 0.0937	 0.0001	
m70209c1r2.htb	   0.0	  0.03	 2.000	 -5.00	 -15.00	 60.00	   0.0	 0.0250	 12.74	 1.6000	  8.46	  8.31	 0.965	 0.00058974	 0.499	  0.432	  1.60	  0.03	  0.0320	 0.8723	 0.00207672	 0.2669	 0.00000468	 0.3856	 0.82466026	  8.46	  4.28	 0.0250	 0.6752	 0.0001	
m70209c2r2.htb	 100.0	  0.05	 2.000	 -5.00	 -15.00	 50.00	   0.0	 0.2370	 18.14	 0.0250	 11.74	 11.94	 1.032	 0.07923925	 0.401	  0.667	  1.60	  0.03	  0.0310	 0.0492	 0.63266996	 0.0079	 0.46543935	 1.4821	 0.47661626	 11.74	  6.40	 0.2368	 0.0966	 0.0073	
m70212c1r2.htb	   0.0	  0.03	 2.000	 10.00	 -25.00	 60.00	   0.0	 0.0250	  8.30	 0.0640	  3.93	  5.87	 1.798	 0.00084796	 0.451	  0.637	  1.60	  0.03	  0.0050	 0.9606	 0.00010587	 0.2850	 0.00000194	 0.2780	 0.87021803	  3.93	  4.36	 0.0250	 0.1064	 0.0004	
m70212c2r2.htb	   0.0	  0.03	 2.000	 10.00	 -20.00	 40.00	   0.0	 0.0250	  4.92	 0.0470	  1.40	  1.59	 1.058	 0.00000000	 0.575	  0.443	  1.60	  0.03	  0.0040	 0.9642	 0.00008347	 0.5743	 0.00000000	 0.5941	 0.74299042	  1.40	  3.52	 0.0250	 0.0701	 0.0002	
m70212c3r2.htb	   0.0	  0.03	 2.000	 10.00	 -30.00	 60.00	   0.0	 0.0250	  9.65	 0.0260	  5.29	  4.85	 0.909	 0.00000046	 0.459	  0.590	  1.60	  0.03	  0.0020	 0.8348	 0.00401014	 0.2140	 0.00000001	 0.3119	 0.85559040	  5.29	  4.36	 0.0250	 0.0001	 0.0001	
m70212c4r2.htb	   0.0	  0.03	 2.000	  0.00	 -30.00	 60.00	   0.0	 0.0320	  4.16	 0.1910	  1.55	  1.19	 0.881	 0.01478142	 0.443	  0.448	  1.60	  0.03	  0.0100	 0.7782	 0.00858782	 0.1682	 0.00042183	 0.7847	 0.67548030	  1.55	  2.61	 0.0317	 0.2007	 0.0020	
m70213c1r2.htb	 270.0	  0.03	 2.000	 -5.00	 -15.00	 40.00	   0.0	 0.0250	  3.04	 1.6000	  0.00	  0.20	 1.070	 0.00000000	 0.655	  0.564	  1.60	  0.03	  0.0590	 0.8192	 0.00505874	 0.5532	 0.00000000	 1.8916	        NaN	  0.00	  3.04	 0.0250	 1.0120	 0.0001	
m70216c1r2.htb	   0.0	  0.03	 2.000	  0.00	 -15.00	 60.00	   0.0	 0.0310	  6.44	 0.2350	  2.38	  2.33	 0.988	 0.07496962	 0.330	  0.893	  1.60	  0.03	  0.0130	 0.9191	 0.00065172	 0.0808	 0.00104486	 0.0326	 0.98381678	  2.38	  4.06	 0.0311	 0.2124	 0.0075	
m70219c1r2.htb	   0.0	  0.03	 2.000	  0.00	  0.00	 120.00	   0.0	 0.0250	  8.82	 1.6000	  0.32	  0.50	 1.022	 0.00000000	 0.649	  0.731	  1.60	  0.03	  0.0330	 0.9856	 0.00000856	 0.7016	 0.00000000	 0.5811	 0.74784028	  0.32	  8.50	 0.0250	 0.6970	 0.0001	
m70221c1r2.htb	   0.0	  0.03	 2.000	 -5.00	 -15.00	 70.00	   0.0	 0.0250	  2.40	 1.0480	  1.41	  1.52	 1.120	 0.11512698	 0.309	  0.544	  1.60	  0.03	  0.0180	 0.8431	 0.00351331	 0.0616	 0.00311786	 0.1104	 0.94628271	  1.41	  0.99	 0.0250	 0.4354	 0.0001	
m70221c2r2.htb	 180.0	  0.03	 2.000	  0.00	  0.00	 100.00	   0.0	 0.0250	  5.84	 1.6000	  3.14	  3.26	 1.045	 0.00339654	 0.355	  0.663	  1.60	  0.03	  0.0250	 0.9255	 0.00052840	 0.1245	 0.00001902	 0.0747	 0.96332165	  3.14	  2.70	 0.0250	 0.5690	 0.0001	
m70222c1r2.htb	   0.0	  0.03	 2.000	  0.00	  0.00	 100.00	   0.0	 0.0250	  5.31	 1.6000	  1.77	  1.89	 1.034	 0.00000102	 0.442	  0.792	  1.60	  0.03	  0.0540	 0.8509	 0.00308495	 0.2197	 0.00000001	 0.3721	 0.83023699	  1.77	  3.54	 0.0250	 0.9572	 0.0001	
m70222c2r2.htb	   0.0	  0.03	 2.000	  0.00	  0.00	 100.00	   0.0	 0.0250	  4.16	 0.7680	  2.27	  2.10	 0.917	 0.00000000	 0.420	  0.513	  1.60	  0.03	  0.0170	 0.8560	 0.00282174	 0.1483	 0.00000000	 0.3768	 0.82830386	  2.27	  1.89	 0.0250	 0.3994	 0.0001	
m70222c4r2.htb	 180.0	  0.03	 2.000	  0.00	 -25.00	 60.00	   0.0	 0.0250	  3.79	 1.6000	  1.94	  1.91	 0.984	 0.00003634	 0.392	  0.485	  1.60	  0.03	  0.0470	 0.9725	 0.00004282	 0.2212	 0.00000005	 0.0571	 0.97185032	  1.94	  1.85	 0.0250	 0.8778	 0.0001	
m70223c1r2.htb	   0.0	  0.03	 2.000	 10.00	 10.00	 50.00	   0.0	 0.0720	  6.31	 1.6000	  3.48	  3.18	 0.904	 0.04135952	 0.389	  0.638	  1.60	  0.03	  0.0760	 0.8152	 0.00535743	 0.1490	 0.00096668	 0.1962	 0.90657758	  3.48	  2.82	 0.0718	 0.5744	 0.0052	
m70223c2r2.htb	   0.0	  0.05	 2.000	  0.00	  0.00	 100.00	   0.0	 0.0250	  9.14	 1.6000	  3.55	  3.96	 1.079	 0.00000000	 0.467	  0.677	  1.60	  0.03	  0.0230	 0.9976	 0.00000009	 0.2997	 0.00000000	 0.0120	 0.99400342	  3.55	  5.60	 0.0250	 0.5288	 0.0001	
m70223c3r2.htb	   0.0	  0.05	 2.000	  0.00	  0.00	 100.00	   0.0	 0.0250	 10.43	 0.0260	  4.75	  4.75	 1.000	 0.00000002	 0.444	  0.750	  1.60	  0.03	  0.0020	 0.9173	 0.00068786	 0.2719	 0.00000000	 0.2540	 0.88071369	  4.75	  5.68	 0.0250	 0.0008	 0.0003	
m70226c1r2.htb	   0.0	  0.03	 2.000	 -5.00	 -5.00	 70.00	   0.0	 0.0250	  2.49	 1.6000	  0.43	  0.90	 1.304	 0.00001607	 0.430	  0.700	  1.60	  0.03	  0.1040	 0.8206	 0.00496306	 0.1734	 0.00000031	 0.3343	 0.84606262	  0.41	  2.08	 0.0250	 1.3905	 0.0001	
m70226c2r2.htb	 120.0	  0.03	 2.000	 20.00	 -5.00	 60.00	   0.0	 0.0250	  6.56	 1.6000	  4.11	  4.60	 1.250	 0.01651044	 0.323	  0.603	  1.60	  0.03	  0.0240	 0.9585	 0.00012080	 0.1042	 0.00010046	 0.0138	 0.99313013	  4.11	  2.45	 0.0250	 0.5440	 0.0001	
m70226c3r2.htb	 180.0	  0.03	 2.000	  0.00	 -10.00	 60.00	   0.0	 0.0410	  8.66	 1.2270	  5.56	  5.57	 1.005	 0.13152786	 0.399	  0.638	  1.60	  0.03	  0.0300	 0.7473	 0.01205391	 0.1051	 0.00619286	 0.3952	 0.82070520	  5.56	  3.11	 0.0414	 0.3723	 0.0100	
m70306c1r2.htb	   0.0	  0.03	 2.000	 -10.00	 -10.00	 60.00	   0.0	 0.0250	  3.23	 1.6000	  1.29	  2.77	 4.152	 0.00233856	 0.377	  0.748	  1.60	  0.03	  0.0740	 0.6907	 0.02051877	 0.0805	 0.00017787	 0.2468	 0.88390242	  1.29	  1.94	 0.0250	 0.9566	 0.0100	
m70306c2r2.htb	   0.0	  0.03	 2.000	  0.00	  0.00	 100.00	   0.0	 0.0330	  8.15	 0.3160	  2.85	  3.23	 1.078	 0.00248710	 0.406	  0.639	  1.60	  0.03	  0.0150	 0.9663	 0.00007176	 0.2590	 0.00000683	 0.0286	 0.98581934	  2.85	  5.30	 0.0333	 0.2322	 0.0100	
m70306c3r2.htb	 240.0	  0.03	 2.000	 20.00	 10.00	 60.00	   0.0	 0.0250	 12.66	 0.0380	  5.30	  4.98	 0.958	 0.00000250	 0.520	  0.674	  1.60	  0.03	  0.0030	 0.9354	 0.00036829	 0.4001	 0.00000000	 0.2101	 0.90027640	  5.30	  7.36	 0.0250	 0.0439	 0.0020	
m70308c1r2.htb	   0.0	  0.03	 2.000	 20.00	 -10.00	 60.00	   0.0	 0.0250	 18.50	 1.6000	  0.38	  5.22	 1.375	 0.00000000	 0.660	  1.125	  1.60	  0.03	  0.0960	 0.8689	 0.00221976	 0.6070	 0.00000000	 1.9028	 0.38619301	  0.24	 18.26	 0.0250	 1.3316	 0.0001	
m70308c2r2.htb	   0.0	  0.03	 2.000	 -5.00	 -5.00	 50.00	   0.0	 0.0250	 12.41	 1.6000	  5.99	  6.50	 1.086	 0.00000000	 0.546	  0.561	  1.60	  0.03	  0.0430	 0.9218	 0.00059753	 0.4202	 0.00000000	 0.7113	 0.70070954	  5.99	  6.42	 0.0250	 0.8249	 0.0001	
m70308c3r2.htb	   0.0	  0.03	 2.000	 10.00	 -10.00	 50.00	   0.0	 0.0250	 12.38	 1.6000	  3.21	  2.69	 0.946	 0.00000000	 0.663	  0.479	  1.60	  0.03	  0.0470	 0.9685	 0.00006072	 0.6999	 0.00000000	 0.3929	 0.82165120	  3.21	  9.16	 0.0250	 0.8780	 0.0001	
m70309c1r2.htb	   0.0	  0.03	 2.000	  0.00	 -10.00	 50.00	   0.0	 0.0250	  4.09	 1.6000	  0.85	  1.14	 1.100	 0.00000026	 0.519	  0.580	  1.60	  0.03	  0.0230	 0.9897	 0.00000369	 0.4657	 0.00000000	 0.1513	 0.92715165	  0.85	  3.24	 0.0250	 0.5289	 0.0001	
m70309c2r2.htb	   0.0	  0.03	 2.000	  0.00	 -5.00	 50.00	   0.0	 0.0320	  9.59	 0.3210	  3.24	  2.11	 0.849	 0.00000006	 0.481	  0.662	  1.60	  0.03	  0.0140	 0.9349	 0.00037620	 0.2617	 0.00000000	 0.2944	 0.86310758	  3.24	  6.35	 0.0317	 0.2481	 0.0059	
m70309c3r2.htb	   0.0	  0.03	 2.000	  5.00	  0.00	 50.00	   0.0	 0.0250	 16.43	 1.3430	  5.12	  6.32	 1.119	 0.00000024	 0.514	  0.979	  1.60	  0.03	  0.0190	 0.9598	 0.00011167	 0.4529	 0.00000000	 0.2770	 0.87067577	  5.12	 11.31	 0.0250	 0.4578	 0.0001	
m70312c1r2.htb	   0.0	  0.03	 2.000	 -5.00	  0.00	 70.00	   0.0	 0.0360	  5.77	 1.0120	  0.53	  0.37	 0.971	 0.00000001	 0.491	  0.831	  1.60	  0.03	  0.0220	 0.8871	 0.00151626	 0.2673	 0.00000000	 0.3777	 0.82792765	  0.53	  5.24	 0.0360	 0.3770	 0.0001	
m70313c1r2.htb	  60.0	  0.03	 2.000	  0.00	  0.00	 100.00	   0.0	 0.0400	  1.67	 1.6000	  0.68	  0.91	 1.297	 0.14448569	 0.285	  0.864	  1.60	  0.03	  0.0410	 0.6996	 0.01899713	 0.0419	 0.00945538	 0.1821	 0.91298799	  0.68	  0.98	 0.0398	 0.4962	 0.0100	
m70313c2r2.htb	  60.0	  0.03	 2.000	 10.00	  5.00	 50.00	   0.0	 0.0350	 19.80	 1.6000	 11.29	 13.88	 1.437	 0.00000022	 0.433	  0.785	  1.60	  0.03	  0.0710	 0.9360	 0.00036034	 0.2483	 0.00000000	 0.1241	 0.93985893	 11.29	  8.50	 0.0355	 0.9137	 0.0001	
m70410c1r2.htb	   0.0	  0.03	 2.000	 10.00	 -20.00	 40.00	   0.0	 0.0250	 22.81	 1.6000	  1.46	  1.99	 1.025	 0.00000000	 0.652	  1.021	  1.60	  0.03	  0.0520	 0.9751	 0.00003368	 0.7085	 0.00000000	 0.5469	 0.76076205	  1.46	 21.34	 0.0250	 0.9322	 0.0001	
m70410c2r2.htb	   0.0	  0.03	 2.000	  5.00	 -20.00	 40.00	   0.0	 0.0250	 13.63	 1.6000	  6.05	  6.62	 1.081	 0.00019572	 0.491	  0.883	  1.60	  0.03	  0.0460	 0.8722	 0.00207912	 0.2906	 0.00000148	 1.6036	 0.44851311	  6.05	  7.58	 0.0250	 0.8613	 0.0001	
m70410c3r2.htb	   0.0	  0.03	 2.000	  0.00	  0.00	 100.00	   0.0	 0.0250	  5.84	 1.6000	  1.35	  4.08	 2.552	 0.07313262	 0.369	  1.239	  1.60	  0.03	  0.0220	 0.8353	 0.00397908	 0.1359	 0.00168502	 0.1456	 0.92977831	  1.35	  4.49	 0.0250	 0.4996	 0.0001	
m70411c2r2.htb	 180.0	  0.03	 4.000	  5.00	  0.00	 100.00	   0.0	 0.0280	  0.76	 0.1650	  0.13	  0.27	 1.287	 0.04616075	 0.320	  0.583	  1.60	  0.03	  0.0090	 0.9110	 0.00082997	 0.0825	 0.00058085	 0.0383	 0.98104078	  0.13	  0.63	 0.0277	 0.1952	 0.0025	
m70412c1r2.htb	   0.0	  0.03	 2.000	  0.00	  0.00	 50.00	   0.0	 0.0370	  2.04	 1.6000	  0.17	  0.37	 1.121	 0.00000001	 0.457	  0.624	  1.60	  0.03	  0.0300	 0.9448	 0.00024833	 0.2856	 0.00000000	 0.1947	 0.90723202	  0.17	  1.87	 0.0367	 0.4885	 0.0001	
m70412c2r2.htb	   0.0	  0.03	 2.000	 -15.00	  0.00	 60.00	   0.0	 0.0250	  3.38	 0.9550	  1.30	  1.14	 0.933	 0.02100548	 0.338	  0.817	  1.60	  0.03	  0.0180	 0.9459	 0.00023600	 0.0989	 0.00015430	 0.1539	 0.92595585	  1.30	  2.09	 0.0250	 0.4203	 0.0001	
m70412c3r2.htb	 180.0	  0.03	 2.000	  0.00	  0.00	 100.00	   0.0	 0.0250	  4.71	 1.6000	  3.40	  3.53	 1.110	 0.00741455	 0.297	  0.459	  1.60	  0.03	  0.0390	 0.8684	 0.00224276	 0.0713	 0.00008920	 0.0556	 0.97259843	  3.40	  1.31	 0.0250	 0.7716	 0.0001	
m70417c1r2.htb	   0.0	  0.03	 2.000	  0.00	 -15.00	 50.00	   0.0	 0.0250	  5.26	 1.6000	  0.98	  1.29	 1.082	 0.00000000	 0.575	  0.563	  1.60	  0.03	  0.0780	 0.9442	 0.00025482	 0.4896	 0.00000000	 0.4937	 0.78126014	  0.97	  4.29	 0.0250	 1.1873	 0.0001	
m70417c2r2.htb	   0.0	  0.03	 2.000	 10.00	 -15.00	 50.00	   0.0	 0.0250	 27.57	 1.6000	 11.15	  9.95	 0.968	 0.00000000	 0.613	  0.695	  1.60	  0.03	  0.1370	 0.9079	 0.00090467	 0.5112	 0.00000000	 0.9275	 0.62890579	 10.51	 17.06	 0.0250	 1.6195	 0.0001	
m70417c3r2.htb	   0.0	  0.03	 8.000	  0.00	  0.00	 100.00	   0.0	 0.0250	  6.42	 0.0290	  2.54	  3.58	 1.368	 0.13153752	 0.427	  0.890	  1.60	  0.03	  0.0020	 0.7292	 0.01444939	 0.1025	 0.00689005	 0.3369	 0.84499444	  2.54	  3.89	 0.0250	 0.0113	 0.0100	
m70418c1r2.htb	   0.0	  0.03	 4.000	  0.00	 -20.00	 60.00	   0.0	 0.0250	  5.58	 1.1760	  1.44	  1.87	 1.114	 0.00000000	 0.506	  0.704	  1.60	  0.03	  0.0190	 0.8869	 0.00152439	 0.3318	 0.00000000	 0.2575	 0.87921436	  1.44	  4.14	 0.0250	 0.4403	 0.0001	
m70418c2r2.htb	   0.0	  0.03	 4.000	 10.00	 -10.00	 50.00	   0.0	 0.0250	 14.61	 1.6000	  3.36	  4.03	 1.063	 0.00000000	 0.639	  0.632	  1.60	  0.03	  0.0530	 0.9719	 0.00004554	 0.6306	 0.00000000	 0.2884	 0.86573592	  3.36	 11.25	 0.0250	 0.9446	 0.0001	
m70418c3r2.htb	   0.0	  0.03	 4.000	  0.00	  0.00	 100.00	   0.0	 0.0330	 15.88	 0.1860	  5.13	  5.17	 1.004	 0.00168880	 0.511	  0.726	  1.60	  0.03	  0.0110	 0.7866	 0.00776236	 0.2191	 0.00004378	 0.7754	 0.67861928	  5.13	 10.75	 0.0330	 0.1751	 0.0097	
m70419c1r2.htb	   0.0	  0.03	 4.000	  0.00	 -10.00	 50.00	   0.0	 0.0360	 13.91	 1.6000	  3.26	  2.64	 0.945	 0.00000000	 0.667	  0.465	  1.60	  0.03	  0.0420	 0.9935	 0.00000115	 0.7842	 0.00000000	 0.1799	 0.91397905	  3.26	 10.65	 0.0358	 0.6434	 0.0001	
m70419c2r2.htb	   0.0	  0.03	 4.000	  0.00	  0.00	 100.00	   0.0	 0.0360	 31.70	 1.6000	  8.65	  6.57	 0.917	 0.00000000	 0.725	  0.543	  1.60	  0.03	  0.0740	 0.9708	 0.00005001	 0.8609	 0.00000000	 1.3028	 0.52132065	  8.64	 23.06	 0.0360	 0.8012	 0.0100	
m70419c4r2.htb	   0.0	  0.03	 4.000	  0.00	  0.00	 100.00	   0.0	 0.0250	  6.20	 1.6000	  1.83	  1.90	 1.018	 0.00000000	 0.595	  0.452	  1.60	  0.03	  0.0670	 0.9024	 0.00104871	 0.5407	 0.00000000	 1.0240	 0.59929986	  1.82	  4.38	 0.0250	 1.0935	 0.0001	
