FILE			 PrfOR	 PrfSF	 PrfTF	 RFXctr	 RFYctr	 RFDiam	 GrType	 0Hz_freq	 2Hz_freq	 2Hz/0Hz	
m60201c1r3.htb	  30.0	  0.03	 2.000	  0.00	 -5.00	 50.00	   0.0	 125.3250	 15.6240	 0.1247	
m60201c1r3.htb	  30.0	  0.03	 2.000	  0.00	 -5.00	 50.00	   1.0	 53.9734	 12.4145	 0.2300	
m60208c1r2.htb	  30.0	  0.03	 2.000	  0.00	  0.00	 45.00	   0.0	 803.1357	 85.6958	 0.1067	
m60208c1r2.htb	  30.0	  0.03	 2.000	  0.00	  0.00	 45.00	   1.0	 485.0648	 11.3761	 0.0235	
m60213c1r3.htb	  30.0	  0.05	 2.000	 -5.00	 10.00	 40.00	   0.0	 622.3069	 93.5507	 0.1503	
m60213c1r3.htb	  30.0	  0.05	 2.000	 -5.00	 10.00	 40.00	   1.0	 334.1151	 14.6450	 0.0438	
m60217c1r2.htb	  30.0	  0.03	 2.000	 10.00	 15.00	 50.00	   0.0	 581.7101	 52.4756	 0.0902	
m60217c1r2.htb	  30.0	  0.03	 2.000	 10.00	 15.00	 50.00	   1.0	 322.2644	 17.6688	 0.0548	
m60220c2r2.htb	   0.0	  0.03	 2.000	  0.00	 15.00	 60.00	   0.0	 526.8727	 11.9401	 0.0227	
m60220c2r2.htb	   0.0	  0.03	 2.000	  0.00	 15.00	 60.00	   1.0	 325.2741	 3.1100	 0.0096	
m60220c3r2.htb	  30.0	  0.03	 2.000	 10.00	 10.00	 50.00	   0.0	 368.5794	 39.9747	 0.1085	
m60220c3r2.htb	  30.0	  0.03	 2.000	 10.00	 10.00	 50.00	   1.0	 173.1514	 22.3277	 0.1289	
m60220c6r3.htb	  30.0	  0.03	 2.000	  0.00	 10.00	 40.00	   0.0	 1806.9779	 108.3824	 0.0600	
m60220c6r3.htb	  30.0	  0.03	 2.000	  0.00	 10.00	 40.00	   1.0	 978.3139	 44.7525	 0.0457	
m60221c1r2.htb	   0.0	  0.05	 2.000	 -10.00	 10.00	 50.00	   0.0	 326.7424	 23.4041	 0.0716	
m60221c1r2.htb	   0.0	  0.05	 2.000	 -10.00	 10.00	 50.00	   1.0	 177.1634	 22.7763	 0.1286	
m60221c2r2.htb	   0.0	  0.03	 4.000	 -10.00	 10.00	 60.00	   0.0	 741.9293	 66.6584	 0.0898	
m60221c2r2.htb	   0.0	  0.03	 4.000	 -10.00	 10.00	 60.00	   1.0	 368.3210	 13.9768	 0.0379	
m60221c3r2.htb	   0.0	  0.03	 2.000	  3.00	  8.00	 50.00	   0.0	 933.7315	 78.9200	 0.0845	
m60221c3r2.htb	   0.0	  0.03	 2.000	  3.00	  8.00	 50.00	   1.0	 474.5657	 53.1098	 0.1119	
m60221c4r3.htb	   0.0	  0.03	 2.000	  8.00	  0.00	 50.00	   0.0	 1472.7589	 127.7429	 0.0867	
m60221c4r3.htb	   0.0	  0.03	 2.000	  8.00	  0.00	 50.00	   1.0	 783.9001	 78.6662	 0.1004	
m60221c5r2.htb	   0.0	  0.03	 2.000	 10.00	 -5.00	 50.00	   0.0	 333.6388	 6.8108	 0.0204	
m60221c5r2.htb	   0.0	  0.03	 2.000	 10.00	 -5.00	 50.00	   1.0	 173.3941	 32.2083	 0.1858	
m60227c1r2.htb	  30.0	  0.03	 2.000	  5.00	  0.00	 40.00	   0.0	 1201.9982	 52.5894	 0.0438	
m60227c1r2.htb	  30.0	  0.03	 2.000	  5.00	  0.00	 40.00	   1.0	 646.4701	 59.6249	 0.0922	
m60227c2r2.htb	   0.0	  0.05	 2.000	  8.00	  4.00	 40.00	   0.0	 1019.2417	 59.2302	 0.0581	
m60227c2r2.htb	   0.0	  0.05	 2.000	  8.00	  4.00	 40.00	   1.0	 454.5194	 39.5153	 0.0869	
m60404c1r2.htb	   0.0	  0.03	 2.000	  0.00	  0.00	 40.00	   0.0	 713.4504	 22.5601	 0.0316	
m60404c1r2.htb	   0.0	  0.03	 2.000	  0.00	  0.00	 40.00	   1.0	 300.8448	 36.9700	 0.1229	
m60411c1r2.htb	   0.0	  0.03	 2.000	 -10.00	 -5.00	 40.00	   0.0	 523.8587	 45.4951	 0.0868	
m60411c1r2.htb	   0.0	  0.03	 2.000	 -10.00	 -5.00	 40.00	   1.0	 234.6220	 76.9164	 0.3278	
m60412c3r2.htb	   0.0	  0.03	 2.000	  0.00	 -10.00	 40.00	   0.0	 990.9228	 59.5345	 0.0601	
m60412c3r2.htb	   0.0	  0.03	 2.000	  0.00	 -10.00	 40.00	   1.0	 479.3754	 53.5591	 0.1117	
m60413c1r2.htb	 180.0	  0.03	 2.000	 -5.00	 -25.00	 60.00	   0.0	 588.9818	 22.3717	 0.0380	
m60413c1r2.htb	 180.0	  0.03	 2.000	 -5.00	 -25.00	 60.00	   1.0	 304.8340	 11.1597	 0.0366	
m60413c2r2.htb	 180.0	  0.03	 2.000	 -8.00	 -5.00	 40.00	   0.0	 288.1672	 43.7372	 0.1518	
m60413c2r2.htb	 180.0	  0.03	 2.000	 -8.00	 -5.00	 40.00	   1.0	 199.2668	 7.4611	 0.0374	
m60417c1r2.htb	 180.0	  0.03	 2.000	  0.00	 10.00	 50.00	   0.0	 75.1950	 22.3785	 0.2976	
m60417c1r2.htb	 180.0	  0.03	 2.000	  0.00	 10.00	 50.00	   1.0	 32.5845	 10.0073	 0.3071	
m60418c2r2.htb	   0.0	  0.03	 2.000	 -5.00	 -15.00	 50.00	   0.0	 1736.0808	 68.8124	 0.0396	
m60418c2r2.htb	   0.0	  0.03	 2.000	 -5.00	 -15.00	 50.00	   1.0	 920.4294	 58.7569	 0.0638	
m60418c3r2.htb	   0.0	  0.03	 2.000	  0.00	 -10.00	 50.00	   0.0	 1450.4223	 69.8704	 0.0482	
m60418c3r2.htb	   0.0	  0.03	 2.000	  0.00	 -10.00	 50.00	   1.0	 756.4957	 31.3952	 0.0415	
m60420c3r2.htb	   0.0	  0.03	 2.000	 -5.00	  5.00	 40.00	   0.0	 1255.5774	 124.6057	 0.0992	
m60420c3r2.htb	   0.0	  0.03	 2.000	 -5.00	  5.00	 40.00	   1.0	 621.1668	 64.0632	 0.1031	
m60420c4r2.htb	   0.0	  0.03	 2.000	 10.00	 -8.00	 40.00	   0.0	 766.5212	 38.4322	 0.0501	
m60420c4r2.htb	   0.0	  0.03	 2.000	 10.00	 -8.00	 40.00	   1.0	 346.5999	 43.4619	 0.1254	
m60420c5r2.htb	   0.0	  0.03	 2.000	  8.00	 -5.00	 40.00	   0.0	 1544.3468	 66.2345	 0.0429	
m60420c5r2.htb	   0.0	  0.03	 2.000	  8.00	 -5.00	 40.00	   1.0	 754.6323	 38.3066	 0.0508	
m60424c6r2.htb	   0.0	  0.03	 2.000	 -5.00	 -5.00	 30.00	   0.0	 1556.6020	 32.4451	 0.0208	
m60424c6r2.htb	   0.0	  0.03	 2.000	 -5.00	 -5.00	 30.00	   1.0	 803.1230	 43.2890	 0.0539	
m60515c4r2.htb	   0.0	  0.03	 2.000	 -10.00	 10.00	 40.00	   0.0	 349.1981	 55.4677	 0.1588	
m60515c4r2.htb	   0.0	  0.03	 2.000	 -10.00	 10.00	 40.00	   1.0	 194.2402	 40.6062	 0.2091	
m60518c3r2.htb	   0.0	  0.03	 2.000	 10.00	  5.00	 40.00	   0.0	 1300.7473	 70.2560	 0.0540	
m60518c3r2.htb	   0.0	  0.03	 2.000	 10.00	  5.00	 40.00	   1.0	 707.7029	 24.0823	 0.0340	
m60518c4r2.htb	   0.0	  0.03	 2.000	  0.00	 -10.00	 40.00	   0.0	 704.4216	 66.5046	 0.0944	
m60518c4r2.htb	   0.0	  0.03	 2.000	  0.00	 -10.00	 40.00	   1.0	 368.2676	 51.6080	 0.1401	
m60524c6r2.htb	   0.0	  0.03	 2.000	 -12.00	 -8.00	 40.00	   0.0	 764.8207	 34.7974	 0.0455	
m60524c6r2.htb	   0.0	  0.03	 2.000	 -12.00	 -8.00	 40.00	   1.0	 307.9601	 30.0627	 0.0976	
m60629c1r2.htb	   0.0	  0.03	 2.000	  0.00	 -5.00	 40.00	   0.0	 996.6465	 52.5222	 0.0527	
m60629c1r2.htb	   0.0	  0.03	 2.000	  0.00	 -5.00	 40.00	   1.0	 533.1701	 20.8451	 0.0391	
m60629c2r2.htb	   0.0	  0.03	 2.000	  0.00	  0.00	 40.00	   0.0	 1264.8507	 59.9075	 0.0474	
m60629c2r2.htb	   0.0	  0.03	 2.000	  0.00	  0.00	 40.00	   1.0	 696.7966	 5.7248	 0.0082	
m60630c1r2.htb	   0.0	  0.03	 2.000	  0.00	 -8.00	 60.00	   0.0	 656.0015	 51.8700	 0.0791	
m60630c1r2.htb	   0.0	  0.03	 2.000	  0.00	 -8.00	 60.00	   1.0	 374.3789	 25.2659	 0.0675	
m60630c2r2.htb	   0.0	  0.03	 2.000	  0.00	 10.00	 50.00	   0.0	 864.4736	 38.8765	 0.0450	
m60630c2r2.htb	   0.0	  0.03	 2.000	  0.00	 10.00	 50.00	   1.0	 414.9415	 25.7416	 0.0620	
m60706c1r2.htb	   0.0	  0.03	 2.000	 10.00	  0.00	 40.00	   0.0	 763.7819	 37.7462	 0.0494	
m60706c1r2.htb	   0.0	  0.03	 2.000	 10.00	  0.00	 40.00	   1.0	 312.0246	 27.0595	 0.0867	
m60706c2r2.htb	   0.0	  0.03	 2.000	  0.00	 -10.00	 40.00	   0.0	 827.7842	 131.2804	 0.1586	
m60706c2r2.htb	   0.0	  0.03	 2.000	  0.00	 -10.00	 40.00	   1.0	 494.7892	 21.4824	 0.0434	
m60706c3r2.htb	   0.0	  0.03	 2.000	 -5.00	 -10.00	 40.00	   0.0	 1037.3375	 16.6956	 0.0161	
m60706c3r2.htb	   0.0	  0.03	 2.000	 -5.00	 -10.00	 40.00	   1.0	 574.7074	 82.0938	 0.1428	
m60706c4r2.htb	   0.0	  0.03	 2.000	 10.00	 -10.00	 40.00	   0.0	 458.9600	 15.1240	 0.0330	
m60706c4r2.htb	   0.0	  0.03	 2.000	 10.00	 -10.00	 40.00	   1.0	 229.1404	 12.6229	 0.0551	
m60711c2r2.htb	   0.0	  0.03	 2.000	 -5.00	  8.00	 40.00	   0.0	 1260.0526	 216.4019	 0.1717	
m60711c2r2.htb	   0.0	  0.03	 2.000	 -5.00	  8.00	 40.00	   1.0	 699.4656	 105.6684	 0.1511	
m60712c2r2.htb	   0.0	  0.03	 2.000	 -5.00	  5.00	 40.00	   0.0	 1227.3954	 48.0546	 0.0392	
m60712c2r2.htb	   0.0	  0.03	 2.000	 -5.00	  5.00	 40.00	   1.0	 566.7879	 35.8936	 0.0633	
m60713c1r2.htb	   0.0	  0.03	 2.000	  8.00	  0.00	 60.00	   0.0	 230.9656	 45.0048	 0.1949	
m60713c1r2.htb	   0.0	  0.03	 2.000	  8.00	  0.00	 60.00	   1.0	 90.2340	 9.9878	 0.1107	
m60713c2r2.htb	   0.0	  0.03	 2.000	 -10.00	 10.00	 40.00	   0.0	 244.2336	 14.9535	 0.0612	
m60713c2r2.htb	   0.0	  0.03	 2.000	 -10.00	 10.00	 40.00	   1.0	 96.3535	 10.2867	 0.1068	
m60713c3r2.htb	   0.0	  0.03	 2.000	  0.00	  0.00	 40.00	   0.0	 430.2332	 36.1409	 0.0840	
m60713c3r2.htb	   0.0	  0.03	 2.000	  0.00	  0.00	 40.00	   1.0	 206.9794	 25.7402	 0.1244	
m60714c1r2.htb	   0.0	  0.03	 2.000	  5.00	  3.00	 40.00	   0.0	 641.2700	 57.2898	 0.0893	
m60714c1r2.htb	   0.0	  0.03	 2.000	  5.00	  3.00	 40.00	   1.0	 298.0727	 35.8515	 0.1203	
m60714c2r2.htb	   0.0	  0.03	 2.000	 -5.00	 -8.00	 40.00	   0.0	 160.4161	 78.3984	 0.4887	
m60714c2r2.htb	   0.0	  0.03	 2.000	 -5.00	 -8.00	 40.00	   1.0	 83.9679	 29.7538	 0.3543	
m60714c3r2.htb	   0.0	  0.03	 2.000	 -8.00	  0.00	 40.00	   0.0	 1282.9704	 121.6056	 0.0948	
m60714c3r2.htb	   0.0	  0.03	 2.000	 -8.00	  0.00	 40.00	   1.0	 594.1421	 72.5946	 0.1222	
m60714c4r2.htb	   0.0	  0.03	 2.000	 -5.00	  8.00	 40.00	   0.0	 625.7017	 79.4805	 0.1270	
m60714c4r2.htb	   0.0	  0.03	 2.000	 -5.00	  8.00	 40.00	   1.0	 294.4686	 44.3682	 0.1507	
m60717c1r2.htb	   0.0	  0.03	 2.000	 -8.00	 -8.00	 40.00	   0.0	 702.1330	 38.2383	 0.0545	
m60717c1r2.htb	   0.0	  0.03	 2.000	 -8.00	 -8.00	 40.00	   1.0	 291.9372	 25.0678	 0.0859	
m60717c2r2.htb	 170.0	  0.03	 2.000	  8.00	 -10.00	 40.00	   0.0	 437.4316	 138.6356	 0.3169	
m60717c2r2.htb	 170.0	  0.03	 2.000	  8.00	 -10.00	 40.00	   1.0	 288.3376	 76.3062	 0.2646	
m60719c1r2.htb	   0.0	  0.03	 2.000	  5.00	 -10.00	 40.00	   0.0	 273.4731	 5.8978	 0.0216	
m60719c1r2.htb	   0.0	  0.03	 2.000	  5.00	 -10.00	 40.00	   1.0	 149.1368	 31.1369	 0.2088	
m60719c4r2.htb	   0.0	  0.03	 2.000	 -5.00	 10.00	 40.00	   0.0	 423.4953	 2.5005	 0.0059	
m60719c4r2.htb	   0.0	  0.03	 2.000	 -5.00	 10.00	 40.00	   1.0	 254.5520	 46.8385	 0.1840	
m60719c4r2.htb	   0.0	  0.03	 2.000	 -5.00	 10.00	 40.00	   0.0	 423.4953	 2.5005	 0.0059	
m60719c4r2.htb	   0.0	  0.03	 2.000	 -5.00	 10.00	 40.00	   1.0	 254.5520	 46.8385	 0.1840	
m60721c1r2.htb	   0.0	  0.03	 2.000	  0.00	 -5.00	 40.00	   0.0	 1272.6284	 106.6885	 0.0838	
m60721c1r2.htb	   0.0	  0.03	 2.000	  0.00	 -5.00	 40.00	   1.0	 660.1870	 52.9480	 0.0802	
m60721c1r2.htb	   0.0	  0.03	 2.000	  0.00	 -5.00	 40.00	   0.0	 1272.6284	 106.6885	 0.0838	
m60721c1r2.htb	   0.0	  0.03	 2.000	  0.00	 -5.00	 40.00	   1.0	 660.1870	 52.9480	 0.0802	
m60721c2r2.htb	   0.0	  0.03	 2.000	  8.00	 -5.00	 40.00	   0.0	 1417.7568	 125.8605	 0.0888	
m60721c2r2.htb	   0.0	  0.03	 2.000	  8.00	 -5.00	 40.00	   1.0	 683.1315	 85.6571	 0.1254	
m60721c3r2.htb	   0.0	  0.03	 2.000	 -5.00	  0.00	 40.00	   0.0	 1116.2266	 64.0012	 0.0573	
m60721c3r2.htb	   0.0	  0.03	 2.000	 -5.00	  0.00	 40.00	   1.0	 623.1811	 49.8989	 0.0801	
m60724c1r2.htb	   0.0	  0.03	 2.000	  0.00	  0.00	 40.00	   0.0	 551.4810	 77.1648	 0.1399	
m60724c1r2.htb	   0.0	  0.03	 2.000	  0.00	  0.00	 40.00	   1.0	 280.6409	 18.3826	 0.0655	
m60724c2r2.htb	   0.0	  0.03	 2.000	 -5.00	  5.00	 40.00	   0.0	 526.3420	 142.5287	 0.2708	
m60724c2r2.htb	   0.0	  0.03	 2.000	 -5.00	  5.00	 40.00	   1.0	 276.6487	 78.2712	 0.2829	
m60724c3r2.htb	 150.0	  0.03	 2.000	  0.00	  0.00	 40.00	   0.0	 1078.4022	 45.7341	 0.0424	
m60724c3r2.htb	 150.0	  0.03	 2.000	  0.00	  0.00	 40.00	   1.0	 535.1810	 42.6442	 0.0797	
m60724c4r2.htb	 150.0	  0.03	 2.000	  0.00	 -3.00	 40.00	   0.0	 698.8192	 116.2744	 0.1664	
m60724c4r2.htb	 150.0	  0.03	 2.000	  0.00	 -3.00	 40.00	   1.0	 327.7897	 13.4884	 0.0411	
m60724c5r2.htb	 150.0	  0.03	 2.000	 -5.00	 -10.00	 40.00	   0.0	 1867.8112	 68.7748	 0.0368	
m60724c5r2.htb	 150.0	  0.03	 2.000	 -5.00	 -10.00	 40.00	   1.0	 964.5572	 34.1871	 0.0354	
m60724c6r2.htb	 150.0	  0.03	 2.000	 -5.00	 -10.00	 40.00	   0.0	 1254.5589	 119.8703	 0.0955	
m60724c6r2.htb	 150.0	  0.03	 2.000	 -5.00	 -10.00	 40.00	   1.0	 627.6795	 46.2742	 0.0737	
m60725c1r2.htb	   0.0	  0.03	 2.000	 -10.00	 -8.00	 40.00	   0.0	 521.3522	 225.0006	 0.4316	
m60725c1r2.htb	   0.0	  0.03	 2.000	 -10.00	 -8.00	 40.00	   1.0	 305.7529	 87.3563	 0.2857	
m60725c2r2.htb	   0.0	  0.03	 2.000	  8.00	  0.00	 40.00	   0.0	 1250.7938	 196.6084	 0.1572	
m60725c2r2.htb	   0.0	  0.03	 2.000	  8.00	  0.00	 40.00	   1.0	 649.3780	 101.7939	 0.1568	
m60726c1r2.htb	   0.0	  0.03	 2.000	  5.00	 -10.00	 40.00	   0.0	 1062.2996	 43.4950	 0.0409	
m60726c1r2.htb	   0.0	  0.03	 2.000	  5.00	 -10.00	 40.00	   1.0	 575.3539	 48.6831	 0.0846	
m60726c2r2.htb	   0.0	  0.03	 2.000	  5.00	 -5.00	 40.00	   0.0	 1419.9738	 87.0777	 0.0613	
m60726c2r2.htb	   0.0	  0.03	 2.000	  5.00	 -5.00	 40.00	   1.0	 683.3010	 34.4763	 0.0505	
m60726c3r2.htb	   0.0	  0.03	 2.000	  0.00	 -5.00	 40.00	   0.0	 1192.1255	 143.7244	 0.1206	
m60726c3r2.htb	   0.0	  0.03	 2.000	  0.00	 -5.00	 40.00	   1.0	 560.8988	 65.2902	 0.1164	
m60726c4r2.htb	   0.0	  0.03	 2.000	  3.00	 -5.00	 40.00	   0.0	 811.1100	 41.1816	 0.0508	
m60726c4r2.htb	   0.0	  0.03	 2.000	  3.00	 -5.00	 40.00	   1.0	 382.0093	 14.7969	 0.0387	
m60726c5r2.htb	   0.0	  0.03	 2.000	 -5.00	  0.00	 40.00	   0.0	 666.9426	 45.2693	 0.0679	
m60726c5r2.htb	   0.0	  0.03	 2.000	 -5.00	  0.00	 40.00	   1.0	 305.8001	 15.9915	 0.0523	
m60726c6r2.htb	   0.0	  0.03	 2.000	  0.00	  0.00	 40.00	   0.0	 495.2363	 72.2918	 0.1460	
m60726c6r2.htb	   0.0	  0.03	 2.000	  0.00	  0.00	 40.00	   1.0	 222.3500	 57.5971	 0.2590	
m60727c1r2.htb	   0.0	  0.03	 2.000	  0.00	 -5.00	 40.00	   0.0	 1663.6258	 188.8647	 0.1135	
m60727c1r2.htb	   0.0	  0.03	 2.000	  0.00	 -5.00	 40.00	   1.0	 882.0732	 91.7582	 0.1040	
m60727c2r2.htb	   0.0	  0.03	 2.000	  0.00	  0.00	 40.00	   0.0	 133.4123	 19.8652	 0.1489	
m60727c2r2.htb	   0.0	  0.03	 2.000	  0.00	  0.00	 40.00	   1.0	 75.4789	 5.7471	 0.0761	
m60801c2r2.htb	   0.0	  0.03	 2.000	  0.00	  0.00	 40.00	   0.0	 890.7193	 32.4920	 0.0365	
m60801c2r2.htb	   0.0	  0.03	 2.000	  0.00	  0.00	 40.00	   1.0	 442.5740	 38.4324	 0.0868	
m60801c3r2.htb	   0.0	  0.03	 2.000	  0.00	 -10.00	 40.00	   0.0	 1372.2427	 168.2896	 0.1226	
m60801c3r2.htb	   0.0	  0.03	 2.000	  0.00	 -10.00	 40.00	   1.0	 748.0399	 112.7308	 0.1507	
m60803c1r2.htb	   0.0	  0.03	 2.000	  8.00	 -5.00	 40.00	   0.0	 769.7289	 79.6490	 0.1035	
m60803c1r2.htb	   0.0	  0.03	 2.000	  8.00	 -5.00	 40.00	   1.0	 319.0525	 24.8440	 0.0779	
m60803c3r2.htb	   0.0	  0.03	 2.000	  0.00	  0.00	 40.00	   0.0	 560.2885	 109.6323	 0.1957	
m60803c3r2.htb	   0.0	  0.03	 2.000	  0.00	  0.00	 40.00	   1.0	 269.3895	 44.4800	 0.1651	
m60803c4r2.htb	   0.0	  0.03	 2.000	  0.00	  0.00	 40.00	   0.0	 1091.4390	 208.9663	 0.1915	
m60803c4r2.htb	   0.0	  0.03	 2.000	  0.00	  0.00	 40.00	   1.0	 517.1594	 47.5483	 0.0919	
m60808c1r2.htb	   0.0	  0.03	 2.000	  5.00	 -10.00	 40.00	   0.0	 295.2646	 65.0911	 0.2205	
m60808c1r2.htb	   0.0	  0.03	 2.000	  5.00	 -10.00	 40.00	   1.0	 160.1658	 55.5316	 0.3467	
m60808c2r2.htb	   0.0	  0.03	 2.000	  0.00	  0.00	 40.00	   0.0	 861.8211	 192.6571	 0.2235	
m60808c2r2.htb	   0.0	  0.03	 2.000	  0.00	  0.00	 40.00	   1.0	 357.5731	 74.6983	 0.2089	
m60809c1r2.htb	   0.0	  0.03	 2.000	  0.00	 -5.00	 40.00	   0.0	 792.6971	 140.9513	 0.1778	
m60809c1r2.htb	   0.0	  0.03	 2.000	  0.00	 -5.00	 40.00	   1.0	 415.9685	 73.5589	 0.1768	
m60809c2r2.htb	   0.0	  0.03	 2.000	  0.00	 -5.00	 40.00	   0.0	 416.3562	 88.0900	 0.2116	
m60809c2r2.htb	   0.0	  0.03	 2.000	  0.00	 -5.00	 40.00	   1.0	 252.4116	 25.0116	 0.0991	
m60809c3r2.htb	   0.0	  0.03	 2.000	  5.00	  0.00	 40.00	   0.0	 654.8478	 133.5942	 0.2040	
m60809c3r2.htb	   0.0	  0.03	 2.000	  5.00	  0.00	 40.00	   1.0	 300.9489	 30.1799	 0.1003	
m60809c4r2.htb	   0.0	  0.03	 2.000	 10.00	  2.00	 40.00	   0.0	 647.2902	 136.2750	 0.2105	
m60809c4r2.htb	   0.0	  0.03	 2.000	 10.00	  2.00	 40.00	   1.0	 359.2650	 33.1807	 0.0924	
m60809c5r2.htb	   0.0	  0.03	 2.000	  0.00	  0.00	 40.00	   0.0	 1603.8710	 49.7135	 0.0310	
m60809c5r2.htb	   0.0	  0.03	 2.000	  0.00	  0.00	 40.00	   1.0	 812.8954	 39.1372	 0.0481	
m60810c1r2.htb	   0.0	  0.03	 2.000	 10.00	 -5.00	 40.00	   0.0	 1581.8822	 120.6542	 0.0763	
m60810c1r2.htb	   0.0	  0.03	 2.000	 10.00	 -5.00	 40.00	   1.0	 791.3001	 13.9258	 0.0176	
m60810c2r2.htb	   0.0	  0.03	 2.000	  0.00	  5.00	 40.00	   0.0	 1495.8131	 70.2023	 0.0469	
m60810c2r2.htb	   0.0	  0.03	 2.000	  0.00	  5.00	 40.00	   1.0	 793.8227	 33.3594	 0.0420	
m60810c3r2.htb	   0.0	  0.03	 2.000	  5.00	 -10.00	 40.00	   0.0	 958.5914	 54.7157	 0.0571	
m60810c3r2.htb	   0.0	  0.03	 2.000	  5.00	 -10.00	 40.00	   1.0	 504.3593	 33.0847	 0.0656	
m60810c4r2.htb	   0.0	  0.03	 2.000	  5.00	 -5.00	 40.00	   0.0	 802.0783	 134.0034	 0.1671	
m60810c4r2.htb	   0.0	  0.03	 2.000	  5.00	 -5.00	 40.00	   1.0	 395.9971	 62.9322	 0.1589	
m60810c5r2.htb	   0.0	  0.03	 2.000	 -5.00	 -10.00	 40.00	   0.0	 700.8150	 68.1711	 0.0973	
m60810c5r2.htb	   0.0	  0.03	 2.000	 -5.00	 -10.00	 40.00	   1.0	 379.8887	 17.3075	 0.0456	
m60811c1r2.htb	   0.0	  0.03	 2.000	  0.00	  0.00	 40.00	   0.0	 874.9950	 155.7450	 0.1780	
m60811c1r2.htb	   0.0	  0.03	 2.000	  0.00	  0.00	 40.00	   1.0	 432.9663	 98.2269	 0.2269	
m60811c2r2.htb	   0.0	  0.03	 2.000	 -5.00	 -8.00	 40.00	   0.0	 720.8700	 69.9357	 0.0970	
m60811c2r2.htb	   0.0	  0.03	 2.000	 -5.00	 -8.00	 40.00	   1.0	 343.8826	 36.4750	 0.1061	
m60811c3r2.htb	   0.0	  0.03	 2.000	  0.00	  5.00	 40.00	   0.0	 481.6977	 89.7073	 0.1862	
m60811c3r2.htb	   0.0	  0.03	 2.000	  0.00	  5.00	 40.00	   1.0	 271.3777	 45.1953	 0.1665	
m60811c4r2.htb	   0.0	  0.03	 2.000	  0.00	  0.00	 40.00	   0.0	 1169.7591	 125.4699	 0.1073	
m60811c4r2.htb	   0.0	  0.03	 2.000	  0.00	  0.00	 40.00	   1.0	 592.4126	 67.3521	 0.1137	
m60811c5r2.htb	   0.0	  0.03	 2.000	 10.00	  5.00	 40.00	   0.0	 182.9623	 7.1087	 0.0389	
m60811c5r2.htb	   0.0	  0.03	 2.000	 10.00	  5.00	 40.00	   1.0	 123.4870	 11.4867	 0.0930	
m60815c1r2.htb	   0.0	  0.03	 2.000	  8.00	 -10.00	 40.00	   0.0	 197.7490	 28.4484	 0.1439	
m60815c1r2.htb	   0.0	  0.03	 2.000	  8.00	 -10.00	 40.00	   1.0	 114.3270	 16.3888	 0.1434	
m60815c2r2.htb	   0.0	  0.03	 2.000	 10.00	 -10.00	 40.00	   0.0	 1366.8015	 57.7694	 0.0423	
m60815c2r2.htb	   0.0	  0.03	 2.000	 10.00	 -10.00	 40.00	   1.0	 687.0887	 11.6404	 0.0169	
m60815c4r2.htb	   0.0	  0.03	 2.000	 -5.00	  5.00	 40.00	   0.0	 959.3222	 72.3573	 0.0754	
m60815c4r2.htb	   0.0	  0.03	 2.000	 -5.00	  5.00	 40.00	   1.0	 582.3776	 30.4902	 0.0524	
m60821c1r2.htb	   0.0	  0.03	 2.000	  0.00	 -10.00	 40.00	   0.0	 944.3052	 51.9177	 0.0550	
m60821c1r2.htb	   0.0	  0.03	 2.000	  0.00	 -10.00	 40.00	   1.0	 393.5174	 28.5124	 0.0725	
m60821c2r2.htb	   0.0	  0.03	 2.000	 -5.00	 -10.00	 40.00	   0.0	 170.4421	 57.4340	 0.3370	
m60821c2r2.htb	   0.0	  0.03	 2.000	 -5.00	 -10.00	 40.00	   1.0	 88.9808	 31.8892	 0.3584	
m60821c3r2.htb	   0.0	  0.03	 2.000	 -10.00	  0.00	 40.00	   0.0	 358.4118	 11.4631	 0.0320	
m60821c3r2.htb	   0.0	  0.03	 2.000	 -10.00	  0.00	 40.00	   1.0	 200.2305	 4.5421	 0.0227	
m60822c3r2.htb	   0.0	  0.03	 2.000	 -8.00	 -10.00	 40.00	   0.0	 180.4671	 12.6284	 0.0700	
m60822c3r2.htb	   0.0	  0.03	 2.000	 -8.00	 -10.00	 40.00	   1.0	 98.7926	 5.7707	 0.0584	
m60822c4r2.htb	   0.0	  0.03	 2.000	 -8.00	  0.00	 40.00	   0.0	 686.6355	 113.8278	 0.1658	
m60822c4r2.htb	   0.0	  0.03	 2.000	 -8.00	  0.00	 40.00	   1.0	 371.9399	 62.2960	 0.1675	
m60823c1r2.htb	   0.0	  0.03	 2.000	 10.00	  5.00	 40.00	   0.0	 1186.8612	 185.0469	 0.1559	
m60823c1r2.htb	   0.0	  0.03	 2.000	 10.00	  5.00	 40.00	   1.0	 610.0286	 59.1210	 0.0969	
m60823c2r2.htb	   0.0	  0.03	 2.000	  0.00	  0.00	 40.00	   0.0	 687.6851	 185.7063	 0.2700	
m60823c2r2.htb	   0.0	  0.03	 2.000	  0.00	  0.00	 40.00	   1.0	 376.0768	 138.9597	 0.3695	
m60823c3r2.htb	  70.0	  0.03	 2.000	 -5.00	  0.00	 40.00	   0.0	 633.4787	 45.2190	 0.0714	
m60823c3r2.htb	  70.0	  0.03	 2.000	 -5.00	  0.00	 40.00	   1.0	 256.8405	 29.5932	 0.1152	
m60823c4r2.htb	  70.0	  0.03	 2.000	 -10.00	  0.00	 40.00	   0.0	 1081.9997	 150.1202	 0.1387	
m60823c4r2.htb	  70.0	  0.03	 2.000	 -10.00	  0.00	 40.00	   1.0	 513.6797	 42.6566	 0.0830	
m60824c1r2.htb	   0.0	  0.03	 2.000	 -5.00	  5.00	 40.00	   0.0	 1173.5180	 283.5395	 0.2416	
m60824c1r2.htb	   0.0	  0.03	 2.000	 -5.00	  5.00	 40.00	   1.0	 607.3055	 124.2176	 0.2045	
m60824c2r2.htb	   0.0	  0.03	 2.000	 -5.00	 -5.00	 40.00	   0.0	 1253.5684	 78.5282	 0.0626	
m60824c2r2.htb	   0.0	  0.03	 2.000	 -5.00	 -5.00	 40.00	   1.0	 675.2374	 62.4224	 0.0924	
m60824c3r2.htb	   0.0	  0.03	 2.000	 -5.00	  0.00	 40.00	   0.0	 443.1718	 126.6664	 0.2858	
m60824c3r2.htb	   0.0	  0.03	 2.000	 -5.00	  0.00	 40.00	   1.0	 224.8008	 64.7745	 0.2881	
m60830c1r2.htb	 180.0	  0.03	 2.000	 -8.00	 -10.00	 40.00	   0.0	 606.9058	 92.6484	 0.1527	
m60830c1r2.htb	 180.0	  0.03	 2.000	 -8.00	 -10.00	 40.00	   1.0	 340.2016	 49.2501	 0.1448	
m60830c2r2.htb	 180.0	  0.03	 2.000	  0.00	 -10.00	 40.00	   0.0	 922.8057	 102.6661	 0.1113	
m60830c2r2.htb	 180.0	  0.03	 2.000	  0.00	 -10.00	 40.00	   1.0	 528.4004	 13.6097	 0.0258	
m60831c1r2.htb	 180.0	  0.03	 2.000	 10.00	  0.00	 40.00	   0.0	 501.0786	 61.1416	 0.1220	
m60831c1r2.htb	 180.0	  0.03	 2.000	 10.00	  0.00	 40.00	   1.0	 254.1613	 47.2053	 0.1857	
m60831c4r2.htb	 180.0	  0.03	 2.000	  5.00	  0.00	 60.00	   0.0	 594.8664	 75.2800	 0.1265	
m60831c4r2.htb	 180.0	  0.03	 2.000	  5.00	  0.00	 60.00	   1.0	 289.8522	 59.8915	 0.2066	
m60901c4r2.htb	 180.0	  0.03	 2.000	 -5.00	 -5.00	 40.00	   0.0	 538.8583	 97.5783	 0.1811	
m60901c4r2.htb	 180.0	  0.03	 2.000	 -5.00	 -5.00	 40.00	   1.0	 234.3578	 63.1048	 0.2693	
m60907c1r2.htb	 180.0	  0.03	 2.000	 10.00	  8.00	 40.00	   0.0	 367.1900	 68.8092	 0.1874	
m60907c1r2.htb	 180.0	  0.03	 2.000	 10.00	  8.00	 40.00	   1.0	 230.7586	 45.1602	 0.1957	
m60907c2r2.htb	 180.0	  0.03	 2.000	 10.00	 -10.00	 40.00	   0.0	 112.7925	 36.0311	 0.3194	
m60907c2r2.htb	 180.0	  0.03	 2.000	 10.00	 -10.00	 40.00	   1.0	 100.7626	 22.5233	 0.2235	
m60907c3r2.htb	 120.0	  0.03	 2.000	  0.00	 -15.00	 40.00	   0.0	 457.8966	 103.9818	 0.2271	
m60907c3r2.htb	 120.0	  0.03	 2.000	  0.00	 -15.00	 40.00	   1.0	 241.4806	 46.6782	 0.1933	
m61024c1r2.htb	   0.0	  0.03	 2.000	  0.00	 10.00	 40.00	   0.0	 528.4203	 32.7359	 0.0620	
m61024c1r2.htb	   0.0	  0.03	 2.000	  0.00	 10.00	 40.00	   1.0	 244.3614	 25.0867	 0.1027	
m61024c2r2.htb	   0.0	  0.03	 2.000	  0.00	  5.00	 40.00	   0.0	 584.4002	 31.0026	 0.0531	
m61024c2r2.htb	   0.0	  0.03	 2.000	  0.00	  5.00	 40.00	   1.0	 257.4299	 35.5949	 0.1383	
m61027c1r2.htb	   0.0	  0.03	 2.000	 10.00	 -10.00	 40.00	   0.0	 1294.6463	 79.7855	 0.0616	
m61027c1r2.htb	   0.0	  0.03	 2.000	 10.00	 -10.00	 40.00	   1.0	 678.3971	 17.8658	 0.0263	
m61027c2r2.htb	   0.0	  0.03	 2.000	  5.00	 -5.00	 40.00	   0.0	 702.4799	 19.4564	 0.0277	
m61027c2r2.htb	   0.0	  0.03	 2.000	  5.00	 -5.00	 40.00	   1.0	 414.4046	 21.3341	 0.0515	
m61106c4r2.htb	 120.0	  0.03	 2.000	  0.00	 -10.00	 40.00	   0.0	 1049.4213	 65.7353	 0.0626	
m61108c2r2.htb	 180.0	  0.03	 2.000	  0.00	 -10.00	 40.00	   0.0	 704.7822	 88.0187	 0.1249	
m61108c3r1.htb	 180.0	  0.03	 2.000	  0.00	 -10.00	 40.00	   0.0	 795.9391	 108.9078	 0.1368	
m61128c2r2.htb	 180.0	  0.03	 2.000	  5.00	  0.00	 40.00	   0.0	 1468.0193	 73.8496	 0.0503	
m61201c3r2.htb	   0.0	  0.03	 2.000	 -5.00	 -10.00	 40.00	   0.0	 1003.2251	 44.0141	 0.0439	
