FILE			 PrfOR	 PrfSF	 PrfTF	 RFXctr	 RFYctr	 RFDiam	 GrType	 Onset	 AvgPulseTime	 PulseTimeStdev	 RedFlag	
m60110c1r2.htb	   0.0	  0.10	 2.000	  0.00	  0.00	 50.00	   0.0	 0.1440	 996.0000		 0.0000	   0.0	
m60110c1r2.htb	   0.0	  0.10	 2.000	  0.00	  0.00	 50.00	   1.0	 -0.4890	 996.0000		 0.0000	   0.0	
m60110c2r3.htb	  30.0	  0.05	 2.000	  3.00	 -7.00	 30.00	   0.0	 0.3480	 996.0000		 0.0000	   0.0	
m60110c2r3.htb	  30.0	  0.05	 2.000	  3.00	 -7.00	 30.00	   1.0	 0.1250	 996.0000		 0.0000	   0.0	
m60110c3r3.htb	  90.0	  0.05	 1.000	 20.00	 -15.00	 30.00	   0.0	 0.1460	 996.0000		 0.0000	   0.0	
m60110c3r3.htb	  90.0	  0.05	 1.000	 20.00	 -15.00	 30.00	   1.0	 2.0080	 996.0000		 0.0000	   0.0	
m60117c2r2.htb	  90.0	  0.05	 2.000	  5.00	 -10.00	 40.00	   0.0	 0.5950	 996.0000		 0.0000	   1.0	
m60117c2r2.htb	  90.0	  0.05	 2.000	  5.00	 -10.00	 40.00	   1.0	 0.3440	 996.0000		 0.0000	   0.0	
m60125c1r3.htb	  30.0	  0.50	 2.000	  0.00	  0.00	 50.00	   0.0	 2.0010	 996.0000		 0.0000	   1.0	
m60125c1r3.htb	  30.0	  0.50	 2.000	  0.00	  0.00	 50.00	   1.0	 -0.4890	 996.0000		 0.0000	   1.0	
m60125c2r2.htb	  30.0	  0.05	 2.000	 -7.00	 -3.00	 40.00	   0.0	 0.1560	 996.0000		 0.0000	   1.0	
m60125c2r2.htb	  30.0	  0.05	 2.000	 -7.00	 -3.00	 40.00	   1.0	 0.1780	 996.0000		 0.0000	   1.0	
m60125c3r3.htb	  30.0	  0.03	 2.000	 -8.00	 -18.00	 30.00	   0.0	 0.0990	 996.0000		 0.0000	   0.0	
m60125c3r3.htb	  30.0	  0.03	 2.000	 -8.00	 -18.00	 30.00	   1.0	 0.1190	 996.0000		 0.0000	   0.0	
m60125c4r4.htb	  90.0	  0.03	 2.000	  0.00	 -8.00	 30.00	   0.0	 0.1290	 996.0000		 0.0000	   0.0	
m60125c4r4.htb	  90.0	  0.03	 2.000	  0.00	 -8.00	 30.00	   1.0	 0.1180	 996.0000		 0.0000	   0.0	
m60201c2r3.htb	  90.0	  0.03	 2.000	  0.00	 -10.00	 50.00	   0.0	 0.1490	 996.0000		 0.0000	   1.0	
m60201c2r3.htb	  90.0	  0.03	 2.000	  0.00	 -10.00	 50.00	   1.0	 0.1170	 996.0000		 0.0000	   0.0	
m60201c3r5.htb	 270.0	  0.03	 2.000	  8.00	 -15.00	 50.00	   0.0	 0.1180	 996.0000		 0.0000	   0.0	
m60201c3r5.htb	 270.0	  0.03	 2.000	  8.00	 -15.00	 50.00	   1.0	 0.1030	 996.0000		 0.0000	   0.0	
m60201c4r7.htb	 270.0	  0.03	 2.000	  8.00	 -18.00	 50.00	   0.0	 2.0130	 996.0000		 0.0000	   1.0	
m60201c4r7.htb	 270.0	  0.03	 2.000	  8.00	 -18.00	 50.00	   1.0	 0.1150	 996.0000		 0.0000	   1.0	
m60201c5r2.htb	  30.0	  0.05	 2.000	  0.00	 -15.00	 50.00	   0.0	 0.1660	 996.0000		 0.0000	   0.0	
m60201c5r2.htb	  30.0	  0.05	 2.000	  0.00	 -15.00	 50.00	   1.0	 0.1590	 996.0000		 0.0000	   0.0	
m60203c1r3.htb	   0.0	  0.03	 2.000	 -2.00	 -12.00	 50.00	   0.0	 0.1580	 996.0000		 0.0000	   1.0	
m60203c1r3.htb	   0.0	  0.03	 2.000	 -2.00	 -12.00	 50.00	   1.0	 0.7350	 996.0000		 0.0000	   0.0	
m60203c2r6.htb	   0.0	  0.03	 2.000	 -5.00	 -10.00	 40.00	   0.0	 0.2780	 996.0000		 0.0000	   0.0	
m60203c2r6.htb	   0.0	  0.03	 2.000	 -5.00	 -10.00	 40.00	   1.0	 0.1760	 996.0000		 0.0000	   1.0	
m60203c3r3.htb	   0.0	  0.03	 2.000	  5.00	 -20.00	 40.00	   0.0	 0.3070	 996.0000		 0.0000	   0.0	
m60203c3r3.htb	   0.0	  0.03	 2.000	  5.00	 -20.00	 40.00	   1.0	 0.2590	 996.0000		 0.0000	   1.0	
m60207c1r3.htb	 120.0	  0.03	 2.000	 -8.00	 -12.00	 50.00	   0.0	 0.1110	 996.0000		 0.0000	   0.0	
m60207c1r3.htb	 120.0	  0.03	 2.000	 -8.00	 -12.00	 50.00	   1.0	 0.1130	 996.0000		 0.0000	   0.0	
m60207c2r3.htb	 300.0	  0.03	 4.000	  0.00	 -2.00	 50.00	   0.0	 0.1890	 996.0000		 0.0000	   1.0	
m60207c2r3.htb	 300.0	  0.03	 4.000	  0.00	 -2.00	 50.00	   1.0	 0.6920	 996.0000		 0.0000	   0.0	
m60207c3r3.htb	  50.0	  0.03	 4.000	 -5.00	 -5.00	 50.00	   0.0	 0.2700	 996.0000		 0.0000	   0.0	
m60207c3r3.htb	  50.0	  0.03	 4.000	 -5.00	 -5.00	 50.00	   1.0	 0.2080	 996.0000		 0.0000	   0.0	
m60207c4r4.htb	  30.0	  0.03	 2.000	 10.00	 10.00	 50.00	   0.0	 0.2490	 996.0000		 0.0000	   1.0	
m60207c4r4.htb	  30.0	  0.03	 2.000	 10.00	 10.00	 50.00	   1.0	 0.1210	 996.0000		 0.0000	   1.0	
m60301c1r2.htb	  30.0	  0.03	 2.000	  0.00	 -5.00	 40.00	   0.0	 0.0590	 996.0000		 0.0000	   0.0	
m60301c1r2.htb	  30.0	  0.03	 2.000	  0.00	 -5.00	 40.00	   1.0	 0.1420	 996.0000		 0.0000	   1.0	
m60301c2r2.htb	  30.0	  0.03	 2.000	 -5.00	 -10.00	 40.00	   0.0	 0.1650	 996.0000		 0.0000	   1.0	
m60301c2r2.htb	  30.0	  0.03	 2.000	 -5.00	 -10.00	 40.00	   1.0	 0.1110	 996.0000		 0.0000	   0.0	
m60301c3r2.htb	  30.0	  0.03	 2.000	 10.00	 -5.00	 40.00	   0.0	 0.1090	 996.0000		 0.0000	   0.0	
m60301c3r2.htb	  30.0	  0.03	 2.000	 10.00	 -5.00	 40.00	   1.0	 0.1930	 996.0000		 0.0000	   0.0	
m60301c4r2.htb	  30.0	  0.03	 4.000	 20.00	 -10.00	 50.00	   0.0	 0.1140	 996.0000		 0.0000	   1.0	
m60301c4r2.htb	  30.0	  0.03	 4.000	 20.00	 -10.00	 50.00	   1.0	 0.0960	 996.0000		 0.0000	   0.0	
m60302c1r2.htb	  30.0	  0.03	 2.000	  0.00	 -2.00	 50.00	   0.0	 0.1380	 996.0000		 0.0000	   0.0	
m60302c1r2.htb	  30.0	  0.03	 2.000	  0.00	 -2.00	 50.00	   1.0	 2.0010	 996.0000		 0.0000	   1.0	
m60302c2r2.htb	  30.0	  0.03	 2.000	  0.00	 -10.00	 40.00	   0.0	 0.1140	 996.0000		 0.0000	   0.0	
m60302c2r2.htb	  30.0	  0.03	 2.000	  0.00	 -10.00	 40.00	   1.0	 0.1080	 996.0000		 0.0000	   0.0	
m60302c3r2.htb	  30.0	  0.05	 4.000	 -5.00	 -5.00	 60.00	   0.0	 0.2100	 996.0000		 0.0000	   1.0	
m60302c3r2.htb	  30.0	  0.05	 4.000	 -5.00	 -5.00	 60.00	   1.0	 0.6700	 996.0000		 0.0000	   1.0	
m60302c4r2.htb	  30.0	  0.03	 4.000	 -5.00	  0.00	 50.00	   0.0	 0.1560	 996.0000		 0.0000	   0.0	
m60302c4r2.htb	  30.0	  0.03	 4.000	 -5.00	  0.00	 50.00	   1.0	 0.1300	 996.0000		 0.0000	   1.0	
m60404c3r2.htb	   0.0	  0.03	 2.000	 10.00	 10.00	 30.00	   0.0	 0.1830	 996.0000		 0.0000	   1.0	
m60404c3r2.htb	   0.0	  0.03	 2.000	 10.00	 10.00	 30.00	   1.0	 0.1560	 996.0000		 0.0000	   1.0	
m60404c4r2.htb	   0.0	  0.03	 1.000	 10.00	  5.00	 40.00	   0.0	 0.1030	 996.0000		 0.0000	   0.0	
m60404c4r2.htb	   0.0	  0.03	 1.000	 10.00	  5.00	 40.00	   1.0	 0.1990	 996.0000		 0.0000	   1.0	
m60404c5r2.htb	   0.0	  0.03	 2.000	  0.00	  0.00	 40.00	   0.0	 0.2170	 996.0000		 0.0000	   0.0	
m60404c5r2.htb	   0.0	  0.03	 2.000	  0.00	  0.00	 40.00	   1.0	 2.0010	 996.0000		 0.0000	   1.0	
m60405c2r2.htb	   0.0	  0.03	 2.000	 -10.00	 -15.00	 40.00	   0.0	 0.1510	 996.0000		 0.0000	   1.0	
m60405c2r2.htb	   0.0	  0.03	 2.000	 -10.00	 -15.00	 40.00	   1.0	 0.4770	 996.0000		 0.0000	   1.0	
m60405c3r2.htb	 270.0	  0.03	 2.000	 -5.00	 -15.00	 40.00	   0.0	 0.1220	 996.0000		 0.0000	   0.0	
m60405c3r2.htb	 270.0	  0.03	 2.000	 -5.00	 -15.00	 40.00	   1.0	 0.1170	 996.0000		 0.0000	   0.0	
m60414c1r2.htb	 180.0	  0.03	 2.000	 -8.00	 -8.00	 50.00	   0.0	 0.1380	 996.0000		 0.0000	   1.0	
m60414c1r2.htb	 180.0	  0.03	 2.000	 -8.00	 -8.00	 50.00	   1.0	 0.1330	 996.0000		 0.0000	   0.0	
m60414c3r2.htb	 180.0	  0.05	 2.000	 -10.00	  0.00	 30.00	   0.0	 0.1580	 996.0000		 0.0000	   0.0	
m60414c3r2.htb	 180.0	  0.05	 2.000	 -10.00	  0.00	 30.00	   1.0	 0.7450	 996.0000		 0.0000	   1.0	
m60419c1r2.htb	 180.0	  0.03	 2.000	 10.00	  5.00	 50.00	   0.0	 2.0010	 996.0000		 0.0000	   1.0	
m60419c1r2.htb	 180.0	  0.03	 2.000	 10.00	  5.00	 50.00	   1.0	 0.1240	 996.0000		 0.0000	   0.0	
m60419c2r2.htb	 180.0	  0.03	 2.000	 10.00	 -10.00	 40.00	   0.0	 2.0010	 996.0000		 0.0000	   1.0	
m60419c2r2.htb	 180.0	  0.03	 2.000	 10.00	 -10.00	 40.00	   1.0	 0.2010	 996.0000		 0.0000	   1.0	
m60420c2r2.htb	   0.0	  0.03	 2.000	  5.00	  0.00	 40.00	   0.0	 0.3230	 996.0000		 0.0000	   0.0	
m60420c2r2.htb	   0.0	  0.03	 2.000	  5.00	  0.00	 40.00	   1.0	 0.4160	 996.0000		 0.0000	   1.0	
m60424c1r2.htb	 180.0	  0.03	 2.000	 -10.00	 -10.00	 40.00	   0.0	 -0.4890	 996.0000		 0.0000	   0.0	
m60424c1r2.htb	 180.0	  0.03	 2.000	 -10.00	 -10.00	 40.00	   1.0	 -0.4890	 996.0000		 0.0000	   0.0	
m60424c2r2.htb	   0.0	  0.03	 2.000	  8.00	 -8.00	 40.00	   0.0	 0.1330	 996.0000		 0.0000	   0.0	
m60424c2r2.htb	   0.0	  0.03	 2.000	  8.00	 -8.00	 40.00	   1.0	 -0.4890	 996.0000		 0.0000	   0.0	
m60515c4r2.htb	   0.0	  0.03	 2.000	 -10.00	 10.00	 40.00	   0.0	 0.1260	 996.0000		 0.0000	   1.0	
m60515c4r2.htb	   0.0	  0.03	 2.000	 -10.00	 10.00	 40.00	   1.0	 0.1140	 996.0000		 0.0000	   1.0	
m60517c1r2.htb	   0.0	  0.03	 2.000	  0.00	  0.00	 40.00	   0.0	 0.1970	 996.0000		 0.0000	   1.0	
m60517c1r2.htb	   0.0	  0.03	 2.000	  0.00	  0.00	 40.00	   1.0	 0.1230	 996.0000		 0.0000	   1.0	
m60517c2r2.htb	   0.0	  0.03	 2.000	 -10.00	 -10.00	 40.00	   0.0	 0.1190	 996.0000		 0.0000	   0.0	
m60517c2r2.htb	   0.0	  0.03	 2.000	 -10.00	 -10.00	 40.00	   1.0	 2.0010	 996.0000		 0.0000	   0.0	
m60517c3r2.htb	   0.0	  0.03	 2.000	 10.00	 -10.00	 30.00	   0.0	 0.1030	 996.0000		 0.0000	   0.0	
m60517c3r2.htb	   0.0	  0.03	 2.000	 10.00	 -10.00	 30.00	   1.0	 0.1570	 996.0000		 0.0000	   0.0	
m60517c4r2.htb	   0.0	  0.03	 2.000	  5.00	 -8.00	 30.00	   0.0	 0.1360	 996.0000		 0.0000	   0.0	
m60517c4r2.htb	   0.0	  0.03	 2.000	  5.00	 -8.00	 30.00	   1.0	 0.0960	 996.0000		 0.0000	   1.0	
m60517c5r2.htb	   0.0	  0.03	 2.000	 10.00	 -10.00	 40.00	   0.0	 0.1120	 996.0000		 0.0000	   0.0	
m60517c5r2.htb	   0.0	  0.03	 2.000	 10.00	 -10.00	 40.00	   1.0	 0.1170	 996.0000		 0.0000	   0.0	
m60517c6r2.htb	   0.0	  0.03	 2.000	  8.00	 10.00	 40.00	   0.0	 0.1050	 996.0000		 0.0000	   0.0	
m60517c6r2.htb	   0.0	  0.03	 2.000	  8.00	 10.00	 40.00	   1.0	 0.1100	 996.0000		 0.0000	   0.0	
m60518c2r2.htb	   0.0	  0.03	 2.000	 -8.00	 -5.00	 40.00	   0.0	 0.1180	 996.0000		 0.0000	   0.0	
m60518c2r2.htb	   0.0	  0.03	 2.000	 -8.00	 -5.00	 40.00	   1.0	 -0.4890	 996.0000		 0.0000	   0.0	
m60519c3r2.htb	   0.0	  0.03	 2.000	 -5.00	 -5.00	 30.00	   0.0	 0.1080	 996.0000		 0.0000	   0.0	
m60519c3r2.htb	   0.0	  0.03	 2.000	 -5.00	 -5.00	 30.00	   1.0	 0.1490	 996.0000		 0.0000	   0.0	
m60523c1r2.htb	   0.0	  0.03	 2.000	  0.00	  0.00	 40.00	   0.0	 0.1040	 996.0000		 0.0000	   0.0	
m60523c1r2.htb	   0.0	  0.03	 2.000	  0.00	  0.00	 40.00	   1.0	 0.1690	 996.0000		 0.0000	   0.0	
m60523c2r2.htb	   0.0	  0.03	 2.000	  0.00	 -10.00	 40.00	   0.0	 0.4230	 996.0000		 0.0000	   1.0	
m60523c2r2.htb	   0.0	  0.03	 2.000	  0.00	 -10.00	 40.00	   1.0	 0.2350	 996.0000		 0.0000	   1.0	
m60523c3r2.htb	   0.0	  0.03	 2.000	  0.00	 -10.00	 40.00	   0.0	 2.0010	 996.0000		 0.0000	   1.0	
m60523c3r2.htb	   0.0	  0.03	 2.000	  0.00	 -10.00	 40.00	   1.0	 0.1730	 996.0000		 0.0000	   1.0	
m60523c4r2.htb	   0.0	  0.03	 2.000	 -10.00	 -10.00	 40.00	   0.0	 0.1170	 996.0000		 0.0000	   1.0	
m60523c4r2.htb	   0.0	  0.03	 2.000	 -10.00	 -10.00	 40.00	   1.0	 0.1540	 996.0000		 0.0000	   0.0	
m60524c2r2.htb	   0.0	  0.03	 2.000	 -10.00	  0.00	 30.00	   0.0	 0.1210	 996.0000		 0.0000	   1.0	
m60524c2r2.htb	   0.0	  0.03	 2.000	 -10.00	  0.00	 30.00	   1.0	 0.1090	 996.0000		 0.0000	   0.0	
m60524c3r2.htb	 240.0	  0.03	 2.000	  0.00	  7.00	 30.00	   0.0	 0.1290	 996.0000		 0.0000	   1.0	
m60524c3r2.htb	 240.0	  0.03	 2.000	  0.00	  7.00	 30.00	   1.0	 0.1790	 996.0000		 0.0000	   1.0	
m60524c4r2.htb	 240.0	  0.03	 2.000	 -5.00	 -5.00	 40.00	   0.0	 0.3190	 996.0000		 0.0000	   1.0	
m60524c4r2.htb	 240.0	  0.03	 2.000	 -5.00	 -5.00	 40.00	   1.0	 0.2110	 996.0000		 0.0000	   0.0	
m60524c5r2.htb	   0.0	  0.03	 2.000	 -10.00	 -5.00	 40.00	   0.0	 0.2880	 996.0000		 0.0000	   1.0	
m60524c5r2.htb	   0.0	  0.03	 2.000	 -10.00	 -5.00	 40.00	   1.0	 0.1390	 996.0000		 0.0000	   1.0	
m60525c1r2.htb	   0.0	  0.03	 2.000	 10.00	 -10.00	 40.00	   0.0	 0.1480	 996.0000		 0.0000	   0.0	
m60525c1r2.htb	   0.0	  0.03	 2.000	 10.00	 -10.00	 40.00	   1.0	 -0.4890	 996.0000		 0.0000	   0.0	
m60525c2r2.htb	   0.0	  0.03	 2.000	  5.00	  0.00	 40.00	   0.0	 0.1100	 996.0000		 0.0000	   1.0	
m60525c2r2.htb	   0.0	  0.03	 2.000	  5.00	  0.00	 40.00	   1.0	 0.1790	 996.0000		 0.0000	   1.0	
m60525c3r2.htb	   0.0	  0.03	 2.000	 10.00	 -10.00	 40.00	   0.0	 0.1300	 996.0000		 0.0000	   0.0	
m60525c3r2.htb	   0.0	  0.03	 2.000	 10.00	 -10.00	 40.00	   1.0	 0.1200	 996.0000		 0.0000	   1.0	
m60525c4r2.htb	   0.0	  0.03	 2.000	 10.00	 -10.00	 40.00	   0.0	 0.1290	 996.0000		 0.0000	   0.0	
m60525c4r2.htb	   0.0	  0.03	 2.000	 10.00	 -10.00	 40.00	   1.0	 0.1210	 996.0000		 0.0000	   0.0	
m60531c1r2.htb	   0.0	  0.03	 2.000	 -10.00	  0.00	 40.00	   0.0	 1.1160	 996.0000		 0.0000	   1.0	
m60531c1r2.htb	   0.0	  0.03	 2.000	 -10.00	  0.00	 40.00	   1.0	 0.8850	 996.0000		 0.0000	   0.0	
m60531c2r2.htb	   0.0	  0.03	 2.000	 -5.00	 -5.00	 50.00	   0.0	 0.3810	 996.0000		 0.0000	   0.0	
m60531c2r2.htb	   0.0	  0.03	 2.000	 -5.00	 -5.00	 50.00	   1.0	 0.1250	 996.0000		 0.0000	   1.0	
m60601c1r2.htb	   0.0	  0.03	 2.000	  0.00	  7.00	 40.00	   0.0	 0.1470	 996.0000		 0.0000	   0.0	
m60601c1r2.htb	   0.0	  0.03	 2.000	  0.00	  7.00	 40.00	   1.0	 0.1420	 996.0000		 0.0000	   0.0	
m60601c2r2.htb	   0.0	  0.03	 2.000	 -10.00	 -15.00	 40.00	   0.0	 0.1640	 996.0000		 0.0000	   1.0	
m60601c2r2.htb	   0.0	  0.03	 2.000	 -10.00	 -15.00	 40.00	   1.0	 0.1680	 996.0000		 0.0000	   0.0	
m60601c3r2.htb	  90.0	  0.03	 2.000	  0.00	 -10.00	 40.00	   0.0	 0.4140	 996.0000		 0.0000	   0.0	
m60601c3r2.htb	  90.0	  0.03	 2.000	  0.00	 -10.00	 40.00	   1.0	 0.1990	 996.0000		 0.0000	   0.0	
m60601c4r2.htb	  90.0	  0.03	 2.000	  0.00	  0.00	 40.00	   0.0	 0.1120	 996.0000		 0.0000	   0.0	
m60601c4r2.htb	  90.0	  0.03	 2.000	  0.00	  0.00	 40.00	   1.0	 0.1600	 996.0000		 0.0000	   0.0	
m60601c5r2.htb	  90.0	  0.03	 2.000	  0.00	 -8.00	 40.00	   0.0	 0.0940	 996.0000		 0.0000	   0.0	
m60601c5r2.htb	  90.0	  0.03	 2.000	  0.00	 -8.00	 40.00	   1.0	 0.1350	 996.0000		 0.0000	   1.0	
m60602c1r2.htb	   0.0	  0.03	 2.000	  0.00	 -7.00	 30.00	   0.0	 0.3870	 996.0000		 0.0000	   1.0	
m60602c1r2.htb	   0.0	  0.03	 2.000	  0.00	 -7.00	 30.00	   1.0	 0.4720	 996.0000		 0.0000	   1.0	
m60602c2r2.htb	   0.0	  0.03	 2.000	 -8.00	 -8.00	 30.00	   0.0	 0.2130	 996.0000		 0.0000	   1.0	
m60602c2r2.htb	   0.0	  0.03	 2.000	 -8.00	 -8.00	 30.00	   1.0	 0.1890	 996.0000		 0.0000	   0.0	
m60602c3r2.htb	   0.0	  0.03	 2.000	  0.00	  5.00	 30.00	   0.0	 0.1330	 996.0000		 0.0000	   1.0	
m60602c3r2.htb	   0.0	  0.03	 2.000	  0.00	  5.00	 30.00	   1.0	 0.2720	 996.0000		 0.0000	   0.0	
m60602c4r2.htb	   0.0	  0.03	 2.000	  0.00	 -10.00	 20.00	   0.0	 0.6320	 996.0000		 0.0000	   0.0	
m60602c4r2.htb	   0.0	  0.03	 2.000	  0.00	 -10.00	 20.00	   1.0	 0.3810	 996.0000		 0.0000	   1.0	
m60602c5r2.htb	   0.0	  0.03	 2.000	 -5.00	 -5.00	 50.00	   0.0	 2.0010	 996.0000		 0.0000	   1.0	
m60602c5r2.htb	   0.0	  0.03	 2.000	 -5.00	 -5.00	 50.00	   1.0	 0.1990	 996.0000		 0.0000	   0.0	
m60605c1r2.htb	   0.0	  0.03	 2.000	 -3.00	 -7.00	 30.00	   0.0	 0.0870	 996.0000		 0.0000	   0.0	
m60605c1r2.htb	   0.0	  0.03	 2.000	 -3.00	 -7.00	 30.00	   1.0	 0.0980	 996.0000		 0.0000	   0.0	
m60605c2r2.htb	   0.0	  0.03	 2.000	 -10.00	 -10.00	 30.00	   0.0	 0.1340	 996.0000		 0.0000	   0.0	
m60605c2r2.htb	   0.0	  0.03	 2.000	 -10.00	 -10.00	 30.00	   1.0	 2.0110	 996.0000		 0.0000	   1.0	
m60605c3r2.htb	   0.0	  0.03	 2.000	 -5.00	 -2.00	 30.00	   0.0	 0.1070	 996.0000		 0.0000	   0.0	
m60605c3r2.htb	   0.0	  0.03	 2.000	 -5.00	 -2.00	 30.00	   1.0	 0.1480	 996.0000		 0.0000	   1.0	
m60606c1r2.htb	   0.0	  0.03	 2.000	  8.00	 -8.00	 30.00	   0.0	 -0.4890	 996.0000		 0.0000	   0.0	
m60606c1r2.htb	   0.0	  0.03	 2.000	  8.00	 -8.00	 30.00	   1.0	 -0.4890	 996.0000		 0.0000	   1.0	
m60606c2r2.htb	   0.0	  0.03	 2.000	 -10.00	  0.00	 40.00	   0.0	 -0.4890	 996.0000		 0.0000	   1.0	
m60606c2r2.htb	   0.0	  0.03	 2.000	 -10.00	  0.00	 40.00	   1.0	 -0.4890	 996.0000		 0.0000	   0.0	
m60606c3r2.htb	  90.0	  0.03	 2.000	 -8.00	 -10.00	 40.00	   0.0	 0.9680	 996.0000		 0.0000	   1.0	
m60606c3r2.htb	  90.0	  0.03	 2.000	 -8.00	 -10.00	 40.00	   1.0	 0.5540	 996.0000		 0.0000	   0.0	
m60606c4r2.htb	  90.0	  0.03	 2.000	  8.00	 -5.00	 40.00	   0.0	 0.1220	 996.0000		 0.0000	   0.0	
m60606c4r2.htb	  90.0	  0.03	 2.000	  8.00	 -5.00	 40.00	   1.0	 0.1120	 996.0000		 0.0000	   0.0	
m60606c5r2.htb	  90.0	  0.03	 2.000	  8.00	  0.00	 40.00	   0.0	 0.1350	 996.0000		 0.0000	   0.0	
m60606c5r2.htb	  90.0	  0.03	 2.000	  8.00	  0.00	 40.00	   1.0	 0.1270	 996.0000		 0.0000	   0.0	
m60613c5r2.htb	   0.0	  0.03	 2.000	 -8.00	 -15.00	 30.00	   0.0	 0.4470	 996.0000		 0.0000	   1.0	
m60613c5r2.htb	   0.0	  0.03	 2.000	 -8.00	 -15.00	 30.00	   1.0	 0.3800	 996.0000		 0.0000	   0.0	
m60613c6r2.htb	   0.0	  0.03	 2.000	 -5.00	 -10.00	 30.00	   0.0	 0.1250	 996.0000		 0.0000	   0.0	
m60613c6r2.htb	   0.0	  0.03	 2.000	 -5.00	 -10.00	 30.00	   1.0	 0.1060	 996.0000		 0.0000	   0.0	
m60614c1r2.htb	   0.0	  0.03	 2.000	  0.00	 -8.00	 30.00	   0.0	 0.1250	 996.0000		 0.0000	   0.0	
m60614c1r2.htb	   0.0	  0.03	 2.000	  0.00	 -8.00	 30.00	   1.0	 0.1240	 996.0000		 0.0000	   0.0	
m60614c2r2.htb	   0.0	  0.03	 2.000	  5.00	 -5.00	 30.00	   0.0	 0.4730	 996.0000		 0.0000	   0.0	
m60614c2r2.htb	   0.0	  0.03	 2.000	  5.00	 -5.00	 30.00	   1.0	 0.2400	 996.0000		 0.0000	   0.0	
m60614c3r2.htb	   0.0	  0.03	 2.000	  8.00	 -15.00	 30.00	   0.0	 0.2080	 996.0000		 0.0000	   0.0	
m60614c3r2.htb	   0.0	  0.03	 2.000	  8.00	 -15.00	 30.00	   1.0	 0.1280	 996.0000		 0.0000	   0.0	
m60614c4r2.htb	   0.0	  0.03	 2.000	  8.00	 -18.00	 30.00	   0.0	 0.4290	 996.0000		 0.0000	   1.0	
m60614c4r2.htb	   0.0	  0.03	 2.000	  8.00	 -18.00	 30.00	   1.0	 0.1320	 996.0000		 0.0000	   1.0	
m60615c1r2.htb	   0.0	  0.03	 2.000	 -8.00	 -17.00	 30.00	   0.0	 0.1200	 996.0000		 0.0000	   0.0	
m60615c1r2.htb	   0.0	  0.03	 2.000	 -8.00	 -17.00	 30.00	   1.0	 0.1040	 996.0000		 0.0000	   0.0	
m60615c2r2.htb	   0.0	  0.03	 2.000	 -10.00	 -17.00	 40.00	   0.0	 0.1350	 996.0000		 0.0000	   0.0	
m60615c2r2.htb	   0.0	  0.03	 2.000	 -10.00	 -17.00	 40.00	   1.0	 0.1360	 996.0000		 0.0000	   0.0	
m60616c1r2.htb	   0.0	  0.03	 2.000	 -10.00	 -15.00	 30.00	   0.0	 0.1320	 996.0000		 0.0000	   0.0	
m60616c1r2.htb	   0.0	  0.03	 2.000	 -10.00	 -15.00	 30.00	   1.0	 0.1130	 996.0000		 0.0000	   0.0	
m60616c2r2.htb	   0.0	  0.03	 2.000	  5.00	 -10.00	 30.00	   0.0	 0.1220	 996.0000		 0.0000	   0.0	
m60616c2r2.htb	   0.0	  0.03	 2.000	  5.00	 -10.00	 30.00	   1.0	 0.1410	 996.0000		 0.0000	   0.0	
m60619c1r2.htb	   0.0	  0.03	 2.000	  0.00	  0.00	 40.00	   0.0	 0.1830	 996.0000		 0.0000	   1.0	
m60619c1r2.htb	   0.0	  0.03	 2.000	  0.00	  0.00	 40.00	   1.0	 0.1960	 996.0000		 0.0000	   1.0	
m60619c2r2.htb	   0.0	  0.03	 2.000	 -5.00	  0.00	 40.00	   0.0	 0.1200	 996.0000		 0.0000	   0.0	
m60619c2r2.htb	   0.0	  0.03	 2.000	 -5.00	  0.00	 40.00	   1.0	 0.1220	 996.0000		 0.0000	   0.0	
m60619c3r2.htb	   0.0	  0.03	 2.000	  0.00	 -5.00	 40.00	   0.0	 0.1170	 996.0000		 0.0000	   1.0	
m60619c3r2.htb	   0.0	  0.03	 2.000	  0.00	 -5.00	 40.00	   1.0	 0.1220	 996.0000		 0.0000	   0.0	
m60619c4r2.htb	   0.0	  0.03	 2.000	 -8.00	 -8.00	 40.00	   0.0	 0.1420	 996.0000		 0.0000	   0.0	
m60619c4r2.htb	   0.0	  0.03	 2.000	 -8.00	 -8.00	 40.00	   1.0	 2.0140	 996.0000		 0.0000	   1.0	
m60620c1r2.htb	   0.0	  0.03	 2.000	  5.00	  5.00	 40.00	   0.0	 0.2250	 996.0000		 0.0000	   0.0	
m60620c1r2.htb	   0.0	  0.03	 2.000	  5.00	  5.00	 40.00	   1.0	 0.1530	 996.0000		 0.0000	   1.0	
m60620c2r2.htb	   0.0	  0.03	 2.000	  0.00	  5.00	 40.00	   0.0	 0.1930	 996.0000		 0.0000	   0.0	
m60620c2r2.htb	   0.0	  0.03	 2.000	  0.00	  5.00	 40.00	   1.0	 0.2020	 996.0000		 0.0000	   1.0	
m60620c3r2.htb	   0.0	  0.03	 2.000	  0.00	 10.00	 40.00	   0.0	 0.2680	 996.0000		 0.0000	   1.0	
m60620c3r2.htb	   0.0	  0.03	 2.000	  0.00	 10.00	 40.00	   1.0	 0.2190	 996.0000		 0.0000	   0.0	
m60620c4r2.htb	   0.0	  0.03	 2.000	  0.00	  8.00	 40.00	   0.0	 0.1080	 996.0000		 0.0000	   1.0	
m60620c4r2.htb	   0.0	  0.03	 2.000	  0.00	  8.00	 40.00	   1.0	 0.0820	 996.0000		 0.0000	   0.0	
m60621c1r2.htb	   0.0	  0.03	 2.000	  0.00	 -8.00	 30.00	   0.0	 -0.4890	 996.0000		 0.0000	   0.0	
m60621c1r2.htb	   0.0	  0.03	 2.000	  0.00	 -8.00	 30.00	   1.0	 0.1830	 996.0000		 0.0000	   0.0	
m60621c2r2.htb	   0.0	  0.03	 2.000	  8.00	 -2.00	 30.00	   0.0	 0.1330	 996.0000		 0.0000	   0.0	
m60621c2r2.htb	   0.0	  0.03	 2.000	  8.00	 -2.00	 30.00	   1.0	 0.1110	 996.0000		 0.0000	   0.0	
m60621c3r2.htb	   0.0	  0.03	 2.000	 10.00	  0.00	 40.00	   0.0	 -0.4890	 996.0000		 0.0000	   0.0	
m60621c3r2.htb	   0.0	  0.03	 2.000	 10.00	  0.00	 40.00	   1.0	 0.1640	 996.0000		 0.0000	   1.0	
m60621c4r2.htb	 180.0	  0.03	 2.000	  0.00	 -10.00	 40.00	   0.0	 0.2340	 996.0000		 0.0000	   0.0	
m60621c4r2.htb	 180.0	  0.03	 2.000	  0.00	 -10.00	 40.00	   1.0	 0.2050	 996.0000		 0.0000	   1.0	
m60621c5r2.htb	 130.0	  0.03	 2.000	 -10.00	 -10.00	 40.00	   0.0	 0.1200	 996.0000		 0.0000	   0.0	
m60621c5r2.htb	 130.0	  0.03	 2.000	 -10.00	 -10.00	 40.00	   1.0	 0.1300	 996.0000		 0.0000	   0.0	
m60621c6r2.htb	 130.0	  0.03	 2.000	  8.00	 -10.00	 40.00	   0.0	 0.1340	 996.0000		 0.0000	   0.0	
m60621c6r2.htb	 130.0	  0.03	 2.000	  8.00	 -10.00	 40.00	   1.0	 0.1230	 996.0000		 0.0000	   0.0	
m60622c1r2.htb	   0.0	  0.03	 2.000	  0.00	 -7.00	 30.00	   0.0	 -0.4890	 996.0000		 0.0000	   0.0	
m60622c1r2.htb	   0.0	  0.03	 2.000	  0.00	 -7.00	 30.00	   1.0	 -0.4890	 996.0000		 0.0000	   0.0	
m60623c3r2.htb	   0.0	  0.03	 2.000	 -5.00	 10.00	 40.00	   0.0	 0.2220	 996.0000		 0.0000	   0.0	
m60623c3r2.htb	   0.0	  0.03	 2.000	 -5.00	 10.00	 40.00	   1.0	 0.1250	 996.0000		 0.0000	   0.0	
m60623c4r2.htb	  90.0	  0.03	 2.000	  3.00	 -5.00	 40.00	   0.0	 0.1430	 996.0000		 0.0000	   1.0	
m60623c4r2.htb	  90.0	  0.03	 2.000	  3.00	 -5.00	 40.00	   1.0	 0.1490	 996.0000		 0.0000	   1.0	
m60626c2r2.htb	   0.0	  0.03	 2.000	 -8.00	 -8.00	 40.00	   0.0	 0.5780	 996.0000		 0.0000	   0.0	
m60626c2r2.htb	   0.0	  0.03	 2.000	 -8.00	 -8.00	 40.00	   1.0	 0.1200	 996.0000		 0.0000	   0.0	
m60628c1r2.htb	   0.0	  0.03	 2.000	  0.00	 -8.00	 40.00	   0.0	 0.2750	 996.0000		 0.0000	   0.0	
m60628c1r2.htb	   0.0	  0.03	 2.000	  0.00	 -8.00	 40.00	   1.0	 0.2050	 996.0000		 0.0000	   1.0	
m60628c2r2.htb	   0.0	  0.03	 2.000	 -8.00	 -10.00	 40.00	   0.0	 0.1060	 996.0000		 0.0000	   0.0	
m60628c2r2.htb	   0.0	  0.03	 2.000	 -8.00	 -10.00	 40.00	   1.0	 0.1310	 996.0000		 0.0000	   0.0	
m60703c1r2.htb	   0.0	  0.03	 2.000	 10.00	  8.00	 40.00	   0.0	 0.1090	 996.0000		 0.0000	   0.0	
m60703c1r2.htb	   0.0	  0.03	 2.000	 10.00	  8.00	 40.00	   1.0	 0.1150	 996.0000		 0.0000	   0.0	
m60703c1r2.htb	   0.0	  0.03	 2.000	 10.00	  8.00	 40.00	   0.0	 0.1090	 996.0000		 0.0000	   0.0	
m60703c1r2.htb	   0.0	  0.03	 2.000	 10.00	  8.00	 40.00	   1.0	 0.1150	 996.0000		 0.0000	   0.0	
m60703c2r2.htb	   0.0	  0.03	 2.000	  8.00	 10.00	 40.00	   0.0	 0.1200	 996.0000		 0.0000	   1.0	
m60703c2r2.htb	   0.0	  0.03	 2.000	  8.00	 10.00	 40.00	   1.0	 -0.4890	 996.0000		 0.0000	   0.0	
m60703c3r2.htb	   0.0	  0.03	 2.000	 -5.00	 10.00	 40.00	   0.0	 0.1190	 996.0000		 0.0000	   0.0	
m60703c3r2.htb	   0.0	  0.03	 2.000	 -5.00	 10.00	 40.00	   1.0	 -0.4890	 996.0000		 0.0000	   0.0	
m60705c1r2.htb	   0.0	  0.03	 2.000	  0.00	 -10.00	 40.00	   0.0	 0.1480	 996.0000		 0.0000	   0.0	
m60705c1r2.htb	   0.0	  0.03	 2.000	  0.00	 -10.00	 40.00	   1.0	 0.1180	 996.0000		 0.0000	   0.0	
m60705c2r2.htb	   0.0	  0.03	 2.000	 -5.00	 -10.00	 40.00	   0.0	 0.1370	 996.0000		 0.0000	   0.0	
m60705c2r2.htb	   0.0	  0.03	 2.000	 -5.00	 -10.00	 40.00	   1.0	 0.2000	 996.0000		 0.0000	   0.0	
m60705c3r2.htb	   0.0	  0.03	 2.000	  5.00	 -10.00	 40.00	   0.0	 0.1180	 996.0000		 0.0000	   0.0	
m60705c3r2.htb	   0.0	  0.03	 2.000	  5.00	 -10.00	 40.00	   1.0	 0.1250	 996.0000		 0.0000	   0.0	
m60712c1r2.htb	   0.0	  0.03	 2.000	  3.00	 -5.00	 40.00	   0.0	 0.1610	 996.0000		 0.0000	   1.0	
m60712c1r2.htb	   0.0	  0.03	 2.000	  3.00	 -5.00	 40.00	   1.0	 0.1770	 996.0000		 0.0000	   1.0	
m60712c1r2.htb	   0.0	  0.03	 2.000	  3.00	 -5.00	 40.00	   0.0	 0.1610	 996.0000		 0.0000	   1.0	
m60712c1r2.htb	   0.0	  0.03	 2.000	  3.00	 -5.00	 40.00	   1.0	 0.1770	 996.0000		 0.0000	   1.0	
m60717c3r2.htb	 150.0	  0.03	 2.000	 -10.00	 -10.00	 40.00	   0.0	 0.1280	 996.0000		 0.0000	   0.0	
m60717c3r2.htb	 150.0	  0.03	 2.000	 -10.00	 -10.00	 40.00	   1.0	 0.1320	 996.0000		 0.0000	   0.0	
m60814c1r2.htb	   0.0	  0.03	 2.000	  0.00	  0.00	 40.00	   0.0	 0.1310	 996.0000		 0.0000	   0.0	
m60814c1r2.htb	   0.0	  0.03	 2.000	  0.00	  0.00	 40.00	   1.0	 -0.4890	 996.0000		 0.0000	   0.0	
m60814c2r2.htb	   0.0	  0.03	 2.000	  0.00	  0.00	 40.00	   0.0	 0.4030	 996.0000		 0.0000	   1.0	
m60814c2r2.htb	   0.0	  0.03	 2.000	  0.00	  0.00	 40.00	   1.0	 0.2510	 996.0000		 0.0000	   0.0	
m60814c3r2.htb	   0.0	  0.03	 2.000	 -10.00	 10.00	 40.00	   0.0	 0.1610	 996.0000		 0.0000	   0.0	
m60814c3r2.htb	   0.0	  0.03	 2.000	 -10.00	 10.00	 40.00	   1.0	 0.4260	 996.0000		 0.0000	   1.0	
m60814c4r2.htb	   0.0	  0.03	 2.000	 -10.00	 10.00	 40.00	   0.0	 0.1920	 996.0000		 0.0000	   1.0	
m60814c4r2.htb	   0.0	  0.03	 2.000	 -10.00	 10.00	 40.00	   1.0	 0.1700	 996.0000		 0.0000	   1.0	
m60822c1r2.htb	   0.0	  0.03	 2.000	 -10.00	  0.00	 40.00	   0.0	 0.0420	 1074.1000		 1.5951	   0.0	
m60822c1r2.htb	   0.0	  0.03	 2.000	 -10.00	  0.00	 40.00	   1.0	 -0.4890	 1073.5000		 2.1213	   0.0	
m60822c2r2.htb	   0.0	  0.03	 2.000	  0.00	 -5.00	 40.00	   0.0	 0.0470	 1073.0000		 1.6997	   0.0	
m60822c2r2.htb	   0.0	  0.03	 2.000	  0.00	 -5.00	 40.00	   1.0	 0.0490	 1073.7000		 1.4944	   0.0	
m61117c1r2.htb	 180.0	  0.03	 2.000	 10.00	 -10.00	 40.00	   0.0	 0.1230	 1051.9000		 5.9991	   0.0	
m61117c2r2.htb	  60.0	  0.03	 2.000	  5.00	 10.00	 40.00	   0.0	 0.1580	 1053.0000		 6.3770	   1.0	
m61117c3r2.htb	 150.0	  0.03	 2.000	  0.00	  0.00	 40.00	   0.0	 0.1430	 1058.3000		 1.4944	   0.0	
