FILE			 PrfOR	 PrfSF	 PrfTF	 RFXctr	 RFYctr	 RFDiam	 GrType	 MaxLoc	 MaxRsp	 MinLoc	 MinRsp	 Spont	 SFMI		 AnovaP	 SFDI  	 VarTerm	 MaxX 	 MinX 	 SFHWHM	 RsqMn	 PMean	 RsqRaw	 Praw		 Chi2		 ChiP		 Brat		 Ampl		 Peak		 SD		 Offst		
m60201c1r3.htb	  30.0	  0.03	 2.000	  0.00	 -5.00	 50.00	   0.0	 0.0250	  1.79	 1.6000	  0.57	  0.87	 1.324	 0.28839092	 0.339	  0.723	  1.60	  0.03	  0.0500	 0.7438	 0.01250412	 0.1101	 0.01856960	 0.2115	 0.89966906	  0.57	  1.22	 0.0250	 0.7356	 0.0100	
m60201c1r3.htb	  30.0	  0.03	 2.000	  0.00	 -5.00	 50.00	   1.0	 0.0250	  1.73	 0.0680	  0.75	  0.87	 1.241	 0.15582313	 0.352	  0.669	  1.60	  0.03	  0.0050	 0.4252	 0.11248129	 0.0801	 0.04648771	 0.8806	 0.64384840	  0.75	  0.98	 0.0251	 0.1091	 0.0018	
m60208c1r2.htb	  30.0	  0.03	 2.000	  0.00	  0.00	 45.00	   0.0	 0.0500	 15.84	 1.6000	  2.99	  4.18	 1.106	 0.00000000	 0.694	  0.500	  1.60	  0.03	  0.1310	 0.9902	 0.00000325	 0.7753	 0.00000000	 0.4012	 0.81823211	  2.95	 12.90	 0.0501	 0.9784	 0.0100	
m60208c1r2.htb	  30.0	  0.03	 2.000	  0.00	  0.00	 45.00	   1.0	 0.0480	 18.94	 1.6000	  3.52	  4.18	 1.071	 0.00000000	 0.733	  0.455	  1.60	  0.03	  0.1310	 0.9948	 0.00000066	 0.8208	 0.00000000	 0.1557	 0.92511911	  3.46	 15.48	 0.0484	 0.9935	 0.0098	
m60213c1r3.htb	  30.0	  0.05	 2.000	 -5.00	 10.00	 40.00	   0.0	 0.0250	 11.52	 1.6000	  3.86	  3.68	 0.982	 0.00000000	 0.557	  0.625	  1.60	  0.03	  0.0980	 0.9400	 0.00030580	 0.5153	 0.00000000	 0.4085	 0.81524569	  3.82	  7.70	 0.0250	 1.2099	 0.0058	
m60213c1r3.htb	  30.0	  0.05	 2.000	 -5.00	 10.00	 40.00	   1.0	 0.0250	 12.70	 1.6000	  4.05	  3.68	 0.971	 0.00000000	 0.588	  0.575	  1.60	  0.03	  0.0810	 0.9845	 0.00001020	 0.6211	 0.00000000	 0.1289	 0.93759377	  4.02	  8.67	 0.0250	 1.2108	 0.0001	
m60217c1r2.htb	  30.0	  0.03	 2.000	 10.00	 15.00	 50.00	   0.0	 0.0440	 11.80	 1.6000	  6.80	  5.42	 0.784	 0.00003333	 0.470	  0.488	  1.60	  0.03	  0.0950	 0.8971	 0.00119907	 0.3353	 0.00000015	 0.4648	 0.79263505	  6.80	  5.00	 0.0440	 0.8511	 0.0100	
m60217c1r2.htb	  30.0	  0.03	 2.000	 10.00	 15.00	 50.00	   1.0	 0.0250	 12.08	 1.6000	  5.87	  5.42	 0.889	 0.00000472	 0.525	  0.541	  1.60	  0.03	  0.1510	 0.8695	 0.00219290	 0.3609	 0.00000004	 0.5527	 0.75853058	  5.53	  6.56	 0.0250	 1.7137	 0.0001	
m60220c2r2.htb	   0.0	  0.03	 2.000	  0.00	 15.00	 60.00	   0.0	 0.0250	 10.14	 1.6000	  6.41	  5.30	 0.771	 0.00086337	 0.406	  0.705	  1.60	  0.03	  0.0580	 0.7651	 0.00996859	 0.1190	 0.00003004	 0.2937	 0.86342370	  6.41	  3.73	 0.0250	 0.9978	 0.0001	
m60220c2r2.htb	   0.0	  0.03	 2.000	  0.00	 15.00	 60.00	   1.0	 0.0270	 12.81	 1.6000	  6.70	  5.30	 0.801	 0.00000002	 0.475	  0.672	  1.60	  0.03	  0.0300	 0.9247	 0.00054347	 0.2715	 0.00000000	 0.2733	 0.87228511	  6.70	  6.11	 0.0269	 0.4823	 0.0100	
m60220c3r2.htb	  30.0	  0.03	 2.000	 10.00	 10.00	 50.00	   0.0	 0.0250	  6.62	 1.6000	  1.65	  1.84	 1.041	 0.00000000	 0.585	  0.553	  1.60	  0.03	  0.0490	 0.9313	 0.00043048	 0.5253	 0.00000000	 0.6018	 0.74014731	  1.65	  4.98	 0.0250	 0.9041	 0.0001	
m60220c3r2.htb	  30.0	  0.03	 2.000	 10.00	 10.00	 50.00	   1.0	 0.0250	  6.22	 1.6000	  1.62	  1.84	 1.046	 0.00000115	 0.531	  0.618	  1.60	  0.03	  0.0740	 0.9281	 0.00048295	 0.4110	 0.00000000	 0.3514	 0.83887971	  1.61	  4.61	 0.0250	 1.1514	 0.0001	
m60220c6r3.htb	  30.0	  0.03	 2.000	  0.00	 10.00	 40.00	   0.0	 0.0340	 39.23	 1.6000	  7.94	  3.13	 0.867	 0.00000000	 0.755	  0.570	  1.60	  0.03	  0.0430	 0.9885	 0.00000485	 0.9119	 0.00000000	 0.9359	 0.62627308	  7.94	 31.29	 0.0343	 0.5558	 0.0100	
m60220c6r3.htb	  30.0	  0.03	 2.000	  0.00	 10.00	 40.00	   1.0	 0.0360	 44.75	 1.6000	 13.94	  3.13	 0.795	 0.00000000	 0.704	  0.610	  1.60	  0.03	  0.0360	 0.9939	 0.00000099	 0.8434	 0.00000000	 0.1886	 0.91003029	 13.94	 30.82	 0.0355	 0.5795	 0.0001	
m60221c1r2.htb	   0.0	  0.05	 2.000	 -10.00	 10.00	 50.00	   0.0	 0.0410	  6.71	 1.6000	  0.71	  0.85	 1.030	 0.00000000	 0.635	  0.497	  1.60	  0.03	  0.1300	 0.9585	 0.00012127	 0.6611	 0.00000000	 1.3821	 0.50103920	  0.67	  6.04	 0.0408	 1.0780	 0.0100	
m60221c1r2.htb	   0.0	  0.05	 2.000	 -10.00	 10.00	 50.00	   1.0	 0.0460	  7.48	 1.6000	  1.33	  0.85	 0.972	 0.00000000	 0.631	  0.445	  1.60	  0.03	  0.1030	 0.9688	 0.00005892	 0.6790	 0.00000000	 0.5364	 0.76475156	  1.33	  6.15	 0.0458	 0.8799	 0.0100	
m60221c2r2.htb	   0.0	  0.03	 4.000	 -10.00	 10.00	 60.00	   0.0	 0.0250	 14.08	 1.6000	  6.10	  6.12	 1.008	 0.00000000	 0.625	  0.454	  1.60	  0.03	  0.1080	 0.9015	 0.00107324	 0.5448	 0.00000000	 1.5876	 0.45211305	  6.06	  8.02	 0.0250	 1.1919	 0.0100	
m60221c2r2.htb	   0.0	  0.03	 4.000	 -10.00	 10.00	 60.00	   1.0	 0.0250	 13.97	 1.6000	  6.25	  6.12	 1.014	 0.00000000	 0.589	  0.443	  1.60	  0.03	  0.1590	 0.9600	 0.00011030	 0.5302	 0.00000000	 0.3638	 0.83370209	  5.96	  8.01	 0.0250	 1.4854	 0.0100	
m60221c3r2.htb	   0.0	  0.03	 2.000	  3.00	  8.00	 50.00	   0.0	 0.0250	 17.90	 1.6000	  3.05	  1.14	 0.886	 0.00000000	 0.753	  0.457	  1.60	  0.03	  0.0380	 0.9882	 0.00000511	 0.8486	 0.00000000	 0.6977	 0.70548327	  3.05	 14.85	 0.0250	 0.7658	 0.0001	
m60221c3r2.htb	   0.0	  0.03	 2.000	  3.00	  8.00	 50.00	   1.0	 0.0250	 19.13	 1.6000	  3.44	  1.14	 0.879	 0.00000000	 0.727	  0.509	  1.60	  0.03	  0.0450	 0.9869	 0.00000672	 0.8332	 0.00000000	 1.7257	 0.42196540	  3.44	 15.68	 0.0250	 0.8544	 0.0001	
m60221c4r3.htb	   0.0	  0.03	 2.000	  8.00	  0.00	 50.00	   0.0	 0.0360	 29.49	 1.6000	  2.64	  2.94	 1.012	 0.00000000	 0.732	  0.705	  1.60	  0.03	  0.0910	 0.9779	 0.00002497	 0.8265	 0.00000000	 0.9209	 0.63099694	  2.63	 26.86	 0.0360	 0.9201	 0.0100	
m60221c4r3.htb	   0.0	  0.03	 2.000	  8.00	  0.00	 50.00	   1.0	 0.0320	 31.19	 1.6000	  3.65	  2.94	 0.992	 0.00000000	 0.744	  0.666	  1.60	  0.03	  0.0900	 0.9891	 0.00000424	 0.8740	 0.00000000	 0.8543	 0.65238069	  3.63	 27.56	 0.0322	 0.9563	 0.0100	
m60221c5r2.htb	   0.0	  0.03	 2.000	 10.00	 -5.00	 50.00	   0.0	 0.0250	  5.99	 1.6000	  1.55	  1.04	 0.902	 0.00000004	 0.578	  0.529	  1.60	  0.03	  0.0880	 0.8978	 0.00117784	 0.4533	 0.00000000	 0.7025	 0.70381574	  1.53	  4.46	 0.0250	 1.2687	 0.0001	
m60221c5r2.htb	   0.0	  0.03	 2.000	 10.00	 -5.00	 50.00	   1.0	 0.0250	  6.88	 1.0960	  2.29	  1.04	 0.834	 0.00000000	 0.604	  0.466	  1.60	  0.03	  0.0180	 0.8882	 0.00148072	 0.4925	 0.00000000	 1.1322	 0.56774153	  2.29	  4.59	 0.0250	 0.4357	 0.0001	
m60227c1r2.htb	  30.0	  0.03	 2.000	  5.00	  0.00	 40.00	   0.0	 0.0390	 22.44	 1.6000	  7.18	  6.12	 1.090	 0.00000020	 0.548	  0.879	  1.60	  0.03	  0.2490	 0.9471	 0.00022310	 0.4562	 0.00000000	 0.2366	 0.88842725	  4.64	 17.79	 0.0391	 1.8791	 0.0001	
m60227c1r2.htb	  30.0	  0.03	 2.000	  5.00	  0.00	 40.00	   1.0	 0.0480	 23.43	 1.6000	  6.74	  6.12	 1.230	 0.00000004	 0.566	  0.902	  1.60	  0.03	  0.3630	 0.8604	 0.00260777	 0.4314	 0.00000000	 1.3215	 0.51645528	  0.00	 23.43	 0.0485	 2.1005	 0.0100	
m60227c2r2.htb	   0.0	  0.05	 2.000	  8.00	  4.00	 40.00	   0.0	 0.0250	 17.50	 1.6000	  6.59	  6.47	 1.586	 0.00000000	 0.646	  0.528	  1.60	  0.03	  0.3040	 0.6890	 0.02081741	 0.4572	 0.00000000	 5.4966	 0.06403812	  0.00	 17.50	 0.0250	 2.9737	 0.0001	
m60227c2r2.htb	   0.0	  0.05	 2.000	  8.00	  4.00	 40.00	   1.0	 0.0530	 16.50	 1.6000	  6.37	  6.47	 1.613	 0.00000000	 0.712	  0.400	  1.60	  0.03	  0.4080	 0.7959	 0.00692366	 0.5448	 0.00000000	 3.8452	 0.14622715	  0.00	 16.50	 0.0526	 2.3536	 0.0100	
m60404c1r2.htb	   0.0	  0.03	 2.000	  0.00	  0.00	 40.00	   0.0	 0.0250	 13.93	 1.6000	  5.85	  4.03	 0.816	 0.00000004	 0.551	  0.621	  1.60	  0.03	  0.0430	 0.9825	 0.00001383	 0.4925	 0.00000000	 0.4115	 0.81403600	  5.85	  8.08	 0.0250	 0.8317	 0.0001	
m60404c1r2.htb	   0.0	  0.03	 2.000	  0.00	  0.00	 40.00	   1.0	 0.0250	 11.30	 1.6000	  5.92	  4.03	 0.795	 0.00008803	 0.532	  0.542	  1.60	  0.03	  0.1210	 0.9045	 0.00099244	 0.3183	 0.00000037	 0.6427	 0.72517244	  5.80	  5.50	 0.0250	 1.5141	 0.0001	
m60411c1r2.htb	   0.0	  0.03	 2.000	 -10.00	 -5.00	 40.00	   0.0	 0.0250	  8.63	 1.6000	  0.00	  0.00	 1.000	 0.00000000	 0.686	  0.735	  1.60	  0.03	  0.0460	 0.9378	 0.00033557	 0.6817	 0.00000000	 1.0746	        NaN	  0.00	  8.63	 0.0250	 0.8699	 0.0001	
m60411c1r2.htb	   0.0	  0.03	 2.000	 -10.00	 -5.00	 40.00	   1.0	 0.0330	  8.46	 1.6000	  0.01	  0.00	 1.000	 0.00000000	 0.678	  0.719	  1.60	  0.03	  0.0920	 0.9244	 0.00054794	 0.6198	 0.00000000	 0.6119	        NaN	  0.00	  8.46	 0.0333	 0.9576	 0.0100	
m60412c3r2.htb	   0.0	  0.03	 2.000	  0.00	 -10.00	 40.00	   0.0	 0.0250	 15.89	 1.6000	  3.46	  3.18	 1.009	 0.00000000	 0.699	  0.561	  1.60	  0.03	  0.1300	 0.8267	 0.00453652	 0.6211	 0.00000000	 9.7254	 0.00772948	  3.06	 12.83	 0.0250	 1.5763	 0.0001	
m60412c3r2.htb	   0.0	  0.03	 2.000	  0.00	 -10.00	 40.00	   1.0	 0.0250	 15.07	 1.6000	  3.68	  3.18	 1.050	 0.00000000	 0.625	  0.759	  1.60	  0.03	  0.2010	 0.6674	 0.02488576	 0.3799	 0.00000001	 30.1258	 0.00000029	  2.03	 13.03	 0.0250	 2.0432	 0.0001	
m60413c1r2.htb	 180.0	  0.03	 2.000	 -5.00	 -25.00	 60.00	   0.0	 0.0340	 11.72	 1.6000	  5.71	  4.93	 0.888	 0.00000001	 0.577	  0.405	  1.60	  0.03	  0.0990	 0.9475	 0.00021818	 0.5067	 0.00000000	 0.4180	 0.81138503	  5.69	  6.04	 0.0338	 1.1539	 0.0001	
m60413c1r2.htb	 180.0	  0.03	 2.000	 -5.00	 -25.00	 60.00	   1.0	 0.0250	 11.44	 1.6000	  6.03	  4.93	 0.861	 0.00000098	 0.556	  0.464	  1.60	  0.03	  0.0770	 0.9224	 0.00058638	 0.4113	 0.00000000	 0.5236	 0.76967441	  6.02	  5.42	 0.0250	 1.1785	 0.0001	
m60413c2r2.htb	 180.0	  0.03	 2.000	 -8.00	 -5.00	 40.00	   0.0	 0.0250	  5.49	 1.6000	  3.57	  3.33	 0.888	 0.00498750	 0.442	  0.373	  1.60	  0.03	  0.0390	 0.8630	 0.00248485	 0.2145	 0.00005410	 0.7342	 0.69274806	  3.57	  1.92	 0.0250	 0.7776	 0.0001	
m60413c2r2.htb	 180.0	  0.03	 2.000	 -8.00	 -5.00	 40.00	   1.0	 0.0250	  7.08	 1.6000	  3.61	  3.33	 0.916	 0.00000000	 0.613	  0.319	  1.60	  0.03	  0.0680	 0.8794	 0.00179272	 0.4877	 0.00000000	 1.1763	 0.55534420	  3.61	  3.47	 0.0250	 1.0998	 0.0001	
m60417c1r2.htb	 180.0	  0.03	 2.000	  0.00	 10.00	 50.00	   0.0	 0.0250	  0.96	 1.6000	  0.17	  0.25	 1.116	 0.10837323	 0.436	  0.542	  1.60	  0.03	  0.0870	 0.5341	 0.06207474	 0.0878	 0.01835164	 0.5744	 0.75035063	  0.17	  0.80	 0.0250	 1.0534	 0.0100	
m60417c1r2.htb	 180.0	  0.03	 2.000	  0.00	 10.00	 50.00	   1.0	 0.0410	  1.04	 1.6000	  0.32	  0.25	 0.999	 0.07674724	 0.395	  0.558	  1.60	  0.03	  0.0390	 0.5329	 0.06252983	 0.0930	 0.01275999	 1.5558	 0.45936269	  0.32	  0.72	 0.0415	 0.4608	 0.0100	
m60418c2r2.htb	   0.0	  0.03	 2.000	 -5.00	 -15.00	 50.00	   0.0	 0.0330	 35.53	 1.6000	 11.43	  7.81	 0.870	 0.00000000	 0.711	  0.559	  1.60	  0.03	  0.0940	 0.9924	 0.00000174	 0.8430	 0.00000000	 0.2434	 0.88543249	 11.41	 24.12	 0.0332	 0.9697	 0.0100	
m60418c2r2.htb	   0.0	  0.03	 2.000	 -5.00	 -15.00	 50.00	   1.0	 0.0250	 37.48	 1.6000	 14.58	  7.81	 0.818	 0.00000000	 0.673	  0.604	  1.60	  0.03	  0.0710	 0.9713	 0.00004789	 0.7679	 0.00000000	 0.5744	 0.75037124	 14.55	 22.93	 0.0250	 1.1240	 0.0001	
m60418c3r2.htb	   0.0	  0.03	 2.000	  0.00	 -10.00	 50.00	   0.0	 0.0320	 29.63	 1.6000	 15.85	 15.57	 0.980	 0.00000000	 0.619	  0.502	  1.60	  0.03	  0.0830	 0.9584	 0.00012201	 0.6139	 0.00000000	 0.4718	 0.78987096	 15.85	 13.78	 0.0319	 0.9183	 0.0100	
m60418c3r2.htb	   0.0	  0.03	 2.000	  0.00	 -10.00	 50.00	   1.0	 0.0390	 31.46	 1.6000	 17.92	 15.57	 0.908	 0.00000000	 0.608	  0.458	  1.60	  0.03	  0.0640	 0.9760	 0.00003066	 0.6254	 0.00000000	 0.3332	 0.84653777	 17.92	 13.53	 0.0390	 0.6960	 0.0100	
m60418c4r2.htb	   0.0	  0.03	 2.000	  0.00	 -10.00	 50.00	   0.0	 0.0250	 28.29	 1.6000	 16.44	 15.92	 0.972	 0.00000000	 0.596	  0.470	  1.60	  0.03	  0.1090	 0.9572	 0.00013063	 0.5452	 0.00000000	 0.6807	 0.71153872	 16.26	 12.02	 0.0250	 1.4301	 0.0001	
m60418c4r2.htb	   0.0	  0.03	 2.000	  0.00	 -10.00	 50.00	   1.0	 0.0250	 28.61	 1.6000	 17.82	 15.92	 0.914	 0.00000000	 0.638	  0.379	  1.60	  0.03	  0.1010	 0.9230	 0.00057400	 0.5773	 0.00000000	 1.4652	 0.48065690	 17.71	 10.90	 0.0250	 1.3680	 0.0001	
m60420c3r2.htb	   0.0	  0.03	 2.000	 -5.00	  5.00	 40.00	   0.0	 0.0270	 24.91	 1.6000	 12.91	 12.94	 1.004	 0.00000002	 0.556	  0.596	  1.60	  0.03	  0.0920	 0.9722	 0.00004404	 0.5002	 0.00000000	 0.2662	 0.87538006	 12.89	 12.02	 0.0266	 1.0624	 0.0100	
m60420c3r2.htb	   0.0	  0.03	 2.000	 -5.00	  5.00	 40.00	   1.0	 0.0270	 24.94	 1.6000	 12.06	 12.94	 1.051	 0.00000000	 0.580	  0.557	  1.60	  0.03	  0.1450	 0.9825	 0.00001376	 0.5609	 0.00000000	 0.2419	 0.88609462	 11.76	 13.18	 0.0270	 1.3697	 0.0100	
m60420c4r2.htb	   0.0	  0.03	 2.000	 10.00	 -8.00	 40.00	   0.0	 0.0270	 14.14	 1.6000	  3.34	  5.27	 1.225	 0.00000467	 0.539	  0.924	  1.60	  0.03	  0.1100	 0.9462	 0.00023220	 0.3929	 0.00000001	 0.2699	 0.87373881	  3.28	 10.86	 0.0268	 1.1729	 0.0100	
m60420c4r2.htb	   0.0	  0.03	 2.000	 10.00	 -8.00	 40.00	   1.0	 0.0440	 13.73	 1.6000	  3.84	  5.27	 1.201	 0.00007666	 0.495	  0.925	  1.60	  0.03	  0.1290	 0.9815	 0.00001596	 0.3485	 0.00000008	 0.3089	 0.85688385	  3.80	  9.93	 0.0440	 1.0309	 0.0100	
m60420c5r2.htb	   0.0	  0.03	 2.000	  8.00	 -5.00	 40.00	   0.0	 0.0260	 31.29	 1.6000	 17.69	 18.71	 1.081	 0.00000013	 0.530	  0.649	  1.60	  0.03	  0.0680	 0.9949	 0.00000064	 0.4797	 0.00000000	 0.0332	 0.98354872	 17.69	 13.61	 0.0259	 0.8900	 0.0100	
m60420c5r2.htb	   0.0	  0.03	 2.000	  8.00	 -5.00	 40.00	   1.0	 0.0320	 30.79	 1.6000	 19.16	 18.71	 1.024	 0.00001474	 0.492	  0.667	  1.60	  0.03	  0.0730	 0.9459	 0.00023529	 0.3703	 0.00000002	 0.3078	 0.85736324	 19.16	 11.63	 0.0316	 0.8522	 0.0100	
m60424c6r2.htb	   0.0	  0.03	 2.000	 -5.00	 -5.00	 30.00	   0.0	 0.0370	 33.82	 1.6000	  2.37	  1.00	 0.958	 0.00000000	 0.737	  0.778	  1.60	  0.03	  0.0780	 0.9843	 0.00001057	 0.8729	 0.00000000	 1.2272	 0.54140773	  2.36	 31.46	 0.0369	 0.8960	 0.0040	
m60424c6r2.htb	   0.0	  0.03	 2.000	 -5.00	 -5.00	 30.00	   1.0	 0.0350	 32.73	 1.6000	  4.67	  1.00	 0.932	 0.00000000	 0.712	  0.758	  1.60	  0.03	  0.1400	 0.9710	 0.00004898	 0.7770	 0.00000000	 1.3078	 0.52000363	  4.02	 28.70	 0.0347	 1.3887	 0.0001	
