0.025	 0.075	 0.125	 0.175	 0.225	 0.275	 0.325	 0.375	 0.425	 0.475	 0.525	 0.575	 0.625	 0.675	 0.725	 0.775	 0.825	 0.875	 0.925	 0.975	 1.025	 1.075	 1.125	 1.175	 1.225	 1.275	 1.325	 1.375	 1.425	 1.475	 1.525	 1.575	 1.625	 1.675	 1.725	 1.775	 1.825	 1.875	 1.925	 1.975	 2.025	 2.075	 2.125	 2.175	 2.225	 2.275	 2.325	 2.375	 2.425	 2.475	 2.525	 2.575	 2.625	 2.675	 2.725	 2.775	 2.825	 2.875	 2.925	 2.975	 3.000	
0.000	 0.000	 0.000	 0.000	 0.000	 0.000	 0.000	 0.000	 0.000	 0.000	 0.000	 0.000	 0.000	 0.000	 0.500	 0.750	 0.000	 0.750	 1.000	 0.000	 0.250	 0.500	 0.000	 0.000	 0.250	 0.250	 0.250	 0.250	 0.250	 0.250	 0.750	 0.000	 0.000	 0.000	 0.000	 0.250	 0.250	 0.000	 0.000	 0.000	 0.000	 0.000	 0.250	 0.000	 0.500	 0.250	 0.000	 0.000	 0.000	 0.250	 0.000	 0.000	 0.250	 0.000	 0.250	 0.000	 0.000	 0.000	 0.000	 0.000	 0.000	
0.091	 0.091	 0.045	 0.045	 0.045	 0.227	 0.091	 0.091	 0.091	 0.045	 0.136	 0.091	 0.045	 0.545	 0.455	 0.364	 0.500	 0.500	 0.455	 0.727	 0.591	 0.682	 0.545	 0.864	 1.000	 0.545	 0.591	 0.545	 0.591	 0.727	 0.636	 0.591	 0.500	 0.409	 0.545	 0.318	 0.409	 0.409	 0.455	 0.545	 0.273	 0.227	 0.318	 0.182	 0.136	 0.318	 0.273	 0.409	 0.091	 0.273	 0.091	 0.000	 0.136	 0.136	 0.000	 0.000	 0.000	 0.000	 0.000	 0.091	 0.000	
0.000	 0.063	 0.000	 0.063	 0.063	 0.063	 0.125	 0.125	 0.000	 0.188	 0.250	 0.188	 0.063	 0.750	 0.688	 0.313	 0.563	 1.000	 0.750	 0.750	 0.688	 0.625	 0.500	 0.750	 0.250	 0.375	 0.563	 0.500	 0.563	 0.563	 0.625	 0.313	 0.375	 0.125	 0.125	 0.250	 0.250	 0.438	 0.125	 0.500	 0.375	 0.438	 0.250	 0.500	 0.313	 0.313	 0.313	 0.188	 0.125	 0.125	 0.125	 0.438	 0.313	 0.125	 0.313	 0.188	 0.063	 0.000	 0.063	 0.063	 0.000	
0.231	 0.231	 0.231	 0.231	 0.154	 0.462	 0.231	 0.231	 0.385	 0.231	 0.308	 0.462	 0.462	 0.538	 0.615	 0.923	 0.923	 0.769	 1.000	 0.385	 0.769	 0.385	 0.692	 0.538	 0.692	 0.308	 0.462	 0.462	 0.769	 0.769	 0.538	 0.692	 0.692	 0.769	 0.769	 0.615	 0.385	 0.231	 0.538	 0.077	 0.308	 0.077	 0.231	 0.308	 0.154	 0.154	 0.385	 0.308	 0.231	 0.538	 0.462	 0.462	 0.615	 0.385	 0.077	 0.154	 0.462	 0.385	 0.154	 0.154	 0.000	
0.296	 0.259	 0.259	 0.111	 0.333	 0.481	 0.333	 0.185	 0.111	 0.407	 0.296	 0.370	 0.222	 0.556	 0.704	 0.704	 0.852	 0.815	 0.778	 0.667	 0.593	 1.000	 0.778	 0.630	 0.481	 0.630	 0.593	 0.556	 0.630	 0.556	 0.333	 0.444	 0.444	 0.296	 0.481	 0.222	 0.407	 0.296	 0.407	 0.593	 0.556	 0.333	 0.407	 0.148	 0.444	 0.407	 0.148	 0.222	 0.148	 0.222	 0.259	 0.296	 0.296	 0.222	 0.333	 0.259	 0.296	 0.370	 0.333	 0.222	 0.000	
0.222	 0.444	 0.111	 0.222	 0.333	 0.000	 0.222	 0.556	 0.111	 0.222	 0.000	 0.000	 0.778	 1.000	 0.889	 0.333	 0.667	 0.111	 0.333	 1.000	 0.556	 0.889	 1.000	 0.444	 0.444	 0.667	 0.333	 0.222	 1.000	 0.444	 0.111	 0.222	 0.222	 0.222	 0.111	 0.111	 0.111	 0.333	 0.111	 0.667	 0.333	 0.222	 0.000	 0.333	 0.556	 0.222	 0.222	 0.111	 0.000	 0.222	 0.667	 0.222	 0.444	 0.111	 0.333	 0.333	 0.000	 0.111	 0.111	 0.111	 0.000	
0.000	 0.074	 0.000	 0.037	 0.111	 0.148	 0.037	 0.074	 0.000	 0.111	 0.074	 0.074	 0.667	 1.000	 0.667	 0.815	 0.815	 0.741	 0.741	 0.704	 0.593	 0.852	 0.815	 0.815	 0.778	 0.741	 0.704	 0.667	 0.815	 0.667	 0.704	 0.963	 0.852	 0.889	 0.667	 0.741	 0.778	 0.741	 0.889	 0.926	 0.815	 0.926	 0.704	 0.741	 0.815	 0.667	 0.630	 0.741	 0.852	 0.852	 0.704	 0.444	 0.333	 0.148	 0.074	 0.111	 0.000	 0.000	 0.000	 0.000	 0.000	
0.000	 0.000	 0.000	 0.059	 0.118	 0.118	 0.118	 0.059	 0.059	 0.000	 0.000	 0.059	 0.059	 0.059	 0.000	 0.176	 0.294	 0.706	 1.000	 0.765	 0.588	 0.941	 0.588	 0.765	 0.412	 0.176	 0.059	 0.000	 0.000	 0.000	 0.000	 0.000	 0.000	 0.000	 0.118	 0.235	 0.353	 0.235	 0.235	 0.059	 0.294	 0.059	 0.000	 0.000	 0.000	 0.000	 0.000	 0.059	 0.000	 0.059	 0.294	 0.412	 0.529	 0.059	 0.000	 0.000	 0.000	 0.000	 0.000	 0.000	 0.000	
0.286	 0.000	 0.214	 0.429	 0.429	 0.143	 0.214	 0.286	 0.143	 0.143	 0.286	 0.357	 0.500	 0.857	 0.714	 1.000	 0.857	 0.714	 0.857	 0.571	 0.714	 0.857	 0.286	 0.643	 0.786	 0.571	 0.571	 0.571	 0.571	 0.357	 0.500	 0.714	 0.071	 0.571	 0.714	 0.286	 0.500	 0.500	 0.214	 0.714	 0.500	 0.429	 0.429	 0.357	 0.214	 0.286	 0.214	 0.500	 0.571	 0.286	 0.500	 0.429	 0.357	 0.071	 0.214	 0.143	 0.071	 0.143	 0.000	 0.071	 0.000	
0.059	 0.000	 0.000	 0.118	 0.176	 0.176	 0.176	 0.059	 0.176	 0.176	 0.118	 0.176	 0.412	 0.706	 0.941	 1.000	 0.824	 0.471	 0.588	 0.824	 0.706	 0.588	 0.529	 0.412	 0.294	 0.529	 0.882	 0.765	 0.882	 0.882	 0.471	 0.647	 0.471	 0.412	 0.294	 0.529	 0.647	 0.353	 0.176	 0.529	 0.235	 0.529	 0.353	 0.765	 0.588	 0.824	 0.882	 0.588	 0.412	 0.353	 0.353	 0.118	 0.176	 0.176	 0.000	 0.000	 0.000	 0.118	 0.000	 0.059	 0.000	
0.083	 0.042	 0.042	 0.042	 0.042	 0.083	 0.083	 0.083	 0.083	 0.083	 0.042	 0.000	 0.458	 0.833	 1.000	 0.667	 0.833	 0.958	 0.833	 0.750	 0.875	 0.792	 0.667	 0.667	 0.833	 0.958	 0.625	 0.792	 0.625	 0.583	 0.667	 0.708	 0.500	 0.667	 0.708	 0.833	 0.750	 0.750	 0.667	 0.417	 0.542	 0.625	 0.792	 0.750	 0.542	 0.583	 0.667	 0.542	 0.500	 0.417	 0.417	 0.667	 0.375	 0.125	 0.000	 0.000	 0.042	 0.125	 0.083	 0.000	 0.000	
0.000	 0.143	 0.000	 0.286	 0.000	 0.000	 0.000	 0.429	 0.286	 0.143	 0.429	 0.000	 0.857	 0.857	 1.000	 0.714	 0.857	 1.000	 0.571	 0.286	 0.286	 0.286	 0.286	 0.714	 0.571	 0.143	 0.571	 0.286	 0.286	 0.286	 0.286	 0.714	 0.143	 0.571	 0.714	 0.714	 0.429	 0.429	 0.429	 0.286	 0.429	 0.429	 0.286	 0.857	 0.857	 0.000	 0.429	 0.857	 0.571	 0.286	 0.429	 0.286	 0.429	 0.714	 0.429	 0.286	 0.000	 0.000	 0.000	 0.000	 0.000	
0.100	 0.050	 0.000	 0.050	 0.000	 0.050	 0.050	 0.100	 0.250	 0.300	 0.150	 0.100	 0.450	 0.600	 0.450	 0.550	 0.750	 0.850	 0.850	 0.900	 0.550	 0.700	 0.550	 0.800	 0.900	 0.950	 0.650	 0.650	 0.750	 0.750	 0.700	 0.550	 0.650	 0.750	 0.700	 0.550	 0.550	 0.700	 0.600	 0.750	 0.550	 0.600	 0.550	 0.750	 0.550	 0.850	 0.750	 1.000	 0.650	 0.550	 0.500	 0.450	 0.250	 0.250	 0.150	 0.250	 0.150	 0.150	 0.150	 0.150	 0.000	
0.176	 0.176	 0.059	 0.294	 0.176	 0.294	 0.176	 0.412	 0.471	 0.235	 0.294	 0.353	 0.706	 1.000	 0.471	 0.588	 0.824	 0.471	 0.353	 0.529	 0.765	 0.529	 0.706	 0.706	 0.294	 0.706	 0.471	 0.529	 0.824	 0.647	 0.647	 0.235	 0.706	 0.588	 0.706	 0.529	 0.588	 0.706	 0.647	 0.353	 0.235	 0.294	 0.353	 0.529	 0.471	 0.588	 0.471	 0.529	 0.353	 0.529	 0.588	 0.235	 0.294	 0.235	 0.353	 0.235	 0.118	 0.176	 0.000	 0.176	 0.000	
0.143	 0.000	 0.071	 0.143	 0.071	 0.071	 0.000	 0.143	 0.214	 0.071	 0.000	 0.143	 0.429	 0.357	 0.429	 0.357	 0.357	 0.786	 1.000	 1.000	 0.929	 0.643	 0.571	 0.357	 0.714	 0.571	 0.571	 0.786	 0.786	 0.429	 0.500	 0.286	 0.143	 0.357	 0.286	 0.786	 0.500	 0.429	 0.214	 0.214	 0.071	 0.214	 0.143	 0.357	 0.357	 0.286	 0.357	 0.214	 0.214	 0.357	 0.286	 0.286	 0.143	 0.071	 0.214	 0.143	 0.143	 0.143	 0.214	 0.000	 0.000	
0.063	 0.000	 0.000	 0.000	 0.000	 0.000	 0.000	 0.063	 0.063	 0.000	 0.125	 0.000	 0.000	 0.125	 0.625	 0.813	 1.000	 0.938	 1.000	 0.625	 0.375	 0.625	 0.188	 0.438	 0.500	 0.313	 0.813	 0.500	 0.250	 0.125	 0.125	 0.000	 0.000	 0.125	 0.250	 0.188	 0.250	 0.250	 0.250	 0.125	 0.063	 0.000	 0.188	 0.063	 0.000	 0.125	 0.125	 0.063	 0.125	 0.063	 0.063	 0.125	 0.000	 0.000	 0.000	 0.000	 0.000	 0.125	 0.063	 0.000	 0.000	
0.111	 0.111	 0.222	 0.167	 0.056	 0.000	 0.167	 0.222	 0.111	 0.056	 0.167	 0.000	 0.500	 0.667	 0.611	 0.278	 0.833	 0.667	 0.889	 0.944	 0.389	 0.278	 0.500	 0.444	 0.944	 0.778	 0.944	 1.000	 0.278	 0.389	 0.222	 0.500	 0.611	 0.833	 0.944	 0.667	 0.500	 0.333	 0.111	 0.111	 0.667	 1.000	 0.722	 0.556	 0.389	 0.111	 0.333	 0.167	 0.722	 0.833	 0.556	 0.833	 0.222	 0.167	 0.167	 0.222	 0.167	 0.278	 0.111	 0.167	 0.000	
0.231	 0.154	 0.308	 0.462	 0.077	 0.462	 0.077	 0.308	 0.154	 0.077	 0.231	 0.154	 0.308	 0.231	 0.692	 0.538	 0.538	 0.769	 1.000	 0.923	 0.615	 0.692	 0.769	 0.769	 0.692	 0.692	 0.615	 0.615	 0.538	 0.462	 0.231	 0.385	 0.462	 0.308	 0.385	 0.615	 0.308	 0.308	 0.615	 0.462	 0.538	 0.308	 0.538	 0.308	 0.154	 0.231	 0.231	 0.154	 0.308	 0.308	 0.077	 0.308	 0.231	 0.077	 0.538	 0.385	 0.077	 0.077	 0.077	 0.000	 0.000	
0.077	 0.000	 0.154	 0.077	 0.154	 0.077	 0.308	 0.077	 0.000	 0.154	 0.077	 0.231	 0.231	 0.385	 0.385	 0.385	 0.077	 0.615	 0.231	 0.769	 1.000	 0.385	 0.538	 0.385	 0.385	 0.231	 0.308	 0.692	 0.462	 0.692	 0.385	 0.231	 0.385	 0.000	 0.077	 0.308	 0.308	 0.231	 0.231	 0.154	 0.077	 0.000	 0.154	 0.385	 0.462	 0.154	 0.154	 0.000	 0.077	 0.000	 0.000	 0.077	 0.154	 0.077	 0.077	 0.077	 0.000	 0.154	 0.308	 0.154	 0.000	
0.000	 0.000	 0.000	 0.000	 0.000	 0.333	 0.000	 0.000	 0.000	 0.000	 0.000	 0.000	 0.000	 0.000	 0.000	 0.000	 0.000	 0.000	 0.333	 0.333	 0.000	 0.333	 0.333	 0.000	 0.000	 0.667	 0.667	 1.000	 1.000	 0.667	 1.000	 0.667	 0.000	 0.667	 0.000	 0.000	 0.667	 0.000	 0.333	 0.000	 0.000	 0.000	 0.000	 0.000	 0.000	 0.000	 0.000	 0.000	 0.000	 0.000	 0.667	 0.000	 0.000	 0.667	 0.333	 0.667	 0.333	 0.000	 0.000	 0.667	 0.000	
0.167	 0.125	 0.250	 0.292	 0.375	 0.333	 0.208	 0.167	 0.125	 0.042	 0.083	 0.208	 0.583	 0.583	 0.833	 0.917	 0.792	 0.833	 0.958	 0.833	 0.792	 1.000	 0.917	 0.917	 1.000	 1.000	 0.708	 0.958	 0.833	 0.708	 0.958	 0.875	 0.667	 0.708	 0.833	 0.792	 0.833	 0.875	 0.750	 0.750	 0.750	 0.750	 0.958	 0.625	 0.833	 0.750	 0.792	 0.750	 0.708	 0.792	 0.708	 0.708	 0.750	 0.500	 0.292	 0.167	 0.125	 0.125	 0.125	 0.042	 0.000	
0.476	 0.476	 0.524	 0.476	 0.429	 0.476	 0.714	 0.571	 0.524	 0.619	 0.429	 0.619	 0.476	 0.714	 0.810	 0.810	 1.000	 0.714	 0.857	 0.762	 0.810	 0.810	 0.810	 0.857	 0.714	 0.952	 0.762	 0.714	 0.952	 1.000	 0.762	 0.619	 0.714	 0.762	 0.857	 0.810	 0.857	 0.762	 1.000	 0.762	 0.571	 0.619	 0.762	 0.762	 0.619	 0.571	 0.238	 0.524	 0.524	 0.524	 0.381	 0.476	 0.333	 0.524	 0.476	 0.429	 0.333	 0.429	 0.571	 0.476	 0.000	
0.381	 0.429	 0.429	 0.381	 0.190	 0.476	 0.667	 0.381	 0.190	 0.476	 0.286	 0.381	 0.762	 0.857	 0.619	 0.571	 0.667	 0.667	 0.952	 0.810	 0.905	 0.762	 0.810	 0.810	 0.810	 0.810	 0.810	 0.810	 0.571	 0.571	 0.762	 0.524	 0.524	 0.714	 0.571	 0.762	 0.810	 0.667	 0.905	 0.905	 0.857	 0.905	 0.905	 0.619	 1.000	 0.714	 0.762	 0.762	 0.286	 0.524	 0.619	 0.810	 0.524	 0.619	 0.048	 0.000	 0.143	 0.143	 0.333	 0.381	 0.000	
0.238	 0.095	 0.048	 0.238	 0.286	 0.190	 0.238	 0.238	 0.238	 0.190	 0.286	 0.143	 0.619	 0.714	 1.000	 0.714	 0.714	 0.429	 0.810	 0.810	 0.571	 0.571	 0.524	 0.714	 0.810	 0.524	 0.571	 0.571	 0.571	 0.476	 0.714	 0.667	 0.810	 0.857	 0.571	 0.571	 0.476	 0.286	 0.381	 0.571	 0.619	 0.714	 0.571	 0.714	 0.857	 0.476	 0.333	 0.429	 0.762	 0.619	 0.667	 0.714	 0.571	 0.048	 0.000	 0.000	 0.000	 0.143	 0.143	 0.143	 0.000	
0.214	 0.071	 0.214	 0.214	 0.000	 0.071	 0.071	 0.000	 0.000	 0.000	 0.000	 0.000	 0.429	 0.786	 0.643	 0.071	 0.500	 0.357	 0.500	 0.714	 0.857	 0.714	 0.500	 0.500	 0.357	 0.286	 0.429	 0.714	 1.000	 1.000	 0.500	 0.357	 0.143	 0.429	 0.214	 0.786	 0.714	 0.929	 0.500	 0.714	 0.500	 0.143	 0.286	 0.286	 0.714	 0.857	 0.643	 0.429	 0.214	 0.286	 0.429	 0.286	 0.286	 0.286	 0.000	 0.071	 0.000	 0.214	 0.214	 0.214	 0.000	
0.429	 0.476	 0.524	 0.429	 0.429	 0.476	 0.476	 0.429	 0.238	 0.429	 0.190	 0.429	 0.476	 0.762	 0.762	 0.762	 0.810	 0.952	 0.810	 0.714	 0.857	 0.714	 0.952	 0.810	 0.714	 0.667	 1.000	 0.667	 0.905	 0.714	 0.857	 0.619	 0.762	 0.905	 0.762	 0.667	 0.857	 0.714	 0.571	 0.762	 0.667	 0.905	 0.714	 0.619	 0.667	 0.810	 0.810	 0.524	 0.667	 0.667	 0.905	 0.667	 0.714	 0.190	 0.095	 0.190	 0.095	 0.048	 0.238	 0.286	 0.000	
0.000	 0.000	 0.000	 0.000	 0.000	 0.045	 0.000	 0.045	 0.000	 0.000	 0.091	 0.136	 0.591	 0.773	 0.545	 0.955	 0.636	 0.955	 0.773	 0.773	 0.909	 0.727	 0.955	 1.000	 0.818	 0.773	 0.909	 0.636	 0.682	 0.818	 0.864	 0.955	 0.773	 0.591	 0.727	 0.727	 0.682	 0.864	 0.864	 0.818	 0.818	 0.773	 0.545	 0.636	 0.591	 0.955	 0.909	 0.682	 0.727	 0.727	 0.727	 0.591	 0.091	 0.273	 0.182	 0.045	 0.091	 0.000	 0.045	 0.091	 0.000	
