FILE			 PrfOR	 PrfSF	 PrfTF	 RFXctr	 RFYctr	 RFDiam	 GrType	 MaxLoc	 MaxRsp	 MinLoc	 MinRsp	 Spont	 CMI		 AnovaP	 SFDI  	 VarTerm	 MaxX 	 MinX 	 RsqMn	 PMean	 RsqRaw	 Praw		 Chi2		 ChiP		 Rmax			 C50		 n		 Offset		
m60201c1r5.htb	  60.0	  0.03	 2.000	  0.00	 -5.00	 50.00	   0.0	 0.9550	  0.26	 0.0150	  0.02	  0.25	 21.293	 0.27197718	 0.350	  0.446	  0.96	  0.01	  0.7050	 0.0181	 0.07747239	 0.0196	 0.13580086	 0.9872	 0.36582571	 36.14	  0.94	 0.0000	 
m60201c1r5.htb	  60.0	  0.03	 2.000	  0.00	 -5.00	 50.00	   1.0	 0.9550	  0.16	 0.0150	  0.09	  0.25	 -1.358	 0.73044864	 0.294	  0.424	  0.96	  0.01	  0.1302	 0.4266	 0.00701880	 0.4905	 0.65720993	 0.8832	 0.28608002	 35.94	  0.24	 0.0000	 
m60208c1r5.htb	  30.0	  0.05	 2.000	  0.00	  0.00	 45.00	   0.0	 0.9550	 11.20	 0.0150	  4.37	  3.83	 0.927	 0.00064874	 0.444	  0.880	  0.96	  0.01	  0.9447	 0.0002	 0.28678496	 0.0000	 0.13625241	 0.9872	 7.02740282	 38.67	  3.95	 4.3679	 
m60208c1r5.htb	  30.0	  0.05	 2.000	  0.00	  0.00	 45.00	   1.0	 0.9550	 13.75	 0.0150	  4.29	  3.83	 0.944	 0.00000036	 0.560	  0.781	  0.96	  0.01	  0.9756	 0.0000	 0.45294163	 0.0000	 0.43092335	 0.9338	 9.56569596	 39.87	  5.17	 4.2886	 
m60213c1r5.htb	  30.0	  0.03	 2.000	 -5.00	 10.00	 40.00	   0.0	 0.9550	  9.72	 0.0150	  4.09	  4.88	 1.162	 0.00000000	 0.567	  0.484	  0.96	  0.01	  0.9876	 0.0000	 0.57165732	 0.0000	 0.11634690	 0.9898	 5.63131448	 15.63	  5.17	 4.0921	 
m60213c1r5.htb	  30.0	  0.03	 2.000	 -5.00	 10.00	 40.00	   1.0	 0.9550	 12.72	 0.0150	  4.67	  4.88	 1.068	 0.00000001	 0.580	  0.597	  0.96	  0.01	  0.9668	 0.0001	 0.50492880	 0.0000	 0.54134787	 0.9097	 9.60243107	 35.20	  1.68	 4.6276	 
m60217c1r5.htb	   0.0	  0.05	 2.000	 10.00	 15.00	 50.00	   0.0	 0.9550	 11.87	 0.0150	  9.19	  9.10	 0.970	 0.05931708	 0.398	  0.499	  0.96	  0.01	  0.7400	 0.0130	 0.12598375	 0.0026	 0.41864648	 0.9364	 2.68283778	 34.49	 10.00	 9.1861	 
m60217c1r5.htb	   0.0	  0.05	 2.000	 10.00	 15.00	 50.00	   1.0	 0.9550	 14.26	 0.0150	  9.08	  9.10	 0.997	 0.00006873	 0.476	  0.512	  0.96	  0.01	  0.9334	 0.0004	 0.33373908	 0.0000	 0.30798303	 0.9585	 5.17892908	 35.96	 10.00	 9.0818	 
m60220c2r5.htb	 230.0	  0.03	 2.000	  0.00	 15.00	 60.00	   0.0	 0.9550	  8.84	 0.0150	  5.38	  6.57	 1.522	 0.02249025	 0.392	  0.662	  0.96	  0.01	  0.8934	 0.0013	 0.18127523	 0.0002	 0.24406473	 0.9702	 3.45917106	 25.51	 10.00	 5.3813	 
m60220c2r5.htb	 230.0	  0.03	 2.000	  0.00	 15.00	 60.00	   1.0	 0.9550	  8.96	 0.0150	  5.63	  6.57	 1.454	 0.00803699	 0.421	  0.583	  0.96	  0.01	  0.8015	 0.0064	 0.18805777	 0.0002	 0.67852807	 0.8782	 3.33472473	 31.63	  9.64	 5.6271	 
m60220c3r5.htb	  30.0	  0.03	 4.000	 10.00	 10.00	 50.00	   0.0	 0.9550	 12.22	 0.0150	  4.80	  5.92	 1.179	 0.00000006	 0.567	  0.563	  0.96	  0.01	  0.9564	 0.0001	 0.47464402	 0.0000	 0.31642193	 0.9569	 11.35145020	 72.45	  2.31	 4.7938	 
m60220c3r5.htb	  30.0	  0.03	 4.000	 10.00	 10.00	 50.00	   1.0	 0.9550	 13.13	 0.0150	  4.83	  5.92	 1.163	 0.00000000	 0.577	  0.569	  0.96	  0.01	  0.9539	 0.0002	 0.57470987	 0.0000	 0.98594130	 0.8047	 8.89025750	 47.29	  3.75	 4.8317	 
m60220c6r6.htb	  30.0	  0.03	 2.000	  0.00	 10.00	 40.00	   0.0	 0.9550	 19.73	 0.0150	  1.40	  2.19	 1.051	 0.00000000	 0.744	  0.567	  0.96	  0.01	  0.9879	 0.0000	 0.86137042	 0.0000	 0.45919551	 0.9278	 22.48317877	 37.81	  1.64	 1.2875	 
m60220c6r6.htb	  30.0	  0.03	 2.000	  0.00	 10.00	 40.00	   1.0	 0.9550	 23.51	 0.0150	  1.19	  2.19	 1.050	 0.00000000	 0.783	  0.528	  0.96	  0.01	  0.9987	 0.0000	 0.88875331	 0.0000	 0.10701536	 0.9910	 23.07842880	 21.98	  2.34	 1.1461	 
m60221c1r5.htb	   0.0	  0.03	 4.000	 -10.00	 10.00	 50.00	   0.0	 0.9550	 11.17	 0.0150	  1.32	  0.65	 0.938	 0.00000000	 0.630	  0.692	  0.96	  0.01	  0.9670	 0.0001	 0.72881159	 0.0000	 0.61343798	 0.8933	 12.49209334	 46.63	  1.85	 1.2965	 
m60221c1r5.htb	   0.0	  0.03	 4.000	 -10.00	 10.00	 50.00	   1.0	 0.9550	 11.07	 0.0150	  0.81	  0.65	 0.982	 0.00000000	 0.664	  0.631	  0.96	  0.01	  0.9951	 0.0000	 0.72027035	 0.0000	 0.24946424	 0.9692	 17.16417910	 57.79	  1.00	 0.3776	 
m60221c2r6.htb	   0.0	  0.03	 4.000	  0.00	 20.00	 60.00	   0.0	 0.9550	 12.75	 0.0150	  3.93	  3.88	 1.017	 0.00000000	 0.631	  0.477	  0.96	  0.01	  0.9597	 0.0001	 0.64976202	 0.0000	 0.66653186	 0.8810	 18.48750518	 100.00	  1.08	 3.7330	 
m60221c2r6.htb	   0.0	  0.03	 4.000	  0.00	 20.00	 60.00	   1.0	 0.9550	 12.80	 0.0150	  3.87	  3.88	 1.013	 0.00000000	 0.644	  0.505	  0.96	  0.01	  0.9407	 0.0003	 0.59863632	 0.0000	 1.90736832	 0.5919	 18.56560871	 100.00	  1.31	 3.7943	 
m60221c3r5.htb	   0.0	  0.03	 2.000	  3.00	  8.00	 50.00	   0.0	 0.9550	 13.65	 0.0150	  1.12	  1.49	 1.058	 0.00000000	 0.727	  0.521	  0.96	  0.01	  0.9897	 0.0000	 0.80834603	 0.0000	 0.22864708	 0.9728	 21.86567164	 68.86	  1.09	 0.7871	 
m60221c3r5.htb	   0.0	  0.03	 2.000	  3.00	  8.00	 50.00	   1.0	 0.9550	 14.82	 0.0150	  1.69	  1.49	 1.024	 0.00000000	 0.740	  0.474	  0.96	  0.01	  0.9965	 0.0000	 0.84987891	 0.0000	 0.42428211	 0.9352	 14.86767645	 26.55	  1.65	 1.5574	 
m60221c4r6.htb	  30.0	  0.03	 2.000	  8.00	  0.00	 50.00	   0.0	 0.9550	  5.39	 0.0150	  0.22	  0.35	 1.040	 0.05164816	 0.483	  1.016	  0.96	  0.01	  0.9300	 0.0005	 0.16285799	 0.0005	 0.22359639	 0.9737	 5.80047790	 23.50	  1.60	 0.1471	 
m60221c4r6.htb	  30.0	  0.03	 2.000	  8.00	  0.00	 50.00	   1.0	 0.9550	  6.50	 0.0150	  0.34	  0.35	 1.038	 0.10752535	 0.433	  1.263	  0.96	  0.01	  0.9296	 0.0005	 0.13795061	 0.0015	 0.11397532	 0.9901	 7.12209596	 19.47	  1.35	 0.1258	 
m60221c5r6.htb	   0.0	  0.03	 2.000	  0.00	  0.00	 50.00	   0.0	 0.9550	  4.36	 0.0150	  1.33	  1.84	 1.203	 0.00261756	 0.421	  0.729	  0.96	  0.01	  0.9889	 0.0000	 0.26370322	 0.0000	 0.05197165	 0.9969	 3.08421599	 23.45	  2.87	 1.3290	 
m60221c5r6.htb	   0.0	  0.03	 2.000	  0.00	  0.00	 50.00	   1.0	 0.9550	  6.73	 0.0150	  0.94	  1.84	 1.208	 0.00000159	 0.530	  0.751	  0.96	  0.01	  0.9841	 0.0000	 0.42967244	 0.0000	 0.23828743	 0.9712	 10.89552239	 81.92	  1.12	 0.8167	 
m60227c1r5.htb	  30.0	  0.05	 2.000	  5.00	  0.00	 40.00	   0.0	 0.9550	 10.00	 0.0150	  2.80	  3.43	 1.106	 0.00000000	 0.622	  0.465	  0.96	  0.01	  0.9834	 0.0000	 0.58918910	 0.0000	 0.60528424	 0.8952	 8.37678895	 29.93	  1.62	 2.7373	 
m60227c1r5.htb	  30.0	  0.05	 2.000	  5.00	  0.00	 40.00	   1.0	 0.9550	  8.71	 0.0150	  3.16	  3.43	 1.085	 0.00000000	 0.610	  0.373	  0.96	  0.01	  0.9945	 0.0000	 0.63265786	 0.0000	 0.17850197	 0.9810	 5.75684409	 23.53	  2.39	 3.1524	 
m60404c1r5.htb	   0.0	  0.03	 2.000	  0.00	  0.00	 40.00	   0.0	 0.9550	 12.25	 0.0150	  5.69	  5.72	 1.007	 0.00000002	 0.529	  0.506	  0.96	  0.01	  0.9902	 0.0000	 0.50661729	 0.0000	 0.07675335	 0.9945	 8.35935907	 47.00	  1.83	 5.6764	 
m60404c1r5.htb	   0.0	  0.03	 2.000	  0.00	  0.00	 40.00	   1.0	 0.9550	 12.01	 0.0150	  4.23	  5.72	 1.118	 0.00000000	 0.586	  0.639	  0.96	  0.01	  0.9435	 0.0003	 0.57016582	 0.0000	 0.95521278	 0.8121	 7.84279545	 18.99	  3.01	 4.2299	 
m60411c1r5.htb	 270.0	  0.03	 2.000	 -10.00	 -5.00	 40.00	   0.0	 0.9550	  9.74	 0.0150	  0.27	  2.24	 1.263	 0.00000000	 0.644	  0.829	  0.96	  0.01	  0.9690	 0.0001	 0.61807972	 0.0000	 1.37129091	 0.7123	 11.71588175	 48.90	  2.15	 0.2630	 
m60411c1r5.htb	 270.0	  0.03	 2.000	 -10.00	 -5.00	 40.00	   1.0	 0.9550	 10.47	 0.0150	  0.30	  2.24	 1.250	 0.00000000	 0.613	  0.909	  0.96	  0.01	  0.9781	 0.0000	 0.62389339	 0.0000	 0.24101076	 0.9707	 15.67164179	 65.13	  1.63	 0.2690	 
m60413c1r5.htb	 180.0	  0.03	 2.000	 -5.00	 -25.00	 60.00	   0.0	 0.9550	 15.02	 0.0150	  6.92	  7.91	 1.139	 0.00000000	 0.589	  0.453	  0.96	  0.01	  0.9924	 0.0000	 0.61161314	 0.0000	 0.09202160	 0.9928	 8.59296533	 35.12	  2.80	 6.9226	 
m60413c1r5.htb	 180.0	  0.03	 2.000	 -5.00	 -25.00	 60.00	   1.0	 0.9550	 15.13	 0.0150	  6.17	  7.91	 1.203	 0.00000000	 0.693	  0.392	  0.96	  0.01	  0.9100	 0.0009	 0.65177226	 0.0000	 2.09076655	 0.5538	 10.91678019	 29.14	  1.38	 5.9907	 
m60413c2r5.htb	 180.0	  0.03	 2.000	 -8.00	 -5.00	 40.00	   0.0	 0.9550	  7.59	 0.0150	  2.97	  3.63	 1.178	 0.00000000	 0.642	  0.329	  0.96	  0.01	  0.9513	 0.0002	 0.59896721	 0.0000	 1.19243807	 0.7548	 9.61726936	 100.00	  1.28	 2.9269	 
m60413c2r5.htb	 180.0	  0.03	 2.000	 -8.00	 -5.00	 40.00	   1.0	 0.9550	  7.36	 0.0150	  3.59	  3.63	 1.100	 0.00000044	 0.522	  0.412	  0.96	  0.01	  0.9654	 0.0001	 0.44472775	 0.0000	 0.25301575	 0.9686	 3.77383399	 43.57	 10.00	 3.5871	 
m60417c1r5.htb	 180.0	  0.03	 2.000	  0.00	 10.00	 50.00	   0.0	 0.9550	  0.78	 0.0150	  0.44	  0.15	 0.535	 0.59199189	 0.278	  0.610	  0.96	  0.01	  0.1879	 0.3313	 0.01292616	 0.3487	 0.19332924	 0.9787	 0.33921058	 11.02	 10.00	 0.4442	 
m60417c1r5.htb	 180.0	  0.03	 2.000	  0.00	 10.00	 50.00	   1.0	 0.9550	  1.20	 0.0150	  0.06	  0.15	 0.980	 0.04971328	 0.476	  0.585	  0.96	  0.01	  0.6997	 0.0190	 0.12344976	 0.0029	 0.75058772	 0.8612	 1.20498873	  6.62	  1.97	 0.0000	 
m60418c2r5.htb	   0.0	  0.03	 2.000	 -5.00	 -15.00	 50.00	   0.0	 0.9550	 31.44	 0.0150	 10.23	 11.64	 1.078	 0.00000000	 0.676	  0.691	  0.96	  0.01	  0.9538	 0.0002	 0.74037955	 0.0000	 1.53424118	 0.6744	 24.46875721	 31.19	  1.72	 10.0984	 
m60418c2r5.htb	   0.0	  0.03	 2.000	 -5.00	 -15.00	 50.00	   1.0	 0.9550	 33.89	 0.0150	 12.09	 11.64	 1.057	 0.00000000	 0.739	  0.463	  0.96	  0.01	  0.9605	 0.0001	 0.79925647	 0.0000	 1.10441248	 0.7760	 27.81430653	 22.42	  1.10	 10.7509	 
m60418c3r5.htb	   0.0	  0.03	 2.000	  0.00	 -10.00	 50.00	   0.0	 0.9550	 26.88	 0.0150	 14.68	 16.75	 1.210	 0.00000001	 0.644	  0.431	  0.96	  0.01	  0.9717	 0.0000	 0.59919378	 0.0000	 0.31528258	 0.9571	 25.35326486	 100.00	  1.43	 14.6203	 
m60418c3r5.htb	   0.0	  0.03	 2.000	  0.00	 -10.00	 50.00	   1.0	 0.9550	 27.39	 0.0150	 14.97	 16.75	 1.189	 0.00000000	 0.655	  0.425	  0.96	  0.01	  0.9574	 0.0001	 0.65359485	 0.0000	 0.56409878	 0.9046	 12.96325019	 23.69	  2.28	 14.9440	 
m60418c4r5.htb	   0.0	  0.03	 2.000	  0.00	 -10.00	 50.00	   0.0	 0.9550	 20.48	 0.0150	  8.80	  8.51	 1.172	 0.00000000	 0.624	  0.489	  0.96	  0.01	  0.9886	 0.0000	 0.59491535	 0.0000	 0.17939412	 0.9808	 28.45227903	 100.00	  0.57	 6.4443	 
m60418c4r5.htb	   0.0	  0.03	 2.000	  0.00	 -10.00	 50.00	   1.0	 0.9550	 21.47	 0.0150	 10.01	  8.51	 1.045	 0.00000000	 0.660	  0.379	  0.96	  0.01	  0.9800	 0.0000	 0.69224290	 0.0000	 0.33899897	 0.9525	 17.93508083	 44.24	  0.96	 9.3375	 
m60420c3r5.htb	   0.0	  0.03	 2.000	 -5.00	  5.00	 40.00	   0.0	 0.9550	 22.74	 0.0150	 11.13	 11.84	 1.094	 0.00000000	 0.593	  0.540	  0.96	  0.01	  0.9634	 0.0001	 0.52930279	 0.0000	 0.34316105	 0.9517	 24.43721610	 100.00	  1.03	 10.8164	 
m60420c3r5.htb	   0.0	  0.03	 2.000	 -5.00	  5.00	 40.00	   1.0	 0.9550	 22.14	 0.0150	 11.17	 11.84	 1.081	 0.00000000	 0.575	  0.524	  0.96	  0.01	  0.9941	 0.0000	 0.57766969	 0.0000	 0.06512318	 0.9957	 11.44898810	 25.32	  2.37	 11.1586	 
m60420c4r5.htb	   0.0	  0.03	 2.000	 10.00	 -8.00	 40.00	   0.0	 0.9550	 22.28	 0.0150	  5.28	  7.86	 1.312	 0.00000777	 0.645	  0.743	  0.96	  0.01	  0.9866	 0.0000	 0.69329075	 0.0000	 0.44977177	 0.9298	 34.88805970	 75.56	  0.73	 3.3559	 
m60420c4r5.htb	   0.0	  0.03	 2.000	 10.00	 -8.00	 40.00	   1.0	 0.9550	 22.43	 0.0150	  7.20	  7.86	 1.178	 0.00001376	 0.580	  0.764	  0.96	  0.01	  0.9993	 0.0000	 0.70146444	 0.0000	 0.06629780	 0.9955	 15.27273301	 19.37	  3.71	 7.1993	 
m60420c5r5.htb	   0.0	  0.03	 2.000	  8.00	 -5.00	 40.00	   0.0	 0.9550	 27.17	 0.0150	 20.85	 20.15	 0.900	 0.31655143	 0.409	  0.652	  0.96	  0.01	  0.6940	 0.0199	 0.13963122	 0.0248	 0.59301556	 0.8980	 6.65772469	 40.42	  3.39	 20.8508	 
m60420c5r5.htb	   0.0	  0.03	 2.000	  8.00	 -5.00	 40.00	   1.0	 0.9550	 25.71	 0.0150	 17.79	 20.15	 1.102	 0.01555346	 0.522	  0.527	  0.96	  0.01	  0.9288	 0.0005	 0.36958872	 0.0001	 0.42092300	 0.9359	 7.92445508	 24.05	 10.00	 17.7897	 
m60424c6r5.htb	   0.0	  0.03	 2.000	 -5.00	 -5.00	 30.00	   0.0	 0.9550	 32.06	 0.0150	  2.71	  0.75	 0.938	 0.00000022	 0.704	  0.856	  0.96	  0.01	  0.9996	 0.0000	 0.89348574	 0.0000	 0.01077945	 0.9997	 29.66880543	 18.33	  2.80	 2.6827	 
m60424c6r5.htb	   0.0	  0.03	 2.000	 -5.00	 -5.00	 30.00	   1.0	 0.9550	 31.01	 0.0150	  1.60	  0.75	 0.956	 0.00000001	 0.759	  0.683	  0.96	  0.01	  0.9966	 0.0000	 0.92531390	 0.0000	 0.46402923	 0.9267	 29.78296454	 13.97	  2.48	 1.4813	 
m60515c4r5.htb	   0.0	  0.03	 2.000	 -10.00	 10.00	 40.00	   0.0	 0.9550	  5.95	 0.0150	  1.31	  1.29	 0.998	 0.00000000	 0.594	  0.467	  0.96	  0.01	  0.9895	 0.0000	 0.56660146	 0.0000	 0.21243980	 0.9756	 5.02705211	 30.54	  2.19	 1.3028	 
m60515c4r5.htb	   0.0	  0.03	 2.000	 -10.00	 10.00	 40.00	   1.0	 0.9550	  6.30	 0.0150	  1.46	  1.29	 0.982	 0.00000000	 0.608	  0.464	  0.96	  0.01	  0.9756	 0.0000	 0.54816447	 0.0000	 0.50248177	 0.9183	 8.64290000	 83.45	  1.83	 1.4497	 
m60518c3r5.htb	   0.0	  0.03	 2.000	 10.00	  5.00	 40.00	   0.0	 0.9550	 17.13	 0.0150	  5.62	  4.73	 0.928	 0.00000207	 0.588	  0.768	  0.96	  0.01	  0.9669	 0.0001	 0.66226209	 0.0000	 0.64038606	 0.8871	 11.51524136	 12.48	 10.00	 5.6160	 
m60518c3r5.htb	   0.0	  0.03	 2.000	 10.00	  5.00	 40.00	   1.0	 0.9550	 21.17	 0.0150	  1.62	  4.73	 1.157	 0.00000000	 0.686	  0.875	  0.96	  0.01	  0.9519	 0.0002	 0.77604447	 0.0000	 3.97681281	 0.2640	 25.30721684	 19.82	  1.04	 0.0000	 
m60524c6r5.htb	   0.0	  0.03	 2.000	 -12.00	 -8.00	 40.00	   0.0	 0.9550	  7.65	 0.0150	  2.95	  3.78	 1.267	 0.05816847	 0.455	  0.728	  0.96	  0.01	  0.8760	 0.0019	 0.14973748	 0.0009	 0.16105070	 0.9836	 10.01617953	 100.00	  0.92	 2.7467	 
m60524c6r5.htb	   0.0	  0.03	 2.000	 -12.00	 -8.00	 40.00	   1.0	 0.9550	  7.62	 0.0150	  3.01	  3.78	 1.283	 0.03136274	 0.407	  0.770	  0.96	  0.01	  0.8258	 0.0046	 0.15859336	 0.0006	 0.35644777	 0.9491	 8.93344558	 71.54	  0.81	 2.6323	 
m60629c1r5.htb	   0.0	  0.03	 2.000	  0.00	 -5.00	 40.00	   0.0	 0.9550	 19.69	 0.0150	  3.45	  4.13	 1.056	 0.00000000	 0.621	  0.834	  0.96	  0.01	  0.9920	 0.0000	 0.71662967	 0.0000	 0.25104032	 0.9690	 22.62366714	 47.32	  1.39	 3.2596	 
m60629c1r5.htb	   0.0	  0.03	 2.000	  0.00	 -5.00	 40.00	   1.0	 0.9550	 22.47	 0.0150	  1.87	  4.13	 1.116	 0.00000000	 0.739	  0.593	  0.96	  0.01	  0.9968	 0.0000	 0.88249818	 0.0000	 0.09417798	 0.9925	 24.98603964	 24.68	  1.29	 1.2088	 
m60629c2r5.htb	   0.0	  0.03	 2.000	  0.00	  0.00	 40.00	   0.0	 0.9550	 27.06	 0.0150	 13.65	 13.83	 1.014	 0.00000000	 0.624	  0.519	  0.96	  0.01	  0.9564	 0.0001	 0.63575587	 0.0000	 0.43677307	 0.9325	 13.61507778	 25.87	  3.20	 13.6499	 
m60629c2r5.htb	   0.0	  0.03	 2.000	  0.00	  0.00	 40.00	   1.0	 0.9550	 28.14	 0.0150	 13.47	 13.83	 1.022	 0.00000000	 0.616	  0.516	  0.96	  0.01	  0.9866	 0.0000	 0.65391015	 0.0000	 0.15281545	 0.9848	 15.91518772	 27.65	  2.02	 13.4264	 
m60630c1r5.htb	   0.0	  0.03	 2.000	  0.00	 -8.00	 60.00	   0.0	 0.9550	 17.42	 0.0150	  5.00	  4.33	 0.953	 0.00000000	 0.659	  0.561	  0.96	  0.01	  0.9855	 0.0000	 0.67832497	 0.0000	 0.27301270	 0.9650	 21.12613162	 74.89	  1.51	 4.9380	 
m60630c1r5.htb	   0.0	  0.03	 2.000	  0.00	 -8.00	 60.00	   1.0	 0.9550	 15.61	 0.0150	  5.22	  4.33	 0.940	 0.00000000	 0.597	  0.640	  0.96	  0.01	  0.9413	 0.0003	 0.52733521	 0.0000	 0.74396147	 0.8628	 12.12249924	 39.05	  2.01	 5.2067	 
m60630c2r5.htb	  20.0	  0.03	 2.000	  0.00	 10.00	 50.00	   0.0	 0.9550	 21.84	 0.0150	  8.67	  7.31	 0.921	 0.00000000	 0.674	  0.444	  0.96	  0.01	  0.9725	 0.0000	 0.68662256	 0.0000	 0.48521175	 0.9221	 27.49496263	 100.00	  1.16	 8.4609	 
m60630c2r5.htb	  20.0	  0.03	 2.000	  0.00	 10.00	 50.00	   1.0	 0.9550	 22.52	 0.0150	  8.54	  7.31	 0.920	 0.00000000	 0.681	  0.509	  0.96	  0.01	  0.9668	 0.0001	 0.73857934	 0.0000	 0.53778964	 0.9105	 14.72405997	 31.06	  2.63	 8.5301	 
m60706c1r5.htb	   0.0	  0.03	 2.000	 10.00	  0.00	 60.00	   0.0	 0.9550	 17.13	 0.0150	  8.80	  9.45	 1.085	 0.00001319	 0.511	  0.656	  0.96	  0.01	  0.9755	 0.0000	 0.38413510	 0.0000	 0.09872036	 0.9920	 17.50000748	 100.00	  2.08	 8.7967	 
m60706c1r5.htb	   0.0	  0.03	 2.000	 10.00	  0.00	 60.00	   1.0	 0.9550	 13.72	 0.0150	  7.24	  9.45	 1.588	 0.00010121	 0.521	  0.568	  0.96	  0.01	  0.8193	 0.0050	 0.28568139	 0.0000	 0.55882895	 0.9058	 14.90886314	  1.65	  0.60	 0.0000	 
m60706c2r5.htb	   0.0	  0.03	 2.000	  0.00	 -10.00	 40.00	   0.0	 0.9550	 16.88	 0.0150	  5.45	  6.17	 1.070	 0.00000000	 0.593	  0.679	  0.96	  0.01	  0.9698	 0.0001	 0.55708329	 0.0000	 0.20740450	 0.9764	 23.78326910	 100.00	  1.58	 5.4213	 
m60706c2r5.htb	   0.0	  0.03	 2.000	  0.00	 -10.00	 40.00	   1.0	 0.9550	 22.81	 0.0150	  5.47	  6.17	 1.051	 0.00000000	 0.730	  0.469	  0.96	  0.01	  0.9894	 0.0000	 0.83574959	 0.0000	 0.61908430	 0.8920	 20.32488580	 43.65	  2.25	 5.4583	 
m60706c3r5.htb	   0.0	  0.03	 2.000	 -5.00	 -10.00	 40.00	   0.0	 0.9550	 21.14	 0.0150	 13.15	 15.00	 1.300	 0.00017983	 0.549	  0.504	  0.96	  0.01	  0.9424	 0.0003	 0.42725138	 0.0000	 0.46286456	 0.9270	 8.03179521	 20.69	  3.46	 13.1529	 
m60706c3r5.htb	   0.0	  0.03	 2.000	 -5.00	 -10.00	 40.00	   1.0	 0.9550	 25.83	 0.0150	 14.53	 15.00	 1.105	 0.00000019	 0.627	  0.439	  0.96	  0.01	  0.9656	 0.0001	 0.59515331	 0.0000	 0.59662216	 0.8972	 11.96113051	 42.33	  3.48	 14.5342	 
m60706c4r5.htb	  90.0	  0.05	 2.000	 10.00	 -10.00	 40.00	   0.0	 0.9550	  5.80	 0.0150	  4.16	  4.29	 1.135	 0.12423048	 0.444	  0.374	  0.96	  0.01	  0.5970	 0.0417	 0.10911922	 0.0138	 0.59375213	 0.8979	 2.47159457	 44.19	  1.04	 4.0886	 
m60706c4r5.htb	  90.0	  0.05	 2.000	 10.00	 -10.00	 40.00	   1.0	 0.9550	  7.64	 0.0150	  4.97	  4.29	 0.855	 0.06822680	 0.430	  0.415	  0.96	  0.01	  0.9486	 0.0002	 0.21376243	 0.0006	 0.12294806	 0.9889	 5.95894070	 100.00	  4.46	 4.9669	 
m60711c2r5.htb	   0.0	  0.03	 2.000	 -5.00	  8.00	 40.00	   0.0	 0.9550	 29.17	 0.0150	  9.48	 10.95	 1.088	 0.00000000	 0.681	  0.576	  0.96	  0.01	  0.9901	 0.0000	 0.77145512	 0.0000	 0.32635678	 0.9550	 20.26053352	 15.75	  2.12	 9.3411	 
m60711c2r5.htb	   0.0	  0.03	 2.000	 -5.00	  8.00	 40.00	   1.0	 0.9550	 30.74	 0.0150	  9.57	 10.95	 1.083	 0.00000000	 0.749	  0.446	  0.96	  0.01	  0.9866	 0.0000	 0.84640457	 0.0000	 1.03677747	 0.7924	 21.84644569	 14.97	  2.05	 9.3738	 
m60712c2r5.htb	 300.0	  0.03	 2.000	 -5.00	  5.00	 40.00	   0.0	 0.9550	 18.56	 0.0150	  5.93	  5.77	 0.987	 0.00000000	 0.607	  0.626	  0.96	  0.01	  0.9905	 0.0000	 0.61151201	 0.0000	 0.07205893	 0.9950	 13.05456311	 37.12	  3.58	 5.9325	 
m60712c2r5.htb	 300.0	  0.03	 2.000	 -5.00	  5.00	 40.00	   1.0	 0.9550	 19.66	 0.0150	  5.85	  5.77	 0.991	 0.00000000	 0.682	  0.484	  0.96	  0.01	  0.9983	 0.0000	 0.76335612	 0.0000	 0.05721542	 0.9964	 14.54636515	 33.55	  2.81	 5.8484	 
m60713c1r5.htb	   0.0	  0.03	 2.000	  8.00	  0.00	 60.00	   0.0	 0.9550	  2.11	 0.0150	  0.12	  0.40	 1.163	 0.00064212	 0.523	  0.541	  0.96	  0.01	  0.9360	 0.0004	 0.28437104	 0.0000	 0.21004751	 0.9760	 2.03843776	 35.45	  3.86	 0.1183	 
m60713c1r5.htb	   0.0	  0.03	 2.000	  8.00	  0.00	 60.00	   1.0	 0.9550	  1.89	 0.0150	  0.35	  0.40	 1.107	 0.00003690	 0.456	  0.519	  0.96	  0.01	  0.9844	 0.0000	 0.36573376	 0.0000	 0.04830165	 0.9972	 1.54368220	 32.63	  5.38	 0.3481	 
m60713c2r5.htb	   0.0	  0.03	 2.000	 -10.00	 10.00	 40.00	   0.0	 0.9550	  2.16	 0.0150	  0.40	  0.70	 1.200	 0.00000310	 0.502	  0.489	  0.96	  0.01	  0.9659	 0.0001	 0.40903182	 0.0000	 0.21966556	 0.9744	 1.76108482	 26.19	 10.00	 0.4030	 
m60713c2r5.htb	   0.0	  0.03	 2.000	 -10.00	 10.00	 40.00	   1.0	 0.9550	  2.32	 0.0150	  0.24	  0.70	 1.244	 0.00000348	 0.535	  0.522	  0.96	  0.01	  0.9756	 0.0000	 0.41092078	 0.0000	 0.23948371	 0.9710	 2.10756202	 22.22	  2.97	 0.2411	 
m60713c3r5.htb	   0.0	  0.03	 2.000	  0.00	  0.00	 40.00	   0.0	 0.9550	  5.97	 0.0150	  1.89	  1.33	 0.884	 0.00105800	 0.517	  0.498	  0.96	  0.01	  0.9730	 0.0000	 0.50178104	 0.0000	 0.12767807	 0.9883	 4.31417686	 21.78	  1.99	 1.8669	 
m60713c3r5.htb	   0.0	  0.03	 2.000	  0.00	  0.00	 40.00	   1.0	 0.9550	  7.53	 0.0150	  1.26	  1.33	 0.988	 0.00040878	 0.590	  0.578	  0.96	  0.01	  0.9734	 0.0000	 0.54646883	 0.0000	 0.39457557	 0.9414	 11.49253731	 73.78	  1.02	 1.0395	 
m60714c1r5.htb	   0.0	  0.03	 2.000	  5.00	  3.00	 40.00	   0.0	 0.9550	  8.17	 0.0150	  0.96	  2.54	 1.317	 0.00000000	 0.614	  0.580	  0.96	  0.01	  0.9931	 0.0000	 0.62930953	 0.0000	 0.10347506	 0.9914	 11.55360602	 56.71	  1.11	 0.7619	 
m60714c1r5.htb	   0.0	  0.03	 2.000	  5.00	  3.00	 40.00	   1.0	 0.9550	  8.88	 0.0150	  1.58	  2.54	 1.234	 0.00000001	 0.603	  0.613	  0.96	  0.01	  0.9806	 0.0000	 0.58589482	 0.0000	 0.52539316	 0.9133	 13.52611940	 81.62	  1.22	 1.4754	 
m60714c2r5.htb	   0.0	  0.03	 2.000	 -5.00	 -8.00	 40.00	   0.0	 0.9550	  4.10	 0.0150	  0.67	  1.00	 1.106	 0.00000004	 0.556	  0.557	  0.96	  0.01	  0.9524	 0.0002	 0.47993188	 0.0000	 0.55520546	 0.9066	 6.71641791	 93.09	  1.69	 0.6652	 
m60714c2r5.htb	   0.0	  0.03	 2.000	 -5.00	 -8.00	 40.00	   1.0	 0.9550	  3.32	 0.0150	  0.53	  1.00	 1.157	 0.00001138	 0.498	  0.563	  0.96	  0.01	  0.9494	 0.0002	 0.37682809	 0.0000	 0.58960282	 0.8988	 5.29850746	 78.50	  0.98	 0.4221	 
m60714c3r5.htb	   0.0	  0.03	 2.000	 -8.00	  0.00	 40.00	   0.0	 0.9550	 27.77	 0.0150	 13.08	 13.74	 1.049	 0.00000015	 0.591	  0.631	  0.96	  0.01	  0.9479	 0.0002	 0.54368175	 0.0000	 0.53521368	 0.9111	 15.78134706	 28.32	  2.16	 13.0529	 
m60714c3r5.htb	   0.0	  0.03	 2.000	 -8.00	  0.00	 40.00	   1.0	 0.9550	 24.96	 0.0150	 13.57	 13.74	 1.036	 0.00000175	 0.571	  0.638	  0.96	  0.01	  0.9563	 0.0001	 0.49449495	 0.0000	 0.49153945	 0.9207	 11.38894889	 14.84	  5.34	 13.5712	 
m60714c4r5.htb	 120.0	  0.03	 2.000	 -5.00	  8.00	 40.00	   0.0	 0.9550	 11.39	 0.0150	  4.37	  3.26	 0.864	 0.00000003	 0.579	  0.520	  0.96	  0.01	  0.9536	 0.0002	 0.52217325	 0.0000	 0.50385078	 0.9180	 7.74607676	 38.54	  2.51	 4.3671	 
m60714c4r5.htb	 120.0	  0.03	 2.000	 -5.00	  8.00	 40.00	   1.0	 0.9550	 11.06	 0.0150	  2.86	  3.26	 0.994	 0.00000002	 0.583	  0.645	  0.96	  0.01	  0.9580	 0.0001	 0.53159269	 0.0000	 0.23863598	 0.9711	 17.49585406	 92.51	  0.79	 2.2047	 
m60717c1r5.htb	 170.0	  0.03	 2.000	 -8.00	 -8.00	 40.00	   0.0	 0.9550	  8.64	 0.0150	  0.67	  1.04	 1.059	 0.00000000	 0.653	  0.585	  0.96	  0.01	  0.9933	 0.0000	 0.68334805	 0.0000	 0.07064685	 0.9951	 9.20581800	 29.14	  1.63	 0.5959	 
m60717c1r5.htb	 170.0	  0.03	 2.000	 -8.00	 -8.00	 40.00	   1.0	 0.9550	  8.82	 0.0150	  0.63	  1.04	 1.095	 0.00000000	 0.617	  0.656	  0.96	  0.01	  0.9781	 0.0000	 0.60274119	 0.0000	 0.18855645	 0.9794	 13.35820896	 45.93	  0.89	 0.0333	 
m60717c2r5.htb	 150.0	  0.03	 2.000	  8.00	 -10.00	 40.00	   0.0	 0.9550	 10.09	 0.0150	  1.36	  0.65	 0.925	 0.00000000	 0.679	  0.560	  0.96	  0.01	  0.9422	 0.0003	 0.71604955	 0.0000	 0.77545317	 0.8553	 8.76055174	 18.75	  3.50	 1.3584	 
m60717c2r5.htb	 150.0	  0.03	 2.000	  8.00	 -10.00	 40.00	   1.0	 0.9550	 10.74	 0.0150	  0.58	  0.65	 0.977	 0.00000000	 0.698	  0.582	  0.96	  0.01	  0.9822	 0.0000	 0.71129682	 0.0000	 0.64451106	 0.8862	 10.65834645	 14.54	  1.82	 0.4158	 
m60719c1r5.htb	   0.0	  0.03	 2.000	  5.00	 -10.00	 40.00	   0.0	 0.9550	  6.99	 0.0150	  1.26	  1.74	 1.093	 0.00000000	 0.625	  0.525	  0.96	  0.01	  0.9672	 0.0001	 0.66032604	 0.0000	 0.62542744	 0.8906	 5.94860462	 40.49	  3.84	 1.2556	 
m60719c1r5.htb	   0.0	  0.03	 2.000	  5.00	 -10.00	 40.00	   1.0	 0.9550	  7.88	 0.0150	  1.76	  1.74	 1.038	 0.00000000	 0.610	  0.524	  0.96	  0.01	  0.9823	 0.0000	 0.53366197	 0.0000	 0.42415806	 0.9352	 7.29467581	 50.52	  2.60	 1.7577	 
m60719c4r5.htb	  30.0	  0.03	 2.000	 -5.00	 10.00	 40.00	   0.0	 0.9550	  8.38	 0.0150	  3.08	  4.28	 1.443	 0.00000018	 0.574	  0.452	  0.96	  0.01	  0.9380	 0.0003	 0.44703671	 0.0000	 0.48566003	 0.9220	 8.72590272	 37.34	  0.80	 2.4600	 
m60719c4r5.htb	  30.0	  0.03	 2.000	 -5.00	 10.00	 40.00	   1.0	 0.9550	  9.01	 0.0150	  3.77	  4.28	 1.252	 0.00000002	 0.551	  0.437	  0.96	  0.01	  0.9901	 0.0000	 0.51148185	 0.0000	 0.10628007	 0.9911	 5.31899974	 18.04	  2.56	 3.7654	 
m60719c4r5.htb	  30.0	  0.03	 2.000	 -5.00	 10.00	 40.00	   0.0	 0.9550	  8.39	 0.0150	  3.08	  4.28	 1.444	 0.00000018	 0.574	  0.452	  0.96	  0.01	  0.9379	 0.0003	 0.44701511	 0.0000	 0.48556398	 0.9221	 8.76062887	 37.59	  0.79	 2.4534	 
m60719c4r5.htb	  30.0	  0.03	 2.000	 -5.00	 10.00	 40.00	   1.0	 0.9550	  9.01	 0.0150	  3.77	  4.28	 1.253	 0.00000002	 0.551	  0.437	  0.96	  0.01	  0.9901	 0.0000	 0.51148183	 0.0000	 0.10628052	 0.9911	 5.31898161	 18.04	  2.56	 3.7654	 
m60721c1r5.htb	   0.0	  0.03	 2.000	  0.00	 -5.00	 40.00	   0.0	 0.9550	 23.34	 0.0150	  5.31	  5.67	 1.021	 0.00000000	 0.677	  0.664	  0.96	  0.01	  0.9829	 0.0000	 0.77091020	 0.0000	 0.61294926	 0.8935	 18.85541835	 32.78	  2.89	 5.3064	 
m60721c1r5.htb	   0.0	  0.03	 2.000	  0.00	 -5.00	 40.00	   1.0	 0.9550	 25.73	 0.0150	  4.94	  5.67	 1.035	 0.00000000	 0.716	  0.571	  0.96	  0.01	  0.9962	 0.0000	 0.80404407	 0.0000	 0.08212298	 0.9939	 30.08800499	 52.68	  1.41	 4.7404	 
m60721c1r5.htb	   0.0	  0.03	 2.000	  0.00	 -5.00	 40.00	   0.0	 0.9550	 23.34	 0.0150	  5.31	  5.67	 1.021	 0.00000000	 0.677	  0.664	  0.96	  0.01	  0.9829	 0.0000	 0.77091022	 0.0000	 0.61294776	 0.8935	 18.85540972	 32.78	  2.89	 5.3064	 
m60721c1r5.htb	   0.0	  0.03	 2.000	  0.00	 -5.00	 40.00	   1.0	 0.9550	 25.73	 0.0150	  4.94	  5.67	 1.035	 0.00000000	 0.716	  0.571	  0.96	  0.01	  0.9962	 0.0000	 0.80404433	 0.0000	 0.08211111	 0.9939	 30.08723865	 52.67	  1.41	 4.7404	 
m60721c2r5.htb	   0.0	  0.03	 2.000	  8.00	 -5.00	 40.00	   0.0	 0.9550	 29.52	 0.0150	  7.48	  7.96	 1.028	 0.00000000	 0.694	  0.617	  0.96	  0.01	  0.9862	 0.0000	 0.78552071	 0.0000	 0.56947006	 0.9034	 25.25470475	 31.21	  1.76	 7.3622	 
m60721c2r5.htb	   0.0	  0.03	 2.000	  8.00	 -5.00	 40.00	   1.0	 0.9550	 29.18	 0.0150	  6.48	  7.96	 1.060	 0.00000000	 0.712	  0.571	  0.96	  0.01	  0.9975	 0.0000	 0.82697474	 0.0000	 0.07875802	 0.9943	 24.85314445	 18.04	  1.58	 5.9971	 
m60721c3r5.htb	   0.0	  0.03	 2.000	 -5.00	  0.00	 40.00	   0.0	 0.9550	 21.69	 0.0150	  0.68	  1.29	 1.031	 0.00000000	 0.739	  0.696	  0.96	  0.01	  0.9975	 0.0000	 0.87438584	 0.0000	 0.19868937	 0.9778	 24.05119842	 41.75	  2.34	 0.6700	 
m60721c3r5.htb	   0.0	  0.03	 2.000	 -5.00	  0.00	 40.00	   1.0	 0.9550	 23.83	 0.0150	  0.76	  1.29	 1.030	 0.00000000	 0.769	  0.610	  0.96	  0.01	  0.9984	 0.0000	 0.89111205	 0.0000	 0.28447340	 0.9629	 29.32422078	 42.71	  1.65	 0.6480	 
m60724c1r5.htb	   0.0	  0.03	 2.000	  0.00	  0.00	 40.00	   0.0	 0.9550	 12.77	 0.0150	  2.74	  3.68	 1.105	 0.00000000	 0.662	  0.597	  0.96	  0.01	  0.9711	 0.0000	 0.72277169	 0.0000	 1.27479557	 0.7351	 20.22388060	 96.19	  1.85	 2.7274	 
m60724c1r5.htb	   0.0	  0.03	 2.000	  0.00	  0.00	 40.00	   1.0	 0.9550	 13.13	 0.0150	  2.78	  3.68	 1.101	 0.00000000	 0.647	  0.615	  0.96	  0.01	  0.9715	 0.0000	 0.73478633	 0.0000	 1.45330401	 0.6931	 20.37313433	 93.51	  1.69	 2.7626	 
m60724c2r5.htb	 150.0	  0.03	 2.000	 -5.00	  5.00	 40.00	   0.0	 0.9550	 11.38	 0.0150	  1.15	  1.34	 1.023	 0.00000000	 0.745	  0.426	  0.96	  0.01	  0.9872	 0.0000	 0.85676738	 0.0000	 1.10684305	 0.7754	 17.38805970	 75.71	  1.57	 1.1148	 
m60724c2r5.htb	 150.0	  0.03	 2.000	 -5.00	  5.00	 40.00	   1.0	 0.9550	 12.59	 0.0150	  1.17	  1.34	 1.021	 0.00000000	 0.737	  0.446	  0.96	  0.01	  0.9996	 0.0000	 0.85343595	 0.0000	 0.04467564	 0.9975	 17.98639586	 66.53	  1.56	 1.1246	 
m60724c3r5.htb	 150.0	  0.03	 2.000	  0.00	  0.00	 40.00	   0.0	 0.9550	 14.14	 0.0150	  2.73	  3.23	 1.077	 0.00000000	 0.717	  0.414	  0.96	  0.01	  0.9783	 0.0000	 0.78384874	 0.0000	 0.44323051	 0.9312	 20.97014925	 75.87	  1.05	 2.3915	 
m60724c3r5.htb	 150.0	  0.03	 2.000	  0.00	  0.00	 40.00	   1.0	 0.9550	 16.16	 0.0150	  3.07	  3.23	 1.045	 0.00000000	 0.750	  0.377	  0.96	  0.01	  0.9977	 0.0000	 0.86718704	 0.0000	 0.11700907	 0.9897	 18.87076596	 52.28	  1.41	 2.9408	 
m60724c4r5.htb	 150.0	  0.03	 2.000	  0.00	 -3.00	 40.00	   0.0	 0.9550	 14.52	 0.0150	  2.40	  3.34	 1.084	 0.00000000	 0.695	  0.539	  0.96	  0.01	  0.9852	 0.0000	 0.76923023	 0.0000	 0.51940535	 0.9146	 12.57305723	 29.53	  2.80	 2.3991	 
m60724c4r5.htb	 150.0	  0.03	 2.000	  0.00	 -3.00	 40.00	   1.0	 0.9550	 15.64	 0.0150	  2.10	  3.34	 1.094	 0.00000000	 0.730	  0.510	  0.96	  0.01	  0.9841	 0.0000	 0.80252419	 0.0000	 2.49705176	 0.4758	 15.92771230	 39.80	  1.99	 2.0812	 
m60724c5r5.htb	 150.0	  0.03	 2.000	 -5.00	 -10.00	 40.00	   0.0	 0.9550	 31.67	 0.0150	 21.29	 18.52	 0.789	 0.00027519	 0.475	  0.719	  0.96	  0.01	  0.9350	 0.0004	 0.34299386	 0.0000	 0.26573066	 0.9663	 10.37910278	 23.11	 10.00	 21.2936	 
m60724c5r5.htb	 150.0	  0.03	 2.000	 -5.00	 -10.00	 40.00	   1.0	 0.9550	 34.67	 0.0150	 19.33	 18.52	 0.908	 0.00000906	 0.514	  0.722	  0.96	  0.01	  0.9614	 0.0001	 0.43171083	 0.0000	 0.25664140	 0.9680	 18.40248814	 21.88	  1.27	 18.7333	 
m60724c6r5.htb	 150.0	  0.03	 2.000	 -5.00	 -10.00	 40.00	   0.0	 0.9550	 12.75	 0.0150	  7.28	  7.66	 1.079	 0.00010330	 0.504	  0.492	  0.96	  0.01	  0.9327	 0.0004	 0.32477749	 0.0000	 0.28520812	 0.9628	 6.27494385	 33.26	  1.84	 7.2607	 
m60724c6r5.htb	 150.0	  0.03	 2.000	 -5.00	 -10.00	 40.00	   1.0	 0.9550	 14.02	 0.0150	  7.13	  7.66	 1.106	 0.00004511	 0.516	  0.531	  0.96	  0.01	  0.8831	 0.0017	 0.32415346	 0.0000	 0.47382312	 0.9246	 14.60770809	 100.00	  0.96	 6.8740	 
m60725c1r5.htb	   0.0	  0.03	 2.000	 -10.00	 -8.00	 40.00	   0.0	 0.9550	 11.22	 0.0150	  2.25	  2.14	 1.007	 0.00000000	 0.626	  0.558	  0.96	  0.01	  0.9942	 0.0000	 0.67163446	 0.0000	 0.10424805	 0.9913	 13.28516028	 49.99	  1.22	 2.0753	 
m60725c1r5.htb	   0.0	  0.03	 2.000	 -10.00	 -8.00	 40.00	   1.0	 0.9550	 10.18	 0.0150	  1.95	  2.14	 1.016	 0.00000000	 0.582	  0.701	  0.96	  0.01	  0.9928	 0.0000	 0.58717444	 0.0000	 0.18048083	 0.9807	 8.41857984	 17.10	  2.32	 1.9153	 
m60725c2r5.htb	   0.0	  0.03	 2.000	  8.00	  0.00	 40.00	   0.0	 0.9550	 22.72	 0.0150	 12.92	 15.22	 1.307	 0.00000000	 0.611	  0.541	  0.96	  0.01	  0.8568	 0.0028	 0.50132614	 0.0000	 2.15459531	 0.5409	 9.80131895	 12.11	 10.00	 12.9217	 
m60725c2r5.htb	   0.0	  0.03	 2.000	  8.00	  0.00	 40.00	   1.0	 0.9550	 28.84	 0.0150	 13.31	 15.22	 1.216	 0.00000000	 0.630	  0.557	  0.96	  0.01	  0.9550	 0.0001	 0.58786918	 0.0000	 0.33010549	 0.9543	 33.08000716	 100.00	  0.93	 12.6509	 
m60726c1r5.htb	   0.0	  0.03	 2.000	  5.00	 -10.00	 40.00	   0.0	 0.9550	 19.65	 0.0150	  1.23	  2.09	 1.119	 0.00000000	 0.633	  1.028	  0.96	  0.01	  0.9874	 0.0000	 0.68073932	 0.0000	 0.26090253	 0.9672	 22.10201144	 16.45	  1.18	 0.0000	 
m60726c1r5.htb	   0.0	  0.03	 2.000	  5.00	 -10.00	 40.00	   1.0	 0.9550	 20.83	 0.0150	  1.98	  2.09	 1.093	 0.00000000	 0.596	  1.057	  0.96	  0.01	  0.9916	 0.0000	 0.66839738	 0.0000	 0.16181122	 0.9835	 22.09140030	 15.01	  1.24	 0.7727	 
m60726c2r5.htb	   0.0	  0.03	 2.000	  5.00	 -5.00	 40.00	   0.0	 0.9550	 24.40	 0.0150	  6.17	  3.61	 0.982	 0.00107288	 0.597	  0.880	  0.96	  0.01	  0.9732	 0.0000	 0.62238124	 0.0000	 0.85154883	 0.8371	 22.54136554	 11.79	  1.08	 3.9847	 
m60726c2r5.htb	   0.0	  0.03	 2.000	  5.00	 -5.00	 40.00	   1.0	 0.9550	 24.73	 0.0150	  2.09	  3.61	 1.040	 0.00101834	 0.582	  1.379	  0.96	  0.01	  0.9599	 0.0001	 0.61858650	 0.0000	 1.63560208	 0.6513	 23.18103492	  6.98	  2.48	 1.5878	 
m60726c3r5.htb	   0.0	  0.03	 2.000	  0.00	 -5.00	 40.00	   0.0	 0.9550	 16.52	 0.0150	  2.05	  3.65	 1.204	 0.00000000	 0.628	  0.824	  0.96	  0.01	  0.9924	 0.0000	 0.62730374	 0.0000	 0.06938845	 0.9952	 26.53399668	 64.22	  0.86	 1.0234	 
m60726c3r5.htb	   0.0	  0.03	 2.000	  0.00	 -5.00	 40.00	   1.0	 0.9550	 18.10	 0.0150	  1.23	  3.65	 1.198	 0.00000000	 0.616	  1.010	  0.96	  0.01	  0.9873	 0.0000	 0.67862940	 0.0000	 0.31231443	 0.9577	 22.47503842	 37.28	  1.27	 0.8510	 
m60726c4r5.htb	   0.0	  0.03	 2.000	  3.00	 -5.00	 40.00	   0.0	 0.9550	 15.43	 0.0150	  6.78	  6.97	 1.025	 0.00000001	 0.591	  0.538	  0.96	  0.01	  0.9310	 0.0004	 0.48835150	 0.0000	 0.59937610	 0.8966	 17.99262141	 100.00	  1.54	 6.7540	 
m60726c4r5.htb	   0.0	  0.03	 2.000	  3.00	 -5.00	 40.00	   1.0	 0.9550	 17.27	 0.0150	  6.53	  6.97	 1.036	 0.00000000	 0.562	  0.658	  0.96	  0.01	  0.9872	 0.0000	 0.53785006	 0.0000	 0.05362678	 0.9967	 13.05531465	 46.22	  2.12	 6.5227	 
m60726c5r5.htb	   0.0	  0.03	 2.000	 -5.00	  0.00	 40.00	   0.0	 0.9550	  9.42	 0.0150	  0.29	  0.60	 1.037	 0.00000000	 0.672	  0.622	  0.96	  0.01	  0.9964	 0.0000	 0.75792867	 0.0000	 0.10742555	 0.9909	 11.59333629	 47.30	  1.88	 0.2704	 
m60726c5r5.htb	   0.0	  0.03	 2.000	 -5.00	  0.00	 40.00	   1.0	 0.9550	  7.53	 0.0150	  0.30	  0.60	 1.040	 0.00000000	 0.677	  0.577	  0.96	  0.01	  0.9876	 0.0000	 0.72833106	 0.0000	 0.51417437	 0.9158	 7.32253972	 21.72	  2.97	 0.2947	 
m60726c6r5.htb	   0.0	  0.03	 2.000	  0.00	  0.00	 40.00	   0.0	 0.9550	  6.46	 0.0150	  0.06	  0.28	 1.036	 0.00000000	 0.703	  0.563	  0.96	  0.01	  0.9727	 0.0000	 0.78745463	 0.0000	 0.61112127	 0.7367	 6.41935800	 26.32	  4.56	 0.0631	 
m60726c6r5.htb	   0.0	  0.03	 2.000	  0.00	  0.00	 40.00	   1.0	 0.9550	  8.52	 0.0150	  0.10	  0.28	 1.027	 0.00000000	 0.714	  0.550	  0.96	  0.01	  0.9983	 0.0000	 0.81722176	 0.0000	 0.14552485	 0.9859	 8.45432717	 26.53	  4.17	 0.1022	 
m60727c1r5.htb	   0.0	  0.03	 2.000	  0.00	 -5.00	 40.00	   0.0	 0.9550	 26.50	 0.0150	  5.78	  6.77	 1.061	 0.00000000	 0.646	  0.800	  0.96	  0.01	  0.9951	 0.0000	 0.66153265	 0.0000	 0.17781869	 0.9811	 24.80580257	 31.90	  1.54	 5.5636	 
m60727c1r5.htb	   0.0	  0.03	 2.000	  0.00	 -5.00	 40.00	   1.0	 0.9550	 27.69	 0.0150	  6.26	  6.77	 1.044	 0.00000000	 0.675	  0.677	  0.96	  0.01	  0.9949	 0.0000	 0.77050247	 0.0000	 0.08895469	 0.9931	 22.28889603	 19.41	  2.10	 6.1558	 
m60727c2r5.htb	   0.0	  0.03	 2.000	  0.00	  0.00	 40.00	   0.0	 0.9550	  1.76	 0.0150	  0.01	  0.00	 1.000	 0.00000533	 0.699	  0.320	  0.96	  0.01	  0.8438	 0.0035	 0.67441273	 0.0000	 4.06328917	 0.1311	 3.35820896	 88.62	  1.36	 0.0000	 
m60727c2r5.htb	   0.0	  0.03	 2.000	  0.00	  0.00	 40.00	   1.0	 0.9550	  2.61	 0.0150	  0.34	  0.00	 0.916	 0.02945301	 0.543	  0.502	  0.96	  0.01	  0.9314	 0.0004	 0.45662258	 0.0002	 0.74955691	 0.8615	 2.87277225	 39.85	  1.56	 0.3189	 
m60801c2r5.htb	   0.0	  0.03	 2.000	  0.00	  0.00	 40.00	   0.0	 0.9550	 14.92	 0.0150	  8.39	  9.70	 1.267	 0.00000001	 0.588	  0.370	  0.96	  0.01	  0.9097	 0.0009	 0.47348969	 0.0000	 0.55236702	 0.9072	 13.60495295	 100.00	  1.22	 8.3074	 
m60801c2r5.htb	   0.0	  0.03	 2.000	  0.00	  0.00	 40.00	   1.0	 0.9550	 14.97	 0.0150	  8.87	  9.70	 1.214	 0.00014240	 0.500	  0.522	  0.96	  0.01	  0.8972	 0.0012	 0.30568085	 0.0000	 0.33765472	 0.9528	 12.70217102	 100.00	  1.57	 8.8505	 
m60801c3r5.htb	   0.0	  0.03	 2.000	  0.00	 -10.00	 40.00	   0.0	 0.9550	 29.52	 0.0150	  6.82	 11.36	 1.328	 0.00000025	 0.685	  0.690	  0.96	  0.01	  0.9735	 0.0000	 0.73081244	 0.0000	 0.90236354	 0.8249	 46.11940299	 85.73	  0.85	 5.4018	 
m60801c3r5.htb	   0.0	  0.03	 2.000	  0.00	 -10.00	 40.00	   1.0	 0.9550	 29.42	 0.0150	  5.96	 11.36	 1.370	 0.00000052	 0.642	  0.899	  0.96	  0.01	  0.9703	 0.0001	 0.68232479	 0.0000	 0.53354888	 0.9115	 46.86567164	 76.10	  0.78	 3.9039	 
m60803c1r5.htb	   0.0	  0.03	 2.000	  8.00	 -5.00	 40.00	   0.0	 0.9550	 16.15	 0.0150	  2.69	  3.03	 1.029	 0.00000000	 0.640	  0.717	  0.96	  0.01	  0.9933	 0.0000	 0.72269267	 0.0000	 0.08495575	 0.9936	 19.34962907	 58.05	  1.68	 2.6533	 
m60803c1r5.htb	   0.0	  0.03	 2.000	  8.00	 -5.00	 40.00	   1.0	 0.9550	 16.55	 0.0150	  1.17	  3.03	 1.130	 0.00000000	 0.720	  0.597	  0.96	  0.01	  0.9944	 0.0000	 0.80919917	 0.0000	 0.26228843	 0.9670	 25.14925373	 45.56	  0.89	 0.0000	 
m60803c3r5.htb	   0.0	  0.03	 2.000	  0.00	  0.00	 40.00	   0.0	 0.9550	 15.10	 0.0150	  6.00	  7.46	 1.195	 0.00000000	 0.636	  0.450	  0.96	  0.01	  0.9687	 0.0001	 0.64582286	 0.0000	 0.30928008	 0.9583	 10.28880704	 33.65	  1.97	 5.9760	 
m60803c3r5.htb	   0.0	  0.03	 2.000	  0.00	  0.00	 40.00	   1.0	 0.9550	 14.58	 0.0150	  5.74	  7.46	 1.218	 0.00000000	 0.664	  0.390	  0.96	  0.01	  0.9889	 0.0000	 0.74656086	 0.0000	 0.32363307	 0.9555	 9.13496664	 21.81	  2.35	 5.7234	 
m60803c4r5.htb	 180.0	  0.03	 2.000	  0.00	  0.00	 40.00	   0.0	 0.9550	 23.08	 0.0150	  1.93	  2.71	 1.046	 0.00000000	 0.743	  0.640	  0.96	  0.01	  0.9913	 0.0000	 0.89459077	 0.0000	 0.70659768	 0.8717	 23.68823119	 26.63	  1.72	 1.7637	 
m60803c4r5.htb	 180.0	  0.03	 2.000	  0.00	  0.00	 40.00	   1.0	 0.9550	 25.36	 0.0150	  3.12	  2.71	 1.015	 0.00000000	 0.716	  0.652	  0.96	  0.01	  0.9982	 0.0000	 0.86458080	 0.0000	 0.18166560	 0.9805	 26.42453270	 33.69	  1.65	 2.9645	 
m60808c1r5.htb	   0.0	  0.03	 2.000	  5.00	 -10.00	 40.00	   0.0	 0.9550	  7.44	 0.0150	  0.18	  0.40	 1.031	 0.00000000	 0.726	  0.456	  0.96	  0.01	  0.9990	 0.0000	 0.86538364	 0.0000	 0.11867278	 0.9895	 9.24575003	 54.76	  2.34	 0.1770	 
m60808c1r5.htb	   0.0	  0.03	 2.000	  5.00	 -10.00	 40.00	   1.0	 0.9550	  5.50	 0.0150	  0.18	  0.40	 1.039	 0.00000000	 0.645	  0.539	  0.96	  0.01	  0.9900	 0.0000	 0.66566511	 0.0000	 0.11484881	 0.9900	 8.73134328	 67.14	  1.33	 0.1246	 
m60808c2r5.htb	   0.0	  0.03	 2.000	  0.00	  0.00	 40.00	   0.0	 0.9550	 20.46	 0.0150	  9.79	 10.70	 1.138	 0.00000000	 0.623	  0.452	  0.96	  0.01	  0.9715	 0.0000	 0.57987326	 0.0000	 0.77652672	 0.8551	 18.43958811	 62.79	  0.99	 9.3468	 
m60808c2r5.htb	   0.0	  0.03	 2.000	  0.00	  0.00	 40.00	   1.0	 0.9550	 20.40	 0.0150	 10.09	 10.70	 1.128	 0.00769201	 0.495	  0.744	  0.96	  0.01	  0.6493	 0.0287	 0.15318216	 0.0008	 0.89309470	 0.8271	 18.48312120	 65.26	  0.93	 9.5484	 
m60809c1r5.htb	   0.0	  0.03	 2.000	  0.00	 -5.00	 40.00	   0.0	 0.9550	 16.28	 0.0150	  2.80	  3.58	 1.081	 0.00000000	 0.737	  0.432	  0.96	  0.01	  0.9968	 0.0000	 0.82542784	 0.0000	 0.17053989	 0.9822	 19.40921134	 47.40	  1.26	 2.5545	 
m60809c1r5.htb	   0.0	  0.03	 2.000	  0.00	 -5.00	 40.00	   1.0	 0.9550	 19.41	 0.0150	  4.03	  3.58	 1.018	 0.00000000	 0.728	  0.487	  0.96	  0.01	  0.9953	 0.0000	 0.83295841	 0.0000	 0.27150533	 0.9653	 21.79357294	 54.13	  1.57	 3.9493	 
m60809c2r5.htb	   0.0	  0.03	 2.000	  0.00	 -5.00	 40.00	   0.0	 0.9550	  8.07	 0.0150	  2.12	  2.32	 1.050	 0.00000123	 0.614	  0.498	  0.96	  0.01	  0.9798	 0.0000	 0.64993698	 0.0000	 0.22192445	 0.9740	 12.41597030	 100.00	  1.19	 2.0338	 
m60809c2r5.htb	   0.0	  0.03	 2.000	  0.00	 -5.00	 40.00	   1.0	 0.9550	  8.16	 0.0150	  2.82	  2.32	 0.981	 0.00000002	 0.654	  0.366	  0.96	  0.01	  0.9460	 0.0002	 0.70852296	 0.0000	 0.84559518	 0.8385	 5.37697252	 29.29	  4.18	 2.8207	 
m60809c3r5.htb	   0.0	  0.03	 2.000	  5.00	  0.00	 40.00	   0.0	 0.9550	 15.62	 0.0150	  4.21	  6.88	 1.387	 0.00000000	 0.722	  0.373	  0.96	  0.01	  0.9850	 0.0000	 0.79769124	 0.0000	 0.30222665	 0.9596	 20.73251789	 64.99	  0.89	 3.4993	 
m60809c3r5.htb	   0.0	  0.03	 2.000	  5.00	  0.00	 40.00	   1.0	 0.9550	 14.99	 0.0150	  5.41	  6.88	 1.303	 0.00000002	 0.665	  0.404	  0.96	  0.01	  0.9935	 0.0000	 0.71975200	 0.0000	 0.18570728	 0.9799	 10.47691230	 18.51	  1.60	 5.2213	 
m60809c4r5.htb	   0.0	  0.03	 2.000	 10.00	  2.00	 40.00	   0.0	 0.9550	 22.94	 0.0150	  6.32	  6.54	 1.035	 0.00000011	 0.611	  0.775	  0.96	  0.01	  0.9701	 0.0001	 0.67012159	 0.0000	 0.43214593	 0.9335	 19.76820909	 26.49	  1.41	 5.9724	 
m60809c4r5.htb	   0.0	  0.03	 2.000	 10.00	  2.00	 40.00	   1.0	 0.9550	 24.16	 0.0150	  4.84	  6.54	 1.082	 0.00000000	 0.678	  0.649	  0.96	  0.01	  0.9930	 0.0000	 0.81544102	 0.0000	 0.13987310	 0.9867	 21.19783904	 17.27	  1.55	 4.3631	 
m60809c5r5.htb	   0.0	  0.03	 2.000	  0.00	  0.00	 40.00	   0.0	 0.9550	 31.83	 0.0150	 16.33	 15.17	 0.932	 0.00000000	 0.676	  0.518	  0.96	  0.01	  0.8931	 0.0013	 0.61965486	 0.0000	 2.12620258	 0.5466	 15.76229324	 19.03	  2.58	 16.3072	 
m60809c5r5.htb	   0.0	  0.03	 2.000	  0.00	  0.00	 40.00	   1.0	 0.9550	 33.60	 0.0150	 12.48	 15.17	 1.063	 0.00000000	 0.644	  0.617	  0.96	  0.01	  0.9894	 0.0000	 0.72674075	 0.0000	 0.57097241	 0.9030	 23.78930531	 21.13	  1.50	 12.0397	 
m60810c1r5.htb	   0.0	  0.03	 2.000	 10.00	 -5.00	 40.00	   0.0	 0.9550	 30.54	 0.0150	  8.76	  7.76	 0.956	 0.00000000	 0.614	  0.914	  0.96	  0.01	  0.9834	 0.0000	 0.72361844	 0.0000	 0.58101502	 0.9008	 21.80587587	 20.44	  4.32	 8.7623	 
m60810c1r5.htb	   0.0	  0.03	 2.000	 10.00	 -5.00	 40.00	   1.0	 0.9550	 32.73	 0.0150	  7.46	  7.76	 0.997	 0.00000000	 0.668	  0.799	  0.96	  0.01	  0.9901	 0.0000	 0.79329177	 0.0000	 0.20499259	 0.9768	 27.18276955	 16.88	  1.67	 6.9880	 
m60810c2r5.htb	   0.0	  0.03	 2.000	  0.00	  5.00	 40.00	   0.0	 0.9550	 32.05	 0.0150	  5.06	  6.47	 1.092	 0.00000000	 0.661	  0.901	  0.96	  0.01	  0.9974	 0.0000	 0.72269119	 0.0000	 0.09773451	 0.9921	 34.45893604	 28.84	  1.21	 4.1263	 
m60810c2r5.htb	   0.0	  0.03	 2.000	  0.00	  5.00	 40.00	   1.0	 0.9550	 32.05	 0.0150	  6.42	  6.47	 1.053	 0.00000000	 0.664	  0.804	  0.96	  0.01	  0.9919	 0.0000	 0.76766603	 0.0000	 0.21722913	 0.9748	 26.68942055	 14.75	  1.91	 6.0871	 
m60810c3r5.htb	   0.0	  0.03	 2.000	  5.00	 -10.00	 40.00	   0.0	 0.9550	 29.09	 0.0150	 11.02	  8.18	 0.864	 0.00000000	 0.618	  0.704	  0.96	  0.01	  0.9936	 0.0000	 0.70098312	 0.0000	 0.10059138	 0.9918	 18.29137257	 23.30	  3.14	 11.0167	 
m60810c3r5.htb	   0.0	  0.03	 2.000	  5.00	 -10.00	 40.00	   1.0	 0.9550	 31.14	 0.0150	 13.64	  8.18	 0.809	 0.00000000	 0.611	  0.729	  0.96	  0.01	  0.9017	 0.0011	 0.57245912	 0.0000	 1.90914416	 0.5915	 18.68259698	 27.17	  2.17	 13.6065	 
m60810c4r5.htb	   0.0	  0.03	 2.000	  5.00	 -5.00	 40.00	   0.0	 0.9550	 11.84	 0.0150	  6.04	  6.42	 1.071	 0.00000495	 0.553	  0.544	  0.96	  0.01	  0.8361	 0.0039	 0.34621770	 0.0000	 1.14222826	 0.7669	 6.00741305	 27.26	  2.69	 6.0328	 
m60810c4r5.htb	   0.0	  0.03	 2.000	  5.00	 -5.00	 40.00	   1.0	 0.9550	 12.47	 0.0150	  6.07	  6.42	 1.065	 0.00000196	 0.530	  0.501	  0.96	  0.01	  0.9806	 0.0000	 0.42414580	 0.0000	 0.19306726	 0.9787	 9.09225880	 58.42	  1.78	 6.0543	 
m60810c5r5.htb	   0.0	  0.03	 2.000	 -5.00	 -10.00	 40.00	   0.0	 0.9550	 12.38	 0.0150	  7.93	  7.05	 0.835	 0.00042155	 0.519	  0.381	  0.96	  0.01	  0.9018	 0.0011	 0.43799825	 0.0000	 0.79981549	 0.8495	 4.44948073	 38.44	 10.00	 7.9269	 
m60810c5r5.htb	   0.0	  0.03	 2.000	 -5.00	 -10.00	 40.00	   1.0	 0.9550	 13.70	 0.0150	  6.25	  7.05	 1.084	 0.00287485	 0.515	  0.562	  0.96	  0.01	  0.9449	 0.0002	 0.40183458	 0.0000	 0.45078768	 0.9296	 12.16156635	 37.69	  0.81	 5.4232	 
m60811c1r5.htb	   0.0	  0.03	 2.000	  0.00	  0.00	 40.00	   0.0	 0.9550	 17.56	 0.0150	  0.77	  1.09	 1.022	 0.00000000	 0.742	  0.606	  0.96	  0.01	  0.9938	 0.0000	 0.88386106	 0.0000	 0.40129551	 0.9400	 18.16945032	 28.81	  2.10	 0.7386	 
m60811c1r5.htb	   0.0	  0.03	 2.000	  0.00	  0.00	 40.00	   1.0	 0.9550	 18.16	 0.0150	  0.80	  1.09	 1.020	 0.00000000	 0.727	  0.683	  0.96	  0.01	  0.9922	 0.0000	 0.85589885	 0.0000	 0.61586820	 0.8928	 18.52688837	 27.35	  2.19	 0.7677	 
m60811c2r5.htb	   0.0	  0.03	 2.000	 -5.00	 -8.00	 40.00	   0.0	 0.9550	 12.00	 0.0150	  2.93	  3.08	 1.029	 0.00000000	 0.678	  0.435	  0.96	  0.01	  0.9796	 0.0000	 0.72586405	 0.0000	 0.46406387	 0.9267	 10.80715594	 30.98	  1.53	 2.8225	 
m60811c2r5.htb	   0.0	  0.03	 2.000	 -5.00	 -8.00	 40.00	   1.0	 0.9550	 12.27	 0.0150	  2.78	  3.08	 1.068	 0.00000000	 0.732	  0.352	  0.96	  0.01	  0.9850	 0.0000	 0.80633193	 0.0000	 0.84033197	 0.8398	 14.08869967	 35.76	  0.96	 2.1338	 
m60811c3r5.htb	   0.0	  0.03	 2.000	  0.00	  5.00	 40.00	   0.0	 0.9550	  9.30	 0.0150	  1.42	  1.58	 1.023	 0.00000000	 0.708	  0.400	  0.96	  0.01	  0.9946	 0.0000	 0.82357458	 0.0000	 0.15292952	 0.9848	 14.30348259	 83.70	  1.60	 1.3990	 
m60811c3r5.htb	   0.0	  0.03	 2.000	  0.00	  5.00	 40.00	   1.0	 0.9550	 10.60	 0.0150	  0.94	  1.58	 1.058	 0.00000000	 0.757	  0.405	  0.96	  0.01	  0.9897	 0.0000	 0.87197883	 0.0000	 0.71202376	 0.8704	 16.79104478	 73.65	  1.27	 0.8241	 
m60811c4r5.htb	   0.0	  0.03	 2.000	  0.00	  0.00	 40.00	   0.0	 0.9550	 24.12	 0.0150	  2.40	  3.73	 1.068	 0.00000000	 0.769	  0.603	  0.96	  0.01	  0.9556	 0.0001	 0.87765482	 0.0000	 3.73767706	 0.2912	 23.57120049	 28.45	  2.06	 2.3487	 
m60811c4r5.htb	   0.0	  0.03	 2.000	  0.00	  0.00	 40.00	   1.0	 0.9550	 26.18	 0.0150	  3.47	  3.73	 1.037	 0.00000000	 0.745	  0.603	  0.96	  0.01	  0.9967	 0.0000	 0.91102142	 0.0000	 0.53855869	 0.9103	 23.24618679	 22.98	  2.65	 3.4518	 
m60811c5r5.htb	   0.0	  0.03	 2.000	 10.00	  5.00	 40.00	   0.0	 0.9550	  2.98	 0.0150	  0.09	  0.33	 1.090	 0.00109060	 0.689	  0.388	  0.96	  0.01	  0.9632	 0.0001	 0.84009447	 0.0000	 0.32654267	    NaN	 2.89223528	 45.28	 10.00	 0.0922	 
m60811c5r5.htb	   0.0	  0.03	 2.000	 10.00	  5.00	 40.00	   1.0	 0.9550	  2.54	 0.0150	  0.12	  0.33	 1.092	 0.00000669	 0.735	  0.337	  0.96	  0.01	  0.8715	 0.0021	 0.79638505	 0.0000	 0.35172825	    NaN	 2.42282630	 23.00	 10.00	 0.1207	 
m60815c1r5.htb	 150.0	  0.03	 2.000	  8.00	 -10.00	 40.00	   0.0	 0.9550	 11.71	 0.0150	  1.97	  1.99	 1.002	 0.00000004	 0.582	  0.767	  0.96	  0.01	  0.9836	 0.0000	 0.49674702	 0.0000	 0.14123126	 0.9865	 14.90209768	 72.91	  2.36	 1.9699	 
m60815c1r5.htb	 150.0	  0.03	 2.000	  8.00	 -10.00	 40.00	   1.0	 0.9550	 14.19	 0.0150	  1.83	  1.99	 1.009	 0.00000000	 0.618	  0.771	  0.96	  0.01	  0.9932	 0.0000	 0.64457320	 0.0000	 0.07621289	 0.9945	 13.24043183	 39.75	  3.02	 1.8305	 
m60815c2r5.htb	   0.0	  0.03	 2.000	 10.00	 -10.00	 40.00	   0.0	 0.9550	 22.99	 0.0150	 11.49	 12.59	 1.106	 0.00000000	 0.586	  0.536	  0.96	  0.01	  0.9717	 0.0000	 0.53822740	 0.0000	 0.41049462	 0.9381	 13.28863306	 44.78	  2.46	 11.4834	 
m60815c2r5.htb	   0.0	  0.03	 2.000	 10.00	 -10.00	 40.00	   1.0	 0.9550	 24.98	 0.0150	 11.90	 12.59	 1.076	 0.00000000	 0.648	  0.478	  0.96	  0.01	  0.9780	 0.0000	 0.66524315	 0.0000	 0.38433561	 0.9435	 14.15631753	 39.74	  2.86	 11.8980	 
m60815c4r5.htb	 180.0	  0.03	 2.000	 -5.00	  5.00	 40.00	   0.0	 0.9550	 20.01	 0.0150	  4.25	  4.78	 1.035	 0.00000000	 0.626	  0.794	  0.96	  0.01	  0.9842	 0.0000	 0.58564129	 0.0000	 0.29417712	 0.9611	 31.26865672	 94.73	  2.09	 4.2410	 
m60815c4r5.htb	 180.0	  0.03	 2.000	 -5.00	  5.00	 40.00	   1.0	 0.9550	 22.08	 0.0150	  5.72	  4.78	 0.985	 0.00000007	 0.541	  1.007	  0.96	  0.01	  0.9966	 0.0000	 0.49205718	 0.0000	 0.00489131	 0.9999	 16.47626193	 45.78	  6.76	 5.7182	 
m60821c1r5.htb	   0.0	  0.03	 2.000	  0.00	 -10.00	 40.00	   0.0	 0.9550	 19.86	 0.0150	  1.32	  1.19	 1.018	 0.00000023	 0.680	  0.830	  0.96	  0.01	  0.9585	 0.0001	 0.76426379	 0.0000	 2.04281458	 0.5636	 24.47446189	 35.19	  1.25	 0.8519	 
m60821c1r5.htb	   0.0	  0.03	 2.000	  0.00	 -10.00	 40.00	   1.0	 0.9550	 21.96	 0.0150	  3.77	  1.19	 0.941	 0.00000000	 0.702	  0.628	  0.96	  0.01	  0.9865	 0.0000	 0.86692502	 0.0000	 0.75157885	 0.8610	 20.56755168	 32.24	  1.90	 3.7104	 
m60821c2r5.htb	  90.0	  0.03	 2.000	 -5.00	 -10.00	 40.00	   0.0	 0.9550	  9.37	 0.0150	  1.21	  1.39	 1.038	 0.00000000	 0.682	  0.527	  0.96	  0.01	  0.9748	 0.0000	 0.76725054	 0.0000	 0.47192018	 0.9250	 15.29850746	 83.25	  1.20	 1.0887	 
m60821c2r5.htb	  90.0	  0.03	 2.000	 -5.00	 -10.00	 40.00	   1.0	 0.9550	  9.79	 0.0150	  1.15	  1.39	 1.039	 0.00000000	 0.689	  0.477	  0.96	  0.01	  0.9955	 0.0000	 0.78212967	 0.0000	 0.20768222	 0.9763	 12.30964224	 50.02	  1.38	 1.0574	 
m60821c3r5.htb	 110.0	  0.03	 2.000	 -10.00	  0.00	 40.00	   0.0	 0.9550	 17.99	 0.0150	  2.77	  2.11	 0.959	 0.00000000	 0.690	  0.597	  0.96	  0.01	  0.9899	 0.0000	 0.77972124	 0.0000	 0.78024886	 0.8542	 16.96954132	 40.58	  2.53	 2.7627	 
m60821c3r5.htb	 110.0	  0.03	 2.000	 -10.00	  0.00	 40.00	   1.0	 0.9550	 19.96	 0.0150	  1.92	  2.11	 1.001	 0.00000000	 0.676	  0.757	  0.96	  0.01	  0.9792	 0.0000	 0.72294014	 0.0000	 0.42144981	 0.9358	 31.23667377	 68.67	  1.12	 1.4904	 
m60822c3r5.htb	   0.0	  0.03	 2.000	 -8.00	 -10.00	 40.00	   0.0	 0.9550	  6.80	 0.0150	  0.88	  1.64	 1.163	 0.00000000	 0.686	  0.400	  0.96	  0.01	  0.9864	 0.0000	 0.79137453	 0.0000	 0.21183345	 0.9757	 10.89552239	 80.90	  1.22	 0.8003	 
m60822c3r5.htb	   0.0	  0.03	 2.000	 -8.00	 -10.00	 40.00	   1.0	 0.9550	  6.52	 0.0150	  1.53	  1.64	 1.097	 0.00000000	 0.616	  0.449	  0.96	  0.01	  0.9917	 0.0000	 0.64000366	 0.0000	 0.56143938	 0.9052	 5.67715488	 42.19	  2.42	 1.5321	 
m60822c4r5.htb	 240.0	  0.03	 2.000	 -8.00	  0.00	 40.00	   0.0	 0.9550	 16.57	 0.0150	  1.32	  2.27	 1.075	 0.00000000	 0.716	  0.607	  0.96	  0.01	  0.9948	 0.0000	 0.84712905	 0.0000	 0.31514446	 0.9572	 25.74626866	 71.79	  1.38	 1.1948	 
m60822c4r5.htb	 240.0	  0.03	 2.000	 -8.00	  0.00	 40.00	   1.0	 0.9550	 17.17	 0.0150	  1.89	  2.27	 1.051	 0.00000000	 0.717	  0.546	  0.96	  0.01	  0.9991	 0.0000	 0.82501682	 0.0000	 0.01289992	 0.9996	 20.73358606	 51.65	  1.70	 1.8384	 
m60823c1r5.htb	   0.0	  0.03	 2.000	 10.00	  5.00	 40.00	   0.0	 0.9550	 28.71	 0.0150	 10.54	  6.72	 0.826	 0.00000000	 0.698	  0.513	  0.96	  0.01	  0.9802	 0.0000	 0.76000044	 0.0000	 1.30998428	 0.7268	 18.18264354	 47.18	 10.00	 10.5389	 
m60823c1r5.htb	   0.0	  0.03	 2.000	 10.00	  5.00	 40.00	   1.0	 0.9550	 32.07	 0.0150	  6.87	  6.72	 0.924	 0.00000000	 0.692	  0.713	  0.96	  0.01	  0.9855	 0.0000	 0.81054239	 0.0000	 0.64040291	 0.8871	 28.73936579	 33.17	  1.88	 6.7841	 
m60823c2r5.htb	  70.0	  0.03	 2.000	  0.00	  0.00	 40.00	   0.0	 0.9550	 15.06	 0.0150	  6.90	  7.28	 1.049	 0.00000002	 0.585	  0.460	  0.96	  0.01	  0.9824	 0.0000	 0.58882351	 0.0000	 0.15653297	 0.9843	 9.51845747	 43.72	  2.30	 6.8960	 
m60823c2r5.htb	  70.0	  0.03	 2.000	  0.00	  0.00	 40.00	   1.0	 0.9550	 16.01	 0.0150	  7.04	  7.28	 1.052	 0.00000000	 0.638	  0.402	  0.96	  0.01	  0.9897	 0.0000	 0.64403244	 0.0000	 0.17229593	 0.9819	 18.88032297	 100.00	  1.03	 6.7924	 
m60823c3r5.htb	  70.0	  0.03	 2.000	 -5.00	  0.00	 40.00	   0.0	 0.9550	 15.94	 0.0150	  6.69	 10.60	 2.292	 0.00594053	 0.434	  1.013	  0.96	  0.01	  0.7909	 0.0074	 0.19258843	 0.0001	 0.42778971	 0.9344	 24.75897762	 100.00	  0.47	 3.6937	 
m60823c3r5.htb	  70.0	  0.03	 2.000	 -5.00	  0.00	 40.00	   1.0	 0.9550	 16.93	 0.0150	  7.77	 10.60	 1.801	 0.00051838	 0.464	  0.936	  0.96	  0.01	  0.9537	 0.0002	 0.29492301	 0.0000	 0.16276752	 0.9834	 9.57707666	 20.49	  2.08	 7.7323	 
m60823c4r5.htb	   0.0	  0.03	 2.000	 -10.00	  0.00	 40.00	   0.0	 0.9550	 19.58	 0.0150	 10.78	 11.99	 1.255	 0.00000001	 0.585	  0.414	  0.96	  0.01	  0.9861	 0.0000	 0.51279570	 0.0000	 0.10686136	 0.9910	 16.94802562	 70.06	  0.81	 10.0540	 
m60823c4r5.htb	   0.0	  0.03	 2.000	 -10.00	  0.00	 40.00	   1.0	 0.9550	 19.51	 0.0150	  9.42	 11.99	 1.324	 0.00000100	 0.491	  0.724	  0.96	  0.01	  0.9374	 0.0003	 0.41765565	 0.0000	 0.85065899	 0.8373	 14.41101734	 38.75	  1.09	 9.0218	 
m60824c1r5.htb	   0.0	  0.03	 2.000	 -5.00	  5.00	 40.00	   0.0	 0.9550	 23.96	 0.0150	  4.00	  3.08	 0.957	 0.00000000	 0.709	  0.656	  0.96	  0.01	  0.9891	 0.0000	 0.81511736	 0.0000	 0.40164034	 0.9399	 23.98776474	 44.17	  2.09	 3.9744	 
m60824c1r5.htb	   0.0	  0.03	 2.000	 -5.00	  5.00	 40.00	   1.0	 0.9550	 23.55	 0.0150	  4.14	  3.08	 0.954	 0.00000000	 0.670	  0.685	  0.96	  0.01	  0.9941	 0.0000	 0.80404526	 0.0000	 0.10399254	 0.9914	 20.99575698	 28.64	  2.11	 4.0929	 
m60824c2r5.htb	   0.0	  0.03	 2.000	 -5.00	 -5.00	 40.00	   0.0	 0.9550	 25.94	 0.0150	  9.08	 10.40	 1.087	 0.00000000	 0.653	  0.560	  0.96	  0.01	  0.9855	 0.0000	 0.72025060	 0.0000	 0.28700726	 0.9625	 22.68686656	 53.88	  1.87	 9.0520	 
m60824c2r5.htb	   0.0	  0.03	 2.000	 -5.00	 -5.00	 40.00	   1.0	 0.9550	 27.04	 0.0150	  8.76	 10.40	 1.094	 0.00000000	 0.717	  0.459	  0.96	  0.01	  0.9878	 0.0000	 0.77818577	 0.0000	 0.51098230	 0.9165	 21.37847213	 36.82	  1.88	 8.7115	 
m60824c3r5.htb	   0.0	  0.03	 2.000	 -5.00	  0.00	 40.00	   0.0	 0.9550	  7.59	 0.0150	  2.68	  4.00	 1.371	 0.00000001	 0.422	  0.825	  0.96	  0.01	  0.9632	 0.0001	 0.29613496	 0.0000	 0.07072729	 0.9951	 7.02338112	 62.15	  1.98	 2.6731	 
m60824c3r5.htb	   0.0	  0.03	 2.000	 -5.00	  0.00	 40.00	   1.0	 0.9550	  8.20	 0.0150	  2.99	  4.00	 1.297	 0.00000000	 0.455	  0.735	  0.96	  0.01	  0.9850	 0.0000	 0.32472131	 0.0000	 0.03168927	 0.9985	 6.70727615	 51.49	  2.01	 2.9882	 
