FILE			 PrfOR	 PrfSF	 PrfTF	 RFXctr	 RFYctr	 RFDiam	 GrType	 MaxLoc	 MaxRsp	 MinLoc	 MinRsp	 Spont	 SFMI		 AnovaP	 SFDI  	 VarTerm	 MaxX 	 MinX 	 SFHWHM	 RsqMn	 PMean	 RsqRaw	 Praw		 Chi2		 ChiP		 Brat		 Ampl		 Peak		 SD		 Offst		
m60321c1r2.htb	   0.0	  0.03	 2.000	  0.00	 -10.00	 50.00	   0.0	 0.0250	 11.27	 1.6000	  0.28	  1.99	 1.184	 0.00000000	 0.624	  0.943	  1.60	  0.03	  0.0480	 0.9534	 0.00016206	 0.6210	 0.00000000	 0.3448	 0.84164824	  0.28	 10.99	 0.0250	 0.7139	 0.0100	
m60321c1r2.htb	   0.0	  0.03	 2.000	  0.00	 -10.00	 50.00	   1.0	 0.0320	 11.71	 1.6000	  0.70	  1.99	 1.157	 0.00000000	 0.615	  0.885	  1.60	  0.03	  0.0550	 0.8912	 0.00138161	 0.6528	 0.00000000	 3.6097	 0.16450097	  0.70	 11.02	 0.0323	 0.6907	 0.0100	
m60321c2r2.htb	   0.0	  0.03	 2.000	 -10.00	 -10.00	 50.00	   0.0	 0.0250	  2.42	 1.6000	  0.82	  0.50	 0.832	 0.00009194	 0.478	  0.503	  1.60	  0.03	  0.0500	 0.7488	 0.01187253	 0.2627	 0.00000572	 0.6706	 0.71510805	  0.82	  1.60	 0.0250	 0.9156	 0.0001	
m60321c2r2.htb	   0.0	  0.03	 2.000	 -10.00	 -10.00	 50.00	   1.0	 0.0330	  4.47	 0.3080	  0.97	  0.50	 0.872	 0.00332390	 0.436	  0.642	  1.60	  0.03	  0.0150	 0.9068	 0.00093300	 0.2358	 0.00002036	 0.3876	 0.82380207	  0.97	  3.51	 0.0333	 0.2264	 0.0100	
m60321c3r2.htb	 270.0	  0.03	 2.000	 -5.00	 -15.00	 40.00	   0.0	 0.0280	 23.05	 1.6000	  7.59	  7.61	 1.001	 0.00000000	 0.685	  0.495	  1.60	  0.03	  0.0290	 0.9947	 0.00000068	 0.7876	 0.00000000	 0.1430	 0.93098283	  7.59	 15.46	 0.0284	 0.5671	 0.0001	
m60321c3r2.htb	 270.0	  0.03	 2.000	 -5.00	 -15.00	 40.00	   1.0	 0.0340	 32.50	 0.2860	  9.24	  7.61	 0.953	 0.00000000	 0.693	  0.458	  1.60	  0.03	  0.0140	 0.9826	 0.00001363	 0.7675	 0.00000000	 0.3850	 0.82489819	  9.24	 23.28	 0.0335	 0.2204	 0.0100	
m60322c1r2.htb	  30.0	  0.03	 2.000	 10.00	 -10.00	 50.00	   0.0	 0.0250	  9.84	 0.6310	  2.00	  1.59	 0.951	 0.00000000	 0.553	  0.773	  1.60	  0.03	  0.0150	 0.9846	 0.00001010	 0.5880	 0.00000000	 0.3593	 0.83557241	  2.00	  7.84	 0.0250	 0.3660	 0.0001	
m60322c1r2.htb	  30.0	  0.03	 2.000	 10.00	 -10.00	 50.00	   1.0	 0.0250	 10.88	 1.6000	  1.51	  1.59	 0.983	 0.00000000	 0.596	  0.799	  1.60	  0.03	  0.0310	 0.9707	 0.00005022	 0.6925	 0.00000000	 0.3854	 0.82472123	  1.51	  9.37	 0.0250	 0.6533	 0.0001	
m60322c2r2.htb	  60.0	  0.03	 4.000	 10.00	 -10.00	 40.00	   0.0	 0.0300	 22.04	 1.6000	  7.77	  8.46	 1.050	 0.00000000	 0.666	  0.489	  1.60	  0.03	  0.0470	 0.9947	 0.00000070	 0.7507	 0.00000000	 0.0982	 0.95208672	  7.77	 14.27	 0.0304	 0.6360	 0.0100	
m60322c2r2.htb	  60.0	  0.03	 4.000	 10.00	 -10.00	 40.00	   1.0	 0.0310	 21.03	 1.6000	  9.05	  8.46	 1.006	 0.00000000	 0.631	  0.500	  1.60	  0.03	  0.0360	 0.9770	 0.00002740	 0.6491	 0.00000000	 0.5931	 0.74336340	  9.05	 11.98	 0.0306	 0.6388	 0.0001	
m60322c3r2.htb	   0.0	  0.03	 4.000	  0.00	 -12.00	 50.00	   0.0	 0.0290	 20.95	 1.6000	  8.69	  6.87	 0.870	 0.00000000	 0.685	  0.375	  1.60	  0.03	  0.0550	 0.9954	 0.00000048	 0.8061	 0.00000000	 0.1266	 0.93865724	  8.69	 12.26	 0.0294	 0.7215	 0.0100	
m60322c3r2.htb	   0.0	  0.03	 4.000	  0.00	 -12.00	 50.00	   1.0	 0.0290	 20.75	 1.6000	  8.75	  6.87	 0.867	 0.00000000	 0.696	  0.379	  1.60	  0.03	  0.0520	 0.9901	 0.00000330	 0.7745	 0.00000000	 0.3935	 0.82141412	  8.75	 12.00	 0.0292	 0.7046	 0.0100	
m60323c1r2.htb	   0.0	  0.03	 2.000	 -10.00	 -20.00	 50.00	   0.0	 0.0250	  3.53	 0.5970	  1.31	  1.62	 1.161	 0.00000525	 0.429	  0.583	  1.60	  0.03	  0.0150	 0.9598	 0.00011173	 0.2168	 0.00000001	 0.1391	 0.93281208	  1.31	  2.23	 0.0250	 0.3657	 0.0001	
m60323c1r2.htb	   0.0	  0.03	 2.000	 -10.00	 -20.00	 50.00	   1.0	 0.0250	  3.94	 1.6000	  1.21	  1.62	 1.170	 0.00000000	 0.533	  0.545	  1.60	  0.03	  0.0550	 0.8505	 0.00310491	 0.3218	 0.00000000	 0.5671	 0.75311407	  1.21	  2.73	 0.0250	 0.9702	 0.0001	
m60323c2r2.htb	   0.0	  0.03	 2.000	 10.00	 -15.00	 60.00	   0.0	 0.0340	 27.26	 0.3300	  3.38	  2.59	 0.968	 0.00000000	 0.719	  0.544	  1.60	  0.03	  0.0150	 0.9778	 0.00002510	 0.8032	 0.00000000	 0.9902	 0.60951733	  3.38	 23.88	 0.0339	 0.2310	 0.0100	
m60323c2r2.htb	   0.0	  0.03	 2.000	 10.00	 -15.00	 60.00	   1.0	 0.0350	 26.00	 0.3970	  3.25	  2.59	 0.970	 0.00000000	 0.706	  0.561	  1.60	  0.03	  0.0160	 0.9927	 0.00000156	 0.8122	 0.00000000	 0.4210	 0.81016132	  3.25	 22.76	 0.0346	 0.2497	 0.0100	
m60323c3r2.htb	   0.0	  0.03	 2.000	  5.00	 -18.00	 40.00	   0.0	 0.0360	 15.79	 1.2720	  5.97	  6.22	 1.027	 0.00000000	 0.616	  0.490	  1.60	  0.03	  0.0280	 0.9663	 0.00007170	 0.5955	 0.00000000	 0.3904	 0.82267586	  5.97	  9.82	 0.0364	 0.3825	 0.0100	
m60323c3r2.htb	   0.0	  0.03	 2.000	  5.00	 -18.00	 40.00	   1.0	 0.0330	 17.54	 1.6000	  6.64	  6.22	 0.989	 0.00000000	 0.622	  0.487	  1.60	  0.03	  0.0350	 0.9834	 0.00001213	 0.6608	 0.00000000	 0.4903	 0.78257315	  6.64	 10.90	 0.0333	 0.4825	 0.0100	
m60324c1r2.htb	  30.0	  0.03	 2.000	  0.00	 -5.00	 50.00	   0.0	 0.0300	 23.52	 1.5880	  3.36	  3.23	 0.994	 0.00000000	 0.768	  0.475	  1.60	  0.03	  0.0280	 0.9947	 0.00000070	 0.9155	 0.00000000	 0.6738	 0.71396366	  3.36	 20.16	 0.0304	 0.4250	 0.0100	
m60324c1r2.htb	  30.0	  0.03	 2.000	  0.00	 -5.00	 50.00	   1.0	 0.0290	 24.86	 1.2580	  4.88	  3.23	 0.956	 0.00000000	 0.777	  0.399	  1.60	  0.03	  0.0210	 0.9888	 0.00000450	 0.8932	 0.00000000	 1.4002	 0.49653293	  4.88	 19.98	 0.0293	 0.4288	 0.0001	
m60324c2r2.htb	   0.0	  0.03	 2.000	  0.00	 -10.00	 40.00	   0.0	 0.0250	 13.62	 1.6000	  4.51	  4.13	 0.960	 0.00000000	 0.648	  0.476	  1.60	  0.03	  0.0470	 0.9530	 0.00016579	 0.6910	 0.00000000	 0.9378	 0.62570216	  4.51	  9.11	 0.0250	 0.8788	 0.0001	
m60324c2r2.htb	   0.0	  0.03	 2.000	  0.00	 -10.00	 40.00	   1.0	 0.0250	 13.62	 1.6000	  4.19	  4.13	 0.977	 0.00000000	 0.695	  0.387	  1.60	  0.03	  0.0690	 0.9948	 0.00000067	 0.7605	 0.00000000	 0.2119	 0.89945006	  4.18	  9.45	 0.0250	 1.1135	 0.0001	
m60324c3r2.htb	   0.0	  0.03	 2.000	  0.00	 -10.00	 40.00	   0.0	 0.0290	 27.41	 1.6000	 11.28	 12.19	 1.062	 0.00000000	 0.657	  0.508	  1.60	  0.03	  0.0990	 0.9806	 0.00001793	 0.7153	 0.00000000	 0.2752	 0.87142683	 11.24	 16.17	 0.0288	 1.0692	 0.0100	
m60324c3r2.htb	   0.0	  0.03	 2.000	  0.00	 -10.00	 40.00	   1.0	 0.0250	 30.17	 1.6000	 12.09	 12.19	 1.033	 0.00000000	 0.652	  0.583	  1.60	  0.03	  0.0940	 0.9465	 0.00022870	 0.6651	 0.00000000	 0.7078	 0.70196200	 11.96	 18.21	 0.0250	 1.3204	 0.0001	
m60405c1r2.htb	   0.0	  0.03	 2.000	 -5.00	 -10.00	 40.00	   0.0	 0.0250	 14.66	 1.6000	  4.19	  4.18	 0.999	 0.00000000	 0.630	  0.571	  1.60	  0.03	  0.0280	 0.9753	 0.00003268	 0.7508	 0.00000000	 0.7322	 0.69344769	  4.19	 10.47	 0.0250	 0.6083	 0.0001	
m60405c1r2.htb	   0.0	  0.03	 2.000	 -5.00	 -10.00	 40.00	   1.0	 0.0250	 14.75	 1.6000	  4.40	  4.18	 0.989	 0.00000000	 0.614	  0.655	  1.60	  0.03	  0.0410	 0.9619	 0.00009772	 0.6244	 0.00000000	 0.6497	 0.72263375	  4.40	 10.35	 0.0250	 0.8051	 0.0001	
m60405c4r2.htb	   0.0	  0.03	 2.000	  0.00	 -10.00	 40.00	   0.0	 0.0250	 14.92	 1.6000	  6.95	  8.01	 1.157	 0.00000000	 0.571	  0.467	  1.60	  0.03	  0.0850	 0.9891	 0.00000425	 0.5530	 0.00000000	 0.0771	 0.96219487	  6.92	  8.00	 0.0250	 1.2485	 0.0001	
m60405c4r2.htb	   0.0	  0.03	 2.000	  0.00	 -10.00	 40.00	   1.0	 0.0310	 16.60	 1.6000	  7.81	  8.01	 1.076	 0.00000000	 0.688	  0.351	  1.60	  0.03	  0.0420	 0.9248	 0.00054125	 0.6887	 0.00000000	 1.3323	 0.51367669	  7.81	  8.79	 0.0307	 0.7205	 0.0001	
m60406c1r2.htb	   0.0	  0.03	 2.000	  8.00	 -10.00	 40.00	   0.0	 0.0250	  7.23	 1.6000	  1.63	  1.14	 0.920	 0.00000000	 0.598	  0.574	  1.60	  0.03	  0.0510	 0.9608	 0.00010468	 0.5416	 0.00000000	 0.3261	 0.84956545	  1.63	  5.59	 0.0250	 0.9200	 0.0001	
m60406c1r2.htb	   0.0	  0.03	 2.000	  8.00	 -10.00	 40.00	   1.0	 0.0250	  7.29	 1.6000	  1.79	  1.14	 0.907	 0.00000000	 0.579	  0.511	  1.60	  0.03	  0.0520	 0.9943	 0.00000082	 0.5515	 0.00000000	 0.0640	 0.96852674	  1.79	  5.50	 0.0250	 0.9411	 0.0001	
m60406c2r2.htb	   0.0	  0.03	 2.000	  0.00	 -10.00	 40.00	   0.0	 0.0350	 27.66	 1.6000	  9.65	 10.00	 1.020	 0.00000000	 0.662	  0.553	  1.60	  0.03	  0.0700	 0.9656	 0.00007556	 0.7392	 0.00000000	 0.5875	 0.74547883	  9.64	 18.02	 0.0349	 0.7878	 0.0100	
m60406c2r2.htb	   0.0	  0.03	 2.000	  0.00	 -10.00	 40.00	   1.0	 0.0300	 29.48	 1.6000	 11.60	 10.00	 0.964	 0.00000000	 0.629	  0.600	  1.60	  0.03	  0.0670	 0.9801	 0.00001900	 0.6977	 0.00000000	 0.2912	 0.86452435	 11.60	 17.88	 0.0299	 0.8283	 0.0100	
m60406c3r2.htb	   0.0	  0.03	 2.000	  5.00	 -10.00	 30.00	   0.0	 0.0250	 26.05	 1.6000	 10.76	 12.59	 1.138	 0.00000006	 0.552	  0.775	  1.60	  0.03	  0.0910	 0.9734	 0.00003940	 0.4827	 0.00000000	 0.1877	 0.91043728	 10.73	 15.32	 0.0250	 1.0781	 0.0100	
m60406c3r2.htb	   0.0	  0.03	 2.000	  5.00	 -10.00	 30.00	   1.0	 0.0250	 28.93	 1.6000	 10.65	 12.59	 1.130	 0.00000000	 0.592	  0.778	  1.60	  0.03	  0.0890	 0.9869	 0.00000666	 0.5612	 0.00000000	 0.1096	 0.94668487	 10.55	 18.38	 0.0250	 1.2817	 0.0001	
m60411c2r2.htb	   0.0	  0.03	 2.000	 -10.00	  5.00	 40.00	   0.0	 0.0250	  7.94	 1.6000	  0.61	  0.25	 0.954	 0.00000000	 0.701	  0.523	  1.60	  0.03	  0.0410	 0.9114	 0.00082073	 0.7787	 0.00000000	 2.2783	 0.32009123	  0.61	  7.33	 0.0250	 0.8061	 0.0001	
m60411c2r2.htb	   0.0	  0.03	 2.000	 -10.00	  5.00	 40.00	   1.0	 0.0250	  6.18	 1.6000	  0.40	  0.25	 0.962	 0.00000000	 0.687	  0.518	  1.60	  0.03	  0.0690	 0.8488	 0.00319845	 0.6684	 0.00000000	 2.7968	 0.24699768	  0.40	  5.78	 0.0250	 1.1097	 0.0001	
m60412c1r2.htb	   0.0	  0.03	 2.000	 -10.00	 -10.00	 40.00	   0.0	 0.0250	 11.78	 1.6000	  0.41	  0.60	 1.017	 0.00000000	 0.700	  0.693	  1.60	  0.03	  0.0480	 0.9643	 0.00008258	 0.7780	 0.00000000	 1.2106	 0.54590723	  0.41	 11.37	 0.0250	 0.8899	 0.0001	
m60412c1r2.htb	   0.0	  0.03	 2.000	 -10.00	 -10.00	 40.00	   1.0	 0.0250	 12.59	 1.6000	  0.50	  0.60	 1.012	 0.00000000	 0.691	  0.685	  1.60	  0.03	  0.0640	 0.9443	 0.00025368	 0.7852	 0.00000000	 1.5238	 0.46678679	  0.50	 12.10	 0.0250	 1.0602	 0.0001	
m60412c2r2.htb	   0.0	  0.03	 2.000	 -10.00	 -15.00	 40.00	   0.0	 0.0320	 19.41	 1.6000	  1.49	  1.09	 0.978	 0.00000000	 0.782	  0.448	  1.60	  0.03	  0.0310	 0.9980	 0.00000006	 0.9320	 0.00000000	 0.3590	 0.83570491	  1.49	 17.91	 0.0321	 0.5484	 0.0001	
m60412c2r2.htb	   0.0	  0.03	 2.000	 -10.00	 -15.00	 40.00	   1.0	 0.0320	 18.31	 1.6000	  1.65	  1.09	 0.973	 0.00000000	 0.762	  0.467	  1.60	  0.03	  0.0390	 0.9973	 0.00000013	 0.9312	 0.00000000	 0.2992	 0.86106025	  1.65	 16.66	 0.0323	 0.6548	 0.0001	
