FILE			 PrfOR	 PrfSF	 PrfTF	 RFXctr	 RFYctr	 RFDiam	 GrType	 Spont	 SI		 AnovaP	 SDI		 VarTerm	 MaxX 	 MinX 	 RsqMn	 PMean	 RsqRaw	 Praw		 ErfChi2	 ErfChiP	 DiffErfChi2	 DiffErfChiP	 Ke		 a		 Ki			 b+a		 DC_off	 Halfmax_slope	 F_SI	 P_SI	
m60201c1r6.htb	  60.0	  0.03	 2.000	  0.00	 -5.00	 50.00	   0.0	 0.0000	 -5.06	 0.0373	  0.43	  0.32	 64.000	 1.00000000	 0.000	    NaN	  0.11	  0.01	  2.6746	 0.2625	 2.67464404		    NaN	 0.00000000	 4.3505	 1.99004975	  7.56	 -0.04	 -0.0392	 0.0000	 1.0000	 
m60201c1r6.htb	  60.0	  0.03	 2.000	  0.00	 -5.00	 50.00	   1.0	 0.0000	 -4.46	 0.2266	  0.36	  0.28	 64.000	 1.00000000	 0.000	    NaN	  0.06	  0.05	  1.4497	 0.6939	 1.44969818		    NaN	 0.00000000	 3.7721	 1.24378109	  6.72	 -0.02	 -0.0269	 0.0000	 1.0000	 
m60208c1r6.htb	  30.0	  0.05	 2.000	  0.00	  0.00	 45.00	   0.0	 8.4080	  0.00	 0.0649	  0.40	  0.82	 64.000	 1.00000000	 0.157	  0.001	  0.16	  0.00	  0.0736	 0.9993	 0.07360927		 0.9639	 9.60787942	 100.0000	 0.00000000	 101.44	  7.09	 0.1052	 -0.0000	 1.0000	 
m60208c1r6.htb	  30.0	  0.05	 2.000	  0.00	  0.00	 45.00	   1.0	 8.4080	  0.00	 0.0008	  0.46	  0.89	 64.000	 1.00000000	 0.275	  0.000	  0.28	  0.00	  0.2580	 0.9924	 0.25803123		 0.8790	 20.53657837	 100.0000	 7.27849950	 100.00	  5.99	 0.1452	 -0.0000	 1.0000	 
m60213c1r6.htb	  30.0	  0.03	 2.000	 -5.00	 10.00	 40.00	   0.0	 3.8308	  0.00	 0.0000	  0.66	  0.55	 64.000	 1.00000000	 0.642	  0.000	  0.64	  0.00	  0.5711	 0.9662	 0.57109215		 0.7516	 10.99687233	 49.8897	 0.00000000	 50.79	  3.44	 0.2320	 -0.0000	 1.0000	 
m60213c1r6.htb	  30.0	  0.03	 2.000	 -5.00	 10.00	 40.00	   1.0	 3.8308	  0.00	 0.0000	  0.61	  0.60	 64.000	 1.00000000	 0.638	  0.000	  0.64	  0.00	  0.5974	 0.9633	 0.59751741		 0.7417	 10.66238368	 45.6063	 0.00000000	 46.16	  3.56	 0.2450	 -0.0000	 1.0000	 
m60217c1r6.htb	   0.0	  0.05	 2.000	 10.00	 15.00	 50.00	   0.0	 11.0945	  0.02	 0.0080	  0.42	  0.53	 64.000	 1.00000000	 0.183	  0.000	  0.18	  0.00	  0.7513	 0.9449	 0.73221977		 0.6934	 34.99676608	 77.8577	 56.34036067	 177.86	  9.72	 0.1419	 0.0000	 1.0000	 
m60217c1r6.htb	   0.0	  0.05	 2.000	 10.00	 15.00	 50.00	   1.0	 11.0945	  0.00	 0.0000	  0.53	  0.50	 64.000	 1.00000000	 0.368	  0.000	  0.37	  0.00	  0.6346	 0.9591	 0.63467740		 0.7281	 8.10389307	 36.8032	 0.86486664	 37.72	  9.55	 0.2051	 0.0000	 1.0000	 
m60220c2r6.htb	 230.0	  0.03	 2.000	  0.00	 15.00	 60.00	   0.0	 4.8756	  0.00	 0.0103	  0.43	  0.68	 64.000	 1.00000000	 0.188	  0.000	  0.19	  0.00	  0.4245	 0.9804	 0.42448655		 0.8088	 5.52434914	 31.2669	 0.96649705	 31.63	  4.34	 0.1514	 0.0000	 1.0000	 
m60220c2r6.htb	 230.0	  0.03	 2.000	  0.00	 15.00	 60.00	   1.0	 4.8756	  0.00	 0.0168	  0.40	  0.63	 64.000	 1.00000000	 0.093	  0.010	  0.09	  0.01	  1.0422	 0.9033	 1.04233025		 0.5938	 15.68002329	 76.8539	 11.66214024	 77.25	  6.49	 0.0572	 0.0000	 1.0000	 
m60220c3r6.htb	  30.0	  0.03	 4.000	 10.00	 10.00	 50.00	   0.0	 4.3781	  0.00	 0.0000	  0.60	  0.55	 64.000	 1.00000000	 0.520	  0.000	  0.52	  0.00	  1.3453	 0.8536	 1.34528284		 0.5104	 12.22783402	 100.0000	 0.48204442	 100.00	  3.61	 0.1286	 0.0000	 1.0000	 
m60220c3r6.htb	  30.0	  0.03	 4.000	 10.00	 10.00	 50.00	   1.0	 4.3781	  0.00	 0.0000	  0.63	  0.50	 64.000	 1.00000000	 0.620	  0.000	  0.62	  0.00	  0.1836	 0.9960	 0.18364009		 0.9123	 14.70463786	 72.2108	 2.96215978	 74.88	  2.91	 0.1764	 0.0000	 1.0000	 
m60220c6r7.htb	  30.0	  0.03	 2.000	  0.00	 10.00	 40.00	   0.0	 1.1940	  0.20	 0.0000	  0.69	  0.55	 64.000	 1.00000000	 0.701	  0.000	  0.70	  0.00	  0.6957	 0.9519	 0.43739574		 0.8036	 50.24875622	 29.2661	 42.39094395	 35.31	 -0.14	 0.5413	 1.4654	 0.2385	 
m60220c6r7.htb	  30.0	  0.03	 2.000	  0.00	 10.00	 40.00	   1.0	 1.1940	  0.21	 0.0000	  0.67	  0.54	 64.000	 1.00000000	 0.688	  0.000	  0.69	  0.00	  0.5553	 0.9679	 0.24339484		 0.8854	 44.53045215	 28.2598	 37.02883874	 34.94	  0.04	 0.5406	 1.4654	 0.2385	 
m60221c1r6.htb	   0.0	  0.03	 4.000	 -10.00	 10.00	 50.00	   0.0	 0.6468	  0.00	 0.0000	  0.66	  0.65	 64.000	 1.00000000	 0.739	  0.000	  0.74	  0.00	  0.3661	 0.9852	 0.36603658		 0.8328	 13.91169383	 47.3539	 2.28557973	 47.35	  0.66	 0.2577	 0.0000	 1.0000	 
m60221c1r6.htb	   0.0	  0.03	 4.000	 -10.00	 10.00	 50.00	   1.0	 0.6468	  0.00	 0.0000	  0.69	  0.64	 64.000	 1.00000000	 0.824	  0.000	  0.82	  0.00	  0.2790	 0.9911	 0.27901733		 0.8698	 17.78377629	 49.2672	 2.55828160	 50.27	  0.22	 0.3261	 0.0000	 1.0000	 
m60221c2r7.htb	   0.0	  0.03	 4.000	  0.00	 20.00	 60.00	   0.0	 2.8856	  0.00	 0.0000	  0.71	  0.46	 64.000	 1.00000000	 0.744	  0.000	  0.74	  0.00	  3.1183	 0.5382	 3.11826882		 0.2103	 15.68828229	 100.0000	 0.00000000	 100.96	  1.76	 0.1718	 0.0000	 1.0000	 
m60221c2r7.htb	   0.0	  0.03	 4.000	  0.00	 20.00	 60.00	   1.0	 2.8856	  0.00	 0.0000	  0.66	  0.55	 64.000	 1.00000000	 0.677	  0.000	  0.68	  0.00	  0.7216	 0.9486	 0.72165263		 0.6971	 16.36215785	 70.4751	 3.11331674	 73.01	  1.77	 0.2035	 0.0000	 1.0000	 
m60221c3r6.htb	   0.0	  0.03	 2.000	  3.00	  8.00	 50.00	   0.0	 2.0896	  0.00	 0.0000	  0.76	  0.46	 64.000	 1.00000000	 0.884	  0.000	  0.88	  0.00	  3.2316	 0.5198	 3.23157252		 0.1987	 17.40473755	 28.7524	 0.00008428	 30.31	  0.51	 0.6261	 -0.0000	 1.0000	 
m60221c3r6.htb	   0.0	  0.03	 2.000	  3.00	  8.00	 50.00	   1.0	 2.0896	  0.00	 0.0000	  0.74	  0.51	 64.000	 1.00000000	 0.871	  0.000	  0.87	  0.00	  0.5796	 0.9653	 0.57964603		 0.7484	 16.23994250	 22.8188	 0.00000000	 25.22	  0.71	 0.7331	 -0.0000	 1.0000	 
m60221c5r7.htb	   0.0	  0.03	 2.000	  0.00	  0.00	 50.00	   0.0	 1.6915	  0.00	 0.0000	  0.63	  0.53	 64.000	 1.00000000	 0.640	  0.000	  0.64	  0.00	  0.5830	 0.9649	 0.58295185		 0.7472	 15.39441796	 77.2629	 5.18015594	 80.07	  1.22	 0.1452	 -0.0000	 1.0000	 
m60221c5r7.htb	   0.0	  0.03	 2.000	  0.00	  0.00	 50.00	   1.0	 1.6915	  0.00	 0.0000	  0.65	  0.45	 64.000	 1.00000000	 0.591	  0.000	  0.59	  0.00	  0.6086	 0.9621	 0.60859849		 0.7376	 5.45043323	 30.5038	 0.20620912	 30.52	  0.88	 0.1780	 -0.0000	 1.0000	 
m60227c1r6.htb	  30.0	  0.05	 2.000	  5.00	  0.00	 40.00	   0.0	 1.7910	  0.34	 0.0000	  0.59	  0.64	 64.000	 1.00000000	 0.553	  0.000	  0.55	  0.00	  0.4745	 0.9759	 0.05329509		 0.9737	 18.28544920	 32.3174	 17.83178101	 78.71	  0.66	 0.3577	 0.1322	 0.8764	 
m60227c1r6.htb	  30.0	  0.05	 2.000	  5.00	  0.00	 40.00	   1.0	 1.7910	  0.07	 0.0000	  0.55	  0.60	 64.000	 1.00000000	 0.411	  0.000	  0.41	  0.00	  0.4812	 0.9753	 0.45765364		 0.7955	 33.08457711	 17.6393	 27.68042117	 19.36	  0.64	 0.4605	 0.1322	 0.8764	 
m60404c1r6.htb	   0.0	  0.03	 2.000	  0.00	  0.00	 40.00	   0.0	 6.4179	  0.00	 0.0000	  0.64	  0.47	 64.000	 1.00000000	 0.681	  0.000	  0.68	  0.00	  0.5272	 0.9708	 0.52715189		 0.7683	 11.73977004	 26.1444	 1.30828545	 26.23	  4.94	 0.4121	 0.0000	 1.0000	 
m60404c1r6.htb	   0.0	  0.03	 2.000	  0.00	  0.00	 40.00	   1.0	 6.4179	  0.00	 0.0000	  0.63	  0.45	 64.000	 1.00000000	 0.657	  0.000	  0.66	  0.00	  0.2486	 0.9929	 0.24871332		 0.8831	 10.92834692	 22.2384	 1.64533926	 22.27	  5.14	 0.4299	 0.0000	 1.0000	 
m60411c1r6.htb	 270.0	  0.03	 2.000	 -10.00	 -5.00	 40.00	   0.0	 1.0945	  0.00	 0.0000	  0.65	  0.84	 64.000	 1.00000000	 0.702	  0.000	  0.70	  0.00	  0.9616	 0.9156	 0.96159777		 0.6183	 20.97037299	 100.0000	 3.40664715	 100.00	  0.22	 0.1923	 0.0000	 1.0000	 
m60411c1r6.htb	 270.0	  0.03	 2.000	 -10.00	 -5.00	 40.00	   1.0	 1.0945	 -11.09	 0.0000	  0.66	  0.87	 64.000	 1.00000000	 0.000	    NaN	  0.77	  0.00	 121.3352	 0.0000	 121.33521328		 0.0000	 -0.00000000	 42.5590	 25.48782732	 45.73	 -1.50	 -0.3753	 0.0000	 1.0000	 
m60413c1r6.htb	 180.0	  0.03	 2.000	 -5.00	 -25.00	 60.00	   0.0	 5.5224	  0.00	 0.0000	  0.63	  0.33	 64.000	 1.00000000	 0.661	  0.000	  0.66	  0.00	  0.8638	 0.9297	 0.86372547		 0.6493	 8.50420004	 26.1584	 1.27013325	 26.47	  6.43	 0.2861	 0.0003	 0.9997	 
m60413c1r6.htb	 180.0	  0.03	 2.000	 -5.00	 -25.00	 60.00	   1.0	 5.5224	  0.00	 0.0000	  0.57	  0.35	 64.000	 1.00000000	 0.521	  0.000	  0.52	  0.00	  0.3064	 0.9894	 0.30626288		 0.8580	 8.05825957	 37.4743	 1.95464979	 38.53	  7.76	 0.1709	 0.0003	 0.9997	 
m60417c1r6.htb	 180.0	  0.03	 2.000	  0.00	 10.00	 50.00	   0.0	 0.3980	  0.31	 0.9727	  0.17	  0.68	 64.000	 1.00000000	 0.008	  0.473	  0.01	  0.47	  0.0779	 0.9993	 0.02974247		 0.9852	 9.20398010	 5.1255	 9.11677577	  5.63	  0.80	 -0.0062	 -0.0000	 1.0000	 
m60417c1r6.htb	 180.0	  0.03	 2.000	  0.00	 10.00	 50.00	   1.0	 0.3980	  0.00	 0.6940	  0.31	  0.50	 64.000	 1.00000000	 0.052	  0.057	  0.05	  0.06	  0.2199	 0.9944	 0.21993123		 0.8959	 0.66795672	 8.4000	 0.00165743	 10.46	  0.38	 0.0787	 -0.0000	 1.0000	 
m60418c2r6.htb	   0.0	  0.03	 2.000	 -5.00	 -15.00	 50.00	   0.0	 13.3085	  0.11	 0.0000	  0.74	  0.59	 64.000	 1.00000000	 0.764	  0.000	  0.76	  0.00	 13.4534	 0.0093	 1.93990243		 0.3791	 33.89229654	 21.5196	 15.09995732	 69.37	  8.96	 1.4114	 0.7140	 0.5030	 
m60418c2r6.htb	   0.0	  0.03	 2.000	 -5.00	 -15.00	 50.00	   1.0	 13.3085	  0.15	 0.0000	  0.75	  0.51	 64.000	 1.00000000	 0.886	  0.000	  0.89	  0.00	  5.7587	 0.2179	 4.10282207		 0.1286	 46.87407218	 29.0435	 41.13430449	 110.16	  9.81	 1.3023	 0.7140	 0.5030	 
m60418c3r6.htb	   0.0	  0.03	 2.000	  0.00	 -10.00	 50.00	   0.0	 12.1393	  0.00	 0.0000	  0.66	  0.49	 64.000	 1.00000000	 0.713	  0.000	  0.71	  0.00	  0.9194	 0.9218	 0.91377385		 0.6333	 22.34166852	 22.4224	 6.34301286	 24.34	 13.18	 0.7578	 0.0005	 0.9995	 
m60418c3r6.htb	   0.0	  0.03	 2.000	  0.00	 -10.00	 50.00	   1.0	 12.1393	  0.00	 0.0000	  0.78	  0.29	 64.000	 1.00000000	 0.773	  0.000	  0.77	  0.00	  3.8876	 0.4214	 3.87632615		 0.1440	 21.92034913	 15.3625	 6.85869452	 18.74	 11.49	 1.0849	 0.0005	 0.9995	 
m60418c4r6.htb	   0.0	  0.03	 2.000	  0.00	 -10.00	 50.00	   0.0	 10.4478	  0.00	 0.0000	  0.74	  0.40	 64.000	 1.00000000	 0.798	  0.000	  0.80	  0.00	  3.3390	 0.5028	 3.33709881		 0.1885	 20.31374371	 17.3258	 4.49823525	 17.57	  6.20	 0.9380	 0.0002	 0.9998	 
m60418c4r6.htb	   0.0	  0.03	 2.000	  0.00	 -10.00	 50.00	   1.0	 10.4478	  0.00	 0.0000	  0.81	  0.30	 64.000	 1.00000000	 0.874	  0.000	  0.87	  0.00	 15.2436	 0.0042	 15.24852860		 0.0005	 22.19232642	 19.7683	 4.50467833	 19.93	  5.44	 0.9207	 0.0002	 0.9998	 
m60420c3r6.htb	   0.0	  0.03	 2.000	 -5.00	  5.00	 40.00	   0.0	 13.7811	  0.00	 0.0000	  0.59	  0.59	 64.000	 1.00000000	 0.586	  0.000	  0.59	  0.00	  0.3515	 0.9863	 0.35151024		 0.8388	 18.78343612	 21.4494	 4.84023261	 21.45	 10.45	 0.6688	 0.3292	 0.7207	 
m60420c3r6.htb	   0.0	  0.03	 2.000	 -5.00	  5.00	 40.00	   1.0	 13.7811	  0.07	 0.0000	  0.61	  0.53	 64.000	 1.00000000	 0.669	  0.000	  0.67	  0.00	  0.4868	 0.9748	 0.21678235		 0.8973	 23.74951917	 20.9313	 10.46682971	 38.38	  9.60	 0.8957	 0.3292	 0.7207	 
m60420c4r6.htb	   0.0	  0.03	 2.000	 10.00	 -8.00	 40.00	   0.0	 7.4627	  0.00	 0.0000	  0.69	  0.65	 64.000	 1.00000000	 0.710	  0.000	  0.71	  0.00	  3.3198	 0.5058	 3.31639976		 0.1905	 21.72599956	 18.0990	 2.18531814	 19.60	  4.51	 1.1159	 0.0025	 0.9975	 
m60420c4r6.htb	   0.0	  0.03	 2.000	 10.00	 -8.00	 40.00	   1.0	 7.4627	  0.00	 0.0001	  0.61	  0.77	 64.000	 1.00000000	 0.673	  0.000	  0.67	  0.00	  0.3479	 0.9865	 0.34630464		 0.8410	 22.79877619	 20.3459	 3.48468299	 23.98	  5.75	 1.0028	 0.0025	 0.9975	 
m60420c5r6.htb	   0.0	  0.03	 2.000	  8.00	 -5.00	 40.00	   0.0	 16.1692	  0.00	 0.0000	  0.66	  0.43	 64.000	 1.00000000	 0.712	  0.000	  0.71	  0.00	  0.4650	 0.9768	 0.46492963		 0.7926	 24.84831111	 40.9531	 7.46791380	 40.95	 16.63	 0.4428	 -0.0000	 1.0000	 
m60420c5r6.htb	   0.0	  0.03	 2.000	  8.00	 -5.00	 40.00	   1.0	 16.1692	  0.00	 0.0005	  0.56	  0.55	 64.000	 1.00000000	 0.498	  0.000	  0.50	  0.00	  0.2988	 0.9899	 0.29877924		 0.8612	 20.52603513	 30.9435	 7.81055384	 30.94	 17.40	 0.4256	 -0.0000	 1.0000	 
m60424c6r6.htb	   0.0	  0.03	 2.000	 -5.00	 -5.00	 30.00	   0.0	 2.1322	  0.15	 0.0000	  0.78	  0.70	 64.000	 1.00000000	 0.918	  0.000	  0.92	  0.00	 28.2247	 0.0000	 11.64575704		 0.0030	 157.50794695	 25.8573	 125.69413719	 31.00	 -3.25	 2.1279	 0.5941	 0.5571	 
m60424c6r6.htb	   0.0	  0.03	 2.000	 -5.00	 -5.00	 30.00	   1.0	 2.1322	  0.11	 0.0000	  0.82	  0.58	 64.000	 1.00000000	 0.909	  0.000	  0.91	  0.00	 14.9081	 0.0049	 20.27160695		 0.0000	 167.08126036	 25.6341	 135.36852107	 29.52	 -1.54	 2.0159	 0.5941	 0.5571	 
m60518c3r6.htb	   0.0	  0.03	 2.000	 10.00	  5.00	 40.00	   0.0	 7.3798	  0.00	 0.0000	  0.66	  0.88	 64.000	 1.00000000	 0.847	  0.000	  0.85	  0.00	  0.8556	 0.9308	 0.85537745		 0.6520	 23.21252509	 25.3322	 0.50418350	 28.34	  1.40	 0.9273	 -0.0000	 1.0000	 
m60518c3r6.htb	   0.0	  0.03	 2.000	 10.00	  5.00	 40.00	   1.0	 7.3798	  0.00	 0.0000	  0.68	  0.83	 64.000	 1.00000000	 0.826	  0.000	  0.83	  0.00	  2.2854	 0.6834	 2.28524925		 0.3190	 22.98633908	 24.5715	 0.00000000	 27.24	  1.70	 0.9648	 -0.0000	 1.0000	 
m60518c4r6.htb	   0.0	  0.03	 2.000	  0.00	 -10.00	 40.00	   0.0	 1.7768	  0.00	 0.0000	  0.61	  0.66	 64.000	 1.00000000	 0.676	  0.000	  0.68	  0.00	  0.2595	 0.9923	 0.25951183		 0.8783	 19.64924849	 89.2169	 3.51163648	 89.40	  2.61	 0.1970	 0.0000	 1.0000	 
m60518c4r6.htb	   0.0	  0.03	 2.000	  0.00	 -10.00	 40.00	   1.0	 1.7768	  0.00	 0.0000	  0.65	  0.59	 64.000	 1.00000000	 0.748	  0.000	  0.75	  0.00	  2.0605	 0.7246	 2.06138765		 0.3568	 12.53041266	 53.6514	 0.08239971	 56.64	  2.57	 0.2452	 0.0000	 1.0000	 
m60524c6r6.htb	   0.0	  0.03	 2.000	 -12.00	 -8.00	 40.00	   0.0	 5.1244	  0.00	 0.0003	  0.49	  0.79	 64.000	 1.00000000	 0.300	  0.000	  0.30	  0.00	  0.3225	 0.9883	 0.32254174		 0.8511	 8.46763671	 10.9713	 1.22447716	 10.97	  1.67	 0.6650	 2.0593	 0.1358	 
m60524c6r6.htb	   0.0	  0.03	 2.000	 -12.00	 -8.00	 40.00	   1.0	 5.1244	  0.34	 0.0004	  0.50	  0.76	 64.000	 1.00000000	 0.300	  0.000	  0.30	  0.00	  1.0810	 0.8973	 0.11388727		 0.9446	 28.22433555	 25.7516	 24.17752556	 42.26	  3.34	 0.5497	 2.0593	 0.1358	 
m60629c1r6.htb	   0.0	  0.03	 2.000	  0.00	 -5.00	 40.00	   0.0	 2.0398	  0.00	 0.0000	  0.70	  0.59	 64.000	 1.00000000	 0.785	  0.000	  0.79	  0.00	  1.1637	 0.8840	 1.16373356		 0.5589	 16.89127524	 26.4389	 1.93998563	 26.44	  1.09	 0.5840	 2.4043	 0.0983	 
m60629c1r6.htb	   0.0	  0.03	 2.000	  0.00	 -5.00	 40.00	   1.0	 2.0398	  0.23	 0.0000	  0.75	  0.55	 64.000	 1.00000000	 0.889	  0.000	  0.89	  0.00	  3.0244	 0.5538	 1.61096264		 0.4469	 92.93020843	 46.8344	 92.24369896	 72.01	  0.23	 0.7457	 2.4043	 0.0983	 
m60629c2r6.htb	   0.0	  0.03	 2.000	  0.00	  0.00	 40.00	   0.0	 12.7363	  0.05	 0.0000	  0.70	  0.43	 64.000	 1.00000000	 0.730	  0.000	  0.73	  0.00	  1.6987	 0.7910	 1.43759410		 0.4873	 83.93076499	 67.7878	 129.85074627	 167.78	 10.60	 0.4954	 -0.0012	 1.0000	 
m60629c2r6.htb	   0.0	  0.03	 2.000	  0.00	  0.00	 40.00	   1.0	 12.7363	  0.00	 0.0000	  0.70	  0.44	 64.000	 1.00000000	 0.745	  0.000	  0.74	  0.00	  0.3230	 0.9883	 0.32320975		 0.8508	 19.35790892	 28.4412	 2.86538157	 30.62	 11.25	 0.6071	 -0.0012	 1.0000	 
m60630c1r6.htb	   0.0	  0.03	 2.000	  0.00	 -8.00	 40.00	   0.0	 4.3284	  0.00	 0.0000	  0.60	  0.68	 64.000	 1.00000000	 0.654	  0.000	  0.65	  0.00	  0.3872	 0.9835	 0.38723344		 0.8240	 11.55712835	 42.5358	 0.10304662	 42.54	  2.08	 0.2814	 0.0000	 1.0000	 
m60630c1r6.htb	   0.0	  0.03	 2.000	  0.00	 -8.00	 40.00	   1.0	 4.3284	  0.00	 0.0000	  0.61	  0.74	 64.000	 1.00000000	 0.679	  0.000	  0.68	  0.00	  0.1308	 0.9980	 0.13076103		 0.9367	 17.72393697	 75.3374	 0.27264792	 76.84	  2.55	 0.2499	 0.0000	 1.0000	 
m60630c2r6.htb	   0.0	  0.03	 2.000	  0.00	 10.00	 40.00	   0.0	 4.9751	  0.00	 0.0000	  0.61	  0.65	 64.000	 1.00000000	 0.617	  0.000	  0.62	  0.00	  0.5291	 0.9706	 0.52911520		 0.7675	 20.88354541	 100.0000	 0.32137477	 100.00	  4.68	 0.2252	 0.2949	 0.7456	 
m60630c2r6.htb	   0.0	  0.03	 2.000	  0.00	 10.00	 40.00	   1.0	 4.9751	  0.06	 0.0000	  0.60	  0.66	 64.000	 1.00000000	 0.658	  0.000	  0.66	  0.00	  0.9954	 0.9105	 0.85810752		 0.6511	 63.70537754	 62.4146	 86.81592040	 143.47	  3.90	 0.4429	 0.2949	 0.7456	 
m60706c1r6.htb	   0.0	  0.03	 2.000	 10.00	  0.00	 40.00	   0.0	 7.0149	  0.00	 0.0004	  0.42	  0.90	 64.000	 1.00000000	 0.290	  0.000	  0.29	  0.00	  0.4324	 0.9797	 0.43246592		 0.8055	 10.93442601	 36.2109	 3.54464862	 36.81	  4.92	 0.2137	 0.0000	 1.0000	 
m60706c1r6.htb	   0.0	  0.03	 2.000	 10.00	  0.00	 40.00	   1.0	 7.0149	  0.00	 0.0000	  0.52	  0.89	 64.000	 1.00000000	 0.434	  0.000	  0.43	  0.00	  0.6789	 0.9539	 0.67892165		 0.7122	 11.43793337	 51.5189	 0.05280462	 56.37	  4.13	 0.2331	 0.0000	 1.0000	 
m60706c2r6.htb	   0.0	  0.03	 2.000	  0.00	 -10.00	 40.00	   0.0	 6.5672	  0.00	 0.0000	  0.63	  0.65	 64.000	 1.00000000	 0.557	  0.000	  0.56	  0.00	  3.6291	 0.4585	 3.62916626		 0.1629	 18.93810616	 27.5305	 7.05273017	 27.58	  4.44	 0.4467	 1.2301	 0.2990	 
m60706c2r6.htb	   0.0	  0.03	 2.000	  0.00	 -10.00	 40.00	   1.0	 6.5672	  0.11	 0.0000	  0.64	  0.69	 64.000	 1.00000000	 0.728	  0.000	  0.73	  0.00	  1.1658	 0.8837	 0.58602713		 0.7460	 73.96955943	 58.4970	 103.98009950	 138.92	  3.56	 0.5497	 1.2301	 0.2990	 
m60706c3r6.htb	   0.0	  0.03	 2.000	 -5.00	 -10.00	 40.00	   0.0	 14.7264	  0.00	 0.0000	  0.55	  0.46	 64.000	 1.00000000	 0.505	  0.000	  0.51	  0.00	  0.8175	 0.9361	 0.81750364		 0.6645	 16.58415140	 34.2175	 6.09106845	 34.22	 13.97	 0.3183	 0.0642	 0.9379	 
m60706c3r6.htb	   0.0	  0.03	 2.000	 -5.00	 -10.00	 40.00	   1.0	 14.7264	  0.02	 0.0000	  0.61	  0.50	 64.000	 1.00000000	 0.607	  0.000	  0.61	  0.00	  0.4617	 0.9771	 0.44895552		 0.7989	 21.25770731	 24.5602	 8.42975477	 36.81	 11.90	 0.6619	 0.0642	 0.9379	 
m60712c2r6.htb	 300.0	  0.03	 2.000	 -5.00	  5.00	 40.00	   0.0	 5.6148	  0.00	 0.0000	  0.68	  0.53	 64.000	 1.00000000	 0.730	  0.000	  0.73	  0.00	  0.3944	 0.9829	 0.39440429		 0.8210	 15.85701318	 37.9401	 0.46261890	 37.94	  4.71	 0.4223	 0.0001	 0.9999	 
m60712c2r6.htb	 300.0	  0.03	 2.000	 -5.00	  5.00	 40.00	   1.0	 5.6148	  0.00	 0.0000	  0.62	  0.60	 64.000	 1.00000000	 0.626	  0.000	  0.63	  0.00	  1.0683	 0.8993	 1.06831536		 0.5862	 15.15111113	 26.3153	 1.12503726	 27.26	  5.90	 0.5519	 0.0001	 0.9999	 
m60713c1r6.htb	   0.0	  0.03	 2.000	  8.00	  0.00	 40.00	   0.0	 0.8955	  0.00	 0.0000	  0.53	  0.60	 64.000	 1.00000000	 0.443	  0.000	  0.44	  0.00	  0.1080	 0.9986	 0.10795545		 0.9475	 7.84151786	 85.9211	 3.49133704	 87.69	  0.08	 0.0559	 0.0009	 0.9991	 
m60713c1r6.htb	   0.0	  0.03	 2.000	  8.00	  0.00	 40.00	   1.0	 0.8955	  0.00	 0.0000	  0.56	  0.57	 64.000	 1.00000000	 0.447	  0.000	  0.45	  0.00	  0.3166	 0.9887	 0.31631745		 0.8537	 19.32694251	 65.6907	 15.41178952	 67.38	  0.11	 0.0697	 0.0009	 0.9991	 
m60713c2r6.htb	   0.0	  0.03	 2.000	 -10.00	 10.00	 40.00	   0.0	 0.5970	  0.00	 0.0000	  0.65	  0.49	 64.000	 1.00000000	 0.655	  0.000	  0.65	  0.00	  1.2675	 0.8669	 1.26748994		 0.5306	 6.36394043	 100.0000	 0.00000000	 127.93	  0.20	 0.0697	 0.0000	 1.0000	 
m60713c2r6.htb	   0.0	  0.03	 2.000	 -10.00	 10.00	 40.00	   1.0	 0.5970	 -12.26	 0.0000	  0.68	  0.46	 64.000	 1.00000000	 0.000	    NaN	  0.51	  0.00	 79.6704	 0.0000	 79.67044841		 0.0000	 0.00000000	 16.8429	 24.25268519	 20.11	 -0.51	 -0.3634	 0.0000	 1.0000	 
m60713c3r6.htb	   0.0	  0.03	 2.000	  0.00	  0.00	 40.00	   0.0	 2.3217	  0.00	 0.0000	  0.63	  0.61	 64.000	 1.00000000	 0.718	  0.000	  0.72	  0.00	  1.1263	 0.8901	 1.12628867		 0.5694	 13.11454743	 100.0000	 0.00000000	 103.15	  1.00	 0.1436	 0.0000	 1.0000	 
m60713c3r6.htb	   0.0	  0.03	 2.000	  0.00	  0.00	 40.00	   1.0	 2.3217	  0.00	 0.0000	  0.63	  0.68	 64.000	 1.00000000	 0.703	  0.000	  0.70	  0.00	  0.2224	 0.9943	 0.22237971		 0.8948	 15.32514743	 100.0000	 0.00000000	 104.82	  1.04	 0.1678	 0.0000	 1.0000	 
m60714c1r6.htb	   0.0	  0.03	 2.000	  5.00	  3.00	 40.00	   0.0	 1.2935	  0.00	 0.0000	  0.60	  0.53	 64.000	 1.00000000	 0.655	  0.000	  0.66	  0.00	  0.4019	 0.9823	 0.40187352		 0.8180	 9.44575358	 29.9029	 2.79669251	 29.98	  1.29	 0.2304	 3.0390	 0.0547	 
m60714c1r6.htb	   0.0	  0.03	 2.000	  5.00	  3.00	 40.00	   1.0	 1.2935	  0.29	 0.0000	  0.66	  0.45	 64.000	 1.00000000	 0.721	  0.000	  0.72	  0.00	  1.7594	 0.7799	 0.54905614		 0.7599	 37.31343284	 26.4655	 32.32582603	 32.91	  0.24	 0.4478	 3.0390	 0.0547	 
m60714c2r6.htb	   0.0	  0.03	 2.000	 -5.00	 -8.00	 40.00	   0.0	 1.1940	  0.00	 0.0000	  0.58	  0.46	 64.000	 1.00000000	 0.563	  0.000	  0.56	  0.00	  0.2925	 0.9903	 0.29244075		 0.8640	 13.35691198	 58.6862	 8.89639029	 58.84	  0.65	 0.0811	 0.0000	 1.0000	 
m60714c2r6.htb	   0.0	  0.03	 2.000	 -5.00	 -8.00	 40.00	   1.0	 1.1940	  0.00	 0.0000	  0.57	  0.45	 64.000	 1.00000000	 0.493	  0.000	  0.49	  0.00	  0.6763	 0.9542	 0.67631911		 0.7131	 3.63992516	 30.2223	 0.59811059	 30.29	  0.59	 0.1042	 0.0000	 1.0000	 
m60714c3r6.htb	   0.0	  0.03	 2.000	 -8.00	  0.00	 40.00	   0.0	 13.8060	  0.00	 0.0000	  0.69	  0.54	 64.000	 1.00000000	 0.730	  0.000	  0.73	  0.00	  0.6206	 0.9607	 0.62060279		 0.7332	 24.54040669	 20.7105	 4.12159902	 20.71	  9.76	 1.0135	 0.0000	 1.0000	 
m60714c3r6.htb	   0.0	  0.03	 2.000	 -8.00	  0.00	 40.00	   1.0	 13.8060	  0.00	 0.0000	  0.73	  0.55	 64.000	 1.00000000	 0.741	  0.000	  0.74	  0.00	  1.5934	 0.8100	 1.59344429		 0.4508	 25.80332033	 23.7445	 3.14166557	 23.75	 10.29	 0.9838	 0.0000	 1.0000	 
m60714c4r6.htb	 120.0	  0.03	 2.000	 -5.00	  8.00	 40.00	   0.0	 5.1962	  0.00	 0.0000	  0.64	  0.49	 64.000	 1.00000000	 0.705	  0.000	  0.71	  0.00	  0.2287	 0.9939	 0.22870770		 0.8919	 16.74315585	 100.0000	 0.00000000	 109.21	  4.10	 0.1834	 -0.0000	 1.0000	 
m60714c4r6.htb	 120.0	  0.03	 2.000	 -5.00	  8.00	 40.00	   1.0	 5.1962	  0.00	 0.0000	  0.68	  0.49	 64.000	 1.00000000	 0.774	  0.000	  0.77	  0.00	  0.5399	 0.9695	 0.53999327		 0.7634	 15.14691741	 64.4540	 0.00000000	 66.02	  3.73	 0.2510	 -0.0000	 1.0000	 
m60717c1r6.htb	 170.0	  0.03	 2.000	 -8.00	 -8.00	 40.00	   0.0	 1.6915	  0.00	 0.0000	  0.63	  0.57	 64.000	 1.00000000	 0.709	  0.000	  0.71	  0.00	  0.2961	 0.9901	 0.29607216		 0.8624	 9.48590398	 28.9374	 1.47346904	 29.34	  0.40	 0.2871	 0.0001	 0.9999	 
m60717c1r6.htb	 170.0	  0.03	 2.000	 -8.00	 -8.00	 40.00	   1.0	 1.6915	  0.00	 0.0000	  0.66	  0.51	 64.000	 1.00000000	 0.723	  0.000	  0.72	  0.00	  0.8122	 0.9368	 0.81221740		 0.6662	 9.54203249	 24.4054	 1.68796189	 24.65	  0.54	 0.3326	 0.0001	 0.9999	 
m60717c2r6.htb	 150.0	  0.03	 2.000	  8.00	 -10.00	 40.00	   0.0	 0.6965	  0.00	 0.0000	  0.69	  0.59	 64.000	 1.00000000	 0.762	  0.000	  0.76	  0.00	  0.1873	 0.9959	 0.18726532		 0.9106	 12.64863048	 27.8751	 0.58962702	 28.82	  0.19	 0.4479	 0.0002	 0.9998	 
m60717c2r6.htb	 150.0	  0.03	 2.000	  8.00	 -10.00	 40.00	   1.0	 0.6965	  0.00	 0.0000	  0.75	  0.50	 64.000	 1.00000000	 0.851	  0.000	  0.85	  0.00	  1.2569	 0.8687	 1.25676744		 0.5335	 14.49419022	 39.2786	 0.18697449	 42.05	  0.11	 0.3798	 0.0002	 0.9998	 
m60719c1r6.htb	   0.0	  0.03	 2.000	  5.00	 -10.00	 40.00	   0.0	 1.8408	  0.08	 0.0000	  0.59	  0.52	 64.000	 1.00000000	 0.499	  0.000	  0.50	  0.00	  0.9284	 0.9205	 0.96366776		 0.6176	 39.30348259	 12.9432	 32.97161845	 14.35	  0.68	 0.7533	 0.2194	 0.8036	 
m60719c1r6.htb	   0.0	  0.03	 2.000	  5.00	 -10.00	 40.00	   1.0	 1.8408	  0.07	 0.0000	  0.50	  0.55	 64.000	 1.00000000	 0.365	  0.000	  0.37	  0.00	  0.3469	 0.9866	 0.28243389		 0.8683	 34.57711443	 11.7271	 29.43643542	 12.88	  1.22	 0.6734	 0.2194	 0.8036	 
m60719c4r6.htb	  30.0	  0.03	 2.000	 -5.00	 10.00	 40.00	   0.0	 4.2289	  0.00	 0.0000	  0.69	  0.38	 64.000	 1.00000000	 0.726	  0.000	  0.73	  0.00	  1.2111	 0.8763	 1.21110172		 0.5458	 14.41739416	 100.0000	 1.88940087	 100.00	  2.48	 0.1372	 0.0000	 1.0000	 
m60719c4r6.htb	  30.0	  0.03	 2.000	 -5.00	 10.00	 40.00	   1.0	 4.2289	  0.00	 0.0000	  0.67	  0.46	 64.000	 1.00000000	 0.660	  0.000	  0.66	  0.00	  0.8743	 0.9282	 0.87431874		 0.6459	 13.68852223	 100.0000	 0.00000000	 101.98	  2.86	 0.1499	 0.0000	 1.0000	 
m60719c4r6.htb	  30.0	  0.03	 2.000	 -5.00	 10.00	 40.00	   0.0	 4.2289	  0.00	 0.0000	  0.69	  0.38	 64.000	 1.00000000	 0.726	  0.000	  0.73	  0.00	  1.2111	 0.8763	 1.21110265		 0.5458	 12.52805750	 100.0000	 0.00000000	 103.28	  2.48	 0.1372	 0.0000	 1.0000	 
m60719c4r6.htb	  30.0	  0.03	 2.000	 -5.00	 10.00	 40.00	   1.0	 4.2289	  0.00	 0.0000	  0.67	  0.46	 64.000	 1.00000000	 0.660	  0.000	  0.66	  0.00	  0.8743	 0.9282	 0.87431924		 0.6459	 13.68853169	 100.0000	 0.00000000	 108.36	  2.86	 0.1499	 0.0000	 1.0000	 
m60721c1r6.htb	   0.0	  0.03	 2.000	  0.00	 -5.00	 40.00	   0.0	 5.3731	  0.00	 0.0000	  0.71	  0.58	 64.000	 1.00000000	 0.868	  0.000	  0.87	  0.00	  0.7173	 0.9492	 0.71643043		 0.6989	 26.38670832	 40.6147	 1.55675345	 44.27	  4.48	 0.6409	 0.8862	 0.4172	 
m60721c1r6.htb	   0.0	  0.03	 2.000	  0.00	 -5.00	 40.00	   1.0	 5.3731	  0.10	 0.0000	  0.72	  0.56	 64.000	 1.00000000	 0.875	  0.000	  0.87	  0.00	  0.7883	 0.9400	 0.29393697		 0.8633	 101.90993072	 56.2317	 137.81094527	 136.41	  4.33	 0.8537	 0.8862	 0.4172	 
m60721c1r6.htb	   0.0	  0.03	 2.000	  0.00	 -5.00	 40.00	   0.0	 5.3731	  0.00	 0.0000	  0.71	  0.58	 64.000	 1.00000000	 0.868	  0.000	  0.87	  0.00	  0.7173	 0.9492	 0.71658084		 0.6989	 26.10863746	 40.5795	 1.27707121	 44.21	  4.48	 0.6409	 0.8861	 0.4172	 
m60721c1r6.htb	   0.0	  0.03	 2.000	  0.00	 -5.00	 40.00	   1.0	 5.3731	  0.10	 0.0000	  0.72	  0.56	 64.000	 1.00000000	 0.875	  0.000	  0.87	  0.00	  0.7883	 0.9400	 0.29392875		 0.8633	 100.97747666	 56.1252	 137.81094527	 138.21	  4.33	 0.8537	 0.8861	 0.4172	 
m60721c2r6.htb	   0.0	  0.03	 2.000	  8.00	 -5.00	 40.00	   0.0	 5.7214	  0.05	 0.0000	  0.75	  0.48	 64.000	 1.00000000	 0.906	  0.000	  0.91	  0.00	  0.7149	 0.9495	 0.52317220		 0.7698	 45.56409033	 33.0947	 24.45778860	 59.72	  4.92	 1.0148	 -0.0000	 1.0000	 
m60721c2r6.htb	   0.0	  0.03	 2.000	  8.00	 -5.00	 40.00	   1.0	 5.7214	  0.00	 0.0000	  0.77	  0.44	 64.000	 1.00000000	 0.910	  0.000	  0.91	  0.00	  1.0199	 0.9068	 1.01982422		 0.6005	 26.79730805	 23.0455	 2.25512888	 23.12	  4.36	 1.0974	 -0.0000	 1.0000	 
m60721c3r6.htb	   0.0	  0.03	 2.000	 -5.00	  0.00	 40.00	   0.0	 1.0448	  0.00	 0.0000	  0.82	  0.53	 64.000	 1.00000000	 0.935	  0.000	  0.93	  0.00	  3.4160	 0.4908	 4.14486245		 0.1259	 42.41205479	 90.3503	 0.00684747	 92.15	 -0.93	 0.5114	 0.1642	 0.8489	 
m60721c3r6.htb	   0.0	  0.03	 2.000	 -5.00	  0.00	 40.00	   1.0	 1.0448	  0.00	 0.0000	  0.82	  0.48	 64.000	 1.00000000	 0.934	  0.000	  0.93	  0.00	  6.1006	 0.1918	 5.94461862		 0.0512	 114.38467712	 98.8455	 131.34328358	 198.85	 -0.10	 0.5342	 0.1642	 0.8489	 
m60724c1r6.htb	   0.0	  0.03	 2.000	  0.00	  0.00	 40.00	   0.0	 3.7313	  0.00	 0.0000	  0.59	  0.51	 64.000	 1.00000000	 0.600	  0.000	  0.60	  0.00	  1.0790	 0.8976	 1.07901966		 0.5830	 8.95281159	 35.6255	 0.60237154	 36.04	  3.83	 0.2437	 0.0000	 1.0000	 
m60724c1r6.htb	   0.0	  0.03	 2.000	  0.00	  0.00	 40.00	   1.0	 3.7313	  0.00	 0.0000	  0.64	  0.59	 64.000	 1.00000000	 0.722	  0.000	  0.72	  0.00	  0.4024	 0.9823	 0.40244615		 0.8177	 10.63784652	 28.7900	 0.00000000	 28.81	  2.20	 0.3822	 0.0000	 1.0000	 
m60724c2r6.htb	 150.0	  0.03	 2.000	 -5.00	  5.00	 40.00	   0.0	 1.5920	  0.00	 0.0000	  0.71	  0.50	 64.000	 1.00000000	 0.724	  0.000	  0.72	  0.00	  1.7808	 0.7760	 1.78081684		 0.4105	 11.58297187	 25.9183	 2.68207163	 25.92	  0.27	 0.3546	 2.9371	 0.0601	 
m60724c2r6.htb	 150.0	  0.03	 2.000	 -5.00	  5.00	 40.00	   1.0	 1.5920	  0.23	 0.0000	  0.70	  0.49	 64.000	 1.00000000	 0.693	  0.000	  0.69	  0.00	  1.6629	 0.7974	 0.77400769		 0.6791	 44.54878136	 51.9880	 62.68656716	 125.78	  1.06	 0.3815	 2.9371	 0.0601	 
m60724c3r6.htb	 150.0	  0.03	 2.000	  0.00	  0.00	 40.00	   0.0	 2.3881	  0.00	 0.0000	  0.65	  0.53	 64.000	 1.00000000	 0.666	  0.000	  0.67	  0.00	  1.3524	 0.8524	 1.35235587		 0.5086	 11.66658281	 22.6863	 0.42847522	 23.97	  1.99	 0.5112	 0.0005	 0.9995	 
m60724c3r6.htb	 150.0	  0.03	 2.000	  0.00	  0.00	 40.00	   1.0	 2.3881	  0.00	 0.0000	  0.71	  0.42	 64.000	 1.00000000	 0.786	  0.000	  0.79	  0.00	  0.4301	 0.9799	 0.43006886		 0.8065	 12.49521729	 19.5752	 0.62009609	 21.06	  1.48	 0.6252	 0.0005	 0.9995	 
m60724c4r6.htb	 150.0	  0.03	 2.000	  0.00	 -3.00	 40.00	   0.0	 2.4876	  0.16	 0.0000	  0.72	  0.47	 64.000	 1.00000000	 0.833	  0.000	  0.83	  0.00	  0.6796	 0.9538	 0.28394116		 0.8676	 71.11610242	 46.6564	 66.72838621	 64.49	  1.29	 0.5185	 0.5265	 0.5960	 
m60724c4r6.htb	 150.0	  0.03	 2.000	  0.00	 -3.00	 40.00	   1.0	 2.4876	  0.14	 0.0000	  0.72	  0.49	 64.000	 1.00000000	 0.827	  0.000	  0.83	  0.00	  1.1345	 0.8888	 0.80326169		 0.6692	 73.34150718	 38.8618	 63.40959838	 47.76	  0.98	 0.5897	 0.5265	 0.5960	 
m60724c5r6.htb	 150.0	  0.03	 2.000	 -5.00	 -10.00	 40.00	   0.0	 19.4527	  0.00	 0.0000	  0.53	  0.69	 64.000	 1.00000000	 0.444	  0.000	  0.44	  0.00	  0.0793	 0.9992	 0.07932691		 0.9611	 23.19569813	 20.6963	 8.85183231	 20.70	 16.23	 0.7125	 0.3808	 0.6849	 
m60724c5r6.htb	 150.0	  0.03	 2.000	 -5.00	 -10.00	 40.00	   1.0	 19.4527	  0.09	 0.0000	  0.52	  0.79	 64.000	 1.00000000	 0.492	  0.000	  0.49	  0.00	  0.5074	 0.9728	 0.27943607		 0.8696	 113.89890050	 25.7831	 97.76054878	 29.32	 15.37	 1.1319	 0.3808	 0.6849	 
m60724c6r6.htb	 150.0	  0.03	 2.000	 -5.00	 -10.00	 40.00	   0.0	 8.2919	  0.00	 0.1624	  0.61	  0.49	 64.000	 1.00000000	 0.326	  0.017	  0.33	  0.02	  4.6908	 0.1959	 4.39472525		    NaN	 10.08463183	 8.7209	 4.23103437	 10.18	  6.44	 0.7372	 0.0000	 1.0000	 
m60724c6r6.htb	 150.0	  0.03	 2.000	 -5.00	 -10.00	 40.00	   1.0	 8.2919	  0.00	 0.0173	  0.66	  0.34	 64.000	 1.00000000	 0.333	  0.012	  0.33	  0.01	 15.4546	 0.0038	 15.45630381		 0.0004	 11.72248264	 14.7710	 6.73137448	 14.78	  9.06	 0.3444	 0.0000	 1.0000	 
m60725c1r6.htb	   0.0	  0.03	 2.000	 -10.00	 -8.00	 40.00	   0.0	 3.2836	  0.00	 0.0000	  0.58	  0.71	 64.000	 1.00000000	 0.552	  0.000	  0.55	  0.00	  0.5296	 0.9706	 0.52958303		 0.7674	 12.09756212	 27.9940	 3.56853227	 28.00	  1.36	 0.3150	 0.0001	 0.9999	 
m60725c1r6.htb	   0.0	  0.03	 2.000	 -10.00	 -8.00	 40.00	   1.0	 3.2836	  0.00	 0.0000	  0.60	  0.75	 64.000	 1.00000000	 0.544	  0.000	  0.54	  0.00	  1.4671	 0.8324	 1.46706056		 0.4802	 16.95705060	 36.6438	 6.74742938	 36.82	  1.60	 0.2906	 0.0001	 0.9999	 
m60725c2r6.htb	   0.0	  0.03	 2.000	  8.00	  0.00	 40.00	   0.0	 5.7711	  0.18	 0.0000	  0.53	  1.01	 64.000	 1.00000000	 0.416	  0.000	  0.42	  0.00	  0.1675	 0.9967	 0.05612237		 0.9723	 30.52980401	 25.5696	 19.94683915	 45.78	  2.75	 0.7937	 -0.0000	 1.0000	 
m60725c2r6.htb	   0.0	  0.03	 2.000	  8.00	  0.00	 40.00	   1.0	 5.7711	  0.00	 0.0000	  0.55	  0.90	 64.000	 1.00000000	 0.442	  0.000	  0.44	  0.00	  0.2520	 0.9927	 0.25195356		 0.8816	 14.62836023	 14.4358	 1.36995652	 14.44	  3.83	 0.9351	 -0.0000	 1.0000	 
m60726c1r6.htb	   0.0	  0.03	 2.000	  5.00	 -10.00	 40.00	   0.0	 2.5871	  0.11	 0.0000	  0.69	  0.73	 64.000	 1.00000000	 0.803	  0.000	  0.80	  0.00	  2.3027	 0.6803	 1.84339962		 0.3978	 97.76119403	 28.0123	 80.38721013	 32.13	 -0.16	 1.0326	 0.1270	 0.8810	 
m60726c1r6.htb	   0.0	  0.03	 2.000	  5.00	 -10.00	 40.00	   1.0	 2.5871	  0.05	 0.0000	  0.69	  0.84	 64.000	 1.00000000	 0.845	  0.000	  0.84	  0.00	  0.3770	 0.9843	 0.29853180		 0.8613	 97.57813964	 22.2839	 76.22401687	 24.82	 -0.91	 1.3566	 0.1270	 0.8810	 
m60726c2r6.htb	   0.0	  0.03	 2.000	  5.00	 -5.00	 40.00	   0.0	 2.8856	  0.19	 0.0000	  0.65	  1.10	 64.000	 1.00000000	 0.730	  0.000	  0.73	  0.00	  6.5715	 0.1603	 4.80911146		 0.0903	 132.33830846	 21.4984	 110.48198881	 25.51	 -0.44	 1.8987	 2.4284	 0.0961	 
m60726c2r6.htb	   0.0	  0.03	 2.000	  5.00	 -5.00	 40.00	   1.0	 2.8856	  0.26	 0.0000	  0.72	  0.80	 64.000	 1.00000000	 0.844	  0.000	  0.84	  0.00	  7.0104	 0.1353	 0.88348324		 0.6429	 152.98507463	 17.2382	 129.44645095	 21.14	 -0.58	 2.8469	 2.4284	 0.0961	 
m60726c3r6.htb	   0.0	  0.03	 2.000	  0.00	 -5.00	 40.00	   0.0	 1.8408	  0.22	 0.0000	  0.64	  0.73	 64.000	 1.00000000	 0.758	  0.000	  0.76	  0.00	  0.9438	 0.9182	 0.34453540		 0.8418	 90.54726368	 25.6573	 77.04983080	 30.90	  0.89	 1.0826	 0.3416	 0.7119	 
m60726c3r6.htb	   0.0	  0.03	 2.000	  0.00	 -5.00	 40.00	   1.0	 1.8408	  0.10	 0.0000	  0.67	  0.77	 64.000	 1.00000000	 0.783	  0.000	  0.78	  0.00	  0.3483	 0.9865	 0.19048606		 0.9092	 91.04477612	 19.8171	 73.30048741	 22.59	 -0.57	 1.3992	 0.3416	 0.7119	 
m60726c4r6.htb	   0.0	  0.03	 2.000	  3.00	 -5.00	 40.00	   0.0	 5.1617	  0.11	 0.0000	  0.61	  0.72	 64.000	 1.00000000	 0.616	  0.000	  0.62	  0.00	  2.3538	 0.6710	 2.16072989		 0.3395	 79.69813243	 52.1995	 78.02463952	 72.32	  3.81	 0.4753	 0.1791	 0.8366	 
m60726c4r6.htb	   0.0	  0.03	 2.000	  3.00	 -5.00	 40.00	   1.0	 5.1617	  0.10	 0.0000	  0.59	  0.78	 64.000	 1.00000000	 0.532	  0.000	  0.53	  0.00	  1.0976	 0.8946	 0.82062742		 0.6634	 22.68237491	 24.5834	 12.43375809	 41.19	  3.29	 0.6481	 0.1791	 0.8366	 
m60726c5r6.htb	   0.0	  0.03	 2.000	 -5.00	  0.00	 40.00	   0.0	 0.5970	  0.05	 0.0000	  0.65	  0.66	 64.000	 1.00000000	 0.755	  0.000	  0.75	  0.00	  1.3976	 0.8446	 1.13567221		 0.5668	 34.46445136	 59.7531	 43.78109453	 140.39	 -0.20	 0.2820	 0.0207	 0.9795	 
m60726c5r6.htb	   0.0	  0.03	 2.000	 -5.00	  0.00	 40.00	   1.0	 0.5970	  0.00	 0.0000	  0.77	  0.43	 64.000	 1.00000000	 0.806	  0.000	  0.80	  0.00	  3.1144	 0.5389	 3.12093387		 0.2100	 13.47668231	 25.7748	 4.16451490	 32.87	 -0.88	 0.4105	 0.0207	 0.9795	 
m60726c6r6.htb	   0.0	  0.03	 2.000	  0.00	  0.00	 40.00	   0.0	 0.1493	  0.00	 0.0000	  0.77	  0.43	 64.000	 1.00000000	 0.828	  0.000	  0.83	  0.00	  1.7007	 0.6368	 1.69938091		    NaN	 13.83912483	 51.2469	 3.65615997	 53.68	 -0.82	 0.2127	 0.0005	 0.9995	 
m60726c6r6.htb	   0.0	  0.03	 2.000	  0.00	  0.00	 40.00	   1.0	 0.1493	  0.00	 0.0000	  0.78	  0.39	 64.000	 1.00000000	 0.836	  0.000	  0.84	  0.00	  3.5655	 0.4680	 3.56511461		 0.1682	 14.02948224	 44.2557	 3.64484527	 44.88	 -0.88	 0.2467	 0.0005	 0.9995	 
m60727c1r6.htb	   0.0	  0.03	 2.000	  0.00	 -5.00	 40.00	   0.0	 2.6866	  0.10	 0.0000	  0.65	  0.54	 64.000	 1.00000000	 0.729	  0.000	  0.73	  0.00	  0.5626	 0.9671	 0.43475769		 0.8046	 18.46304130	 20.5076	 9.27549101	 32.78	  0.78	 0.6412	 1.0970	 0.3400	 
m60727c1r6.htb	   0.0	  0.03	 2.000	  0.00	 -5.00	 40.00	   1.0	 2.6866	  0.17	 0.0000	  0.70	  0.52	 64.000	 1.00000000	 0.789	  0.000	  0.79	  0.00	  0.7474	 0.9454	 0.38295646		 0.8257	 23.55726868	 22.0297	 13.23812214	 40.42	  0.66	 0.7732	 1.0970	 0.3400	 
m60727c2r6.htb	   0.0	  0.03	 2.000	  0.00	  0.00	 40.00	   0.0	 0.3109	  0.00	 0.0000	  0.67	  0.33	 64.000	 1.00000000	 0.739	  0.000	  0.74	  0.00	  2.9033	 0.5741	 2.90331015		 0.2342	 5.01674302	 34.4688	 2.43068933	 34.47	 -0.15	 0.0779	 1.0150	 0.3707	 
m60727c2r6.htb	   0.0	  0.03	 2.000	  0.00	  0.00	 40.00	   1.0	 0.3109	  0.35	 0.0001	  0.57	  0.44	 64.000	 1.00000000	 0.467	  0.000	  0.47	  0.00	  0.8153	 0.9364	 0.31442999		 0.8545	 7.85958600	 48.2643	 10.30561478	 107.49	 -0.02	 0.0712	 1.0150	 0.3707	 
m60801c2r6.htb	   0.0	  0.03	 2.000	  0.00	  0.00	 40.00	   0.0	 9.8010	  0.00	 0.0000	  0.57	  0.38	 64.000	 1.00000000	 0.488	  0.000	  0.49	  0.00	  0.4796	 0.9755	 0.47936656		 0.7869	 11.27455311	 44.6512	 3.91833138	 46.92	  9.80	 0.1768	 0.0530	 0.9484	 
m60801c2r6.htb	   0.0	  0.03	 2.000	  0.00	  0.00	 40.00	   1.0	 9.8010	  0.03	 0.0000	  0.50	  0.48	 64.000	 1.00000000	 0.430	  0.000	  0.43	  0.00	  0.0483	 0.9997	 0.01431719		 0.9929	 13.09930716	 20.6396	 6.33692756	 30.84	  8.40	 0.4454	 0.0530	 0.9484	 
m60801c3r6.htb	   0.0	  0.03	 2.000	  0.00	 -10.00	 40.00	   0.0	 11.4925	  0.00	 0.0000	  0.69	  0.63	 64.000	 1.00000000	 0.693	  0.000	  0.69	  0.00	  2.1086	 0.7158	 2.10915506		 0.3483	 23.19706043	 29.9662	 2.13447462	 33.31	  8.74	 0.7350	 0.0554	 0.9461	 
m60801c3r6.htb	   0.0	  0.03	 2.000	  0.00	 -10.00	 40.00	   1.0	 11.4925	  0.03	 0.0000	  0.60	  0.99	 64.000	 1.00000000	 0.675	  0.000	  0.68	  0.00	  0.5092	 0.9726	 0.52085505		 0.7707	 40.50313038	 29.6999	 16.55922895	 50.53	  6.55	 1.0824	 0.0554	 0.9461	 
m60803c1r6.htb	   0.0	  0.03	 2.000	  8.00	 -5.00	 40.00	   0.0	 3.0846	  0.03	 0.0000	  0.61	  0.80	 64.000	 1.00000000	 0.753	  0.000	  0.75	  0.00	  0.9782	 0.9131	 0.78614008		 0.6750	 68.73277483	 67.7111	 95.27363184	 160.17	  1.71	 0.4482	 0.0000	 1.0000	 
m60803c1r6.htb	   0.0	  0.03	 2.000	  8.00	 -5.00	 40.00	   1.0	 3.0846	  0.00	 0.0000	  0.73	  0.54	 64.000	 1.00000000	 0.831	  0.000	  0.83	  0.00	  1.3433	 0.8540	 1.34336426		 0.5108	 20.66963509	 51.3268	 0.00104469	 57.14	  2.28	 0.4244	 0.0000	 1.0000	 
m60803c4r6.htb	 180.0	  0.03	 2.000	  0.00	  0.00	 40.00	   0.0	 4.8507	  0.00	 0.0000	  0.72	  0.61	 64.000	 1.00000000	 0.880	  0.000	  0.88	  0.00	  4.2430	 0.3741	 4.24269360		 0.1199	 25.69293165	 49.8713	 0.00000000	 52.72	  2.07	 0.5422	 0.0000	 1.0000	 
m60803c4r6.htb	 180.0	  0.03	 2.000	  0.00	  0.00	 40.00	   1.0	 4.8507	  0.00	 0.0000	  0.73	  0.68	 64.000	 1.00000000	 0.889	  0.000	  0.89	  0.00	  2.4961	 0.6453	 2.49595059		 0.2871	 31.05688105	 65.7086	 0.00000000	 66.57	  1.83	 0.5054	 0.0000	 1.0000	 
m60808c1r6.htb	   0.0	  0.03	 2.000	  5.00	 -10.00	 40.00	   0.0	 0.5970	  0.09	 0.0000	  0.66	  0.51	 64.000	 1.00000000	 0.628	  0.000	  0.63	  0.00	  1.4800	 0.8302	 1.14339733		 0.5646	 17.30857767	 57.6278	 25.00892728	 157.63	 -0.07	 0.1508	 -0.0000	 1.0000	 
m60808c1r6.htb	   0.0	  0.03	 2.000	  5.00	 -10.00	 40.00	   1.0	 0.5970	  0.00	 0.0000	  0.69	  0.47	 64.000	 1.00000000	 0.646	  0.000	  0.64	  0.00	  2.0444	 0.7276	 2.04435202		 0.3598	 9.80235785	 28.3701	 4.58765596	 28.37	 -0.33	 0.1901	 -0.0000	 1.0000	 
m60808c2r6.htb	   0.0	  0.03	 2.000	  0.00	  0.00	 40.00	   0.0	 10.6468	  0.00	 0.0000	  0.67	  0.35	 64.000	 1.00000000	 0.674	  0.000	  0.67	  0.00	  0.9967	 0.9103	 0.99611002		 0.6077	 12.78479078	 25.9588	 1.98410656	 27.76	  9.97	 0.4347	 3.9979	 0.0230	 
m60808c2r6.htb	   0.0	  0.03	 2.000	  0.00	  0.00	 40.00	   1.0	 10.6468	  0.20	 0.0000	  0.61	  0.36	 64.000	 1.00000000	 0.575	  0.000	  0.57	  0.00	  0.9273	 0.9206	 0.23696690		 0.8883	 56.82969747	 56.2881	 102.23880597	 155.52	 10.90	 0.3755	 3.9979	 0.0230	 
m60809c1r6.htb	   0.0	  0.03	 2.000	  0.00	 -5.00	 40.00	   0.0	 3.9303	  0.00	 0.0000	  0.66	  0.63	 64.000	 1.00000000	 0.683	  0.000	  0.68	  0.00	  1.7263	 0.7859	 1.72635411		 0.4218	 16.60676277	 28.1287	 2.70609206	 28.28	  3.38	 0.5115	 0.0001	 0.9999	 
m60809c1r6.htb	   0.0	  0.03	 2.000	  0.00	 -5.00	 40.00	   1.0	 3.9303	  0.00	 0.0000	  0.72	  0.54	 64.000	 1.00000000	 0.771	  0.000	  0.77	  0.00	  2.0273	 0.7307	 2.02707789		 0.3629	 18.42764577	 21.3110	 2.33286035	 21.48	  2.75	 0.7778	 0.0001	 0.9999	 
m60809c2r6.htb	   0.0	  0.03	 2.000	  0.00	 -5.00	 40.00	   0.0	 2.2388	  0.00	 0.0000	  0.60	  0.39	 64.000	 1.00000000	 0.560	  0.000	  0.56	  0.00	  0.5188	 0.9716	 0.51901197		 0.7714	 4.90224154	 20.3395	 0.26897455	 21.21	  1.66	 0.2346	 0.0035	 0.9965	 
m60809c2r6.htb	   0.0	  0.03	 2.000	  0.00	 -5.00	 40.00	   1.0	 2.2388	  0.00	 0.0000	  0.67	  0.33	 64.000	 1.00000000	 0.662	  0.000	  0.66	  0.00	  0.7217	 0.9486	 0.72141899		 0.6972	 5.80530038	 14.6886	 0.86905802	 16.84	  1.22	 0.3501	 0.0035	 0.9965	 
m60809c3r6.htb	   0.0	  0.03	 2.000	  5.00	  0.00	 40.00	   0.0	 6.6098	  0.00	 0.0000	  0.70	  0.40	 64.000	 1.00000000	 0.723	  0.000	  0.72	  0.00	  5.8432	 0.2112	 5.84324639		 0.0538	 12.05720915	 31.2891	 0.00000000	 31.67	  5.02	 0.3992	 0.0001	 0.9999	 
m60809c3r6.htb	   0.0	  0.03	 2.000	  5.00	  0.00	 40.00	   1.0	 6.6098	  0.00	 0.0000	  0.69	  0.40	 64.000	 1.00000000	 0.688	  0.000	  0.69	  0.00	  2.8612	 0.5813	 2.86159170		 0.2391	 15.98120396	 23.6998	 5.39218955	 23.78	  5.54	 0.4614	 0.0001	 0.9999	 
m60809c4r6.htb	   0.0	  0.03	 2.000	 10.00	  2.00	 40.00	   0.0	 3.8308	  0.20	 0.0000	  0.64	  0.79	 64.000	 1.00000000	 0.658	  0.000	  0.66	  0.00	  0.9614	 0.9156	 0.34688035		 0.8408	 87.06467662	 21.8239	 73.28151788	 25.98	  0.54	 1.2174	 1.6004	 0.2097	 
m60809c4r6.htb	   0.0	  0.03	 2.000	 10.00	  2.00	 40.00	   1.0	 3.8308	  0.22	 0.0000	  0.67	  0.74	 64.000	 1.00000000	 0.743	  0.000	  0.74	  0.00	  1.3277	 0.8567	 0.26584737		 0.8755	 96.01990050	 21.3245	 81.32862782	 25.57	  0.17	 1.3770	 1.6004	 0.2097	 
m60810c1r6.htb	   0.0	  0.03	 2.000	 10.00	 -5.00	 40.00	   0.0	 5.5721	  0.04	 0.0000	  0.67	  0.90	 64.000	 1.00000000	 0.882	  0.000	  0.88	  0.00	  0.2631	 0.9921	 0.19407772		 0.9075	 114.92932439	 24.0124	 85.12290235	 27.17	  0.99	 1.7180	 0.0130	 0.9871	 
m60810c1r6.htb	   0.0	  0.03	 2.000	 10.00	 -5.00	 40.00	   1.0	 5.5721	  0.01	 0.0000	  0.68	  0.87	 64.000	 1.00000000	 0.846	  0.000	  0.85	  0.00	  0.5464	 0.9688	 0.57355716		 0.7507	 41.84315022	 15.7290	 11.61960571	 21.87	  2.42	 2.1831	 0.0130	 0.9871	 
m60810c2r6.htb	   0.0	  0.03	 2.000	  0.00	  5.00	 40.00	   0.0	 11.0945	  0.01	 0.0000	  0.71	  0.61	 64.000	 1.00000000	 0.805	  0.000	  0.81	  0.00	  0.1697	 0.9966	 0.15677987		 0.9246	 33.12499543	 17.4372	 6.32288667	 27.50	  4.62	 1.7173	 -0.0000	 1.0000	 
m60810c2r6.htb	   0.0	  0.03	 2.000	  0.00	  5.00	 40.00	   1.0	 11.0945	  0.00	 0.0000	  0.78	  0.54	 64.000	 1.00000000	 0.915	  0.000	  0.91	  0.00	  0.8338	 0.9339	 0.83385061		 0.6591	 32.69245226	 13.6340	 3.02195764	 13.64	  2.09	 2.2113	 -0.0000	 1.0000	 
m60810c3r6.htb	   0.0	  0.03	 2.000	  5.00	 -10.00	 40.00	   0.0	 10.8955	  0.02	 0.0000	  0.62	  0.92	 64.000	 1.00000000	 0.734	  0.000	  0.73	  0.00	  0.3909	 0.9832	 0.43286516		 0.8054	 141.37189397	 19.7248	 116.11757733	 20.90	  5.30	 1.6639	 0.0151	 0.9850	 
m60810c3r6.htb	   0.0	  0.03	 2.000	  5.00	 -10.00	 40.00	   1.0	 10.8955	  0.02	 0.0000	  0.65	  0.70	 64.000	 1.00000000	 0.772	  0.000	  0.77	  0.00	  0.6142	 0.9615	 0.52288423		 0.7699	 30.45454827	 15.9367	 6.54551859	 28.91	  7.65	 1.7307	 0.0151	 0.9850	 
m60810c4r6.htb	   0.0	  0.03	 2.000	  5.00	 -5.00	 40.00	   0.0	 4.8756	  0.00	 0.0000	  0.64	  0.37	 64.000	 1.00000000	 0.569	  0.000	  0.57	  0.00	  1.9128	 0.7518	 1.91275389		 0.3843	 7.84959034	 29.1353	 1.01986190	 29.14	  4.71	 0.2425	 0.0585	 0.9432	 
m60810c4r6.htb	   0.0	  0.03	 2.000	  5.00	 -5.00	 40.00	   1.0	 4.8756	  0.01	 0.0000	  0.64	  0.47	 64.000	 1.00000000	 0.676	  0.000	  0.68	  0.00	  0.5015	 0.9734	 0.47621601		 0.7881	 57.44630582	 16.1022	 48.37929648	 16.91	  2.70	 0.7247	 0.0585	 0.9432	 
m60810c5r6.htb	   0.0	  0.03	 2.000	 -5.00	 -10.00	 40.00	   0.0	 8.9552	  0.00	 0.0000	  0.57	  0.64	 64.000	 1.00000000	 0.587	  0.000	  0.59	  0.00	  0.1519	 0.9973	 0.15166738		 0.9270	 12.45572546	 38.8951	 0.55148948	 42.42	  6.08	 0.3200	 0.0000	 1.0000	 
m60810c5r6.htb	   0.0	  0.03	 2.000	 -5.00	 -10.00	 40.00	   1.0	 8.9552	  0.00	 0.0000	  0.58	  0.57	 64.000	 1.00000000	 0.531	  0.000	  0.53	  0.00	  0.5427	 0.9692	 0.54272427		 0.7623	 10.59562855	 42.0556	 0.00075025	 44.68	  6.70	 0.2631	 0.0000	 1.0000	 
m60811c1r6.htb	   0.0	  0.03	 2.000	  0.00	  0.00	 40.00	   0.0	 1.0945	  0.29	 0.0000	  0.75	  0.52	 64.000	 1.00000000	 0.870	  0.000	  0.87	  0.00	  2.2235	 0.6947	 0.70093600		 0.7044	 39.93879365	 34.9864	 50.77169485	 128.80	 -0.17	 0.7891	 3.8554	 0.0262	 
m60811c1r6.htb	   0.0	  0.03	 2.000	  0.00	  0.00	 40.00	   1.0	 1.0945	  0.25	 0.0000	  0.78	  0.46	 64.000	 1.00000000	 0.905	  0.000	  0.90	  0.00	  4.1799	 0.3822	 1.66395967		 0.4352	 33.01444925	 23.3721	 20.32790862	 55.52	 -0.51	 1.0932	 3.8554	 0.0262	 
m60811c2r6.htb	   0.0	  0.03	 2.000	 -5.00	 -8.00	 40.00	   0.0	 3.7811	  0.00	 0.0000	  0.73	  0.37	 64.000	 1.00000000	 0.820	  0.000	  0.82	  0.00	  0.7547	 0.9444	 0.75433527		 0.6858	 11.10107648	 15.3482	 0.65536094	 17.51	  1.61	 0.6996	 0.9960	 0.3749	 
m60811c2r6.htb	   0.0	  0.03	 2.000	 -5.00	 -8.00	 40.00	   1.0	 3.7811	  0.13	 0.0000	  0.73	  0.35	 64.000	 1.00000000	 0.837	  0.000	  0.84	  0.00	  0.4735	 0.9760	 0.07461261		 0.9634	 17.17797754	 17.1320	 8.18293681	 32.39	  1.65	 0.7761	 0.9960	 0.3749	 
m60811c3r6.htb	   0.0	  0.03	 2.000	  0.00	  5.00	 40.00	   0.0	 1.8408	  0.00	 0.0000	  0.71	  0.42	 64.000	 1.00000000	 0.777	  0.000	  0.78	  0.00	  0.7206	 0.9488	 0.72063924		 0.6975	 15.13753087	 44.6417	 5.01388438	 44.86	  1.05	 0.2380	 0.0000	 1.0000	 
m60811c3r6.htb	   0.0	  0.03	 2.000	  0.00	  5.00	 40.00	   1.0	 1.8408	  0.00	 0.0000	  0.70	  0.45	 64.000	 1.00000000	 0.844	  0.000	  0.84	  0.00	  0.5044	 0.9731	 0.50432531		 0.7771	 12.94872423	 31.2021	 3.61745639	 31.34	  0.77	 0.3103	 0.0000	 1.0000	 
m60811c4r6.htb	   0.0	  0.03	 2.000	  0.00	  0.00	 40.00	   0.0	 2.1006	  0.33	 0.0000	  0.76	  0.64	 64.000	 1.00000000	 0.893	  0.000	  0.89	  0.00	  6.1101	 0.1911	 1.92500094		 0.3819	 153.95245992	 25.9449	 132.76943624	 32.99	 -0.71	 1.9997	 5.7615	 0.0053	 
m60811c4r6.htb	   0.0	  0.03	 2.000	  0.00	  0.00	 40.00	   1.0	 2.1006	  0.26	 0.0000	  0.81	  0.48	 64.000	 1.00000000	 0.935	  0.000	  0.93	  0.00	  5.7963	 0.2149	 1.05017163		 0.5915	 134.69025052	 22.9207	 109.99295761	 29.36	 -0.70	 2.2237	 5.7615	 0.0053	 
m60811c5r6.htb	   0.0	  0.03	 2.000	 10.00	  5.00	 40.00	   0.0	 0.3317	  0.00	 0.0000	  0.59	  0.46	 64.000	 1.00000000	 0.543	  0.000	  0.54	  0.00	  1.5594	 0.8161	 1.55950208		 0.4585	 2.82841288	 32.7687	 0.66359117	 32.92	 -0.02	 0.0686	 0.0002	 0.9998	 
m60811c5r6.htb	   0.0	  0.03	 2.000	 10.00	  5.00	 40.00	   1.0	 0.3317	  0.00	 0.0000	  0.63	  0.42	 64.000	 1.00000000	 0.640	  0.000	  0.64	  0.00	  0.6420	 0.9583	 0.64195133		 0.7254	 3.37278387	 37.0466	 0.14534977	 39.15	 -0.06	 0.0908	 0.0002	 0.9998	 
m60815c1r6.htb	 150.0	  0.03	 2.000	  8.00	 -10.00	 40.00	   0.0	 2.8856	  0.00	 0.0000	  0.62	  0.72	 64.000	 1.00000000	 0.614	  0.000	  0.61	  0.00	  1.2826	 0.8643	 1.28256295		 0.5266	 17.82887362	 64.5129	 2.39160264	 65.35	  1.81	 0.2561	 0.0000	 1.0000	 
m60815c1r6.htb	 150.0	  0.03	 2.000	  8.00	 -10.00	 40.00	   1.0	 2.8856	  0.00	 0.0000	  0.66	  0.70	 64.000	 1.00000000	 0.694	  0.000	  0.69	  0.00	  0.6424	 0.9582	 0.64242421		 0.7253	 18.95130079	 55.6449	 0.91492130	 56.70	  1.93	 0.3435	 0.0000	 1.0000	 
m60815c2r6.htb	   0.0	  0.03	 2.000	 10.00	 -10.00	 40.00	   0.0	 13.8806	  0.00	 0.0000	  0.66	  0.43	 64.000	 1.00000000	 0.736	  0.000	  0.74	  0.00	  0.6888	 0.9527	 0.68878710		 0.7086	 19.13869815	 61.1409	 0.68088524	 61.52	 12.75	 0.3215	 0.0000	 1.0000	 
m60815c2r6.htb	   0.0	  0.03	 2.000	 10.00	 -10.00	 40.00	   1.0	 13.8806	  0.00	 0.0000	  0.63	  0.45	 64.000	 1.00000000	 0.677	  0.000	  0.68	  0.00	  1.0307	 0.9051	 1.03075297		 0.5973	 20.20962501	 36.5813	 5.59972504	 36.58	 12.72	 0.4152	 0.0000	 1.0000	 
m60815c4r6.htb	 180.0	  0.03	 2.000	 -5.00	  5.00	 40.00	   0.0	 8.0708	  0.00	 0.0000	  0.56	  1.05	 64.000	 1.00000000	 0.491	  0.000	  0.49	  0.00	  0.5178	 0.9717	 0.51777929		 0.7719	 21.96406059	 47.2938	 0.38307824	 47.29	  5.18	 0.4790	 0.0001	 0.9999	 
m60815c4r6.htb	 180.0	  0.03	 2.000	 -5.00	  5.00	 40.00	   1.0	 8.0708	  0.00	 0.0000	  0.65	  0.85	 64.000	 1.00000000	 0.658	  0.000	  0.66	  0.00	  0.2663	 0.9919	 0.26628230		 0.8753	 25.70997408	 34.1291	 2.16739053	 36.93	  5.52	 0.7209	 0.0001	 0.9999	 
m60821c1r6.htb	   0.0	  0.03	 2.000	  0.00	 -10.00	 40.00	   0.0	 3.1983	  0.00	 0.0000	  0.78	  0.45	 64.000	 1.00000000	 0.909	  0.000	  0.91	  0.00	  1.0551	 0.9013	 1.05513890		 0.5900	 37.12614580	 100.0000	 0.00000000	 100.03	  3.66	 0.4066	 -0.0000	 1.0000	 
m60821c1r6.htb	   0.0	  0.03	 2.000	  0.00	 -10.00	 40.00	   1.0	 3.1983	  0.00	 0.0000	  0.71	  0.73	 64.000	 1.00000000	 0.838	  0.000	  0.84	  0.00	  1.2490	 0.8700	 1.24897827		 0.5355	 21.50287309	 33.4775	 0.00000000	 36.15	  0.92	 0.6663	 -0.0000	 1.0000	 
m60821c2r6.htb	  90.0	  0.03	 2.000	 -5.00	 -10.00	 40.00	   0.0	 1.5423	  0.00	 0.0000	  0.76	  0.49	 64.000	 1.00000000	 0.812	  0.000	  0.81	  0.00	  2.1123	 0.7151	 2.11214865		 0.3478	 14.78469668	 61.8227	 0.79231859	 61.88	  0.50	 0.2412	 -0.0000	 1.0000	 
m60821c2r6.htb	  90.0	  0.03	 2.000	 -5.00	 -10.00	 40.00	   1.0	 1.5423	  0.00	 0.0000	  0.72	  0.48	 64.000	 1.00000000	 0.833	  0.000	  0.83	  0.00	  0.8316	 0.9342	 0.83157416		 0.6598	 11.97237510	 50.4306	 0.00000000	 50.52	  1.02	 0.2500	 -0.0000	 1.0000	 
m60821c3r6.htb	 110.0	  0.03	 2.000	 -10.00	  0.00	 40.00	   0.0	 3.6958	  0.00	 0.0000	  0.74	  0.55	 64.000	 1.00000000	 0.773	  0.000	  0.77	  0.00	  3.1304	 0.5362	 3.13042993		 0.2090	 21.84332264	 48.9319	 0.00002104	 50.52	  1.96	 0.4693	 0.0000	 1.0000	 
m60821c3r6.htb	 110.0	  0.03	 2.000	 -10.00	  0.00	 40.00	   1.0	 3.6958	  0.00	 0.0000	  0.74	  0.52	 64.000	 1.00000000	 0.858	  0.000	  0.86	  0.00	  2.8168	 0.5889	 2.81670667		 0.2445	 22.75645520	 52.2455	 0.00000000	 52.25	  1.86	 0.4595	 0.0000	 1.0000	 
m60822c3r6.htb	   0.0	  0.03	 2.000	 -8.00	 -10.00	 40.00	   0.0	 1.0945	  0.00	 0.0000	  0.62	  0.48	 64.000	 1.00000000	 0.667	  0.000	  0.67	  0.00	  1.6607	 0.7978	 1.66089535		 0.4359	 8.87934704	 33.1445	 3.67231693	 33.19	  0.53	 0.1631	 0.0000	 1.0000	 
m60822c3r6.htb	   0.0	  0.03	 2.000	 -8.00	 -10.00	 40.00	   1.0	 1.0945	  0.00	 0.0000	  0.65	  0.41	 64.000	 1.00000000	 0.643	  0.000	  0.64	  0.00	  1.2668	 0.8670	 1.26680232		 0.5308	 5.04744392	 28.5435	 0.68734728	 28.61	  0.76	 0.1580	 0.0000	 1.0000	 
m60822c4r6.htb	 240.0	  0.03	 2.000	 -8.00	  0.00	 40.00	   0.0	 1.8408	  0.00	 0.0000	  0.79	  0.43	 64.000	 1.00000000	 0.879	  0.000	  0.88	  0.00	  3.9227	 0.4166	 3.92254091		 0.1407	 19.40519568	 31.8129	 1.11196153	 33.50	  0.31	 0.5977	 4.1648	 0.0199	 
m60822c4r6.htb	 240.0	  0.03	 2.000	 -8.00	  0.00	 40.00	   1.0	 1.8408	  0.20	 0.0000	  0.78	  0.48	 64.000	 1.00000000	 0.920	  0.000	  0.92	  0.00	  6.0266	 0.1972	 2.46347617		 0.2918	 79.58267458	 50.7908	 104.97512438	 122.50	  0.11	 0.7548	 4.1648	 0.0199	 
m60823c1r6.htb	   0.0	  0.03	 2.000	 10.00	  5.00	 40.00	   0.0	 8.6070	  0.08	 0.0000	  0.74	  0.47	 64.000	 1.00000000	 0.827	  0.000	  0.83	  0.00	  1.2571	 0.8686	 1.05292313		 0.5907	 33.64198456	 27.4732	 16.00941803	 61.16	  7.13	 1.0067	 0.0823	 0.9211	 
m60823c1r6.htb	   0.0	  0.03	 2.000	 10.00	  5.00	 40.00	   1.0	 8.6070	  0.02	 0.0000	  0.71	  0.51	 64.000	 1.00000000	 0.829	  0.000	  0.83	  0.00	  0.1624	 0.9969	 0.10755811		 0.9476	 30.82761117	 26.0456	 9.51019620	 46.35	  8.97	 1.0184	 0.0823	 0.9211	 
m60823c2r6.htb	  70.0	  0.03	 2.000	  0.00	  0.00	 40.00	   0.0	 7.7612	  0.00	 0.0000	  0.70	  0.44	 64.000	 1.00000000	 0.745	  0.000	  0.75	  0.00	  0.4505	 0.9781	 0.45054229		 0.7983	 12.97098503	 52.6857	 0.00000000	 55.73	  5.02	 0.2599	 -0.0000	 1.0000	 
m60823c2r6.htb	  70.0	  0.03	 2.000	  0.00	  0.00	 40.00	   1.0	 7.7612	  0.00	 0.0000	  0.62	  0.59	 64.000	 1.00000000	 0.639	  0.000	  0.64	  0.00	  0.9823	 0.9125	 0.98236193		 0.6119	 12.95062769	 59.6198	 0.00000000	 61.45	  5.70	 0.2309	 -0.0000	 1.0000	 
m60823c3r6.htb	  70.0	  0.03	 2.000	 -5.00	  0.00	 40.00	   0.0	 8.8557	  0.23	 0.0002	  0.45	  1.09	 64.000	 1.00000000	 0.308	  0.000	  0.31	  0.00	  0.8393	 0.9331	 0.41217292		 0.8138	 66.87672283	 53.4725	 100.00000000	 127.79	  6.61	 0.4985	 0.7012	 0.4997	 
m60823c3r6.htb	  70.0	  0.03	 2.000	 -5.00	  0.00	 40.00	   1.0	 8.8557	  0.25	 0.0004	  0.48	  1.18	 64.000	 1.00000000	 0.291	  0.000	  0.29	  0.00	  0.6101	 0.9619	 0.20779847		 0.9013	 73.78133136	 52.1054	 111.19402985	 127.30	  6.78	 0.5775	 0.7012	 0.4997	 
m60823c4r6.htb	   0.0	  0.03	 2.000	 -10.00	  0.00	 40.00	   0.0	 10.3925	  0.00	 0.0000	  0.58	  0.44	 64.000	 1.00000000	 0.507	  0.000	  0.51	  0.00	  0.7115	 0.9499	 0.71149674		 0.7006	 9.82550891	 44.3990	 0.11502030	 44.40	 10.56	 0.2289	 0.0000	 1.0000	 
m60823c4r6.htb	   0.0	  0.03	 2.000	 -10.00	  0.00	 40.00	   1.0	 10.3925	  0.00	 0.0000	  0.59	  0.43	 64.000	 1.00000000	 0.564	  0.000	  0.56	  0.00	  0.5774	 0.9655	 0.57742614		 0.7492	 11.83994888	 29.7779	 2.54033507	 29.78	  9.83	 0.3232	 0.0000	 1.0000	 
m60824c1r6.htb	   0.0	  0.03	 2.000	 -5.00	  5.00	 40.00	   0.0	 4.6269	  0.00	 0.0000	  0.76	  0.53	 64.000	 1.00000000	 0.816	  0.000	  0.82	  0.00	 10.6293	 0.0311	 10.62938954		 0.0049	 23.19168058	 25.1824	 5.24676769	 25.28	  1.46	 0.7362	 2.6706	 0.0768	 
m60824c1r6.htb	   0.0	  0.03	 2.000	 -5.00	  5.00	 40.00	   1.0	 4.6269	  0.16	 0.0000	  0.74	  0.54	 64.000	 1.00000000	 0.882	  0.000	  0.88	  0.00	  5.1018	 0.2770	 2.15560109		 0.3403	 87.34367544	 52.8187	 115.92039801	 126.45	  1.42	 0.7838	 2.6706	 0.0768	 
m60824c2r6.htb	   0.0	  0.03	 2.000	 -5.00	 -5.00	 40.00	   0.0	 8.3582	  0.00	 0.0000	  0.68	  0.46	 64.000	 1.00000000	 0.751	  0.000	  0.75	  0.00	  1.8110	 0.7705	 1.81035497		 0.4045	 18.98699703	 37.6570	 1.97670925	 39.66	  7.72	 0.4727	 2.2269	 0.1160	 
m60824c2r6.htb	   0.0	  0.03	 2.000	 -5.00	 -5.00	 40.00	   1.0	 8.3582	  0.09	 0.0000	  0.74	  0.39	 64.000	 1.00000000	 0.870	  0.000	  0.87	  0.00	  3.5928	 0.4639	 1.86577248		 0.3934	 89.65233122	 60.9457	 127.61194030	 143.92	  7.07	 0.6228	 2.2269	 0.1160	 
m60824c3r6.htb	   0.0	  0.03	 2.000	 -5.00	  0.00	 40.00	   0.0	 4.7264	  0.00	 0.0000	  0.57	  0.50	 64.000	 1.00000000	 0.520	  0.000	  0.52	  0.00	  0.5219	 0.9713	 0.52191563		 0.7703	 8.02292376	 40.5406	 0.33251300	 41.62	  4.81	 0.1981	 0.0000	 1.0000	 
m60824c3r6.htb	   0.0	  0.03	 2.000	 -5.00	  0.00	 40.00	   1.0	 4.7264	  0.00	 0.0000	  0.68	  0.40	 64.000	 1.00000000	 0.744	  0.000	  0.74	  0.00	  0.9369	 0.9192	 0.93701959		 0.6259	 11.46852713	 29.6368	 1.52741323	 29.75	  3.80	 0.3473	 0.0000	 1.0000	 
m60830c1r6.htb	 180.0	  0.03	 2.000	 -8.00	 -10.00	 40.00	   0.0	 18.1592	  0.00	 0.0000	  0.57	  0.42	 64.000	 1.00000000	 0.509	  0.000	  0.51	  0.00	  0.8667	 0.9293	 0.86673617		 0.6483	 15.89507883	 45.2732	 4.99147305	 45.63	 15.28	 0.2532	 0.0000	 1.0000	 
m60830c1r6.htb	 180.0	  0.03	 2.000	 -8.00	 -10.00	 40.00	   1.0	 18.1592	  0.00	 0.0000	  0.64	  0.37	 64.000	 1.00000000	 0.646	  0.000	  0.65	  0.00	  0.1551	 0.9971	 0.15514727		 0.9254	 16.53439205	 30.4283	 4.78908272	 30.43	 15.53	 0.3997	 0.0000	 1.0000	 
m60830c2r6.htb	  90.0	  0.03	 2.000	  0.00	 -10.00	 40.00	   0.0	 14.0299	  0.00	 0.0000	  0.54	  0.35	 64.000	 1.00000000	 0.373	  0.000	  0.37	  0.00	  1.1703	 0.8830	 1.17030990		 0.5570	 7.50503378	 38.5447	 1.51705090	 38.68	 12.36	 0.1619	 0.0000	 1.0000	 
m60830c2r6.htb	  90.0	  0.03	 2.000	  0.00	 -10.00	 40.00	   1.0	 14.0299	  0.00	 0.0000	  0.50	  0.36	 64.000	 1.00000000	 0.374	  0.000	  0.37	  0.00	  0.6525	 0.9571	 0.65251258		 0.7216	 9.10561482	 29.8545	 3.42075944	 29.86	 12.46	 0.1971	 0.0000	 1.0000	 
m60831c1r6.htb	  90.0	  0.03	 2.000	 10.00	  0.00	 40.00	   0.0	 2.8358	  0.00	 0.0000	  0.68	  0.84	 64.000	 1.00000000	 0.795	  0.000	  0.79	  0.00	  2.6903	 0.6109	 2.68912989		 0.2607	 22.19302384	 37.6541	 0.32811738	 42.64	  1.86	 0.6052	 -0.0000	 1.0000	 
m60831c1r6.htb	  90.0	  0.03	 2.000	 10.00	  0.00	 40.00	   1.0	 2.8358	  0.00	 0.0000	  0.74	  0.75	 64.000	 1.00000000	 0.917	  0.000	  0.92	  0.00	  0.4626	 0.9770	 0.46261880		 0.7935	 33.71446612	 44.5279	 0.00000000	 48.32	  2.12	 0.7926	 -0.0000	 1.0000	 
m60831c4r6.htb	  50.0	  0.03	 8.000	  5.00	  0.00	 60.00	   0.0	 2.9851	  0.00	 0.0135	  0.57	  0.71	 64.000	 1.00000000	 0.398	  0.000	  0.40	  0.00	  0.1375	 0.9977	 0.13746216		 0.9336	 16.60029804	 100.0000	 1.02562084	 100.00	  2.18	 0.1706	 -0.0000	 1.0000	 
m60831c4r6.htb	  50.0	  0.03	 8.000	  5.00	  0.00	 60.00	   1.0	 2.9851	  0.00	 0.0028	  0.58	  0.72	 64.000	 1.00000000	 0.468	  0.000	  0.47	  0.00	  0.6631	 0.9558	 0.66309592		 0.7178	 14.10702727	 100.0000	 0.00000000	 109.87	  2.57	 0.1545	 -0.0000	 1.0000	 
m60901c4r6.htb	 180.0	  0.03	 2.000	 -5.00	 -5.00	 40.00	   0.0	 0.8706	  0.00	 0.0001	  0.69	  0.77	 64.000	 1.00000000	 0.746	  0.000	  0.75	  0.00	 10.1431	 0.0381	 10.15596618		 0.0062	 19.66054355	 13.4843	 3.48115960	 15.28	 -0.56	 1.2498	 -0.0000	 1.0000	 
m60901c4r6.htb	 180.0	  0.03	 2.000	 -5.00	 -5.00	 40.00	   1.0	 0.8706	  0.00	 0.0019	  0.57	  0.63	 64.000	 1.00000000	 0.658	  0.000	  0.66	  0.00	  1.4801	 0.8302	 1.48152541		 0.4768	 11.17953633	 15.4472	 0.33626470	 17.71	  4.00	 0.7191	 -0.0000	 1.0000	 
m60907c1r6.htb	 180.0	  0.03	 2.000	 10.00	  8.00	 40.00	   0.0	 2.1891	  0.44	 0.0000	  0.68	  0.68	 64.000	 1.00000000	 0.664	  0.000	  0.66	  0.00	  2.9618	 0.5642	 1.10565618		 0.5753	 55.09277583	 44.6195	 77.11442786	 110.25	  0.66	 0.5685	 5.0397	 0.0092	 
m60907c1r6.htb	 180.0	  0.03	 2.000	 10.00	  8.00	 40.00	   1.0	 2.1891	  0.36	 0.0000	  0.69	  0.61	 64.000	 1.00000000	 0.786	  0.000	  0.79	  0.00	  1.9045	 0.7533	 0.52362107		 0.7697	 49.18110378	 30.9772	 42.27900461	 51.64	  0.11	 0.8097	 5.0397	 0.0092	 
m60907c2r6.htb	 120.0	  0.03	 2.000	 10.00	 -10.00	 40.00	   0.0	 0.3980	  0.00	 0.0327	  0.33	  0.76	 64.000	 1.00000000	 0.184	  0.000	  0.18	  0.00	  0.0567	 0.9996	 0.05668268		 0.9721	 1.54875353	 15.7786	 0.29616689	 16.22	  0.08	 0.0816	 -0.0000	 1.0000	 
m60907c2r6.htb	 120.0	  0.03	 2.000	 10.00	 -10.00	 40.00	   1.0	 0.3980	  0.00	 0.0004	  0.45	  0.79	 64.000	 1.00000000	 0.305	  0.000	  0.30	  0.00	  0.1460	 0.9975	 0.14596154		 0.9296	 3.03393518	 19.4011	 0.40206185	 19.40	  0.02	 0.1392	 -0.0000	 1.0000	 
m60907c3r6.htb	 120.0	  0.03	 2.000	  0.00	 -15.00	 40.00	   0.0	 5.2736	  0.13	 0.0117	  0.46	  0.66	 64.000	 1.00000000	 0.131	  0.002	  0.13	  0.00	  1.9908	 0.7374	 1.44146832		 0.4864	 29.28204485	 68.5206	 49.75124378	 160.17	  4.74	 0.1247	 0.4622	 0.6319	 
m60907c3r6.htb	 120.0	  0.03	 2.000	  0.00	 -15.00	 40.00	   1.0	 5.2736	  0.16	 0.6072	  0.30	  0.70	 64.000	 1.00000000	 0.041	  0.092	  0.04	  0.09	  0.4944	 0.9740	 0.33327660		 0.8465	 34.82587065	 3.7953	 31.55659810	  4.22	  1.95	 1.4574	 0.4622	 0.6319	 
m61024c1r6.htb	   0.0	  0.03	 2.000	  0.00	 10.00	 40.00	   0.0	 9.6517	  0.00	 0.0000	  0.56	  1.02	 64.000	 1.00000000	 0.538	  0.000	  0.54	  0.00	  0.3009	 0.9898	 0.30080592		 0.8604	 21.80902100	 37.6680	 2.49488538	 40.04	  7.29	 0.5376	 -0.0000	 1.0000	 
m61024c1r6.htb	   0.0	  0.03	 2.000	  0.00	 10.00	 40.00	   1.0	 9.6517	  0.00	 0.0000	  0.62	  0.74	 64.000	 1.00000000	 0.691	  0.000	  0.69	  0.00	  0.5979	 0.9633	 0.59789140		 0.7416	 22.25894871	 22.5976	 2.06477951	 22.60	  6.18	 0.9203	 -0.0000	 1.0000	 
m61027c1r6.htb	   0.0	  0.03	 2.000	 10.00	 -10.00	 40.00	   0.0	 13.9801	  0.18	 0.0000	  0.63	  0.50	 64.000	 1.00000000	 0.603	  0.000	  0.60	  0.00	  2.2859	 0.6833	 0.32537792		 0.8499	 25.65483465	 22.3380	 17.27495208	 56.76	 10.70	 0.8816	 7.4819	 0.0012	 
m61027c1r6.htb	   0.0	  0.03	 2.000	 10.00	 -10.00	 40.00	   1.0	 13.9801	  0.26	 0.0000	  0.71	  0.41	 64.000	 1.00000000	 0.749	  0.000	  0.75	  0.00	  3.9861	 0.4079	 0.38308455		 0.8257	 28.09327495	 20.4799	 31.32167168	 120.48	 10.94	 1.1587	 7.4819	 0.0012	 
m61027c2r6.htb	   0.0	  0.03	 2.000	  5.00	 -5.00	 40.00	   0.0	 6.3184	  0.00	 0.0006	  0.44	  0.41	 64.000	 1.00000000	 0.263	  0.000	  0.26	  0.00	  0.3087	 0.9892	 0.30866882		 0.8570	 7.12554366	 14.5744	 3.65585521	 14.58	  5.74	 0.2424	 0.0000	 1.0000	 
m61027c2r6.htb	   0.0	  0.03	 2.000	  5.00	 -5.00	 40.00	   1.0	 6.3184	  0.00	 0.0000	  0.57	  0.40	 64.000	 1.00000000	 0.494	  0.000	  0.49	  0.00	  0.4682	 0.9765	 0.46815472		 0.7913	 6.37862744	 16.6136	 0.59096126	 16.86	  5.39	 0.3567	 0.0000	 1.0000	 
m61106c4r6.htb	  90.0	  0.03	 2.000	  0.00	 -10.00	 40.00	   0.0	 6.3184	  0.04	 0.0000	  0.63	  0.63	 64.000	 1.00000000	 0.746	  0.000	  0.75	  0.00	  0.8058	 0.9377	 0.38227742		 0.8260	 69.72774703	 64.3188	 95.52238806	 150.11	  3.97	 0.4773	 0.4821	 0.6197	 
m61108c2r6.htb	 180.0	  0.03	 2.000	  0.00	 -10.00	 40.00	   0.0	 7.9602	  0.00	 0.0000	  0.61	  0.52	 64.000	 1.00000000	 0.608	  0.000	  0.61	  0.00	  0.1802	 0.9962	 0.18024643		 0.9138	 17.91652056	 100.0000	 0.00000000	 118.36	  7.72	 0.1962	 0.0000	 1.0000	 
m61108c3r6.htb	 180.0	  0.03	 2.000	 -10.00	 -20.00	 40.00	   0.0	 6.6169	  0.00	 0.0000	  0.57	  0.41	 64.000	 1.00000000	 0.451	  0.000	  0.45	  0.00	  0.4995	 0.9735	 0.49950623		 0.7790	 6.02618415	 29.8954	 0.00000000	 30.29	  6.47	 0.2086	 -0.0000	 1.0000	 
m61108c5r6.htb	 180.0	  0.03	 2.000	  0.00	  0.00	 40.00	   0.0	 14.8259	  0.04	 0.0000	  0.70	  0.36	 64.000	 1.00000000	 0.807	  0.000	  0.81	  0.00	  0.2221	 0.9943	 0.06933417		 0.9659	 28.81141383	 31.0010	 14.80531763	 60.75	 15.72	 0.7186	 0.3851	 0.6819	 
m61128c2r6.htb	 180.0	  0.03	 2.000	  5.00	  0.00	 40.00	   0.0	 8.2587	  0.18	 0.0000	  0.73	  0.60	 64.000	 1.00000000	 0.826	  0.000	  0.83	  0.00	  3.8243	 0.4303	 0.06510075		 0.9680	 32.33407249	 9.6910	 10.73934246	 59.19	  2.09	 3.1796	 2.1573	 0.1238	 
m61201c3r6.htb	 270.0	  0.10	 2.000	 -5.00	 -10.00	 40.00	   0.0	 10.1493	  0.11	 0.0004	  0.49	  0.64	 64.000	 1.00000000	 0.254	  0.000	  0.25	  0.00	  0.8505	 0.9316	 0.68450521		 0.7102	 88.45125875	 24.6740	 82.49061105	 26.73	  9.13	 0.5205	 0.5261	 0.5934	 
