FILE			 PrfOR	 PrfSF	 PrfTF	 RFXctr	 RFYctr	 RFDiam	 BaseRate	 Amp		 x_width	 y_width	 x_ctr	 y_ctr	 rfplot_x_ctr	 rfplot_y_ctr	 axpect_ratio	
m60213c1r1.htb	  30.0	  0.05	 2.000	  0.00	  0.00	 40.00	  2.45	  5.07	 60.15	 37.66	 -2.11	  8.80	  0.00		  0.00		 1.597	
m60217c1r1.htb	  30.0	  0.03	 2.000	  0.00	 10.00	 50.00	  3.09	  8.51	 34.62	 19.41	 13.93	 12.82	  0.00		 10.00		 1.783	
m60220c2r1.htb	   0.0	  0.03	 2.000	  0.00	  0.00	 40.00	  6.45	  8.21	 43.50	 14.62	  0.89	 16.33	  0.00		  0.00		 2.976	
m60220c3r1.htb	  30.0	  0.05	 2.000	  0.00	  0.00	 40.00	  2.23	  3.18	 57.32	 49.11	  3.29	  6.26	  0.00		  0.00		 1.167	
m60220c6r1.htb	  30.0	  0.03	 2.000	  0.00	  0.00	 40.00	  1.71	 35.47	 23.37	 17.46	 -0.11	  7.00	  0.00		  0.00		 1.338	
m60221c2r1.htb	   0.0	  0.03	 4.000	  0.00	  0.00	 40.00	 10.10	 -8.36	 70.22	 13.86	 -18.39	 -20.60	  0.00		  0.00		 5.065	
m60221c2r3.htb	   0.0	  0.03	 4.000	 -10.00	 10.00	 60.00	  5.81	  3.61	 49.43	 33.98	  2.31	 24.38	 -10.00		 10.00		 1.454	
m60221c3r1.htb	   0.0	  0.03	 2.000	  0.00	  0.00	 40.00	  0.74	  6.52	 28.04	 33.17	  1.23	  7.55	  0.00		  0.00		 0.845	
m60221c4r1.htb	   0.0	  0.03	 2.000	  0.00	  0.00	 50.00	  8.30	 27.84	 32.46	 27.35	  5.85	 -0.21	  0.00		  0.00		 1.187	
m60221c5r1.htb	   0.0	  0.03	 2.000	 10.00	 -5.00	 40.00	  1.19	  7.30	 47.65	 35.98	  2.05	  3.46	 10.00		 -5.00		 1.324	
m60227c1r1.htb	  30.0	  0.03	 2.000	  0.00	  0.00	 40.00	  4.77	 23.73	 28.37	 27.62	  4.81	  1.40	  0.00		  0.00		 1.027	
m60227c2r1.htb	   0.0	  0.05	 2.000	  0.00	  0.00	 40.00	  8.18	 14.99	 28.22	 28.56	  7.94	  4.53	  0.00		  0.00		 0.988	
m60404c1r1.htb	   0.0	  0.03	 2.000	  0.00	  0.00	 40.00	  4.98	  8.14	 31.03	 24.46	  3.10	 -2.55	  0.00		  0.00		 1.269	
m60411c1r1.htb	   0.0	  0.03	 2.000	  0.00	  0.00	 40.00	  0.15	 10.50	 43.32	 24.09	 -4.00	  0.11	  0.00		  0.00		 1.798	
m60412c3r1.htb	   0.0	  0.03	 2.000	  0.00	 -10.00	 40.00	  2.15	 15.12	 55.78	 36.55	  3.58	 -0.50	  0.00		 -10.00		 1.526	
m60413c1r1.htb	 180.0	  0.03	 2.000	  0.00	  0.00	 40.00	  4.66	  4.11	 39.82	 46.99	 -3.71	 -30.00	  0.00		  0.00		 0.847	
m60413c2r1.htb	 180.0	  0.03	 2.000	  0.00	 -15.00	 40.00	  2.91	  4.35	 31.26	 25.30	 -0.38	 -10.78	  0.00		 -15.00		 1.236	
m60418c2r1.htb	   0.0	  0.03	 2.000	 -5.00	 -10.00	 50.00	  9.11	 33.36	 39.59	 24.80	 -6.34	 -10.12	 -5.00		 -10.00		 1.596	
m60418c3r1.htb	   0.0	  0.03	 2.000	  0.00	  0.00	 50.00	 15.77	 17.33	 43.31	 39.44	 -2.16	 -7.19	  0.00		  0.00		 1.098	
m60418c4r1.htb	   0.0	  0.03	 2.000	  0.00	 -10.00	 50.00	 15.04	 19.52	 36.19	 28.39	 -3.62	 -6.49	  0.00		 -10.00		 1.275	
m60420c3r1.htb	   0.0	  0.03	 2.000	  0.00	  0.00	 40.00	 10.07	 15.83	 44.51	 40.92	  0.80	  5.82	  0.00		  0.00		 1.088	
m60420c4r1.htb	   0.0	  0.03	 2.000	  0.00	  0.00	 40.00	  4.52	 12.91	 15.89	 17.51	  5.68	 -1.63	  0.00		  0.00		 0.907	
m60420c5r1.htb	   0.0	  0.03	 2.000	  0.00	  0.00	 40.00	 13.99	 24.63	 17.73	 25.22	  2.15	 -1.60	  0.00		  0.00		 0.703	
m60424c6r1.htb	   0.0	  0.03	 2.000	  0.00	  0.00	 30.00	  0.97	 30.06	 31.18	 18.37	 -5.43	 -3.43	  0.00		  0.00		 1.698	
m60518c3r1.htb	   0.0	  0.03	 2.000	  0.00	  0.00	 40.00	  1.76	 20.62	 56.49	 48.84	  9.67	  3.04	  0.00		  0.00		 1.157	
m60518c4r1.htb	   0.0	  0.03	 2.000	  0.00	  0.00	 40.00	  1.55	  4.20	 66.55	 43.87	  6.83	 -7.15	  0.00		  0.00		 1.517	
m60524c6r1.htb	   0.0	  0.03	 2.000	  0.00	  0.00	 40.00	  5.80	 15.54	 34.36	 23.64	 -11.92	 -3.32	  0.00		  0.00		 1.454	
m60629c1r1.htb	   0.0	  0.03	 2.000	  0.00	  0.00	 40.00	  1.31	  8.59	 27.06	 24.19	  0.24	 -3.20	  0.00		  0.00		 1.119	
m60630c1r1.htb	   0.0	  0.03	 2.000	  0.00	  0.00	 40.00	  0.95	  8.07	 68.08	 53.14	 -0.12	  1.90	  0.00		  0.00		 1.281	
m60630c2r1.htb	   0.0	  0.03	 2.000	  0.00	  0.00	 40.00	  3.90	 10.63	 45.84	 30.37	 -2.57	  8.12	  0.00		  0.00		 1.509	
m60706c1r1.htb	   0.0	  0.03	 2.000	  0.00	  0.00	 40.00	  3.63	  6.97	 30.41	 15.89	 10.89	  0.46	  0.00		  0.00		 1.914	
m60706c2r1.htb	   0.0	  0.03	 2.000	  0.00	  0.00	 40.00	  1.42	 11.80	 24.62	 19.57	 -0.21	 -2.52	  0.00		  0.00		 1.258	
m60706c3r1.htb	   0.0	  0.03	 2.000	  0.00	 -10.00	 40.00	  5.81	 10.67	 30.37	 33.10	 -1.18	 -3.79	  0.00		 -10.00		 0.918	
m60706c4r1.htb	   0.0	  0.03	 2.000	  0.00	  0.00	 40.00	  1.41	  2.28	 30.05	 47.88	 10.42	 -8.18	  0.00		  0.00		 0.628	
m60711c2r1.htb	   0.0	  0.03	 2.000	 -5.00	  8.00	 40.00	  6.40	 21.19	 43.57	 35.94	 -1.27	  2.48	 -5.00		  8.00		 1.212	
m60712c2r1.htb	   0.0	  0.03	 2.000	  0.00	  0.00	 40.00	  2.74	 11.33	 28.27	 32.27	 -2.47	  6.25	  0.00		  0.00		 0.876	
m60713c2r1.htb	   0.0	  0.03	 2.000	  0.00	  0.00	 40.00	  0.08	  2.92	 46.79	 26.90	 -6.58	  6.54	  0.00		  0.00		 1.740	
m60713c3r1.htb	   0.0	  0.03	 2.000	  0.00	  0.00	 40.00	  0.93	  4.74	 40.19	 31.39	  7.88	  1.92	  0.00		  0.00		 1.280	
m60714c1r1.htb	   0.0	  0.03	 2.000	  0.00	  0.00	 40.00	  1.16	  5.65	 32.43	 26.88	  2.63	  6.31	  0.00		  0.00		 1.206	
m60714c2r1.htb	   0.0	  0.03	 2.000	  0.00	  0.00	 40.00	  0.37	  3.28	 19.93	 19.70	 -1.68	 -1.76	  0.00		  0.00		 1.012	
m60714c3r1.htb	   0.0	  0.03	 2.000	  0.00	  0.00	 40.00	  0.88	  7.10	 28.13	 34.70	 -6.77	  2.28	  0.00		  0.00		 0.811	
m60714c4r1.htb	   0.0	  0.03	 2.000	  0.00	  0.00	 40.00	  8.98	 17.64	 55.08	 60.91	 -4.32	  7.83	  0.00		  0.00		 0.904	
m60717c1r1.htb	   0.0	  0.03	 2.000	  0.00	  0.00	 40.00	  0.94	  7.48	 49.02	 48.46	 -6.05	 -7.32	  0.00		  0.00		 1.012	
m60717c2r1.htb	 170.0	  0.03	 2.000	  0.00	  0.00	 40.00	  1.24	  4.76	 37.64	 38.81	  3.45	 -3.59	  0.00		  0.00		 0.970	
m60719c1r1.htb	   0.0	  0.03	 2.000	  0.00	  0.00	 40.00	  0.97	  7.19	 22.95	 22.70	  3.08	 -7.45	  0.00		  0.00		 1.011	
m60719c4r1.htb	   0.0	  0.03	 2.000	  0.00	  0.00	 40.00	  1.39	  4.34	 52.94	 42.25	 -6.72	 12.19	  0.00		  0.00		 1.253	
m60719c4r1.htb	   0.0	  0.03	 2.000	  0.00	  0.00	 40.00	  1.39	  4.34	 52.94	 42.24	 -6.72	 12.19	  0.00		  0.00		 1.253	
m60721c1r1.htb	   0.0	  0.03	 2.000	  0.00	  0.00	 40.00	  4.63	 12.11	 52.69	 24.38	  4.73	 -2.82	  0.00		  0.00		 2.161	
m60721c1r1.htb	   0.0	  0.03	 2.000	  0.00	  0.00	 40.00	  4.63	 12.11	 52.69	 24.38	  4.73	 -2.82	  0.00		  0.00		 2.161	
m60721c2r1.htb	   0.0	  0.03	 2.000	  0.00	  0.00	 40.00	  2.38	 18.90	 53.16	 34.14	  3.42	  0.52	  0.00		  0.00		 1.557	
m60721c3r1.htb	   0.0	  0.03	 2.000	  0.00	  0.00	 40.00	  1.04	 14.22	 50.15	 44.04	 -1.12	  5.91	  0.00		  0.00		 1.139	
m60724c1r1.htb	   0.0	  0.03	 2.000	  0.00	  0.00	 40.00	  1.42	  7.24	 44.01	 34.62	  4.79	  1.87	  0.00		  0.00		 1.271	
m60724c2r1.htb	   0.0	  0.03	 2.000	  0.00	  0.00	 40.00	  0.93	  7.66	 22.52	 31.73	 -2.83	  5.85	  0.00		  0.00		 0.710	
m60724c3r1.htb	 150.0	  0.03	 2.000	  0.00	  0.00	 40.00	  6.89	 18.98	 43.71	 39.19	 -0.71	  7.60	  0.00		  0.00		 1.115	
m60724c4r1.htb	 150.0	  0.03	 2.000	  0.00	  0.00	 40.00	  2.14	 15.30	 24.88	 18.22	  2.36	 -1.69	  0.00		  0.00		 1.366	
m60724c5r1.htb	 150.0	  0.03	 2.000	  0.00	  0.00	 40.00	  9.12	 26.02	 35.08	 46.12	 -0.53	 -4.90	  0.00		  0.00		 0.761	
m60724c6r1.htb	 150.0	  0.03	 2.000	  0.00	  0.00	 40.00	 13.13	 12.85	 50.21	 48.13	 -3.28	 -1.98	  0.00		  0.00		 1.043	
m60725c1r1.htb	   0.0	  0.03	 2.000	  0.00	  0.00	 40.00	  1.85	  9.36	 25.92	 18.93	 -4.91	 -1.84	  0.00		  0.00		 1.369	
m60725c2r1.htb	   0.0	  0.03	 2.000	  0.00	  0.00	 40.00	  8.54	 14.07	 29.47	 31.09	  8.82	  4.11	  0.00		  0.00		 0.948	
m60726c2r1.htb	   0.0	  0.03	 2.000	  0.00	  0.00	 40.00	  5.84	 22.69	 37.67	 33.57	  0.64	 -2.43	  0.00		  0.00		 1.122	
m60726c3r1.htb	   0.0	  0.03	 2.000	  0.00	  0.00	 40.00	  1.65	 19.95	 36.71	 30.83	 -0.59	 -2.82	  0.00		  0.00		 1.191	
m60726c4r1.htb	   0.0	  0.03	 2.000	  0.00	  0.00	 40.00	  2.58	 11.19	 44.87	 40.20	  5.26	 -0.20	  0.00		  0.00		 1.116	
m60726c5r1.htb	   0.0	  0.03	 2.000	  0.00	  0.00	 40.00	  2.62	 23.08	 46.16	 38.89	 -6.49	  6.48	  0.00		  0.00		 1.187	
m60726c6r1.htb	   0.0	  0.03	 2.000	  0.00	  0.00	 40.00	  0.01	  8.93	 26.38	 22.20	 -5.77	 -2.28	  0.00		  0.00		 1.188	
m60727c1r1.htb	   0.0	  0.03	 2.000	  0.00	  0.00	 40.00	  4.11	 27.79	 29.65	 23.36	  1.16	 -2.82	  0.00		  0.00		 1.269	
m60727c2r1.htb	   0.0	  0.03	 2.000	  0.00	  0.00	 40.00	  0.07	  2.87	 35.25	 39.38	  2.54	  4.99	  0.00		  0.00		 0.895	
m60801c2r1.htb	   0.0	  0.03	 2.000	  0.00	  0.00	 40.00	  4.49	 10.17	 49.40	 45.81	 -4.48	  1.85	  0.00		  0.00		 1.078	
m60801c3r1.htb	   0.0	  0.03	 2.000	  0.00	  0.00	 40.00	  6.51	 17.53	 42.58	 31.49	  4.22	 -5.73	  0.00		  0.00		 1.352	
m60803c1r1.htb	   0.0	  0.03	 2.000	  0.00	  0.00	 40.00	  0.65	  7.89	 53.81	 44.98	  3.13	  5.83	  0.00		  0.00		 1.196	
m60803c3r1.htb	   0.0	  0.03	 2.000	  0.00	  0.00	 40.00	  3.65	  7.39	 31.00	 15.84	 -3.28	 -0.53	  0.00		  0.00		 1.957	
m60803c4r1.htb	   0.0	  0.03	 2.000	  0.00	  0.00	 40.00	  1.02	 11.47	 34.74	 37.57	 -4.90	  5.30	  0.00		  0.00		 0.925	
m60808c1r1.htb	   0.0	  0.03	 2.000	  0.00	  0.00	 40.00	  0.31	  4.25	 22.43	 18.54	  2.89	 -3.61	  0.00		  0.00		 1.210	
m60808c2r1.htb	   0.0	  0.03	 2.000	  0.00	  0.00	 40.00	  4.04	 12.33	 43.82	 42.96	 -0.23	  6.07	  0.00		  0.00		 1.020	
m60809c1r1.htb	   0.0	  0.03	 2.000	  0.00	  0.00	 40.00	  0.63	 10.20	 42.75	 38.61	 -0.90	 -2.62	  0.00		  0.00		 1.107	
m60809c2r1.htb	   0.0	  0.03	 2.000	  0.00	 -5.00	 40.00	  3.47	  7.82	 44.00	 38.24	 -2.62	  2.22	  0.00		 -5.00		 1.151	
m60809c3r1.htb	   0.0	  0.03	 2.000	  0.00	  0.00	 40.00	  3.09	  5.20	 35.20	 28.65	  3.21	  6.93	  0.00		  0.00		 1.229	
m60809c4r1.htb	   0.0	  0.03	 2.000	  0.00	  0.00	 40.00	  0.57	 14.32	 27.27	 32.94	  6.07	  5.07	  0.00		  0.00		 0.828	
m60809c5r1.htb	   0.0	  0.03	 2.000	  0.00	  0.00	 40.00	 10.44	 21.32	 39.52	 52.32	 -1.89	 -0.76	  0.00		  0.00		 0.755	
m60810c1r1.htb	   0.0	  0.03	 2.000	  0.00	  0.00	 40.00	  5.00	 22.56	 32.30	 37.95	  9.34	  1.53	  0.00		  0.00		 0.851	
m60810c2r1.htb	   0.0	  0.03	 2.000	  0.00	  0.00	 40.00	  4.81	 21.38	 35.05	 34.05	  0.82	  6.41	  0.00		  0.00		 1.029	
m60810c3r1.htb	   0.0	  0.03	 2.000	  0.00	  0.00	 40.00	  4.58	  8.90	 60.15	 50.77	  3.33	 -2.15	  0.00		  0.00		 1.185	
m60810c4r1.htb	   0.0	  0.03	 2.000	  0.00	  0.00	 40.00	  6.73	 11.25	 40.20	 59.92	  1.51	  0.12	  0.00		  0.00		 0.671	
m60810c5r1.htb	   0.0	  0.03	 2.000	  0.00	  0.00	 40.00	 10.46	  7.89	 48.34	 69.72	 -3.41	 -1.80	  0.00		  0.00		 0.693	
m60811c1r1.htb	   0.0	  0.03	 2.000	  0.00	  0.00	 40.00	  0.41	 11.64	 20.79	 24.51	 -0.37	  0.48	  0.00		  0.00		 0.848	
m60811c2r1.htb	   0.0	  0.03	 2.000	  0.00	  0.00	 40.00	  2.52	 14.91	 26.05	 30.86	 -4.01	 -1.39	  0.00		  0.00		 0.844	
m60811c3r1.htb	   0.0	  0.03	 2.000	  0.00	  0.00	 40.00	  0.04	  1.26	 24.83	 25.24	  2.10	  5.63	  0.00		  0.00		 0.984	
m60811c4r1.htb	   0.0	  0.03	 2.000	  0.00	  0.00	 40.00	  1.24	 21.57	 30.05	 25.90	  0.14	  0.61	  0.00		  0.00		 1.160	
m60811c5r1.htb	   0.0	  0.03	 2.000	  0.00	  0.00	 40.00	  0.28	  7.50	 22.87	 28.41	  3.40	  3.64	  0.00		  0.00		 0.805	
m60815c1r1.htb	   0.0	  0.03	 2.000	  0.00	  0.00	 40.00	  0.52	  4.68	 30.73	 21.01	  6.16	 -3.13	  0.00		  0.00		 1.463	
m60815c2r1.htb	 150.0	  0.03	 2.000	  8.00	 -10.00	 40.00	  7.20	  9.89	 36.77	 39.47	  7.76	 -4.75	  8.00		 -10.00		 0.932	
m60815c4r1.htb	   0.0	  0.03	 2.000	  0.00	  0.00	 40.00	  8.32	  8.34	 43.49	 32.03	 -4.08	  5.00	  0.00		  0.00		 1.358	
m60821c1r1.htb	   0.0	  0.03	 2.000	  0.00	  0.00	 40.00	  0.17	  3.06	 21.65	 26.30	  0.01	 -5.35	  0.00		  0.00		 0.823	
m60821c2r1.htb	   0.0	  0.03	 2.000	  0.00	  0.00	 40.00	  0.30	  4.48	 19.55	 26.04	 -1.83	 -4.81	  0.00		  0.00		 0.751	
m60821c3r1.htb	   0.0	  0.03	 2.000	  0.00	  0.00	 40.00	  0.80	  8.01	 39.10	 40.81	 -3.36	  4.21	  0.00		  0.00		 0.958	
m60822c3r1.htb	   0.0	  0.03	 2.000	  0.00	  0.00	 40.00	  0.16	  7.25	 36.98	 34.94	 -5.01	 -5.25	  0.00		  0.00		 1.059	
m60822c4r1.htb	   0.0	  0.03	 2.000	  0.00	  0.00	 40.00	  1.42	  9.80	 29.66	 26.23	 -4.97	 -0.91	  0.00		  0.00		 1.131	
m60823c1r1.htb	   0.0	  0.03	 2.000	  0.00	  0.00	 40.00	  2.52	 21.49	 18.04	 19.43	  5.01	  2.86	  0.00		  0.00		 0.928	
m60823c2r1.htb	   0.0	  0.03	 2.000	  0.00	  0.00	 40.00	  5.66	  9.42	 48.83	 30.20	  0.34	  1.50	  0.00		  0.00		 1.617	
m60823c3r1.htb	  70.0	  0.03	 2.000	  0.00	  0.00	 40.00	  1.78	 11.64	 25.75	 28.19	 -3.23	 -1.44	  0.00		  0.00		 0.913	
m60823c4r1.htb	  70.0	  0.03	 2.000	  0.00	  0.00	 40.00	  9.18	  9.46	 47.75	 55.45	 -3.91	 11.17	  0.00		  0.00		 0.861	
m60824c1r1.htb	   0.0	  0.03	 2.000	  0.00	  0.00	 40.00	  2.33	 12.62	 26.85	 27.64	 -2.72	  4.66	  0.00		  0.00		 0.971	
m60824c2r1.htb	   0.0	  0.03	 2.000	  0.00	  0.00	 40.00	  6.13	 16.52	 41.84	 42.61	 -3.16	  2.43	  0.00		  0.00		 0.982	
m60824c3r1.htb	   0.0	  0.03	 2.000	  0.00	  0.00	 40.00	  3.61	  7.14	 29.57	 37.31	  4.88	 -0.75	  0.00		  0.00		 0.792	
m60830c1r1.htb	 180.0	  0.03	 2.000	  0.00	  0.00	 40.00	  2.38	  6.01	 40.72	 37.57	 -4.19	 -7.93	  0.00		  0.00		 1.084	
m60830c2r1.htb	 180.0	  0.03	 2.000	  0.00	  0.00	 40.00	  8.04	  8.34	 34.74	 37.97	 -0.59	 -11.10	  0.00		  0.00		 0.915	
m60831c1r1.htb	 180.0	  0.03	 2.000	  0.00	  0.00	 40.00	  0.23	  6.42	 46.71	 35.13	  6.99	 -1.21	  0.00		  0.00		 1.329	
m60831c4r1.htb	 180.0	  0.03	 2.000	  0.00	  0.00	 40.00	  2.19	  4.65	 33.73	 60.36	  7.34	  0.63	  0.00		  0.00		 0.559	
m60901c4r1.htb	 180.0	  0.03	 2.000	  0.00	  0.00	 40.00	  1.12	 12.42	 47.13	 35.41	  0.55	  2.56	  0.00		  0.00		 1.331	
m60907c1r1.htb	 180.0	  0.03	 2.000	  0.00	  0.00	 40.00	  1.39	  4.18	 28.84	 19.97	  7.71	  3.76	  0.00		  0.00		 1.444	
m60907c2r1.htb	 180.0	  0.03	 2.000	  0.00	  0.00	 40.00	  0.44	  7.13	 21.24	 25.47	  6.42	 -5.02	  0.00		  0.00		 0.834	
m60907c3r1.htb	 120.0	  0.03	 2.000	  0.00	  0.00	 40.00	  2.28	  2.50	 59.77	 44.51	 -3.76	 -14.05	  0.00		  0.00		 1.343	
m61024c1r1.htb	   0.0	  0.03	 2.000	  0.00	  0.00	 40.00	  0.26	  5.79	 91.93	 47.76	  6.61	  4.19	  0.00		  0.00		 1.925	
m61024c2r1.htb	   0.0	  0.03	 2.000	  0.00	  0.00	 40.00	  0.53	  3.09	 61.41	 26.64	 11.79	  7.06	  0.00		  0.00		 2.305	
m61027c1r1.htb	   0.0	  0.03	 2.000	  0.00	  0.00	 40.00	 18.59	 29.83	 36.35	 23.30	  9.58	 -2.39	  0.00		  0.00		 1.560	
m61027c2r1.htb	   0.0	  0.03	 2.000	  0.00	  0.00	 40.00	  8.11	 12.39	 50.19	 17.97	  7.87	 -0.55	  0.00		  0.00		 2.793	
m61106c4r1.htb	 120.0	  0.03	 2.000	  0.00	  0.00	 40.00	  9.75	 18.36	 37.62	 14.72	  2.38	 -2.74	  0.00		  0.00		 2.555	
m61108c2r1.htb	 180.0	  0.03	 2.000	  0.00	  0.00	 40.00	  8.99	  6.64	 16.21	 13.57	 -0.23	 -12.47	  0.00		  0.00		 1.194	
m61108c5r1.htb	 180.0	  0.03	 2.000	  0.00	  0.00	 40.00	 14.82	 18.80	 34.66	 25.99	 -1.50	 -5.60	  0.00		  0.00		 1.334	
m61128c2r1.htb	 180.0	  0.03	 2.000	  0.00	  0.00	 40.00	  9.12	 35.30	 26.95	 21.59	  3.15	  0.30	  0.00		  0.00		 1.248	
m61201c3r1.htb	   0.0	  0.03	 2.000	  0.00	  0.00	 40.00	  8.03	 10.84	 33.16	 18.33	 -1.10	 -8.65	  0.00		  0.00		 1.809	
