FILE			 PrfOR	 PrfSF	 PrfTF	 RFXctr	 RFYctr	 RFDiam	 GrType	 MaxLoc	 MaxRsp	 MinLoc	 MinRsp	 AvgRsp	 Spont	 ModIx	 DTI  	 AnovaP	 DDI  	 VarTerm	 MSgrp	 MSerror	 MaxX 	 MinX 	
m60112c1r2.htb	  30.0	  0.05	 2.000	  0.00	  0.00	 30.00	   0.0	 330.00	 24.88	 16.50	 16.94	 22.66	  5.47	 0.260	 0.409	 0.98342385	 0.381	  0.544	      0.081	      0.296	 330.00	  0.00	
m60112c1r2.htb	  30.0	  0.05	 2.000	  0.00	  0.00	 30.00	   1.0	 102.30	 24.47	 148.50	 19.07	 21.17	  5.47	 0.201	 0.284	 0.86082053	 0.414	  0.382	      0.077	      0.146	 330.00	  0.00	
m60112c2r3.htb	  30.0	  0.05	 2.000	  8.00	  5.00	 30.00	   0.0	 89.10	 25.59	 29.70	 18.52	 22.09	  8.73	 0.276	 0.419	 0.02279799	 0.480	  0.414	      0.371	      0.171	 330.00	  0.00	
m60112c2r3.htb	  30.0	  0.05	 2.000	  8.00	  5.00	 30.00	   1.0	 99.00	 25.50	 290.40	 18.69	 22.07	  8.73	 0.261	 0.406	 0.02052960	 0.433	  0.498	      0.546	      0.248	 330.00	  0.00	
m60117c1r3.htb	  30.0	  0.03	 2.000	  0.00	  0.00	 30.00	   0.0	 267.30	 15.49	 316.80	  9.21	 11.69	  5.12	 0.387	 0.606	 0.02385446	 0.414	  0.597	      0.758	      0.356	 330.00	  0.00	
m60117c1r3.htb	  30.0	  0.03	 2.000	  0.00	  0.00	 30.00	   1.0	 330.00	 15.72	 151.80	 10.75	 13.25	  5.12	 0.316	 0.469	 0.54229474	 0.371	  0.604	      0.328	      0.364	 330.00	  0.00	
m60119c1r6.htb	  30.0	  0.03	 6.000	  0.00	  0.00	 60.00	   0.0	 13.20	 14.09	 330.00	  6.57	  9.49	  5.22	 0.468	 0.848	 0.08822158	 0.491	  0.502	      0.443	      0.252	 330.00	  0.00	
m60119c1r6.htb	  30.0	  0.03	 6.000	  0.00	  0.00	 60.00	   1.0	 323.40	 12.55	 56.10	  7.69	  9.52	  5.22	 0.366	 0.664	 0.10175843	 0.470	  0.408	      0.281	      0.167	 330.00	  0.00	
m60119c2r7.htb	  30.0	  0.03	 6.000	  0.00	 10.00	 40.00	   0.0	 237.60	 22.22	 151.80	 13.48	 17.22	  5.26	 0.390	 0.515	 0.13019232	 0.471	  0.611	      0.586	      0.374	 330.00	  0.00	
m60119c2r7.htb	  30.0	  0.03	 6.000	  0.00	 10.00	 40.00	   1.0	 201.30	 23.19	 264.00	 14.64	 19.08	  5.26	 0.355	 0.477	 0.06703827	 0.437	  0.660	      0.800	      0.436	 330.00	  0.00	
m60124c1r2.htb	  30.0	  0.03	 2.000	  0.00	 10.00	 50.00	   0.0	  0.00	 13.10	 287.10	  6.89	  9.02	  2.70	 0.456	 0.597	 0.05468109	 0.487	  0.549	      0.578	      0.301	 330.00	  0.00	
m60124c1r2.htb	  30.0	  0.03	 2.000	  0.00	 10.00	 50.00	   1.0	 16.50	 12.28	 108.90	  6.67	  8.83	  2.70	 0.400	 0.586	 0.03363476	 0.453	  0.457	      0.440	      0.209	 330.00	  0.00	
m60124c2r4.htb	   0.0	  0.03	 4.000	  0.00	 10.00	 70.00	   0.0	 82.50	  3.86	 306.90	  1.85	  2.72	  2.57	 0.500	 1.560	 0.39582623	 0.407	  0.457	      0.226	      0.209	 330.00	  0.00	
m60124c2r4.htb	   0.0	  0.03	 4.000	  0.00	 10.00	 70.00	   1.0	 46.20	  5.02	 211.20	  1.74	  3.07	  2.57	 0.635	 1.338	 0.05925254	 0.484	  0.472	      0.429	      0.222	 330.00	  0.00	
m60124c3r5.htb	 100.0	  0.03	 4.000	  0.00	 10.00	 70.00	   0.0	  9.90	 19.51	 247.50	  8.29	 13.18	  6.67	 0.530	 0.874	 0.00000002	 0.673	  0.328	      1.054	      0.108	 330.00	  0.00	
m60124c3r5.htb	 100.0	  0.03	 4.000	  0.00	 10.00	 70.00	   1.0	  9.90	 22.65	 66.00	  6.38	 12.71	  6.67	 0.684	 1.018	 0.00000000	 0.737	  0.367	      1.540	      0.135	 330.00	  0.00	
m60124c4r3.htb	   0.0	  0.03	 4.000	 10.00	 -5.00	 70.00	   0.0	  6.60	  8.58	 270.60	  2.74	  4.86	  1.00	 0.676	 0.770	 0.65779013	 0.423	  1.105	      0.952	      1.221	 330.00	  0.00	
m60124c4r3.htb	   0.0	  0.03	 4.000	 10.00	 -5.00	 70.00	   1.0	  3.30	 11.72	 211.20	  2.86	  6.09	  1.00	 0.754	 0.826	 0.79820151	 0.416	  1.287	      1.031	      1.656	 330.00	  0.00	
m60124c5r2.htb	   0.0	  0.03	 4.000	  0.00	  0.00	 70.00	   0.0	 16.50	 16.56	 303.60	  9.21	 12.67	  7.84	 0.418	 0.843	 0.05827723	 0.474	  0.521	      0.506	      0.271	 330.00	  0.00	
m60124c5r2.htb	   0.0	  0.03	 4.000	  0.00	  0.00	 70.00	   1.0	 178.20	 14.51	 102.30	  9.87	 12.19	  7.84	 0.299	 0.695	 0.24913780	 0.414	  0.475	      0.290	      0.225	 330.00	  0.00	
m60213c2r3.htb	  30.0	  0.03	 2.000	  0.00	 15.00	 50.00	   0.0	 330.00	 10.30	 240.90	  6.02	  7.69	  0.70	 0.415	 0.445	 0.89031527	 0.313	  0.811	      0.338	      0.658	 330.00	  0.00	
m60213c2r3.htb	  30.0	  0.03	 2.000	  0.00	 15.00	 50.00	   1.0	 141.90	 10.56	 19.80	  4.77	  8.17	  0.70	 0.505	 0.587	 0.20433872	 0.388	  0.717	      0.697	      0.514	 330.00	  0.00	
m60213c3r5.htb	 180.0	  0.03	 4.000	  8.00	  0.00	 50.00	   0.0	 330.00	 26.87	 267.30	 14.98	 20.64	  1.69	 0.441	 0.472	 0.00000002	 0.584	  0.475	      1.509	      0.225	 330.00	  0.00	
m60213c3r5.htb	 180.0	  0.03	 4.000	  8.00	  0.00	 50.00	   1.0	 330.00	 28.61	 89.10	 15.40	 23.45	  1.69	 0.461	 0.491	 0.00000000	 0.617	  0.450	      1.530	      0.202	 330.00	  0.00	
m60213c4r4.htb	  30.0	  0.03	 2.000	  5.00	 12.00	 50.00	   0.0	 39.60	 13.36	 270.60	  7.42	 10.68	  4.23	 0.438	 0.651	 0.01236667	 0.478	  0.531	      0.662	      0.282	 330.00	  0.00	
m60213c4r4.htb	  30.0	  0.03	 2.000	  5.00	 12.00	 50.00	   1.0	 115.50	 11.76	 330.00	  8.96	 10.46	  4.23	 0.237	 0.373	 0.86883310	 0.314	  0.485	      0.128	      0.235	 330.00	  0.00	
m60220c1r4.htb	  30.0	  0.03	 2.000	  5.00	  8.00	 60.00	   0.0	 224.40	  5.71	 122.10	  3.77	  4.87	  2.59	 0.327	 0.623	 0.34295409	 0.355	  0.415	      0.195	      0.172	 330.00	  0.00	
m60220c1r4.htb	  30.0	  0.03	 2.000	  5.00	  8.00	 60.00	   1.0	 13.20	  6.47	 306.90	  3.57	  5.24	  2.59	 0.430	 0.746	 0.01919025	 0.459	  0.379	      0.317	      0.144	 330.00	  0.00	
m60317c1r4.htb	  30.0	  0.03	 2.000	  0.00	  0.00	 40.00	   0.0	 26.40	  3.64	 326.70	  1.99	  2.79	  1.09	 0.448	 0.649	 0.60013173	 0.428	  0.364	      0.111	      0.132	 330.00	  0.00	
m60317c1r4.htb	  30.0	  0.03	 2.000	  0.00	  0.00	 40.00	   1.0	 204.60	  4.00	 125.40	  1.31	  3.01	  1.09	 0.656	 0.926	 0.14352073	 0.503	  0.401	      0.251	      0.161	 330.00	  0.00	
m60317c2r4.htb	  30.0	  0.03	 2.000	 -5.00	  5.00	 50.00	   0.0	 330.00	 24.48	 310.20	 15.50	 20.68	  9.10	 0.325	 0.584	 0.13321219	 0.360	  0.750	      0.857	      0.562	 330.00	  0.00	
m60317c2r4.htb	  30.0	  0.03	 2.000	 -5.00	  5.00	 50.00	   1.0	  0.00	 25.57	 132.00	 21.36	 23.24	  9.10	 0.152	 0.256	 0.98048649	 0.235	  0.755	      0.181	      0.570	 330.00	  0.00	
m60404c2r5.htb	   0.0	  0.03	 2.000	  0.00	  0.00	 40.00	   0.0	 181.50	 15.31	 310.20	  9.12	 11.38	  5.37	 0.386	 0.623	 0.00000006	 0.579	  0.312	      0.610	      0.097	 330.00	  0.00	
m60404c2r5.htb	   0.0	  0.03	 2.000	  0.00	  0.00	 40.00	   1.0	 188.10	 14.69	 85.80	  8.98	 11.94	  5.37	 0.382	 0.613	 0.00000003	 0.587	  0.286	      0.537	      0.082	 330.00	  0.00	
m60407c1r4.htb	   0.0	  0.03	 2.000	  0.00	 -5.00	 40.00	   0.0	 181.50	  9.91	 95.70	  6.55	  8.28	  6.25	 0.329	 0.919	 0.45102204	 0.398	  0.450	      0.204	      0.203	 330.00	  0.00	
m60407c1r4.htb	   0.0	  0.03	 2.000	  0.00	 -5.00	 40.00	   1.0	 178.20	 10.19	 122.10	  5.62	  7.91	  6.25	 0.448	 1.162	 0.03481874	 0.492	  0.460	      0.435	      0.211	 330.00	  0.00	
m60407c2r4.htb	   0.0	  0.03	 2.000	  5.00	  0.00	 40.00	   0.0	 306.90	 16.43	 122.10	 10.52	 13.20	 10.20	 0.348	 0.948	 0.51603854	 0.330	  0.791	      0.581	      0.626	 330.00	  0.00	
m60407c2r4.htb	   0.0	  0.03	 2.000	  5.00	  0.00	 40.00	   1.0	 273.90	 16.69	 23.10	 10.64	 13.28	 10.20	 0.351	 0.933	 0.74342348	 0.356	  0.818	      0.463	      0.669	 330.00	  0.00	
m60407c3r4.htb	   0.0	  0.03	 2.000	  0.00	 -20.00	 40.00	   0.0	 313.50	 12.22	 234.30	  7.72	  9.76	  5.82	 0.353	 0.703	 0.01524594	 0.416	  0.486	      0.538	      0.236	 330.00	  0.00	
m60407c3r4.htb	   0.0	  0.03	 2.000	  0.00	 -20.00	 40.00	   1.0	 316.80	 12.47	 207.90	  8.43	 10.30	  5.82	 0.317	 0.607	 0.02961009	 0.397	  0.457	      0.430	      0.209	 330.00	  0.00	
m60407c4r4.htb	   0.0	  0.03	 2.000	 15.00	 -10.00	 50.00	   0.0	 89.10	 13.98	 231.00	  6.67	 10.01	  2.99	 0.516	 0.665	 0.00013796	 0.478	  0.635	      1.523	      0.404	 330.00	  0.00	
m60407c4r4.htb	   0.0	  0.03	 2.000	 15.00	 -10.00	 50.00	   1.0	 52.80	 18.57	 184.80	  6.96	 11.96	  2.99	 0.618	 0.745	 0.00000011	 0.582	  0.595	      2.150	      0.354	 330.00	  0.00	
m60407c5r4.htb	   0.0	  0.03	 2.000	 10.00	 -10.00	 40.00	   0.0	  3.30	  7.70	 257.40	  0.86	  4.82	  2.44	 0.805	 1.300	 0.00000000	 0.636	  0.470	      3.246	      0.220	 330.00	  0.00	
m60407c5r4.htb	   0.0	  0.03	 2.000	 10.00	 -10.00	 40.00	   1.0	  9.90	  7.56	 85.80	  2.12	  4.80	  2.44	 0.703	 1.062	 0.00000000	 0.597	  0.428	      1.735	      0.183	 330.00	  0.00	
m60413c3r4.htb	   0.0	  0.03	 2.000	  5.00	 -20.00	 50.00	   0.0	 16.50	 28.63	 270.60	 17.02	 23.23	 14.68	 0.380	 0.832	 0.00000000	 0.692	  0.249	      0.895	      0.062	 330.00	  0.00	
m60413c3r4.htb	   0.0	  0.03	 2.000	  5.00	 -20.00	 50.00	   1.0	 29.70	 28.56	 270.60	 18.66	 23.30	 14.68	 0.347	 0.713	 0.00000000	 0.630	  0.302	      0.829	      0.091	 330.00	  0.00	
m60413c4r5.htb	   0.0	  0.03	 2.000	 -10.00	 -10.00	 40.00	   0.0	 52.80	  4.27	 178.20	  2.67	  3.45	  0.25	 0.365	 0.398	 0.23505812	 0.362	  0.357	      0.166	      0.128	 330.00	  0.00	
m60413c4r5.htb	   0.0	  0.03	 2.000	 -10.00	 -10.00	 40.00	   1.0	 66.00	  4.06	 122.10	  2.19	  3.11	  0.25	 0.457	 0.491	 0.12448490	 0.394	  0.415	      0.267	      0.173	 330.00	  0.00	
m60413c5r4.htb	   0.0	  0.03	 2.000	 -10.00	 -10.00	 40.00	   0.0	 264.00	  5.98	 316.80	  3.01	  4.44	  1.00	 0.378	 0.595	 0.60112729	 0.310	  0.603	      0.305	      0.364	 330.00	  0.00	
m60413c5r4.htb	   0.0	  0.03	 2.000	 -10.00	 -10.00	 40.00	   1.0	 267.30	  6.97	  0.00	  2.94	  5.18	  1.00	 0.579	 0.675	 0.07427903	 0.417	  0.618	      0.665	      0.382	 330.00	  0.00	
m60414c2r5.htb	 250.0	  0.05	 2.000	  0.00	 -8.00	 40.00	   0.0	 244.20	 12.06	 141.90	  6.09	  8.70	  2.99	 0.479	 0.658	 0.03236221	 0.419	  0.688	      0.960	      0.474	 330.00	  0.00	
m60414c2r5.htb	 250.0	  0.05	 2.000	  0.00	 -8.00	 40.00	   1.0	 214.50	 13.21	 89.10	  7.39	 10.74	  2.99	 0.431	 0.569	 0.22777813	 0.382	  0.801	      0.841	      0.642	 330.00	  0.00	
m60418c1r4.htb	 180.0	  0.03	 2.000	 -5.00	 -10.00	 50.00	   0.0	 201.30	 21.02	 310.20	 13.19	 18.43	  6.97	 0.323	 0.557	 0.05282566	 0.416	  0.594	      0.657	      0.353	 330.00	  0.00	
m60418c1r4.htb	 180.0	  0.03	 2.000	 -5.00	 -10.00	 50.00	   1.0	 240.90	 24.23	 16.50	 15.40	 20.00	  6.97	 0.314	 0.511	 0.00129915	 0.442	  0.543	      0.905	      0.295	 330.00	  0.00	
m60420c1r4.htb	 180.0	  0.03	 2.000	  5.00	 -5.00	 40.00	   0.0	 181.50	 20.77	 310.20	 12.38	 16.26	  2.69	 0.391	 0.464	 0.00000000	 0.581	  0.364	      1.277	      0.132	 330.00	  0.00	
m60420c1r4.htb	 180.0	  0.03	 2.000	  5.00	 -5.00	 40.00	   1.0	 191.40	 21.56	 105.60	 11.49	 16.42	  2.69	 0.429	 0.533	 0.00000000	 0.614	  0.359	      1.894	      0.129	 330.00	  0.00	
m60421c1r4.htb	   0.0	  0.03	 2.000	  8.00	 -10.00	 40.00	   0.0	 19.80	 14.14	 237.60	  9.44	 11.95	  2.89	 0.317	 0.417	 0.02275968	 0.428	  0.424	      0.386	      0.180	 330.00	  0.00	
m60421c1r4.htb	   0.0	  0.03	 2.000	  8.00	 -10.00	 40.00	   1.0	 323.40	 16.11	 85.80	  9.90	 13.01	  2.89	 0.370	 0.470	 0.00163065	 0.487	  0.437	      0.573	      0.191	 330.00	  0.00	
m60421c2r4.htb	   0.0	  0.03	 2.000	 18.00	 -10.00	 40.00	   0.0	  0.00	 10.85	 85.80	  3.72	  7.20	  1.14	 0.651	 0.735	 0.00000000	 0.609	  0.431	      1.648	      0.186	 330.00	  0.00	
m60421c2r4.htb	   0.0	  0.03	 2.000	 18.00	 -10.00	 40.00	   1.0	 330.00	 13.73	 69.30	  3.82	  7.64	  1.14	 0.696	 0.787	 0.00000000	 0.678	  0.399	      2.681	      0.159	 330.00	  0.00	
m60421c3r4.htb	   0.0	  0.03	 2.000	 10.00	  5.00	 40.00	   0.0	 264.00	 27.15	 118.80	 19.81	 24.05	  5.77	 0.267	 0.343	 0.00830266	 0.458	  0.464	      0.534	      0.216	 330.00	  0.00	
m60421c3r4.htb	   0.0	  0.03	 2.000	 10.00	  5.00	 40.00	   1.0	 16.50	 31.96	 280.50	 23.20	 27.09	  5.77	 0.236	 0.334	 0.01164643	 0.473	  0.399	      0.376	      0.159	 330.00	  0.00	
m60424c3r4.htb	   0.0	  0.03	 2.000	 10.00	  0.00	 40.00	   0.0	 267.30	 24.47	 207.90	 17.53	 20.70	  1.08	 0.282	 0.297	 0.30548412	 0.481	  0.421	      0.213	      0.177	 330.00	  0.00	
m60424c3r4.htb	   0.0	  0.03	 2.000	 10.00	  0.00	 40.00	   1.0	 155.10	 27.47	  0.00	 23.38	 24.89	  1.08	 0.145	 0.155	 0.79596759	 0.357	  0.373	      0.088	      0.139	 330.00	  0.00	
m60424c4r4.htb	   0.0	  0.03	 2.000	  0.00	  0.00	 30.00	   0.0	 79.20	 17.71	 125.40	 12.94	 15.60	  2.89	 0.241	 0.322	 0.09443446	 0.363	  0.523	      0.452	      0.274	 330.00	  0.00	
m60424c4r4.htb	   0.0	  0.03	 2.000	  0.00	  0.00	 30.00	   1.0	 330.00	 20.30	 237.60	 14.98	 17.82	  2.89	 0.262	 0.305	 0.22923635	 0.382	  0.488	      0.312	      0.238	 330.00	  0.00	
m60424c5r4.htb	   0.0	  0.03	 2.000	  0.00	  0.00	 40.00	   0.0	 102.30	 23.86	 39.60	 16.75	 20.29	  2.69	 0.271	 0.336	 0.00000770	 0.481	  0.382	      0.683	      0.146	 330.00	  0.00	
m60424c5r4.htb	   0.0	  0.03	 2.000	  0.00	  0.00	 40.00	   1.0	 277.20	 25.91	 181.50	 17.42	 21.38	  2.69	 0.320	 0.366	 0.00000038	 0.551	  0.362	      0.741	      0.131	 330.00	  0.00	
m60518c1r4.htb	   0.0	  0.03	 2.000	  8.00	 -10.00	 40.00	   0.0	 267.30	 16.64	 194.70	 11.03	 13.82	  1.49	 0.306	 0.371	 0.11090607	 0.413	  0.606	      0.585	      0.367	 330.00	  0.00	
m60518c1r4.htb	   0.0	  0.03	 2.000	  8.00	 -10.00	 40.00	   1.0	 270.60	 18.11	 313.50	 11.91	 14.70	  1.49	 0.264	 0.373	 0.00075968	 0.446	  0.377	      0.460	      0.142	 330.00	  0.00	
m60519c1r4.htb	   0.0	  0.03	 2.000	  0.00	 -10.00	 40.00	   0.0	 66.00	 18.09	 231.00	 14.56	 16.76	  2.29	 0.182	 0.223	 0.06367297	 0.376	  0.338	      0.205	      0.114	 330.00	  0.00	
m60519c1r4.htb	   0.0	  0.03	 2.000	  0.00	 -10.00	 40.00	   1.0	 240.90	 19.88	 204.60	 14.26	 16.56	  2.29	 0.271	 0.319	 0.09044420	 0.455	  0.395	      0.260	      0.156	 330.00	  0.00	
m60519c2r4.htb	   0.0	  0.03	 2.000	  5.00	  0.00	 30.00	   0.0	 277.20	 24.65	  0.00	 20.98	 22.69	  4.41	 0.142	 0.181	 0.96118288	 0.300	  0.442	      0.073	      0.195	 330.00	  0.00	
m60519c2r4.htb	   0.0	  0.03	 2.000	  5.00	  0.00	 30.00	   1.0	  0.00	 22.80	 148.50	 20.06	 21.49	  4.41	 0.120	 0.149	 0.98219635	 0.304	  0.351	      0.038	      0.123	 330.00	  0.00	
m60519c4r4.htb	   0.0	  0.03	 2.000	  5.00	  0.00	 30.00	   0.0	 82.50	 30.72	 16.50	 25.63	 28.26	  7.91	 0.139	 0.223	 0.19970446	 0.399	  0.306	      0.128	      0.093	 330.00	  0.00	
m60519c4r4.htb	   0.0	  0.03	 2.000	  5.00	  0.00	 30.00	   1.0	 79.20	 30.99	 138.60	 26.66	 29.27	  7.91	 0.118	 0.188	 0.02184506	 0.402	  0.254	      0.140	      0.065	 330.00	  0.00	
m60519c5r4.htb	   0.0	  0.03	 2.000	  5.00	  0.00	 30.00	   0.0	 207.90	 21.43	 316.80	 17.86	 19.37	  1.54	 0.140	 0.179	 0.40976324	 0.320	  0.357	      0.134	      0.128	 330.00	  0.00	
m60519c5r4.htb	   0.0	  0.03	 2.000	  5.00	  0.00	 30.00	   1.0	  9.90	 21.23	 287.10	 18.33	 19.42	  1.54	 0.112	 0.147	 0.86791633	 0.255	  0.375	      0.077	      0.141	 330.00	  0.00	
m60519c6r4.htb	   0.0	  0.03	 2.000	  0.00	  0.00	 30.00	   0.0	 211.20	 21.69	 260.70	 19.22	 20.22	  2.44	 0.112	 0.128	 0.63494238	 0.310	  0.299	      0.072	      0.089	 330.00	  0.00	
m60519c6r4.htb	   0.0	  0.03	 2.000	  0.00	  0.00	 30.00	   1.0	 330.00	 22.54	 221.10	 19.70	 20.50	  2.44	 0.121	 0.141	 0.35870658	 0.336	  0.299	      0.099	      0.089	 330.00	  0.00	
m60526c1r4.htb	   0.0	  0.03	 2.000	 -5.00	  0.00	 40.00	   0.0	 250.80	 25.68	 198.00	 17.36	 22.20	  7.16	 0.267	 0.450	 0.17313730	 0.363	  0.690	      0.677	      0.476	 330.00	  0.00	
m60526c1r4.htb	   0.0	  0.03	 2.000	 -5.00	  0.00	 40.00	   1.0	 244.20	 29.28	 29.70	 22.78	 25.75	  7.16	 0.218	 0.294	 0.11305499	 0.405	  0.476	      0.359	      0.226	 330.00	  0.00	
m60526c2r4.htb	   0.0	  0.03	 2.000	  0.00	  0.00	 40.00	   0.0	 198.00	 27.92	 310.20	 18.79	 25.24	  5.82	 0.274	 0.413	 0.01078242	 0.474	  0.428	      0.438	      0.183	 330.00	  0.00	
m60526c2r4.htb	   0.0	  0.03	 2.000	  0.00	  0.00	 40.00	   1.0	  9.90	 30.77	 313.50	 21.19	 25.68	  5.82	 0.247	 0.384	 0.00000121	 0.501	  0.365	      0.704	      0.133	 330.00	  0.00	
m60526c3r4.htb	   0.0	  0.03	 2.000	  8.00	  8.00	 40.00	   0.0	 207.90	 23.48	 99.00	 17.36	 20.92	  4.43	 0.246	 0.321	 0.07622915	 0.403	  0.492	      0.418	      0.242	 330.00	  0.00	
m60526c3r4.htb	   0.0	  0.03	 2.000	  8.00	  8.00	 40.00	   1.0	 178.20	 25.48	 293.70	 19.51	 22.63	  4.43	 0.229	 0.284	 0.16128892	 0.396	  0.490	      0.348	      0.240	 330.00	  0.00	
m60526c4r4.htb	   0.0	  0.03	 2.000	  0.00	 -10.00	 40.00	   0.0	 148.50	 20.22	 29.70	 14.68	 17.55	  4.88	 0.273	 0.361	 0.39955902	 0.366	  0.622	      0.410	      0.386	 330.00	  0.00	
m60526c4r4.htb	   0.0	  0.03	 2.000	  0.00	 -10.00	 40.00	   1.0	 323.40	 20.38	 194.70	 15.66	 17.51	  4.88	 0.221	 0.305	 0.63061387	 0.307	  0.599	      0.290	      0.358	 330.00	  0.00	
m60526c5r4.htb	   0.0	  0.03	 2.000	 -5.00	 -5.00	 40.00	   0.0	 214.50	  5.20	 128.70	  2.22	  3.68	  1.58	 0.548	 0.822	 0.00409779	 0.510	  0.383	      0.423	      0.146	 330.00	  0.00	
m60526c5r4.htb	   0.0	  0.03	 2.000	 -5.00	 -5.00	 40.00	   1.0	 62.70	  5.51	 313.50	  1.29	  3.80	  1.58	 0.652	 1.073	 0.00386023	 0.529	  0.430	      0.538	      0.185	 330.00	  0.00	
m60623c1r4.htb	   0.0	  0.03	 2.000	  0.00	  0.00	 40.00	   0.0	 46.20	 21.31	 313.50	 17.10	 19.08	 10.25	 0.155	 0.381	 0.48165019	 0.318	  0.407	      0.160	      0.166	 330.00	  0.00	
m60623c1r4.htb	   0.0	  0.03	 2.000	  0.00	  0.00	 40.00	   1.0	 52.80	 21.48	 125.40	 17.83	 20.03	 10.25	 0.165	 0.324	 0.55667612	 0.340	  0.396	      0.139	      0.156	 330.00	  0.00	
m60623c2r4.htb	   0.0	  0.03	 2.000	  0.00	  0.00	 40.00	   0.0	 85.80	 10.81	 128.70	  7.85	  9.73	  5.77	 0.249	 0.587	 0.11158007	 0.359	  0.381	      0.231	      0.146	 330.00	  0.00	
m60623c2r4.htb	   0.0	  0.03	 2.000	  0.00	  0.00	 40.00	   1.0	 69.30	 13.63	 217.80	  9.00	 11.85	  5.77	 0.320	 0.589	 0.00142602	 0.452	  0.393	      0.470	      0.155	 330.00	  0.00	
m60626c1r4.htb	   0.0	  0.03	 2.000	 10.00	 -13.00	 30.00	   0.0	  0.00	 23.95	 217.80	 19.67	 22.17	  4.34	 0.169	 0.219	 0.30627068	 0.368	  0.371	      0.164	      0.137	 330.00	  0.00	
m60626c1r4.htb	   0.0	  0.03	 2.000	 10.00	 -13.00	 30.00	   1.0	 95.70	 24.62	 145.20	 18.60	 22.00	  4.34	 0.233	 0.297	 0.02134759	 0.469	  0.347	      0.269	      0.120	 330.00	  0.00	
m60626c3r4.htb	   0.0	  0.03	 2.000	  0.00	 -10.00	 40.00	   0.0	 287.10	 20.05	 204.60	 15.32	 17.11	  4.33	 0.224	 0.301	 0.22039388	 0.364	  0.469	      0.291	      0.220	 330.00	  0.00	
m60626c3r4.htb	   0.0	  0.03	 2.000	  0.00	 -10.00	 40.00	   1.0	 277.20	 21.33	 214.50	 15.95	 19.17	  4.33	 0.238	 0.316	 0.21835485	 0.381	  0.479	      0.305	      0.229	 330.00	  0.00	
m60628c3r4.htb	   0.0	  0.03	 2.000	 10.00	  0.00	 40.00	   0.0	 273.90	 20.53	 36.30	 14.65	 16.98	  8.26	 0.276	 0.479	 0.00482776	 0.476	  0.374	      0.371	      0.140	 330.00	  0.00	
m60628c3r4.htb	   0.0	  0.03	 2.000	 10.00	  0.00	 40.00	   1.0	 89.10	 21.02	 330.00	 15.57	 17.84	  8.26	 0.258	 0.427	 0.00933544	 0.473	  0.355	      0.308	      0.126	 330.00	  0.00	
m60629c3r4.htb	   0.0	  0.03	 2.000	  8.00	 -12.00	 40.00	   0.0	 313.50	 36.33	 267.30	 30.52	 32.33	 13.53	 0.130	 0.255	 0.10874938	 0.492	  0.208	      0.072	      0.043	 330.00	  0.00	
m60629c3r4.htb	   0.0	  0.03	 2.000	  8.00	 -12.00	 40.00	   1.0	 313.50	 35.04	 122.10	 30.71	 32.71	 13.53	 0.102	 0.201	 0.76110342	 0.367	  0.260	      0.045	      0.068	 330.00	  0.00	
m60629c4r4.htb	   0.0	  0.03	 2.000	 -8.00	 -10.00	 40.00	   0.0	 227.70	 24.68	 52.80	 19.76	 21.71	  4.15	 0.173	 0.240	 0.40257650	 0.350	  0.416	      0.184	      0.173	 330.00	  0.00	
m60629c4r4.htb	   0.0	  0.03	 2.000	 -8.00	 -10.00	 40.00	   1.0	 92.40	 23.33	 310.20	 18.70	 21.33	  4.15	 0.176	 0.241	 0.42071181	 0.370	  0.394	      0.161	      0.155	 330.00	  0.00	
m60719c2r4.htb	 170.0	  0.03	 2.000	 10.00	 -10.00	 40.00	   0.0	 330.00	  8.36	 75.90	  5.03	  6.31	  3.43	 0.393	 0.676	 0.00650255	 0.444	  0.400	      0.408	      0.160	 330.00	  0.00	
m60719c2r4.htb	 170.0	  0.03	 2.000	 10.00	 -10.00	 40.00	   1.0	 330.00	  8.26	 59.40	  4.43	  6.61	  3.43	 0.464	 0.793	 0.03663350	 0.487	  0.405	      0.326	      0.164	 330.00	  0.00	
m60719c3r4.htb	   0.0	  0.03	 2.000	 10.00	  0.00	 40.00	   0.0	 59.40	  0.95	 118.80	  0.30	  0.57	  0.25	 0.684	 0.931	 0.36111989	 0.306	  0.516	      0.295	      0.266	 330.00	  0.00	
m60719c3r4.htb	   0.0	  0.03	 2.000	 10.00	  0.00	 40.00	   1.0	 56.10	  0.91	 211.20	  0.25	  0.45	  0.25	 0.722	 1.001	 0.19357695	 0.393	  0.453	      0.282	      0.205	 330.00	  0.00	
m60720c1r4.htb	   0.0	  0.03	 2.000	  0.00	  0.00	 40.00	   0.0	 267.30	 19.18	  6.60	 11.56	 14.96	  2.24	 0.392	 0.450	 0.00000024	 0.548	  0.397	      0.915	      0.157	 330.00	  0.00	
m60720c1r4.htb	   0.0	  0.03	 2.000	  0.00	  0.00	 40.00	   1.0	 270.60	 20.94	  0.00	 12.39	 16.24	  2.24	 0.409	 0.457	 0.00000000	 0.585	  0.375	      1.060	      0.141	 330.00	  0.00	
m60720c1r4.htb	   0.0	  0.03	 2.000	  0.00	  0.00	 40.00	   0.0	 267.30	 19.18	  6.60	 11.56	 14.96	  2.24	 0.392	 0.450	 0.00000024	 0.548	  0.397	      0.915	      0.157	 330.00	  0.00	
m60720c1r4.htb	   0.0	  0.03	 2.000	  0.00	  0.00	 40.00	   1.0	 270.60	 20.94	  0.00	 12.39	 16.24	  2.24	 0.409	 0.457	 0.00000000	 0.585	  0.375	      1.060	      0.141	 330.00	  0.00	
m60720c1r4.htb	   0.0	  0.03	 2.000	  0.00	  0.00	 40.00	   0.0	 267.30	 19.18	  6.60	 11.56	 14.96	  2.24	 0.392	 0.450	 0.00000024	 0.548	  0.397	      0.915	      0.157	 330.00	  0.00	
m60720c1r4.htb	   0.0	  0.03	 2.000	  0.00	  0.00	 40.00	   1.0	 270.60	 20.94	  0.00	 12.39	 16.24	  2.24	 0.409	 0.457	 0.00000000	 0.585	  0.375	      1.060	      0.141	 330.00	  0.00	
m60720c2r4.htb	   0.0	  0.03	 2.000	  5.00	 -10.00	 40.00	   0.0	 85.80	 29.78	 23.10	 22.79	 26.09	  1.08	 0.225	 0.244	 0.10043946	 0.519	  0.306	      0.160	      0.094	 330.00	  0.00	
m60720c2r4.htb	   0.0	  0.03	 2.000	  5.00	 -10.00	 40.00	   1.0	 181.50	 29.76	 19.80	 23.83	 26.98	  1.08	 0.184	 0.207	 0.41612999	 0.448	  0.324	      0.111	      0.105	 330.00	  0.00	
m60720c3r4.htb	   0.0	  0.03	 2.000	 -8.00	 -10.00	 40.00	   0.0	 316.80	 20.05	 231.00	 15.75	 17.86	  1.89	 0.183	 0.237	 0.00036466	 0.450	  0.262	      0.238	      0.069	 330.00	  0.00	
m60720c3r4.htb	   0.0	  0.03	 2.000	 -8.00	 -10.00	 40.00	   1.0	 330.00	 19.10	 240.90	 14.78	 17.51	  1.89	 0.227	 0.251	 0.00173561	 0.501	  0.263	      0.207	      0.069	 330.00	  0.00	
m60721c4r4.htb	  90.0	  0.03	 2.000	 -10.00	  0.00	 40.00	   0.0	  0.00	 20.25	 247.50	 11.99	 16.17	  0.65	 0.393	 0.421	 0.00000597	 0.502	  0.494	      1.165	      0.244	 330.00	  0.00	
m60721c4r4.htb	  90.0	  0.03	 2.000	 -10.00	  0.00	 40.00	   1.0	  3.30	 20.41	 237.60	 12.62	 16.04	  0.65	 0.379	 0.394	 0.00014104	 0.504	  0.467	      0.820	      0.218	 330.00	  0.00	
m60721c5r4.htb	  90.0	  0.03	 2.000	  0.00	 -8.00	 40.00	   0.0	  0.00	 27.06	 260.70	 17.79	 23.01	  1.04	 0.338	 0.356	 0.00000000	 0.585	  0.345	      1.198	      0.119	 330.00	  0.00	
m60721c5r4.htb	  90.0	  0.03	 2.000	  0.00	 -8.00	 40.00	   1.0	 16.50	 29.34	 277.20	 18.80	 23.78	  1.04	 0.330	 0.373	 0.00000000	 0.603	  0.322	      1.008	      0.103	 330.00	  0.00	
m60801c1r4.htb	   0.0	  0.03	 2.000	 -10.00	  5.00	 40.00	   0.0	 151.80	  6.37	 201.30	  4.76	  5.39	  1.44	 0.250	 0.327	 0.88270317	 0.241	  0.554	      0.161	      0.307	 330.00	  0.00	
m60801c1r4.htb	   0.0	  0.03	 2.000	 -10.00	  5.00	 40.00	   1.0	 283.80	  6.65	  0.00	  4.23	  5.53	  1.44	 0.356	 0.465	 0.43085215	 0.343	  0.510	      0.267	      0.260	 330.00	  0.00	
m60803c2r4.htb	   0.0	  0.03	 2.000	 -8.00	  0.00	 40.00	   0.0	  0.00	 17.01	 303.60	 10.69	 13.97	  1.59	 0.371	 0.410	 0.00001451	 0.537	  0.373	      0.623	      0.139	 330.00	  0.00	
m60803c2r4.htb	   0.0	  0.03	 2.000	 -8.00	  0.00	 40.00	   1.0	 168.30	 17.32	 310.20	 12.19	 14.85	  1.59	 0.282	 0.326	 0.00108635	 0.442	  0.407	      0.519	      0.166	 330.00	  0.00	
m60804c1r4.htb	   0.0	  0.03	 2.000	  5.00	 -10.00	 40.00	   0.0	 75.90	 15.46	 132.00	  8.77	 11.91	  1.49	 0.379	 0.479	 0.00164236	 0.419	  0.587	      1.033	      0.345	 330.00	  0.00	
m60804c1r4.htb	   0.0	  0.03	 2.000	  5.00	 -10.00	 40.00	   1.0	 267.30	 15.40	 313.50	  8.06	 12.51	  1.49	 0.382	 0.528	 0.03147702	 0.419	  0.542	      0.599	      0.294	 330.00	  0.00	
m60815c3r4.htb	   0.0	  0.03	 2.000	  5.00	 -20.00	 40.00	   0.0	 181.50	 18.56	 59.40	 13.53	 15.97	 12.54	 0.271	 0.835	 0.32197193	 0.388	  0.509	      0.301	      0.259	 330.00	  0.00	
m60815c3r4.htb	   0.0	  0.03	 2.000	  5.00	 -20.00	 40.00	   1.0	 207.90	 19.27	 82.50	 14.02	 16.78	 12.54	 0.266	 0.780	 0.06404037	 0.397	  0.479	      0.411	      0.229	 330.00	  0.00	
m60816c1r4.htb	   0.0	  0.03	 2.000	  0.00	 -10.00	 40.00	   0.0	 188.10	 15.49	 148.50	 10.94	 13.26	  1.79	 0.276	 0.332	 0.55887770	 0.303	  0.884	      0.691	      0.782	 330.00	  0.00	
m60816c1r4.htb	   0.0	  0.03	 2.000	  0.00	 -10.00	 40.00	   1.0	 13.20	 18.40	 330.00	 12.99	 15.30	  1.79	 0.259	 0.326	 0.15449648	 0.361	  0.525	      0.405	      0.276	 330.00	  0.00	
m60816c2r4.htb	   0.0	  0.03	 2.000	  0.00	  0.00	 40.00	   0.0	  0.00	 29.65	 250.80	 26.15	 28.10	  5.77	 0.109	 0.147	 0.23625828	 0.356	  0.285	      0.105	      0.081	 330.00	  0.00	
m60816c2r4.htb	   0.0	  0.03	 2.000	  0.00	  0.00	 40.00	   1.0	  3.30	 30.91	 313.50	 27.36	 29.29	  5.77	 0.101	 0.141	 0.03100722	 0.394	  0.224	      0.102	      0.050	 330.00	  0.00	
m60816c2r4.htb	   0.0	  0.03	 2.000	  0.00	  0.00	 40.00	   0.0	  0.00	 29.65	 250.80	 26.15	 28.10	  5.77	 0.109	 0.147	 0.23625828	 0.356	  0.285	      0.105	      0.081	 330.00	  0.00	
m60816c2r4.htb	   0.0	  0.03	 2.000	  0.00	  0.00	 40.00	   1.0	  3.30	 30.91	 313.50	 27.36	 29.29	  5.77	 0.101	 0.141	 0.03100722	 0.394	  0.224	      0.102	      0.050	 330.00	  0.00	
m60816c3r4.htb	   0.0	  0.03	 2.000	 -10.00	 -10.00	 40.00	   0.0	 283.80	 13.19	 234.30	  9.93	 11.37	  6.47	 0.218	 0.484	 0.29907632	 0.338	  0.439	      0.231	      0.193	 330.00	  0.00	
m60816c3r4.htb	   0.0	  0.03	 2.000	 -10.00	 -10.00	 40.00	   1.0	 313.50	 13.47	 36.30	 10.46	 11.86	  6.47	 0.201	 0.430	 0.43467742	 0.310	  0.445	      0.202	      0.198	 330.00	  0.00	
m60818c1r4.htb	 180.0	  0.03	 2.000	 -10.00	 -10.00	 40.00	   0.0	 313.50	  5.78	 270.60	  3.48	  4.49	  0.85	 0.333	 0.466	 0.30131292	 0.361	  0.362	      0.156	      0.131	 330.00	  0.00	
m60818c1r4.htb	 180.0	  0.03	 2.000	 -10.00	 -10.00	 40.00	   1.0	 148.50	  7.32	 39.60	  3.20	  4.83	  0.85	 0.551	 0.636	 0.00001060	 0.567	  0.350	      0.563	      0.123	 330.00	  0.00	
m60818c2r4.htb	   0.0	  0.03	 2.000	 10.00	 10.00	 40.00	   0.0	 316.80	 28.03	 267.30	 22.79	 25.61	 14.76	 0.155	 0.395	 0.70117313	 0.294	  0.524	      0.202	      0.274	 330.00	  0.00	
m60818c2r4.htb	   0.0	  0.03	 2.000	 10.00	 10.00	 40.00	   1.0	 330.00	 29.41	  0.00	 23.22	 26.52	 14.76	 0.211	 0.423	 0.28134974	 0.399	  0.477	      0.278	      0.227	 330.00	  0.00	
m60818c3r4.htb	   0.0	  0.03	 2.000	 -10.00	  0.00	 40.00	   0.0	 59.40	  7.32	 283.80	  3.26	  5.08	  2.34	 0.517	 0.814	 0.00002788	 0.508	  0.413	      0.729	      0.170	 330.00	  0.00	
m60818c3r4.htb	   0.0	  0.03	 2.000	 -10.00	  0.00	 40.00	   1.0	 59.40	  8.16	 273.90	  3.87	  5.73	  2.34	 0.524	 0.737	 0.00020822	 0.535	  0.409	      0.610	      0.167	 330.00	  0.00	
m60821c4r4.htb	   0.0	  0.03	 2.000	  5.00	 -15.00	 40.00	   0.0	 42.90	 23.25	 89.10	 17.90	 21.27	  2.49	 0.221	 0.258	 0.16807924	 0.464	  0.333	      0.165	      0.111	 330.00	  0.00	
m60821c4r4.htb	   0.0	  0.03	 2.000	  5.00	 -15.00	 40.00	   1.0	  0.00	 26.99	 92.40	 19.29	 21.74	  2.49	 0.285	 0.314	 0.05551732	 0.535	  0.350	      0.242	      0.123	 330.00	  0.00	
m60821c5r4.htb	   0.0	  0.03	 2.000	  5.00	  5.00	 40.00	   0.0	 260.70	 26.57	 330.00	 17.16	 22.14	  5.61	 0.347	 0.449	 0.02399528	 0.480	  0.558	      0.691	      0.311	 330.00	  0.00	
m60821c5r4.htb	   0.0	  0.03	 2.000	  5.00	  5.00	 40.00	   1.0	 244.20	 30.28	  0.00	 20.26	 23.92	  5.61	 0.325	 0.406	 0.01992433	 0.497	  0.494	      0.557	      0.244	 330.00	  0.00	
m60824c4r4.htb	   0.0	  0.03	 2.000	  0.00	 -10.00	 40.00	   0.0	 188.10	 27.16	 277.20	 19.37	 23.96	  7.21	 0.267	 0.391	 0.34534436	 0.487	  0.405	      0.192	      0.164	 330.00	  0.00	
m60824c4r4.htb	   0.0	  0.03	 2.000	  0.00	 -10.00	 40.00	   1.0	 211.20	 28.35	 277.20	 17.96	 23.53	  7.21	 0.357	 0.491	 0.71747772	 0.420	  1.110	      0.877	      1.233	 330.00	  0.00	
m60825c1r4.htb	 180.0	  0.03	 2.000	  0.00	  0.00	 40.00	   0.0	  0.00	  8.26	 72.60	  3.52	  5.96	  4.13	 0.560	 1.149	 0.00000000	 0.591	  0.334	      1.157	      0.112	 330.00	  0.00	
m60825c1r4.htb	 180.0	  0.03	 2.000	  0.00	  0.00	 40.00	   1.0	 165.00	  8.83	 72.60	  2.83	  5.77	  4.13	 0.645	 1.276	 0.00000000	 0.648	  0.323	      1.879	      0.104	 330.00	  0.00	
