FILE			 PrfOR	 PrfSF	 PrfTF	 RFXctr	 RFYctr	 RFDiam	 GrType	 MaxLoc	 MaxRsp	 MinLoc	 MinRsp	 AvgRsp	 Spont	 ModIx	 DTI  	 AnovaP	 DDI  	 VarTerm	 MSgrp	 MSerror	 MaxX 	 MinX 	
m60110c2r2.htb	  30.0	  0.05	 2.000	  3.00	 -7.00	 30.00	   0.0	 273.90	  3.60	 16.50	  1.72	  2.70	  0.70	 0.479	 0.646	 0.98500491	 0.287	  0.659	      0.125	      0.434	 330.00	  0.00	
m60110c2r2.htb	  30.0	  0.05	 2.000	  3.00	 -7.00	 30.00	   1.0	 244.20	  3.73	 155.10	  1.58	  2.68	  0.70	 0.561	 0.710	 0.45001679	 0.435	  0.524	      0.278	      0.274	 330.00	  0.00	
m60117c2r3.htb	  90.0	  0.05	 4.000	  5.00	 -10.00	 40.00	   0.0	 52.80	 24.66	 330.00	 17.16	 21.60	 13.10	 0.299	 0.649	 0.19008945	 0.467	  0.469	      0.313	      0.220	 330.00	  0.00	
m60117c2r3.htb	  90.0	  0.05	 4.000	  5.00	 -10.00	 40.00	   1.0	 211.20	 22.59	  0.00	 16.02	 19.50	 13.10	 0.291	 0.692	 0.73608802	 0.395	  0.565	      0.222	      0.319	 330.00	  0.00	
m60125c1r5.htb	  30.0	  0.05	 2.000	  0.00	  0.00	 50.00	   0.0	 62.70	 10.27	 16.50	  3.42	  6.65	  6.27	 0.512	 1.712	 0.28750045	 0.492	  0.484	      0.293	      0.234	 330.00	  0.00	
m60125c1r5.htb	  30.0	  0.05	 2.000	  0.00	  0.00	 50.00	   1.0	 56.10	  8.68	  6.60	  4.96	  6.79	  6.27	 0.406	 1.542	 0.55993023	 0.450	  0.404	      0.145	      0.164	 330.00	  0.00	
m60125c2r3.htb	  30.0	  0.03	 2.000	 -7.00	 -3.00	 40.00	   0.0	 211.20	 14.45	 310.20	  8.77	 11.64	  5.22	 0.353	 0.616	 0.12460600	 0.500	  0.381	      0.244	      0.145	 330.00	  0.00	
m60125c2r3.htb	  30.0	  0.03	 2.000	 -7.00	 -3.00	 40.00	   1.0	 115.50	 14.63	 267.30	 11.44	 12.77	  5.22	 0.216	 0.339	 0.68963612	 0.447	  0.273	      0.055	      0.074	 330.00	  0.00	
m60125c3r4.htb	  30.0	  0.03	 2.000	 -8.00	 -18.00	 30.00	   0.0	 250.80	 23.45	 128.70	 17.04	 20.85	  5.60	 0.247	 0.359	 0.37538337	 0.458	  0.377	      0.159	      0.142	 330.00	  0.00	
m60125c3r4.htb	  30.0	  0.03	 2.000	 -8.00	 -18.00	 30.00	   1.0	 280.50	 22.96	 217.80	 19.21	 21.10	  5.60	 0.148	 0.216	 0.88505907	 0.346	  0.362	      0.067	      0.131	 330.00	  0.00	
m60125c4r3.htb	 180.0	  0.03	 2.000	  0.00	 -8.00	 30.00	   0.0	 270.60	 20.71	 155.10	 10.31	 16.03	  3.88	 0.489	 0.618	 0.23794640	 0.504	  0.640	      0.547	      0.410	 330.00	  0.00	
m60125c4r3.htb	 180.0	  0.03	 2.000	  0.00	 -8.00	 30.00	   1.0	 270.60	 21.39	 52.80	 10.58	 16.33	  3.88	 0.474	 0.617	 0.07128490	 0.502	  0.629	      0.732	      0.396	 330.00	  0.00	
m60201c2r2.htb	  60.0	  0.03	 2.000	  0.00	 -10.00	 50.00	   0.0	 270.60	 22.32	 178.20	 16.64	 20.18	  7.55	 0.253	 0.384	 0.63845927	 0.406	  0.476	      0.182	      0.227	 330.00	  0.00	
m60201c2r2.htb	  60.0	  0.03	 2.000	  0.00	 -10.00	 50.00	   1.0	 89.10	 24.89	 135.30	 18.82	 21.25	  7.55	 0.227	 0.350	 0.36330229	 0.432	  0.395	      0.174	      0.156	 330.00	  0.00	
m60201c3r6.htb	 270.0	  0.03	 2.000	  8.00	 -15.00	 50.00	   0.0	  0.00	 24.54	 148.50	 13.19	 20.47	  3.86	 0.459	 0.549	 0.36126092	 0.509	  0.637	      0.472	      0.406	 330.00	  0.00	
m60201c3r6.htb	 270.0	  0.03	 2.000	  8.00	 -15.00	 50.00	   1.0	 330.00	 25.54	 148.50	 15.74	 20.60	  3.86	 0.383	 0.452	 0.56428234	 0.441	  0.730	      0.472	      0.532	 330.00	  0.00	
m60201c4r6.htb	 270.0	  0.03	 2.000	  8.00	 -18.00	 30.00	   0.0	 89.10	 11.74	 52.80	  4.17	  7.26	  4.39	 0.612	 1.031	 0.84783107	 0.340	  1.106	      0.691	      1.222	 330.00	  0.00	
m60201c4r6.htb	 270.0	  0.03	 2.000	  8.00	 -18.00	 30.00	   1.0	 277.20	 11.80	 23.10	  3.78	  7.75	  4.39	 0.652	 1.083	 0.82801640	 0.343	  1.178	      0.819	      1.389	 330.00	  0.00	
m60201c5r6.htb	  30.0	  0.03	 2.000	 10.00	 -10.00	 50.00	   0.0	 270.60	 31.99	 313.50	 16.87	 23.26	  3.98	 0.374	 0.540	 0.18760734	 0.469	  0.691	      0.688	      0.477	 330.00	  0.00	
m60201c5r6.htb	  30.0	  0.03	 2.000	 10.00	 -10.00	 50.00	   1.0	 270.60	 30.05	 316.80	 13.40	 22.74	  3.98	 0.397	 0.639	 0.10124357	 0.480	  0.696	      0.829	      0.485	 330.00	  0.00	
m60203c1r2.htb	  30.0	  0.03	 2.000	 -2.00	 -12.00	 50.00	   0.0	  0.00	 15.07	 244.20	  7.80	 10.69	  3.28	 0.475	 0.617	 0.00050125	 0.521	  0.480	      0.775	      0.230	 330.00	  0.00	
m60203c1r2.htb	  30.0	  0.03	 2.000	 -2.00	 -12.00	 50.00	   1.0	 79.20	 12.91	 310.20	  8.05	 10.76	  3.28	 0.333	 0.505	 0.00024266	 0.471	  0.359	      0.463	      0.129	 330.00	  0.00	
m60203c2r5.htb	   0.0	  0.03	 2.000	 -5.00	 -10.00	 40.00	   0.0	 184.80	 17.96	 66.00	 12.35	 14.73	  8.56	 0.302	 0.597	 0.00013547	 0.487	  0.355	      0.477	      0.126	 330.00	  0.00	
m60203c2r5.htb	   0.0	  0.03	 2.000	 -5.00	 -10.00	 40.00	   1.0	  9.90	 17.78	 59.40	 12.27	 15.02	  8.56	 0.276	 0.597	 0.00029135	 0.490	  0.320	      0.361	      0.102	 330.00	  0.00	
m60203c3r2.htb	   0.0	  0.03	 2.000	  5.00	 -20.00	 40.00	   0.0	 181.50	 12.05	 313.50	  7.43	 10.10	  3.63	 0.343	 0.549	 0.10534121	 0.406	  0.496	      0.396	      0.246	 330.00	  0.00	
m60203c3r2.htb	   0.0	  0.03	 2.000	  5.00	 -20.00	 40.00	   1.0	 181.50	 12.59	 29.70	  8.86	 10.54	  3.63	 0.296	 0.417	 0.21871960	 0.352	  0.536	      0.382	      0.288	 330.00	  0.00	
m60207c1r2.htb	  30.0	  0.03	 2.000	 -8.00	 -12.00	 50.00	   0.0	 303.60	 13.70	 56.10	  5.26	  9.97	  2.59	 0.604	 0.759	 0.00000000	 0.610	  0.453	      1.781	      0.205	 330.00	  0.00	
m60207c1r2.htb	  30.0	  0.03	 2.000	 -8.00	 -12.00	 50.00	   1.0	 135.30	 16.11	 56.10	  6.78	 11.15	  2.59	 0.559	 0.690	 0.00000000	 0.608	  0.423	      2.148	      0.179	 330.00	  0.00	
m60207c2r2.htb	 300.0	  0.03	 4.000	  0.00	 -2.00	 50.00	   0.0	 280.50	 18.88	 240.90	 16.77	 17.82	  8.91	 0.104	 0.211	 0.97426162	 0.193	  0.477	      0.078	      0.228	 330.00	  0.00	
m60207c2r2.htb	 300.0	  0.03	 4.000	  0.00	 -2.00	 50.00	   1.0	 306.90	 20.64	 330.00	 16.67	 18.13	  8.91	 0.179	 0.339	 0.22018300	 0.359	  0.384	      0.196	      0.148	 330.00	  0.00	
m60207c3r2.htb	 300.0	  0.03	 4.000	 -5.00	 -5.00	 50.00	   0.0	 46.20	 22.85	 267.30	 11.81	 17.08	  7.31	 0.449	 0.711	 0.00001346	 0.509	  0.588	      1.562	      0.346	 330.00	  0.00	
m60207c3r2.htb	 300.0	  0.03	 4.000	 -5.00	 -5.00	 50.00	   1.0	 310.20	 22.78	 270.60	 15.41	 19.04	  7.31	 0.282	 0.477	 0.06019805	 0.378	  0.593	      0.638	      0.352	 330.00	  0.00	
m60207c4r2.htb	  30.0	  0.03	 2.000	 10.00	 10.00	 40.00	   0.0	 316.80	 14.73	 260.70	  9.10	 12.59	  5.57	 0.361	 0.615	 0.05761510	 0.401	  0.564	      0.582	      0.318	 330.00	  0.00	
m60207c4r2.htb	  30.0	  0.03	 2.000	 10.00	 10.00	 40.00	   1.0	 13.20	 17.23	 207.90	 10.12	 14.11	  5.57	 0.410	 0.610	 0.03289611	 0.453	  0.589	      0.701	      0.346	 330.00	  0.00	
m60301c1r4.htb	  30.0	  0.03	 2.000	  0.00	 -5.00	 40.00	   0.0	 310.20	  9.17	  0.00	  7.11	  8.34	  1.24	 0.214	 0.260	 0.69957762	 0.333	  0.342	      0.086	      0.117	 330.00	  0.00	
m60301c1r4.htb	  30.0	  0.03	 2.000	  0.00	 -5.00	 40.00	   1.0	 303.60	  8.72	 95.70	  6.23	  7.63	  1.24	 0.280	 0.333	 0.03117226	 0.419	  0.314	      0.201	      0.098	 330.00	  0.00	
m60301c2r4.htb	  30.0	  0.03	 2.000	 -5.00	 -10.00	 40.00	   0.0	 75.90	 16.25	  9.90	 14.16	 15.21	  3.68	 0.114	 0.167	 0.99992500	 0.140	  0.989	      0.093	      0.977	 330.00	  0.00	
m60301c2r4.htb	  30.0	  0.03	 2.000	 -5.00	 -10.00	 40.00	   1.0	 181.50	 16.02	 16.50	 12.73	 14.75	  3.68	 0.171	 0.267	 0.99998153	 0.148	  1.098	      0.087	      1.205	 330.00	  0.00	
m60301c3r4.htb	  30.0	  0.03	 4.000	 10.00	 -5.00	 40.00	   0.0	 237.60	 22.42	 273.90	 18.86	 20.80	  7.55	 0.151	 0.240	 0.76720361	 0.347	  0.372	      0.091	      0.138	 330.00	  0.00	
m60301c3r4.htb	  30.0	  0.03	 4.000	 10.00	 -5.00	 40.00	   1.0	 211.20	 18.92	 118.80	 14.56	 17.25	  7.55	 0.228	 0.383	 0.57862602	 0.391	  0.412	      0.147	      0.170	 330.00	  0.00	
m60301c4r4.htb	  30.0	  0.03	 4.000	 20.00	 -10.00	 50.00	   0.0	 178.20	 20.53	 330.00	 14.73	 18.01	 11.14	 0.282	 0.618	 0.99943139	 0.241	  1.441	      0.284	      2.078	 330.00	  0.00	
m60301c4r4.htb	  30.0	  0.03	 4.000	 20.00	 -10.00	 50.00	   1.0	 313.50	 25.18	 13.20	 13.75	 17.24	 11.14	 0.378	 0.814	 0.98411686	 0.291	  1.386	      0.561	      1.920	 330.00	  0.00	
m60302c1r4.htb	  30.0	  0.03	 2.000	  0.00	 -2.00	 50.00	   0.0	  0.00	 10.45	 92.40	  5.25	  7.77	  2.09	 0.495	 0.621	 0.00000130	 0.533	  0.414	      0.904	      0.172	 330.00	  0.00	
m60302c1r4.htb	  30.0	  0.03	 2.000	  0.00	 -2.00	 50.00	   1.0	 330.00	  8.21	 95.70	  4.39	  5.96	  2.09	 0.461	 0.624	 0.00070067	 0.499	  0.378	      0.466	      0.143	 330.00	  0.00	
m60302c2r4.htb	  30.0	  0.05	 4.000	  0.00	 -10.00	 40.00	   0.0	 330.00	 21.64	 244.20	 10.69	 15.48	  2.32	 0.494	 0.567	 0.43312914	 0.566	  0.532	      0.308	      0.283	 330.00	  0.00	
m60302c2r4.htb	  30.0	  0.05	 4.000	  0.00	 -10.00	 40.00	   1.0	 13.20	 28.00	 198.00	 11.63	 18.92	  2.32	 0.523	 0.637	 0.04529316	 0.610	  0.511	      0.688	      0.261	 330.00	  0.00	
m60302c3r4.htb	  30.0	  0.03	 4.000	 -5.00	 -5.00	 60.00	   0.0	  0.00	 10.45	 99.00	  5.93	  8.19	  4.13	 0.419	 0.716	 0.00001998	 0.526	  0.346	      0.525	      0.120	 330.00	  0.00	
m60302c3r4.htb	  30.0	  0.03	 4.000	 -5.00	 -5.00	 60.00	   1.0	 316.80	  9.26	 92.40	  4.66	  7.90	  4.13	 0.475	 0.897	 0.00002423	 0.537	  0.357	      0.551	      0.127	 330.00	  0.00	
m60302c4r4.htb	  30.0	  0.03	 2.000	 -5.00	  0.00	 50.00	   0.0	  0.00	 24.48	 92.40	 13.86	 20.95	  8.71	 0.429	 0.673	 0.00000154	 0.569	  0.460	      1.101	      0.211	 330.00	  0.00	
m60302c4r4.htb	  30.0	  0.03	 2.000	 -5.00	  0.00	 50.00	   1.0	 214.50	 25.01	 95.70	 17.66	 22.18	  8.71	 0.287	 0.451	 0.00014031	 0.516	  0.363	      0.497	      0.132	 330.00	  0.00	
m60404c3r4.htb	   0.0	  0.03	 1.000	 10.00	 10.00	 40.00	   0.0	 201.30	  7.33	 92.40	  4.33	  5.76	  1.54	 0.408	 0.518	 0.08643389	 0.408	  0.464	      0.363	      0.215	 330.00	  0.00	
m60404c3r4.htb	   0.0	  0.03	 1.000	 10.00	 10.00	 40.00	   1.0	 122.10	  7.04	 59.40	  3.23	  5.66	  1.54	 0.539	 0.693	 0.00299891	 0.477	  0.449	      0.564	      0.201	 330.00	  0.00	
m60404c4r4.htb	   0.0	  0.03	 1.000	 10.00	  5.00	 40.00	   0.0	 214.50	 12.96	 115.50	  7.29	 10.17	  5.32	 0.427	 0.743	 0.00000164	 0.520	  0.415	      0.894	      0.172	 330.00	  0.00	
m60404c4r4.htb	   0.0	  0.03	 1.000	 10.00	  5.00	 40.00	   1.0	  0.00	 13.83	 115.50	  6.43	 10.26	  5.32	 0.529	 0.870	 0.00000000	 0.638	  0.337	      1.034	      0.114	 330.00	  0.00	
m60404c5r4.htb	   0.0	  0.03	 2.000	  0.00	  0.00	 40.00	   0.0	 221.10	 16.33	 287.10	  8.20	 11.32	  5.19	 0.464	 0.730	 0.00000000	 0.634	  0.316	      0.939	      0.100	 330.00	  0.00	
m60404c5r4.htb	   0.0	  0.03	 2.000	  0.00	  0.00	 40.00	   1.0	 237.60	 14.12	 95.70	  7.55	 10.89	  5.19	 0.460	 0.736	 0.00000058	 0.601	  0.339	      0.705	      0.115	 330.00	  0.00	
m60405c2r4.htb	   0.0	  0.03	 2.000	 -10.00	 -15.00	 40.00	   0.0	 264.00	 18.89	 33.00	 11.34	 13.81	  8.16	 0.392	 0.704	 0.00000054	 0.558	  0.379	      0.796	      0.143	 330.00	  0.00	
m60405c2r4.htb	   0.0	  0.03	 2.000	 -10.00	 -15.00	 40.00	   1.0	 254.10	 19.69	 23.10	  9.20	 14.30	  8.16	 0.496	 0.910	 0.00000000	 0.651	  0.340	      1.239	      0.116	 330.00	  0.00	
m60405c3r5.htb	 270.0	  0.03	 2.000	 -5.00	 -15.00	 40.00	   0.0	 267.30	 18.36	 125.40	  9.51	 12.49	  4.78	 0.471	 0.651	 0.00000000	 0.625	  0.356	      1.108	      0.127	 330.00	  0.00	
m60405c3r5.htb	 270.0	  0.03	 2.000	 -5.00	 -15.00	 40.00	   1.0	 267.30	 17.21	 26.40	  8.56	 12.53	  4.78	 0.500	 0.696	 0.00000000	 0.668	  0.304	      1.031	      0.093	 330.00	  0.00	
m60414c1r4.htb	 180.0	  0.05	 2.000	 -8.00	 -8.00	 50.00	   0.0	 247.50	  4.68	 306.90	  1.38	  2.66	  0.40	 0.670	 0.770	 0.01732257	 0.421	  0.503	      0.566	      0.253	 330.00	  0.00	
m60414c1r4.htb	 180.0	  0.05	 2.000	 -8.00	 -8.00	 50.00	   1.0	 267.30	  5.02	 313.50	  1.53	  3.04	  0.40	 0.570	 0.754	 0.00007971	 0.511	  0.383	      0.578	      0.146	 330.00	  0.00	
m60414c3r4.htb	 180.0	  0.05	 2.000	 -10.00	  0.00	 50.00	   0.0	 257.40	 28.08	 125.40	 16.66	 21.46	 14.05	 0.383	 0.814	 0.00000000	 0.621	  0.343	      0.928	      0.118	 330.00	  0.00	
m60414c3r4.htb	 180.0	  0.05	 2.000	 -10.00	  0.00	 50.00	   1.0	 257.40	 28.60	 135.30	 16.66	 22.49	 14.05	 0.369	 0.821	 0.00000001	 0.597	  0.372	      1.015	      0.138	 330.00	  0.00	
m60419c1r4.htb	 180.0	  0.03	 2.000	 10.00	  5.00	 50.00	   0.0	 330.00	 11.64	 237.60	  6.75	  8.84	  4.33	 0.419	 0.668	 0.06019542	 0.432	  0.517	      0.485	      0.268	 330.00	  0.00	
m60419c1r4.htb	 180.0	  0.03	 2.000	 10.00	  5.00	 50.00	   1.0	 16.50	 12.97	 191.40	  6.84	  9.60	  4.33	 0.414	 0.709	 0.00309262	 0.432	  0.518	      0.748	      0.268	 330.00	  0.00	
m60419c2r4.htb	 180.0	  0.03	 2.000	 10.00	 -10.00	 40.00	   0.0	 224.40	 17.32	 273.90	 13.07	 14.83	  9.55	 0.225	 0.547	 0.10573841	 0.373	  0.444	      0.318	      0.197	 330.00	  0.00	
m60419c2r4.htb	 180.0	  0.03	 2.000	 10.00	 -10.00	 40.00	   1.0	 23.10	 19.45	 293.70	 13.47	 15.54	  9.55	 0.294	 0.604	 0.04265535	 0.419	  0.470	      0.428	      0.221	 330.00	  0.00	
m60420c2r6.htb	   0.0	  0.03	 2.000	  5.00	  0.00	 40.00	   0.0	  0.00	 34.58	 79.20	 31.63	 32.98	 19.55	 0.082	 0.196	 0.02422152	 0.374	  0.208	      0.092	      0.043	 330.00	  0.00	
m60420c2r6.htb	   0.0	  0.03	 2.000	  5.00	  0.00	 40.00	   1.0	  0.00	 34.63	 46.20	 31.25	 32.65	 19.55	 0.091	 0.224	 0.52655218	 0.372	  0.234	      0.050	      0.055	 330.00	  0.00	
m60424c1r4.htb	 180.0	  0.03	 2.000	 -10.00	 -10.00	 40.00	   0.0	 270.60	 19.72	 99.00	 13.09	 15.94	  0.05	 0.333	 0.337	 0.00000000	 0.566	  0.313	      0.730	      0.098	 330.00	  0.00	
m60424c1r4.htb	 180.0	  0.03	 2.000	 -10.00	 -10.00	 40.00	   1.0	  0.00	 24.08	 89.10	 15.18	 20.28	  0.05	 0.370	 0.370	 0.00000000	 0.708	  0.210	      0.587	      0.044	 330.00	  0.00	
m60424c2r4.htb	   0.0	  0.03	 2.000	  8.00	 -8.00	 40.00	   0.0	 267.30	 19.63	 320.10	  9.73	 13.22	  0.25	 0.485	 0.511	 0.00000001	 0.555	  0.502	      1.749	      0.252	 330.00	  0.00	
m60424c2r4.htb	   0.0	  0.03	 2.000	  8.00	 -8.00	 40.00	   1.0	 267.30	 21.44	 16.50	 13.53	 18.10	  0.25	 0.311	 0.373	 0.00253023	 0.437	  0.485	      0.672	      0.235	 330.00	  0.00	
m60515c4r4.htb	   0.0	  0.03	 2.000	 -10.00	 10.00	 40.00	   0.0	 254.10	  5.97	 118.80	  2.62	  4.73	  1.64	 0.543	 0.773	 0.00440971	 0.506	  0.398	      0.424	      0.158	 330.00	  0.00	
m60515c4r4.htb	   0.0	  0.03	 2.000	 -10.00	 10.00	 40.00	   1.0	 240.90	  5.77	 56.10	  4.06	  4.88	  1.64	 0.293	 0.415	 0.26397390	 0.368	  0.354	      0.157	      0.125	 330.00	  0.00	
m60517c1r4.htb	   0.0	  0.03	 2.000	  0.00	  0.00	 40.00	   0.0	 198.00	  8.02	 257.40	  4.55	  6.06	  2.44	 0.381	 0.621	 0.00199123	 0.432	  0.405	      0.481	      0.164	 330.00	  0.00	
m60517c1r4.htb	   0.0	  0.03	 2.000	  0.00	  0.00	 40.00	   1.0	 211.20	  7.96	 92.40	  4.90	  6.65	  2.44	 0.381	 0.555	 0.00618381	 0.469	  0.359	      0.332	      0.129	 330.00	  0.00	
m60517c2r4.htb	   0.0	  0.03	 2.000	 -10.00	 -10.00	 40.00	   0.0	 49.50	  5.51	 92.40	  3.57	  4.79	  0.65	 0.339	 0.400	 0.46425369	 0.336	  0.405	      0.162	      0.164	 330.00	  0.00	
m60517c2r4.htb	   0.0	  0.03	 2.000	 -10.00	 -10.00	 40.00	   1.0	 330.00	  5.82	  0.00	  4.28	  4.78	  0.65	 0.265	 0.298	 0.76416547	 0.327	  0.393	      0.103	      0.154	 330.00	  0.00	
m60517c3r4.htb	   0.0	  0.03	 2.000	 10.00	 -10.00	 30.00	   0.0	 16.50	 17.54	 62.70	 12.71	 14.20	  3.43	 0.226	 0.342	 0.60306901	 0.327	  0.482	      0.195	      0.233	 330.00	  0.00	
m60517c3r4.htb	   0.0	  0.03	 2.000	 10.00	 -10.00	 30.00	   1.0	 79.20	 15.75	 313.50	 12.10	 14.11	  3.43	 0.188	 0.296	 0.15230300	 0.342	  0.390	      0.224	      0.152	 330.00	  0.00	
m60517c4r4.htb	   0.0	  0.03	 2.000	  5.00	 -8.00	 30.00	   0.0	 13.20	 29.50	 85.80	 22.97	 26.18	  5.29	 0.198	 0.270	 0.31418980	 0.366	  0.491	      0.284	      0.241	 330.00	  0.00	
m60517c4r4.htb	   0.0	  0.03	 2.000	  5.00	 -8.00	 30.00	   1.0	 316.80	 28.42	 214.50	 22.27	 25.33	  5.29	 0.182	 0.266	 0.70355965	 0.337	  0.516	      0.195	      0.266	 330.00	  0.00	
m60517c5r4.htb	   0.0	  0.03	 2.000	 10.00	 -10.00	 40.00	   0.0	 59.40	 21.84	 122.10	 16.23	 19.83	  2.49	 0.255	 0.290	 0.88377694	 0.264	  0.884	      0.409	      0.782	 330.00	  0.00	
m60517c5r4.htb	   0.0	  0.03	 2.000	 10.00	 -10.00	 40.00	   1.0	 26.40	 20.68	 138.60	 15.45	 18.10	  2.49	 0.236	 0.288	 0.93837089	 0.261	  0.797	      0.275	      0.635	 330.00	  0.00	
m60517c6r4.htb	   0.0	  0.03	 2.000	  8.00	 10.00	 40.00	   0.0	 207.90	 23.96	 95.70	 18.45	 21.64	  5.78	 0.226	 0.303	 0.22000850	 0.402	  0.437	      0.255	      0.191	 330.00	  0.00	
m60517c6r4.htb	   0.0	  0.03	 2.000	  8.00	 10.00	 40.00	   1.0	 320.10	 24.42	 250.80	 18.27	 21.03	  5.78	 0.227	 0.330	 0.03441699	 0.469	  0.335	      0.229	      0.112	 330.00	  0.00	
m60518c2r4.htb	   0.0	  0.03	 2.000	 -8.00	 -5.00	 40.00	   0.0	 72.60	 19.10	 310.20	 16.64	 18.08	  2.27	 0.113	 0.146	 0.91178362	 0.270	  0.351	      0.059	      0.123	 330.00	  0.00	
m60518c2r4.htb	   0.0	  0.03	 2.000	 -8.00	 -5.00	 40.00	   1.0	 240.90	 21.39	 303.60	 17.31	 18.91	  2.27	 0.190	 0.214	 0.27701299	 0.476	  0.254	      0.080	      0.064	 330.00	  0.00	
m60519c3r4.htb	   0.0	  0.03	 2.000	 -5.00	 -5.00	 30.00	   0.0	 13.20	 28.91	 270.60	 22.79	 26.40	  1.99	 0.202	 0.227	 0.06862834	 0.493	  0.294	      0.162	      0.087	 330.00	  0.00	
m60519c3r4.htb	   0.0	  0.03	 2.000	 -5.00	 -5.00	 30.00	   1.0	 211.20	 29.36	 310.20	 23.74	 27.31	  1.99	 0.176	 0.205	 0.29556117	 0.485	  0.262	      0.084	      0.068	 330.00	  0.00	
m60523c1r4.htb	   0.0	  0.03	 2.000	  0.00	  0.00	 40.00	   0.0	 59.40	 11.49	 297.00	  7.86	  9.95	  3.63	 0.316	 0.462	 0.74358212	 0.312	  0.718	      0.357	      0.515	 330.00	  0.00	
m60523c1r4.htb	   0.0	  0.03	 2.000	  0.00	  0.00	 40.00	   1.0	 13.20	 14.41	 300.30	  8.75	 10.99	  3.63	 0.351	 0.525	 0.46150351	 0.325	  0.715	      0.506	      0.512	 330.00	  0.00	
m60523c2r4.htb	   0.0	  0.03	 2.000	  0.00	 -10.00	 40.00	   0.0	 39.60	 29.67	 310.20	 23.82	 26.98	  9.70	 0.189	 0.293	 0.41725717	 0.309	  0.630	      0.412	      0.397	 330.00	  0.00	
m60523c2r4.htb	   0.0	  0.03	 2.000	  0.00	 -10.00	 40.00	   1.0	 99.00	 30.93	 151.80	 24.57	 28.32	  9.70	 0.199	 0.300	 0.44943999	 0.324	  0.643	      0.415	      0.414	 330.00	  0.00	
m60523c3r4.htb	   0.0	  0.03	 2.000	  0.00	 -10.00	 40.00	   0.0	 270.60	  5.72	 13.20	  3.99	  4.81	  2.99	 0.278	 0.631	 0.36164971	 0.335	  0.351	      0.136	      0.123	 330.00	  0.00	
m60523c3r4.htb	   0.0	  0.03	 2.000	  0.00	 -10.00	 40.00	   1.0	 244.20	  6.25	 151.80	  3.93	  5.34	  2.99	 0.368	 0.710	 0.18024166	 0.394	  0.397	      0.222	      0.158	 330.00	  0.00	
m60523c4r4.htb	   0.0	  0.03	 2.000	 -10.00	 -10.00	 40.00	   0.0	 254.10	 26.15	 19.80	 16.16	 21.65	  9.45	 0.354	 0.598	 0.00000000	 0.618	  0.312	      0.878	      0.097	 330.00	  0.00	
m60523c4r4.htb	   0.0	  0.03	 2.000	 -10.00	 -10.00	 40.00	   1.0	 270.60	 28.41	 26.40	 19.80	 23.01	  9.45	 0.303	 0.454	 0.00000025	 0.554	  0.356	      0.734	      0.126	 330.00	  0.00	
m60524c1r4.htb	   0.0	  0.03	 2.000	 -5.00	 -7.00	 30.00	   0.0	 66.00	  7.41	 310.20	  4.23	  6.41	  1.99	 0.378	 0.587	 0.47780709	 0.329	  0.590	      0.338	      0.348	 330.00	  0.00	
m60524c1r4.htb	   0.0	  0.03	 2.000	 -5.00	 -7.00	 30.00	   1.0	 26.40	  8.75	 323.40	  5.54	  7.03	  1.99	 0.360	 0.475	 0.52641665	 0.333	  0.563	      0.290	      0.316	 330.00	  0.00	
m60524c2r4.htb	   0.0	  0.03	 2.000	 -10.00	  0.00	 30.00	   0.0	 231.00	 13.62	 125.40	  8.53	 11.28	  1.19	 0.359	 0.410	 0.02077040	 0.415	  0.538	      0.630	      0.290	 330.00	  0.00	
m60524c2r4.htb	   0.0	  0.03	 2.000	 -10.00	  0.00	 30.00	   1.0	 247.50	 18.09	  9.90	  8.94	 13.83	  1.19	 0.440	 0.542	 0.00351815	 0.482	  0.580	      0.926	      0.336	 330.00	  0.00	
m60524c3r4.htb	 240.0	  0.03	 2.000	  0.00	  7.00	 30.00	   0.0	 178.20	  9.08	 214.50	  4.31	  6.60	  3.18	 0.500	 0.810	 0.24392604	 0.379	  0.728	      0.680	      0.530	 330.00	  0.00	
m60524c3r4.htb	 240.0	  0.03	 2.000	  0.00	  7.00	 30.00	   1.0	 330.00	 10.50	 240.90	  5.52	  7.43	  3.18	 0.474	 0.680	 0.30409327	 0.398	  0.742	      0.654	      0.551	 330.00	  0.00	
m60524c5r4.htb	   0.0	  0.03	 2.000	 -10.00	 -5.00	 40.00	   0.0	 214.50	 21.60	 99.00	 16.22	 18.61	  5.52	 0.234	 0.335	 0.48594566	 0.319	  0.682	      0.447	      0.465	 330.00	  0.00	
m60524c5r4.htb	   0.0	  0.03	 2.000	 -10.00	 -5.00	 40.00	   1.0	 23.10	 20.93	 125.40	 14.30	 17.23	  5.52	 0.309	 0.430	 0.33631581	 0.359	  0.670	      0.513	      0.449	 330.00	  0.00	
m60525c1r4.htb	   0.0	  0.03	 2.000	 10.00	 -10.00	 40.00	   0.0	 155.10	 11.68	 56.10	  5.12	  8.75	  0.40	 0.554	 0.581	 0.00000000	 0.606	  0.366	      1.292	      0.134	 330.00	  0.00	
m60525c1r4.htb	   0.0	  0.03	 2.000	 10.00	 -10.00	 40.00	   1.0	 148.50	 14.68	 72.60	  6.38	 10.46	  0.40	 0.542	 0.581	 0.00000000	 0.641	  0.348	      1.998	      0.121	 330.00	  0.00	
m60525c2r4.htb	   0.0	  0.03	 2.000	  5.00	  0.00	 40.00	   0.0	 72.60	 31.93	 330.00	 24.03	 28.47	  9.15	 0.238	 0.347	 0.00000073	 0.534	  0.314	      0.539	      0.099	 330.00	  0.00	
m60525c2r4.htb	   0.0	  0.03	 2.000	  5.00	  0.00	 40.00	   1.0	 240.90	 32.39	 330.00	 28.91	 30.76	  9.15	 0.108	 0.150	 0.23914364	 0.378	  0.270	      0.094	      0.073	 330.00	  0.00	
m60525c3r4.htb	   0.0	  0.03	 2.000	 10.00	 -10.00	 40.00	   0.0	 204.60	 12.23	 283.80	  7.32	  9.37	  4.43	 0.384	 0.630	 0.00027835	 0.468	  0.437	      0.678	      0.191	 330.00	  0.00	
m60525c3r4.htb	   0.0	  0.03	 2.000	 10.00	 -10.00	 40.00	   1.0	 16.50	 13.37	 72.60	  7.83	 10.25	  4.43	 0.343	 0.619	 0.00142910	 0.433	  0.447	      0.607	      0.200	 330.00	  0.00	
m60525c4r4.htb	   0.0	  0.03	 2.000	 10.00	 -10.00	 40.00	   0.0	 158.40	 20.65	 112.20	 15.15	 17.23	  4.78	 0.238	 0.346	 0.40562996	 0.344	  0.559	      0.329	      0.313	 330.00	  0.00	
m60525c4r4.htb	   0.0	  0.03	 2.000	 10.00	 -10.00	 40.00	   1.0	 161.70	 22.69	 270.60	 15.61	 20.02	  4.78	 0.304	 0.395	 0.02020769	 0.435	  0.537	      0.631	      0.289	 330.00	  0.00	
m60531c1r4.htb	   0.0	  0.03	 2.000	 -10.00	  0.00	 50.00	   0.0	 59.40	  1.54	 16.50	  0.26	  0.89	  0.54	 0.706	 1.282	 0.78807037	 0.270	  0.702	      0.317	      0.492	 330.00	  0.00	
m60531c1r4.htb	   0.0	  0.03	 2.000	 -10.00	  0.00	 50.00	   1.0	 270.60	  2.32	 330.00	  0.79	  1.49	  0.54	 0.661	 0.861	 0.64571919	 0.315	  0.743	      0.438	      0.552	 330.00	  0.00	
m60531c2r4.htb	   0.0	  0.03	 2.000	 -5.00	 -5.00	 50.00	   0.0	 267.30	 15.93	 148.50	  7.96	 11.08	  5.87	 0.500	 0.792	 0.00000310	 0.552	  0.473	      1.113	      0.223	 330.00	  0.00	
m60531c2r4.htb	   0.0	  0.03	 2.000	 -5.00	 -5.00	 50.00	   1.0	 264.00	 14.12	 320.10	  8.80	 11.49	  5.87	 0.323	 0.645	 0.01054285	 0.441	  0.427	      0.437	      0.182	 330.00	  0.00	
m60601c1r4.htb	   0.0	  0.03	 2.000	  0.00	  7.00	 40.00	   0.0	 151.80	  5.92	 108.90	  2.50	  4.18	  0.25	 0.513	 0.604	 0.00280689	 0.458	  0.445	      0.559	      0.198	 330.00	  0.00	
m60601c1r4.htb	   0.0	  0.03	 2.000	  0.00	  7.00	 40.00	   1.0	 330.00	  7.11	 66.00	  4.23	  5.73	  0.25	 0.399	 0.420	 0.08399243	 0.394	  0.478	      0.388	      0.229	 330.00	  0.00	
m60601c2r4.htb	   0.0	  0.03	 2.000	 -10.00	 -15.00	 40.00	   0.0	 95.70	  7.94	 204.60	  0.69	  3.38	  0.75	 0.903	 1.007	 0.02860635	 0.725	  0.364	      0.594	      0.133	 330.00	  0.00	
m60601c2r4.htb	   0.0	  0.03	 2.000	 -10.00	 -15.00	 40.00	   1.0	 118.80	 16.06	 158.40	 -1.54	  4.76	  0.75	 1.000	 1.149	 0.40844960	 0.680	  0.939	      1.212	      0.882	 330.00	  0.00	
m60601c3r4.htb	  90.0	  0.03	 2.000	  0.00	 -10.00	 40.00	   0.0	 270.60	  9.21	  0.00	  5.92	  7.39	  2.04	 0.357	 0.459	 0.01816074	 0.417	  0.441	      0.432	      0.194	 330.00	  0.00	
m60601c3r4.htb	  90.0	  0.03	 2.000	  0.00	 -10.00	 40.00	   1.0	 300.30	  9.85	 181.50	  7.35	  8.61	  2.04	 0.253	 0.320	 0.57749497	 0.327	  0.464	      0.186	      0.216	 330.00	  0.00	
m60601c4r4.htb	  90.0	  0.03	 2.000	  0.00	  0.00	 40.00	   0.0	 280.50	 24.14	 158.40	 15.66	 20.22	  7.16	 0.320	 0.500	 0.04538060	 0.412	  0.654	      0.818	      0.428	 330.00	  0.00	
m60601c4r4.htb	  90.0	  0.03	 2.000	  0.00	  0.00	 40.00	   1.0	 75.90	 23.85	 174.90	 17.14	 20.56	  7.16	 0.259	 0.402	 0.11535097	 0.340	  0.678	      0.726	      0.460	 330.00	  0.00	
m60601c5r4.htb	  90.0	  0.03	 2.000	  0.00	 -8.00	 40.00	   0.0	 303.60	 24.97	 19.80	 18.96	 21.71	  8.66	 0.233	 0.368	 0.02125448	 0.467	  0.351	      0.268	      0.123	 330.00	  0.00	
m60601c5r4.htb	  90.0	  0.03	 2.000	  0.00	 -8.00	 40.00	   1.0	 95.70	 25.21	 26.40	 18.88	 22.91	  8.66	 0.247	 0.382	 0.00803099	 0.463	  0.383	      0.366	      0.147	 330.00	  0.00	
m60602c1r4.htb	   0.0	  0.03	 2.000	  0.00	 -7.00	 30.00	   0.0	 178.20	 14.62	 49.50	 12.06	 13.26	  3.58	 0.163	 0.232	 0.95880934	 0.243	  0.526	      0.107	      0.276	 330.00	  0.00	
m60602c1r4.htb	   0.0	  0.03	 2.000	  0.00	 -7.00	 30.00	   1.0	 184.80	 18.12	 313.50	 12.08	 15.44	  3.58	 0.304	 0.415	 0.01605882	 0.421	  0.464	      0.486	      0.215	 330.00	  0.00	
m60602c2r4.htb	   0.0	  0.03	 2.000	 -8.00	 -8.00	 30.00	   0.0	 118.80	 26.42	 62.70	 20.23	 22.89	  7.56	 0.232	 0.328	 0.82930847	 0.311	  0.706	      0.297	      0.499	 330.00	  0.00	
m60602c2r4.htb	   0.0	  0.03	 2.000	 -8.00	 -8.00	 30.00	   1.0	 310.20	 28.83	  0.00	 20.70	 24.40	  7.56	 0.271	 0.383	 0.12761899	 0.402	  0.591	      0.537	      0.349	 330.00	  0.00	
m60602c3r4.htb	   0.0	  0.03	 2.000	  0.00	  5.00	 30.00	   0.0	 16.50	 14.59	 62.70	  8.75	 11.11	  2.99	 0.338	 0.503	 0.85314566	 0.304	  0.782	      0.346	      0.612	 330.00	  0.00	
m60602c3r4.htb	   0.0	  0.03	 2.000	  0.00	  5.00	 30.00	   1.0	 330.00	 15.02	 181.50	  9.85	 12.45	  2.99	 0.344	 0.430	 0.38031952	 0.354	  0.695	      0.525	      0.484	 330.00	  0.00	
m60602c4r4.htb	   0.0	  0.03	 2.000	  0.00	 -10.00	 20.00	   0.0	 290.40	 12.05	 214.50	  7.66	  9.67	  3.33	 0.351	 0.503	 0.20009471	 0.362	  0.587	      0.470	      0.344	 330.00	  0.00	
m60602c4r4.htb	   0.0	  0.03	 2.000	  0.00	 -10.00	 20.00	   1.0	 303.60	 14.05	 23.10	  9.61	 11.14	  3.33	 0.312	 0.414	 0.18766624	 0.381	  0.551	      0.422	      0.303	 330.00	  0.00	
m60602c5r4.htb	   0.0	  0.03	 2.000	 -5.00	 -5.00	 50.00	   0.0	 270.60	 19.59	 125.40	 12.86	 15.79	  9.25	 0.340	 0.651	 0.59600411	 0.368	  0.743	      0.466	      0.552	 330.00	  0.00	
m60602c5r4.htb	   0.0	  0.03	 2.000	 -5.00	 -5.00	 50.00	   1.0	 283.80	 19.72	 171.60	 15.17	 17.23	  9.25	 0.210	 0.434	 0.84610474	 0.221	  0.842	      0.407	      0.709	 330.00	  0.00	
m60605c1r4.htb	   0.0	  0.03	 2.000	 -3.00	 -7.00	 30.00	   0.0	 151.80	 27.85	 16.50	 22.44	 25.02	  5.67	 0.175	 0.244	 0.49898768	 0.325	  0.514	      0.250	      0.264	 330.00	  0.00	
m60605c1r4.htb	   0.0	  0.03	 2.000	 -3.00	 -7.00	 30.00	   1.0	 330.00	 29.55	 303.60	 25.15	 27.95	  5.67	 0.148	 0.184	 0.22163704	 0.337	  0.413	      0.225	      0.170	 330.00	  0.00	
m60605c2r4.htb	   0.0	  0.03	 2.000	 -10.00	 -10.00	 30.00	   0.0	 280.50	  2.02	 148.50	  1.19	  1.65	  0.60	 0.400	 0.582	 0.32893424	 0.366	  0.364	      0.153	      0.133	 330.00	  0.00	
m60605c2r4.htb	   0.0	  0.03	 2.000	 -10.00	 -10.00	 30.00	   1.0	 165.00	  2.44	 19.80	  0.89	  1.67	  0.60	 0.574	 0.841	 0.03688138	 0.413	  0.402	      0.320	      0.162	 330.00	  0.00	
m60605c3r4.htb	   0.0	  0.03	 2.000	 -5.00	 -2.00	 30.00	   0.0	 36.30	 12.54	 306.90	  9.05	 10.84	  6.11	 0.272	 0.543	 0.59245996	 0.394	  0.390	      0.129	      0.152	 330.00	  0.00	
m60605c3r4.htb	   0.0	  0.03	 2.000	 -5.00	 -2.00	 30.00	   1.0	 244.20	 13.22	 151.80	 10.16	 11.76	  6.11	 0.226	 0.431	 0.34912472	 0.413	  0.312	      0.111	      0.097	 330.00	  0.00	
m60606c1r4.htb	   0.0	  0.03	 2.000	  8.00	 -8.00	 30.00	   0.0	 300.30	  1.39	 165.00	  0.38	  0.86	  0.00	 0.714	 0.724	 0.01378922	 0.422	  0.513	      0.608	      0.263	 330.00	  0.00	
m60606c1r4.htb	   0.0	  0.03	 2.000	  8.00	 -8.00	 30.00	   1.0	 13.20	  1.27	 141.90	  0.53	  0.93	  0.00	 0.560	 0.582	 0.76039838	 0.281	  0.509	      0.175	      0.259	 330.00	  0.00	
m60606c2r4.htb	   0.0	  0.03	 2.000	 -10.00	  0.00	 40.00	   0.0	 270.60	  6.21	 313.50	 -0.95	  2.26	  0.05	 0.888	 1.163	 0.00001046	 0.521	  0.919	      3.878	      0.845	 330.00	  0.00	
m60606c2r4.htb	   0.0	  0.03	 2.000	 -10.00	  0.00	 40.00	   1.0	 174.90	  8.67	 211.20	  3.79	  6.27	  0.05	 0.550	 0.566	 0.45751443	 0.347	  0.982	      0.958	      0.965	 330.00	  0.00	
m60606c3r4.htb	  90.0	  0.03	 2.000	 -8.00	 -10.00	 40.00	   0.0	 89.10	 14.68	 320.10	  0.04	  4.61	  0.15	 0.939	 1.008	 0.00000000	 0.621	  0.959	      8.637	      0.919	 330.00	  0.00	
m60606c3r4.htb	  90.0	  0.03	 2.000	 -8.00	 -10.00	 40.00	   1.0	 270.60	 18.45	 16.50	 10.19	 13.68	  0.15	 0.404	 0.451	 0.25131534	 0.392	  0.828	      0.870	      0.685	 330.00	  0.00	
m60606c4r4.htb	  90.0	  0.03	 2.000	  8.00	 -5.00	 40.00	   0.0	 92.40	 23.77	 204.60	 16.25	 19.32	  0.50	 0.312	 0.323	 0.00000048	 0.535	  0.363	      0.738	      0.132	 330.00	  0.00	
m60606c4r4.htb	  90.0	  0.03	 2.000	  8.00	 -5.00	 40.00	   1.0	 89.10	 28.21	 198.00	 22.65	 24.44	  0.50	 0.194	 0.201	 0.07773039	 0.426	  0.366	      0.230	      0.134	 330.00	  0.00	
m60606c5r4.htb	  90.0	  0.03	 2.000	  8.00	  0.00	 40.00	   0.0	 270.60	 17.32	 42.90	  9.04	 12.08	  1.09	 0.451	 0.510	 0.00194684	 0.453	  0.668	      1.312	      0.446	 330.00	  0.00	
m60606c5r4.htb	  90.0	  0.03	 2.000	  8.00	  0.00	 40.00	   1.0	 280.50	 19.86	 211.20	 12.96	 16.04	  1.09	 0.334	 0.368	 0.02608656	 0.422	  0.543	      0.620	      0.295	 330.00	  0.00	
m60613c5r4.htb	   0.0	  0.03	 2.000	 -8.00	 -15.00	 30.00	   0.0	 260.70	 25.29	 320.10	 15.64	 20.70	  5.97	 0.346	 0.499	 0.00031827	 0.526	  0.422	      0.683	      0.178	 330.00	  0.00	
m60613c5r4.htb	   0.0	  0.03	 2.000	 -8.00	 -15.00	 30.00	   1.0	 244.20	 27.94	 320.10	 17.32	 22.08	  5.97	 0.355	 0.483	 0.00000005	 0.662	  0.267	      0.545	      0.071	 330.00	  0.00	
m60613c6r4.htb	   0.0	  0.03	 2.000	 -5.00	 -10.00	 30.00	   0.0	 320.10	 27.82	 237.60	 22.76	 24.98	  6.27	 0.176	 0.235	 0.57951774	 0.428	  0.333	      0.096	      0.111	 330.00	  0.00	
m60613c6r4.htb	   0.0	  0.03	 2.000	 -5.00	 -10.00	 30.00	   1.0	 174.90	 28.67	 115.50	 22.57	 25.82	  6.27	 0.202	 0.272	 0.20598474	 0.509	  0.264	      0.099	      0.070	 330.00	  0.00	
m60614c1r4.htb	   0.0	  0.03	 2.000	  0.00	 -8.00	 30.00	   0.0	 330.00	 25.87	 118.80	 16.30	 20.52	  3.88	 0.370	 0.435	 0.00388749	 0.645	  0.291	      0.273	      0.085	 330.00	  0.00	
m60614c1r4.htb	   0.0	  0.03	 2.000	  0.00	 -8.00	 30.00	   1.0	  0.00	 23.76	 204.60	 18.13	 20.82	  3.88	 0.230	 0.283	 0.58755888	 0.430	  0.428	      0.157	      0.183	 330.00	  0.00	
m60614c2r4.htb	   0.0	  0.03	 2.000	  5.00	 -5.00	 30.00	   0.0	 151.80	 16.43	 300.30	 10.35	 13.07	 10.45	 0.370	 1.017	 0.19516241	 0.405	  0.630	      0.546	      0.397	 330.00	  0.00	
m60614c2r4.htb	   0.0	  0.03	 2.000	  5.00	 -5.00	 30.00	   1.0	 16.50	 16.64	 99.00	 11.87	 14.05	 10.45	 0.264	 0.771	 0.75149097	 0.302	  0.707	      0.342	      0.500	 330.00	  0.00	
m60614c3r4.htb	   0.0	  0.03	 2.000	  8.00	 -15.00	 30.00	   0.0	 240.90	 18.46	 62.70	 14.11	 16.04	  8.41	 0.235	 0.433	 0.02897512	 0.443	  0.338	      0.235	      0.114	 330.00	  0.00	
m60614c3r4.htb	   0.0	  0.03	 2.000	  8.00	 -15.00	 30.00	   1.0	 237.60	 18.67	 75.90	 12.89	 16.12	  8.41	 0.283	 0.563	 0.00035081	 0.480	  0.370	      0.476	      0.137	 330.00	  0.00	
m60614c4r4.htb	   0.0	  0.03	 2.000	  8.00	 -18.00	 30.00	   0.0	 174.90	 14.55	 39.60	  9.43	 11.94	  6.40	 0.330	 0.628	 0.00015586	 0.517	  0.334	      0.444	      0.112	 330.00	  0.00	
m60614c4r4.htb	   0.0	  0.03	 2.000	  8.00	 -18.00	 30.00	   1.0	 277.20	 14.27	 330.00	 10.09	 12.11	  6.40	 0.288	 0.530	 0.24785395	 0.433	  0.376	      0.182	      0.141	 330.00	  0.00	
m60615c1r4.htb	   0.0	  0.03	 2.000	 -8.00	 -17.00	 30.00	   0.0	 165.00	 27.06	 297.00	 19.72	 23.26	  2.14	 0.265	 0.295	 0.02021466	 0.422	  0.556	      0.676	      0.309	 330.00	  0.00	
m60615c1r4.htb	   0.0	  0.03	 2.000	 -8.00	 -17.00	 30.00	   1.0	  6.60	 31.97	 247.50	 21.76	 26.29	  2.14	 0.308	 0.342	 0.00008350	 0.511	  0.473	      0.878	      0.223	 330.00	  0.00	
m60615c2r4.htb	   0.0	  0.03	 2.000	 -10.00	 -17.00	 40.00	   0.0	 181.50	 15.73	 66.00	  8.79	 12.33	  4.98	 0.437	 0.645	 0.00004003	 0.647	  0.274	      0.372	      0.075	 330.00	  0.00	
m60615c2r4.htb	   0.0	  0.03	 2.000	 -10.00	 -17.00	 40.00	   1.0	 323.40	 15.23	 36.30	 10.91	 12.91	  4.98	 0.272	 0.421	 0.00006564	 0.575	  0.209	      0.208	      0.044	 330.00	  0.00	
m60616c1r4.htb	   0.0	  0.03	 2.000	 -10.00	 -15.00	 30.00	   0.0	 297.00	 14.78	 214.50	 12.01	 13.84	  0.70	 0.178	 0.197	 0.60416262	 0.306	  0.417	      0.146	      0.174	 330.00	  0.00	
m60616c1r4.htb	   0.0	  0.03	 2.000	 -10.00	 -15.00	 30.00	   1.0	 277.20	 16.79	 181.50	 11.96	 15.01	  0.70	 0.281	 0.300	 0.00061474	 0.487	  0.327	      0.352	      0.107	 330.00	  0.00	
m60616c2r4.htb	   0.0	  0.03	 2.000	  5.00	 -10.00	 30.00	   0.0	 330.00	 10.15	 79.20	  6.09	  8.43	  1.14	 0.382	 0.451	 0.00010450	 0.477	  0.362	      0.507	      0.131	 330.00	  0.00	
m60616c2r4.htb	   0.0	  0.03	 2.000	  5.00	 -10.00	 30.00	   1.0	  0.00	 12.29	 85.80	  7.56	  9.62	  1.14	 0.381	 0.425	 0.00114133	 0.498	  0.372	      0.431	      0.139	 330.00	  0.00	
m60619c1r4.htb	   0.0	  0.03	 2.000	  0.00	  0.00	 40.00	   0.0	 59.40	 16.75	 13.20	  7.47	 11.76	  4.28	 0.430	 0.744	 0.23044545	 0.359	  0.628	      0.515	      0.394	 330.00	  0.00	
m60619c1r4.htb	   0.0	  0.03	 2.000	  0.00	  0.00	 40.00	   1.0	 250.80	 14.60	 323.40	 10.27	 12.16	  4.28	 0.272	 0.420	 0.02763291	 0.398	  0.410	      0.350	      0.168	 330.00	  0.00	
m60619c2r4.htb	   0.0	  0.03	 2.000	 -5.00	  0.00	 40.00	   0.0	 13.20	 18.05	 128.70	 11.90	 14.62	  0.70	 0.283	 0.354	 0.11153075	 0.489	  0.322	      0.175	      0.104	 330.00	  0.00	
m60619c2r4.htb	   0.0	  0.03	 2.000	 -5.00	  0.00	 40.00	   1.0	 237.60	 17.22	 148.50	 12.03	 14.55	  0.70	 0.299	 0.314	 0.39872114	 0.506	  0.328	      0.116	      0.108	 330.00	  0.00	
m60619c3r4.htb	   0.0	  0.03	 2.000	  0.00	 -5.00	 40.00	   0.0	 46.20	 10.64	 108.90	  6.58	  8.65	  0.75	 0.354	 0.411	 0.00115607	 0.463	  0.375	      0.436	      0.140	 330.00	  0.00	
m60619c3r4.htb	   0.0	  0.03	 2.000	  0.00	 -5.00	 40.00	   1.0	 207.90	 10.49	 118.80	  7.60	  9.16	  0.75	 0.275	 0.297	 0.08972788	 0.396	  0.380	      0.241	      0.144	 330.00	  0.00	
m60619c4r4.htb	   0.0	  0.03	 2.000	 -8.00	 -8.00	 30.00	   0.0	 198.00	 24.61	 82.50	 14.67	 19.59	 15.92	 0.383	 1.144	 0.00000000	 0.592	  0.362	      1.404	      0.131	 330.00	  0.00	
m60619c4r4.htb	   0.0	  0.03	 2.000	 -8.00	 -8.00	 30.00	   1.0	 158.40	 24.08	 89.10	 13.44	 19.82	 15.92	 0.432	 1.304	 0.00000000	 0.622	  0.369	      1.449	      0.136	 330.00	  0.00	
m60620c1r4.htb	   0.0	  0.03	 2.000	  5.00	  5.00	 40.00	   0.0	 330.00	 23.13	 128.70	 17.82	 20.39	  5.52	 0.222	 0.302	 0.67456662	 0.312	  0.653	      0.326	      0.426	 330.00	  0.00	
m60620c1r4.htb	   0.0	  0.03	 2.000	  5.00	  5.00	 40.00	   1.0	 211.20	 28.17	 158.40	 21.93	 25.30	  5.52	 0.216	 0.275	 0.28286006	 0.373	  0.531	      0.344	      0.282	 330.00	  0.00	
m60620c2r4.htb	   0.0	  0.03	 2.000	  0.00	  5.00	 40.00	   0.0	 89.10	 31.11	 128.70	 23.45	 27.77	 14.26	 0.226	 0.454	 0.60218114	 0.383	  0.582	      0.284	      0.339	 330.00	  0.00	
m60620c2r4.htb	   0.0	  0.03	 2.000	  0.00	  5.00	 40.00	   1.0	 181.50	 32.25	 310.20	 25.66	 29.91	 14.26	 0.185	 0.367	 0.50702609	 0.440	  0.346	      0.113	      0.120	 330.00	  0.00	
m60620c3r4.htb	   0.0	  0.03	 2.000	  0.00	 10.00	 40.00	   0.0	 264.00	 31.20	 118.80	 26.13	 29.37	 14.18	 0.161	 0.298	 0.34675628	 0.367	  0.401	      0.181	      0.161	 330.00	  0.00	
m60620c3r4.htb	   0.0	  0.03	 2.000	  0.00	 10.00	 40.00	   1.0	 16.50	 33.57	 125.40	 28.64	 31.02	 14.18	 0.133	 0.254	 0.07761919	 0.366	  0.339	      0.198	      0.115	 330.00	  0.00	
m60620c4r4.htb	   0.0	  0.03	 2.000	  0.00	  8.00	 40.00	   0.0	 56.10	 14.98	 148.50	  9.77	 12.90	  3.58	 0.347	 0.457	 0.75218940	 0.408	  0.536	      0.195	      0.288	 330.00	  0.00	
m60620c4r4.htb	   0.0	  0.03	 2.000	  0.00	  8.00	 40.00	   1.0	 247.50	 19.30	 125.40	  9.62	 13.46	  3.58	 0.471	 0.616	 0.01079142	 0.559	  0.460	      0.556	      0.211	 330.00	  0.00	
m60621c1r4.htb	   0.0	  0.03	 2.000	  0.00	 -8.00	 30.00	   0.0	 320.10	 10.05	 16.50	  6.20	  8.23	  0.92	 0.311	 0.422	 0.22536959	 0.399	  0.426	      0.243	      0.181	 330.00	  0.00	
m60621c1r4.htb	   0.0	  0.03	 2.000	  0.00	 -8.00	 30.00	   1.0	 13.20	 12.54	 59.40	  8.29	 10.24	  0.92	 0.281	 0.366	 0.43050772	 0.374	  0.453	      0.212	      0.205	 330.00	  0.00	
m60621c2r4.htb	   0.0	  0.03	 2.000	  8.00	 -2.00	 30.00	   0.0	  6.60	  5.52	 313.50	  3.63	  4.32	  0.30	 0.327	 0.362	 0.93803658	 0.266	  0.646	      0.181	      0.417	 330.00	  0.00	
m60621c2r4.htb	   0.0	  0.03	 2.000	  8.00	 -2.00	 30.00	   1.0	  0.00	  8.56	 254.10	  4.45	  5.70	  0.30	 0.477	 0.498	 0.08308480	 0.381	  0.619	      0.651	      0.383	 330.00	  0.00	
m60621c3r4.htb	   0.0	  0.03	 2.000	 10.00	  0.00	 40.00	   0.0	 178.20	  3.93	 112.20	  0.53	  2.21	  1.55	 0.841	 1.429	 0.11233717	 0.414	  0.960	      1.478	      0.921	 330.00	  0.00	
m60621c3r4.htb	   0.0	  0.03	 2.000	 10.00	  0.00	 40.00	   1.0	 184.80	  4.71	 59.40	  1.24	  2.84	  1.55	 0.733	 1.096	 0.12965087	 0.434	  0.806	      1.007	      0.650	 330.00	  0.00	
m60621c4r4.htb	 180.0	  0.03	 2.000	  0.00	 -10.00	 40.00	   0.0	 178.20	  7.54	 237.60	  3.24	  5.24	  2.14	 0.570	 0.796	 0.62410953	 0.310	  0.885	      0.639	      0.783	 330.00	  0.00	
m60621c4r4.htb	 180.0	  0.03	 2.000	  0.00	 -10.00	 40.00	   1.0	 95.70	  8.43	 207.90	  5.10	  6.90	  2.14	 0.387	 0.529	 0.78800772	 0.304	  0.694	      0.310	      0.482	 330.00	  0.00	
m60621c5r4.htb	 130.0	  0.03	 2.000	 -10.00	 -10.00	 40.00	   0.0	 13.20	 26.25	 62.70	 18.30	 22.29	  1.74	 0.255	 0.324	 0.06616055	 0.470	  0.384	      0.276	      0.147	 330.00	  0.00	
m60621c5r4.htb	 130.0	  0.03	 2.000	 -10.00	 -10.00	 40.00	   1.0	 118.80	 29.57	 260.70	 20.91	 25.10	  1.74	 0.283	 0.311	 0.15878595	 0.510	  0.395	      0.236	      0.156	 330.00	  0.00	
m60621c6r4.htb	 130.0	  0.03	 2.000	  8.00	 -10.00	 40.00	   0.0	 191.40	 13.15	 135.30	  8.44	 10.13	  2.65	 0.306	 0.448	 0.00004702	 0.492	  0.315	      0.409	      0.099	 330.00	  0.00	
m60621c6r4.htb	 130.0	  0.03	 2.000	  8.00	 -10.00	 40.00	   1.0	 191.40	 13.28	 316.80	  7.55	  9.89	  2.65	 0.379	 0.539	 0.00001565	 0.505	  0.378	      0.639	      0.143	 330.00	  0.00	
m60622c1r4.htb	   0.0	  0.03	 2.000	  0.00	 -7.00	 30.00	   0.0	 145.20	  3.24	 181.50	  0.95	  1.71	  0.00	 0.698	 0.705	 0.97462605	 0.210	  1.078	      0.395	      1.161	 330.00	  0.00	
m60622c1r4.htb	   0.0	  0.03	 2.000	  0.00	 -7.00	 30.00	   1.0	 204.60	  4.82	 105.60	  1.86	  3.12	  0.00	 0.573	 0.615	 0.98117343	 0.222	  1.307	      0.539	      1.709	 330.00	  0.00	
m60623c3r4.htb	   0.0	  0.03	 2.000	 -5.00	 10.00	 40.00	   0.0	 264.00	 21.39	 148.50	 14.23	 17.23	  4.98	 0.329	 0.436	 0.25517488	 0.405	  0.636	      0.510	      0.404	 330.00	  0.00	
m60623c3r4.htb	   0.0	  0.03	 2.000	 -5.00	 10.00	 40.00	   1.0	 264.00	 25.45	 36.30	 16.01	 19.74	  4.98	 0.363	 0.461	 0.00393476	 0.469	  0.574	      0.896	      0.330	 330.00	  0.00	
m60623c4r4.htb	  90.0	  0.03	 2.000	  3.00	 -5.00	 40.00	   0.0	 270.60	  3.48	 59.40	  1.49	  2.67	  0.37	 0.571	 0.642	 0.86159993	 0.421	  0.417	      0.094	      0.174	 330.00	  0.00	
m60623c4r4.htb	  90.0	  0.03	 2.000	  3.00	 -5.00	 40.00	   1.0	 148.50	  4.98	 59.40	  1.82	  3.53	  0.37	 0.633	 0.685	 0.44845306	 0.514	  0.437	      0.196	      0.191	 330.00	  0.00	
m60626c2r4.htb	   0.0	  0.03	 2.000	 -8.00	 -8.00	 40.00	   0.0	  0.00	 15.07	 138.60	 10.40	 12.30	  4.78	 0.294	 0.454	 0.00003603	 0.480	  0.333	      0.465	      0.111	 330.00	  0.00	
m60626c2r4.htb	   0.0	  0.03	 2.000	 -8.00	 -8.00	 40.00	   1.0	  0.00	 14.73	 49.50	 10.45	 12.52	  4.78	 0.277	 0.429	 0.00000175	 0.498	  0.294	      0.446	      0.086	 330.00	  0.00	
m60628c1r4.htb	   0.0	  0.03	 2.000	  0.00	 -8.00	 40.00	   0.0	 224.40	 19.14	 313.50	 11.15	 14.57	  4.13	 0.352	 0.532	 0.00460626	 0.410	  0.616	      1.012	      0.380	 330.00	  0.00	
m60628c1r4.htb	   0.0	  0.03	 2.000	  0.00	 -8.00	 40.00	   1.0	 237.60	 20.70	 320.10	 12.95	 16.31	  4.13	 0.364	 0.468	 0.00000354	 0.517	  0.439	      0.951	      0.192	 330.00	  0.00	
m60628c2r4.htb	   0.0	  0.03	 2.000	 -8.00	 -10.00	 40.00	   0.0	 250.80	  8.39	 125.40	  4.69	  6.01	  1.07	 0.402	 0.505	 0.07051589	 0.455	  0.408	      0.303	      0.167	 330.00	  0.00	
m60628c2r4.htb	   0.0	  0.03	 2.000	 -8.00	 -10.00	 40.00	   1.0	 267.30	  8.76	 316.80	  2.98	  6.35	  1.07	 0.497	 0.751	 0.00443320	 0.537	  0.417	      0.495	      0.174	 330.00	  0.00	
m60703c1r4.htb	   0.0	  0.03	 2.000	 10.00	  8.00	 40.00	   0.0	 313.50	 31.93	 267.30	 24.18	 27.64	  2.79	 0.203	 0.266	 0.13830363	 0.444	  0.374	      0.211	      0.140	 330.00	  0.00	
m60703c1r4.htb	   0.0	  0.03	 2.000	 10.00	  8.00	 40.00	   1.0	 224.40	 30.41	 85.80	 24.93	 28.03	  2.79	 0.168	 0.198	 0.11794501	 0.398	  0.397	      0.247	      0.157	 330.00	  0.00	
m60703c1r4.htb	   0.0	  0.03	 2.000	 10.00	  8.00	 40.00	   0.0	 313.50	 31.93	 267.30	 24.18	 27.64	  2.79	 0.203	 0.266	 0.13830363	 0.444	  0.374	      0.211	      0.140	 330.00	  0.00	
m60703c1r4.htb	   0.0	  0.03	 2.000	 10.00	  8.00	 40.00	   1.0	 224.40	 30.41	 85.80	 24.93	 28.03	  2.79	 0.168	 0.198	 0.11794501	 0.398	  0.397	      0.247	      0.157	 330.00	  0.00	
m60703c2r4.htb	   0.0	  0.03	 2.000	  8.00	 10.00	 40.00	   0.0	 174.90	 11.77	 303.60	  8.90	 10.41	  0.60	 0.242	 0.257	 0.60251454	 0.348	  0.409	      0.140	      0.167	 330.00	  0.00	
m60703c2r4.htb	   0.0	  0.03	 2.000	  8.00	 10.00	 40.00	   1.0	 214.50	 10.61	  0.00	  7.91	  9.54	  0.60	 0.254	 0.270	 0.37741618	 0.379	  0.366	      0.146	      0.134	 330.00	  0.00	
m60703c3r4.htb	   0.0	  0.03	 2.000	 -5.00	 10.00	 40.00	   0.0	  6.60	  6.38	 69.30	  3.52	  4.72	  0.30	 0.421	 0.471	 0.02526299	 0.426	  0.400	      0.337	      0.160	 330.00	  0.00	
m60703c3r4.htb	   0.0	  0.03	 2.000	 -5.00	 10.00	 40.00	   1.0	  0.00	  5.77	 267.30	  3.03	  4.27	  0.30	 0.474	 0.501	 0.00098045	 0.453	  0.406	      0.519	      0.165	 330.00	  0.00	
m60705c1r4.htb	   0.0	  0.03	 2.000	  0.00	 -10.00	 40.00	   0.0	  6.60	 16.89	 125.40	 12.71	 14.83	  3.63	 0.240	 0.316	 0.01661737	 0.420	  0.363	      0.296	      0.132	 330.00	  0.00	
m60705c1r4.htb	   0.0	  0.03	 2.000	  0.00	 -10.00	 40.00	   1.0	  3.30	 16.92	 247.50	 13.60	 15.15	  3.63	 0.191	 0.250	 0.06806382	 0.380	  0.340	      0.204	      0.115	 330.00	  0.00	
m60705c2r4.htb	   0.0	  0.03	 2.000	 -5.00	 -10.00	 40.00	   0.0	 56.10	  6.34	 145.20	  4.77	  5.38	  1.04	 0.244	 0.297	 0.79798727	 0.330	  0.372	      0.088	      0.139	 330.00	  0.00	
m60705c2r4.htb	   0.0	  0.03	 2.000	 -5.00	 -10.00	 40.00	   1.0	 204.60	  6.50	 148.50	  3.88	  5.06	  1.04	 0.395	 0.480	 0.14701993	 0.428	  0.380	      0.214	      0.144	 330.00	  0.00	
m60705c3r4.htb	   0.0	  0.03	 2.000	  5.00	 -10.00	 40.00	   0.0	 95.70	 27.52	 313.50	 24.03	 26.22	  5.77	 0.103	 0.160	 0.46827163	 0.330	  0.289	      0.082	      0.083	 330.00	  0.00	
m60705c3r4.htb	   0.0	  0.03	 2.000	  5.00	 -10.00	 40.00	   1.0	 85.80	 28.65	 178.20	 25.51	 26.97	  5.77	 0.108	 0.137	 0.80705131	 0.300	  0.377	      0.088	      0.142	 330.00	  0.00	
m60712c1r4.htb	   0.0	  0.03	 2.000	  3.00	 -5.00	 40.00	   0.0	 188.10	 21.02	 280.50	 13.04	 17.04	  5.36	 0.351	 0.510	 0.00044655	 0.516	  0.419	      0.615	      0.176	 330.00	  0.00	
m60712c1r4.htb	   0.0	  0.03	 2.000	  3.00	 -5.00	 40.00	   1.0	 207.90	 22.51	 323.40	 15.45	 18.71	  5.36	 0.309	 0.411	 0.00018450	 0.503	  0.400	      0.606	      0.160	 330.00	  0.00	
m60712c1r4.htb	   0.0	  0.03	 2.000	  3.00	 -5.00	 40.00	   0.0	 188.10	 21.02	 280.50	 13.04	 17.04	  5.36	 0.351	 0.510	 0.00044655	 0.516	  0.419	      0.615	      0.176	 330.00	  0.00	
m60712c1r4.htb	   0.0	  0.03	 2.000	  3.00	 -5.00	 40.00	   1.0	 207.90	 22.51	 323.40	 15.45	 18.71	  5.36	 0.309	 0.411	 0.00018450	 0.503	  0.400	      0.606	      0.160	 330.00	  0.00	
m60717c3r4.htb	 150.0	  0.03	 2.000	 -10.00	 -10.00	 40.00	   0.0	 79.20	 22.56	 184.80	 17.02	 20.23	  0.00	 0.230	 0.246	 0.65065314	 0.333	  0.564	      0.251	      0.318	 330.00	  0.00	
m60717c3r4.htb	 150.0	  0.03	 2.000	 -10.00	 -10.00	 40.00	   1.0	  0.00	 23.03	 23.10	 18.45	 21.53	  0.00	 0.184	 0.199	 0.56342302	 0.323	  0.478	      0.201	      0.228	 330.00	  0.00	
m60814c1r4.htb	   0.0	  0.03	 2.000	  0.00	  0.00	 40.00	   0.0	 204.60	 15.21	 125.40	 10.31	 12.58	  0.35	 0.316	 0.330	 0.22702499	 0.374	  0.636	      0.531	      0.405	 330.00	  0.00	
m60814c1r4.htb	   0.0	  0.03	 2.000	  0.00	  0.00	 40.00	   1.0	 204.60	 14.28	 306.90	  7.44	 11.94	  0.35	 0.448	 0.491	 0.01871712	 0.475	  0.570	      0.719	      0.325	 330.00	  0.00	
m60814c2r4.htb	   0.0	  0.03	 2.000	  0.00	  0.00	 40.00	   0.0	 112.20	 27.12	 155.10	 21.53	 24.46	 11.80	 0.191	 0.365	 0.85522605	 0.381	  0.422	      0.099	      0.178	 330.00	  0.00	
m60814c2r4.htb	   0.0	  0.03	 2.000	  0.00	  0.00	 40.00	   1.0	 297.00	 28.70	 151.80	 25.46	 27.12	 11.80	 0.113	 0.192	 0.98513919	 0.280	  0.422	      0.052	      0.178	 330.00	  0.00	
m60814c3r4.htb	   0.0	  0.03	 2.000	 -10.00	 10.00	 40.00	   0.0	 69.30	  1.70	 122.10	  0.94	  1.26	  0.80	 0.441	 0.845	 0.96815381	 0.235	  0.555	      0.111	      0.308	 330.00	  0.00	
m60814c3r4.htb	   0.0	  0.03	 2.000	 -10.00	 10.00	 40.00	   1.0	 184.80	  1.95	 320.10	  1.08	  1.52	  0.80	 0.385	 0.750	 0.87174552	 0.290	  0.466	      0.117	      0.217	 330.00	  0.00	
m60814c4r4.htb	   0.0	  0.03	 2.000	 -10.00	 10.00	 40.00	   0.0	 26.40	 21.42	 158.40	 13.57	 18.03	 12.74	 0.347	 0.904	 0.00005693	 0.520	  0.405	      0.666	      0.164	 330.00	  0.00	
m60814c4r4.htb	   0.0	  0.03	 2.000	 -10.00	 10.00	 40.00	   1.0	 49.50	 24.49	 171.60	 15.68	 20.51	 12.74	 0.330	 0.749	 0.00000020	 0.539	  0.386	      0.877	      0.149	 330.00	  0.00	
m60822c1r4.htb	   0.0	  0.03	 2.000	 -10.00	  0.00	 40.00	   0.0	 250.80	 16.09	 313.50	 12.00	 14.15	  0.45	 0.216	 0.262	 0.01111022	 0.429	  0.302	      0.217	      0.091	 330.00	  0.00	
m60822c1r4.htb	   0.0	  0.03	 2.000	 -10.00	  0.00	 40.00	   1.0	 211.20	 16.97	 122.10	 11.19	 14.51	  0.45	 0.337	 0.350	 0.00000084	 0.554	  0.313	      0.529	      0.098	 330.00	  0.00	
m60822c2r4.htb	   0.0	  0.03	 2.000	  0.00	 -5.00	 40.00	   0.0	 244.20	 16.73	 151.80	  9.63	 12.21	  0.40	 0.419	 0.435	 0.00000016	 0.545	  0.406	      0.983	      0.165	 330.00	  0.00	
m60822c2r4.htb	   0.0	  0.03	 2.000	  0.00	 -5.00	 40.00	   1.0	 257.40	 16.13	 125.40	 11.13	 13.04	  0.40	 0.286	 0.318	 0.01922151	 0.418	  0.429	      0.405	      0.184	 330.00	  0.00	
