FILE			 PrfOR	 PrfSF	 PrfTF	 RFXctr	 RFYctr	 RFDiam	 GrType	 MaxLoc	 MaxRsp	 MinLoc	 MinRsp	 Spont	 CMI		 AnovaP	 SFDI  	 VarTerm	 MaxX 	 MinX 	 RsqMn	 PMean	 RsqRaw	 Praw		 Chi2		 ChiP		 Rmax			 C50		 n		 Offset	 Halfmax_slope	
m72213c2r5.htb	   0.0	  0.04	 4.000	 10.00	 10.00	 40.00	   0.0	 0.9550	  2.76	 0.0150	  2.09	  2.74	 26.342	 0.09606647	 0.326	  0.449	  0.96	  0.01	  0.4040	 0.1250	 0.08558459	 0.0353	 2.17519547	 0.5369	 1.74151031	 100.00	 10.00	 2.0881	 0.4169	 
m112113c1r5.htb	   0.0	  0.03	 2.000	 10.00	 10.00	 40.00	   0.0	 0.9550	  4.36	 0.0150	  4.36	  3.78	 0.730	 0.08883290	 0.357	  0.653	  0.96	  0.01	  0.2339	 0.2715	 0.03639318	 0.1137	 1.36160654	 0.7146	 0.84103945	 39.82	  0.00	 3.9363	 0.0000	 
m20714c1r5.htb	   0.0	  0.03	 2.000	 -5.00	 -10.00	 40.00	   0.0	 0.9550	  4.52	 0.0150	  2.60	  3.48	 1.856	 0.04585840	 0.400	  0.522	  0.96	  0.01	  0.7910	 0.0074	 0.14176948	 0.0013	 0.30984419	 0.9582	 2.16746967	 54.15	  3.58	 2.5987	 1.9345	 
m20714c2r5.htb	   0.0	  0.03	 2.000	 -10.00	 -10.00	 40.00	   0.0	 0.9550	  5.45	 0.0150	  3.72	  3.73	 1.007	 0.17404364	 0.397	  0.483	  0.96	  0.01	  0.7038	 0.0183	 0.09098416	 0.0112	 0.25979314	 0.9674	 1.99595277	 50.10	  2.88	 3.7191	 1.9374	 
m20714c2r55.htb	   0.0	  0.03	 2.000	 -10.00	 -10.00	 40.00	   0.0	 0.9550	  9.79	 0.0150	  3.98	  4.85	 1.176	 0.00009627	 0.534	  0.566	  0.96	  0.01	  0.9479	 0.0002	 0.41914057	 0.0000	 0.23355210	 0.9720	 7.69603666	 57.07	  2.19	 3.9805	 6.4668	 
m21914c1r5.htb	   0.0	  0.16	 2.000	 -5.00	  5.00	 40.00	   0.0	 0.9550	  2.83	 0.0150	  2.01	  2.89	 -14.253	 0.35172624	 0.291	  0.456	  0.96	  0.01	  0.6662	 0.0251	 0.06835945	 0.0313	 0.19249069	 0.9788	 0.82159832	  6.53	 10.00	 2.0063	 9.3857	 
m22614c3r5.htb	 120.0	  0.04	 4.000	 -10.00	 -10.00	 40.00	   0.0	 0.9550	  5.63	 0.0150	  1.29	  2.39	 1.337	 0.00000000	 0.541	  0.558	  0.96	  0.01	  0.9901	 0.0000	 0.54769058	 0.0000	 0.13099578	 0.9879	 4.82404218	 40.05	  2.52	 1.2936	 5.9775	 
m30414c1r5.htb	   0.0	  0.08	 2.000	 -5.00	  5.00	 40.00	   0.0	 0.9550	  6.23	 0.0150	  1.49	  1.49	 1.002	 0.00000003	 0.617	  0.436	  0.96	  0.01	  0.9738	 0.0000	 0.62602489	 0.0000	 0.27760426	 0.9642	 5.66489407	 57.62	  3.23	 1.4852	 4.6335	 
m30514c3r55.htb	  30.0	  0.03	 2.000	 -10.00	 20.00	 40.00	   0.0	 0.9550	  8.13	 0.0150	  1.33	  1.00	 0.953	 0.00000104	 0.707	  0.392	  0.96	  0.01	  0.9740	 0.0000	 0.80770092	 0.0000	 2.02646351	 0.5669	 7.44906798	 47.95	  3.41	 1.3279	 7.6723	 
m102314c1r5.htb	 240.0	  0.02	 2.000	 10.00	 10.00	 40.00	   0.0	 0.9550	  3.15	 0.0150	  0.43	  0.95	 1.239	 0.00000088	 0.542	  0.573	  0.96	  0.01	  0.8716	 0.0021	 0.39035276	 0.0000	 0.59491211	 0.8976	 3.83084567	 53.26	  1.56	 0.4179	 3.7535	 
m102314c2r5.htb	  60.0	  0.20	 4.000	  0.00	 -5.00	 40.00	   0.0	 0.9550	  2.32	 0.0150	  0.43	  0.00	 0.814	 0.12876097	 0.492	  0.791	  0.96	  0.01	  0.5347	 0.0619	 0.14682250	 0.0211	 1.67870792	 0.4320	 1.88823523	 24.24	 10.00	 0.4303	 4.1418	 
m102314c2r55.htb	  60.0	  0.20	 4.000	  0.00	 -5.00	 40.00	   0.0	 0.9550	  2.04	 0.0150	  0.25	  0.12	 0.936	 0.03010218	 0.452	  0.786	  0.96	  0.01	  0.7120	 0.0170	 0.17068492	 0.0016	 0.95846968	 0.8113	 1.79115761	 26.37	 10.00	 0.2472	 3.5311	 
m20714c1r5.htb	   0.0	  0.03	 2.000	 -5.00	 -10.00	 40.00	   0.0	 0.9550	  4.52	 0.0150	  2.60	  3.48	 1.856	 0.04585840	 0.400	  0.522	  0.96	  0.01	  0.7910	 0.0074	 0.14176948	 0.0013	 0.30984419	 0.9582	 2.16746991	 54.15	  3.58	 2.5987	 1.9345	 
m22014c1r5.htb	 180.0	  0.03	 2.000	 -10.00	  0.00	 40.00	   0.0	 0.9550	  3.54	 0.0150	  0.64	  0.50	 0.952	 0.01550322	 0.507	  0.602	  0.96	  0.01	  0.9247	 0.0005	 0.39194698	 0.0001	 0.38348101	 0.9436	 3.73134172	 76.66	  5.68	 0.6439	 2.1148	 
m22014c1r55.htb	 180.0	  0.03	 2.000	 -10.00	  0.00	 40.00	   0.0	 0.9550	  3.48	 0.0150	  0.51	  0.80	 1.106	 0.00000002	 0.546	  0.546	  0.96	  0.01	  0.9691	 0.0001	 0.50132785	 0.0000	 0.20027200	 0.9775	 3.63184013	 71.91	  5.31	 0.5105	 2.2595	 
m100114c2r5.htb	  30.0	  0.04	 2.000	 20.00	 -10.00	 40.00	   0.0	 0.9550	  8.23	 0.0150	  3.33	  3.15	 0.965	 0.00000291	 0.621	  0.368	  0.96	  0.01	  0.9617	 0.0001	 0.62646963	 0.0000	 0.48471354	 0.9222	 4.90378490	 42.71	 10.00	 3.3274	 6.2244	 
m100114c2r55.htb	  30.0	  0.04	 2.000	 20.00	 -10.00	 40.00	   0.0	 0.9550	  8.42	 0.0150	  3.25	  3.18	 0.989	 0.00000006	 0.568	  0.418	  0.96	  0.01	  0.9869	 0.0000	 0.51868041	 0.0000	 0.15691650	 0.9842	 6.71801850	 49.20	  1.83	 3.2405	 6.8635	 
m100214c1r5.htb	 240.0	  0.04	 2.000	  0.00	 -10.00	 40.00	   0.0	 0.9550	  2.94	 0.0150	  1.25	  1.71	 1.379	 0.02300725	 0.422	  0.512	  0.96	  0.01	  0.7390	 0.0131	 0.18493996	 0.0009	 1.05176332	 0.7887	 1.93387397	 41.57	  2.32	 1.2497	 2.2997	 
m100414c2r5.htb	 270.0	  0.04	 4.000	  5.00	 -10.00	 40.00	   0.0	 0.9550	  2.70	 0.0150	  1.10	  1.74	 1.674	 0.04527093	 0.392	  0.568	  0.96	  0.01	  0.9082	 0.0009	 0.16317015	 0.0005	 0.08488204	 0.9936	 1.59748371	 20.14	  5.56	 1.0984	 4.1906	 
m100414c2r55.htb	 270.0	  0.04	 4.000	  5.00	 -10.00	 40.00	   0.0	 0.9550	  2.70	 0.0150	  1.10	  1.74	 1.674	 0.04527093	 0.392	  0.568	  0.96	  0.01	  0.9082	 0.0009	 0.16317015	 0.0005	 0.08488205	 0.9936	 1.59748376	 20.14	  5.56	 1.0984	 4.1906	 
m100414c3r5.htb	 270.0	  0.10	 2.000	  5.00	 -10.00	 40.00	   0.0	 0.9550	  1.30	 0.0150	  0.19	  0.25	 1.057	 0.00084617	 0.481	  0.478	  0.96	  0.01	  0.9765	 0.0000	 0.28978928	 0.0000	 0.20996722	 0.9760	 1.10763044	 25.79	 10.00	 0.1889	 2.4195	 
m61913c1r5.htb	  50.0	  0.03	 2.000	 10.00	 10.00	 40.00	   0.0	 0.9550	  2.15	 0.0150	  0.89	  1.24	 1.391	 0.01591623	 0.386	  0.487	  0.96	  0.01	  0.9122	 0.0008	 0.19506674	 0.0001	 0.10640360	 0.9911	 2.33830156	 90.79	  3.29	 0.8878	 0.9550	 
m61913c2r5.htb	  75.0	  0.10	 2.000	 10.00	 10.00	 40.00	   0.0	 0.9550	  3.74	 0.0150	  1.59	  1.74	 1.074	 0.04920502	 0.466	  0.582	  0.96	  0.01	  0.7895	 0.0075	 0.13957299	 0.0014	 0.65210280	 0.8844	 2.15598666	 55.33	 10.00	 1.5926	 1.9897	 
m61913c2r5.htb	  75.0	  0.10	 2.000	 10.00	 10.00	 40.00	   0.0	 0.9550	  3.74	 0.0150	  1.59	  1.74	 1.074	 0.04920502	 0.466	  0.582	  0.96	  0.01	  0.7895	 0.0075	 0.13957299	 0.0014	 0.65210278	 0.8844	 2.15598638	 55.33	 10.00	 1.5926	 1.9897	 
m61913c2r5.htb	  75.0	  0.10	 2.000	 10.00	 10.00	 40.00	   0.0	 0.9550	  3.74	 0.0150	  1.59	  1.74	 1.074	 0.04920502	 0.466	  0.582	  0.96	  0.01	  0.7895	 0.0075	 0.13957299	 0.0014	 0.65210282	 0.8844	 2.15598686	 55.33	 10.00	 1.5926	 1.9897	 
m62713c1r5.htb	 180.0	  0.03	 2.000	  0.00	 -10.00	 40.00	   0.0	 0.9550	  7.31	 0.0150	  5.42	  4.48	 0.666	 0.21003397	 0.432	  0.509	  0.96	  0.01	  0.3907	 0.1334	 0.05940111	 0.0703	 0.89321234	 0.8271	 2.64116631	 62.09	  2.13	 5.4223	 2.0287	 
m61913c2r5.htb	  75.0	  0.10	 2.000	 10.00	 10.00	 40.00	   0.0	 0.9550	  3.74	 0.0150	  1.59	  1.74	 1.074	 0.04920502	 0.466	  0.582	  0.96	  0.01	  0.7895	 0.0075	 0.13957299	 0.0014	 0.65210282	 0.8844	 2.15598672	 55.33	 10.00	 1.5926	 1.9897	 
m61913c1r5.htb	  50.0	  0.03	 2.000	 10.00	 10.00	 40.00	   0.0	 0.9550	  2.15	 0.0150	  0.89	  1.24	 1.391	 0.01591623	 0.386	  0.487	  0.96	  0.01	  0.9122	 0.0008	 0.19506673	 0.0001	 0.10640360	 0.9911	 2.33830155	 90.79	  3.29	 0.8878	 0.9550	 
m61913c2r5.htb	  75.0	  0.10	 2.000	 10.00	 10.00	 40.00	   0.0	 0.9550	  3.74	 0.0150	  1.59	  1.74	 1.074	 0.04920502	 0.466	  0.582	  0.96	  0.01	  0.7895	 0.0075	 0.13957299	 0.0014	 0.65210286	 0.8844	 2.15598676	 55.33	 10.00	 1.5926	 1.9897	 
m120715c1r51.htbViS	  90.0	  0.03	 2.000	  5.00	  5.00	 40.00	   0.0	 0.9550	  5.96	 0.0150	  1.74	  1.58	 0.962	 0.00088210	 0.483	  0.671	  0.96	  0.01	  0.9652	 0.0001	 0.44460450	 0.0000	 0.41708403	 0.9367	 6.30182202	 78.44	  3.60	 1.7406	 3.3279	 
m120715c1r51.htbViS	  90.0	  0.03	 2.000	  5.00	  5.00	 40.00	   0.0	 0.9550	  5.96	 0.0150	  1.74	  1.58	 0.962	 0.00088210	 0.483	  0.671	  0.96	  0.01	  0.9652	 0.0001	 0.44460451	 0.0000	 0.41708376	 0.9367	 6.30182200	 78.44	  3.60	 1.7406	 3.3279	 
m120715c1r51.htbV+L	  90.0	  0.03	 2.000	  5.00	  5.00	 40.00	   0.0	 0.9550	  3.05	 0.0150	  0.38	  1.58	 1.813	 0.00112722	 0.480	  0.656	  0.96	  0.01	  0.9350	 0.0004	 0.43292121	 0.0000	 0.24724846	 0.9696	 3.80477651	 62.46	  2.03	 0.3764	 2.9302	 
