FILE			 PrfOR	 PrfSF	 PrfTF	 RFXctr	 RFYctr	 RFDiam	     MaxLoc	 MaxRsp	 MinLoc	 MinRsp	 Spont	 SMI		 AnovaP	 SDI		 VarTerm	 MaxX 	 MinX 	 HWHML	 HWHMR	 RsqMn	 PMean	 RsqRaw	 Praw		 Chi2		 ChiP		 Brat		 Ampl		 Peak		 SD		 Offst		
m70108c1r8.htb	   0.0	  0.03	 2.000	 20.00	 -15.00	 40.00	    64.0000	 15.9340	 0.0000	 11.1575	 8.4577	 0.3773	 0.0150	 0.4513	 0.5254	 64.0000	 0.0000	 35.240	 9999.000	 0.8585	 0.0003	 0.1737	 0.0000	 0.2690	 0.9917	 11.1575	 4.9161	 78.1261	 0.8312	 0.0010	
m70110c1r8.htb	   0.0	  0.03	 2.000	 -10.00	 -5.00	 40.00	    0.5300	 1.5985	 64.0000	 1.2444	 1.2189	 0.3108	 0.9375	 0.1768	 0.5086	 64.0000	 0.0000	 9999.000	 9999.000	 0.3572	 0.0892	 0.0060	 0.3012	 0.1133	 0.9985	 1.2444	 0.3541	 0.5293	 0.7043	 0.0290	
m70110c2r8.htb	   0.0	  0.03	 2.000	 10.00	 -15.00	 40.00	    64.0000	 2.6853	 0.0000	 0.7136	 0.6965	 0.6716	 0.0249	 0.4073	 0.6942	 64.0000	 0.0000	 51.890	 9999.000	 0.9592	 0.0000	 0.1810	 0.0000	 0.2565	 0.9924	 0.7136	 2.3073	 224.4042	 2.2376	 0.0010	
m70110c3r8.htb	  90.0	  0.03	 2.000	 10.00	 -15.00	 40.00	    39.2200	 8.3572	 0.0000	 3.4236	 3.3333	 0.6647	 0.0013	 0.4575	 0.7056	 64.0000	 0.0000	 20.350	 9999.000	 0.9109	 0.0001	 0.2381	 0.0000	 0.5183	 0.9717	 3.4236	 4.9336	 39.2210	 0.6205	 0.0010	
m70111c1r8.htb	  90.0	  0.03	 2.000	  0.00	  0.00	 50.00	    2.9400	 4.0019	 0.0000	 3.3498	 3.0597	 0.2531	 0.6516	 0.2311	 0.4348	 64.0000	 0.0000	 9999.000	 9999.000	 0.1186	 0.3642	 0.0040	 0.3994	 0.2461	 0.9930	 3.3498	 0.6521	 2.9397	 0.2330	 0.0467	
m70112c1r8.htb	 120.0	  0.03	 2.000	  0.00	  0.00	 50.00	    25.4700	 4.0670	 0.0000	 3.9952	 3.8557	 0.3568	 0.4058	 0.3125	 0.5895	 64.0000	 0.0000	 9999.000	 9999.000	 0.0121	 0.7777	 0.0006	 0.7514	 0.6328	 0.9593	 1.0446	 3.0224	 25.4665	 25.2780	 0.1000	
m70116c1r8.htb	   0.0	  0.03	 2.000	  0.00	  0.00	 40.00	    4.0800	 3.5663	 0.0000	 1.6957	 1.5920	 0.5156	 0.1398	 0.2967	 1.1327	 64.0000	 0.0000	 9999.000	 9999.000	 0.1819	 0.2523	 0.0124	 0.1370	 0.5552	 0.9679	 0.0000	 3.5663	 4.0822	 3.0618	 0.1000	
m70117c1r8.htb	 150.0	  0.03	 2.000	 15.00	 -5.00	 40.00	    64.0000	 6.7886	 0.0000	 4.3535	 3.7438	 0.3752	 0.0012	 0.2870	 0.7690	 64.0000	 0.0000	 39.210	 9999.000	 0.8859	 0.0002	 0.0621	 0.0000	 0.0946	 0.9989	 4.3535	 2.6610	 103.5044	 1.1399	 0.1000	
m70117c2r8.htb	  30.0	  0.03	 2.000	 20.00	 -10.00	 50.00	    25.6900	 7.3500	 0.0000	 5.3462	 6.1998	 0.3232	 0.0104	 0.3185	 0.5305	 64.0000	 0.0000	 14.720	 34.380	 0.7980	 0.0012	 0.0687	 0.0001	 0.1555	 0.9971	 5.3462	 2.0038	 25.6865	 0.7213	 0.0010	
m70117c3r8.htb	  60.0	  0.03	 2.000	 20.00	 -20.00	 50.00	    31.4300	 19.9404	 0.0000	 13.4839	 17.9934	 0.4847	 0.2346	 0.4722	 0.7564	 64.0000	 0.0000	 9999.000	 9999.000	 0.5951	 0.0149	 0.1403	 0.0112	 1.1331	 0.8890	 13.4839	 6.4566	 31.4282	 0.6620	 0.0010	
m70118c1r8.htb	  90.0	  0.05	 2.000	  0.00	  0.00	 40.00	    1.3500	 2.7378	 0.0000	 1.3697	 0.9121	 0.3503	 0.6189	 0.2010	 0.8598	 64.0000	 0.0000	 9999.000	 9999.000	 0.2254	 0.1966	 0.0053	 0.2342	 0.0924	 0.9990	 1.3697	 1.3682	 1.3540	 0.2550	 0.0010	
m70122c1r8.htb	  90.0	  0.03	 4.000	  0.00	  0.00	 100.00	    0.1300	 4.5580	 0.0000	 3.7535	 3.4826	 0.1573	 0.9427	 0.1632	 0.4972	 64.0000	 0.0000	 9999.000	 9999.000	 0.0000	   NaN	 0.0000	   NaN	 0.3324	 0.9876	 3.7535	 0.8121	 0.1282	 0.1001	 0.0042	
m70123c1r8.htb	   0.0	  0.03	 4.000	  0.00	  0.00	 120.00	    60.4400	 6.9595	 0.0000	 1.9286	 4.3872	 0.8210	 0.0003	 0.5050	 0.8596	 64.0000	 0.0000	 36.060	 9999.000	 0.9066	 0.0001	 0.2469	 0.0000	 0.6592	 0.9563	 1.9286	 5.0310	 60.4394	 0.7698	 0.0439	
m70123c2r8.htb	 180.0	  0.03	 4.000	  0.00	  0.00	 120.00	    44.8900	 11.2752	 0.0000	 2.6401	 4.4776	 0.7650	 0.0000	 0.5277	 0.8154	 64.0000	 0.0000	 24.340	 9999.000	 0.9568	 0.0000	 0.3908	 0.0000	 0.3887	 0.9834	 2.6401	 8.6351	 44.8904	 0.6632	 0.0010	
m70123c3r8.htb	 180.0	  0.03	 2.000	  0.00	  0.00	 120.00	    22.5500	 9.5270	 0.0000	 7.8523	 6.8604	 0.4139	 0.2117	 0.3069	 0.7936	 64.0000	 0.0000	 9999.000	 9999.000	 0.3100	 0.1194	 0.0205	 0.0681	 0.5258	 0.9709	 7.8523	 1.6747	 22.5476	 1.1309	 0.0010	
m70124c1r8.htb	   0.0	  0.03	 2.000	  0.00	  0.00	 60.00	    7.5800	 4.0691	 0.0000	 2.9925	 2.3770	 0.2848	 0.5198	 0.2437	 0.4724	 64.0000	 0.0000	 9999.000	 9999.000	 0.8001	 0.0011	 0.0371	 0.0157	 0.0772	 0.9993	 2.9656	 1.1034	 7.5763	 1.5924	 0.1000	
m70124c2r8.htb	 240.0	  0.03	 2.000	 10.00	 -20.00	 80.00	    46.7000	 7.7450	 0.0000	 4.9091	 3.3333	 0.2923	 0.3707	 0.3308	 0.4142	 64.0000	 0.0000	 9999.000	 9999.000	 0.7862	 0.0014	 0.0772	 0.0080	 0.1774	 0.9963	 4.9091	 2.8358	 46.6994	 0.2704	 0.0010	
m70124c3r8.htb	 180.0	  0.03	 2.000	  0.00	  0.00	 100.00	    0.8200	 8.2540	 0.0000	 5.9352	 4.5771	 0.2740	 0.6468	 0.3085	 0.4860	 64.0000	 0.0000	 9999.000	 9999.000	 0.3347	 0.1027	 0.0231	 0.1527	 0.5337	 0.9701	 5.9352	 2.3188	 0.8191	 0.1679	 0.0022	
m70124c4r8.htb	 180.0	  0.03	 2.000	 10.00	 -20.00	 60.00	    21.9600	 13.7713	 0.0000	 10.1437	 6.5174	 0.3381	 0.0650	 0.3927	 0.5312	 64.0000	 0.0000	 9999.000	 9999.000	 0.8139	 0.0009	 0.1309	 0.0005	 0.4366	 0.9794	 10.1437	 3.6276	 21.9573	 0.9782	 0.0010	
m70125c2r8.htb	 180.0	  0.03	 2.000	  0.00	  0.00	 120.00	    64.0000	 3.2341	 0.0000	 2.3149	 2.7008	 0.4076	 0.4601	 0.2569	 0.6492	 64.0000	 0.0000	 9999.000	 9999.000	 0.2643	 0.1568	 0.0172	 0.1519	 0.3265	 0.9880	 2.1979	 1.0649	 256.0000	 5.9249	 0.0010	
m70125c3r8.htb	 180.0	  0.03	 2.000	  0.00	 -5.00	 40.00	    28.6900	 9.2934	 0.0000	 5.4551	 3.9801	 0.4645	 0.0046	 0.4400	 0.5296	 64.0000	 0.0000	 14.640	 29.810	 0.7829	 0.0015	 0.1819	 0.0000	 0.4221	 0.9806	 5.4551	 3.8382	 28.6870	 0.6050	 0.0010	
m70125c4r8.htb	 180.0	  0.03	 2.000	  0.00	  0.00	 100.00	    64.0000	 29.6483	 0.0000	 21.3171	 18.2587	 0.3017	 0.0148	 0.4388	 0.6104	 64.0000	 0.0000	 37.720	 9999.000	 0.9286	 0.0000	 0.1883	 0.0000	 0.1604	 0.9970	 21.3171	 12.5510	 256.0000	 1.5300	 0.1000	
m70126c1r8.htb	 150.0	  0.03	 2.000	  0.00	  0.00	 40.00	    64.0000	 4.2496	 0.0000	 2.1541	 1.7413	 0.5816	 0.0222	 0.4576	 0.4614	 64.0000	 0.0000	 57.310	 9999.000	 0.8394	 0.0005	 0.1610	 0.0001	 0.3821	 0.9839	 2.1514	 2.3593	 256.0000	 2.8622	 0.0068	
m70126c2r8.htb	   0.0	  0.03	 2.000	 20.00	 -10.00	 60.00	    63.3200	 19.6587	 0.0000	 14.3947	 12.9353	 0.3198	 0.0347	 0.4297	 0.5550	 64.0000	 0.0000	 58.290	 9999.000	 0.7876	 0.0014	 0.1413	 0.0003	 0.4217	 0.9807	 14.3947	 5.2640	 63.3167	 2.1491	 0.0010	
m70126c3r8.htb	   0.0	  0.03	 2.000	 10.00	 -15.00	 60.00	    64.0000	 12.0120	 0.0000	 8.9563	 9.1045	 0.2893	 0.1022	 0.3838	 0.4548	 64.0000	 0.0000	 9999.000	 9999.000	 0.7529	 0.0024	 0.1103	 0.0014	 0.4727	 0.9761	 8.9374	 3.4748	 256.0000	 2.8018	 0.0301	
m70126c4r8.htb	   0.0	  0.03	 4.000	 10.00	 -10.00	 60.00	    42.3200	 6.4137	 0.0000	 4.7290	 3.7811	 0.2823	 0.2499	 0.3239	 0.4198	 64.0000	 0.0000	 9999.000	 9999.000	 0.5738	 0.0181	 0.0658	 0.0147	 0.3160	 0.9888	 4.7290	 1.6847	 42.3211	 0.4401	 0.0010	
m70126c5r8.htb	   0.0	  0.03	 4.000	 10.00	 -10.00	 60.00	    40.7800	 7.7841	 0.0000	 2.9210	 2.0896	 0.6733	 0.0000	 0.5673	 0.4580	 64.0000	 0.0000	 20.650	 9999.000	 0.9334	 0.0000	 0.4715	 0.0000	 0.4939	 0.9741	 2.9210	 4.8631	 40.7836	 0.5989	 0.0010	
m70129c1r8.htb	 150.0	  0.03	 2.000	  0.00	 -10.00	 60.00	    46.9300	 6.9399	 0.0000	 5.0654	 2.4378	 0.4097	 0.0480	 0.3892	 0.4852	 64.0000	 0.0000	 9999.000	 9999.000	 0.4787	 0.0389	 0.0813	 0.0064	 1.1403	 0.8878	 5.0654	 1.8745	 46.9346	 0.8052	 0.0010	
m70131c1r7.htb	   0.0	  0.03	 2.000	 10.00	 -10.00	 50.00	    44.3000	 10.6462	 0.0000	 6.1935	 4.5274	 0.5000	 0.0087	 0.3975	 0.7032	 64.0000	 0.0000	 31.620	 9999.000	 0.7872	 0.0014	 0.1703	 0.0001	 0.3390	 0.9872	 6.1935	 4.4527	 44.3046	 1.0613	 0.0010	
m70131c1r8.htb	   0.0	  0.03	 2.000	 10.00	 -10.00	 50.00	    23.5000	 10.0304	 0.0000	 6.8905	 8.5821	 0.3168	 0.1223	 0.2835	 0.7856	 64.0000	 0.0000	 9999.000	 9999.000	 0.8992	 0.0001	 0.0633	 0.0007	 0.0640	 0.9995	 6.8905	 3.1399	 23.5047	 0.7574	 0.0010	
m70131c2r8.htb	   0.0	  0.03	 2.000	 15.00	 -10.00	 60.00	    46.4200	 8.4827	 0.0000	 4.4864	 4.7015	 0.4829	 0.0000	 0.3762	 0.6651	 64.0000	 0.0000	 26.880	 9999.000	 0.9723	 0.0000	 0.1939	 0.0000	 0.1129	 0.9985	 4.4864	 3.9963	 46.4184	 0.7344	 0.0010	
m70131c2r8.htb	   0.0	  0.03	 2.000	 15.00	 -10.00	 60.00	    46.4200	 8.4831	 0.0000	 4.4866	 4.7015	 0.4829	 0.0000	 0.3762	 0.6651	 64.0000	 0.0000	 26.870	 9999.000	 0.9722	 0.0000	 0.1939	 0.0000	 0.1129	 0.9985	 4.4866	 3.9965	 46.4163	 0.7338	 0.0010	
m70201c1r8.htb	 180.0	  0.03	 2.000	  0.00	  0.00	 80.00	    0.0000	 3.9904	 0.0000	 3.9904	 3.8308	 0.1173	 0.9985	 0.1089	 0.4851	 64.0000	 0.0000	 9999.000	 9999.000	 0.0000	   NaN	 0.0000	   NaN	 0.0519	 0.9997	 3.9904	 0.0000	 4.9766	 8.2675	 0.1000	
m70201c2r8.htb	 360.0	  0.03	 2.000	 10.00	 -15.00	 50.00	    35.0900	 20.3071	 0.0000	 18.1410	 14.8756	 0.1168	 0.9014	 0.2286	 0.5203	 64.0000	 0.0000	 9999.000	 9999.000	 0.1955	 0.2334	 0.0079	 0.4043	 0.3170	 0.9887	 18.1410	 2.1661	 35.0919	 0.1000	 0.0686	
m70201c3r8.htb	 320.0	  0.03	 2.000	 10.00	 -20.00	 60.00	    46.3300	 4.9137	 0.0000	 1.9579	 1.4925	 0.5658	 0.0314	 0.4200	 0.4901	 64.0000	 0.0000	 13.950	 9999.000	 0.8435	 0.0005	 0.1537	 0.0001	 0.3525	 0.9862	 1.9579	 2.9558	 46.3301	 0.3039	 0.0010	
m70202c1r8.htb	   0.0	  0.03	 2.000	  0.00	 -15.00	 60.00	    5.8100	 1.4181	 0.0000	 0.8540	 0.2736	 0.3509	 0.6180	 0.2155	 0.5089	 64.0000	 0.0000	 9999.000	 9999.000	 0.0863	 0.4428	 0.0031	 0.4614	 0.2391	 0.9934	 0.8540	 0.5641	 5.8145	 0.1671	 0.0016	
m70202c2r8.htb	   0.0	  0.03	 2.000	 20.00	 -20.00	 60.00	    64.0000	 17.5030	 0.0000	 9.7742	 7.2139	 0.4987	 0.0000	 0.5439	 0.5275	 64.0000	 0.0000	 53.930	 9999.000	 0.8713	 0.0002	 0.3430	 0.0000	 0.8884	 0.9262	 9.7435	 8.4117	 154.5439	 2.1920	 0.1000	
m70202c3r8.htb	   0.0	  0.03	 2.000	 10.00	 -10.00	 60.00	    23.6300	 11.6479	 0.0000	 10.2299	 7.7612	 0.0864	 0.9968	 0.1560	 0.4341	 64.0000	 0.0000	 9999.000	 9999.000	 0.3758	 0.0792	 0.0052	 0.4977	 0.0808	 0.9992	 10.2299	 1.4179	 23.6321	 0.2277	 0.0840	
m70202c4r8.htb	  60.0	  0.03	 2.000	 20.00	 -25.00	 50.00	    64.0000	 25.3218	 0.0000	 13.7662	 7.1642	 0.5149	 0.0846	 0.4107	 1.1237	 64.0000	 0.0000	 9999.000	 9999.000	 0.9135	 0.0001	 0.1394	 0.0003	 0.1746	 0.9964	 13.7662	 20.6716	 256.0000	 1.2843	 0.1000	
m70205c1r8.htb	   0.0	  0.03	 2.000	 10.00	 -10.00	 60.00	    34.1500	 20.6159	 0.0000	 15.3832	 10.8458	 0.3246	 0.0471	 0.4292	 0.5624	 64.0000	 0.0000	 21.020	 9999.000	 0.8981	 0.0001	 0.1531	 0.0001	 0.1645	 0.9968	 15.3832	 5.2328	 34.1532	 0.8070	 0.1000	
m70205c2r8.htb	  90.0	  0.03	 2.000	  0.00	  0.00	 100.00	    10.3700	 4.3038	 0.0000	 2.9978	 2.6119	 0.2381	 0.4213	 0.2409	 0.3732	 64.0000	 0.0000	 9999.000	 9999.000	 0.3291	 0.1063	 0.0150	 0.1013	 0.3445	 0.9868	 2.9978	 1.3060	 10.3699	 0.2013	 0.0010	
m70205c3r8.htb	 180.0	  0.03	 2.000	 -5.00	 -10.00	 60.00	    15.8100	 3.8938	 0.0000	 2.2218	 2.4378	 0.5730	 0.0032	 0.4687	 0.4184	 64.0000	 0.0000	 9999.000	 9999.000	 0.6479	 0.0089	 0.1563	 0.0001	 0.8919	 0.9257	 2.2218	 1.6720	 15.8052	 0.7686	 0.0010	
m70207c1r8.htb	 360.0	  0.03	 2.000	 -10.00	 -10.00	 100.00	    64.0000	 9.4310	 0.0000	 7.0162	 6.6169	 0.3897	 0.0214	 0.4567	 0.4300	 64.0000	 0.0000	 9999.000	 9999.000	 0.4898	 0.0358	 0.0944	 0.0032	 0.9913	 0.9111	 7.0162	 3.6736	 256.0000	 1.5121	 0.1000	
m70207c2r8.htb	   0.0	  0.03	 2.000	  0.00	 -20.00	 60.00	    64.0000	 8.9592	 0.0000	 7.4215	 6.6418	 0.2204	 0.4934	 0.2822	 0.5157	 64.0000	 0.0000	 9999.000	 9999.000	 0.6996	 0.0050	 0.0292	 0.0219	 0.0956	 0.9989	 7.4215	 1.8629	 256.0000	 2.2381	 0.0010	
m70208c1r8.htb	 360.0	  0.03	 2.000	  0.00	  0.00	 100.00	    64.0000	 3.2707	 0.0000	 1.5900	 2.0896	 0.5362	 0.3235	 0.3545	 0.5746	 64.0000	 0.0000	 9999.000	 9999.000	 0.8663	 0.0003	 0.0902	 0.0040	 0.1601	 0.9970	 1.5900	 1.7294	 102.1501	 1.9573	 0.0010	
m70208c2r8.htb	 300.0	  0.03	 2.000	  0.00	 -15.00	 60.00	    2.8900	 6.3918	 0.0000	 4.0319	 3.3333	 0.4925	 0.0024	 0.3695	 0.6992	 64.0000	 0.0000	 9999.000	 9999.000	 0.0026	 0.8962	 0.0003	 0.8075	 0.9143	 0.9225	 4.0319	 2.3599	 2.8930	 0.1801	 0.0185	
m70208c3r8.htb	 300.0	  0.03	 2.000	  0.00	 -20.00	 60.00	    46.5500	 6.8826	 0.0000	 3.5984	 3.6692	 0.5468	 0.0009	 0.4148	 0.6197	 64.0000	 0.0000	 23.500	 9999.000	 0.8462	 0.0004	 0.1561	 0.0000	 0.4367	 0.9794	 3.5984	 3.2842	 46.5521	 0.5966	 0.0010	
m70208c4r8.htb	 180.0	  0.03	 2.000	 -10.00	 -15.00	 50.00	    64.0000	 14.4027	 0.0000	 5.5224	 4.2786	 0.7483	 0.0000	 0.5641	 0.7585	 64.0000	 0.0000	 47.070	 9999.000	 0.7085	 0.0044	 0.2812	 0.0000	 1.9120	 0.7519	 5.5224	 8.9215	 71.9858	 1.2204	 0.1000	
m70208c5r8.htb	   0.0	  0.03	 2.000	  0.00	 -10.00	 60.00	    53.4700	 24.2316	 0.0000	 8.7669	 7.3632	 0.6998	 0.0000	 0.6499	 0.5982	 64.0000	 0.0000	 27.260	 9999.000	 0.9803	 0.0000	 0.6205	 0.0000	 1.6565	 0.7986	 8.7669	 15.4648	 53.4695	 0.6035	 0.1000	
m70209c1r8.htb	   0.0	  0.03	 2.000	 -5.00	 -15.00	 60.00	    64.0000	 8.3259	 0.0000	 6.9353	 5.2405	 0.2015	 0.1804	 0.2663	 0.4795	 64.0000	 0.0000	 9999.000	 9999.000	 0.5188	 0.0286	 0.0219	 0.0149	 0.2131	 0.9947	 6.8416	 1.5366	 256.0000	 5.2656	 0.0010	
m70209c2r8.htb	 100.0	  0.05	 2.000	 -5.00	 -15.00	 50.00	    5.5300	 15.8661	 0.0000	 11.5751	 9.9502	 0.2095	 0.3796	 0.2890	 0.5514	 64.0000	 0.0000	 9999.000	 9999.000	 0.5973	 0.0146	 0.0287	 0.0229	 0.1870	 0.9959	 11.5751	 4.2910	 5.5275	 0.2484	 0.0010	
m70212c1r8.htb	  60.0	  0.03	 2.000	 10.00	 -25.00	 60.00	    64.0000	 6.5429	 0.0000	 4.2473	 6.3184	 0.3864	 0.0624	 0.3752	 0.5639	 64.0000	 0.0000	 9999.000	 9999.000	 0.5986	 0.0144	 0.0489	 0.0028	 0.3078	 0.9893	 4.1484	 2.4922	 256.0000	 4.9016	 0.0010	
m70212c2r8.htb	   0.0	  0.03	 2.000	 10.00	 -20.00	 40.00	    1.0200	 2.3407	 0.0000	 2.2033	 1.8242	 0.2549	 0.2674	 0.2786	 0.3682	 64.0000	 0.0000	 9999.000	 9999.000	 0.0055	 0.8498	 0.0003	 0.8174	 0.7769	 0.9415	 2.2033	 0.1373	 1.0194	 0.1116	 0.0013	
m70212c3r8.htb	  50.0	  0.03	 2.000	 10.00	 -30.00	 60.00	    64.0000	 9.7218	 0.0000	 4.2171	 4.7761	 0.6275	 0.0000	 0.5301	 0.5394	 64.0000	 0.0000	 47.050	 9999.000	 0.9323	 0.0000	 0.3692	 0.0000	 0.5292	 0.9706	 4.2144	 7.0380	 256.0000	 1.9778	 0.1000	
m70212c4r8.htb	   0.0	  0.03	 2.000	  0.00	 -30.00	 60.00	    0.0800	 0.7439	 0.0000	 0.5114	 0.5638	 0.3519	 0.4233	 0.2114	 0.4527	 64.0000	 0.0000	 9999.000	 9999.000	 0.0000	   NaN	 0.0000	   NaN	 0.2528	 0.9927	 0.5114	 0.2363	 0.0785	 0.1001	 0.0062	
m70213c1r8.htb	 270.0	  0.03	 2.000	 -5.00	 -15.00	 40.00	    8.5500	 1.8765	 0.0000	 1.4045	 0.0332	 0.2774	 0.7508	 0.2380	 0.4141	 64.0000	 0.0000	 9999.000	 9999.000	 0.4134	 0.0618	 0.0173	 0.1405	 0.3714	 0.9847	 1.4045	 0.4720	 8.5522	 1.6728	 0.0010	
m70216c1r8.htb	   0.0	  0.03	 4.000	  0.00	 -15.00	 60.00	    9.1700	 3.2445	 0.0000	 2.4554	 3.4549	 0.5888	 0.0024	 0.3691	 0.7564	 64.0000	 0.0000	 9999.000	 9999.000	 0.0039	 0.8730	 0.0006	 0.7662	 1.1569	 0.8851	 2.4554	 0.7891	 9.1742	 0.1039	 0.0246	
m70219c1r8.htb	   0.0	  0.03	 2.000	  0.00	  0.00	 120.00	    0.7100	 5.0619	 0.0000	 4.1751	 0.0000	 0.1975	 0.9930	 0.2248	 0.7694	 64.0000	 0.0000	 9999.000	 9999.000	 0.0030	 0.8878	 0.0000	 0.9554	 0.3859	 0.9836	 4.1751	 0.8868	 0.7099	 0.2545	 0.0205	
m70221c1r8.htb	 180.0	  0.03	 2.000	 -5.00	 -15.00	 70.00	    29.6400	 3.7684	 0.0000	 1.4193	 2.1393	 0.5260	 0.0026	 0.3425	 0.7286	 64.0000	 0.0000	 16.660	 9999.000	 0.9231	 0.0000	 0.1176	 0.0000	 0.1139	 0.9984	 1.4193	 2.3492	 29.6447	 0.7002	 0.0010	
m70221c2r8.htb	 180.0	  0.03	 2.000	  0.00	  0.00	 100.00	    64.0000	 6.6756	 0.0000	 3.8519	 3.1509	 0.4333	 0.0905	 0.3301	 0.7201	 64.0000	 0.0000	 9999.000	 9999.000	 0.8968	 0.0001	 0.0939	 0.0004	 0.0574	 0.9996	 3.8475	 3.4822	 256.0000	 2.1471	 0.1000	
m70222c1r8.htb	   0.0	  0.03	 2.000	  0.00	  0.00	 100.00	    64.0000	 5.0178	 0.0000	 3.2442	 2.3881	 0.3911	 0.0739	 0.3261	 0.6295	 64.0000	 0.0000	 9999.000	 9999.000	 0.4734	 0.0405	 0.0374	 0.0093	 0.3239	 0.9882	 3.0718	 2.0060	 256.0000	 5.6207	 0.0010	
m70222c2r8.htb	 300.0	  0.03	 2.000	  0.00	  0.00	 100.00	    0.1300	 4.0790	 0.0000	 2.1400	 2.1891	 0.4487	 0.2953	 0.2860	 0.6982	 64.0000	 0.0000	 9999.000	 9999.000	 0.0000	   NaN	 0.0000	   NaN	 0.6469	 0.9577	 2.1400	 2.0578	 0.1254	 0.1001	 0.0064	
m70222c3r8.htb	 180.0	  0.03	 2.000	  0.00	 -10.00	 100.00	    0.0000	 10.5024	 0.0000	 10.5024	 7.4627	 0.2317	 0.8039	 0.2518	 0.6021	 64.0000	 0.0000	 9999.000	 9999.000	 0.0000	   NaN	 0.0000	   NaN	 0.4208	 0.9807	 10.5024	 0.0000	 2.1749	 12.3256	 0.1000	
m70222c4r8.htb	  50.0	  0.03	 2.000	  0.00	 -25.00	 60.00	    4.2900	 2.3513	 0.0000	 2.2647	 1.8905	 0.4028	 0.1723	 0.3061	 0.5267	 64.0000	 0.0000	 9999.000	 9999.000	 0.0063	 0.8390	 0.0008	 0.7898	 1.4784	 0.8305	 2.2647	 0.0866	 4.2937	 0.1028	 0.0978	
m70223c1r8.htb	   0.0	  0.05	 2.000	 10.00	 10.00	 50.00	    39.2900	 5.1830	 0.0000	 3.5334	 3.2338	 0.4167	 0.1941	 0.3268	 0.5724	 64.0000	 0.0000	 9999.000	 9999.000	 0.7255	 0.0036	 0.0901	 0.0040	 0.2831	 0.9909	 3.5334	 1.6496	 39.2888	 1.0707	 0.0010	
m70223c2r8.htb	   0.0	  0.05	 2.000	  0.00	  0.00	 100.00	    64.0000	 10.7696	 0.0000	 4.1899	 3.7313	 0.6680	 0.0048	 0.4530	 0.8296	 64.0000	 0.0000	 39.920	 9999.000	 0.9675	 0.0000	 0.2237	 0.0000	 0.4380	 0.9793	 4.1899	 7.7460	 136.2525	 1.3212	 0.1000	
m70223c3r8.htb	   0.0	  0.05	 2.000	  0.00	  0.00	 100.00	    64.0000	 19.5989	 0.0000	 7.6121	 6.4677	 0.6725	 0.0000	 0.6454	 0.5152	 64.0000	 0.0000	 27.170	 9999.000	 0.9709	 0.0000	 0.5848	 0.0000	 1.1034	 0.8937	 7.6121	 12.0042	 65.7146	 0.4908	 0.0010	
m70226c1r8.htb	 270.0	  0.03	 2.000	 -5.00	 -5.00	 40.00	    25.3600	 3.7129	 0.0000	 1.6234	 1.0448	 0.4590	 0.0765	 0.3913	 0.4411	 64.0000	 0.0000	 9999.000	 9999.000	 0.8459	 0.0004	 0.1317	 0.0004	 0.5633	 0.9671	 1.6234	 2.0896	 25.3649	 0.2364	 0.0947	
m70226c2r8.htb	 180.0	  0.03	 2.000	 20.00	 -5.00	 60.00	    17.7600	 8.5088	 0.0000	 5.8196	 4.1791	 0.3545	 0.0060	 0.3501	 0.5367	 64.0000	 0.0000	 9.200	 19.060	 0.8895	 0.0001	 0.1033	 0.0000	 0.1161	 0.9984	 5.8196	 2.6892	 17.7639	 0.6187	 0.0010	
m70226c3r8.htb	 180.0	  0.03	 2.000	  0.00	 -10.00	 60.00	    19.9700	 8.6743	 0.0000	 6.5274	 5.6503	 0.2773	 0.1450	 0.3189	 0.4692	 64.0000	 0.0000	 9999.000	 9999.000	 0.9279	 0.0000	 0.0914	 0.0007	 0.0659	 0.9995	 6.5274	 2.1469	 19.9654	 0.9738	 0.0010	
m70306c1r8.htb	   0.0	  0.03	 2.000	 -10.00	 -10.00	 60.00	    5.2600	 3.4712	 0.0000	 2.7927	 1.6418	 0.2657	 0.7195	 0.2084	 0.4533	 64.0000	 0.0000	 9999.000	 9999.000	 0.1185	 0.3644	 0.0036	 0.4244	 0.1909	 0.9957	 2.7927	 0.6785	 5.2567	 0.2091	 0.0010	
m70306c2r8.htb	 240.0	  0.03	 2.000	  0.00	  0.00	 100.00	    124.4900	 12.0955	 0.0000	 4.3444	 2.8745	 0.6769	 0.0000	 0.6462	 0.4350	 512.0000	 0.0000	 89.870	 322.260	 0.9471	 0.0000	 0.6217	 0.0000	 0.8775	 0.9966	 4.3444	 7.7511	 124.4859	 1.0847	 0.1000	
m70306c3r8.htb	  90.0	  0.03	 2.000	 20.00	 10.00	 60.00	    69.0500	 17.3148	 0.0000	 7.8835	 7.5622	 0.5536	 0.0000	 0.5199	 0.6503	 256.0000	 0.0000	 41.860	 106.000	 0.9564	 0.0000	 0.3811	 0.0000	 0.2776	 0.9996	 7.8835	 9.4313	 69.0545	 0.7892	 0.1000	
m70308c1r8.htb	   0.0	  0.03	 2.000	 20.00	 -10.00	 60.00	    51.0800	 5.4942	 0.0000	 3.9961	 1.4340	 0.3128	 0.1702	 0.3183	 0.4804	 64.0000	 0.0000	 9999.000	 9999.000	 0.8742	 0.0002	 0.0677	 0.0013	 0.1049	 0.9987	 3.9961	 1.4982	 51.0786	 1.9132	 0.0010	
m70308c2r8.htb	   0.0	  0.03	 2.000	 -5.00	 -5.00	 50.00	    64.0000	 8.2098	 0.0000	 6.4998	 5.2239	 0.2263	 0.4407	 0.2655	 0.5394	 64.0000	 0.0000	 9999.000	 9999.000	 0.5624	 0.0200	 0.0251	 0.0338	 0.2290	 0.9939	 5.4663	 2.8310	 256.0000	 5.5284	 0.1000	
m70308c3r8.htb	   0.0	  0.03	 2.000	 10.00	 -10.00	 50.00	    47.9900	 10.0198	 0.0000	 5.6244	 4.8756	 0.4408	 0.0000	 0.4646	 0.4740	 256.0000	 0.0000	 42.100	 9999.000	 0.8993	 0.0000	 0.2715	 0.0000	 0.3779	 0.9990	 5.6244	 4.3954	 47.9914	 1.7792	 0.0010	
m70309c1r8.htb	   0.0	  0.03	 2.000	  0.00	 -10.00	 50.00	    25.1100	 6.2073	 0.0000	 3.1835	 1.3433	 0.6119	 0.0000	 0.5585	 0.4001	 256.0000	 0.0000	 17.960	 62.340	 0.8517	 0.0001	 0.2898	 0.0000	 0.7851	 0.9925	 3.1835	 3.0237	 25.1119	 1.0571	 0.1000	
m70309c2r8.htb	   0.0	  0.03	 2.000	  0.00	 -5.00	 50.00	    64.0000	 16.5352	 0.0000	 11.7318	 5.8706	 0.2816	 0.4976	 0.3432	 0.6600	 64.0000	 0.0000	 9999.000	 9999.000	 0.6912	 0.0055	 0.0581	 0.0221	 0.2865	 0.9907	 11.4368	 5.2840	 256.0000	 5.1837	 0.0010	
m70309c3r8.htb	   0.0	  0.03	 2.000	  5.00	  0.00	 50.00	    40.0400	 17.1573	 0.0000	 10.2048	 8.7562	 0.4646	 0.0001	 0.4983	 0.5746	 256.0000	 0.0000	 24.490	 62.730	 0.8802	 0.0000	 0.2627	 0.0000	 0.5937	 0.9965	 10.2048	 6.9525	 40.0447	 0.7991	 0.1000	
m70312c1r8.htb	   0.0	  0.03	 2.000	 -5.00	  0.00	 70.00	    1.0200	 4.7694	 0.0000	 3.4261	 1.3184	 0.3283	 0.2432	 0.2841	 0.5710	 64.0000	 0.0000	 9999.000	 9999.000	 0.6154	 0.0123	 0.0354	 0.0114	 0.1489	 0.9974	 3.4261	 1.3436	 1.0177	 0.1053	 0.0721	
m70313c1r8.htb	   0.0	  0.03	 2.000	  0.00	  0.00	 100.00	    33.3600	 14.3744	 0.0000	 12.0356	 10.3234	 0.2271	 0.1055	 0.3304	 0.4763	 256.0000	 0.0000	 9999.000	 9999.000	 0.6367	 0.0032	 0.0568	 0.0015	 0.3970	 0.9989	 12.0356	 2.3388	 33.3561	 0.9514	 0.1000	
m70313c2r8.htb	  60.0	  0.03	 2.000	 10.00	  5.00	 50.00	    27.0000	 25.7218	 0.0000	 18.5264	 16.0697	 0.3780	 0.0001	 0.4334	 0.7470	 64.0000	 0.0000	 9999.000	 9999.000	 0.6167	 0.0122	 0.1031	 0.0000	 0.6491	 0.9574	 18.5264	 7.1954	 26.9959	 0.5643	 0.1000	
m70410c1r8.htb	   0.0	  0.03	 2.000	 10.00	 -20.00	 40.00	    60.9500	 16.6715	 0.0000	 4.9896	 5.9950	 0.7436	 0.0000	 0.5112	 0.9577	 256.0000	 0.0000	 39.800	 114.260	 0.9679	 0.0000	 0.3664	 0.0000	 0.3388	 0.9993	 4.9896	 11.6820	 60.9527	 0.8958	 0.1000	
m70410c2r8.htb	   0.0	  0.03	 2.000	  5.00	 -20.00	 40.00	    39.2200	 16.8653	 0.0000	 8.0643	 6.1194	 0.6121	 0.0000	 0.5654	 0.6463	 128.0000	 0.0000	 30.090	 9999.000	 0.8814	 0.0001	 0.3647	 0.0000	 1.6823	 0.8911	 8.0642	 8.8011	 39.2186	 1.2291	 0.1000	
m70410c3r8.htb	   0.0	  0.03	 2.000	  0.00	  0.00	 100.00	    64.0000	 12.8515	 0.0000	 6.1663	 6.1194	 0.5367	 0.0612	 0.4220	 0.8960	 64.0000	 0.0000	 9999.000	 9999.000	 0.7739	 0.0018	 0.1259	 0.0006	 0.6392	 0.9586	 6.1252	 7.1705	 256.0000	 3.8764	 0.0010	
m70411c1r8.htb	   0.0	  0.03	 2.000	  0.00	  0.00	 100.00	    36.9600	 4.6123	 0.0000	 3.6925	 3.5572	 0.2892	 0.2315	 0.2865	 0.4438	 64.0000	 0.0000	 9999.000	 9999.000	 0.5293	 0.0263	 0.0310	 0.0180	 0.2419	 0.9933	 3.6925	 0.9198	 36.9555	 2.0587	 0.0010	
m70411c2r8.htb	 180.0	  0.03	 4.000	  5.00	  0.00	 100.00	    0.1500	 3.2493	 7.9500	 0.8432	 0.6731	 0.6700	 0.0775	 0.3137	 0.7378	 64.0000	 0.0000	 9999.000	 9999.000	 0.0417	 0.5983	 0.0042	 0.4307	 0.8639	 0.9297	 0.8432	 2.4062	 0.1498	 0.3967	 0.1000	
m70412c2r8.htb	  90.0	  0.03	 2.000	  0.00	  0.00	 100.00	    1.7900	 0.9898	 0.0000	 0.7558	 0.9950	 0.4717	 0.0381	 0.3036	 0.4247	 64.0000	 0.0000	 9999.000	 9999.000	 0.0049	 0.8587	 0.0004	 0.7813	 0.5116	 0.9724	 0.7558	 0.2340	 1.7927	 0.1000	 0.0245	
m70412c3r8.htb	 180.0	  0.03	 2.000	  0.00	  0.00	 40.00	    29.0100	 3.9328	 0.0000	 3.0938	 3.0348	 0.3095	 0.6292	 0.2499	 0.4599	 64.0000	 0.0000	 9999.000	 9999.000	 0.5521	 0.0218	 0.0391	 0.0619	 0.3780	 0.9842	 3.0938	 0.8391	 29.0097	 0.4769	 0.0010	
m70417c1r8.htb	 270.0	  0.03	 2.000	  0.00	 -15.00	 50.00	    64.0000	 3.6902	 0.0000	 2.1467	 0.7960	 0.5341	 0.0781	 0.3894	 0.6335	 64.0000	 0.0000	 9999.000	 9999.000	 0.6825	 0.0061	 0.0533	 0.0018	 0.3933	 0.9830	 2.1467	 1.8324	 256.0000	 2.3663	 0.0010	
m70417c2r8.htb	   0.0	  0.03	 2.000	 10.00	 -15.00	 50.00	    11.9200	 26.8020	 0.0000	 14.4660	 11.5920	 0.4686	 0.0000	 0.5163	 0.6921	 64.0000	 0.0000	 9.530	 47.080	 0.9165	 0.0001	 0.3315	 0.0000	 0.3066	 0.9894	 14.4660	 12.3360	 11.9216	 1.3579	 0.0010	
m70417c3r8.htb	   0.0	  0.03	 8.000	  0.00	  0.00	 100.00	    64.0000	 3.8126	 0.0000	 2.1205	 1.8408	 0.6389	 0.5060	 0.3032	 0.8803	 64.0000	 0.0000	 9999.000	 9999.000	 0.7704	 0.0019	 0.0641	 0.0161	 0.2179	 0.9945	 2.1205	 1.7135	 84.2603	 1.7351	 0.0010	
m70418c1r8.htb	  64.0	  0.03	 4.000	  0.00	 -20.00	 60.00	    43.6500	 6.2963	 0.0000	 3.4063	 0.9453	 0.5000	 0.0006	 0.4403	 0.4836	 64.0000	 0.0000	 31.310	 9999.000	 0.9091	 0.0001	 0.2542	 0.0000	 0.4197	 0.9808	 3.4063	 2.8900	 43.6467	 1.0721	 0.0010	
m70418c2r8.htb	   0.0	  0.03	 4.000	 10.00	 -10.00	 50.00	    38.3900	 9.2117	 0.0000	 3.1359	 1.2438	 0.6444	 0.0000	 0.6267	 0.3696	 64.0000	 0.0000	 25.220	 9999.000	 0.9952	 0.0000	 0.6787	 0.0000	 0.2973	 0.9900	 3.1359	 6.0758	 38.3899	 0.9074	 0.0010	
m70418c3r8.htb	  60.0	  0.03	 4.000	  0.00	  0.00	 100.00	    102.3800	 19.8129	 0.0000	 8.5170	 8.5130	 0.6397	 0.0000	 0.5677	 0.6843	 256.0000	 0.0000	 56.310	 124.940	 0.9529	 0.0000	 0.4220	 0.0000	 0.4445	 0.9984	 8.5170	 11.2959	 102.3798	 0.6770	 0.1000	
m70419c1r8.htb	  90.0	  0.03	 4.000	  0.00	 -10.00	 50.00	    35.5900	 30.0760	 0.0000	 12.4286	 7.5373	 0.5924	 0.0000	 0.6203	 0.6347	 128.0000	 0.0000	 31.770	 9999.000	 0.9821	 0.0000	 0.5638	 0.0000	 0.2389	 0.9986	 12.2926	 17.7833	 35.5879	 1.8825	 0.1000	
m70419c2r8.htb	   0.0	  0.03	 4.000	  0.00	  0.00	 40.00	    27.7000	 30.4497	 0.0000	 15.6450	 11.9403	 0.4974	 0.0000	 0.5767	 0.5837	 256.0000	 0.0000	 20.250	 75.040	 0.9202	 0.0000	 0.5113	 0.0000	 1.1950	 0.9771	 15.6450	 14.8047	 27.6980	 1.1132	 0.0010	
m70419c4r8.htb	   0.0	  0.03	 4.000	 10.00	 -20.00	 50.00	    64.0000	 6.8441	 0.0000	 4.8899	 5.4229	 0.2986	 0.1030	 0.3615	 0.3768	 64.0000	 0.0000	 9999.000	 9999.000	 0.7696	 0.0019	 0.1125	 0.0012	 0.2888	 0.9905	 4.7055	 2.1477	 84.7669	 3.0434	 0.1000	
