FILE			 PrfOR	 PrfSF	 PrfTF	 RFXctr	 RFYctr	 RFDiam	     MaxLoc	 MaxRsp	 MinLoc	 MinRsp	 Spont	 SMI		 AnovaP	 SDI		 VarTerm	 MaxX 	 MinX 	 HWHML	 HWHMR	 RsqMn	 PMean	 RsqRaw	 Praw		 Chi2		 ChiP		 Brat		 Ampl		 Peak		 SD		 Offst		
m60112c1r7.htb	  30.0	  0.05	 2.000	  0.00	  0.00	 30.00	    11.9600	 17.1864	 0.0000	 14.9124	 6.9652	 0.1494	 0.9727	 0.2198	 0.5582	 32.0000	 0.0000	 9999.000	 9999.000	 0.8360	 0.0015	 0.0412	 0.2089	 0.0587	 0.9963	 14.9124	 2.2740	 11.9595	 0.7339	 0.0010	
m60117c1r9.htb	  90.0	  0.03	 4.000	  0.00	  0.00	 30.00	    25.2800	 19.5891	 0.0000	 11.4203	 10.7463	 0.4435	 0.0000	 0.5779	 0.4112	 32.0000	 0.0000	 9.960	 9999.000	 0.9523	 0.0000	 0.4562	 0.0000	 0.3002	 0.9600	 11.4203	 8.1687	 25.2780	 0.4224	 0.1000	
m60119c1r3.htb	  30.0	  0.50	 2.000	  0.00	  0.00	 30.00	    44.2500	 16.4742	 0.0000	 10.0563	 9.5522	 0.3193	 0.1251	 0.3148	 0.6722	 64.0000	 0.0000	 9999.000	 9999.000	 0.6935	 0.0053	 0.0647	 0.0029	 0.2519	 0.9927	 10.0563	 6.4179	 44.2520	 0.2557	 0.0010	
m60119c2r3.htb	  30.0	  0.03	 6.000	  0.00	 10.00	 40.00	    64.0000	 16.1677	 0.0000	 8.6999	 6.0697	 0.4985	 0.0018	 0.4430	 0.7454	 64.0000	 0.0000	 34.220	 9999.000	 0.9561	 0.0000	 0.2428	 0.0000	 0.1577	 0.9971	 8.6999	 7.6492	 75.9504	 0.7813	 0.0010	
m60124c1r5.htb	   0.0	  0.03	 2.000	  0.00	 10.00	 70.00	    21.4800	 8.4779	 0.0000	 5.1453	 4.6434	 0.4044	 0.0030	 0.3800	 0.5301	 64.0000	 0.0000	 15.210	 9999.000	 0.9312	 0.0004	 0.1672	 0.0000	 0.0819	 0.9599	 5.1453	 3.3325	 21.4797	 1.0430	 0.0010	
m60124c2r8.htb	   0.0	  0.03	 4.000	  0.00	 10.00	 70.00	    4.0600	 1.9605	 0.0000	 1.5605	 2.5705	 0.3000	 0.9719	 0.2476	 0.3788	 32.0000	 0.0000	 9999.000	 9999.000	 0.2471	 0.2102	 0.0123	 0.4956	 0.2590	 0.9676	 1.5605	 0.4001	 4.0643	 0.1034	 0.0010	
m60124c3r3.htb	 100.0	  0.03	 4.000	 -5.00	 20.00	 70.00	    16.4300	 8.6892	 0.0000	 5.8316	 7.2139	 0.4332	 0.0537	 0.4391	 0.5055	 32.0000	 0.0000	 9999.000	 9999.000	 0.8120	 0.0022	 0.1380	 0.0007	 0.3639	 0.9476	 5.8316	 2.8576	 16.4252	 1.5043	 0.0010	
m60124c4r9.htb	   0.0	  0.03	 4.000	 10.00	 -5.00	 70.00	    23.1300	 4.2181	 0.0000	 0.8900	 1.5423	 0.7619	 0.0000	 0.5006	 0.6332	 32.0000	 0.0000	 13.670	 9999.000	 0.9688	 0.0000	 0.3656	 0.0000	 0.2948	 0.9610	 0.8900	 3.3281	 23.1251	 0.7581	 0.0010	
m60124c4r10.htb	   0.0	  0.03	 4.000	 10.00	 -5.00	 70.00	    26.1700	 3.1900	 0.0000	 1.2333	 1.3930	 0.6613	 0.0042	 0.4731	 0.4349	 64.0000	 0.0000	 12.320	 23.250	 0.9085	 0.0001	 0.2131	 0.0000	 0.2699	 0.9917	 1.2333	 1.9567	 26.1679	 0.5397	 0.0010	
m60124c5r7.htb	 180.0	  0.03	 4.000	  0.00	  0.00	 70.00	    32.0000	 12.6379	 0.0000	 7.7328	 9.1542	 0.3784	 0.0557	 0.3982	 0.6330	 32.0000	 0.0000	 9999.000	 9999.000	 0.9566	 0.0000	 0.1614	 0.0002	 0.0511	 0.9970	 7.7328	 5.3390	 72.4721	 1.9855	 0.0010	
m60213c2r8.htb	 120.0	  0.03	 2.000	  0.00	 15.00	 50.00	    64.0000	 7.5560	 0.0000	 1.8434	 1.9900	 0.7857	 0.0000	 0.5848	 0.5520	 64.0000	 0.0000	 50.760	 9999.000	 0.9658	 0.0000	 0.4501	 0.0000	 0.2732	 0.9915	 1.8300	 6.9574	 256.0000	 2.2192	 0.1000	
m60213c3r8.htb	   0.0	  0.03	 4.000	  8.00	  0.00	 50.00	    56.3800	 15.0706	 0.0000	 4.1721	 3.2836	 0.7733	 0.0000	 0.6592	 0.5666	 64.0000	 0.0000	 45.210	 9999.000	 0.9618	 0.0000	 0.6352	 0.0000	 0.9066	 0.9236	 4.1719	 10.8987	 56.3850	 1.3679	 0.1000	
m60213c4r8.htb	  20.0	  0.03	 2.000	  5.00	 12.00	 50.00	    1.1700	 8.9250	 0.0000	 5.8540	 3.9801	 0.5192	 0.0049	 0.4858	 0.5147	 64.0000	 0.0000	 0.140	 0.170	 0.0205	 0.7133	 0.0065	 0.4869	 4.5132	 0.3410	 5.8540	 3.0724	 1.1735	 0.1005	 0.0049	
m60220c1r9.htb	 130.0	  0.03	 2.000	  5.00	  8.00	 60.00	    63.4500	 5.6760	 0.0000	 4.2462	 2.1891	 0.2586	 0.4282	 0.3246	 0.3956	 64.0000	 0.0000	 9999.000	 9999.000	 0.9291	 0.0000	 0.0850	 0.0053	 0.1037	 0.9987	 4.2462	 1.4298	 63.4544	 1.9456	 0.0010	
m60317c1r8.htb	 180.0	  0.03	 2.000	  0.00	  0.00	 40.00	    0.3000	 2.4111	 64.0000	 1.7722	 1.7910	 0.4727	 0.1238	 0.3715	 0.3974	 64.0000	 0.0000	 9999.000	 9999.000	 0.1447	 0.3126	 0.0203	 0.1807	 1.3270	 0.8568	 1.7722	 0.6389	 0.2976	 0.7830	 0.0062	
m60317c2r8.htb	  30.0	  0.03	 2.000	 -5.00	  5.00	 50.00	    1.1200	 12.8980	 0.0000	 11.4424	 11.7910	 0.3785	 0.0609	 0.3847	 0.6578	 64.0000	 0.0000	 9999.000	 9999.000	 0.0125	 0.7746	 0.0023	 0.6545	 1.4990	 0.8268	 11.4424	 1.4559	 1.1178	 0.1077	 0.0805	
m60404c2r9.htb	 200.0	  0.03	 2.000	  0.00	  0.00	 40.00	    6.0600	 12.0098	 0.0000	 8.2552	 7.4627	 0.2696	 0.2904	 0.3536	 0.4765	 64.0000	 0.0000	 9999.000	 9999.000	 0.1924	 0.2375	 0.0209	 0.1740	 0.9455	 0.9179	 8.2552	 3.7546	 6.0623	 0.2003	 0.0163	
m60407c1r8.htb	   0.0	  0.03	 2.000	  0.00	 -5.00	 40.00	    0.0000	 7.3955	 64.0000	 6.0893	 7.2139	 0.2039	 0.5764	 0.2534	 0.4571	 64.0000	 0.0000	 9999.000	 9999.000	 0.3576	 0.0890	 0.0272	 0.1205	 0.4667	 0.9767	 5.9249	 1.4799	 0.0008	 5.0105	 0.0010	
m60407c2r8.htb	   0.0	  0.03	 2.000	  5.00	  0.00	 40.00	    38.2900	 10.9253	 0.0000	 9.1310	 7.3134	 0.2420	 0.6573	 0.3043	 0.5237	 64.0000	 0.0000	 9999.000	 9999.000	 0.3446	 0.0965	 0.0234	 0.1498	 0.4301	 0.9799	 9.1310	 1.7943	 38.2858	 0.4114	 0.1000	
m60407c3r9.htb	   0.0	  0.03	 2.000	  0.00	 -10.00	 60.00	    64.0000	 11.8079	 0.0000	 7.2568	 6.0697	 0.4150	 0.0032	 0.5068	 0.4131	 64.0000	 0.0000	 63.220	 9999.000	 0.9026	 0.0001	 0.2176	 0.0000	 0.2678	 0.9918	 7.0594	 4.9419	 256.0000	 4.9070	 0.0010	
m60407c4r9.htb	  60.0	  0.03	 2.000	 15.00	 -10.00	 40.00	    38.4500	 6.8494	 0.0000	 2.6584	 2.5373	 0.6599	 0.0000	 0.4707	 0.5715	 64.0000	 0.0000	 25.280	 9999.000	 0.9142	 0.0001	 0.3450	 0.0000	 0.6848	 0.9532	 2.6584	 4.1910	 38.4529	 0.9092	 0.0010	
m60407c5r9.htb	  50.0	  0.03	 2.000	 10.00	 -10.00	 40.00	    32.4800	 3.7137	 0.0000	 2.3768	 1.9900	 0.4474	 0.1710	 0.3245	 0.5039	 64.0000	 0.0000	 9999.000	 9999.000	 0.7015	 0.0048	 0.0904	 0.0040	 0.5502	 0.9684	 2.3768	 1.3369	 32.4766	 0.9465	 0.0010	
m60413c3r8.htb	   0.0	  0.03	 2.000	  5.00	 -20.00	 50.00	    24.3700	 27.4259	 0.0000	 15.6415	 15.0580	 0.4535	 0.0000	 0.6108	 0.4303	 64.0000	 0.0000	 18.030	 9999.000	 0.9051	 0.0001	 0.5564	 0.0000	 1.3166	 0.8586	 15.6415	 11.7845	 24.3732	 1.1417	 0.0010	
m60413c4r4.htb	   0.0	  0.03	 2.000	 -10.00	 -10.00	 40.00	    20.9200	 3.1738	 0.0000	 0.4403	 0.5970	 0.8361	 0.0000	 0.5422	 0.4901	 64.0000	 0.0000	 13.550	 38.300	 0.9628	 0.0000	 0.4663	 0.0000	 0.8485	 0.9318	 0.4403	 2.7335	 20.9180	 0.8837	 0.0010	
m60413c5r8.htb	   0.0	  0.03	 2.000	 -10.00	 -10.00	 40.00	    9.9200	 3.1808	 0.0000	 1.7464	 1.4179	 0.4375	 0.0486	 0.3037	 0.5459	 64.0000	 0.0000	 8.730	 9999.000	 0.8238	 0.0007	 0.0706	 0.0003	 0.0268	 0.9999	 1.7464	 1.4344	 9.9232	 1.7932	 0.0010	
m60414c2r4.htb	 250.0	  0.05	 2.000	  0.00	 -8.00	 40.00	    64.0000	 8.5141	 0.0000	 4.3297	 4.4444	 0.5341	 0.0000	 0.4502	 0.5561	 64.0000	 0.0000	 49.760	 9999.000	 0.9163	 0.0001	 0.2399	 0.0000	 0.2657	 0.9919	 4.3297	 4.4937	 123.8900	 1.7488	 0.0010	
m60418c1r8.htb	 230.0	  0.03	 2.000	 -5.00	 -10.00	 50.00	    24.9200	 18.1125	 0.0000	 13.4370	 10.8955	 0.3058	 0.0286	 0.3857	 0.5624	 64.0000	 0.0000	 15.140	 38.500	 0.8072	 0.0010	 0.1492	 0.0002	 0.4553	 0.9777	 13.4370	 4.6756	 24.9194	 0.7931	 0.0010	
m60420c1r8.htb	 180.0	  0.03	 2.000	  5.00	 -5.00	 40.00	    23.4400	 13.3383	 0.0000	 8.7205	 3.6816	 0.4058	 0.0003	 0.4815	 0.4783	 64.0000	 0.0000	 15.530	 9999.000	 0.8574	 0.0003	 0.2531	 0.0000	 0.7574	 0.9441	 8.7205	 4.6178	 23.4434	 0.9214	 0.0010	
m60421c1r8.htb	   0.0	  0.03	 2.000	  8.00	 -10.00	 40.00	    20.0400	 10.9878	 0.0000	 6.6929	 2.3881	 0.5042	 0.0130	 0.5385	 0.4407	 64.0000	 0.0000	 14.620	 9999.000	 0.7770	 0.0017	 0.3054	 0.0001	 2.2804	 0.6843	 6.6929	 4.2949	 20.0382	 1.1075	 0.0010	
m60421c2r8.htb	   0.0	  0.03	 2.000	 18.00	 -10.00	 40.00	    17.7800	 4.9554	 0.0000	 3.1639	 3.0348	 0.4435	 0.1216	 0.3599	 0.5429	 64.0000	 0.0000	 9999.000	 9999.000	 0.5414	 0.0238	 0.0762	 0.0085	 0.6827	 0.9534	 3.1639	 1.7915	 17.7832	 1.4345	 0.0010	
m60421c3r8.htb	   0.0	  0.03	 2.000	 10.00	  5.00	 40.00	    37.9800	 19.0315	 0.0000	 8.6030	 5.3731	 0.6212	 0.0000	 0.5956	 0.6036	 64.0000	 0.0000	 32.030	 9999.000	 0.9154	 0.0001	 0.4840	 0.0000	 0.6799	 0.9538	 8.5955	 10.4360	 37.9756	 1.5607	 0.1000	
m60424c3r8.htb	   0.0	  0.03	 2.000	 10.00	  0.00	 40.00	    26.6300	 12.7799	 0.0000	 9.5657	 1.4925	 0.3241	 0.7624	 0.2905	 0.7750	 64.0000	 0.0000	 9999.000	 9999.000	 0.6610	 0.0077	 0.0379	 0.0660	 0.1419	 0.9976	 5.7650	 7.0149	 26.6295	 9.2038	 0.0010	
m60424c4r8.htb	   0.0	  0.03	 2.000	  0.00	  0.00	 30.00	    27.7900	 16.6376	 0.0000	 13.3057	 3.8806	 0.2703	 0.1728	 0.3835	 0.5019	 64.0000	 0.0000	 9999.000	 9999.000	 0.7297	 0.0034	 0.0937	 0.0033	 0.2969	 0.9900	 13.3057	 3.3320	 27.7933	 1.0287	 0.1000	
m60424c5r8.htb	   0.0	  0.03	 2.000	  0.00	  0.00	 40.00	    20.7600	 16.4882	 0.0000	 11.4136	 4.7264	 0.2411	 0.2888	 0.3623	 0.4168	 64.0000	 0.0000	 9999.000	 9999.000	 0.6579	 0.0080	 0.0716	 0.0108	 0.5356	 0.9699	 11.4136	 5.0746	 20.7576	 0.2174	 0.0010	
m60518c1r8.htb	   0.0	  0.03	 2.000	  8.00	 -10.00	 40.00	    11.8600	 10.4867	 0.0000	 7.8805	 0.9453	 0.3896	 0.0003	 0.4339	 0.5081	 64.0000	 0.0000	 11.260	 9999.000	 0.2790	 0.1438	 0.0817	 0.0063	 2.3006	 0.6807	 6.9037	 3.5830	 11.8647	 2.9677	 0.1000	
m60519c1r8.htb	   0.0	  0.03	 2.000	  0.00	 -10.00	 40.00	    24.4600	 11.1998	 0.0000	 7.7605	 3.1841	 0.2991	 0.2757	 0.3338	 0.5784	 64.0000	 0.0000	 9999.000	 9999.000	 0.9060	 0.0001	 0.1003	 0.0024	 0.0891	 0.9990	 7.7605	 3.4394	 24.4605	 2.0787	 0.0010	
m60519c2r8.htb	   0.0	  0.03	 2.000	  5.00	  0.00	 30.00	    15.5600	 14.1841	 0.0000	 10.1156	 7.3134	 0.3103	 0.2915	 0.3745	 0.6030	 64.0000	 0.0000	 9999.000	 9999.000	 0.9231	 0.0000	 0.1001	 0.0024	 0.1259	 0.9981	 10.1156	 4.0685	 15.5588	 0.5102	 0.1000	
m60519c4r8.htb	   0.0	  0.03	 2.000	  5.00	  0.00	 30.00	    3.0300	 22.3684	 0.0000	 17.2664	 8.3582	 0.2172	 0.6804	 0.3373	 0.4982	 64.0000	 0.0000	 9999.000	 9999.000	 0.2261	 0.1958	 0.0308	 0.2486	 1.4321	 0.8386	 17.2664	 5.1020	 3.0265	 0.2141	 0.0906	
m60519c5r8.htb	   0.0	  0.03	 2.000	  5.00	  0.00	 30.00	    16.9200	 12.9137	 0.0000	 9.0379	 2.8358	 0.3912	 0.1129	 0.4155	 0.5929	 64.0000	 0.0000	 9999.000	 9999.000	 0.7649	 0.0020	 0.1095	 0.0014	 0.3705	 0.9848	 9.0040	 3.9096	 16.9243	 1.6668	 0.1000	
m60519c6r8.htb	   0.0	  0.03	 2.000	  0.00	  0.00	 30.00	    7.9900	 13.1916	 0.0000	 8.6092	 2.6368	 0.4243	 0.0051	 0.4921	 0.4951	 64.0000	 0.0000	 7.350	 9999.000	 0.6185	 0.0119	 0.1422	 0.0002	 1.2959	 0.8621	 7.8137	 5.3780	 7.9886	 2.2470	 0.1000	
m60526c1r8.htb	   0.0	  0.03	 2.000	 -5.00	  0.00	 40.00	    26.4700	 22.9970	 0.0000	 16.9196	 8.2090	 0.2781	 0.0908	 0.3582	 0.6578	 64.0000	 0.0000	 9999.000	 9999.000	 0.7984	 0.0012	 0.1200	 0.0008	 0.2965	 0.9900	 16.9196	 6.0775	 26.4738	 0.5876	 0.0010	
m60526c2r8.htb	   0.0	  0.03	 2.000	  0.00	  0.00	 40.00	    2.6100	 30.6058	 0.0000	 19.8596	 6.4677	 0.2846	 0.2024	 0.4562	 0.4637	 64.0000	 0.0000	 9999.000	 9999.000	 0.5525	 0.0217	 0.1361	 0.0126	 0.7751	 0.9418	 19.8596	 10.7463	 2.6088	 0.2192	 0.0010	
m60526c3r8.htb	   0.0	  0.03	 2.000	  8.00	  8.00	 40.00	    35.4500	 24.5075	 0.0000	 16.6945	 6.0199	 0.3416	 0.0002	 0.4971	 0.4925	 64.0000	 0.0000	 33.650	 9999.000	 0.8721	 0.0002	 0.2631	 0.0000	 0.5343	 0.9701	 15.9737	 8.5337	 35.4468	 2.6418	 0.1000	
m60526c4r8.htb	   0.0	  0.03	 2.000	  0.00	 -10.00	 40.00	    13.7600	 18.5433	 0.0000	 12.0259	 6.0945	 0.3840	 0.0000	 0.4520	 0.5840	 64.0000	 0.0000	 12.750	 9999.000	 0.8911	 0.0001	 0.1671	 0.0000	 0.2389	 0.9934	 11.2964	 7.2469	 13.7604	 2.3014	 0.1000	
m60526c5r8.htb	  60.0	  0.03	 2.000	 -5.00	 -5.00	 40.00	    8.0400	 4.4263	 0.0000	 3.0718	 3.4826	 0.3571	 0.1120	 0.3648	 0.3993	 64.0000	 0.0000	 9999.000	 9999.000	 0.4799	 0.0386	 0.0688	 0.0125	 0.6916	 0.9524	 3.0612	 1.3651	 8.0387	 1.4104	 0.1000	
m60623c1r8.htb	   0.0	  0.03	 2.000	  0.00	  0.00	 40.00	    7.0600	 21.8202	 0.0000	 19.5149	 16.0199	 0.1319	 0.7160	 0.2639	 0.4587	 64.0000	 0.0000	 9999.000	 9999.000	 0.5626	 0.0199	 0.0349	 0.0777	 0.2832	 0.9909	 19.5149	 2.3053	 7.0618	 1.5233	 0.0010	
m60623c2r8.htb	   0.0	  0.03	 2.000	  0.00	  0.00	 40.00	    7.4400	 12.0805	 0.0000	 9.2684	 6.2687	 0.3295	 0.0360	 0.4133	 0.4520	 64.0000	 0.0000	 5.880	 26.320	 0.5321	 0.0257	 0.0949	 0.0031	 0.7972	 0.9388	 9.2591	 2.8214	 7.4400	 1.2784	 0.1000	
m60626c1r8.htb	   0.0	  0.03	 2.000	 10.00	 -13.00	 30.00	    21.4200	 19.1303	 0.0000	 10.2164	 3.1841	 0.5087	 0.0000	 0.6252	 0.4083	 64.0000	 0.0000	 17.230	 9999.000	 0.9586	 0.0000	 0.5580	 0.0000	 0.5935	 0.9638	 10.2164	 8.9138	 21.4240	 1.3831	 0.0010	
m60628c3r8.htb	   0.0	  0.03	 2.000	 10.00	  0.00	 40.00	    4.6200	 11.8174	 0.0000	 8.8555	 6.8295	 0.3106	 0.0996	 0.3962	 0.5053	 64.0000	 0.0000	 9999.000	 9999.000	 0.4291	 0.0555	 0.0611	 0.0152	 1.0588	 0.9008	 5.5826	 6.2347	 4.6245	 4.8101	 0.0197	
m60629c3r8.htb	   0.0	  0.03	 2.000	  8.00	 -12.00	 40.00	    26.3000	 32.7894	 0.0000	 26.4863	 16.7662	 0.2012	 0.0004	 0.4545	 0.3757	 64.0000	 0.0000	 22.380	 9999.000	 0.9413	 0.0000	 0.2724	 0.0000	 0.2263	 0.9941	 26.4863	 6.3031	 26.2979	 1.6140	 0.0010	
m60629c4r8.htb	   0.0	  0.03	 2.000	 -8.00	 -10.00	 40.00	    53.6000	 18.5365	 0.0000	 7.5581	 6.4179	 0.6175	 0.0000	 0.6150	 0.5325	 64.0000	 0.0000	 50.230	 9999.000	 0.9131	 0.0001	 0.4886	 0.0000	 0.8286	 0.9346	 7.2195	 11.3169	 53.5953	 2.3727	 0.1000	
m60719c2r8.htb	   0.0	  0.03	 2.000	 10.00	 -10.00	 60.00	    2.8200	 8.5455	 0.0000	 6.7992	 3.2338	 0.2456	 0.6227	 0.3007	 0.4833	 64.0000	 0.0000	 9999.000	 9999.000	 0.6898	 0.0056	 0.0493	 0.0355	 0.7823	 0.9408	 6.7992	 1.7463	 2.8249	 0.7157	 0.0010	
m60719c3r8.htb	   0.0	  0.03	 2.000	 10.00	  0.00	 60.00	    2.8100	 0.9143	 0.0000	 0.3621	 0.0995	 0.5333	 0.5534	 0.2444	 0.4272	 64.0000	 0.0000	 9999.000	 9999.000	 0.3439	 0.0970	 0.0269	 0.1222	 0.4581	 0.9774	 0.3621	 0.5522	 2.8065	 0.2178	 0.0010	
m60720c1r8.htb	   0.0	  0.03	 2.000	  0.00	  0.00	 40.00	    15.0100	 14.4232	 0.0000	 9.2238	 3.7811	 0.3874	 0.0057	 0.4335	 0.5668	 64.0000	 0.0000	 12.900	 9999.000	 0.7845	 0.0015	 0.1781	 0.0000	 0.5508	 0.9684	 9.2238	 5.1994	 15.0119	 1.6596	 0.0010	
m60720c1r8.htb	   0.0	  0.03	 2.000	  0.00	  0.00	 40.00	    15.0100	 14.4231	 0.0000	 9.2237	 3.7811	 0.3874	 0.0057	 0.4335	 0.5668	 64.0000	 0.0000	 12.900	 9999.000	 0.7845	 0.0015	 0.1781	 0.0000	 0.5508	 0.9684	 9.2237	 5.1994	 15.0122	 1.6597	 0.0010	
m60720c1r8.htb	   0.0	  0.03	 2.000	  0.00	  0.00	 40.00	    15.0100	 14.4232	 0.0000	 9.2237	 3.7811	 0.3874	 0.0057	 0.4335	 0.5668	 64.0000	 0.0000	 12.900	 9999.000	 0.7845	 0.0015	 0.1781	 0.0000	 0.5508	 0.9684	 9.2237	 5.1995	 15.0123	 1.6597	 0.0010	
m60720c2r8.htb	   0.0	  0.03	 2.000	  5.00	 -10.00	 40.00	    26.4900	 4.5957	 0.0000	 3.0597	 0.9950	 0.5941	 0.0673	 0.4136	 0.5300	 64.0000	 0.0000	 9999.000	 9999.000	 0.4181	 0.0598	 0.0668	 0.0139	 1.4333	 0.8384	 3.0597	 1.5360	 26.4933	 0.4695	 0.0010	
m60720c3r8.htb	   0.0	  0.03	 2.000	 -8.00	 -10.00	 40.00	    24.7300	 14.4078	 0.0000	 9.3887	 4.3449	 0.3717	 0.0000	 0.4898	 0.4282	 64.0000	 0.0000	 23.220	 9999.000	 0.9073	 0.0001	 0.2430	 0.0000	 0.3452	 0.9867	 9.3882	 5.0197	 24.7299	 2.3634	 0.0010	
m60721c4r8.htb	  90.0	  0.03	 2.000	 -10.00	  0.00	 60.00	    0.8300	 8.1477	 0.0000	 5.4628	 2.5373	 0.5365	 0.0003	 0.5047	 0.4735	 64.0000	 0.0000	 0.110	 0.120	 0.0146	 0.7567	 0.0043	 0.5385	 3.0189	 0.5547	 5.4628	 2.6855	 0.8319	 0.1000	 0.0324	
m60721c5r8.htb	  90.0	  0.03	 2.000	  0.00	 -8.00	 40.00	    58.3100	 14.0608	 0.0000	 4.0546	 0.8955	 0.7340	 0.0000	 0.6737	 0.4459	 64.0000	 0.0000	 40.730	 9999.000	 0.9879	 0.0000	 0.7212	 0.0000	 0.3497	 0.9864	 4.0546	 10.0063	 58.3092	 1.0142	 0.1000	
m60801c1r8.htb	   0.0	  0.03	 2.000	 -10.00	  5.00	 60.00	    33.2300	 4.1667	 0.0000	 1.1103	 0.6965	 0.7407	 0.0000	 0.5455	 0.4322	 64.0000	 0.0000	 19.960	 9999.000	 0.9611	 0.0000	 0.5032	 0.0000	 0.4727	 0.9761	 1.1103	 3.0564	 33.2289	 0.7789	 0.0010	
m60803c2r8.htb	   0.0	  0.03	 2.000	 -8.00	  0.00	 40.00	    63.5500	 11.9736	 0.0000	 4.1756	 2.0896	 0.6829	 0.0000	 0.6093	 0.4840	 64.0000	 0.0000	 54.610	 9999.000	 0.9749	 0.0000	 0.5901	 0.0000	 0.5280	 0.9707	 4.1754	 7.7982	 63.5515	 1.6624	 0.0259	
m60804c1r8.htb	  60.0	  0.03	 2.000	  5.00	 -10.00	 40.00	    27.1400	 11.9117	 0.0000	 7.1433	 2.4378	 0.4669	 0.0000	 0.5479	 0.3880	 64.0000	 0.0000	 19.500	 9999.000	 0.9259	 0.0000	 0.3985	 0.0000	 0.6046	 0.9625	 7.1433	 4.7684	 27.1427	 1.0666	 0.1000	
m60815c3r8.htb	   0.0	  0.03	 2.000	  5.00	 -20.00	 40.00	    39.6800	 13.0338	 0.0000	 12.4357	 11.0945	 0.1169	 0.9960	 0.1754	 0.5243	 64.0000	 0.0000	 9999.000	 9999.000	 0.2909	 0.1340	 0.0048	 0.5334	 0.1211	 0.9982	 12.4357	 0.5981	 39.6772	 2.0379	 0.0010	
m60816c1r8.htb	   0.0	  0.03	 2.000	  0.00	 -10.00	 40.00	    13.6500	 11.9495	 0.0000	 7.4300	 4.6766	 0.5000	 0.0414	 0.4489	 0.8242	 64.0000	 0.0000	 10.760	 9999.000	 0.5821	 0.0168	 0.1014	 0.0022	 0.8045	 0.9378	 7.4300	 4.5195	 13.6498	 1.3139	 0.0010	
m60816c2r8.htb	   0.0	  0.03	 2.000	  0.00	  0.00	 40.00	    11.2100	 24.2944	 0.0000	 17.8459	 4.9751	 0.2785	 0.0069	 0.4350	 0.5026	 64.0000	 0.0000	 7.960	 27.360	 0.9617	 0.0000	 0.2139	 0.0000	 0.1137	 0.9984	 17.8459	 6.4485	 11.2124	 1.0488	 0.0010	
m60816c2r8.htb	   0.0	  0.03	 2.000	  0.00	  0.00	 40.00	    11.2100	 24.2944	 0.0000	 17.8460	 4.9751	 0.2785	 0.0069	 0.4350	 0.5026	 64.0000	 0.0000	 7.960	 27.360	 0.9617	 0.0000	 0.2139	 0.0000	 0.1137	 0.9984	 17.8460	 6.4485	 11.2124	 1.0488	 0.0010	
m60816c3r8.htb	 180.0	  0.03	 2.000	 -10.00	 -10.00	 60.00	    14.7900	 12.0332	 0.0000	 10.7996	 9.5522	 0.1989	 0.5993	 0.2870	 0.4823	 64.0000	 0.0000	 9999.000	 9999.000	 0.2544	 0.1662	 0.0124	 0.1991	 0.3143	 0.9889	 10.7996	 1.2336	 14.7902	 1.4325	 0.0010	
m60818c1r8.htb	   0.0	  0.03	 2.000	 -10.00	 -10.00	 40.00	    16.6200	 3.0187	 0.0000	 1.7719	 1.3930	 0.4925	 0.1045	 0.3994	 0.4103	 64.0000	 0.0000	 9999.000	 9999.000	 0.8841	 0.0002	 0.1272	 0.0005	 0.3122	 0.9890	 1.7719	 1.2468	 16.6224	 1.0514	 0.1000	
m60818c2r8.htb	   0.0	  0.03	 2.000	 10.00	 10.00	 40.00	    12.9500	 28.3912	 0.0000	 23.2449	 19.4030	 0.2224	 0.1302	 0.3506	 0.5913	 64.0000	 0.0000	 9999.000	 9999.000	 0.6415	 0.0095	 0.0888	 0.0043	 0.4434	 0.9788	 23.2449	 5.1464	 12.9471	 0.9256	 0.1000	
m60818c3r8.htb	  30.0	  0.03	 2.000	 -10.00	  0.00	 60.00	    50.1400	 11.1173	 0.0000	 3.6115	 2.9851	 0.7004	 0.0000	 0.6022	 0.5018	 64.0000	 0.0000	 37.790	 9999.000	 0.9832	 0.0000	 0.5950	 0.0000	 0.4296	 0.9800	 3.6115	 7.5058	 50.1422	 1.1891	 0.0010	
m60821c4r8.htb	   0.0	  0.03	 2.000	  5.00	 -15.00	 40.00	    15.0000	 15.7993	 0.0000	 8.0636	 4.9751	 0.4940	 0.0000	 0.5560	 0.4709	 64.0000	 0.0000	 13.820	 9999.000	 0.9193	 0.0000	 0.3524	 0.0000	 0.3794	 0.9841	 8.0632	 7.7361	 15.0037	 2.1465	 0.0010	
m60821c5r8.htb	   0.0	  0.03	 2.000	  5.00	  5.00	 40.00	    22.9500	 13.8630	 0.0000	 7.9031	 4.0796	 0.5258	 0.0009	 0.4715	 0.6556	 64.0000	 0.0000	 14.050	 35.920	 0.8212	 0.0008	 0.2227	 0.0000	 0.5482	 0.9686	 7.9031	 5.9599	 22.9540	 0.7975	 0.1000	
m60824c4r8.htb	   0.0	  0.03	 2.000	  0.00	 -10.00	 40.00	    39.3600	 32.9788	 0.0000	 19.9765	 6.8657	 0.3821	 0.0000	 0.5702	 0.4680	 64.0000	 0.0000	 36.560	 9999.000	 0.9639	 0.0000	 0.5044	 0.0000	 0.2967	 0.9900	 19.9763	 13.0025	 39.3568	 2.2392	 0.0010	
m60825c1r8.htb	   0.0	  0.03	 2.000	  0.00	  0.00	 60.00	    30.3800	 8.4788	 0.0000	 4.3961	 5.2861	 0.5303	 0.0008	 0.4909	 0.4750	 64.0000	 0.0000	 16.430	 9999.000	 0.8342	 0.0006	 0.2961	 0.0000	 0.7470	 0.9454	 4.3961	 4.0827	 30.3842	 0.6599	 0.0010	
m60831c2r8.htb	 180.0	  0.03	 2.000	  5.00	 -10.00	 40.00	    11.6200	 26.3893	 0.0000	 20.1045	 14.2786	 0.2411	 0.1424	 0.3651	 0.5982	 64.0000	 0.0000	 9999.000	 9999.000	 0.9142	 0.0001	 0.1237	 0.0007	 0.1499	 0.9973	 20.1045	 6.2847	 11.6192	 1.5293	 0.0010	
m60831c3r8.htb	 180.0	  0.03	 2.000	  0.00	  0.00	 40.00	    18.3000	 35.0679	 0.0000	 20.5270	 10.5970	 0.3931	 0.0000	 0.5312	 0.5903	 64.0000	 0.0000	 15.030	 9999.000	 0.9872	 0.0000	 0.4641	 0.0000	 0.1075	 0.9986	 20.5270	 14.5409	 18.3013	 1.4574	 0.0010	
m60901c1r8.htb	 180.0	  0.03	 2.000	 -10.00	  0.00	 40.00	    14.3500	 0.9854	 0.0000	 0.2625	 0.0249	 0.8222	 0.0010	 0.3519	 0.5576	 64.0000	 0.0000	 1.640	 1.840	 0.3155	 0.1155	 0.0441	 0.0047	 1.2434	 0.8709	 0.2625	 0.7229	 14.3468	 0.1021	 0.0010	
m60901c2r8.htb	 180.0	  0.03	 2.000	  5.00	  0.00	 40.00	    35.2200	 6.0417	 0.0000	 3.2426	 1.0945	 0.5317	 0.0001	 0.4420	 0.4582	 64.0000	 0.0000	 20.900	 9999.000	 0.9304	 0.0000	 0.3060	 0.0000	 0.5692	 0.9664	 3.2426	 2.7991	 35.2158	 0.7635	 0.0010	
m60901c3r8.htb	 180.0	  0.03	 2.000	 -10.00	 -10.00	 40.00	    11.5900	 10.0485	 0.0000	 5.5709	 1.3433	 0.3846	 0.1133	 0.3561	 0.5273	 64.0000	 0.0000	 9999.000	 9999.000	 0.4549	 0.0463	 0.0651	 0.0152	 0.9570	 0.9162	 5.5709	 4.4776	 11.5934	 0.2396	 0.0010	
m61025c1r8.htb	   0.0	  0.03	 2.000	  0.00	 -10.00	 40.00	    10.9800	 8.0816	 0.0000	 4.3852	 3.5821	 0.4444	 0.0000	 0.4823	 0.3894	 64.0000	 0.0000	 8.160	 30.670	 0.8711	 0.0002	 0.3195	 0.0000	 0.4298	 0.9800	 4.3846	 3.6970	 10.9753	 1.1269	 0.1000	
m61025c1r8.htb	   0.0	  0.03	 2.000	  0.00	 -10.00	 40.00	    10.9800	 8.0816	 0.0000	 4.3852	 3.5821	 0.4444	 0.0000	 0.4823	 0.3894	 64.0000	 0.0000	 8.160	 30.670	 0.8711	 0.0002	 0.3195	 0.0000	 0.4298	 0.9800	 4.3846	 3.6971	 10.9753	 1.1269	 0.1000	
m61025c2r8.htb	   0.0	  0.03	 2.000	  0.00	 -10.00	 40.00	    16.1000	 10.0150	 0.0000	 4.5653	 4.6766	 0.6122	 0.0000	 0.5477	 0.4902	 64.0000	 0.0000	 10.430	 29.160	 0.8933	 0.0001	 0.3765	 0.0000	 1.1537	 0.8857	 4.5653	 5.4497	 16.0956	 0.8744	 0.1000	
m61025c3r8.htb	   0.0	  0.03	 2.000	  0.00	 -10.00	 40.00	    11.5000	 6.4144	 0.0000	 5.7650	 4.0299	 0.1493	 0.9928	 0.1903	 0.4240	 64.0000	 0.0000	 9999.000	 9999.000	 0.7349	 0.0031	 0.0129	 0.2855	 0.0497	 0.9997	 5.7650	 0.6494	 11.4971	 0.6712	 0.0010	
m61026c1r8.htb	   0.0	  0.03	 2.000	 -5.00	  0.00	 40.00	    1.1600	 3.9740	 0.0000	 3.1510	 1.8408	 0.4023	 0.6516	 0.2620	 0.5502	 64.0000	 0.0000	 9999.000	 9999.000	 0.0153	 0.7512	 0.0010	 0.7619	 0.4965	 0.9738	 3.1510	 0.8234	 1.1638	 0.1080	 0.0076	
m61026c2r8.htb	   0.0	  0.03	 2.000	  0.00	 -5.00	 40.00	    24.3700	 3.0843	 0.0000	 1.1066	 0.9619	 0.6000	 0.0001	 0.3967	 0.5820	 64.0000	 0.0000	 17.320	 9999.000	 0.9697	 0.0000	 0.2177	 0.0000	 0.1063	 0.9986	 1.1066	 1.9777	 24.3712	 1.0434	 0.1000	
m61026c3r8.htb	   0.0	  0.03	 2.000	  0.00	 -10.00	 40.00	    0.0000	 3.6473	 0.0000	 3.6473	 1.8574	 0.2937	 0.1996	 0.3261	 0.3486	 64.0000	 0.0000	 9999.000	 9999.000	 0.0000	   NaN	 0.0000	   NaN	 0.6397	 0.9586	 3.6473	 0.0000	 2.9042	 0.1000	 0.0010	
m61026c4r8.htb	 180.0	  0.03	 2.000	  0.00	 -10.00	 40.00	    31.6600	 8.5981	 0.0000	 2.0246	 1.3504	 0.7890	 0.0000	 0.6383	 0.4710	 64.0000	 0.0000	 25.520	 9999.000	 0.9872	 0.0000	 0.6196	 0.0000	 0.4269	 0.9802	 2.0246	 6.5735	 31.6560	 1.3905	 0.0010	
m61031c1r8.htb	 150.0	  0.03	 2.000	  0.00	 -10.00	 40.00	    64.0000	 4.9777	 0.0000	 4.1335	 2.8856	 0.2338	 0.7623	 0.2727	 0.4292	 64.0000	 0.0000	 9999.000	 9999.000	 0.5061	 0.0316	 0.0191	 0.1101	 0.1625	 0.9969	 4.1335	 0.9128	 87.4262	 0.7887	 0.0010	
m61031c2r8.htb	 120.0	  0.03	 2.000	 10.00	 -10.00	 40.00	    0.1700	 2.6574	 64.0000	 2.0816	 0.9453	 0.3966	 0.3471	 0.3580	 0.4317	 64.0000	 0.0000	 9999.000	 9999.000	 0.1293	 0.3418	 0.0131	 0.2833	 1.0402	 0.9036	 2.0814	 0.5760	 0.1658	 1.3709	 0.1000	
m61106c1r8.htb	 180.0	  0.03	 2.000	 -5.00	 10.00	 40.00	    8.9200	 0.8034	 0.0000	 0.2111	 0.2156	 0.7468	 0.0214	 0.3125	 0.6493	 64.0000	 0.0000	 2.480	 3.430	 0.6010	 0.0141	 0.0396	 0.0010	 0.3373	 0.9873	 0.2111	 0.5923	 8.9217	 0.2753	 0.0010	
m61106c2r8.htb	   0.0	  0.03	 2.000	  0.00	 -10.00	 40.00	    13.2900	 7.8088	 0.0000	 3.6421	 1.2935	 0.5355	 0.0002	 0.4628	 0.5752	 64.0000	 0.0000	 9.680	 35.430	 0.8882	 0.0001	 0.2676	 0.0000	 0.3855	 0.9836	 3.6421	 4.1667	 13.2924	 1.1029	 0.0010	
m61106c3r8.htb	 120.0	  0.03	 2.000	  0.00	 -10.00	 40.00	    4.9000	 28.6186	 0.0000	 19.7335	 10.6468	 0.2894	 0.0051	 0.4272	 0.5911	 64.0000	 0.0000	 4.400	 35.910	 0.9076	 0.0001	 0.2084	 0.0000	 0.3991	 0.9826	 18.2265	 10.3920	 4.8970	 1.9904	 0.1000	
m61108c1r8.htb	 180.0	  0.03	 2.000	  8.00	 -10.00	 40.00	    17.1500	 8.0810	 0.0000	 1.8573	 0.9950	 0.8110	 0.0000	 0.6534	 0.4476	 64.0000	 0.0000	 11.830	 37.520	 0.9527	 0.0000	 0.6159	 0.0000	 1.5958	 0.8095	 1.8573	 6.2237	 17.1471	 0.9811	 0.1000	
m61108c4r8.htb	 180.0	  0.03	 2.000	  5.00	 -10.00	 40.00	    24.4400	 36.0328	 0.0000	 9.1885	 4.0299	 0.7387	 0.0000	 0.7130	 0.6023	 64.0000	 0.0000	 17.840	 9999.000	 0.9843	 0.0000	 0.8130	 0.0000	 0.6702	 0.9550	 9.1885	 26.8443	 24.4361	 1.1101	 0.0010	
m61109c1r8.htb	 180.0	  0.03	 2.000	  0.00	 -10.00	 40.00	    24.6300	 7.0736	 0.0000	 4.3743	 4.6269	 0.4375	 0.0152	 0.3969	 0.4955	 64.0000	 0.0000	 12.810	 26.650	 0.8054	 0.0010	 0.1627	 0.0001	 0.7304	 0.9475	 4.3743	 2.6993	 24.6271	 0.6226	 0.0010	
m61109c2r8.htb	   0.0	  0.03	 2.000	  0.00	  5.00	 40.00	    17.4900	 16.2301	 0.0000	 9.8601	 6.7662	 0.3817	 0.0005	 0.4289	 0.5583	 64.0000	 0.0000	 10.580	 26.700	 0.8761	 0.0002	 0.2483	 0.0000	 0.4498	 0.9782	 9.8601	 6.3700	 17.4869	 0.7871	 0.0010	
m61109c3r8.htb	   0.0	  0.03	 2.000	  0.00	  0.00	 40.00	    25.3000	 19.7196	 0.0000	 9.7910	 7.8109	 0.5691	 0.0000	 0.5767	 0.5794	 64.0000	 0.0000	 16.650	 9999.000	 0.9170	 0.0000	 0.4213	 0.0000	 0.5182	 0.9717	 9.7910	 9.9286	 25.3001	 0.9035	 0.1000	
m61109c4r8.htb	 180.0	  0.03	 2.000	  0.00	 -5.00	 40.00	    21.6600	 21.2132	 0.0000	 4.5418	 1.6915	 0.8051	 0.0000	 0.7069	 0.5360	 64.0000	 0.0000	 14.750	 9999.000	 0.9904	 0.0000	 0.7525	 0.0000	 0.4490	 0.9783	 4.5418	 16.6714	 21.6614	 0.9606	 0.1000	
m61109c5r8.htb	 180.0	  0.03	 2.000	  0.00	  0.00	 40.00	    18.0900	 17.3534	 0.0000	 5.7382	 5.9204	 0.6589	 0.0000	 0.6302	 0.5009	 64.0000	 0.0000	 13.790	 9999.000	 0.9916	 0.0000	 0.6358	 0.0000	 0.1129	 0.9985	 5.7382	 11.6152	 18.0879	 1.2166	 0.0010	
m61110c1r8.htb	 180.0	  0.03	 2.000	  8.00	 -10.00	 40.00	    11.3700	 28.0879	 0.0000	 16.9990	 14.6269	 0.4437	 0.0000	 0.5911	 0.4783	 64.0000	 0.0000	 8.710	 36.940	 0.9364	 0.0000	 0.4425	 0.0000	 0.8474	 0.9320	 16.9990	 11.0889	 11.3687	 1.2284	 0.0010	
m61110c2r8.htb	 180.0	  0.03	 2.000	  5.00	 -15.00	 40.00	    11.2200	 27.3981	 0.0000	 11.8211	 9.4527	 0.5817	 0.0000	 0.5978	 0.6384	 64.0000	 0.0000	 8.710	 38.690	 0.9569	 0.0000	 0.5185	 0.0000	 0.5016	 0.9733	 11.8211	 15.5770	 11.2219	 1.2671	 0.0010	
m61110c3r8.htb	 180.0	  0.03	 2.000	  0.00	 -30.00	 40.00	    19.2100	 16.7206	 0.0000	 10.3084	 6.7164	 0.4242	 0.0000	 0.5208	 0.4870	 64.0000	 0.0000	 12.610	 36.230	 0.9171	 0.0000	 0.3310	 0.0000	 0.3205	 0.9885	 10.3084	 6.4122	 19.2057	 0.8972	 0.1000	
m61113c1r8.htb	 120.0	  0.03	 1.000	  8.00	 -10.00	 40.00	    0.4600	 7.1391	 0.0000	 6.2899	 6.7662	 0.2467	 0.8864	 0.2535	 0.5704	 64.0000	 0.0000	 9999.000	 9999.000	 0.0921	 0.4273	 0.0039	 0.5573	 0.3380	 0.9872	 6.2899	 0.8493	 0.4595	 0.1000	 0.0013	
m61113c2r8.htb	  90.0	  0.03	 2.000	 -10.00	 -10.00	 40.00	    37.1900	 4.5124	 0.0000	 2.8235	 2.3881	 0.3736	 0.5924	 0.2758	 0.5887	 64.0000	 0.0000	 9999.000	 9999.000	 0.8108	 0.0009	 0.0603	 0.0196	 0.1731	 0.9965	 2.8235	 1.6888	 37.1909	 0.7452	 0.0010	
m61113c3r8.htb	 270.0	  0.03	 2.000	 -5.00	 -15.00	 40.00	    26.5200	 17.5419	 0.0000	 13.1475	 13.7313	 0.2773	 0.0747	 0.3520	 0.5488	 64.0000	 0.0000	 9999.000	 9999.000	 0.9665	 0.0000	 0.1512	 0.0002	 0.0636	 0.9995	 13.1475	 4.3944	 26.5200	 1.2284	 0.0010	
m61115c1r8.htb	 180.0	  0.03	 2.000	  0.00	 -5.00	 40.00	    21.8600	 1.9395	 0.0000	 0.6339	 0.4975	 0.7692	 0.0135	 0.4515	 0.5133	 64.0000	 0.0000	 13.330	 34.060	 0.7395	 0.0029	 0.1517	 0.0001	 0.6183	 0.9610	 0.6339	 1.3056	 21.8623	 0.7974	 0.0010	
m61115c2r8.htb	   0.0	  0.03	 2.000	 10.00	 -5.00	 40.00	    0.0900	 1.9574	 0.0000	 1.2949	 1.0945	 0.4419	 0.1776	 0.3402	 0.4171	 64.0000	 0.0000	 9999.000	 9999.000	 0.0000	   NaN	 0.0000	   NaN	 1.0566	 0.9011	 1.2949	 0.7367	 0.0857	 0.1001	 0.0046	
m61115c3r8.htb	  90.0	  0.03	 2.000	 -10.00	 -15.00	 40.00	    10.3800	 15.9311	 0.0000	 8.5336	 7.3134	 0.4486	 0.0000	 0.5533	 0.4242	 64.0000	 0.0000	 8.400	 43.570	 0.9857	 0.0000	 0.4301	 0.0000	 0.1023	 0.9987	 8.5336	 7.3975	 10.3825	 1.3993	 0.0010	
m61115c4r8.htb	   0.0	  0.03	 2.000	  5.00	 -5.00	 40.00	    33.1100	 17.1295	 0.0000	 9.4168	 7.7612	 0.4708	 0.0003	 0.5024	 0.5606	 64.0000	 0.0000	 31.880	 9999.000	 0.9051	 0.0001	 0.2666	 0.0000	 0.2840	 0.9908	 9.4094	 7.7201	 33.1132	 2.7907	 0.0010	
m61116c1r8.htb	  90.0	  0.03	 2.000	  0.00	  0.00	 40.00	    1.2900	 2.6934	 0.0000	 2.0219	 0.2985	 0.1837	 0.9298	 0.2125	 0.3655	 64.0000	 0.0000	 9999.000	 9999.000	 0.2374	 0.1834	 0.0085	 0.3868	 0.1645	 0.9968	 2.0219	 0.6716	 1.2946	 0.2254	 0.0010	
m61122c1r8.htb	 180.0	  0.03	 2.000	  0.00	 -10.00	 40.00	    37.1200	 5.3312	 0.0000	 2.4627	 2.0896	 0.6944	 0.0000	 0.5447	 0.5080	 64.0000	 0.0000	 17.420	 9999.000	 0.7562	 0.0023	 0.2608	 0.0000	 1.0772	 0.8979	 2.4627	 2.8685	 37.1241	 0.5374	 0.0010	
m61122c2r8.htb	  60.0	  0.03	 2.000	  0.00	 -15.00	 40.00	    5.5300	 4.9627	 0.0000	 2.8307	 2.6866	 0.4141	 0.0584	 0.3276	 0.5312	 64.0000	 0.0000	 9999.000	 9999.000	 0.8573	 0.0003	 0.1407	 0.0003	 0.1477	 0.9974	 2.8303	 2.1324	 5.5275	 0.9670	 0.1000	
m61122c3r8.htb	  60.0	  0.03	 2.000	 -5.00	  0.00	 40.00	    41.8600	 7.2092	 0.0000	 2.2901	 3.2587	 0.7143	 0.0000	 0.4807	 0.7336	 64.0000	 0.0000	 28.570	 9999.000	 0.9186	 0.0000	 0.2835	 0.0000	 0.4166	 0.9811	 2.2901	 4.9191	 41.8612	 0.9737	 0.0010	
m61122c4r8.htb	   0.0	  0.03	 2.000	 -5.00	 -5.00	 40.00	    19.2300	 19.6398	 0.0000	 11.9067	 8.8557	 0.3961	 0.0073	 0.4226	 0.7065	 64.0000	 0.0000	 15.170	 9999.000	 0.9209	 0.0000	 0.2035	 0.0000	 0.3183	 0.9886	 11.9067	 7.7331	 19.2271	 1.3175	 0.0010	
m61127c1r8.htb	 180.0	  0.03	 2.000	 10.00	 -10.00	 40.00	    21.3900	 6.8729	 0.0000	 0.8898	 0.2985	 0.8489	 0.0000	 0.6161	 0.5497	 64.0000	 0.0000	 15.230	 9999.000	 0.9837	 0.0000	 0.6157	 0.0000	 0.2133	 0.9947	 0.8898	 5.9831	 21.3850	 1.0547	 0.0010	
m61127c2r8.htb	  30.0	  0.03	 2.000	  5.00	 -5.00	 40.00	    3.9900	 15.5384	 0.0000	 11.7807	 8.2587	 0.2913	 0.0570	 0.3800	 0.5106	 64.0000	 0.0000	 9999.000	 9999.000	 0.5181	 0.0288	 0.0854	 0.0052	 1.1211	 0.8909	 11.0479	 4.4905	 3.9901	 1.9491	 0.1000	
m61127c3r8.htb	  90.0	  0.03	 2.000	 10.00	 -5.00	 40.00	    0.5800	 2.0991	 0.0000	 0.7731	 0.4975	 0.6136	 0.5940	 0.3148	 0.7048	 64.0000	 0.0000	 9999.000	 9999.000	 0.0898	 0.4334	 0.0067	 0.4442	 0.6529	 0.9570	 0.7731	 1.3261	 0.5806	 0.1010	 0.0021	
m61127c4r8.htb	 270.0	  0.03	 2.000	  5.00	 -10.00	 40.00	    64.0000	 10.0638	 0.0000	 6.3270	 2.5871	 0.4421	 0.0040	 0.5085	 0.4250	 64.0000	 0.0000	 63.820	 9999.000	 0.6549	 0.0082	 0.1543	 0.0001	 1.1227	 0.8907	 5.3362	 4.8212	 256.0000	 7.0002	 0.0010	
m61128c1r8.htb	 180.0	  0.03	 2.000	 10.00	 -10.00	 40.00	    9.9700	 4.8755	 0.0000	 2.4739	 0.4975	 0.5079	 0.3075	 0.2706	 1.0170	 64.0000	 0.0000	 9999.000	 9999.000	 0.8812	 0.0002	 0.0465	 0.0037	 0.1010	 0.9988	 2.3685	 2.5070	 9.9687	 1.8319	 0.1000	
m61128c2r8.htb	 180.0	  0.03	 2.000	  5.00	  0.00	 40.00	    23.0400	 25.5027	 0.0000	 13.6478	 3.2338	 0.4385	 0.0000	 0.5157	 0.6168	 64.0000	 0.0000	 17.840	 9999.000	 0.9905	 0.0000	 0.4657	 0.0000	 0.0657	 0.9995	 13.6478	 11.8549	 23.0371	 1.2611	 0.0010	
m61128c3r8.htb	 180.0	  0.03	 2.000	  5.00	 -10.00	 40.00	    64.0000	 20.3182	 0.0000	 16.1121	 3.4328	 0.3396	 0.4939	 0.3432	 0.8109	 64.0000	 0.0000	 9999.000	 9999.000	 0.5796	 0.0172	 0.0489	 0.0362	 0.3576	 0.9858	 16.1121	 4.3190	 79.0624	 0.9183	 0.0038	
m61128c4r8.htb	 180.0	  0.03	 2.000	  0.00	 -10.00	 40.00	    0.5000	 7.3804	 64.0000	 5.0479	 2.7363	 0.3133	 0.1540	 0.3500	 0.4582	 64.0000	 0.0000	 9999.000	 9999.000	 0.8965	 0.0001	 0.1189	 0.0009	 0.1568	 0.9971	 5.0476	 2.3327	 0.5013	 1.1025	 0.1000	
m61129c1r8.htb	  90.0	  0.03	 2.000	 10.00	 -10.00	 40.00	    54.5900	 3.4420	 0.0000	 2.1098	 2.2139	 0.5069	 0.0776	 0.3431	 0.5568	 64.0000	 0.0000	 9999.000	 9999.000	 0.4642	 0.0433	 0.0363	 0.0104	 0.4726	 0.9761	 2.1098	 1.3322	 54.5874	 0.2994	 0.0258	
m61129c2r8.htb	  90.0	  0.03	 2.000	  5.00	 -5.00	 40.00	    14.7000	 17.4803	 0.0000	 8.5608	 9.3532	 0.5301	 0.0000	 0.5833	 0.4907	 64.0000	 0.0000	 12.070	 9999.000	 0.9482	 0.0000	 0.4616	 0.0000	 0.5604	 0.9674	 8.5402	 8.9402	 14.7031	 1.4341	 0.1000	
m61129c3r8.htb	  90.0	  0.03	 2.000	  0.00	  0.00	 40.00	    64.0000	 3.6664	 0.0000	 1.8421	 1.4925	 0.5568	 0.0459	 0.3992	 0.4781	 64.0000	 0.0000	 62.550	 9999.000	 0.6790	 0.0063	 0.1163	 0.0010	 0.5936	 0.9638	 1.8144	 1.9523	 256.0000	 4.2672	 0.0010	
m61130c1r8.htb	 180.0	  0.03	 2.000	  0.00	  0.00	 40.00	    9.0600	 29.8855	 0.0000	 26.5426	 14.5274	 0.1200	 0.1367	 0.3522	 0.3131	 64.0000	 0.0000	 9999.000	 9999.000	 0.8199	 0.0008	 0.1121	 0.0013	 0.2724	 0.9915	 26.5426	 3.3429	 9.0581	 1.2552	 0.0010	
m61130c2r8.htb	 180.0	  0.03	 2.000	 10.00	  5.00	 40.00	    49.7600	 9.6362	 0.0000	 7.4389	 3.8806	 0.2707	 0.1067	 0.4445	 0.3090	 64.0000	 0.0000	 9999.000	 9999.000	 0.5742	 0.0180	 0.0833	 0.0058	 0.5580	 0.9676	 7.4389	 2.1973	 49.7636	 0.2841	 0.0200	
m61130c3r8.htb	 180.0	  0.03	 2.000	  5.00	  5.00	 40.00	    15.3400	 7.2016	 0.0000	 6.8573	 5.1741	 0.0759	 0.9670	 0.1831	 0.2310	 64.0000	 0.0000	 9999.000	 9999.000	 0.2443	 0.1762	 0.0068	 0.4385	 0.2030	 0.9952	 6.8573	 0.3442	 15.3363	 0.2882	 0.0024	
m61130c4r8.htb	 210.0	  0.03	 2.000	  5.00	 -5.00	 40.00	    13.8400	 15.7592	 0.0000	 8.9892	 4.7264	 0.4850	 0.0000	 0.5217	 0.5396	 64.0000	 0.0000	 10.340	 39.880	 0.8042	 0.0011	 0.2911	 0.0000	 1.1771	 0.8819	 8.9886	 6.7706	 13.8387	 1.1473	 0.1000	
m61201c1r8.htb	 180.0	  0.03	 2.000	  5.00	 -10.00	 40.00	    34.7800	 18.9787	 0.0000	 4.1944	 2.0398	 0.7846	 0.0000	 0.6752	 0.5654	 64.0000	 0.0000	 21.430	 9999.000	 0.9890	 0.0000	 0.7466	 0.0000	 0.2411	 0.9933	 4.1944	 14.7843	 34.7757	 0.8124	 0.0010	
m61201c2r8.htb	   0.0	  0.03	 2.000	  0.00	 -10.00	 40.00	    32.3800	 24.4260	 0.0000	 8.3924	 7.1144	 0.7117	 0.0000	 0.6248	 0.7384	 64.0000	 0.0000	 20.330	 9999.000	 0.9611	 0.0000	 0.5553	 0.0000	 0.3877	 0.9835	 8.3924	 16.0337	 32.3839	 0.8342	 0.1000	
m61204c1r8.htb	 240.0	  0.03	 2.000	  0.00	 -10.00	 40.00	    21.3200	 18.9544	 0.0000	 5.9583	 4.0299	 0.6800	 0.0000	 0.5724	 0.7340	 64.0000	 0.0000	 17.770	 9999.000	 0.9776	 0.0000	 0.5014	 0.0000	 0.5396	 0.9695	 5.9367	 13.0178	 21.3151	 1.5000	 0.1000	
m61204c2r8.htb	   0.0	  0.03	 2.000	  0.00	 -10.00	 40.00	    35.8100	 22.7123	 0.0000	 7.2652	 5.0249	 0.7480	 0.0000	 0.6503	 0.6641	 64.0000	 0.0000	 24.990	 9999.000	 0.9627	 0.0000	 0.6177	 0.0000	 0.7628	 0.9434	 7.2652	 15.4472	 35.8094	 1.0096	 0.1000	
m61204c3r8.htb	 180.0	  0.03	 2.000	 -5.00	 -10.00	 40.00	    12.0600	 15.9258	 0.0000	 9.1347	 4.0299	 0.4513	 0.0003	 0.5039	 0.5265	 64.0000	 0.0000	 10.830	 9999.000	 0.8737	 0.0002	 0.2576	 0.0000	 0.4712	 0.9762	 8.8121	 7.1137	 12.0575	 1.9300	 0.1000	
m61206c1r8.htb	 180.0	  0.03	 2.000	  5.00	 -10.00	 40.00	    28.6300	 31.7757	 0.0000	 9.2153	 4.9254	 0.7449	 0.0000	 0.7145	 0.5575	 64.0000	 0.0000	 19.530	 9999.000	 0.9886	 0.0000	 0.7735	 0.0000	 0.7798	 0.9411	 9.2153	 22.5604	 28.6286	 0.9658	 0.1000	
m61206c2r8.htb	 240.0	  0.03	 2.000	 -5.00	  0.00	 40.00	    36.5600	 12.0033	 0.0000	 1.1902	 0.4975	 0.9271	 0.0000	 0.7767	 0.3802	 64.0000	 0.0000	 25.830	 9999.000	 0.9959	 0.0000	 0.9023	 0.0000	 0.6065	 0.9623	 1.1902	 10.8131	 36.5604	 1.0345	 0.1000	
m61206c3r8.htb	   0.0	  0.03	 2.000	  5.00	 -5.00	 40.00	    40.1600	 28.0177	 0.0000	 18.0854	 10.6965	 0.3863	 0.0052	 0.4924	 0.6011	 64.0000	 0.0000	 39.760	 9999.000	 0.9488	 0.0000	 0.2178	 0.0000	 0.1003	 0.9988	 17.8074	 10.2103	 40.1628	 3.9487	 0.0010	
m61206c4r8.htb	   0.0	  0.03	 2.000	  0.00	 -10.00	 40.00	    40.2500	 33.6483	 0.0000	 5.3584	 4.1294	 0.8308	 0.0000	 0.7489	 0.5783	 64.0000	 0.0000	 29.520	 9999.000	 0.9966	 0.0000	 0.8879	 0.0000	 0.2605	 0.9922	 5.3584	 28.2899	 40.2539	 1.1219	 0.0010	
