FILE			 PrfOR	 PrfSF	 PrfTF	 RFXctr	 RFYctr	 RFDiam	     MaxLoc	 MaxRsp	 MinLoc	 MinRsp	 Spont	 SMI		 AnovaP	 SDI		 VarTerm	 MaxX 	 MinX 	 HWHML	 HWHMR	 RsqMn	 PMean	 RsqRaw	 Praw		 Chi2		 ChiP		 Brat		 Ampl		 Peak		 SD		 Offst		
m60201c1r8.htb	  60.0	  0.03	 2.000	  0.00	 -5.00	 30.00	    1.6100	 0.7027	 0.0000	 0.3047	 0.5307	 0.3810	 0.9417	 0.2037	 0.5109	 32.0000	 0.0000	 9999.000	 9999.000	 0.3002	 0.1597	 0.0060	 0.4020	 0.0857	 0.9935	 0.3047	 0.3980	 1.6082	 0.1848	 0.0942	
m60208c1r8.htb	  30.0	  0.05	 2.000	  0.00	  0.00	 45.00	    16.3100	 9.4743	 0.0000	 6.1233	 4.8259	 0.4050	 0.3181	 0.3261	 0.7298	 64.0000	 0.0000	 9999.000	 9999.000	 0.7086	 0.0044	 0.0743	 0.0094	 0.2440	 0.9931	 6.1150	 3.3594	 16.3058	 1.4723	 0.1000	
m60213c1r8.htb	  30.0	  0.03	 2.000	 -5.00	 10.00	 40.00	    22.0800	 11.1065	 0.0000	 4.2145	 3.2836	 0.6119	 0.0000	 0.5780	 0.4640	 64.0000	 0.0000	 16.470	 9999.000	 0.9969	 0.0000	 0.5707	 0.0000	 0.0425	 0.9998	 4.2143	 6.8921	 22.0770	 1.1501	 0.1000	
m60217c1r8.htb	  50.0	  0.05	 2.000	 10.00	 15.00	 50.00	    19.8700	 18.3160	 0.0000	 13.0788	 9.2537	 0.3111	 0.0015	 0.4520	 0.4424	 64.0000	 0.0000	 9.350	 17.550	 0.8794	 0.0002	 0.2279	 0.0000	 0.9808	 0.9127	 13.0788	 5.2372	 19.8713	 0.5352	 0.1000	
m60220c2r7.htb	 230.0	  0.03	 2.000	  0.00	 15.00	 50.00	    11.8300	 9.9324	 0.0000	 6.9184	 5.8706	 0.3846	 0.2217	 0.3293	 0.6512	 64.0000	 0.0000	 9999.000	 9999.000	 0.4885	 0.0362	 0.0583	 0.0219	 0.9837	 0.9123	 6.9184	 3.0140	 11.8270	 0.3813	 0.1000	
m60220c3r8.htb	 225.0	  0.03	 4.000	 10.00	 10.00	 50.00	    43.2100	 7.7398	 0.0000	 6.1182	 3.8308	 0.2174	 0.4715	 0.3176	 0.3815	 64.0000	 0.0000	 9999.000	 9999.000	 0.7673	 0.0020	 0.0666	 0.0141	 0.3200	 0.9885	 6.1180	 1.6218	 43.2081	 2.5019	 0.0010	
m60220c6r9.htb	  30.0	  0.03	 2.000	  0.00	 10.00	 40.00	    47.2300	 20.9847	 0.0000	 13.3727	 2.4876	 0.2881	 0.0481	 0.4738	 0.3718	 64.0000	 0.0000	 13.230	 9999.000	 0.7412	 0.0029	 0.2455	 0.0005	 0.7726	 0.9421	 13.3727	 7.6119	 47.2305	 0.2788	 0.0186	
m60221c1r7.htb	   0.0	  0.03	 4.000	 -10.00	 10.00	 50.00	    17.2100	 8.4234	 0.0000	 1.8023	 1.1940	 0.8000	 0.0000	 0.5907	 0.5762	 64.0000	 0.0000	 12.290	 42.860	 0.9582	 0.0000	 0.5022	 0.0000	 0.3549	 0.9860	 1.8023	 6.6211	 17.2111	 1.0614	 0.0010	
m60221c2r8.htb	   0.0	  0.03	 4.000	  0.00	 20.00	 60.00	    2.9100	 6.8537	 0.0000	 5.0106	 1.8905	 0.3377	 0.7919	 0.3294	 0.5155	 64.0000	 0.0000	 9999.000	 9999.000	 0.5635	 0.0198	 0.0638	 0.0942	 0.8551	 0.9309	 2.9731	 3.8806	 2.9145	 4.1030	 0.0279	
m60221c3r8.htb	   0.0	  0.03	 2.000	  3.00	  8.00	 50.00	    24.2400	 13.2897	 0.0000	 5.5110	 3.8308	 0.6217	 0.0000	 0.6153	 0.4436	 64.0000	 0.0000	 17.400	 9999.000	 0.9857	 0.0000	 0.5835	 0.0000	 0.2537	 0.9926	 5.5110	 7.7787	 24.2379	 1.0633	 0.1000	
m60221c4r8.htb	 220.0	  0.03	 2.000	  8.00	  0.00	 50.00	    13.8100	 2.0045	 0.0000	 0.4928	 0.9950	 0.7308	 0.1585	 0.4438	 0.5229	 64.0000	 0.0000	 9999.000	 9999.000	 0.6421	 0.0094	 0.1686	 0.0051	 3.0797	 0.5446	 0.4928	 1.5117	 13.8061	 1.5744	 0.0010	
m60221c5r9.htb	   0.0	  0.03	 2.000	  0.00	  0.00	 50.00	    0.7100	 4.8321	 0.0000	 2.1793	 2.1559	 0.5536	 0.9008	 0.1978	 1.2372	 64.0000	 0.0000	 9999.000	 9999.000	 0.2240	 0.1982	 0.0157	 0.3670	 0.2278	 0.9940	 2.1793	 2.6529	 0.7117	 0.1929	 0.0819	
m60227c1r8.htb	 100.0	  0.05	 2.000	  5.00	  0.00	 40.00	    3.1300	 4.0738	 0.0000	 2.9101	 0.7960	 0.3483	 0.4041	 0.2934	 0.4524	 64.0000	 0.0000	 9999.000	 9999.000	 0.6745	 0.0066	 0.0635	 0.0165	 0.2735	 0.9915	 2.8627	 1.2110	 3.1287	 1.3646	 0.1000	
m60404c1r8.htb	   0.0	  0.03	 2.000	  0.00	  0.00	 40.00	    9.2700	 12.5333	 0.0000	 8.6627	 9.7512	 0.3532	 0.0232	 0.4307	 0.5124	 64.0000	 0.0000	 6.780	 24.990	 0.7719	 0.0018	 0.1471	 0.0002	 0.7500	 0.9450	 8.6627	 3.8706	 9.2667	 1.1101	 0.0010	
m60411c1r8.htb	 270.0	  0.03	 2.000	 -10.00	 -5.00	 60.00	    46.7100	 7.8382	 0.0000	 5.0770	 0.8955	 0.2761	 0.6814	 0.2785	 0.5029	 64.0000	 0.0000	 9999.000	 9999.000	 0.6786	 0.0063	 0.0445	 0.0459	 0.2532	 0.9926	 5.0770	 2.7612	 46.7107	 0.2578	 0.0011	
m60413c1r8.htb	 270.0	  0.03	 2.000	 -5.00	 -25.00	 60.00	    14.3900	 14.7246	 0.0000	 11.3465	 8.3085	 0.2678	 0.0456	 0.4316	 0.3623	 64.0000	 0.0000	 5.020	 7.680	 0.8758	 0.0002	 0.1501	 0.0002	 0.2033	 0.9952	 11.3465	 3.3780	 14.3853	 0.3629	 0.0010	
m60417c1r8.htb	 180.0	  0.03	 2.000	  0.00	 10.00	 50.00	    0.0800	 1.2997	 0.0000	 0.7038	 0.8955	 0.4857	 0.9241	 0.2370	 0.6917	 64.0000	 0.0000	 9999.000	 9999.000	 0.0000	   NaN	 0.0000	   NaN	 0.2798	 0.9911	 0.7038	 0.6804	 0.0758	 0.1001	 0.0038	
m60418c2r8.htb	   0.0	  0.03	 2.000	 -5.00	 -15.00	 50.00	    18.3100	 27.9447	 0.0000	 24.0477	 9.0547	 0.2713	 0.1088	 0.4175	 0.5572	 64.0000	 0.0000	 9999.000	 9999.000	 0.4204	 0.0589	 0.0607	 0.0192	 0.8604	 0.9302	 24.0477	 3.8970	 18.3089	 1.1318	 0.0010	
m60418c2r9.htb	   0.0	  0.03	 2.000	 -5.00	 -15.00	 50.00	    16.6400	 28.5575	 0.0000	 22.1855	 13.4328	 0.2931	 0.0033	 0.4723	 0.4985	 64.0000	 0.0000	 11.620	 37.850	 0.7945	 0.0013	 0.1907	 0.0000	 0.8657	 0.9294	 22.1855	 6.3720	 16.6426	 1.0035	 0.1000	
m60418c3r8.htb	   0.0	  0.03	 2.000	  0.00	 -10.00	 50.00	    1.0300	 25.2456	 19.7100	 21.2370	 12.1393	 0.2646	 0.4370	 0.4359	 0.4594	 64.0000	 0.0000	 9999.000	 9999.000	 0.4953	 0.0344	 0.0917	 0.0432	 1.2506	 0.8697	 21.2370	 4.0088	 1.0335	 0.3402	 0.1000	
m60418c4r8.htb	   0.0	  0.03	 2.000	  0.00	 -10.00	 50.00	    22.4100	 18.1268	 0.0000	 12.2011	 7.7114	 0.3912	 0.0000	 0.5644	 0.3711	 64.0000	 0.0000	 13.230	 31.980	 0.8461	 0.0004	 0.3693	 0.0000	 1.2009	 0.8779	 12.2011	 5.9257	 22.4050	 0.7508	 0.1000	
m60420c3r8.htb	   0.0	  0.03	 2.000	 -5.00	  5.00	 40.00	    26.1800	 23.1603	 0.0000	 16.9962	 11.4428	 0.3452	 0.0002	 0.5214	 0.4321	 64.0000	 0.0000	 14.850	 34.090	 0.8146	 0.0009	 0.2503	 0.0000	 0.8520	 0.9313	 16.9962	 6.1641	 26.1784	 0.7062	 0.1000	
m60420c4r8.htb	   0.0	  0.03	 2.000	 10.00	 -8.00	 40.00	    15.4900	 4.6192	 0.0000	 2.1182	 0.9453	 0.5408	 0.0345	 0.3897	 0.5528	 64.0000	 0.0000	 12.860	 9999.000	 0.8278	 0.0007	 0.1486	 0.0002	 0.2773	 0.9912	 2.1182	 2.5010	 15.4882	 1.5015	 0.0010	
m60420c5r8.htb	   0.0	  0.03	 2.000	  8.00	 -5.00	 40.00	    9.1500	 30.2677	 0.0000	 20.0386	 15.3731	 0.3322	 0.0000	 0.5634	 0.4008	 64.0000	 0.0000	 8.520	 9999.000	 0.9268	 0.0000	 0.3704	 0.0000	 0.5117	 0.9724	 17.7329	 12.5348	 9.1487	 2.4601	 0.1000	
m60424c6r8.htb	   0.0	  0.03	 2.000	 -5.00	 -5.00	 30.00	    14.1100	 19.9316	 0.0000	 12.8640	 0.3980	 0.3594	 0.1995	 0.3510	 0.8545	 64.0000	 0.0000	 9999.000	 9999.000	 0.9430	 0.0000	 0.1162	 0.0010	 0.0822	 0.9992	 12.8640	 7.0676	 14.1126	 1.2577	 0.0010	
m60518c3r8.htb	   0.0	  0.03	 2.000	 10.00	  5.00	 40.00	    1.4200	 17.4747	 0.0000	 12.5495	 13.5323	 0.2230	 0.6902	 0.3675	 0.4137	 64.0000	 0.0000	 9999.000	 9999.000	 0.5963	 0.0147	 0.0802	 0.0595	 0.4271	 0.9802	 12.5495	 4.9254	 1.4166	 0.2593	 0.0010	
m60518c4r8.htb	   0.0	  0.03	 2.000	  0.00	 -10.00	 40.00	    9.7900	 8.7892	 0.0000	 7.3416	 5.2239	 0.2308	 0.7074	 0.2821	 0.4685	 64.0000	 0.0000	 9999.000	 9999.000	 0.7047	 0.0046	 0.0444	 0.0463	 0.4281	 0.9801	 7.3416	 1.4475	 9.7897	 0.6774	 0.0010	
m60524c6r8.htb	   0.0	  0.03	 2.000	 -12.00	 -8.00	 40.00	    5.2500	 4.0739	 0.0000	 2.2715	 0.8624	 0.4414	 0.2062	 0.3092	 0.5997	 64.0000	 0.0000	 9999.000	 9999.000	 0.7521	 0.0025	 0.0611	 0.0039	 0.1970	 0.9955	 2.1545	 1.9194	 5.2525	 1.6827	 0.1000	
m60629c1r8.htb	   0.0	  0.03	 2.000	  0.00	 -5.00	 40.00	    29.0600	 16.8953	 0.0000	 8.6329	 3.6484	 0.5630	 0.0000	 0.5800	 0.5101	 64.0000	 0.0000	 19.040	 9999.000	 0.9681	 0.0000	 0.4445	 0.0000	 0.3209	 0.9884	 8.6329	 8.2623	 29.0589	 0.8972	 0.1000	
m60629c2r8.htb	   0.0	  0.03	 2.000	  0.00	  0.00	 40.00	    12.0900	 24.3272	 0.0000	 18.7379	 12.0398	 0.2270	 0.0022	 0.4253	 0.4095	 64.0000	 0.0000	 8.530	 28.220	 0.9822	 0.0000	 0.2453	 0.0000	 0.0388	 0.9998	 18.7378	 5.5894	 12.0894	 1.0177	 0.1000	
m60630c1r8.htb	   0.0	  0.03	 2.000	  0.00	 -8.00	 60.00	    21.7600	 9.2278	 0.0000	 6.2130	 5.0746	 0.4365	 0.0010	 0.4248	 0.5515	 64.0000	 0.0000	 15.600	 9999.000	 0.7050	 0.0046	 0.1288	 0.0000	 0.6059	 0.9624	 6.2130	 3.0148	 21.7618	 1.0599	 0.1000	
m60630c2r8.htb	  20.0	  0.03	 2.000	  0.00	 10.00	 50.00	    15.8000	 13.8691	 0.0000	 9.5086	 7.4959	 0.3841	 0.0020	 0.4306	 0.5720	 64.0000	 0.0000	 12.890	 9999.000	 0.7925	 0.0013	 0.1365	 0.0000	 0.3438	 0.9868	 9.5086	 4.3604	 15.8002	 1.4313	 0.0010	
m60706c1r8.htb	   0.0	  0.03	 2.000	 10.00	  0.00	 60.00	    7.5300	 14.2720	 0.0000	 11.7684	 9.8792	 0.2356	 0.6964	 0.3262	 0.4793	 64.0000	 0.0000	 9999.000	 9999.000	 0.7790	 0.0016	 0.0784	 0.0332	 0.3665	 0.9851	 11.7684	 2.5036	 7.5344	 0.8128	 0.1000	
m60706c2r8.htb	   0.0	  0.03	 2.000	  0.00	 -10.00	 40.00	    20.5400	 13.7608	 0.0000	 10.2070	 5.7711	 0.3125	 0.1353	 0.3870	 0.4882	 64.0000	 0.0000	 9999.000	 9999.000	 0.8340	 0.0006	 0.1143	 0.0011	 0.2318	 0.9938	 10.2070	 3.5538	 20.5417	 0.4138	 0.0010	
m60706c3r8.htb	   0.0	  0.03	 2.000	 -5.00	 -10.00	 40.00	    9.2800	 25.7096	 0.0000	 19.4604	 15.9701	 0.2959	 0.0113	 0.4525	 0.4828	 64.0000	 0.0000	 3.830	 6.490	 0.8510	 0.0004	 0.1786	 0.0000	 0.7354	 0.9469	 19.4604	 6.2492	 9.2788	 0.4494	 0.0010	
m60706c4r8.htb	   0.0	  0.03	 2.000	 10.00	 -10.00	 40.00	    6.4000	 5.3477	 0.0000	 2.9519	 2.3383	 0.4457	 0.1893	 0.3719	 0.4682	 64.0000	 0.0000	 9999.000	 9999.000	 0.4446	 0.0498	 0.0557	 0.0252	 0.5287	 0.9707	 2.9519	 2.3959	 6.4031	 0.2232	 0.0010	
m60712c2r8.htb	 300.0	  0.03	 2.000	 -5.00	  5.00	 40.00	    64.0000	 13.5565	 0.0000	 6.2650	 6.5672	 0.6141	 0.0000	 0.5546	 0.5722	 64.0000	 0.0000	 54.860	 9999.000	 0.9177	 0.0000	 0.3284	 0.0000	 0.3212	 0.9884	 6.1805	 8.5157	 256.0000	 2.5839	 0.1000	
m60713c1r8.htb	   0.0	  0.03	 2.000	  8.00	  0.00	 60.00	    39.6000	 1.3642	 0.0000	 0.0739	 0.0663	 0.9024	 0.0000	 0.5381	 0.4026	 64.0000	 0.0000	 15.380	 9999.000	 0.9778	 0.0000	 0.4383	 0.0000	 0.2586	 0.9923	 0.0739	 1.2903	 39.5999	 0.4157	 0.0936	
m60713c2r8.htb	   0.0	  0.03	 2.000	 -10.00	 10.00	 60.00	    0.4500	 1.5145	 0.0000	 0.7652	 0.8458	 0.6364	 0.0338	 0.4125	 0.4716	 64.0000	 0.0000	 0.070	 0.080	 0.0686	 0.4960	 0.0124	 0.2970	 2.1187	 0.7139	 0.7652	 0.7493	 0.4505	 0.1084	 0.0047	
m60713c3r8.htb	   0.0	  0.03	 2.000	  0.00	  0.00	 40.00	    22.4500	 6.5194	 0.0000	 2.8358	 1.8905	 0.5778	 0.1896	 0.4797	 0.3935	 64.0000	 0.0000	 9999.000	 9999.000	 0.6018	 0.0140	 0.1509	 0.0084	 3.6738	 0.4519	 2.8358	 3.6836	 22.4510	 0.2514	 0.1000	
m60714c1r8.htb	   0.0	  0.03	 2.000	  5.00	  3.00	 40.00	    42.6900	 2.4565	 0.0000	 1.7790	 1.7910	 0.3500	 0.8458	 0.2849	 0.4594	 64.0000	 0.0000	 9999.000	 9999.000	 0.5479	 0.0226	 0.0263	 0.1270	 0.3567	 0.9859	 0.8894	 1.5672	 42.6880	 7.1302	 0.0216	
m60714c2r8.htb	   0.0	  0.03	 2.000	 -5.00	 -8.00	 40.00	    64.0000	 2.0388	 0.0000	 1.2776	 0.4478	 0.4667	 0.4143	 0.3127	 0.4202	 64.0000	 0.0000	 9999.000	 9999.000	 0.8233	 0.0007	 0.0766	 0.0083	 0.1134	 0.9985	 1.2776	 1.5672	 156.2096	 0.7417	 0.1000	
m60714c3r8.htb	   0.0	  0.03	 2.000	 -8.00	  0.00	 40.00	    13.4500	 32.0300	 0.0000	 16.9384	 13.4328	 0.5099	 0.0000	 0.6687	 0.4326	 64.0000	 0.0000	 11.620	 9999.000	 0.9635	 0.0000	 0.5839	 0.0000	 0.5165	 0.9719	 16.7402	 15.2898	 13.4511	 1.6651	 0.1000	
m60714c4r8.htb	 120.0	  0.03	 2.000	 -5.00	  8.00	 60.00	    3.9500	 8.5617	 0.0000	 8.4726	 6.3184	 0.2449	 0.7648	 0.3260	 0.4457	 64.0000	 0.0000	 9999.000	 9999.000	 0.0030	 0.8894	 0.0002	 0.9032	 0.6591	 0.9563	 8.3435	 0.2182	 3.9535	 8.0799	 0.0010	
m60717c1r8.htb	 170.0	  0.03	 2.000	 -8.00	 -8.00	 40.00	    64.0000	 5.4571	 0.0000	 2.9329	 1.3267	 0.4919	 0.0007	 0.3981	 0.4999	 64.0000	 0.0000	 58.360	 9999.000	 0.8340	 0.0006	 0.1580	 0.0000	 0.3963	 0.9828	 2.8140	 2.9202	 256.0000	 3.1017	 0.1000	
m60717c2r8.htb	 150.0	  0.03	 2.000	  8.00	 -10.00	 40.00	    0.0000	 4.7912	 0.0000	 4.7912	 1.3433	 0.4615	 0.0880	 0.4145	 0.4826	 64.0000	 0.0000	 9999.000	 9999.000	 0.0000	   NaN	 0.0000	   NaN	 2.0700	 0.7229	 4.7912	 0.0000	 0.0038	 6.9304	 0.0010	
m60719c1r8.htb	 170.0	  0.03	 2.000	  5.00	 -10.00	 20.00	    4.9700	 9.7229	 0.0000	 6.0686	 2.0896	 0.4213	 0.1038	 0.3652	 0.6960	 64.0000	 0.0000	 9999.000	 9999.000	 0.6086	 0.0131	 0.0888	 0.0043	 0.3560	 0.9859	 6.0686	 3.6543	 4.9684	 0.8416	 0.0010	
m60719c4r8.htb	  30.0	  0.03	 2.000	 -5.00	 10.00	 40.00	    52.3900	 10.4927	 0.0000	 4.8769	 3.1841	 0.5481	 0.0000	 0.5769	 0.3943	 64.0000	 0.0000	 28.370	 9999.000	 0.9940	 0.0000	 0.5223	 0.0000	 0.1205	 0.9983	 4.8769	 5.6157	 52.3892	 0.6598	 0.1000	
m60719c4r8.htb	  30.0	  0.03	 2.000	 -5.00	 10.00	 40.00	    52.3900	 10.4933	 0.0000	 4.8772	 3.1841	 0.5481	 0.0000	 0.5769	 0.3943	 64.0000	 0.0000	 28.370	 9999.000	 0.9940	 0.0000	 0.5223	 0.0000	 0.1204	 0.9983	 4.8772	 5.6162	 52.3854	 0.6597	 0.1000	
m60721c1r8.htb	   0.0	  0.03	 2.000	  0.00	 -5.00	 40.00	    19.3900	 20.3961	 0.0000	 11.3479	 6.5174	 0.4754	 0.0000	 0.5215	 0.6028	 64.0000	 0.0000	 17.160	 9999.000	 0.9128	 0.0001	 0.3050	 0.0000	 0.5134	 0.9722	 11.3478	 9.0483	 19.3864	 1.8324	 0.0010	
m60721c1r8.htb	   0.0	  0.03	 2.000	  0.00	 -5.00	 40.00	    19.3800	 20.3961	 0.0000	 11.3481	 6.5174	 0.4754	 0.0000	 0.5215	 0.6028	 64.0000	 0.0000	 17.150	 9999.000	 0.9128	 0.0001	 0.3050	 0.0000	 0.5133	 0.9722	 11.3481	 9.0480	 19.3850	 1.8323	 0.0010	
m60721c2r8.htb	   0.0	  0.03	 2.000	  8.00	 -5.00	 40.00	    5.1600	 23.4447	 0.0000	 15.1775	 7.4129	 0.3608	 0.0000	 0.5782	 0.3617	 64.0000	 0.0000	 4.520	 35.300	 0.8342	 0.0006	 0.3740	 0.0000	 1.3843	 0.8469	 15.1774	 8.2673	 5.1627	 1.7482	 0.0010	
m60721c3r8.htb	   0.0	  0.03	 2.000	 -5.00	  0.00	 40.00	    41.3100	 14.8802	 0.0000	 8.8564	 2.6368	 0.4305	 0.0000	 0.4835	 0.5057	 64.0000	 0.0000	 27.130	 9999.000	 0.8177	 0.0008	 0.3212	 0.0000	 1.2490	 0.8700	 8.8564	 6.0238	 41.3130	 0.9074	 0.0010	
m60724c1r8.htb	   0.0	  0.03	 2.000	  0.00	  0.00	 40.00	    9.1000	 9.4781	 0.0000	 7.7951	 5.6053	 0.2885	 0.0323	 0.3887	 0.4047	 64.0000	 0.0000	 6.960	 28.310	 0.4169	 0.0603	 0.0509	 0.0085	 0.6824	 0.9535	 7.7938	 1.6843	 9.0985	 1.1940	 0.1000	
m60724c2r8.htb	 150.0	  0.03	 2.000	 -5.00	  5.00	 40.00	    30.6900	 7.8111	 0.0000	 3.1864	 0.9950	 0.6467	 0.0000	 0.5755	 0.4426	 64.0000	 0.0000	 22.400	 9999.000	 0.9788	 0.0000	 0.4634	 0.0000	 0.2670	 0.9918	 3.1864	 4.6247	 30.6862	 1.1031	 0.1000	
m60724c3r8.htb	 150.0	  0.03	 2.000	  0.00	  0.00	 40.00	    64.0000	 9.4695	 0.0000	 4.8514	 2.4876	 0.5590	 0.0000	 0.5584	 0.4197	 64.0000	 0.0000	 55.740	 9999.000	 0.9082	 0.0001	 0.3822	 0.0000	 0.8602	 0.9302	 4.8514	 4.6527	 81.0221	 1.9271	 0.0010	
m60724c4r8.htb	 150.0	  0.03	 2.000	  0.00	 -3.00	 40.00	    5.0500	 9.1927	 0.0000	 5.5086	 2.5871	 0.5172	 0.0135	 0.5279	 0.4089	 64.0000	 0.0000	 0.580	 0.640	 0.0000	 0.9887	 0.0000	 0.9819	 6.0651	 0.1943	 5.5086	 3.6843	 5.0452	 0.1000	 0.0024	
m60724c5r8.htb	 150.0	  0.03	 2.000	 -5.00	 -10.00	 40.00	    8.1100	 30.4860	 0.0000	 20.9610	 14.2289	 0.2996	 0.0000	 0.4408	 0.6021	 64.0000	 0.0000	 6.340	 28.730	 0.8319	 0.0006	 0.2250	 0.0000	 0.7305	 0.9475	 20.9610	 9.5251	 8.1094	 1.2851	 0.0010	
m60724c6r8.htb	  50.0	  0.03	 2.000	 -5.00	 -10.00	 40.00	    64.0000	 15.6542	 0.0000	 8.5433	 8.1592	 0.4606	 0.0054	 0.5326	 0.4897	 64.0000	 0.0000	 61.520	 9999.000	 0.7339	 0.0032	 0.3147	 0.0001	 6.8250	 0.1454	 8.1187	 8.0257	 256.0000	 3.9042	 0.0198	
m60725c1r8.htb	   0.0	  0.03	 2.000	 -10.00	 -8.00	 40.00	    24.1600	 8.8322	 0.0000	 5.0109	 2.2886	 0.5053	 0.0008	 0.4405	 0.5484	 64.0000	 0.0000	 19.910	 9999.000	 0.8254	 0.0007	 0.2256	 0.0000	 1.1499	 0.8863	 5.0077	 3.8245	 24.1583	 1.4570	 0.1000	
m60725c2r8.htb	   0.0	  0.03	 2.000	  8.00	  0.00	 40.00	    32.1300	 19.1011	 0.0000	 14.0152	 10.6965	 0.3404	 0.0099	 0.4294	 0.5694	 64.0000	 0.0000	 24.610	 9999.000	 0.8121	 0.0009	 0.1731	 0.0000	 0.3512	 0.9863	 14.0151	 5.0859	 32.1282	 1.2230	 0.1000	
m60726c1r8.htb	   0.0	  0.03	 2.000	  5.00	 -10.00	 40.00	    10.9100	 16.7265	 0.0000	 8.8189	 0.7463	 0.4606	 0.0000	 0.5075	 0.5453	 64.0000	 0.0000	 8.550	 39.160	 0.9127	 0.0001	 0.3408	 0.0000	 0.4185	 0.9809	 8.8189	 7.9076	 10.9060	 1.2942	 0.0010	
m60726c2r8.htb	   0.0	  0.03	 2.000	  5.00	 -5.00	 20.00	    7.1300	 28.7806	 0.0000	 16.5745	 4.4279	 0.3989	 0.0000	 0.4695	 0.6943	 64.0000	 0.0000	 5.040	 16.490	 0.9448	 0.0000	 0.3226	 0.0000	 0.3802	 0.9841	 16.5730	 12.2075	 7.1309	 1.0085	 0.1000	
m60726c3r8.htb	   0.0	  0.03	 2.000	  0.00	 -5.00	 40.00	    1.6000	 14.0275	 64.0000	 8.0311	 0.5970	 0.5473	 0.0001	 0.5330	 0.5671	 64.0000	 0.0000	 1.550	 15.990	 0.6805	 0.0062	 0.2220	 0.0000	 1.4955	 0.8274	 1.9380	 12.0896	 1.6026	 3.0994	 0.1000	
m60726c4r8.htb	   0.0	  0.03	 2.000	  3.00	 -5.00	 40.00	    1.1300	 13.6141	 64.0000	 6.5135	 3.7811	 0.6376	 0.0000	 0.6154	 0.4913	 64.0000	 0.0000	 9999.000	 14.250	 0.7462	 0.0027	 0.3171	 0.0000	 1.7538	 0.7809	 0.0000	 13.6141	 1.1321	 3.2544	 0.1000	
m60726c5r8.htb	   0.0	  0.03	 2.000	 -5.00	  0.00	 40.00	    13.2700	 3.3969	 0.0000	 2.2711	 0.5970	 0.4590	 0.2064	 0.3591	 0.4961	 64.0000	 0.0000	 9999.000	 9999.000	 0.5869	 0.0161	 0.0482	 0.0108	 0.2781	 0.9912	 2.2711	 1.1258	 13.2654	 1.4462	 0.0010	
m60726c6r8.htb	   0.0	  0.03	 2.000	  0.00	  0.00	 40.00	    15.1900	 4.9423	 0.0000	 2.6250	 0.1327	 0.4942	 0.0490	 0.3518	 0.6417	 64.0000	 0.0000	 12.980	 9999.000	 0.8704	 0.0002	 0.0990	 0.0002	 0.1480	 0.9974	 2.6074	 2.3348	 15.1905	 1.6081	 0.1000	
m60727c1r8.htb	   0.0	  0.03	 2.000	  0.00	 -5.00	 40.00	    17.3700	 8.3930	 0.0000	 5.1769	 1.2935	 0.3953	 0.0002	 0.4512	 0.4041	 64.0000	 0.0000	 13.890	 9999.000	 0.7896	 0.0014	 0.2384	 0.0000	 0.8601	 0.9302	 5.1769	 3.2161	 17.3664	 1.3610	 0.0010	
m60727c2r8.htb	   0.0	  0.03	 2.000	  0.00	  0.00	 40.00	    2.3400	 1.8613	 0.0000	 0.8170	 0.3980	 0.4688	 0.8016	 0.2796	 0.5496	 64.0000	 0.0000	 9999.000	 9999.000	 0.1139	 0.3744	 0.0060	 0.4663	 0.4857	 0.9749	 0.8170	 1.0445	 2.3357	 0.1014	 0.0158	
m60801c2r8.htb	   0.0	  0.03	 2.000	  0.00	  0.00	 40.00	    6.0900	 11.7387	 0.0000	 9.0522	 7.0647	 0.2720	 0.3350	 0.3068	 0.5570	 64.0000	 0.0000	 9999.000	 9999.000	 0.6259	 0.0111	 0.0642	 0.0160	 0.3948	 0.9829	 9.0522	 2.6865	 6.0917	 1.2477	 0.0010	
m60801c3r8.htb	   0.0	  0.03	 2.000	  0.00	 -10.00	 40.00	    17.6000	 24.5325	 0.0000	 13.8431	 8.5075	 0.4772	 0.0000	 0.5701	 0.5387	 64.0000	 0.0000	 13.240	 9999.000	 0.9368	 0.0000	 0.4309	 0.0000	 0.5642	 0.9670	 13.8431	 10.6895	 17.6022	 1.1818	 0.0010	
m60803c1r8.htb	   0.0	  0.03	 2.000	  8.00	 -5.00	 40.00	    64.0000	 5.8728	 0.0000	 3.9227	 3.9303	 0.3538	 0.0980	 0.3768	 0.4439	 64.0000	 0.0000	 9999.000	 9999.000	 0.6356	 0.0101	 0.0940	 0.0033	 0.6383	 0.9587	 3.6222	 2.2506	 64.7845	 3.2269	 0.1000	
m60803c3r8.htb	   0.0	  0.03	 2.000	  0.00	  0.00	 40.00	    14.6100	 10.0234	 0.0000	 6.8336	 5.0304	 0.4163	 0.0139	 0.5137	 0.3796	 64.0000	 0.0000	 14.600	 9999.000	 0.6257	 0.0111	 0.1453	 0.0007	 1.1605	 0.8846	 2.7058	 7.3176	 14.6146	 8.9619	 0.0010	
m60803c4r8.htb	 180.0	  0.03	 2.000	  0.00	  0.00	 40.00	    64.0000	 9.7984	 0.0000	 5.9868	 2.8358	 0.4880	 0.0020	 0.5043	 0.4560	 64.0000	 0.0000	 58.130	 9999.000	 0.7948	 0.0012	 0.2007	 0.0000	 0.7279	 0.9478	 5.9867	 3.8667	 95.0831	 2.3386	 0.0010	
m60808c1r8.htb	   0.0	  0.03	 2.000	  5.00	 -10.00	 40.00	    15.5700	 2.5177	 0.0000	 1.1739	 0.6633	 0.6629	 0.0000	 0.4757	 0.4208	 64.0000	 0.0000	 10.680	 33.870	 0.7305	 0.0033	 0.1721	 0.0000	 0.6653	 0.9555	 1.1739	 1.3438	 15.5709	 0.9811	 0.0010	
m60808c2r8.htb	   0.0	  0.03	 2.000	  0.00	  0.00	 40.00	    4.9900	 18.2908	 0.0000	 14.0175	 11.9403	 0.2821	 0.0677	 0.4172	 0.4720	 64.0000	 0.0000	 9999.000	 9999.000	 0.7906	 0.0013	 0.1261	 0.0006	 0.3590	 0.9857	 13.8950	 4.3958	 4.9888	 1.4685	 0.1000	
m60809c1r8.htb	   0.0	  0.03	 2.000	  0.00	 -5.00	 40.00	    64.0000	 12.6913	 0.0000	 7.4380	 4.0133	 0.4332	 0.0000	 0.4859	 0.4742	 64.0000	 0.0000	 58.990	 9999.000	 0.9651	 0.0000	 0.2568	 0.0000	 0.1208	 0.9982	 7.4360	 5.7990	 256.0000	 3.1243	 0.0010	
m60809c2r8.htb	   0.0	  0.03	 2.000	  0.00	 -5.00	 40.00	    3.1500	 3.8530	 0.0000	 2.6671	 1.6252	 0.3306	 0.0460	 0.3111	 0.4727	 64.0000	 0.0000	 2.320	 8.580	 0.6355	 0.0101	 0.0731	 0.0015	 0.7113	 0.9499	 2.6671	 1.1860	 3.1496	 1.1152	 0.0010	
m60809c3r8.htb	   0.0	  0.03	 2.000	  5.00	  0.00	 40.00	    22.5800	 15.3642	 0.0000	 12.4148	 7.4129	 0.2390	 0.3690	 0.3346	 0.5090	 64.0000	 0.0000	 9999.000	 9999.000	 0.8366	 0.0005	 0.0823	 0.0061	 0.2087	 0.9949	 12.4148	 2.9494	 22.5751	 1.1000	 0.0010	
m60809c4r8.htb	   0.0	  0.03	 2.000	 10.00	  2.00	 40.00	    52.8800	 12.7062	 0.0000	 3.2177	 3.4328	 0.7336	 0.0000	 0.6031	 0.6040	 64.0000	 0.0000	 45.670	 9999.000	 0.9935	 0.0000	 0.5921	 0.0000	 0.0908	 0.9990	 3.2087	 9.4975	 52.8764	 1.6820	 0.1000	
m60810c1r8.htb	   0.0	  0.03	 2.000	 10.00	 -5.00	 40.00	    11.7600	 22.5822	 0.0000	 13.3147	 2.7861	 0.4524	 0.0000	 0.5323	 0.5748	 64.0000	 0.0000	 10.620	 9999.000	 0.7866	 0.0014	 0.2596	 0.0000	 1.5621	 0.8156	 13.3146	 9.2676	 11.7633	 1.9691	 0.0010	
m60810c2r8.htb	   0.0	  0.03	 2.000	  0.00	  5.00	 40.00	    43.5500	 27.8273	 0.0000	 14.3666	 7.9104	 0.4637	 0.0000	 0.5165	 0.6773	 64.0000	 0.0000	 40.250	 9999.000	 0.9512	 0.0000	 0.3929	 0.0000	 0.3968	 0.9827	 14.3666	 13.4607	 43.5550	 2.1866	 0.0010	
m60810c3r8.htb	   0.0	  0.03	 2.000	  5.00	 -10.00	 40.00	    7.1700	 31.8242	 0.0000	 17.5599	 12.0398	 0.4446	 0.0000	 0.5706	 0.5752	 64.0000	 0.0000	 6.340	 53.280	 0.9572	 0.0000	 0.4018	 0.0000	 0.6170	 0.9612	 17.5460	 14.2782	 7.1747	 1.8103	 0.0085	
m60810c4r8.htb	   0.0	  0.03	 2.000	  5.00	 -5.00	 40.00	    3.8700	 6.9253	 0.0000	 4.9045	 3.8308	 0.3819	 0.0236	 0.4255	 0.4263	 64.0000	 0.0000	 2.380	 6.080	 0.6232	 0.0114	 0.1185	 0.0009	 0.7218	 0.9486	 4.9045	 2.0208	 3.8723	 0.8001	 0.0010	
m60810c5r8.htb	   0.0	  0.03	 2.000	 -5.00	 -10.00	 40.00	    2.0000	 15.8316	 63.7000	 11.9336	 6.8159	 0.3127	 0.0571	 0.4240	 0.4640	 64.0000	 0.0000	 9999.000	 9999.000	 0.7567	 0.0023	 0.1247	 0.0006	 0.4421	 0.9789	 11.9336	 3.8980	 1.9969	 0.4192	 0.1000	
m60811c1r8.htb	   0.0	  0.03	 2.000	  0.00	  0.00	 40.00	    64.0000	 11.1154	 0.0000	 3.6034	 1.0448	 0.7181	 0.0000	 0.6129	 0.5025	 64.0000	 0.0000	 50.940	 9999.000	 0.9715	 0.0000	 0.5399	 0.0000	 0.4881	 0.9746	 3.6034	 7.6626	 87.9609	 1.5964	 0.0010	
m60811c2r8.htb	   0.0	  0.03	 2.000	 -5.00	 -8.00	 40.00	    17.3200	 9.0050	 0.0000	 5.2015	 3.2836	 0.4590	 0.0000	 0.5371	 0.3484	 64.0000	 0.0000	 14.840	 9999.000	 0.9332	 0.0000	 0.3567	 0.0000	 0.4279	 0.9801	 5.2015	 3.8035	 17.3218	 1.6458	 0.0010	
m60811c3r8.htb	 120.0	  0.03	 2.000	  0.00	  5.00	 40.00	    42.3400	 4.5043	 0.0000	 3.3922	 1.5423	 0.4190	 0.1815	 0.3686	 0.4599	 64.0000	 0.0000	 9999.000	 9999.000	 0.3274	 0.1074	 0.0415	 0.0542	 1.0413	 0.9035	 3.3922	 1.1121	 42.3427	 2.0745	 0.0010	
m60811c4r8.htb	   0.0	  0.03	 2.000	  0.00	  0.00	 40.00	    27.2800	 24.7069	 0.0000	 9.3402	 1.7910	 0.5971	 0.0000	 0.5768	 0.6794	 64.0000	 0.0000	 23.220	 9999.000	 0.9781	 0.0000	 0.5607	 0.0000	 0.4387	 0.9792	 9.3402	 15.3667	 27.2767	 1.6138	 0.0010	
m60811c5r8.htb	   0.0	  0.03	 2.000	 10.00	  5.00	 40.00	    23.0000	 1.1078	 0.0000	 0.5372	 0.3483	 0.5769	 0.2771	 0.3501	 0.3886	 64.0000	 0.0000	 9999.000	 9999.000	 0.6671	 0.0072	 0.0737	 0.0096	 0.1848	 0.9960	 0.5372	 0.5706	 22.9990	 1.4477	 0.0010	
m60815c1r8.htb	 150.0	  0.03	 2.000	  8.00	 -10.00	 40.00	    25.7500	 9.6004	 0.0000	 5.6945	 1.9900	 0.4762	 0.0131	 0.4295	 0.5865	 64.0000	 0.0000	 11.980	 22.370	 0.6751	 0.0066	 0.1390	 0.0003	 1.0379	 0.9040	 5.6945	 3.9059	 25.7512	 0.5308	 0.0010	
m60815c2r8.htb	   0.0	  0.03	 2.000	 10.00	 -10.00	 40.00	    0.4100	 19.0893	 0.0000	 16.2964	 11.8905	 0.1136	 0.9498	 0.1971	 0.5225	 64.0000	 0.0000	 9999.000	 9999.000	 0.3682	 0.0832	 0.0118	 0.3081	 0.1860	 0.9959	 16.2964	 2.7929	 0.4096	 0.1693	 0.0181	
m60815c4r8.htb	 180.0	  0.03	 2.000	 -5.00	  5.00	 60.00	    10.5400	 9.1871	 0.0000	 6.7579	 6.4179	 0.3294	 0.8362	 0.2828	 0.6960	 64.0000	 0.0000	 9999.000	 9999.000	 0.2602	 0.1606	 0.0128	 0.2889	 0.3287	 0.9879	 6.7579	 2.4292	 10.5365	 0.2369	 0.0010	
m60821c1r8.htb	   0.0	  0.03	 2.000	  0.00	 -10.00	 60.00	    64.0000	 14.0679	 0.0000	 2.8686	 2.8494	 0.8000	 0.0000	 0.7086	 0.4309	 64.0000	 0.0000	 47.290	 9999.000	 0.9984	 0.0000	 0.7643	 0.0000	 0.0604	 0.9996	 2.8686	 13.1144	 176.6345	 1.8068	 0.0010	
m60821c2r8.htb	   0.0	  0.03	 2.000	 -5.00	 -10.00	 40.00	    7.1700	 4.7371	 0.0000	 2.7414	 1.0448	 0.4242	 0.0708	 0.3928	 0.4381	 64.0000	 0.0000	 9999.000	 9999.000	 0.7948	 0.0012	 0.1257	 0.0006	 0.3765	 0.9844	 2.7414	 1.9956	 7.1713	 1.4926	 0.0010	
m60821c3r8.htb	 110.0	  0.03	 2.000	 -10.00	  0.00	 40.00	    51.2400	 9.9704	 0.0000	 3.9629	 2.2388	 0.6368	 0.0000	 0.5204	 0.6074	 64.0000	 0.0000	 40.830	 9999.000	 0.9366	 0.0000	 0.3636	 0.0000	 0.4541	 0.9778	 3.9628	 6.0076	 51.2405	 1.3458	 0.1000	
m60822c3r8.htb	   0.0	  0.03	 2.000	 -8.00	 -10.00	 40.00	    11.8300	 3.0774	 0.0000	 1.7341	 0.8458	 0.3600	 0.6753	 0.2846	 0.3857	 64.0000	 0.0000	 9999.000	 9999.000	 0.7269	 0.0035	 0.0481	 0.0378	 0.1900	 0.9958	 1.7341	 1.3433	 11.8348	 0.2457	 0.0997	
m60822c4r8.htb	 240.0	  0.03	 2.000	 -8.00	  0.00	 40.00	    35.8600	 10.9108	 0.0000	 5.0750	 1.4303	 0.5374	 0.0000	 0.5454	 0.4439	 64.0000	 0.0000	 23.260	 9999.000	 0.9194	 0.0000	 0.4759	 0.0000	 0.7566	 0.9442	 5.0750	 5.8359	 35.8622	 0.8830	 0.1000	
m60823c1r8.htb	   0.0	  0.03	 2.000	 10.00	  5.00	 40.00	    13.2300	 28.9556	 0.0000	 21.9231	 11.4925	 0.2639	 0.0157	 0.3989	 0.5734	 64.0000	 0.0000	 8.570	 23.910	 0.9198	 0.0000	 0.1851	 0.0000	 0.1778	 0.9963	 21.9231	 7.0325	 13.2262	 0.8724	 0.1000	
m60823c2r8.htb	  70.0	  0.03	 2.000	  0.00	  0.00	 40.00	    11.2000	 10.6667	 0.0000	 6.7779	 7.2139	 0.3700	 0.0023	 0.4553	 0.4235	 64.0000	 0.0000	 9.520	 9999.000	 0.8724	 0.0002	 0.2166	 0.0000	 0.3188	 0.9886	 6.7779	 3.8888	 11.2036	 1.6023	 0.0010	
m60823c3r8.htb	  70.0	  0.03	 2.000	 -5.00	  0.00	 40.00	    64.0000	 20.2447	 0.0000	 13.8262	 12.0398	 0.2965	 0.3991	 0.3228	 0.8627	 64.0000	 0.0000	 9999.000	 9999.000	 0.8029	 0.0011	 0.0761	 0.0085	 0.1900	 0.9958	 13.8222	 6.5146	 106.3423	 3.0093	 0.0010	
m60823c4r8.htb	   0.0	  0.03	 2.000	 -10.00	  0.00	 40.00	    19.8200	 20.7563	 0.0000	 12.7820	 11.2935	 0.3753	 0.0000	 0.5493	 0.3934	 64.0000	 0.0000	 16.950	 9999.000	 0.9884	 0.0000	 0.4767	 0.0000	 0.0829	 0.9992	 12.7445	 8.0118	 19.8245	 1.6164	 0.1000	
m60824c1r8.htb	   0.0	  0.03	 2.000	 -5.00	  5.00	 40.00	    30.8700	 20.8666	 0.0000	 11.3604	 4.8259	 0.4837	 0.0000	 0.5408	 0.5967	 64.0000	 0.0000	 28.450	 9999.000	 0.8467	 0.0004	 0.3216	 0.0000	 0.6443	 0.9580	 11.3603	 9.5063	 30.8669	 2.1568	 0.0010	
m60824c2r8.htb	   0.0	  0.03	 2.000	 -5.00	 -5.00	 40.00	    16.9200	 11.5256	 0.0000	 8.6296	 7.3964	 0.3265	 0.0036	 0.4304	 0.4406	 64.0000	 0.0000	 14.750	 9999.000	 0.7122	 0.0042	 0.1155	 0.0001	 0.5978	 0.9633	 8.5957	 2.9299	 16.9220	 1.7201	 0.1000	
m60824c3r8.htb	   0.0	  0.03	 2.000	 -5.00	  0.00	 40.00	    44.4200	 13.1871	 0.0000	 10.1991	 6.4677	 0.2797	 0.0887	 0.3607	 0.4829	 64.0000	 0.0000	 9999.000	 9999.000	 0.6366	 0.0100	 0.0961	 0.0029	 0.6418	 0.9583	 10.1991	 2.9881	 44.4166	 0.5617	 0.0010	
m60830c1r8.htb	 180.0	  0.03	 2.000	 -8.00	 -10.00	 40.00	    4.0700	 26.6639	 0.0000	 23.3413	 19.6020	 0.2015	 0.2226	 0.3988	 0.4124	 64.0000	 0.0000	 9999.000	 9999.000	 0.6552	 0.0082	 0.0780	 0.0077	 0.9825	 0.9124	 23.3413	 3.3226	 4.0694	 0.7063	 0.0010	
m60830c2r8.htb	  90.0	  0.03	 2.000	  0.00	 -10.00	 40.00	    0.5400	 18.4296	 64.0000	 16.2476	 13.0348	 0.1619	 0.4824	 0.3361	 0.3512	 64.0000	 0.0000	 9999.000	 9999.000	 0.8040	 0.0011	 0.0688	 0.0125	 0.1113	 0.9985	 13.8027	 4.6269	 0.5430	 4.0744	 0.1000	
m60831c1r8.htb	  90.0	  0.03	 2.000	 10.00	  0.00	 40.00	    20.4200	 11.7046	 0.0000	 6.6667	 5.2736	 0.4862	 0.0000	 0.5343	 0.4501	 64.0000	 0.0000	 15.750	 9999.000	 0.9249	 0.0000	 0.3550	 0.0000	 0.4773	 0.9757	 6.6662	 5.0384	 20.4205	 1.2358	 0.1000	
m60831c4r8.htb	  50.0	  0.03	 8.000	  5.00	  0.00	 60.00	    30.9100	 6.7833	 0.0000	 3.1724	 2.8856	 0.6203	 0.5201	 0.4275	 0.7579	 64.0000	 0.0000	 9999.000	 9999.000	 0.6761	 0.0065	 0.1136	 0.0236	 0.5351	 0.9700	 3.1724	 3.6110	 30.9130	 0.8802	 0.1000	
m60901c4r8.htb	 180.0	  0.03	 2.000	 -5.00	 -5.00	 40.00	    17.7200	 10.8902	 0.0000	 5.5455	 4.2289	 0.6258	 0.0172	 0.5433	 0.5637	 64.0000	 0.0000	 13.610	 9999.000	 0.7653	 0.0020	 0.2621	 0.0001	 1.4586	 0.8340	 5.5449	 5.3454	 17.7240	 1.2226	 0.1000	
m60907c1r8.htb	 180.0	  0.03	 2.000	 10.00	  8.00	 40.00	    64.0000	 1.6237	 0.0000	 0.3773	 0.2653	 0.7931	 0.0334	 0.3850	 0.6331	 64.0000	 0.0000	 61.670	 9999.000	 0.4887	 0.0361	 0.0594	 0.0044	 0.8195	 0.9358	 0.0066	 1.6954	 256.0000	 4.5006	 0.1000	
m60907c2r8.htb	 120.0	  0.03	 2.000	 10.00	 -10.00	 40.00	    13.4600	 2.4789	 0.0000	 1.2698	 1.6418	 0.7059	 0.0007	 0.4875	 0.5173	 64.0000	 0.0000	 2.560	 3.150	 0.0585	 0.5305	 0.0162	 0.2317	 4.2741	 0.3702	 1.2698	 1.2092	 13.4599	 0.1779	 0.0012	
m60907c3r8.htb	 230.0	  0.03	 2.000	  0.00	 -15.00	 40.00	    45.1200	 12.8096	 0.0000	 7.2872	 7.5622	 0.3541	 0.6520	 0.2735	 0.8345	 64.0000	 0.0000	 9999.000	 9999.000	 0.6262	 0.0111	 0.0429	 0.0502	 0.1348	 0.9978	 7.2872	 5.5224	 45.1158	 0.2661	 0.0939	
m61024c1r8.htb	   0.0	  0.03	 2.000	  0.00	 10.00	 40.00	    4.2100	 13.4520	 0.0000	 5.9254	 7.2637	 0.5387	 0.0007	 0.5008	 0.6422	 64.0000	 0.0000	 3.810	 32.160	 0.9325	 0.0000	 0.2576	 0.0000	 0.2696	 0.9917	 3.9404	 9.5117	 4.2140	 2.1265	 0.1000	
m61027c1r8.htb	   0.0	  0.03	 2.000	 10.00	 -10.00	 40.00	    10.9500	 25.5501	 0.0000	 16.4486	 17.7114	 0.3510	 0.0002	 0.4958	 0.5124	 64.0000	 0.0000	 9.780	 9999.000	 0.8773	 0.0002	 0.2691	 0.0000	 0.4996	 0.9735	 16.4485	 9.1016	 10.9517	 1.8908	 0.0010	
m61027c2r8.htb	 180.0	  0.03	 2.000	  0.00	  0.00	 40.00	    0.1100	 12.3759	 13.7100	 7.6746	 5.5224	 0.3369	 0.1622	 0.4171	 0.3994	 64.0000	 0.0000	 9999.000	 9999.000	 0.2766	 0.1459	 0.0362	 0.0726	 0.9808	 0.9127	 7.6746	 4.7015	 0.1092	 0.4877	 0.1000	
m61106c4r8.htb	  90.0	  0.03	 2.000	  0.00	 -10.00	 40.00	    4.0500	 15.4862	 0.0000	 11.0295	 4.8259	 0.3481	 0.1459	 0.3829	 0.6411	 64.0000	 0.0000	 9999.000	 9999.000	 0.7626	 0.0021	 0.1025	 0.0021	 0.3014	 0.9897	 10.9839	 4.5023	 4.0484	 1.2292	 0.1000	
m61108c2r8.htb	 180.0	  0.03	 2.000	  0.00	 -10.00	 40.00	    15.8600	 14.6213	 0.0000	 7.6392	 6.7164	 0.5277	 0.0000	 0.5655	 0.4761	 64.0000	 0.0000	 11.400	 39.750	 0.9645	 0.0000	 0.4291	 0.0000	 0.3793	 0.9841	 7.6391	 6.9822	 15.8592	 1.0615	 0.1000	
m61108c3r8.htb	 180.0	  0.03	 2.000	 -10.00	 -20.00	 40.00	    12.8500	 11.1219	 0.0000	 6.9297	 6.6169	 0.4661	 0.0000	 0.5583	 0.3653	 64.0000	 0.0000	 9.740	 40.020	 0.7910	 0.0013	 0.3178	 0.0000	 2.0068	 0.7345	 6.9297	 4.1922	 12.8507	 1.2010	 0.0010	
m61108c5r8.htb	 180.0	  0.03	 2.000	  0.00	  0.00	 40.00	    14.9100	 30.1025	 0.0000	 17.7190	 14.3781	 0.4292	 0.0000	 0.6438	 0.3862	 64.0000	 0.0000	 13.540	 9999.000	 0.9522	 0.0000	 0.5337	 0.0000	 0.5509	 0.9684	 17.7188	 12.3836	 14.9099	 2.0188	 0.0010	
m61128c2r8.htb	 180.0	  0.03	 2.000	  5.00	  0.00	 40.00	    23.0400	 25.5029	 0.0000	 13.6478	 3.2338	 0.4385	 0.0000	 0.5157	 0.6168	 64.0000	 0.0000	 17.840	 9999.000	 0.9905	 0.0000	 0.4657	 0.0000	 0.0657	 0.9995	 13.6478	 11.8551	 23.0366	 1.2611	 0.0010	
m61201c3r8.htb	 270.0	  0.10	 2.000	 -5.00	 -10.00	 40.00	    10.3500	 15.1510	 0.0000	 11.6756	 8.6070	 0.2957	 0.3953	 0.3430	 0.6474	 64.0000	 0.0000	 9999.000	 9999.000	 0.6005	 0.0142	 0.0572	 0.0232	 0.4202	 0.9808	 11.6755	 3.4754	 10.3516	 1.9358	 0.0010	
