FILE			 PrfOR	 PrfSF	 PrfTF	 RFXctr	 RFYctr	 RFDiam	     MaxLoc	 MaxRsp	 MinLoc	 MinRsp	 Spont	 SMI		 AnovaP	 SDI		 VarTerm	 MaxX 	 MinX 	 HWHML	 HWHMR	 RsqMn	 PMean	 RsqRaw	 Praw		 Chi2		 ChiP		 Brat		 Ampl		 Peak		 SD		 Offst		
m60110c1r7.htb	   0.0	  0.05	 2.000	  0.00	  0.00	 50.00	    2.6600	 4.0924	 0.0000	 2.3014	 1.1940	 0.3582	 0.5688	 0.2860	 0.4119	 32.0000	 0.0000	 9999.000	 9999.000	 0.6101	 0.0221	 0.0454	 0.0578	 0.1913	 0.9790	 2.3014	 1.7910	 2.6560	 0.2091	 0.0010	
m60110c2r8.htb	  30.0	  0.05	 1.000	  3.00	 -7.00	 30.00	    4.3400	 16.4723	 0.0000	 14.5940	 8.1592	 0.1627	 0.9052	 0.2594	 0.4739	 32.0000	 0.0000	 9999.000	 9999.000	 0.3482	 0.1236	 0.0269	 0.3114	 0.7976	 0.8500	 14.5940	 1.8782	 4.3384	 0.1911	 0.0010	
m60110c3r8.htb	  90.0	  0.03	 2.000	 20.00	 -15.00	 30.00	    0.2200	 28.8309	 31.9900	 16.9435	 10.6468	 0.3466	 0.0137	 0.4684	 0.5278	 32.0000	 0.0000	 0.170	 0.320	 0.8573	 0.0010	 0.1810	 0.0001	 0.3504	 0.9503	 16.9435	 11.8884	 0.2177	 0.5733	 0.1000	
m60125c1r9.htb	  30.0	  0.05	 2.000	  0.00	  0.00	 50.00	    5.2400	 5.3997	 0.0000	 4.0042	 3.5821	 0.2870	 0.2493	 0.3427	 0.3889	 32.0000	 0.0000	 9999.000	 9999.000	 0.6343	 0.0180	 0.0726	 0.0157	 0.8256	 0.8433	 4.0042	 1.3955	 5.2419	 1.3206	 0.0010	
m60125c2r8.htb	  30.0	  0.03	 2.000	 -7.00	 -3.00	 40.00	    3.1000	 9.0859	 0.0000	 6.9760	 6.2189	 0.2349	 0.6270	 0.2764	 0.4174	 32.0000	 0.0000	 9999.000	 9999.000	 0.4116	 0.0864	 0.0281	 0.1370	 0.5837	 0.9002	 6.9760	 2.1099	 3.0978	 0.1952	 0.0994	
m60125c3r8.htb	  90.0	  0.03	 2.000	 -8.00	 -18.00	 30.00	    5.5400	 17.5500	 0.0000	 11.5052	 2.3383	 0.2893	 0.5737	 0.3087	 0.6264	 32.0000	 0.0000	 9999.000	 9999.000	 0.4973	 0.0507	 0.0367	 0.0886	 0.4913	 0.9208	 11.5052	 6.0448	 5.5445	 0.2189	 0.0010	
m60125c4r8.htb	  90.0	  0.05	 2.000	  0.00	 -8.00	 30.00	    10.0000	 18.4573	 0.0000	 10.7968	 6.4677	 0.4098	 0.0010	 0.4679	 0.5943	 32.0000	 0.0000	 8.730	 9999.000	 0.8683	 0.0008	 0.2427	 0.0000	 0.3275	 0.9548	 10.7968	 7.6605	 10.0010	 1.7451	 0.0010	
m60201c2r8.htb	  90.0	  0.03	 2.000	  0.00	 -10.00	 30.00	    3.0200	 22.9413	 0.0000	 20.4786	 15.3234	 0.0745	 0.9952	 0.1427	 0.5529	 32.0000	 0.0000	 9999.000	 9999.000	 0.6729	 0.0126	 0.0088	 0.4084	 0.0702	 0.9952	 20.4786	 2.4627	 3.0186	 0.2505	 0.1000	
m60201c3r2.htb	 270.0	  0.03	 2.000	  8.00	 -15.00	 50.00	    32.0000	 12.1717	 0.0000	 7.4858	 4.6269	 0.4828	 0.0458	 0.4050	 0.6795	 32.0000	 0.0000	 10.120	 9999.000	 0.8565	 0.0010	 0.1499	 0.0004	 0.3103	 0.9581	 7.4858	 9.1400	 77.6438	 0.7655	 0.0846	
m60201c4r4.htb	 270.0	  0.03	 2.000	  8.00	 -18.00	 30.00	    1.5500	 23.2567	 0.0000	 15.5398	 13.0348	 0.3669	 0.0280	 0.5025	 0.5035	 32.0000	 0.0000	 1.280	 6.470	 0.9191	 0.0002	 0.3373	 0.0001	 0.5410	 0.9098	 15.4220	 7.8347	 1.5537	 1.3948	 0.0278	
m60201c5r10.htb	 100.0	  0.03	 2.000	 10.00	 -10.00	 50.00	    23.9700	 11.0127	 0.0000	 5.4547	 1.2935	 0.4742	 0.3140	 0.4147	 0.6486	 32.0000	 0.0000	 9999.000	 9999.000	 0.8578	 0.0010	 0.1822	 0.0060	 0.3719	 0.9460	 5.4547	 5.5580	 23.9668	 0.3395	 0.0010	
m60203c1r8.htb	   0.0	  0.03	 2.000	 -2.00	 -12.00	 50.00	    0.7800	 10.8111	 64.0000	 6.2877	 5.9701	 0.4412	 0.0001	 0.4988	 0.4458	 64.0000	 0.0000	 9999.000	 12.180	 0.7560	 0.0023	 0.2355	 0.0000	 0.9178	 0.9220	 2.9753	 7.8358	 0.7785	 3.2691	 0.1000	
m60203c2r2.htb	   0.0	  0.03	 2.000	 -5.00	 -10.00	 40.00	    1.4400	 17.9737	 64.0000	 13.0475	 5.8209	 0.3077	 0.0001	 0.5035	 0.3564	 64.0000	 0.0000	 1.350	 9.840	 0.8934	 0.0001	 0.2916	 0.0000	 0.3680	 0.9850	 12.2280	 5.7457	 1.4375	 1.8901	 0.1000	
m60203c3r7.htb	   0.0	  0.03	 2.000	  5.00	 -20.00	 40.00	    28.3300	 10.8806	 0.0000	 6.8870	 5.7711	 0.4636	 0.2724	 0.4192	 0.6159	 64.0000	 0.0000	 9999.000	 9999.000	 0.6136	 0.0125	 0.1379	 0.0120	 1.1537	 0.8857	 6.8870	 3.9935	 28.3328	 0.6199	 0.0010	
m60207c1r8.htb	 120.0	  0.03	 4.000	 -8.00	 -12.00	 50.00	    44.3700	 3.7718	 0.0000	 2.1811	 1.3267	 0.5197	 0.0248	 0.3312	 0.5951	 64.0000	 0.0000	 27.750	 9999.000	 0.8391	 0.0005	 0.1068	 0.0001	 0.2172	 0.9945	 2.1811	 1.5906	 44.3665	 0.8326	 0.0177	
m60207c2r7.htb	 300.0	  0.03	 4.000	  0.00	 -2.00	 50.00	    0.1100	 7.2092	 0.0000	 4.1225	 2.5981	 0.4245	 0.9480	 0.1498	 1.5409	 64.0000	 0.0000	 9999.000	 9999.000	 0.0000	   NaN	 0.0000	   NaN	 0.1091	 0.9986	 4.1225	 3.3366	 0.1147	 0.1001	 0.0058	
m60207c3r8.htb	  50.0	  0.03	 4.000	 -5.00	 -5.00	 50.00	    0.7400	 15.6931	 0.0000	 10.0966	 6.2189	 0.2841	 0.4908	 0.3221	 0.6216	 64.0000	 0.0000	 9999.000	 9999.000	 0.7442	 0.0028	 0.0631	 0.0170	 0.2875	 0.9906	 10.0966	 5.5970	 0.7376	 0.2338	 0.1000	
m60207c4r7.htb	  30.0	  0.03	 2.000	 10.00	 10.00	 50.00	    20.8800	 10.8082	 0.0000	 8.9778	 9.2040	 0.3211	 0.6819	 0.2957	 0.7221	 64.0000	 0.0000	 9999.000	 9999.000	 0.3925	 0.0710	 0.0257	 0.1311	 0.5901	 0.9642	 8.9778	 1.8304	 20.8838	 1.0469	 0.0010	
m60301c1r8.htb	  30.0	  0.03	 2.000	  0.00	 -5.00	 40.00	    7.0700	 12.2653	 0.0000	 8.1572	 3.9801	 0.3320	 0.0276	 0.4142	 0.4497	 64.0000	 0.0000	 6.350	 9999.000	 0.9163	 0.0001	 0.1703	 0.0001	 0.2526	 0.9927	 8.1571	 4.1083	 7.0723	 1.9186	 0.0010	
m60301c2r9.htb	  30.0	  0.03	 2.000	 -5.00	 -10.00	 40.00	    0.3400	 23.9885	 0.0000	 22.8884	 8.5572	 0.1811	 0.9534	 0.2787	 0.5658	 64.0000	 0.0000	 9999.000	 9999.000	 0.0611	 0.5214	 0.0040	 0.6779	 0.7316	 0.9474	 22.8869	 1.1016	 0.3361	 1.6014	 0.0010	
m60301c3r8.htb	  30.0	  0.03	 4.000	 10.00	 -5.00	 40.00	    64.0000	 19.7016	 0.0000	 14.0174	 8.0597	 0.3432	 0.0361	 0.4735	 0.5123	 64.0000	 0.0000	 63.710	 9999.000	 0.7315	 0.0033	 0.1304	 0.0005	 0.6571	 0.9565	 13.0543	 6.8143	 256.0000	 6.2232	 0.0012	
m60301c4r8.htb	  30.0	  0.03	 4.000	 20.00	 -10.00	 50.00	    1.6700	 11.6828	 64.0000	 8.1807	 6.9154	 0.3675	 0.0005	 0.4725	 0.3990	 64.0000	 0.0000	 1.170	 3.290	 0.7195	 0.0039	 0.2038	 0.0000	 1.0026	 0.9094	 8.1797	 3.5032	 1.6673	 0.8906	 0.1000	
m60302c1r9.htb	  30.0	  0.03	 2.000	  0.00	 -2.00	 40.00	    2.9000	 9.8161	 0.0000	 6.9247	 3.4494	 0.3074	 0.0011	 0.4067	 0.3958	 64.0000	 0.0000	 1.500	 3.060	 0.9412	 0.0000	 0.1717	 0.0000	 0.1534	 0.9972	 6.9247	 2.8914	 2.8965	 0.6111	 0.0010	
m60302c2r9.htb	  30.0	  0.05	 4.000	  0.00	 -10.00	 40.00	    37.2900	 15.1966	 0.0000	 4.8322	 3.8806	 0.6978	 0.0000	 0.6213	 0.5426	 64.0000	 0.0000	 24.460	 9999.000	 0.9910	 0.0000	 0.6342	 0.0000	 0.4386	 0.9792	 4.8322	 10.3644	 37.2919	 0.9007	 0.1000	
m60302c3r8.htb	  30.0	  0.03	 4.000	 -5.00	 -5.00	 60.00	    4.1400	 11.0966	 0.0000	 7.3293	 6.2687	 0.3667	 0.0548	 0.4925	 0.3634	 64.0000	 0.0000	 9999.000	 9999.000	 0.6690	 0.0071	 0.2171	 0.0013	 1.9569	 0.7437	 7.3287	 3.7678	 4.1376	 1.9918	 0.0010	
m60302c4r8.htb	   0.0	  0.03	 2.000	 -5.00	  0.00	 50.00	    1.2200	 18.0624	 0.0000	 13.4001	 6.9652	 0.2556	 0.2105	 0.3202	 0.6591	 64.0000	 0.0000	 9999.000	 9999.000	 0.9135	 0.0001	 0.1107	 0.0014	 0.1271	 0.9981	 13.3973	 4.6651	 1.2207	 1.2988	 0.0083	
m60404c3r8.htb	   0.0	  0.03	 1.000	 10.00	 10.00	 40.00	    2.7200	 3.6242	 0.0000	 2.8047	 1.7579	 0.3462	 0.3317	 0.3035	 0.4909	 64.0000	 0.0000	 9999.000	 9999.000	 0.3356	 0.1021	 0.0229	 0.0796	 0.5872	 0.9645	 1.3854	 2.2388	 2.7248	 3.5490	 0.0952	
m60404c4r8.htb	   0.0	  0.03	 2.000	 10.00	  5.00	 40.00	    4.7600	 10.4378	 0.0000	 7.2233	 4.7761	 0.3333	 0.6112	 0.3919	 0.4808	 64.0000	 0.0000	 9999.000	 9999.000	 0.4825	 0.0378	 0.0724	 0.0739	 0.8657	 0.9294	 7.2233	 3.2146	 4.7596	 0.2085	 0.0113	
m60404c5r8.htb	   0.0	  0.03	 2.000	  0.00	  0.00	 40.00	    2.8600	 10.0326	 0.0000	 6.5998	 5.4726	 0.2840	 0.8187	 0.3350	 0.4522	 64.0000	 0.0000	 9999.000	 9999.000	 0.4740	 0.0403	 0.0508	 0.1368	 0.3892	 0.9834	 6.5998	 3.4328	 2.8560	 0.2348	 0.0010	
m60405c2r8.htb	 270.0	  0.03	 2.000	 -10.00	 -15.00	 40.00	    2.7700	 10.9514	 0.0000	 6.3245	 3.7313	 0.3425	 0.4467	 0.3186	 0.5892	 64.0000	 0.0000	 9999.000	 9999.000	 0.8762	 0.0002	 0.0784	 0.0075	 0.1307	 0.9980	 6.3245	 4.6269	 2.7683	 0.2734	 0.0010	
m60405c3r8.htb	 270.0	  0.03	 2.000	 -5.00	 -15.00	 40.00	    0.0700	 10.5101	 64.0000	 7.4006	 5.1741	 0.3615	 0.1137	 0.3810	 0.5282	 64.0000	 0.0000	 9999.000	 9999.000	 0.7747	 0.0017	 0.1108	 0.0014	 0.3154	 0.9888	 7.4002	 3.1099	 0.0710	 1.4013	 0.1000	
m60414c1r8.htb	 250.0	  0.05	 2.000	 -8.00	 -8.00	 50.00	    5.9700	 8.2598	 0.0000	 3.0359	 0.8955	 0.5833	 0.0865	 0.3924	 0.6361	 64.0000	 0.0000	 9999.000	 9999.000	 0.7743	 0.0018	 0.1176	 0.0009	 0.6854	 0.9531	 3.0359	 5.2239	 5.9721	 0.2421	 0.1000	
m60414c3r8.htb	 270.0	  0.05	 2.000	 -10.00	  0.00	 50.00	    6.4400	 17.1553	 0.0000	 14.5314	 11.2769	 0.2422	 0.4919	 0.2715	 0.8926	 64.0000	 0.0000	 9999.000	 9999.000	 0.2830	 0.1405	 0.0158	 0.1460	 0.7524	 0.9447	 14.0036	 3.1518	 6.4404	 2.2114	 0.1000	
m60419c1r8.htb	 360.0	  0.03	 2.000	 10.00	  5.00	 50.00	    23.8700	 12.4020	 0.0000	 7.2125	 7.1642	 0.3934	 0.0018	 0.4115	 0.5912	 64.0000	 0.0000	 16.020	 9999.000	 0.9608	 0.0000	 0.2439	 0.0000	 0.1484	 0.9974	 7.2125	 5.1895	 23.8672	 0.9427	 0.0010	
m60419c2r8.htb	  25.0	  0.03	 2.000	 10.00	 -10.00	 40.00	    16.3500	 12.5908	 0.0000	 10.0078	 7.0647	 0.2773	 0.4121	 0.3334	 0.5404	 64.0000	 0.0000	 9999.000	 9999.000	 0.5278	 0.0266	 0.0492	 0.0355	 0.4247	 0.9804	 10.0078	 2.5830	 16.3461	 0.1010	 0.0977	
m60420c2r8.htb	   0.0	  0.03	 2.000	  5.00	  0.00	 40.00	    9.4000	 27.6967	 0.0000	 22.0599	 13.4826	 0.1810	 0.1406	 0.3422	 0.5110	 64.0000	 0.0000	 9999.000	 9999.000	 0.8584	 0.0003	 0.1165	 0.0010	 0.2531	 0.9926	 22.0599	 5.6368	 9.4028	 1.6731	 0.0010	
m60424c1r8.htb	   0.0	  0.03	 2.000	 -10.00	 -10.00	 40.00	    64.0000	 10.2930	 0.0000	 4.4464	 0.0000	 0.6442	 0.0000	 0.6029	 0.4305	 64.0000	 0.0000	 50.010	 9999.000	 0.9306	 0.0000	 0.5027	 0.0000	 0.8011	 0.9383	 4.4464	 5.8823	 74.8299	 1.4168	 0.0010	
m60424c2r8.htb	  90.0	  0.03	 2.000	  8.00	 -8.00	 40.00	    29.0800	 9.0598	 0.0000	 5.6714	 0.3317	 0.4477	 0.0000	 0.4778	 0.4432	 64.0000	 0.0000	 16.340	 9999.000	 0.8280	 0.0007	 0.2076	 0.0000	 0.6086	 0.9621	 5.6714	 3.3884	 29.0763	 0.7000	 0.0010	
m60515c4r8.htb	   0.0	  0.03	 2.000	 -10.00	 10.00	 40.00	    2.5100	 4.1790	 0.0000	 2.6934	 0.6332	 0.4271	 0.0246	 0.4122	 0.3572	 64.0000	 0.0000	 1.860	 6.240	 0.8552	 0.0004	 0.1522	 0.0001	 0.3289	 0.9879	 2.6822	 1.4967	 2.5080	 1.0419	 0.1000	
m60517c1r8.htb	   0.0	  0.03	 2.000	  0.00	  0.00	 40.00	    17.8100	 5.5433	 0.0000	 4.1369	 1.5920	 0.3158	 0.2814	 0.3272	 0.4173	 64.0000	 0.0000	 9999.000	 9999.000	 0.7091	 0.0044	 0.0779	 0.0077	 0.2712	 0.9916	 4.1369	 1.4064	 17.8146	 0.7680	 0.0010	
m60517c2r8.htb	   0.0	  0.03	 2.000	 -10.00	 -10.00	 40.00	    0.7500	 3.5115	 64.0000	 2.7912	 0.8458	 0.2468	 0.9695	 0.2074	 0.4995	 64.0000	 0.0000	 9999.000	 9999.000	 0.9674	 0.0000	 0.0264	 0.1260	 0.0268	 0.9999	 2.0936	 1.4179	 0.7464	 3.6588	 0.0743	
m60517c3r8.htb	   0.0	  0.03	 2.000	 10.00	 -10.00	 30.00	    1.6300	 11.2239	 64.0000	 8.7104	 2.3881	 0.4075	 0.1206	 0.4280	 0.6002	 64.0000	 0.0000	 9999.000	 9999.000	 0.2449	 0.1756	 0.0345	 0.0796	 0.9968	 0.9103	 3.1642	 8.0597	 1.6327	 4.1763	 0.1000	
m60517c4r8.htb	   0.0	  0.03	 2.000	  5.00	 -8.00	 30.00	    0.1500	 17.2062	 64.0000	 14.0745	 4.9254	 0.2959	 0.0210	 0.4222	 0.4927	 64.0000	 0.0000	 9999.000	 0.630	 0.2161	 0.2074	 0.0418	 0.0533	 1.9496	 0.7450	 14.0745	 3.1321	 0.1540	 1.0389	 0.1000	
m60517c5r8.htb	   0.0	  0.03	 2.000	 10.00	 -10.00	 40.00	    64.0000	 21.7499	 0.0000	 11.1906	 4.7264	 0.5011	 0.0131	 0.4677	 0.8981	 64.0000	 0.0000	 59.570	 9999.000	 0.9168	 0.0001	 0.1888	 0.0000	 0.3107	 0.9891	 11.1836	 11.5820	 256.0000	 3.2356	 0.0010	
m60517c6r8.htb	   0.0	  0.03	 2.000	  8.00	 10.00	 40.00	    27.5600	 23.5937	 0.0000	 10.7598	 3.8806	 0.5560	 0.0000	 0.6374	 0.4841	 64.0000	 0.0000	 24.560	 9999.000	 0.9823	 0.0000	 0.5998	 0.0000	 0.2561	 0.9925	 10.6196	 12.9741	 27.5626	 1.8686	 0.1000	
m60518c2r8.htb	   0.0	  0.03	 2.000	 -8.00	 -5.00	 40.00	    39.2900	 18.9013	 0.0000	 16.1794	 2.7861	 0.1734	 0.5166	 0.3090	 0.4227	 64.0000	 0.0000	 9999.000	 9999.000	 0.4427	 0.0505	 0.0363	 0.0720	 0.6568	 0.9566	 16.1794	 2.7219	 39.2888	 0.2513	 0.0611	
m60519c3r8.htb	   0.0	  0.03	 2.000	 -5.00	 -5.00	 30.00	    10.2900	 16.1892	 0.0000	 10.5087	 7.1642	 0.3786	 0.0476	 0.3849	 0.7088	 64.0000	 0.0000	 7.550	 27.380	 0.7397	 0.0029	 0.1259	 0.0006	 0.7039	 0.9508	 10.5080	 5.6812	 10.2852	 1.0962	 0.1000	
m60523c1r8.htb	   0.0	  0.03	 2.000	  0.00	  0.00	 40.00	    5.7300	 12.9402	 0.0000	 9.3502	 5.1244	 0.3125	 0.3061	 0.3137	 0.7187	 64.0000	 0.0000	 9999.000	 9999.000	 0.5915	 0.0154	 0.0630	 0.0171	 0.5052	 0.9730	 9.3502	 3.5900	 5.7308	 1.3696	 0.0010	
m60523c2r8.htb	   0.0	  0.03	 2.000	  0.00	 -10.00	 40.00	    3.3700	 26.2942	 0.0000	 14.6912	 9.8507	 0.4676	 0.0014	 0.5086	 0.7560	 64.0000	 0.0000	 3.160	 47.760	 0.7533	 0.0024	 0.1961	 0.0000	 1.0782	 0.8977	 14.6669	 11.6274	 3.3702	 2.3126	 0.0010	
m60523c3r8.htb	  60.0	  0.03	 2.000	  0.00	 -10.00	 40.00	    3.1300	 5.7585	 0.0000	 4.8656	 2.5871	 0.2417	 0.6864	 0.2744	 0.3996	 64.0000	 0.0000	 9999.000	 9999.000	 0.4708	 0.0413	 0.0306	 0.0989	 0.2658	 0.9919	 4.8656	 0.8928	 3.1347	 0.5337	 0.1000	
m60523c4r8.htb	   0.0	  0.03	 2.000	 -10.00	 -10.00	 40.00	    7.1600	 17.1388	 0.0000	 14.0113	 8.7562	 0.2198	 0.6288	 0.2905	 0.5963	 64.0000	 0.0000	 9999.000	 9999.000	 0.6749	 0.0066	 0.0478	 0.0385	 0.1558	 0.9971	 13.9690	 3.1698	 7.1583	 1.4580	 0.1000	
m60524c1r8.htb	   0.0	  0.03	 2.000	 -5.00	 -7.00	 30.00	    5.8200	 6.4825	 0.0000	 4.6896	 2.9353	 0.2353	 0.7749	 0.2473	 0.5445	 64.0000	 0.0000	 9999.000	 9999.000	 0.7122	 0.0042	 0.0399	 0.0592	 0.1742	 0.9964	 4.5185	 1.9640	 5.8218	 1.8472	 0.1000	
m60524c2r8.htb	 240.0	  0.03	 2.000	 -10.00	  0.00	 30.00	    17.0700	 7.5965	 0.0000	 5.9634	 3.2504	 0.2190	 0.6644	 0.1885	 0.6408	 64.0000	 0.0000	 9999.000	 9999.000	 0.9374	 0.0000	 0.0415	 0.0177	 0.0122	 1.0000	 5.9634	 1.6331	 17.0686	 0.9683	 0.0010	
m60524c3r8.htb	 240.0	  0.03	 2.000	  0.00	  7.00	 70.00	    29.6600	 16.5799	 0.0000	 11.6923	 5.7214	 0.4366	 0.2673	 0.3704	 0.8940	 64.0000	 0.0000	 9999.000	 9999.000	 0.4824	 0.0379	 0.0540	 0.0275	 0.7657	 0.9430	 11.6923	 4.8875	 29.6568	 0.5059	 0.1000	
m60524c4r8.htb	  90.0	  0.03	 2.000	 -5.00	 -5.00	 40.00	    9.0500	 9.2049	 0.0000	 7.6416	 4.4776	 0.2204	 0.6380	 0.2696	 0.5148	 64.0000	 0.0000	 9999.000	 9999.000	 0.3323	 0.1042	 0.0232	 0.1516	 0.3062	 0.9894	 7.6416	 1.5633	 9.0543	 0.4224	 0.1000	
m60524c5r8.htb	   0.0	  0.03	 2.000	 -10.00	 -5.00	 40.00	    10.2200	 22.6564	 0.0000	 12.0074	 4.5274	 0.4617	 0.0000	 0.5145	 0.6207	 64.0000	 0.0000	 9.220	 9999.000	 0.8529	 0.0004	 0.2855	 0.0000	 0.5640	 0.9670	 11.2803	 11.3761	 10.2230	 1.9771	 0.1000	
m60525c1r8.htb	   0.0	  0.03	 2.000	 10.00	 -10.00	 40.00	    18.8300	 4.6811	 0.0000	 2.0269	 0.7960	 0.6299	 0.0001	 0.5425	 0.4291	 64.0000	 0.0000	 17.290	 9999.000	 0.6407	 0.0096	 0.2063	 0.0000	 1.2042	 0.8774	 1.8845	 2.7967	 18.8314	 2.1487	 0.1000	
m60525c2r8.htb	   0.0	  0.03	 2.000	  5.00	  0.00	 40.00	    11.7600	 23.1389	 0.0000	 16.9717	 12.5373	 0.3356	 0.3261	 0.3663	 0.7785	 64.0000	 0.0000	 9999.000	 9999.000	 0.5711	 0.0185	 0.0592	 0.0208	 0.4062	 0.9820	 16.9717	 6.1672	 11.7583	 0.3752	 0.1000	
m60525c3r8.htb	   0.0	  0.03	 2.000	 10.00	 -10.00	 40.00	    3.6300	 4.6957	 0.0000	 3.5177	 3.6816	 0.2424	 0.6929	 0.2980	 0.3950	 64.0000	 0.0000	 9999.000	 9999.000	 0.7878	 0.0014	 0.0508	 0.0328	 0.2719	 0.9916	 3.5174	 1.1784	 3.6311	 2.0398	 0.0010	
m60531c1r8.htb	   0.0	  0.03	 2.000	  0.00	  0.00	 70.00	    2.4400	 12.0729	 0.0000	 8.9609	 7.0647	 0.3293	 0.5471	 0.3157	 0.8081	 64.0000	 0.0000	 9999.000	 9999.000	 0.0018	 0.9135	 0.0001	 0.9110	 0.9945	 0.9106	 8.9609	 3.1121	 2.4383	 0.1000	 0.0303	
m60531c2r8.htb	 270.0	  0.03	 2.000	 -5.00	 -5.00	 50.00	    1.3400	 9.1411	 64.0000	 8.1361	 7.8109	 0.3208	 0.1486	 0.3595	 0.4915	 64.0000	 0.0000	 9999.000	 9999.000	 0.1170	 0.3676	 0.0157	 0.2399	 1.4861	 0.8291	 4.0665	 5.0746	 1.3355	 5.7181	 0.1000	
m60601c1r8.htb	   0.0	  0.03	 2.000	  0.00	  7.00	 40.00	    24.2800	 3.4158	 0.0000	 1.5232	 0.6965	 0.6216	 0.0001	 0.4622	 0.4662	 64.0000	 0.0000	 14.780	 37.710	 0.8673	 0.0003	 0.2740	 0.0000	 0.4264	 0.9803	 1.5232	 1.8926	 24.2847	 0.7958	 0.0010	
m60601c2r8.htb	  90.0	  0.03	 2.000	 -10.00	 -15.00	 40.00	    5.4500	 5.5793	 0.0000	 2.1463	 1.0614	 0.6057	 0.0000	 0.4589	 0.5236	 64.0000	 0.0000	 4.180	 17.670	 0.8998	 0.0001	 0.2616	 0.0000	 0.3738	 0.9846	 2.1463	 3.4330	 5.4480	 1.2270	 0.0010	
m60601c3r8.htb	  90.0	  0.03	 2.000	  0.00	 -10.00	 40.00	    6.6500	 5.0140	 0.0000	 3.3460	 1.5423	 0.3495	 0.0906	 0.3445	 0.4518	 64.0000	 0.0000	 9999.000	 9999.000	 0.7266	 0.0035	 0.1092	 0.0015	 0.2769	 0.9913	 3.3460	 1.6680	 6.6529	 0.9355	 0.0010	
m60601c4r8.htb	  90.0	  0.03	 2.000	  0.00	  0.00	 40.00	    45.9300	 23.4417	 0.0000	 12.9506	 3.4328	 0.4868	 0.0000	 0.5087	 0.6899	 64.0000	 0.0000	 27.090	 9999.000	 0.8802	 0.0002	 0.3490	 0.0000	 0.5314	 0.9704	 12.9506	 10.4911	 45.9306	 0.7533	 0.1000	
m60601c5r8.htb	  90.0	  0.03	 2.000	  0.00	 -8.00	 40.00	    33.6200	 20.2090	 0.0000	 12.7189	 7.7612	 0.3952	 0.0016	 0.5591	 0.4073	 64.0000	 0.0000	 31.270	 9999.000	 0.8352	 0.0006	 0.3958	 0.0000	 1.1911	 0.8796	 12.7187	 7.4903	 33.6155	 2.2541	 0.0010	
m60602c1r8.htb	   0.0	  0.03	 2.000	  0.00	 -7.00	 30.00	    3.1900	 13.2839	 0.0000	 10.0684	 8.7065	 0.3226	 0.1918	 0.3813	 0.5759	 64.0000	 0.0000	 9999.000	 9999.000	 0.5109	 0.0305	 0.0637	 0.0164	 0.5496	 0.9685	 5.8213	 7.4627	 3.1933	 3.2912	 0.1000	
m60602c2r8.htb	   0.0	  0.03	 2.000	 -8.00	 -8.00	 30.00	    10.2600	 14.2862	 0.0000	 10.7459	 6.2687	 0.3170	 0.1566	 0.3571	 0.6423	 64.0000	 0.0000	 9999.000	 9999.000	 0.5351	 0.0251	 0.0706	 0.0114	 0.7125	 0.9498	 10.7459	 3.5404	 10.2602	 0.8896	 0.0010	
m60602c3r8.htb	   0.0	  0.03	 2.000	  0.00	  5.00	 30.00	    9.0500	 10.9704	 0.0000	 6.6136	 6.4345	 0.3994	 0.0000	 0.4283	 0.5122	 64.0000	 0.0000	 7.560	 45.440	 0.7635	 0.0021	 0.1750	 0.0000	 0.8073	 0.9375	 6.6136	 4.3568	 9.0500	 1.5244	 0.0010	
m60602c4r8.htb	   0.0	  0.03	 2.000	  0.00	 -10.00	 20.00	    5.2700	 8.0701	 0.0000	 4.3544	 3.1509	 0.4500	 0.1237	 0.4007	 0.5775	 64.0000	 0.0000	 9999.000	 9999.000	 0.8249	 0.0007	 0.1384	 0.0010	 0.3888	 0.9834	 4.2413	 3.8288	 5.2703	 1.5010	 0.1000	
m60602c5r8.htb	   0.0	  0.03	 2.000	 -5.00	 -5.00	 50.00	    8.2100	 9.6097	 0.0000	 6.6304	 4.3781	 0.3453	 0.6807	 0.2888	 0.8191	 64.0000	 0.0000	 9999.000	 9999.000	 0.6375	 0.0099	 0.0419	 0.0531	 0.2085	 0.9949	 6.6304	 2.9793	 8.2108	 1.5633	 0.0010	
m60605c1r8.htb	   0.0	  0.03	 2.000	 -3.00	 -7.00	 30.00	    4.4900	 31.8813	 0.0000	 20.1400	 9.4030	 0.3577	 0.0000	 0.5953	 0.3842	 64.0000	 0.0000	 3.830	 25.220	 0.9245	 0.0000	 0.4851	 0.0000	 0.9214	 0.9215	 20.1400	 11.7413	 4.4850	 1.6052	 0.0010	
m60605c2r8.htb	   0.0	  0.03	 2.000	 -10.00	 -10.00	 30.00	    6.7500	 0.7095	 0.0000	 0.2390	 0.5638	 0.5625	 0.4205	 0.3254	 0.4803	 64.0000	 0.0000	 9999.000	 9999.000	 0.7067	 0.0045	 0.0432	 0.0156	 0.1704	 0.9966	 0.1910	 0.5185	 6.7500	 1.9376	 0.1000	
m60605c3r8.htb	   0.0	  0.03	 2.000	 -5.00	 -2.00	 30.00	    0.3200	 24.5876	 64.0000	 19.2734	 19.5522	 0.2261	 0.0015	 0.4560	 0.3485	 64.0000	 0.0000	 0.310	 0.980	 0.9017	 0.0001	 0.2336	 0.0000	 0.6146	 0.9614	 19.2733	 5.3146	 0.3155	 1.0245	 0.1000	
m60606c1r8.htb	   0.0	  0.03	 2.000	  8.00	 -8.00	 40.00	    8.9400	 0.0102	 0.0000	 0.0000	 0.0000	 1.0000	 0.3035	 0.3014	 0.2033	 64.0000	 0.0000	 9999.000	 9999.000	 0.2975	 0.1288	 0.0211	 0.0929	 0.2259	 0.8932	 0.0000	 0.0102	 8.9395	 0.9024	 0.1000	
m60606c2r8.htb	  90.0	  0.03	 2.000	 -10.00	  0.00	 40.00	    1.7300	 0.2886	 0.0000	 0.0574	 0.1493	 0.8889	 0.4979	 0.2553	 0.4540	 64.0000	 0.0000	 9999.000	 9999.000	 0.0930	 0.4248	 0.0078	 0.4074	 1.4151	 0.8416	 0.0574	 0.2313	 1.7347	 0.1026	 0.0011	
m60606c3r8.htb	  90.0	  0.03	 2.000	 -8.00	 -10.00	 40.00	    1.9300	 1.4152	 0.0000	 0.9452	 0.8458	 0.6667	 0.2442	 0.3551	 0.6327	 64.0000	 0.0000	 9999.000	 9999.000	 0.0444	 0.5864	 0.0051	 0.5024	 1.9166	 0.7511	 0.9452	 0.4700	 1.9312	 0.1089	 0.0010	
m60606c4r8.htb	  90.0	  0.03	 2.000	  8.00	 -5.00	 40.00	    42.4300	 7.5520	 0.0000	 2.0533	 0.6965	 0.7489	 0.0000	 0.5391	 0.5614	 64.0000	 0.0000	 20.890	 9999.000	 0.9846	 0.0000	 0.4388	 0.0000	 0.2112	 0.9948	 2.0533	 5.4987	 42.4274	 0.5751	 0.0010	
m60606c5r8.htb	  90.0	  0.03	 2.000	  8.00	  0.00	 40.00	    37.2800	 7.5244	 0.0000	 3.5627	 0.9287	 0.5645	 0.0000	 0.5036	 0.4806	 64.0000	 0.0000	 25.590	 9999.000	 0.9565	 0.0000	 0.3515	 0.0000	 0.1961	 0.9955	 3.5627	 3.9617	 37.2794	 0.9790	 0.1000	
m60613c5r8.htb	   0.0	  0.03	 2.000	 -8.00	 -15.00	 30.00	    5.5300	 18.5233	 0.0000	 13.3627	 8.2587	 0.3141	 0.0256	 0.4681	 0.4355	 64.0000	 0.0000	 5.210	 9999.000	 0.7997	 0.0011	 0.1503	 0.0002	 0.3888	 0.9834	 13.3553	 5.1681	 5.5256	 2.3830	 0.0010	
m60613c6r8.htb	   0.0	  0.03	 2.000	 -5.00	 -10.00	 30.00	    64.0000	 18.9867	 0.0000	 14.6648	 4.3781	 0.2345	 0.0887	 0.3794	 0.4565	 64.0000	 0.0000	 9999.000	 9999.000	 0.8684	 0.0003	 0.1312	 0.0005	 0.1902	 0.9958	 14.2081	 4.8330	 103.6416	 3.1970	 0.1000	
m60614c1r8.htb	   0.0	  0.03	 2.000	  0.00	 -8.00	 30.00	    5.6100	 16.2344	 0.0000	 13.6755	 6.1194	 0.1935	 0.6710	 0.2823	 0.5635	 64.0000	 0.0000	 9999.000	 9999.000	 0.5746	 0.0179	 0.0383	 0.0646	 0.1922	 0.9957	 13.5866	 2.6478	 5.6068	 1.5525	 0.1000	
m60614c2r8.htb	   0.0	  0.03	 2.000	  5.00	 -5.00	 60.00	    0.0000	 24.6233	 0.0400	 20.4637	 13.9303	 0.2258	 0.7479	 0.3703	 0.5376	 64.0000	 0.0000	 9999.000	 9999.000	 0.5950	 0.0149	 0.0730	 0.0727	 0.7944	 0.9392	 20.4637	 6.7939	 0.0023	 0.1100	 0.0196	
m60614c3r8.htb	   0.0	  0.03	 2.000	  8.00	 -15.00	 30.00	    1.9100	 22.7380	 64.0000	 18.6965	 11.2438	 0.2109	 0.1011	 0.3875	 0.4462	 64.0000	 0.0000	 9999.000	 9999.000	 0.8094	 0.0010	 0.1188	 0.0009	 0.5141	 0.9721	 15.4992	 7.2388	 1.9050	 2.7103	 0.1000	
m60614c4r8.htb	   0.0	  0.03	 2.000	  8.00	 -18.00	 40.00	    64.0000	 17.8481	 0.0000	 10.6190	 7.6617	 0.4457	 0.0009	 0.5659	 0.4183	 64.0000	 0.0000	 41.200	 9999.000	 0.8598	 0.0003	 0.4234	 0.0000	 1.4433	 0.8366	 10.6188	 10.1594	 256.0000	 1.6791	 0.1000	
m60615c1r8.htb	   0.0	  0.03	 2.000	 -8.00	 -17.00	 30.00	    30.5100	 19.6323	 0.0000	 9.8930	 3.5821	 0.5037	 0.0000	 0.5279	 0.5799	 64.0000	 0.0000	 26.880	 9999.000	 0.9977	 0.0000	 0.4075	 0.0000	 0.0229	 0.9999	 9.8930	 9.7393	 30.5053	 1.8039	 0.0010	
m60615c2r8.htb	   0.0	  0.03	 2.000	 -10.00	 -17.00	 40.00	    4.6100	 11.2820	 0.0000	 7.3289	 5.2736	 0.3659	 0.0017	 0.4576	 0.4217	 64.0000	 0.0000	 4.010	 26.370	 0.7409	 0.0029	 0.1898	 0.0000	 0.8199	 0.9358	 7.0086	 4.2734	 4.6124	 1.6925	 0.1000	
m60616c1r8.htb	   0.0	  0.03	 2.000	 -10.00	 -15.00	 30.00	    11.3200	 8.3598	 0.0000	 5.1973	 2.1393	 0.3486	 0.1294	 0.3570	 0.5351	 64.0000	 0.0000	 9999.000	 9999.000	 0.8706	 0.0002	 0.1207	 0.0008	 0.1554	 0.9971	 5.1973	 3.1625	 11.3171	 1.6594	 0.0010	
m60616c2r8.htb	   0.0	  0.03	 2.000	  5.00	 -10.00	 30.00	    1.5000	 7.5270	 0.0000	 4.9221	 2.0896	 0.4027	 0.0953	 0.3656	 0.5057	 64.0000	 0.0000	 9999.000	 9999.000	 0.7861	 0.0014	 0.1169	 0.0010	 0.5241	 0.9711	 4.9221	 2.6049	 1.5008	 0.4026	 0.0010	
m60619c1r8.htb	   0.0	  0.03	 2.000	  0.00	  0.00	 40.00	    2.1000	 7.7374	 0.0000	 5.5756	 3.9801	 0.3291	 0.1785	 0.3448	 0.4763	 64.0000	 0.0000	 9999.000	 9999.000	 0.7682	 0.0019	 0.0978	 0.0027	 0.2780	 0.9912	 5.5756	 2.1618	 2.0967	 0.9500	 0.0010	
m60619c2r8.htb	   0.0	  0.03	 2.000	 -5.00	  0.00	 40.00	    39.9100	 9.8895	 0.0000	 4.3239	 1.5920	 0.6056	 0.0000	 0.5317	 0.5229	 64.0000	 0.0000	 28.320	 9999.000	 0.9525	 0.0000	 0.4173	 0.0000	 0.2635	 0.9920	 4.3239	 5.5655	 39.9076	 1.0489	 0.0010	
m60619c3r8.htb	   0.0	  0.03	 2.000	  0.00	 -5.00	 40.00	    39.6400	 5.8802	 0.0000	 2.3699	 1.5636	 0.6327	 0.0000	 0.4909	 0.5193	 64.0000	 0.0000	 24.260	 9999.000	 0.9760	 0.0000	 0.3829	 0.0000	 0.2358	 0.9936	 2.3699	 3.5103	 39.6430	 0.8001	 0.1000	
m60619c4r8.htb	   0.0	  0.03	 2.000	 -8.00	 -8.00	 30.00	    2.9600	 13.6928	 0.0000	 10.0168	 14.7264	 0.3307	 0.9646	 0.1519	 1.9424	 64.0000	 0.0000	 9999.000	 9999.000	 0.6942	 0.0053	 0.0199	 0.1852	 0.0165	 1.0000	 9.8740	 3.8188	 2.9551	 2.1344	 0.0125	
m60620c1r8.htb	   0.0	  0.03	 2.000	  5.00	  5.00	 40.00	    8.1000	 18.2569	 0.0000	 14.0198	 7.1642	 0.2336	 0.0955	 0.3352	 0.5625	 64.0000	 0.0000	 9999.000	 9999.000	 0.8142	 0.0009	 0.0810	 0.0008	 0.3816	 0.9840	 14.0198	 4.2371	 8.0963	 1.5793	 0.0010	
m60620c2r8.htb	   0.0	  0.03	 2.000	  0.00	  5.00	 40.00	    5.0200	 26.7358	 0.0000	 19.6402	 16.1194	 0.2755	 0.0378	 0.4274	 0.5372	 64.0000	 0.0000	 4.320	 30.160	 0.9321	 0.0000	 0.1649	 0.0001	 0.1446	 0.9975	 19.6402	 7.0956	 5.0199	 1.6531	 0.0010	
m60620c3r8.htb	   0.0	  0.03	 2.000	  0.00	 10.00	 40.00	    5.7000	 26.1615	 0.0000	 19.0013	 18.6567	 0.2462	 0.0321	 0.3831	 0.5663	 64.0000	 0.0000	 4.980	 38.330	 0.7217	 0.0037	 0.1310	 0.0005	 0.8423	 0.9327	 19.0013	 7.1602	 5.7017	 1.7358	 0.0010	
m60620c4r8.htb	   0.0	  0.03	 2.000	  0.00	  8.00	 40.00	    24.5100	 11.7098	 0.0000	 8.5381	 7.5871	 0.2024	 0.9942	 0.2543	 0.5674	 64.0000	 0.0000	 9999.000	 9999.000	 0.7414	 0.0029	 0.0351	 0.2812	 0.0609	 0.9995	 8.5381	 3.1716	 24.5125	 0.2556	 0.1000	
m60621c1r8.htb	   0.0	  0.03	 2.000	  0.00	 -8.00	 30.00	    23.6200	 12.8097	 0.0000	 6.9141	 0.9950	 0.3911	 0.1503	 0.3414	 0.6991	 64.0000	 0.0000	 9999.000	 9999.000	 0.4707	 0.0413	 0.0628	 0.0172	 0.5656	 0.9668	 6.9141	 5.8955	 23.6187	 0.2547	 0.0010	
m60621c2r8.htb	   0.0	  0.03	 2.000	  8.00	 -2.00	 30.00	    7.8000	 1.0738	 0.0000	 0.9132	 0.4975	 0.4000	 0.9617	 0.2019	 0.4872	 64.0000	 0.0000	 9999.000	 9999.000	 0.0423	 0.5955	 0.0012	 0.7416	 0.1996	 0.9953	 0.9132	 0.1607	 7.7962	 0.1001	 0.0040	
m60621c3r8.htb	 180.0	  0.03	 2.000	 10.00	  0.00	 60.00	    64.0000	 2.5643	 0.0000	 0.6694	 0.6965	 0.7160	 0.0822	 0.4382	 0.7269	 64.0000	 0.0000	 9999.000	 9999.000	 0.6197	 0.0118	 0.0951	 0.0031	 0.7630	 0.9433	 0.6516	 2.0283	 256.0000	 4.0462	 0.0010	
m60621c4r8.htb	 130.0	  0.03	 2.000	  0.00	 -10.00	 40.00	    23.8500	 9.2069	 0.0000	 5.4010	 1.6418	 0.3566	 0.2884	 0.3312	 0.5483	 64.0000	 0.0000	 9999.000	 9999.000	 0.3170	 0.1145	 0.0345	 0.0796	 0.8797	 0.9275	 5.4010	 3.8060	 23.8495	 0.2218	 0.0421	
m60621c5r8.htb	 130.0	  0.03	 2.000	 -10.00	 -10.00	 40.00	    64.0000	 4.5346	 0.0000	 1.5976	 0.7463	 0.7527	 0.0000	 0.5715	 0.4079	 64.0000	 0.0000	 40.370	 9999.000	 0.9032	 0.0001	 0.3764	 0.0000	 1.1564	 0.8852	 1.5976	 3.0249	 82.3471	 1.0380	 0.0010	
m60621c6r8.htb	 180.0	  0.03	 2.000	  8.00	 -10.00	 40.00	    4.5100	 12.6354	 0.0000	 9.7361	 3.8557	 0.2675	 0.9871	 0.1685	 1.3275	 64.0000	 0.0000	 9999.000	 9999.000	 0.6053	 0.0136	 0.0113	 0.2928	 0.0678	 0.9994	 9.7359	 2.8995	 4.5063	 0.8725	 0.1000	
m60623c3r8.htb	  90.0	  0.03	 2.000	 -5.00	 10.00	 40.00	    1.2200	 7.5039	 0.0000	 6.0555	 3.8308	 0.3025	 0.7455	 0.3115	 0.6170	 64.0000	 0.0000	 9999.000	 9999.000	 0.0069	 0.8321	 0.0004	 0.8505	 0.7896	 0.9398	 6.0555	 1.4484	 1.2201	 0.1000	 0.0029	
m60623c4r8.htb	  90.0	  0.03	 2.000	  3.00	 -5.00	 40.00	    22.5100	 5.2794	 0.0000	 3.0639	 0.7463	 0.4444	 0.0841	 0.3852	 0.5538	 64.0000	 0.0000	 9999.000	 9999.000	 0.9211	 0.0000	 0.1407	 0.0003	 0.1530	 0.9972	 3.0639	 2.2155	 22.5115	 0.8042	 0.0010	
m60626c2r8.htb	   0.0	  0.03	 2.000	 -8.00	 -8.00	 40.00	    6.0900	 9.5702	 0.0000	 6.7391	 5.0083	 0.3107	 0.0592	 0.3672	 0.4678	 64.0000	 0.0000	 9999.000	 9999.000	 0.8065	 0.0010	 0.0885	 0.0005	 0.1879	 0.9959	 5.2462	 4.3240	 6.0862	 2.8284	 0.1000	
m60628c1r8.htb	   0.0	  0.03	 2.000	  0.00	 -8.00	 40.00	    8.1300	 13.9625	 0.0000	 10.9406	 4.4776	 0.3460	 0.3554	 0.3254	 0.7322	 64.0000	 0.0000	 9999.000	 9999.000	 0.4528	 0.0470	 0.0453	 0.0440	 0.7951	 0.9391	 10.9406	 3.0220	 8.1314	 0.9589	 0.0010	
m60628c2r8.htb	   0.0	  0.03	 2.000	 -8.00	 -10.00	 40.00	    7.6600	 4.4844	 0.0000	 2.8299	 1.3682	 0.3582	 0.7723	 0.3263	 0.5345	 64.0000	 0.0000	 9999.000	 9999.000	 0.8762	 0.0002	 0.0717	 0.0339	 0.2015	 0.9953	 2.8299	 1.6544	 7.6634	 1.3520	 0.0010	
m60703c1r8.htb	   0.0	  0.03	 2.000	 10.00	  8.00	 40.00	    21.3200	 19.8262	 0.0000	 15.0391	 2.4046	 0.3462	 0.0420	 0.4550	 0.4960	 64.0000	 0.0000	 9.530	 17.180	 0.4306	 0.0549	 0.1247	 0.0095	 2.2018	 0.6987	 15.0391	 4.7871	 21.3164	 0.5018	 0.0010	
m60703c2r8.htb	   0.0	  0.03	 2.000	  8.00	 10.00	 40.00	    60.5700	 8.8587	 0.0000	 4.2049	 1.3930	 0.5882	 0.0000	 0.5540	 0.4425	 64.0000	 0.0000	 52.830	 9999.000	 0.9261	 0.0000	 0.3841	 0.0000	 0.7142	 0.9496	 4.2049	 4.6538	 60.5726	 1.7456	 0.0010	
m60703c3r8.htb	   0.0	  0.03	 2.000	 -5.00	 10.00	 40.00	    64.0000	 2.3362	 0.0000	 1.2288	 0.3317	 0.4487	 0.2477	 0.3417	 0.4369	 64.0000	 0.0000	 9999.000	 9999.000	 0.7794	 0.0016	 0.0596	 0.0043	 0.1269	 0.9981	 1.0607	 1.3084	 256.0000	 6.1476	 0.0010	
m60705c1r8.htb	   0.0	  0.03	 2.000	  0.00	 -10.00	 30.00	    14.2800	 5.8557	 0.0000	 3.8975	 3.2836	 0.3358	 0.5403	 0.2542	 0.7112	 64.0000	 0.0000	 9999.000	 9999.000	 0.5634	 0.0198	 0.0449	 0.0450	 0.2966	 0.9900	 3.8975	 1.9582	 14.2766	 1.5479	 0.0010	
m60705c2r8.htb	   0.0	  0.03	 2.000	 -5.00	 -10.00	 40.00	    12.3900	 4.7492	 0.0000	 2.8203	 0.9287	 0.4512	 0.0179	 0.3929	 0.4659	 64.0000	 0.0000	 11.310	 9999.000	 0.7439	 0.0028	 0.0993	 0.0002	 0.2870	 0.9906	 2.6733	 2.0759	 12.3871	 2.0977	 0.1000	
m60705c3r8.htb	   0.0	  0.03	 2.000	  5.00	 -10.00	 40.00	    64.0000	 24.3375	 0.0000	 16.2097	 2.8856	 0.3347	 0.0095	 0.5401	 0.3970	 64.0000	 0.0000	 62.520	 9999.000	 0.8707	 0.0002	 0.3536	 0.0000	 0.9182	 0.9219	 12.1977	 12.3881	 179.5178	 5.1218	 0.0821	
m60712c1r8.htb	   0.0	  0.03	 2.000	  3.00	 -5.00	 40.00	    11.1500	 8.2501	 0.0000	 5.6448	 4.2289	 0.2976	 0.2636	 0.2992	 0.5390	 64.0000	 0.0000	 9999.000	 9999.000	 0.9819	 0.0000	 0.1105	 0.0014	 0.0268	 0.9999	 5.6448	 2.6052	 11.1501	 0.8025	 0.0010	
m60712c1r8.htb	   0.0	  0.03	 2.000	  3.00	 -5.00	 40.00	    11.1500	 8.2498	 0.0000	 5.6448	 4.2289	 0.2976	 0.2636	 0.2992	 0.5390	 64.0000	 0.0000	 9999.000	 9999.000	 0.9819	 0.0000	 0.1105	 0.0014	 0.0268	 0.9999	 5.6448	 2.6050	 11.1502	 0.8026	 0.0010	
m60717c3r8.htb	 150.0	  0.03	 2.000	 -10.00	 -10.00	 40.00	    38.7300	 16.7399	 0.0000	 10.2179	 0.5307	 0.3777	 0.0000	 0.4674	 0.5020	 64.0000	 0.0000	 30.920	 9999.000	 0.9758	 0.0000	 0.3404	 0.0000	 0.1105	 0.9985	 10.2179	 6.5220	 38.7348	 1.3582	 0.0010	
m60814c1r8.htb	   0.0	  0.03	 2.000	  0.00	  0.00	 40.00	    10.2800	 5.1828	 0.0000	 2.0152	 0.4975	 0.6455	 0.0031	 0.4624	 0.6515	 64.0000	 0.0000	 7.180	 23.690	 0.8462	 0.0004	 0.2047	 0.0000	 0.9481	 0.9176	 2.0152	 3.1676	 10.2812	 1.0146	 0.0010	
m60814c2r8.htb	   0.0	  0.03	 2.000	  0.00	  0.00	 40.00	    8.3900	 22.7763	 0.0000	 18.8300	 15.9204	 0.2009	 0.6399	 0.3236	 0.5696	 64.0000	 0.0000	 9999.000	 9999.000	 0.8472	 0.0004	 0.0591	 0.0210	 0.1192	 0.9983	 18.8300	 3.9463	 8.3856	 0.3004	 0.0010	
m60814c3r8.htb	 150.0	  0.03	 2.000	 -10.00	 10.00	 40.00	    3.5300	 2.6479	 0.0000	 1.7942	 1.3433	 0.4386	 0.2306	 0.3763	 0.3743	 64.0000	 0.0000	 9999.000	 9999.000	 0.6763	 0.0065	 0.0797	 0.0070	 0.4397	 0.9791	 1.7929	 0.8550	 3.5348	 0.9998	 0.1000	
m60814c4r8.htb	   0.0	  0.03	 2.000	  0.00	  0.00	 40.00	    26.4200	 12.2404	 0.0000	 10.3004	 10.4478	 0.2734	 0.1304	 0.4079	 0.3930	 64.0000	 0.0000	 9999.000	 9999.000	 0.5271	 0.0268	 0.0729	 0.0101	 0.6752	 0.9544	 10.3004	 1.9400	 26.4244	 1.9105	 0.0010	
m60822c1r8.htb	   0.0	  0.03	 2.000	 -10.00	  0.00	 40.00	    64.0000	 7.8968	 0.0000	 4.0469	 0.6468	 0.5000	 0.0000	 0.4800	 0.4446	 64.0000	 0.0000	 52.440	 9999.000	 0.8937	 0.0001	 0.3296	 0.0000	 0.5260	 0.9709	 4.0467	 3.8503	 64.9846	 1.4590	 0.1000	
m60822c2r8.htb	 230.0	  0.03	 2.000	  0.00	 -5.00	 40.00	    64.0000	 4.7857	 0.0000	 2.3419	 0.9950	 0.5505	 0.0025	 0.4466	 0.4971	 64.0000	 0.0000	 54.710	 9999.000	 0.6958	 0.0052	 0.1719	 0.0000	 0.7633	 0.9433	 2.3419	 2.8307	 256.0000	 2.5567	 0.0010	
m61117c1r8.htb	  60.0	  0.03	 2.000	 10.00	 -10.00	 40.00	    3.4200	 5.1320	 0.0000	 3.4791	 1.2935	 0.4602	 0.0211	 0.4300	 0.4373	 64.0000	 0.0000	 2.190	 5.710	 0.5401	 0.0241	 0.1043	 0.0019	 1.2707	 0.8663	 3.4789	 1.6530	 3.4187	 0.8175	 0.1000	
m61117c2r8.htb	  60.0	  0.03	 2.000	  5.00	 10.00	 40.00	    64.0000	 14.6666	 0.0000	 12.3283	 8.6567	 0.3087	 0.0516	 0.4468	 0.4037	 64.0000	 0.0000	 9999.000	 9999.000	 0.3557	 0.0900	 0.0597	 0.0203	 1.2851	 0.8639	 12.3283	 3.5184	 138.7778	 0.8557	 0.0545	
m61117c3r8.htb	 150.0	  0.03	 2.000	  0.00	  0.00	 40.00	    10.2300	 19.2886	 0.0000	 14.7937	 11.0945	 0.2774	 0.0193	 0.4423	 0.4205	 64.0000	 0.0000	 7.530	 28.270	 0.9166	 0.0001	 0.1793	 0.0000	 0.1267	 0.9981	 14.7937	 4.4949	 10.2263	 1.1256	 0.0010	
m70403c1r8.htb	  60.0	  0.03	 2.000	 -5.00	 -10.00	 40.00	    13.8100	 22.5720	 0.0000	 15.7098	 7.0757	 0.4034	 0.0786	 0.3940	 0.9148	 64.0000	 0.0000	 9999.000	 9999.000	 0.4514	 0.0475	 0.0808	 0.0111	 1.2591	 0.8683	 15.7098	 6.8622	 13.8105	 1.2927	 0.0010	
m70404c3r8.htb	 270.0	  0.03	 2.000	 10.00	 10.00	 30.00	    5.1400	 2.6821	 0.0000	 1.7561	 0.6468	 0.4309	 0.0258	 0.3380	 0.4292	 64.0000	 0.0000	 4.370	 25.710	 0.5416	 0.0238	 0.0517	 0.0021	 0.4243	 0.9804	 1.7189	 0.9632	 5.1374	 1.5514	 0.1000	
m70405c2r8.htb	   0.0	  0.03	 2.000	 10.00	 -10.00	 40.00	    6.9100	 15.2351	 0.0000	 7.9240	 2.4876	 0.4328	 0.0000	 0.4983	 0.4931	 64.0000	 0.0000	 5.690	 31.770	 0.7411	 0.0029	 0.2965	 0.0000	 1.5863	 0.8113	 7.9240	 7.3111	 6.9143	 1.4619	 0.0010	
m70723c1r8.htb	   0.0	  0.03	 2.000	 -8.00	 -8.00	 30.00	    12.2200	 3.6103	 0.0000	 2.2921	 1.6915	 0.4145	 0.0014	 0.3375	 0.4732	 64.0000	 0.0000	 8.300	 25.380	 0.5972	 0.0146	 0.0806	 0.0001	 0.6479	 0.9576	 2.2921	 1.3183	 12.2243	 0.9492	 0.1000	
m70524c1r8.htb	   0.0	  0.03	 2.000	  0.00	 -15.00	 40.00	    0.3300	 12.6098	 64.0000	 8.9731	 2.7861	 0.4176	 0.0124	 0.4470	 0.5765	 64.0000	 0.0000	 9999.000	 10.290	 0.3227	 0.1105	 0.0669	 0.0138	 1.2097	 0.8765	 4.1024	 8.5075	 0.3312	 4.9535	 0.0110	
m70524c3r8.htb	   0.0	  0.03	 2.000	  0.00	  5.00	 30.00	    22.2300	 7.9982	 0.0000	 4.5339	 0.6219	 0.4292	 0.0341	 0.3170	 0.7124	 64.0000	 0.0000	 8.180	 12.880	 0.8643	 0.0003	 0.1046	 0.0001	 0.1776	 0.9963	 4.5339	 3.4643	 22.2266	 0.3866	 0.1000	
m70525c1r8.htb	   0.0	  0.03	 1.000	  0.00	 -5.00	 40.00	    5.0700	 12.5939	 0.0000	 6.9792	 0.5970	 0.4816	 0.0003	 0.4887	 0.5269	 64.0000	 0.0000	 4.310	 25.530	 0.7032	 0.0047	 0.2045	 0.0000	 0.9771	 0.9132	 6.7433	 5.8506	 5.0725	 1.5571	 0.1000	
m70529c1r8.htb	   0.0	  0.03	 2.000	 -10.00	  8.00	 40.00	    3.8900	 3.7122	 0.0000	 1.4374	 0.7960	 0.6548	 0.0119	 0.4516	 0.5778	 64.0000	 0.0000	 1.700	 2.950	 0.9113	 0.0001	 0.1899	 0.0000	 0.2579	 0.9924	 1.4374	 2.2748	 3.8940	 0.4671	 0.1000	
m70529c2r8.htb	   0.0	  0.03	 2.000	  5.00	  5.00	 25.00	    2.7800	 26.1521	 0.0000	 12.8687	 5.8706	 0.4611	 0.0053	 0.4735	 0.7030	 64.0000	 0.0000	 0.750	 1.010	 0.7045	 0.0047	 0.1612	 0.0001	 0.5930	 0.9638	 12.8687	 13.2836	 2.7759	 0.2606	 0.0010	
m70530c1r8.htb	   0.0	  0.03	 2.000	 -10.00	  5.00	 32.00	    14.3700	 1.7602	 0.0000	 0.9408	 0.0249	 0.4487	 0.0806	 0.2535	 0.5685	 64.0000	 0.0000	 9999.000	 9999.000	 0.7663	 0.0020	 0.0594	 0.0010	 0.1312	 0.9979	 0.9408	 0.8194	 14.3726	 0.6630	 0.0010	
m70601c1r8.htb	   0.0	  0.03	 2.000	  0.00	 -15.00	 30.00	    2.0200	 10.5964	 0.0000	 6.2872	 3.8806	 0.4879	 0.0208	 0.4167	 0.6631	 64.0000	 0.0000	 1.190	 2.830	 0.7474	 0.0026	 0.1447	 0.0002	 0.4828	 0.9752	 6.2872	 4.3092	 2.0169	 0.7426	 0.0010	
m70605c1r8.htb	   0.0	  0.03	 2.000	  5.00	 12.00	 30.00	    25.3600	 2.4550	 0.0000	 0.6051	 0.1990	 0.7429	 0.1731	 0.3671	 0.5668	 64.0000	 0.0000	 9999.000	 9999.000	 0.4649	 0.0431	 0.0597	 0.0203	 0.7122	 0.9498	 0.6051	 1.8499	 25.3552	 0.1774	 0.0011	
m70607c1r8.htb	   0.0	  0.03	 2.000	  5.00	 -2.00	 30.00	    2.5600	 1.3988	 0.0000	 0.6459	 0.1493	 0.5833	 0.2342	 0.3329	 0.4445	 64.0000	 0.0000	 9999.000	 9999.000	 0.5958	 0.0148	 0.0698	 0.0119	 0.4611	 0.9772	 0.0000	 1.3988	 2.5552	 4.8637	 0.0061	
m70607c2r8.htb	   0.0	  0.03	 2.000	  5.00	 -8.00	 20.00	    9.6200	 5.5867	 0.0000	 1.8830	 0.1990	 0.7459	 0.0000	 0.5015	 0.5842	 64.0000	 0.0000	 7.360	 30.100	 0.8474	 0.0004	 0.2915	 0.0000	 2.5303	 0.6392	 1.8805	 3.7061	 9.6228	 1.1977	 0.1000	
m70607c3r8.htb	   0.0	  0.03	 2.000	  5.00	 -10.00	 20.00	    11.0000	 23.4855	 0.0000	 10.2641	 7.4129	 0.5952	 0.0000	 0.6165	 0.5600	 64.0000	 0.0000	 8.910	 44.860	 0.9673	 0.0000	 0.5051	 0.0000	 0.2862	 0.9907	 10.2259	 13.2596	 10.9982	 1.3767	 0.1000	
m70608c1r8.htb	   0.0	  0.03	 2.000	  0.00	  0.00	 60.00	    1.1900	 6.4058	 0.0000	 4.0835	 1.6915	 0.3784	 0.2207	 0.3642	 0.4238	 64.0000	 0.0000	 9999.000	 9999.000	 0.4133	 0.0618	 0.0494	 0.0353	 0.6092	 0.9620	 4.0835	 2.3228	 1.1940	 0.1535	 0.0279	
m70609c1r8.htb	 120.0	  0.03	 2.000	  0.00	  0.00	 70.00	    17.3900	 8.7502	 0.0000	 6.3860	 4.6269	 0.2921	 0.0006	 0.4605	 0.2878	 64.0000	 0.0000	 11.660	 35.220	 0.8872	 0.0001	 0.2467	 0.0000	 0.3785	 0.9842	 6.3860	 2.3642	 17.3881	 0.9401	 0.0010	
m70609c2r8.htb	 120.0	  0.03	 2.000	  0.00	  8.00	 30.00	    6.7500	 3.0014	 0.0000	 1.4983	 2.1891	 0.5405	 0.0077	 0.4689	 0.3838	 64.0000	 0.0000	 5.600	 30.220	 0.6644	 0.0074	 0.1459	 0.0002	 0.7848	 0.9405	 1.4767	 1.5247	 6.7476	 1.4488	 0.1000	
m70611c2r8.htb	 120.0	  0.03	 2.000	  0.00	 -3.00	 30.00	    2.3200	 37.0195	 0.0000	 26.2889	 14.3781	 0.2893	 0.0005	 0.4664	 0.5779	 64.0000	 0.0000	 1.350	 3.160	 0.9311	 0.0000	 0.2627	 0.0000	 0.2326	 0.9937	 26.2889	 10.7307	 2.3243	 0.7266	 0.0010	
m70611c1r8.htb	 120.0	  0.03	 2.000	 -5.00	 -10.00	 30.00	    20.8500	 9.7892	 0.0000	 4.3001	 1.6418	 0.5869	 0.0000	 0.5555	 0.4724	 64.0000	 0.0000	 19.120	 9999.000	 0.9408	 0.0000	 0.3582	 0.0000	 0.3341	 0.9875	 4.0553	 5.7339	 20.8511	 2.1280	 0.1000	
m70612c1r8.htb	   0.0	  0.03	 2.000	  0.00	 -8.00	 30.00	    2.3800	 23.6396	 0.0000	 16.6632	 8.6567	 0.3241	 0.0210	 0.4306	 0.6120	 64.0000	 0.0000	 2.050	 13.840	 0.8003	 0.0011	 0.1547	 0.0001	 0.4365	 0.9794	 16.6631	 6.9764	 2.3789	 1.6295	 0.0010	
m70612c2r8.htb	   0.0	  0.03	 2.000	  0.00	 -7.00	 30.00	    7.5100	 15.7931	 0.0000	 10.8256	 4.8259	 0.3867	 0.0081	 0.4552	 0.5145	 64.0000	 0.0000	 6.560	 50.620	 0.5260	 0.0270	 0.1147	 0.0011	 4.5187	 0.3403	 10.8256	 4.9675	 7.5079	 1.7380	 0.0010	
m70613c2r8.htb	 180.0	  0.03	 2.000	  5.00	  0.00	 40.00	    0.0900	 7.4281	 63.9800	 5.0401	 3.1343	 0.2645	 0.7313	 0.3045	 0.4085	 64.0000	 0.0000	 9999.000	 9999.000	 0.3757	 0.0792	 0.0227	 0.1559	 0.3126	 0.9890	 5.0401	 2.3881	 0.0903	 0.7979	 0.0388	
m70613c1r8.htb	   0.0	  0.03	 2.000	  0.00	  0.00	 50.00	    1.2300	 3.3788	 0.0000	 2.4110	 1.7413	 0.3380	 0.1140	 0.3494	 0.3209	 64.0000	 0.0000	 9999.000	 9999.000	 0.8545	 0.0004	 0.1221	 0.0007	 0.2016	 0.9952	 2.4110	 0.9678	 1.2319	 0.8450	 0.0010	
m70618c1r8.htb	   0.0	  0.03	 2.000	  8.00	  3.00	 30.00	    3.2300	 12.3309	 0.0000	 10.2440	 8.0597	 0.2362	 0.4934	 0.3455	 0.4491	 64.0000	 0.0000	 9999.000	 9999.000	 0.6408	 0.0096	 0.0541	 0.0274	 0.2552	 0.9925	 10.2234	 2.1075	 3.2310	 1.1523	 0.1000	
m70619c1r8.htb	   0.0	  0.03	 2.000	 -5.00	  5.00	 30.00	    6.3000	 2.6059	 0.0000	 1.7737	 1.7910	 0.3500	 0.5284	 0.3310	 0.3834	 64.0000	 0.0000	 9999.000	 9999.000	 0.5627	 0.0199	 0.0455	 0.0436	 0.3852	 0.9837	 1.7729	 0.8330	 6.3011	 1.5536	 0.0192	
m70621c2r8.htb	   0.0	  0.03	 2.000	 -8.00	  5.00	 30.00	    11.3800	 2.6202	 0.0000	 1.5008	 0.8955	 0.3488	 0.9245	 0.2053	 0.4875	 64.0000	 0.0000	 9999.000	 9999.000	 0.4872	 0.0365	 0.0179	 0.2081	 0.2259	 0.9941	 1.5008	 1.1194	 11.3812	 0.2337	 0.0010	
m70622c1r8.htb	   0.0	  0.03	 2.000	  5.00	  8.00	 30.00	    64.0000	 15.4314	 0.0000	 8.7003	 4.4776	 0.4565	 0.0005	 0.4667	 0.6187	 64.0000	 0.0000	 58.240	 9999.000	 0.8491	 0.0004	 0.2396	 0.0000	 0.4820	 0.9752	 8.7003	 6.7512	 75.7603	 2.1819	 0.0010	
m70625c1r8.htb	   0.0	  0.03	 2.000	  8.00	 -8.00	 30.00	    17.6300	 9.0807	 0.0000	 4.9441	 1.6418	 0.5204	 0.0001	 0.4963	 0.4906	 64.0000	 0.0000	 13.380	 9999.000	 0.8878	 0.0001	 0.2748	 0.0000	 0.4448	 0.9787	 4.9438	 4.1369	 17.6297	 1.1901	 0.1000	
m70625c2r8.htb	   0.0	  0.03	 2.000	 -3.00	  5.00	 30.00	    28.6300	 9.7513	 0.0000	 4.5941	 1.9900	 0.5920	 0.0000	 0.5240	 0.5255	 64.0000	 0.0000	 18.500	 9999.000	 0.9070	 0.0001	 0.3472	 0.0000	 0.6135	 0.9616	 4.5941	 5.1573	 28.6314	 0.8812	 0.0010	
m70626c1r8.htb	   0.0	  0.03	 2.000	  8.00	  5.00	 25.00	    11.7500	 3.5619	 0.0000	 1.9658	 1.6915	 0.4074	 0.3688	 0.3180	 0.4147	 64.0000	 0.0000	 9999.000	 9999.000	 0.2447	 0.1758	 0.0241	 0.1443	 0.9615	 0.9156	 1.9658	 1.5961	 11.7537	 0.2132	 0.0861	
m70628c1r8.htb	   0.0	  0.03	 2.000	 -10.00	 -10.00	 30.00	    33.3000	 5.3851	 0.0000	 1.7666	 0.5970	 0.7679	 0.0000	 0.5324	 0.5607	 64.0000	 0.0000	 15.110	 27.650	 0.8421	 0.0005	 0.2851	 0.0000	 1.2475	 0.8702	 1.7666	 3.6185	 33.3033	 0.5130	 0.0010	
m70703c1r8.htb	   0.0	  0.03	 2.000	  0.00	 -10.00	 30.00	    4.2800	 4.0397	 0.0000	 3.1311	 0.8955	 0.3053	 0.5780	 0.3138	 0.4180	 64.0000	 0.0000	 9999.000	 9999.000	 0.3725	 0.0809	 0.0283	 0.1133	 0.4742	 0.9760	 1.8756	 2.1642	 4.2842	 8.0139	 0.0010	
m70703c2r8.htb	   0.0	  0.03	 2.000	  0.00	 -5.00	 30.00	    40.4100	 5.1017	 0.0000	 3.2298	 3.3831	 0.4312	 0.3544	 0.2992	 0.6272	 64.0000	 0.0000	 9999.000	 9999.000	 0.7514	 0.0025	 0.0753	 0.0089	 0.1980	 0.9954	 3.2298	 1.8719	 40.4114	 0.9574	 0.0010	
m70705c1r8.htb	   0.0	  0.03	 2.000	 -8.00	  5.00	 30.00	    18.5400	 1.8152	 0.0000	 0.9153	 0.6468	 0.5349	 0.1984	 0.3583	 0.4487	 64.0000	 0.0000	 9999.000	 9999.000	 0.7930	 0.0013	 0.0979	 0.0027	 0.5897	 0.9642	 0.9153	 0.8999	 18.5363	 1.2676	 0.0010	
m70706c2r8.htb	   0.0	  0.03	 4.000	 -5.00	 -5.00	 30.00	    38.2900	 15.7833	 0.0000	 7.2475	 3.4826	 0.6101	 0.0000	 0.5120	 0.7522	 64.0000	 0.0000	 29.930	 9999.000	 0.9010	 0.0001	 0.3560	 0.0000	 0.5747	 0.9658	 7.2475	 8.5358	 38.2896	 1.2904	 0.0010	
m70709c1r8.htb	   0.0	  0.03	 2.000	 -2.00	  0.00	 30.00	    17.3300	 4.4806	 0.0000	 3.8873	 1.4925	 0.2473	 0.9368	 0.2437	 0.4060	 64.0000	 0.0000	 9999.000	 9999.000	 0.4326	 0.0542	 0.0150	 0.2503	 0.2582	 0.9924	 3.8873	 0.5932	 17.3280	 0.1550	 0.0967	
m70709c2r8.htb	   0.0	  0.03	 2.000	 -8.00	  0.00	 30.00	    64.0000	 5.8215	 0.0000	 4.0539	 2.7861	 0.3280	 0.1299	 0.3931	 0.3614	 64.0000	 0.0000	 9999.000	 9999.000	 0.7250	 0.0036	 0.1004	 0.0023	 0.3750	 0.9845	 2.7625	 3.0597	 73.1460	 5.9305	 0.0303	
m70709c3r8.htb	   0.0	  0.03	 2.000	 -10.00	  6.00	 30.00	    15.5000	 2.3616	 0.0000	 1.2833	 1.1940	 0.5208	 0.2746	 0.3523	 0.4858	 64.0000	 0.0000	 9999.000	 9999.000	 0.5460	 0.0229	 0.0605	 0.0194	 0.4563	 0.9776	 1.2833	 1.0783	 15.5024	 0.4938	 0.0010	
m70710c1r8.htb	 180.0	  0.03	 2.000	 -5.00	 -10.00	 30.00	    12.7500	 7.9213	 0.0000	 3.8482	 2.0398	 0.5455	 0.0000	 0.5387	 0.4079	 64.0000	 0.0000	 10.290	 9999.000	 0.9446	 0.0000	 0.3489	 0.0000	 0.4085	 0.9818	 3.8407	 4.0806	 12.7510	 1.3687	 0.1000	
m70710c2r8.htb	 180.0	  0.03	 2.000	  0.00	  0.00	 30.00	    1.0200	 18.5652	 64.0000	 12.3225	 8.8060	 0.4136	 0.0000	 0.5736	 0.3877	 64.0000	 0.0000	 9999.000	 13.740	 0.7199	 0.0038	 0.2950	 0.0000	 2.1642	 0.7056	 6.7741	 11.7910	 1.0186	 3.2970	 0.1000	
m70711c1r8.htb	   0.0	  0.03	 2.000	  0.00	  8.00	 30.00	    8.5300	 14.8380	 0.0000	 11.9652	 8.7065	 0.2393	 0.0454	 0.3767	 0.4036	 64.0000	 0.0000	 6.510	 26.350	 0.5622	 0.0200	 0.0965	 0.0029	 1.0438	 0.9031	 11.9626	 2.8754	 8.5326	 1.1888	 0.1000	
m70711c2r8.htb	   0.0	  0.03	 2.000	 -5.00	  5.00	 30.00	    47.2600	 9.6005	 0.0000	 6.1778	 3.0348	 0.4031	 0.0018	 0.4318	 0.4611	 64.0000	 0.0000	 27.700	 9999.000	 0.7673	 0.0020	 0.1948	 0.0000	 0.8066	 0.9376	 6.1778	 3.4226	 47.2631	 0.7487	 0.0010	
m70712c1r8.htb	   0.0	  0.03	 2.000	 -5.00	  5.00	 30.00	    46.9200	 15.2381	 0.0000	 6.1596	 1.8905	 0.6246	 0.0000	 0.6226	 0.4686	 64.0000	 0.0000	 38.180	 9999.000	 0.9715	 0.0000	 0.6001	 0.0000	 0.4824	 0.9752	 6.1589	 9.0792	 46.9222	 1.4181	 0.1000	
m70717c3r8.htb	   0.0	  0.03	 2.000	  0.00	  5.00	 30.00	    64.0000	 5.2104	 0.0000	 2.0448	 1.5920	 0.5913	 0.0118	 0.4423	 0.5825	 64.0000	 0.0000	 59.560	 9999.000	 0.9190	 0.0000	 0.1918	 0.0000	 0.1593	 0.9970	 2.0427	 3.4724	 256.0000	 3.2345	 0.0010	
m70718c1r8.htb	   0.0	  0.03	 2.000	  2.00	  5.00	 30.00	    3.1300	 23.4755	 0.0000	 16.4606	 5.3731	 0.2333	 0.2406	 0.3577	 0.5153	 64.0000	 0.0000	 9999.000	 9999.000	 0.5122	 0.0301	 0.0595	 0.0205	 0.5083	 0.9727	 16.4606	 7.0149	 3.1324	 0.2012	 0.1000	
m70718c2r8.htb	  90.0	  0.03	 2.000	  0.00	 -5.00	 30.00	    20.0700	 14.1501	 0.0000	 7.9169	 6.3184	 0.4513	 0.0000	 0.5084	 0.4594	 64.0000	 0.0000	 11.930	 29.090	 0.9736	 0.0000	 0.3942	 0.0000	 0.1709	 0.9966	 7.9169	 6.2332	 20.0657	 0.7582	 0.1000	
m70718c3r8.htb	  90.0	  0.03	 2.000	  0.00	  2.00	 30.00	    64.0000	 2.5404	 0.0000	 0.8408	 0.7960	 0.7251	 0.0000	 0.4600	 0.5356	 64.0000	 0.0000	 40.720	 9999.000	 0.9043	 0.0001	 0.1663	 0.0000	 0.2866	 0.9907	 0.8408	 1.7272	 76.5466	 0.9962	 0.1000	
m70719c1r8.htb	  90.0	  0.03	 2.000	  5.00	  5.00	 30.00	    31.8600	 30.0255	 0.0000	 17.1507	 8.2587	 0.4337	 0.0000	 0.6273	 0.4078	 64.0000	 0.0000	 29.640	 9999.000	 0.9542	 0.0000	 0.5667	 0.0000	 0.5736	 0.9659	 16.5807	 13.4448	 31.8619	 2.2937	 0.1000	
m70719c2r8.htb	  90.0	  0.03	 2.000	 -5.00	  0.00	 30.00	    19.3400	 33.1903	 0.0000	 19.0586	 12.5871	 0.4362	 0.0000	 0.6214	 0.4560	 64.0000	 0.0000	 18.060	 9999.000	 0.9592	 0.0000	 0.5089	 0.0000	 0.7927	 0.9394	 18.3166	 14.8737	 19.3424	 2.3449	 0.0623	
m70719c3r8.htb	  90.0	  0.03	 2.000	 -5.00	 -5.00	 30.00	    64.0000	 26.2904	 0.0000	 15.4209	 10.9950	 0.3771	 0.2182	 0.3625	 1.1054	 64.0000	 0.0000	 9999.000	 9999.000	 0.8928	 0.0001	 0.1070	 0.0016	 0.1156	 0.9984	 15.2012	 11.4848	 125.3593	 2.5363	 0.1000	
m70720c1r8.htb	  90.0	  0.03	 2.000	 -5.00	  0.00	 30.00	    64.0000	 21.9467	 0.0000	 17.0945	 7.2139	 0.2591	 0.0502	 0.4309	 0.4456	 64.0000	 0.0000	 9999.000	 9999.000	 0.6789	 0.0063	 0.1144	 0.0011	 0.5819	 0.9651	 12.9230	 9.0299	 89.9153	 9.1782	 0.0010	
m70720c2r8.htb	   0.0	  0.03	 2.000	 -5.00	 -2.00	 30.00	    11.2200	 27.7168	 0.0000	 17.6743	 7.9602	 0.3342	 0.0000	 0.4271	 0.6968	 64.0000	 0.0000	 9.600	 9999.000	 0.9040	 0.0001	 0.1979	 0.0000	 0.2147	 0.9946	 17.6743	 10.0425	 11.2212	 1.6370	 0.0010	
m70723c1r8.htb	   0.0	  0.03	 2.000	 -8.00	 -8.00	 30.00	    12.2200	 3.6103	 0.0000	 2.2921	 1.6915	 0.4145	 0.0014	 0.3375	 0.4732	 64.0000	 0.0000	 8.300	 25.380	 0.5972	 0.0146	 0.0806	 0.0001	 0.6479	 0.9576	 2.2921	 1.3183	 12.2244	 0.9492	 0.1000	
m70730c1r8.htb	   0.0	  0.03	 2.000	 -5.00	  0.00	 30.00	    8.9600	 9.7956	 0.0000	 3.5499	 0.8955	 0.6224	 0.0000	 0.5581	 0.4866	 64.0000	 0.0000	 7.600	 46.600	 0.8889	 0.0001	 0.3683	 0.0000	 0.4938	 0.9741	 3.4529	 6.3427	 8.9619	 1.5586	 0.1000	
m70730c2r8.htb	   0.0	  0.03	 2.000	  0.00	 -5.00	 30.00	    0.6700	 20.9613	 0.0000	 16.3894	 6.6667	 0.2089	 0.0619	 0.3979	 0.3737	 64.0000	 0.0000	 9999.000	 9999.000	 0.4750	 0.0400	 0.0771	 0.0081	 0.9495	 0.9173	 16.3894	 4.5719	 0.6696	 0.2638	 0.0010	
m70731c1r8.htb	   0.0	  0.03	 2.000	 -2.00	  0.00	 30.00	    16.5000	 6.2226	 0.0000	 2.7044	 0.6965	 0.5735	 0.0000	 0.5306	 0.4073	 64.0000	 0.0000	 13.260	 9999.000	 0.8924	 0.0001	 0.3630	 0.0000	 0.7769	 0.9415	 2.7044	 3.5183	 16.5039	 1.3793	 0.0010	
m70731c2r8.htb	   0.0	  0.03	 2.000	  2.00	 -7.00	 25.00	    14.1600	 11.4153	 0.0000	 6.8995	 5.0249	 0.4958	 0.0003	 0.5034	 0.4812	 64.0000	 0.0000	 8.900	 23.600	 0.8750	 0.0002	 0.2557	 0.0000	 1.0443	 0.9030	 6.8995	 4.5158	 14.1599	 0.8289	 0.1000	
m70801c2r8.htb	   0.0	  0.03	 2.000	 -5.00	 -7.00	 30.00	    0.8200	 17.4243	 64.0000	 14.0978	 11.1940	 0.2356	 0.6594	 0.3034	 0.6386	 64.0000	 0.0000	 9999.000	 9999.000	 0.7945	 0.0013	 0.0538	 0.0278	 0.1224	 0.9982	 11.0064	 6.4179	 0.8187	 3.5704	 0.0368	
m70801c3r8.htb	   0.0	  0.03	 2.000	  5.00	  5.00	 25.00	    7.8000	 45.9288	 0.0000	 25.7793	 5.3234	 0.4219	 0.0000	 0.5580	 0.6515	 64.0000	 0.0000	 6.130	 27.120	 0.9752	 0.0000	 0.4510	 0.0000	 0.1789	 0.9962	 25.7265	 20.2022	 7.8001	 1.2668	 0.1000	
m70802c1r8.htb	   0.0	  0.03	 2.000	 -8.00	 -7.00	 30.00	    2.9900	 13.3966	 0.0000	 9.2137	 1.9403	 0.3217	 0.1744	 0.3496	 0.6946	 64.0000	 0.0000	 9999.000	 9999.000	 0.7354	 0.0031	 0.0942	 0.0033	 0.5328	 0.9702	 9.0009	 4.3956	 2.9940	 1.3946	 0.1000	
m70802c2r8.htb	   0.0	  0.03	 2.000	  2.00	 -2.00	 30.00	    7.7900	 26.2900	 0.0000	 13.0530	 2.6866	 0.4593	 0.0000	 0.5460	 0.5784	 64.0000	 0.0000	 6.710	 44.430	 0.8857	 0.0002	 0.3988	 0.0000	 2.0108	 0.7338	 12.6607	 13.6292	 7.7937	 1.6400	 0.1000	
m70803c1r8.htb	   0.0	  0.03	 2.000	 -7.00	  7.00	 25.00	    0.1500	 1.9802	 64.0000	 0.4205	 0.1990	 0.7333	 0.1531	 0.3202	 0.8196	 64.0000	 0.0000	 9999.000	 9999.000	 0.7174	 0.0040	 0.0953	 0.0031	 0.2066	 0.9950	 0.3357	 1.6445	 0.1493	 2.2789	 0.1000	
m70803c2r8.htb	   0.0	  0.03	 2.000	 -10.00	 -3.00	 30.00	    9.4700	 13.5599	 0.0000	 8.5069	 3.8806	 0.4272	 0.0715	 0.3985	 0.7024	 64.0000	 0.0000	 9999.000	 9999.000	 0.6489	 0.0088	 0.1024	 0.0021	 0.5208	 0.9714	 8.4648	 5.0951	 9.4749	 2.9565	 0.0010	
m70806c1r8.htb	   0.0	  0.03	 2.000	  7.00	  3.00	 25.00	    33.8000	 5.1078	 0.0000	 0.9681	 0.1990	 0.8413	 0.0000	 0.6334	 0.4541	 256.0000	 0.0000	 29.820	 9999.000	 0.8954	 0.0000	 0.4528	 0.0000	 1.4098	 0.9653	 0.9458	 4.1620	 33.7996	 1.8018	 0.1000	
m70807c1r8.htb	   0.0	  0.03	 2.000	  0.00	  0.00	 30.00	    21.6900	 14.6208	 0.0000	 5.8396	 2.7861	 0.6258	 0.0000	 0.6557	 0.4170	 64.0000	 0.0000	 19.990	 9999.000	 0.9674	 0.0000	 0.5552	 0.0000	 0.4378	 0.9793	 5.3963	 9.2245	 21.6930	 2.1853	 0.1000	
m70809c1r8.htb	 180.0	  0.03	 2.000	  0.00	  2.00	 35.00	    18.2100	 8.6841	 0.0000	 5.6876	 1.6915	 0.3955	 0.0004	 0.4531	 0.3975	 256.0000	 0.0000	 14.010	 59.450	 0.7895	 0.0003	 0.2129	 0.0000	 0.9597	 0.9871	 5.6873	 2.9969	 18.2142	 1.2280	 0.1000	
m70809c2r8.htb	 180.0	  0.03	 2.000	  0.00	 -5.00	 25.00	    20.8400	 14.9411	 0.0000	 7.0426	 1.9900	 0.5968	 0.0000	 0.5742	 0.5344	 64.0000	 0.0000	 16.550	 9999.000	 0.9477	 0.0000	 0.4185	 0.0000	 0.5363	 0.9699	 7.0403	 7.9008	 20.8362	 1.3240	 0.1000	
m70810c1r8.htb	  90.0	  0.03	 2.000	  0.00	  0.00	 30.00	    10.2200	 6.9274	 0.0000	 3.1123	 0.6965	 0.5211	 0.0001	 0.4915	 0.4861	 64.0000	 0.0000	 6.660	 18.650	 0.9582	 0.0000	 0.3055	 0.0000	 0.2771	 0.9912	 3.1123	 3.8151	 10.2158	 0.8765	 0.1000	
m70815c1r8.htb	   0.0	  0.03	 2.000	  0.00	  0.00	 25.00	    6.9400	 9.5999	 0.0000	 5.8622	 1.2935	 0.3993	 0.0045	 0.3752	 0.5518	 64.0000	 0.0000	 5.250	 21.290	 0.8883	 0.0001	 0.1439	 0.0000	 0.2239	 0.9942	 5.8622	 3.7378	 6.9437	 1.1907	 0.0010	
m70816c1r8.htb	   0.0	  0.03	 2.000	  6.00	  5.00	 25.00	    3.5900	 8.2872	 0.0000	 5.5823	 1.0448	 0.3723	 0.5680	 0.2977	 0.6475	 64.0000	 0.0000	 9999.000	 9999.000	 0.8405	 0.0005	 0.0646	 0.0156	 0.0743	 0.9993	 3.5658	 4.7214	 3.5892	 2.7660	 0.1000	
m70817c1r8.htb	 180.0	  0.03	 2.000	  3.00	  0.00	 40.00	    0.1300	 7.3134	 64.0000	 2.1839	 3.3831	 0.6759	 0.0000	 0.5675	 0.4699	 64.0000	 0.0000	 9999.000	 5.290	 0.9518	 0.0000	 0.4011	 0.0000	 0.4556	 0.9777	 0.0000	 7.3134	 0.1323	 3.9522	 0.0050	
m70820c1r8.htb	 180.0	  0.03	 2.000	  0.00	  0.00	 35.00	    2.4100	 24.2307	 64.0000	 19.1597	 7.6617	 0.2421	 0.5157	 0.3098	 0.7504	 64.0000	 0.0000	 9999.000	 9999.000	 0.7269	 0.0035	 0.0597	 0.0203	 0.1959	 0.9955	 19.1568	 5.0740	 2.4135	 0.8389	 0.1000	
m70821c1r8.htb	 180.0	  0.03	 2.000	  0.00	  0.00	 40.00	    6.5600	 13.6117	 0.0000	 9.1515	 5.3234	 0.3392	 0.0002	 0.4761	 0.3908	 64.0000	 0.0000	 5.140	 23.380	 0.8409	 0.0005	 0.2501	 0.0000	 0.4012	 0.9824	 9.1515	 4.4602	 6.5619	 1.2886	 0.0010	
m70822c1r8.htb	 180.0	  0.03	 2.000	 -5.00	 -7.00	 30.00	    23.0800	 9.0788	 0.0000	 4.3773	 1.6915	 0.4961	 0.0020	 0.4767	 0.4114	 64.0000	 0.0000	 5.690	 7.540	 0.4112	 0.0627	 0.1034	 0.0020	 1.5840	 0.8117	 4.3773	 4.7015	 23.0807	 0.2387	 0.1000	
m70823c1r8.htb	 180.0	  0.03	 2.000	  0.00	 -7.00	 20.00	    19.5000	 5.2694	 0.0000	 2.5288	 0.2985	 0.6019	 0.0259	 0.4444	 0.5206	 64.0000	 0.0000	 8.870	 16.170	 0.9102	 0.0001	 0.1708	 0.0001	 0.3677	 0.9850	 2.5288	 2.7406	 19.4981	 0.5105	 0.1000	
m70824c1r8.htb	   0.0	  0.03	 2.000	  0.00	  0.00	 20.00	    1.8100	 18.9371	 0.0000	 13.6278	 4.1791	 0.3324	 0.0036	 0.4634	 0.4552	 64.0000	 0.0000	 0.230	 0.260	 0.3938	 0.0704	 0.0939	 0.0033	 2.2302	 0.6935	 13.6278	 5.3096	 1.8122	 0.1049	 0.0581	
m70827c1r8.htb	   0.0	  0.03	 2.000	  0.00	 -5.00	 25.00	    9.5900	 13.1910	 0.0000	 7.0567	 1.0448	 0.4498	 0.0199	 0.4482	 0.6133	 64.0000	 0.0000	 8.510	 9999.000	 0.9884	 0.0000	 0.1925	 0.0000	 0.0433	 0.9998	 6.7720	 6.4189	 9.5868	 1.8321	 0.1000	
m70828c1r8.htb	   0.0	  0.03	 2.000	 -5.00	 -10.00	 25.00	    7.2800	 6.2878	 0.0000	 2.8563	 0.6468	 0.5512	 0.0001	 0.4614	 0.5166	 64.0000	 0.0000	 4.850	 14.370	 0.7962	 0.0012	 0.2526	 0.0000	 0.7964	 0.9389	 2.8563	 3.4314	 7.2791	 0.9250	 0.0010	
m70831c1r8.htb	 180.0	  0.03	 2.000	  5.00	 -7.00	 30.00	    9.6500	 25.6057	 0.0000	 14.4452	 4.8756	 0.4283	 0.0000	 0.5399	 0.5462	 64.0000	 0.0000	 8.480	 9999.000	 0.8912	 0.0001	 0.3476	 0.0000	 0.6025	 0.9628	 14.4452	 11.1605	 9.6521	 1.7838	 0.0010	
m70905c1r8.htb	 180.0	  0.03	 2.000	  0.00	  0.00	 40.00	    5.2200	 14.6727	 0.0000	 8.9705	 4.0299	 0.4000	 0.0041	 0.4738	 0.5034	 64.0000	 0.0000	 4.660	 42.460	 0.8422	 0.0005	 0.1980	 0.0000	 0.4298	 0.9800	 8.9703	 5.7024	 5.2205	 1.8782	 0.0010	
