FILE			 PrfOR	 PrfSF	 PrfTF	 RFXctr	 RFYctr	 RFDiam	 GrType	 MaxLoc	 MaxRsp	 MinLoc	 MinRsp	 Spont	 SFMI		 AnovaP	 SFDI  	 VarTerm	 MaxX 	 MinX 	 SFHWHM	 RsqMn	 PMean	 RsqRaw	 Praw		 Chi2		 ChiP		 Brat		 Ampl		 Peak		 SD		 Offst		
m60112c1r3.htb	  30.0	  0.05	 2.000	  0.00	  0.00	 30.00	   0.0	 0.0340	 27.55	 1.6000	  7.65	  6.88	 0.963	 0.00000000	 0.761	  0.417	  1.60	  0.03	  0.0550	 0.9811	 0.00001686	 0.8804	 0.00000000	 1.5684	 0.45647487	  7.65	 19.90	 0.0342	 0.7952	 0.0001	
m60112c1r3.htb	  30.0	  0.05	 2.000	  0.00	  0.00	 30.00	   1.0	 0.0250	 25.10	 1.6000	  4.60	  6.88	 1.042	 0.00000000	 0.750	  0.554	  1.60	  0.03	  0.1120	 0.9123	 0.00079920	 0.7807	 0.00000000	 6.2107	 0.04480853	  4.26	 20.84	 0.0250	 1.4519	 0.0001	
m60112c2r4.htb	  30.0	  0.05	 2.000	  8.00	  5.00	 30.00	   0.0	 0.0250	 16.33	 1.6000	  5.33	  6.74	 1.158	 0.00009363	 0.425	  1.344	  1.60	  0.03	  0.0990	 0.7689	 0.00954864	 0.3221	 0.00000414	 0.6732	 0.71419365	  5.23	 11.10	 0.0250	 1.3532	 0.0001	
m60112c2r4.htb	  30.0	  0.05	 2.000	  8.00	  5.00	 30.00	   1.0	 0.0250	 20.58	 1.6000	  6.30	  6.74	 1.073	 0.00002977	 0.462	  1.410	  1.60	  0.03	  0.0490	 0.9315	 0.00042839	 0.4156	 0.00000006	 0.1727	 0.91728468	  6.30	 14.28	 0.0250	 0.9037	 0.0001	
m60117c1r4.htb	  90.0	  0.03	 2.000	  0.00	  0.00	 30.00	   0.0	 0.0250	 14.61	 1.6000	  8.23	  6.92	 0.830	 0.00007255	 0.501	  0.585	  1.60	  0.03	  0.0400	 0.9281	 0.00048357	 0.3280	 0.00000018	 0.2473	 0.88368566	  8.23	  6.39	 0.0250	 0.7881	 0.0001	
m60117c1r4.htb	  90.0	  0.03	 2.000	  0.00	  0.00	 30.00	   1.0	 0.0250	 19.03	 1.6000	  7.15	  6.92	 0.937	 0.00000000	 0.636	  0.604	  1.60	  0.03	  0.0250	 0.9665	 0.00007040	 0.5895	 0.00000000	 0.4486	 0.79907974	  7.15	 11.88	 0.0250	 0.5614	 0.0001	
m60119c1r2.htb	  30.0	  0.50	 2.000	  0.00	  0.00	 30.00	   0.0	 0.0250	 16.08	 0.0640	  8.90	  9.45	 1.083	 0.00140734	 0.465	  0.697	  1.60	  0.03	  0.0050	 0.9618	 0.00009829	 0.2726	 0.00000356	 0.1795	 0.91414833	  8.90	  7.18	 0.0250	 0.1077	 0.0001	
m60119c1r2.htb	  30.0	  0.50	 2.000	  0.00	  0.00	 30.00	   1.0	 0.0250	 19.08	 0.0680	 10.48	  9.45	 0.954	 0.00005068	 0.496	  0.653	  1.60	  0.03	  0.0050	 0.9233	 0.00056996	 0.3365	 0.00000014	 0.6145	 0.73547100	 10.48	  8.60	 0.0250	 0.1140	 0.0002	
m60119c2r2.htb	  30.0	  0.03	 6.000	  0.00	 10.00	 40.00	   0.0	 0.0250	 14.95	 1.6000	  7.70	  7.46	 0.968	 0.00164499	 0.426	  0.826	  1.60	  0.03	  0.0440	 0.9261	 0.00051768	 0.2586	 0.00000695	 0.1310	 0.93658742	  7.70	  7.25	 0.0250	 0.8401	 0.0001	
m60119c2r2.htb	  30.0	  0.03	 6.000	  0.00	 10.00	 40.00	   1.0	 0.0370	 15.02	 1.6000	  7.93	  7.46	 0.953	 0.00141492	 0.435	  0.804	  1.60	  0.03	  0.0340	 0.8432	 0.00350964	 0.2389	 0.00001764	 1.3239	 0.51584612	  7.93	  7.08	 0.0372	 0.4438	 0.0100	
m60124c1r3.htb	   0.0	  0.03	 2.000	  0.00	 10.00	 70.00	   0.0	 0.0250	 13.54	 1.6000	  3.38	  3.53	 1.015	 0.00000000	 0.671	  0.522	  1.60	  0.03	  0.0510	 0.9656	 0.00007555	 0.7199	 0.00000000	 0.8502	 0.65371002	  3.38	 10.16	 0.0250	 0.9274	 0.0001	
m60124c1r3.htb	   0.0	  0.03	 2.000	  0.00	 10.00	 70.00	   1.0	 0.0250	 15.42	 1.6000	  3.84	  3.53	 0.991	 0.00000000	 0.704	  0.560	  1.60	  0.03	  0.0410	 0.9421	 0.00027985	 0.6844	 0.00000000	 1.3781	 0.50205737	  3.84	 11.58	 0.0250	 0.8075	 0.0001	
m60124c2r3.htb	   0.0	  0.03	 4.000	  0.00	 10.00	 70.00	   0.0	 0.0250	  4.80	 0.3220	  1.00	  1.42	 1.126	 0.00000437	 0.607	  0.481	  1.60	  0.03	  0.0120	 0.8727	 0.00205817	 0.4957	 0.00000003	 3.3068	 0.19139337	  1.00	  3.81	 0.0250	 0.2898	 0.0001	
m60124c2r3.htb	   0.0	  0.03	 4.000	  0.00	 10.00	 70.00	   1.0	 0.0260	  3.86	 0.0710	  1.50	  1.42	 1.072	 0.02425468	 0.484	  0.511	  1.60	  0.03	  0.0060	 0.8652	 0.00238492	 0.2609	 0.00028636	 0.4800	 0.78661131	  1.50	  2.36	 0.0263	 0.0923	 0.0100	
m60124c3r6.htb	   0.0	  0.03	 4.000	  0.00	 10.00	 70.00	   0.0	 0.0340	  9.53	 1.2740	  5.67	  6.47	 1.260	 0.28954824	 0.340	  0.609	  1.60	  0.03	  0.0240	 0.9863	 0.00000744	 0.1586	 0.00556534	 0.0385	 0.98091256	  5.67	  3.86	 0.0343	 0.4216	 0.0001	
m60124c3r6.htb	   0.0	  0.03	 4.000	  0.00	 10.00	 70.00	   1.0	 0.0330	 11.15	 0.3670	  5.58	  6.47	 1.211	 0.06111081	 0.466	  0.522	  1.60	  0.03	  0.0150	 0.9098	 0.00085671	 0.2225	 0.00071332	 0.4610	 0.79415322	  5.58	  5.58	 0.0326	 0.2630	 0.0061	
m60124c4r2.htb	   0.0	  0.03	 4.000	 10.00	 -5.00	 70.00	   0.0	 0.0250	  1.82	 1.6000	  0.03	  0.20	 1.104	 0.00139212	 0.606	  0.463	  1.60	  0.03	  0.0460	 0.8196	 0.00503092	 0.4920	 0.00002245	 1.1383	 0.56599593	  0.03	  1.79	 0.0250	 0.8650	 0.0001	
m60124c4r2.htb	   0.0	  0.03	 4.000	 10.00	 -5.00	 70.00	   1.0	 0.0250	  2.87	 1.6000	  0.11	  0.20	 1.052	 0.00000003	 0.685	  0.360	  1.60	  0.03	  0.0260	 0.9744	 0.00003600	 0.8390	 0.00000000	 1.2707	 0.52973999	  0.11	  2.76	 0.0250	 0.5843	 0.0001	
m60124c5r1.htb	   0.0	  0.03	 4.000	  0.00	  0.00	 70.00	   0.0	 0.0250	 12.98	 1.6000	  6.07	  5.97	 0.986	 0.00055137	 0.573	  0.635	  1.60	  0.03	  0.0460	 0.8241	 0.00471769	 0.4525	 0.00000698	 2.5093	 0.28517907	  6.07	  6.91	 0.0250	 0.8609	 0.0001	
m60124c5r1.htb	   0.0	  0.03	 4.000	  0.00	  0.00	 70.00	   1.0	 0.0290	 10.80	 1.6000	  6.85	  5.97	 0.932	 0.16024219	 0.454	  0.559	  1.60	  0.03	  0.0550	 0.7306	 0.01425252	 0.1897	 0.00792635	 1.6928	 0.42895890	  6.85	  3.96	 0.0287	 0.7406	 0.0100	
m60213c2r2.htb	  30.0	  0.03	 2.000	  0.00	 15.00	 50.00	   0.0	 0.0250	  9.10	 1.6000	  0.69	  0.85	 1.019	 0.00000000	 0.652	  0.623	  1.60	  0.03	  0.0250	 0.9882	 0.00000520	 0.6182	 0.00000000	 0.5617	 0.75515970	  0.69	  8.41	 0.0250	 0.5619	 0.0001	
m60213c2r2.htb	  30.0	  0.03	 2.000	  0.00	 15.00	 50.00	   1.0	 0.0250	 10.14	 0.9990	  0.94	  0.85	 1.003	 0.00000000	 0.677	  0.573	  1.60	  0.03	  0.0170	 0.9976	 0.00000009	 0.6771	 0.00000000	 0.4623	 0.79363411	  0.94	  9.20	 0.0250	 0.4137	 0.0001	
m60213c3r2.htb	 120.0	  0.03	 2.000	  8.00	  0.00	 50.00	   0.0	 0.0290	 21.78	 1.6000	  2.93	  2.49	 0.977	 0.00000000	 0.689	  0.685	  1.60	  0.03	  0.0310	 0.9984	 0.00000004	 0.7959	 0.00000000	 0.1171	 0.94312863	  2.93	 18.85	 0.0289	 0.4869	 0.0100	
m60213c3r2.htb	 120.0	  0.03	 2.000	  8.00	  0.00	 50.00	   1.0	 0.0270	 23.15	 1.6000	  3.38	  2.49	 0.966	 0.00000000	 0.737	  0.565	  1.60	  0.03	  0.0330	 0.9981	 0.00000005	 0.8570	 0.00000000	 0.2867	 0.86645076	  3.38	 19.77	 0.0271	 0.6458	 0.0001	
m60213c4r2.htb	   0.0	  0.03	 4.000	  5.00	 12.00	 50.00	   0.0	 0.0250	  6.92	 1.6000	  1.32	  1.45	 1.024	 0.00000000	 0.572	  0.643	  1.60	  0.03	  0.0400	 0.9514	 0.00018026	 0.4800	 0.00000000	 0.2841	 0.86758921	  1.32	  5.59	 0.0250	 0.7874	 0.0001	
m60213c4r2.htb	   0.0	  0.03	 4.000	  5.00	 12.00	 50.00	   1.0	 0.0330	 11.44	 0.2710	  1.69	  1.45	 0.987	 0.00000000	 0.587	  0.571	  1.60	  0.03	  0.0140	 0.9769	 0.00002788	 0.4992	 0.00000000	 0.4524	 0.79754176	  1.69	  9.76	 0.0334	 0.2125	 0.0094	
m60220c1r2.htb	  30.0	  0.05	 2.000	  5.00	  8.00	 60.00	   0.0	 0.0250	  4.47	 1.6000	  1.17	  1.49	 1.107	 0.00000000	 0.606	  0.432	  1.60	  0.03	  0.0550	 0.8664	 0.00232937	 0.4914	 0.00000000	 0.8792	 0.64430481	  1.17	  3.29	 0.0250	 0.9673	 0.0001	
m60220c1r2.htb	  30.0	  0.05	 2.000	  5.00	  8.00	 60.00	   1.0	 0.0250	  5.10	 1.6000	  1.62	  1.49	 1.021	 0.00000000	 0.593	  0.397	  1.60	  0.03	  0.0310	 0.9264	 0.00051239	 0.5214	 0.00000000	 0.5655	 0.75370146	  1.62	  3.48	 0.0250	 0.6555	 0.0001	
m60317c1r2.htb	  30.0	  0.03	 2.000	  0.00	  0.00	 40.00	   0.0	 0.0250	  4.73	 1.0570	  1.44	  1.59	 1.049	 0.00000001	 0.584	  0.503	  1.60	  0.03	  0.0180	 0.8930	 0.00132478	 0.4681	 0.00000000	 0.6621	 0.71817798	  1.44	  3.29	 0.0250	 0.4294	 0.0001	
m60317c1r2.htb	  30.0	  0.03	 2.000	  0.00	  0.00	 40.00	   1.0	 0.0250	  4.71	 1.2280	  1.41	  1.59	 1.053	 0.00000029	 0.501	  0.579	  1.60	  0.03	  0.0190	 0.8987	 0.00115242	 0.4212	 0.00000000	 0.3737	 0.82956657	  1.41	  3.30	 0.0250	 0.4466	 0.0001	
m60317c2r2.htb	  30.0	  0.03	 2.000	 -5.00	  5.00	 50.00	   0.0	 0.0270	 23.49	 1.6000	 10.28	 10.15	 0.990	 0.00000000	 0.614	  0.592	  1.60	  0.03	  0.0310	 0.9729	 0.00004138	 0.5637	 0.00000000	 0.5936	 0.74318049	 10.28	 13.21	 0.0270	 0.6176	 0.0001	
m60317c2r2.htb	  30.0	  0.03	 2.000	 -5.00	  5.00	 50.00	   1.0	 0.0250	 23.53	 1.0660	 10.92	 10.15	 0.966	 0.00000004	 0.597	  0.650	  1.60	  0.03	  0.0180	 0.8960	 0.00123008	 0.4498	 0.00000000	 1.0457	 0.59283748	 10.92	 12.61	 0.0250	 0.4347	 0.0001	
m60404c2r2.htb	   0.0	  0.03	 2.000	  0.00	  0.00	 40.00	   0.0	 0.0310	 13.63	 1.6000	  5.43	  6.57	 1.161	 0.00000000	 0.604	  0.458	  1.60	  0.03	  0.0380	 0.9899	 0.00000352	 0.6596	 0.00000000	 0.0695	 0.96582647	  5.43	  8.20	 0.0313	 0.5373	 0.0100	
m60404c2r2.htb	   0.0	  0.03	 2.000	  0.00	  0.00	 40.00	   1.0	 0.0280	 13.13	 1.6000	  6.28	  6.57	 1.107	 0.00000009	 0.538	  0.524	  1.60	  0.03	  0.0270	 0.9689	 0.00005840	 0.4748	 0.00000000	 0.1870	 0.91074953	  6.28	  6.85	 0.0284	 0.5377	 0.0001	
m60407c1r2.htb	   0.0	  0.03	 2.000	  0.00	 -5.00	 40.00	   0.0	 0.0330	  6.06	 1.6000	  2.18	  2.44	 1.070	 0.02229687	 0.361	  0.939	  1.60	  0.03	  0.0320	 0.9635	 0.00008781	 0.1958	 0.00012558	 0.1729	 0.91719382	  2.18	  3.88	 0.0330	 0.5579	 0.0001	
m60407c1r2.htb	   0.0	  0.03	 2.000	  0.00	 -5.00	 40.00	   1.0	 0.0330	  5.76	 1.6000	  1.33	  2.44	 1.373	 0.00290690	 0.478	  0.851	  1.60	  0.03	  0.2760	 0.9089	 0.00087853	 0.2398	 0.00001694	 0.2526	 0.88132932	  0.00	  5.76	 0.0328	 2.2670	 0.0001	
m60407c2r2.htb	   0.0	  0.03	 2.000	  5.00	  0.00	 40.00	   0.0	 0.0250	 22.22	 1.6000	 14.26	 14.58	 1.043	 0.00011000	 0.506	  0.564	  1.60	  0.03	  0.0640	 0.8841	 0.00162144	 0.3065	 0.00000066	 0.4486	 0.79907520	 14.25	  7.97	 0.0250	 1.0613	 0.0001	
m60407c2r2.htb	   0.0	  0.03	 2.000	  5.00	  0.00	 40.00	   1.0	 0.0250	 20.81	 1.6000	 15.03	 14.58	 1.114	 0.04901219	 0.410	  0.558	  1.60	  0.03	  0.2540	 0.9100	 0.00085290	 0.1610	 0.00057614	 0.1304	 0.93688411	 13.20	  7.61	 0.0250	 2.4597	 0.0001	
m60407c3r2.htb	   0.0	  0.03	 2.000	  0.00	 -20.00	 40.00	   0.0	 0.0250	  5.24	 0.0260	  2.63	  3.08	 1.213	 0.01327461	 0.411	  0.593	  1.60	  0.03	  0.0020	 0.8982	 0.00116602	 0.1971	 0.00011808	 0.2322	 0.89040632	  2.63	  2.61	 0.0250	 0.0001	 0.0001	
m60407c3r2.htb	   0.0	  0.03	 2.000	  0.00	 -20.00	 40.00	   1.0	 0.0250	  5.62	 0.4960	  2.66	  3.08	 1.186	 0.00173400	 0.457	  0.562	  1.60	  0.03	  0.0140	 0.8710	 0.00213137	 0.2420	 0.00001524	 0.5674	 0.75297774	  2.66	  2.95	 0.0250	 0.3461	 0.0001	
m60407c4r2.htb	   0.0	  0.03	 2.000	 15.00	 -10.00	 50.00	   0.0	 0.0250	 14.18	 1.6000	  4.94	  3.58	 0.871	 0.00000002	 0.585	  0.656	  1.60	  0.03	  0.0430	 0.9577	 0.00012706	 0.4917	 0.00000000	 0.3283	 0.84859530	  4.94	  9.23	 0.0250	 0.8279	 0.0001	
m60407c4r2.htb	   0.0	  0.03	 2.000	 15.00	 -10.00	 50.00	   1.0	 0.0250	 18.24	 1.6000	  5.58	  3.58	 0.867	 0.00000000	 0.584	  0.703	  1.60	  0.03	  0.0270	 0.9981	 0.00000005	 0.5691	 0.00000000	 0.0189	 0.99059542	  5.58	 12.66	 0.0250	 0.6036	 0.0001	
m60407c5r2.htb	   0.0	  0.03	 2.000	 10.00	 -10.00	 40.00	   0.0	 0.0410	 15.00	 1.6000	  3.17	  4.78	 1.160	 0.00000000	 0.611	  0.659	  1.60	  0.03	  0.1180	 0.9919	 0.00000198	 0.5821	 0.00000000	 0.1384	 0.93313992	  3.14	 11.86	 0.0413	 1.0072	 0.0100	
m60407c5r2.htb	   0.0	  0.03	 2.000	 10.00	 -10.00	 40.00	   1.0	 0.0460	 17.37	 1.6000	  2.86	  4.78	 1.156	 0.00000000	 0.694	  0.589	  1.60	  0.03	  0.0840	 0.9796	 0.00002038	 0.7132	 0.00000000	 0.9813	 0.61221651	  2.85	 14.51	 0.0463	 0.8658	 0.0001	
m60413c3r2.htb	   0.0	  0.03	 2.000	  5.00	 -20.00	 50.00	   0.0	 0.0370	 25.03	 1.6000	 13.75	 12.14	 0.875	 0.00000000	 0.607	  0.522	  1.60	  0.03	  0.0610	 0.8657	 0.00236217	 0.5199	 0.00000000	 1.1848	 0.55300080	 13.75	 11.28	 0.0370	 0.6908	 0.0100	
m60413c3r2.htb	   0.0	  0.03	 2.000	  5.00	 -20.00	 50.00	   1.0	 0.0360	 25.81	 1.6000	 16.40	 12.14	 0.776	 0.00000000	 0.567	  0.386	  1.60	  0.03	  0.0420	 0.9717	 0.00004621	 0.5638	 0.00000000	 0.9593	 0.61899519	 16.40	  9.42	 0.0356	 0.5416	 0.0100	
m60413c4r2.htb	   0.0	  0.03	 2.000	 -10.00	 -10.00	 40.00	   0.0	 0.0250	  6.37	 1.6000	  0.61	  0.40	 0.965	 0.00000000	 0.685	  0.468	  1.60	  0.03	  0.0340	 0.9791	 0.00002148	 0.7287	 0.00000000	 0.8438	 0.65579541	  0.61	  5.76	 0.0250	 0.7118	 0.0001	
m60413c4r2.htb	   0.0	  0.03	 2.000	 -10.00	 -10.00	 40.00	   1.0	 0.0250	  7.19	 1.6000	  0.76	  0.40	 0.954	 0.00000000	 0.703	  0.412	  1.60	  0.03	  0.0270	 0.9946	 0.00000075	 0.8231	 0.00000000	 2.5676	 0.27697951	  0.76	  6.43	 0.0250	 0.6016	 0.0001	
m60413c5r2.htb	   0.0	  0.03	 2.000	 -10.00	 -10.00	 40.00	   0.0	 0.0250	 12.27	 1.6000	  2.16	  1.59	 0.946	 0.00000000	 0.684	  0.561	  1.60	  0.03	  0.0230	 0.9654	 0.00007641	 0.7108	 0.00000000	 1.1155	 0.57250417	  2.16	 10.11	 0.0250	 0.5328	 0.0001	
m60413c5r2.htb	   0.0	  0.03	 2.000	 -10.00	 -10.00	 40.00	   1.0	 0.0250	 10.16	 1.6000	  2.54	  1.59	 0.924	 0.00000000	 0.625	  0.616	  1.60	  0.03	  0.0340	 0.8356	 0.00396362	 0.4664	 0.00000000	 1.6037	 0.44850237	  2.54	  7.62	 0.0250	 0.7029	 0.0001	
m60414c2r2.htb	 250.0	  0.05	 2.000	  0.00	 -8.00	 40.00	   0.0	 0.0330	 17.05	 0.5130	  2.51	  3.28	 1.056	 0.00000000	 0.578	  0.765	  1.60	  0.03	  0.0190	 0.9996	 0.00000000	 0.5991	 0.00000000	 0.0043	 0.99784090	  2.51	 14.54	 0.0334	 0.2834	 0.0097	
m60414c2r2.htb	 250.0	  0.05	 2.000	  0.00	 -8.00	 40.00	   1.0	 0.0270	 18.63	 1.6000	  2.72	  3.28	 1.045	 0.00000000	 0.687	  0.663	  1.60	  0.03	  0.0270	 0.9862	 0.00000770	 0.7465	 0.00000000	 0.8723	 0.64650904	  2.72	 15.92	 0.0272	 0.5524	 0.0001	
m60418c1r2.htb	 180.0	  0.03	 2.000	 -5.00	 -10.00	 50.00	   0.0	 0.0280	 18.57	 1.5990	  1.49	  3.28	 1.117	 0.00000000	 0.585	  1.267	  1.60	  0.03	  0.0280	 0.9642	 0.00008324	 0.5999	 0.00000000	 0.4049	 0.81674168	  1.49	 17.08	 0.0279	 0.4467	 0.0100	
m60418c1r2.htb	 180.0	  0.03	 2.000	 -5.00	 -10.00	 50.00	   1.0	 0.0250	 14.53	 1.6000	  0.99	  3.28	 1.163	 0.00000000	 0.590	  1.216	  1.60	  0.03	  0.1350	 0.8005	 0.00652518	 0.4543	 0.00000000	 1.8613	 0.39430133	  0.50	 14.03	 0.0250	 1.6039	 0.0001	
m60420c1r2.htb	   0.0	  0.03	 2.000	 -10.00	 10.00	 40.00	   0.0	 0.0250	  6.82	 1.6000	  2.08	  1.59	 0.907	 0.00000000	 0.619	  0.439	  1.60	  0.03	  0.0330	 0.9180	 0.00067312	 0.5309	 0.00000000	 1.0763	 0.58382042	  2.08	  4.74	 0.0250	 0.6946	 0.0001	
m60420c1r2.htb	   0.0	  0.03	 2.000	 -10.00	 10.00	 40.00	   1.0	 0.0250	  7.72	 1.6000	  2.15	  1.59	 0.908	 0.00000000	 0.624	  0.469	  1.60	  0.03	  0.0230	 0.8963	 0.00122266	 0.6038	 0.00000000	 3.2343	 0.19846433	  2.15	  5.57	 0.0250	 0.5199	 0.0001	
m60421c1r2.htb	   0.0	  0.03	 2.000	  8.00	 -10.00	 40.00	   0.0	 0.0250	 14.23	 1.6000	  1.70	  1.34	 0.972	 0.00000000	 0.625	  0.846	  1.60	  0.03	  0.0390	 0.9586	 0.00012015	 0.7028	 0.00000000	 0.6518	 0.72189353	  1.70	 12.53	 0.0250	 0.7777	 0.0001	
m60421c1r2.htb	   0.0	  0.03	 2.000	  8.00	 -10.00	 40.00	   1.0	 0.0250	 14.97	 1.6000	  2.99	  1.34	 0.923	 0.00000000	 0.677	  0.635	  1.60	  0.03	  0.0270	 0.9394	 0.00031390	 0.7624	 0.00000000	 2.8694	 0.23818693	  2.99	 11.98	 0.0250	 0.6011	 0.0001	
m60421c2r2.htb	   0.0	  0.03	 2.000	 18.00	 -10.00	 40.00	   0.0	 0.0250	 11.04	 1.6000	  1.20	  1.79	 1.063	 0.00000000	 0.696	  0.597	  1.60	  0.03	  0.0480	 0.8704	 0.00215481	 0.7285	 0.00000000	 3.1630	 0.20566821	  1.20	  9.84	 0.0250	 0.8895	 0.0001	
m60421c2r2.htb	   0.0	  0.03	 2.000	 18.00	 -10.00	 40.00	   1.0	 0.0250	 13.08	 1.6000	  1.86	  1.79	 1.022	 0.00000000	 0.764	  0.410	  1.60	  0.03	  0.0380	 0.9160	 0.00071597	 0.8136	 0.00000000	 3.0081	 0.22222680	  1.86	 11.21	 0.0250	 0.7582	 0.0001	
m60421c3r2.htb	   0.0	  0.03	 2.000	 10.00	  5.00	 40.00	   0.0	 0.0250	 24.85	 1.6000	  7.31	  8.76	 1.090	 0.00000000	 0.648	  0.719	  1.60	  0.03	  0.0440	 0.9562	 0.00013824	 0.6677	 0.00000000	 0.5795	 0.74845024	  7.31	 17.55	 0.0250	 0.6769	 0.0100	
m60421c3r2.htb	   0.0	  0.03	 2.000	 10.00	  5.00	 40.00	   1.0	 0.0300	 30.22	 1.6000	  7.75	  8.76	 1.062	 0.00000000	 0.668	  0.711	  1.60	  0.03	  0.0440	 0.9917	 0.00000211	 0.7950	 0.00000000	 0.2550	 0.88029220	  7.75	 22.47	 0.0298	 0.6226	 0.0100	
m60424c3r2.htb	   0.0	  0.03	 2.000	 10.00	  0.00	 40.00	   0.0	 0.0250	 21.86	 1.6000	  1.57	  0.65	 0.960	 0.00000000	 0.760	  0.597	  1.60	  0.03	  0.0840	 0.9572	 0.00013054	 0.8657	 0.00000000	 2.9558	 0.22811365	  1.50	 20.36	 0.0250	 1.2398	 0.0001	
m60424c3r2.htb	   0.0	  0.03	 2.000	 10.00	  0.00	 40.00	   1.0	 0.0250	 27.57	 1.6000	  2.77	  0.65	 0.937	 0.00000000	 0.799	  0.518	  1.60	  0.03	  0.0750	 0.9639	 0.00008505	 0.9071	 0.00000000	 2.8379	 0.24196798	  2.73	 24.84	 0.0250	 1.1678	 0.0001	
m60424c4r2.htb	   0.0	  0.03	 2.000	  0.00	  0.00	 30.00	   0.0	 0.0250	 16.91	 1.6000	  2.54	  1.49	 0.932	 0.00000000	 0.742	  0.516	  1.60	  0.03	  0.0630	 0.9553	 0.00014574	 0.8105	 0.00000000	 1.8804	 0.39055508	  2.54	 14.37	 0.0250	 1.0482	 0.0001	
m60424c4r2.htb	   0.0	  0.03	 2.000	  0.00	  0.00	 30.00	   1.0	 0.0250	 18.05	 1.6000	  5.07	  1.49	 0.853	 0.00000000	 0.723	  0.504	  1.60	  0.03	  0.0490	 0.9226	 0.00058273	 0.7237	 0.00000000	 1.9000	 0.38673801	  5.07	 12.97	 0.0250	 0.8973	 0.0001	
m60424c5r2.htb	   0.0	  0.03	 2.000	  0.00	  0.00	 40.00	   0.0	 0.0250	 22.74	 1.6000	  3.66	  4.18	 1.030	 0.00000000	 0.745	  0.561	  1.60	  0.03	  0.0770	 0.9518	 0.00017589	 0.8281	 0.00000000	 1.9445	 0.37822703	  3.62	 19.12	 0.0250	 1.1771	 0.0001	
m60424c5r2.htb	   0.0	  0.03	 2.000	  0.00	  0.00	 40.00	   1.0	 0.0250	 25.34	 1.6000	  7.24	  4.18	 0.931	 0.00000000	 0.698	  0.571	  1.60	  0.03	  0.0370	 0.9684	 0.00006096	 0.7726	 0.00000000	 0.6233	 0.73223817	  7.24	 18.10	 0.0250	 0.7499	 0.0001	
m60518c1r2.htb	   0.0	  0.03	 2.000	  8.00	 -10.00	 40.00	   0.0	 0.0250	 19.88	 1.6000	  0.34	  0.15	 0.990	 0.00000000	 0.692	  0.992	  1.60	  0.03	  0.0600	 0.8975	 0.00118524	 0.7437	 0.00000000	 2.5695	 0.27671363	  0.34	 19.55	 0.0250	 1.0193	 0.0001	
m60518c1r2.htb	   0.0	  0.03	 2.000	  8.00	 -10.00	 40.00	   1.0	 0.0250	 17.72	 1.6000	  0.11	  0.15	 0.998	 0.00000000	 0.679	  1.048	  1.60	  0.03	  0.0880	 0.8585	 0.00269721	 0.6743	 0.00000000	 2.5501	 0.27941457	  0.03	 17.69	 0.0250	 1.2742	 0.0001	
m60519c1r2.htb	   0.0	  0.03	 2.000	  0.00	 -10.00	 40.00	   0.0	 0.0270	 23.12	 1.6000	  4.64	  2.99	 0.918	 0.00000000	 0.709	  0.561	  1.60	  0.03	  0.0490	 0.9969	 0.00000019	 0.8855	 0.00000000	 0.1673	 0.91974893	  4.64	 18.48	 0.0271	 0.8591	 0.0001	
m60519c1r2.htb	   0.0	  0.03	 2.000	  0.00	 -10.00	 40.00	   1.0	 0.0360	 24.51	 1.6000	  7.28	  2.99	 0.855	 0.00000000	 0.755	  0.406	  1.60	  0.03	  0.0370	 0.9626	 0.00009326	 0.8617	 0.00000000	 2.0750	 0.35433890	  7.28	 17.24	 0.0358	 0.5856	 0.0001	
m60519c2r2.htb	   0.0	  0.03	 2.000	  5.00	  0.00	 30.00	   0.0	 0.0310	 29.24	 1.6000	  5.58	  6.07	 1.021	 0.00000000	 0.730	  0.592	  1.60	  0.03	  0.0290	 0.9941	 0.00000090	 0.8727	 0.00000000	 0.3797	 0.82706828	  5.58	 23.67	 0.0305	 0.5531	 0.0001	
m60519c2r2.htb	   0.0	  0.03	 2.000	  5.00	  0.00	 30.00	   1.0	 0.0250	 27.62	 1.6000	  6.56	  6.07	 1.001	 0.00000000	 0.747	  0.489	  1.60	  0.03	  0.0370	 0.9812	 0.00001650	 0.8696	 0.00000000	 3.6176	 0.16385181	  6.56	 21.06	 0.0250	 0.7421	 0.0001	
m60519c4r2.htb	   0.0	  0.03	 2.000	  5.00	  0.00	 30.00	   0.0	 0.0250	 30.01	 1.6000	 10.21	  7.31	 0.873	 0.00000000	 0.736	  0.443	  1.60	  0.03	  0.0510	 0.9834	 0.00001211	 0.8465	 0.00000000	 1.8410	 0.39832786	 10.21	 19.81	 0.0250	 0.9231	 0.0001	
m60519c4r2.htb	   0.0	  0.03	 2.000	  5.00	  0.00	 30.00	   1.0	 0.0250	 31.04	 1.6000	 10.29	  7.31	 0.874	 0.00000000	 0.636	  0.728	  1.60	  0.03	  0.0550	 0.9869	 0.00000664	 0.7580	 0.00000000	 0.1341	 0.93516077	 10.29	 20.75	 0.0250	 0.9737	 0.0001	
m60519c5r2.htb	   0.0	  0.03	 2.000	  5.00	  0.00	 30.00	   0.0	 0.0340	 22.78	 1.6000	  4.14	  2.69	 0.927	 0.00000000	 0.747	  0.447	  1.60	  0.03	  0.0350	 0.9987	 0.00000002	 0.8998	 0.00000000	 0.1868	 0.91082723	  4.14	 18.64	 0.0336	 0.5866	 0.0001	
m60519c5r2.htb	   0.0	  0.03	 2.000	  5.00	  0.00	 30.00	   1.0	 0.0320	 22.88	 1.6000	  5.17	  2.69	 0.902	 0.00000000	 0.740	  0.479	  1.60	  0.03	  0.0310	 0.9854	 0.00000884	 0.8509	 0.00000000	 0.8195	 0.66382539	  5.17	 17.72	 0.0316	 0.5668	 0.0001	
m60519c6r2.htb	   0.0	  0.03	 2.000	  0.00	  0.00	 30.00	   0.0	 0.0250	 25.67	 1.6000	  4.44	  3.33	 0.951	 0.00000000	 0.795	  0.415	  1.60	  0.03	  0.0470	 0.9715	 0.00004721	 0.9100	 0.00000000	 3.2890	 0.19310966	  4.44	 21.23	 0.0250	 0.8840	 0.0001	
m60519c6r2.htb	   0.0	  0.03	 2.000	  0.00	  0.00	 30.00	   1.0	 0.0320	 27.34	 1.6000	  7.45	  3.33	 0.885	 0.00000000	 0.777	  0.413	  1.60	  0.03	  0.0320	 0.9664	 0.00007114	 0.8683	 0.00000000	 3.1413	 0.20790899	  7.45	 19.89	 0.0322	 0.5572	 0.0001	
m60526c1r2.htb	   0.0	  0.03	 2.000	 -5.00	  0.00	 40.00	   0.0	 0.0250	 21.61	 1.6000	  2.27	  1.99	 1.019	 0.00000000	 0.647	  0.941	  1.60	  0.03	  0.1320	 0.9704	 0.00005166	 0.7012	 0.00000000	 0.4498	 0.79859888	  1.61	 20.00	 0.0250	 1.5898	 0.0001	
m60526c1r2.htb	   0.0	  0.03	 2.000	 -5.00	  0.00	 40.00	   1.0	 0.0250	 20.14	 1.6000	  3.59	  1.99	 1.009	 0.00000000	 0.630	  0.817	  1.60	  0.03	  0.1760	 0.9853	 0.00000900	 0.6389	 0.00000000	 0.1611	 0.92260604	  2.03	 18.11	 0.0250	 1.8753	 0.0001	
m60526c2r2.htb	   0.0	  0.03	 2.000	  0.00	  0.00	 40.00	   0.0	 0.0250	 27.78	 1.6000	  7.67	  7.91	 1.013	 0.00000000	 0.613	  0.903	  1.60	  0.03	  0.0690	 0.9406	 0.00029855	 0.6328	 0.00000000	 0.5965	 0.74211229	  7.65	 20.13	 0.0250	 1.1108	 0.0001	
m60526c2r2.htb	   0.0	  0.03	 2.000	  0.00	  0.00	 40.00	   1.0	 0.0250	 28.74	 1.6000	  8.27	  7.91	 1.003	 0.00000000	 0.690	  0.686	  1.60	  0.03	  0.1010	 0.9325	 0.00041264	 0.7248	 0.00000000	 2.5957	 0.27312172	  8.06	 20.68	 0.0250	 1.3738	 0.0001	
m60526c3r2.htb	   0.0	  0.03	 2.000	  8.00	  8.00	 40.00	   0.0	 0.0340	 20.31	 1.6000	  3.94	  4.68	 1.047	 0.00000000	 0.652	  0.660	  1.60	  0.03	  0.0370	 0.9968	 0.00000019	 0.7804	 0.00000000	 0.4918	 0.78198776	  3.94	 16.38	 0.0335	 0.6204	 0.0001	
m60526c3r2.htb	   0.0	  0.03	 2.000	  8.00	  8.00	 40.00	   1.0	 0.0320	 23.77	 1.6000	  4.81	  4.68	 1.015	 0.00000000	 0.700	  0.586	  1.60	  0.03	  0.0300	 0.9939	 0.00000099	 0.8382	 0.00000000	 0.3352	 0.84571310	  4.81	 18.97	 0.0322	 0.5409	 0.0001	
m60526c4r2.htb	   0.0	  0.03	 2.000	  0.00	 -10.00	 40.00	   0.0	 0.0250	 18.80	 1.6000	  4.09	  5.32	 1.091	 0.00000000	 0.668	  0.662	  1.60	  0.03	  0.0410	 0.9530	 0.00016521	 0.7148	 0.00000000	 0.7513	 0.68684914	  4.09	 14.70	 0.0250	 0.8085	 0.0001	
m60526c4r2.htb	   0.0	  0.03	 2.000	  0.00	 -10.00	 40.00	   1.0	 0.0250	 17.35	 1.6000	  4.72	  5.32	 1.074	 0.00000000	 0.671	  0.606	  1.60	  0.03	  0.0770	 0.9362	 0.00035798	 0.6160	 0.00000000	 0.6901	 0.70817674	  4.69	 12.66	 0.0250	 1.1849	 0.0001	
m60526c5r2.htb	   0.0	  0.03	 2.000	 -5.00	 -5.00	 40.00	   0.0	 0.0250	  5.34	 1.6000	  2.84	  2.79	 2.090	 0.40759419	 0.316	  0.903	  1.60	  0.03	  0.3500	 0.8399	 0.00370010	 0.0758	 0.02110243	 0.0968	 0.95274268	  0.00	  5.34	 0.0250	 3.6941	 0.0001	
m60526c5r2.htb	   0.0	  0.03	 2.000	 -5.00	 -5.00	 40.00	   1.0	 0.0250	  7.22	 1.6000	  2.58	  2.79	 1.313	 0.00357508	 0.462	  0.792	  1.60	  0.03	  0.1160	 0.9175	 0.00068427	 0.2367	 0.00001951	 0.2141	 0.89845883	  2.54	  4.68	 0.0250	 1.2418	 0.0100	
m60623c1r2.htb	   0.0	  0.03	 2.000	  0.00	  0.00	 40.00	   0.0	 0.0250	 15.93	 1.6000	  4.99	  7.81	 1.354	 0.00000124	 0.501	  0.984	  1.60	  0.03	  0.0880	 0.9502	 0.00019183	 0.4193	 0.00000000	 0.3203	 0.85201750	  4.94	 11.00	 0.0250	 1.2743	 0.0001	
m60623c1r2.htb	   0.0	  0.03	 2.000	  0.00	  0.00	 40.00	   1.0	 0.0250	 17.60	 1.6000	  4.75	  7.81	 1.330	 0.00000000	 0.571	  0.895	  1.60	  0.03	  0.0580	 0.9597	 0.00011199	 0.5588	 0.00000000	 0.4807	 0.78633906	  4.75	 12.85	 0.0250	 1.0043	 0.0001	
m60623c2r2.htb	   0.0	  0.03	 2.000	  0.00	  0.00	 40.00	   0.0	 0.0420	 13.80	 1.6000	  4.67	  4.13	 0.944	 0.00000000	 0.652	  0.448	  1.60	  0.03	  0.0670	 0.9933	 0.00000124	 0.7278	 0.00000000	 0.3390	 0.84407210	  4.67	  9.13	 0.0416	 0.8057	 0.0001	
m60623c2r2.htb	   0.0	  0.03	 2.000	  0.00	  0.00	 40.00	   1.0	 0.0370	 14.92	 1.6000	  5.03	  4.13	 0.929	 0.00000000	 0.666	  0.466	  1.60	  0.03	  0.0810	 0.9614	 0.00010070	 0.6865	 0.00000000	 0.9472	 0.62274990	  5.03	  9.89	 0.0374	 0.9636	 0.0001	
m60626c1r2.htb	   0.0	  0.03	 2.000	 10.00	 -13.00	 30.00	   0.0	 0.0330	 24.94	 1.6000	  5.19	  4.23	 0.954	 0.00000000	 0.612	  0.859	  1.60	  0.03	  0.0820	 0.9894	 0.00000397	 0.6188	 0.00000000	 0.1450	 0.93006763	  5.17	 19.76	 0.0331	 1.0436	 0.0001	
m60626c1r2.htb	   0.0	  0.03	 2.000	 10.00	 -13.00	 30.00	   1.0	 0.0250	 21.42	 1.6000	  5.01	  4.23	 0.980	 0.00000031	 0.572	  0.904	  1.60	  0.03	  0.1580	 0.9429	 0.00027031	 0.4407	 0.00000000	 0.3003	 0.86056153	  3.94	 17.49	 0.0250	 1.7602	 0.0001	
m60628c3r2.htb	   0.0	  0.03	 2.000	 10.00	  0.00	 40.00	   0.0	 0.0270	 17.40	 1.6000	  6.15	  6.42	 1.025	 0.00000000	 0.634	  0.524	  1.60	  0.03	  0.0530	 0.9932	 0.00000129	 0.6838	 0.00000000	 0.1096	 0.94666939	  6.15	 11.25	 0.0268	 0.9141	 0.0001	
m60628c3r2.htb	   0.0	  0.03	 2.000	 10.00	  0.00	 40.00	   1.0	 0.0250	 20.02	 1.6000	  6.86	  6.42	 0.990	 0.00000000	 0.638	  0.536	  1.60	  0.03	  0.0340	 0.9982	 0.00000005	 0.7222	 0.00000000	 0.0098	 0.99511577	  6.86	 13.15	 0.0250	 0.7091	 0.0001	
m60629c3r2.htb	   0.0	  0.03	 2.000	  8.00	 -12.00	 40.00	   0.0	 0.0250	 31.62	 1.6000	 13.39	 13.03	 0.981	 0.00000000	 0.705	  0.449	  1.60	  0.03	  0.0470	 0.9849	 0.00000956	 0.7941	 0.00000000	 0.3674	 0.83218053	 13.39	 18.23	 0.0250	 0.8788	 0.0001	
m60629c3r2.htb	   0.0	  0.03	 2.000	  8.00	 -12.00	 40.00	   1.0	 0.0290	 31.85	 1.6000	 14.68	 13.03	 0.946	 0.00000000	 0.629	  0.583	  1.60	  0.03	  0.0440	 0.9521	 0.00017394	 0.6577	 0.00000000	 0.5398	 0.76344948	 14.68	 17.17	 0.0287	 0.7704	 0.0001	
m60629c4r2.htb	   0.0	  0.03	 2.000	 -8.00	 -10.00	 40.00	   0.0	 0.0250	 17.46	 1.6000	  4.20	  3.13	 0.932	 0.00000000	 0.686	  0.509	  1.60	  0.03	  0.0950	 0.9929	 0.00000143	 0.7784	 0.00000000	 0.1387	 0.93300158	  4.11	 13.35	 0.0250	 1.2999	 0.0009	
m60629c4r2.htb	   0.0	  0.03	 2.000	 -8.00	 -10.00	 40.00	   1.0	 0.0250	 16.95	 1.6000	  5.49	  3.13	 0.884	 0.00000000	 0.646	  0.483	  1.60	  0.03	  0.0860	 0.9998	 0.00000000	 0.7278	 0.00000000	 0.0030	 0.99851950	  5.44	 11.51	 0.0250	 1.2528	 0.0001	
m60719c2r2.htb	 170.0	  0.03	 2.000	 10.00	 -10.00	 40.00	   0.0	 0.0250	  6.77	 1.5470	  2.16	  2.84	 1.173	 0.00000002	 0.558	  0.486	  1.60	  0.03	  0.0200	 0.9948	 0.00000066	 0.5095	 0.00000000	 0.0822	 0.95972228	  2.16	  4.61	 0.0250	 0.4754	 0.0001	
m60719c2r2.htb	 170.0	  0.03	 2.000	 10.00	 -10.00	 40.00	   1.0	 0.0250	  6.49	 1.6000	  2.39	  2.84	 1.150	 0.00000028	 0.604	  0.447	  1.60	  0.03	  0.0450	 0.9062	 0.00094710	 0.4248	 0.00000000	 1.0004	 0.60642006	  2.39	  4.10	 0.0250	 0.8542	 0.0001	
m60719c3r2.htb	   0.0	  0.03	 2.000	 10.00	  0.00	 40.00	   0.0	 0.0250	  1.52	 1.1240	  0.10	  0.15	 1.039	 0.00000725	 0.554	  0.431	  1.60	  0.03	  0.0180	 0.9674	 0.00006574	 0.3931	 0.00000001	 0.6050	 0.73896279	  0.10	  1.42	 0.0250	 0.4258	 0.0001	
m60719c3r2.htb	   0.0	  0.03	 2.000	 10.00	  0.00	 40.00	   1.0	 0.0250	  1.73	 0.4150	  0.09	  0.15	 1.038	 0.00021063	 0.554	  0.472	  1.60	  0.03	  0.0130	 0.9624	 0.00009441	 0.3189	 0.00000035	 0.4692	 0.79086838	  0.09	  1.64	 0.0250	 0.3134	 0.0001	
m60720c1r2.htb	   0.0	  0.03	 2.000	  0.00	  0.00	 40.00	   0.0	 0.0290	 14.96	 1.6000	  1.10	  1.59	 1.036	 0.00000000	 0.642	  0.781	  1.60	  0.03	  0.0290	 0.9970	 0.00000017	 0.8110	 0.00000000	 0.0246	 0.98776812	  1.10	 13.86	 0.0295	 0.5498	 0.0001	
m60720c1r2.htb	   0.0	  0.03	 2.000	  0.00	  0.00	 40.00	   1.0	 0.0250	 15.04	 1.6000	  1.81	  1.59	 1.010	 0.00000000	 0.607	  0.885	  1.60	  0.03	  0.0350	 0.9960	 0.00000034	 0.6838	 0.00000000	 0.0560	 0.97239714	  1.81	 13.23	 0.0250	 0.5749	 0.0100	
m60720c1r2.htb	   0.0	  0.03	 2.000	  0.00	  0.00	 40.00	   0.0	 0.0290	 14.96	 1.6000	  1.10	  1.59	 1.036	 0.00000000	 0.642	  0.781	  1.60	  0.03	  0.0290	 0.9970	 0.00000017	 0.8110	 0.00000000	 0.0246	 0.98776839	  1.10	 13.86	 0.0295	 0.5498	 0.0001	
m60720c1r2.htb	   0.0	  0.03	 2.000	  0.00	  0.00	 40.00	   1.0	 0.0250	 15.04	 1.6000	  1.81	  1.59	 1.010	 0.00000000	 0.607	  0.885	  1.60	  0.03	  0.0350	 0.9960	 0.00000034	 0.6838	 0.00000000	 0.0560	 0.97239587	  1.81	 13.23	 0.0250	 0.5749	 0.0100	
m60720c1r2.htb	   0.0	  0.03	 2.000	  0.00	  0.00	 40.00	   0.0	 0.0290	 14.96	 1.6000	  1.10	  1.59	 1.036	 0.00000000	 0.642	  0.781	  1.60	  0.03	  0.0290	 0.9970	 0.00000017	 0.8110	 0.00000000	 0.0246	 0.98776880	  1.10	 13.86	 0.0295	 0.5498	 0.0001	
m60720c1r2.htb	   0.0	  0.03	 2.000	  0.00	  0.00	 40.00	   1.0	 0.0250	 15.04	 1.6000	  1.81	  1.59	 1.010	 0.00000000	 0.607	  0.885	  1.60	  0.03	  0.0350	 0.9960	 0.00000034	 0.6838	 0.00000000	 0.0560	 0.97239589	  1.81	 13.23	 0.0250	 0.5749	 0.0100	
m60720c2r2.htb	   0.0	  0.03	 2.000	  5.00	 -10.00	 40.00	   0.0	 0.0250	 31.20	 1.6000	  3.28	  2.24	 0.964	 0.00000000	 0.736	  0.711	  1.60	  0.03	  0.0530	 0.9977	 0.00000009	 0.8908	 0.00000000	 0.0801	 0.96073311	  3.27	 27.93	 0.0250	 0.9453	 0.0001	
m60720c2r2.htb	   0.0	  0.03	 2.000	  5.00	 -10.00	 40.00	   1.0	 0.0250	 31.88	 1.6000	  5.93	  2.24	 0.919	 0.00000000	 0.725	  0.662	  1.60	  0.03	  0.0670	 0.9908	 0.00000279	 0.8474	 0.00000000	 0.8614	 0.65006782	  5.91	 25.97	 0.0250	 1.0875	 0.0001	
m60720c3r2.htb	   0.0	  0.03	 2.000	 -8.00	 -10.00	 40.00	   0.0	 0.0320	 19.88	 1.5930	  0.80	  1.00	 1.010	 0.00000000	 0.704	  0.773	  1.60	  0.03	  0.0280	 0.9973	 0.00000013	 0.8626	 0.00000000	 0.2865	 0.86654961	  0.80	 19.07	 0.0320	 0.4203	 0.0100	
m60720c3r2.htb	   0.0	  0.03	 2.000	 -8.00	 -10.00	 40.00	   1.0	 0.0250	 19.54	 1.6000	  0.56	  1.00	 1.017	 0.00000000	 0.776	  0.629	  1.60	  0.03	  0.0330	 0.9906	 0.00000292	 0.8737	 0.00000000	 1.6947	 0.42855413	  0.56	 18.98	 0.0250	 0.6929	 0.0001	
m60721c4r2.htb	  90.0	  0.03	 2.000	 -10.00	  0.00	 40.00	   0.0	 0.0250	 21.63	 1.6000	  3.09	  1.49	 0.921	 0.00000000	 0.737	  0.584	  1.60	  0.03	  0.0300	 0.9787	 0.00002269	 0.8865	 0.00000000	 0.8844	 0.64262181	  3.09	 18.54	 0.0250	 0.6467	 0.0001	
m60721c4r2.htb	  90.0	  0.03	 2.000	 -10.00	  0.00	 40.00	   1.0	 0.0250	 21.83	 1.6000	  3.49	  1.49	 0.911	 0.00000000	 0.755	  0.517	  1.60	  0.03	  0.0290	 0.9586	 0.00011984	 0.8568	 0.00000000	 1.7709	 0.41251849	  3.49	 18.34	 0.0250	 0.6302	 0.0001	
m60721c5r2.htb	  90.0	  0.03	 2.000	  0.00	 -8.00	 40.00	   0.0	 0.0250	 27.92	 1.4200	  2.81	  1.44	 0.948	 0.00000000	 0.812	  0.446	  1.60	  0.03	  0.0190	 0.9949	 0.00000063	 0.9371	 0.00000000	 1.0647	 0.58723111	  2.81	 25.11	 0.0250	 0.4554	 0.0001	
m60721c5r2.htb	  90.0	  0.03	 2.000	  0.00	 -8.00	 40.00	   1.0	 0.0250	 26.84	 1.5720	  4.54	  1.44	 0.915	 0.00000000	 0.786	  0.458	  1.60	  0.03	  0.0210	 0.9897	 0.00000366	 0.8966	 0.00000000	 1.6428	 0.43980974	  4.54	 22.31	 0.0250	 0.4841	 0.0001	
m60801c1r2.htb	   0.0	  0.03	 2.000	 -10.00	  5.00	 40.00	   0.0	 0.0250	  6.69	 1.6000	  0.81	  2.69	 1.468	 0.00000132	 0.525	  0.862	  1.60	  0.03	  0.0430	 0.9498	 0.00019537	 0.4180	 0.00000000	 0.1945	 0.90733258	  0.81	  5.88	 0.0250	 0.6654	 0.0100	
m60801c1r2.htb	   0.0	  0.03	 2.000	 -10.00	  5.00	 40.00	   1.0	 0.0250	  7.71	 1.6000	  1.79	  2.69	 1.291	 0.00001343	 0.521	  0.873	  1.60	  0.03	  0.0440	 0.9019	 0.00106202	 0.3548	 0.00000005	 0.4570	 0.79571589	  1.79	  5.92	 0.0250	 0.8377	 0.0001	
m60803c2r2.htb	   0.0	  0.03	 2.000	 -8.00	  0.00	 40.00	   0.0	 0.0250	 18.60	 1.6000	  1.98	  1.84	 0.992	 0.00000000	 0.789	  0.442	  1.60	  0.03	  0.0660	 0.9665	 0.00007047	 0.8857	 0.00000000	 3.0252	 0.22034002	  1.97	 16.63	 0.0250	 1.0783	 0.0001	
m60803c2r2.htb	   0.0	  0.03	 2.000	 -8.00	  0.00	 40.00	   1.0	 0.0250	 20.35	 1.6000	  3.69	  1.84	 0.942	 0.00000000	 0.734	  0.494	  1.60	  0.03	  0.0570	 0.9901	 0.00000328	 0.8786	 0.00000000	 0.4532	 0.79725451	  3.68	 16.66	 0.0250	 0.9878	 0.0001	
m60804c1r2.htb	   0.0	  0.03	 2.000	  5.00	 -10.00	 40.00	   0.0	 0.0250	 21.04	 1.6000	  1.74	  2.24	 1.027	 0.00000000	 0.668	  0.920	  1.60	  0.03	  0.0350	 0.9883	 0.00000506	 0.8253	 0.00000000	 0.7344	 0.69266051	  1.74	 19.30	 0.0250	 0.7164	 0.0001	
m60804c1r2.htb	   0.0	  0.03	 2.000	  5.00	 -10.00	 40.00	   1.0	 0.0250	 19.09	 1.6000	  2.25	  2.24	 1.015	 0.00000000	 0.691	  0.840	  1.60	  0.03	  0.0590	 0.9275	 0.00049276	 0.7749	 0.00000000	 2.8698	 0.23814431	  2.24	 16.85	 0.0250	 1.0152	 0.0001	
m60815c3r2.htb	   0.0	  0.03	 2.000	 10.00	 -10.00	 40.00	   0.0	 0.0350	 26.11	 0.3780	 11.19	 12.39	 1.087	 0.00000035	 0.532	  0.598	  1.60	  0.03	  0.0170	 0.9477	 0.00021696	 0.4552	 0.00000000	 0.3568	 0.83662630	 11.19	 14.93	 0.0352	 0.2485	 0.0100	
m60815c3r2.htb	   0.0	  0.03	 2.000	 10.00	 -10.00	 40.00	   1.0	 0.0360	 22.70	 0.7510	 11.91	 12.39	 1.073	 0.00000030	 0.508	  0.511	  1.60	  0.03	  0.0230	 0.9822	 0.00001446	 0.4760	 0.00000000	 0.0575	 0.97164539	 11.91	 10.80	 0.0362	 0.3256	 0.0099	
m60816c1r2.htb	   0.0	  0.03	 2.000	  0.00	 -10.00	 40.00	   0.0	 0.0350	 18.65	 1.6000	  0.00	  0.90	 1.050	 0.00000000	 0.708	  0.715	  1.60	  0.03	  0.0190	 0.9965	 0.00000025	 0.8044	 0.00000000	 0.6801	        NaN	  0.00	 18.66	 0.0348	 0.3431	 0.0007	
m60816c1r2.htb	   0.0	  0.03	 2.000	  0.00	 -10.00	 40.00	   1.0	 0.0300	 15.34	 1.3960	  0.44	  0.90	 1.043	 0.00000000	 0.631	  1.001	  1.60	  0.03	  0.0230	 0.9747	 0.00003487	 0.6924	 0.00000000	 0.5787	 0.74876839	  0.44	 14.90	 0.0305	 0.4154	 0.0023	
m60816c2r2.htb	   0.0	  0.03	 2.000	  0.00	  0.00	 40.00	   0.0	 0.0290	 19.20	 1.6000	  4.32	  2.34	 0.882	 0.00000000	 0.695	  0.580	  1.60	  0.03	  0.0300	 0.9814	 0.00001614	 0.7556	 0.00000000	 1.1629	 0.55908495	  4.32	 14.88	 0.0291	 0.4615	 0.0100	
m60816c2r2.htb	   0.0	  0.03	 2.000	  0.00	  0.00	 40.00	   1.0	 0.0250	 19.18	 1.6000	  5.45	  2.34	 0.849	 0.00000000	 0.674	  0.592	  1.60	  0.03	  0.0370	 0.9289	 0.00046960	 0.6646	 0.00000000	 2.6516	 0.26558868	  5.45	 13.74	 0.0250	 0.7546	 0.0001	
m60816c2r2.htb	   0.0	  0.03	 2.000	  0.00	  0.00	 40.00	   0.0	 0.0290	 19.20	 1.6000	  4.32	  2.34	 0.882	 0.00000000	 0.695	  0.580	  1.60	  0.03	  0.0300	 0.9814	 0.00001614	 0.7556	 0.00000000	 1.1629	 0.55908404	  4.32	 14.88	 0.0291	 0.4615	 0.0100	
m60816c2r2.htb	   0.0	  0.03	 2.000	  0.00	  0.00	 40.00	   1.0	 0.0250	 19.18	 1.6000	  5.45	  2.34	 0.849	 0.00000000	 0.674	  0.592	  1.60	  0.03	  0.0370	 0.9289	 0.00046960	 0.6646	 0.00000000	 2.6516	 0.26558620	  5.45	 13.74	 0.0250	 0.7546	 0.0001	
m60816c3r2.htb	   0.0	  0.03	 2.000	 -10.00	 -10.00	 40.00	   0.0	 0.0350	 13.84	 0.5000	  7.87	  8.41	 1.099	 0.00018969	 0.444	  0.426	  1.60	  0.03	  0.0190	 0.9606	 0.00010616	 0.3207	 0.00000032	 0.0937	 0.95425211	  7.87	  5.98	 0.0354	 0.2825	 0.0092	
m60816c3r2.htb	   0.0	  0.03	 2.000	 -10.00	 -10.00	 40.00	   1.0	 0.0350	 16.37	 0.3580	  8.46	  8.41	 1.027	 0.00007436	 0.464	  0.476	  1.60	  0.03	  0.0170	 0.8893	 0.00144447	 0.3164	 0.00000040	 0.3943	 0.82108444	  8.46	  7.91	 0.0351	 0.2446	 0.0100	
m60818c1r2.htb	 180.0	  0.03	 2.000	 -10.00	 -10.00	 40.00	   0.0	 0.0250	  4.81	 1.6000	  0.57	  1.69	 1.360	 0.00000000	 0.603	  0.533	  1.60	  0.03	  0.0260	 0.9891	 0.00000420	 0.6524	 0.00000000	 0.1549	 0.92545876	  0.57	  4.24	 0.0250	 0.5714	 0.0001	
m60818c1r2.htb	 180.0	  0.03	 2.000	 -10.00	 -10.00	 40.00	   1.0	 0.0350	  7.06	 0.4560	  0.79	  1.69	 1.216	 0.00000000	 0.605	  0.495	  1.60	  0.03	  0.0180	 0.9769	 0.00002790	 0.7104	 0.00000000	 0.5796	 0.74840063	  0.79	  6.27	 0.0349	 0.2637	 0.0100	
m60818c2r2.htb	   0.0	  0.03	 2.000	 10.00	 10.00	 40.00	   0.0	 0.0400	 22.16	 1.6000	 11.33	 11.04	 0.974	 0.00001827	 0.449	  0.813	  1.60	  0.03	  0.0600	 0.9819	 0.00001499	 0.3799	 0.00000001	 0.0623	 0.96930771	 11.33	 10.83	 0.0400	 0.6544	 0.0100	
m60818c2r2.htb	   0.0	  0.03	 2.000	 10.00	 10.00	 40.00	   1.0	 0.0410	 23.11	 1.6000	 12.28	 11.04	 0.933	 0.00001790	 0.469	  0.764	  1.60	  0.03	  0.0610	 0.9174	 0.00068641	 0.3553	 0.00000005	 0.2850	 0.86720258	 12.28	 10.83	 0.0406	 0.6612	 0.0100	
m60818c3r2.htb	   0.0	  0.03	 2.000	 -10.00	  0.00	 40.00	   0.0	 0.0340	  5.42	 1.6000	  1.62	  2.49	 1.295	 0.00010554	 0.491	  0.633	  1.60	  0.03	  0.0800	 0.9547	 0.00015106	 0.3319	 0.00000018	 0.1640	 0.92127249	  1.62	  3.80	 0.0344	 1.0060	 0.0001	
m60818c3r2.htb	   0.0	  0.03	 2.000	 -10.00	  0.00	 40.00	   1.0	 0.0350	  7.47	 1.6000	  2.24	  2.49	 1.112	 0.00000014	 0.525	  0.560	  1.60	  0.03	  0.0320	 0.9730	 0.00004115	 0.4686	 0.00000000	 0.2106	 0.90006288	  2.24	  5.23	 0.0346	 0.5410	 0.0001	
m60821c4r2.htb	   0.0	  0.03	 2.000	  5.00	 -15.00	 40.00	   0.0	 0.0250	 21.61	 1.6000	  3.02	  2.79	 0.988	 0.00000000	 0.731	  0.591	  1.60	  0.03	  0.0460	 0.9859	 0.00000811	 0.8501	 0.00000000	 0.6583	 0.71953868	  3.02	 18.59	 0.0250	 0.8630	 0.0001	
m60821c4r2.htb	   0.0	  0.03	 2.000	  5.00	 -15.00	 40.00	   1.0	 0.0250	 20.61	 1.6000	  2.94	  2.79	 0.990	 0.00000000	 0.726	  0.592	  1.60	  0.03	  0.0550	 0.9942	 0.00000086	 0.8808	 0.00000000	 0.3319	 0.84708504	  2.94	 17.67	 0.0250	 0.9749	 0.0001	
m60821c5r2.htb	   0.0	  0.03	 2.000	  5.00	  5.00	 40.00	   0.0	 0.0250	 27.56	 1.6000	  6.62	  7.61	 1.050	 0.00000000	 0.671	  0.689	  1.60	  0.03	  0.0390	 0.9962	 0.00000030	 0.7629	 0.00000000	 0.1141	 0.94456860	  6.62	 20.94	 0.0250	 0.7792	 0.0001	
m60821c5r2.htb	   0.0	  0.03	 2.000	  5.00	  5.00	 40.00	   1.0	 0.0250	 26.50	 1.6000	  6.96	  7.61	 1.043	 0.00000000	 0.693	  0.597	  1.60	  0.03	  0.0500	 0.9965	 0.00000024	 0.7762	 0.00000000	 0.1455	 0.92985398	  6.96	 19.53	 0.0250	 0.9103	 0.0001	
m60824c4r2.htb	   0.0	  0.03	 2.000	  0.00	  0.00	 60.00	   0.0	 0.0370	  4.27	 1.0520	  1.82	  2.54	 1.413	 0.23542967	 0.325	  0.772	  1.60	  0.03	  0.0260	 0.8302	 0.00430429	 0.0966	 0.00881929	 0.1605	 0.92287735	  1.82	  2.45	 0.0370	 0.3593	 0.0100	
m60824c4r2.htb	   0.0	  0.03	 2.000	  0.00	  0.00	 60.00	   1.0	 0.0250	  4.13	 1.6000	  1.79	  2.54	 1.439	 0.16875676	 0.390	  0.749	  1.60	  0.03	  0.0310	 0.8048	 0.00616603	 0.1051	 0.00619216	 0.2861	 0.86671107	  1.79	  2.33	 0.0250	 0.6562	 0.0001	
m60825c1r2.htb	 180.0	  0.03	 2.000	 -10.00	 -5.00	 40.00	   0.0	 0.0250	 14.74	 1.6000	  2.08	  3.43	 1.119	 0.00000000	 0.582	  1.000	  1.60	  0.03	  0.0240	 0.9509	 0.00018432	 0.5493	 0.00000000	 0.5637	 0.75438593	  2.08	 12.65	 0.0250	 0.5351	 0.0001	
m60825c1r2.htb	 180.0	  0.03	 2.000	 -10.00	 -5.00	 40.00	   1.0	 0.0250	 12.23	 1.6000	  1.35	  3.43	 1.164	 0.00000000	 0.575	  1.050	  1.60	  0.03	  0.0560	 0.9047	 0.00098600	 0.4722	 0.00000000	 0.6248	 0.73168208	  1.35	 10.87	 0.0250	 0.9828	 0.0001	
