FILE		 PrDir	 PrSpd	 PrHDsp	 RFX	 RFY	 RFDiam	 Spont	 DirMI	 BRate	 Ampl	 PD360	 PD180	 PD90	 FWHM	 DSI	 AnovaP		 Rmeans	 Pmeans		 Rraw	 Praw		 DirDI	 VarTrm	 Chi2		 ChiP		
m82013c1r7.htb	    0.0	  32.00	  0.000	 -10.00	  10.00	  40.00	   0.25	  0.400	   0.05	   0.60	  26.19	  26.19	  26.19	 439.23	  1.486	 0.96206533	  0.603	 0.01381757	  0.016	 0.26711378	 0.2105	  0.580	  0.07581	 0.99929951	
m72213c2r7.htb	    0.0	  32.00	  0.000	  10.00	  10.00	  40.00	   2.14	  0.592	   1.89	   3.16	 284.92	  75.08	  75.08	 150.82	  1.087	 0.00000187	  0.883	 0.00016684	  0.354	 0.00000001	 0.5092	  0.409	  0.63268	 0.95936360	
m20714c1r7.htb	    0.0	  32.00	  0.000	  -5.00	 -10.00	  40.00	   2.99	  0.250	   3.16	   2.24	 336.84	  23.16	  23.16	 487.70	  0.928	 0.95403924	  0.420	 0.05899677	  0.029	 0.35592968	 0.2811	  0.438	  0.87849	 0.92762650	
m20714c2r7.htb	    0.0	  32.00	  0.000	 -10.00	 -10.00	  40.00	   7.61	  0.228	   6.73	   3.88	 347.92	  12.08	  12.08	 530.68	  1.296	 0.71028097	  0.416	 0.06082244	  0.043	 0.06491807	 0.2844	  0.524	  0.12904	 0.99800593	
m20714c2r77.htb	    0.0	  32.00	  0.000	 -10.00	 -10.00	  40.00	   7.26	  0.290	   8.78	   2.30	  44.78	  44.78	  44.78	 110.35	  0.603	 0.81329699	  0.378	 0.07783819	  0.058	 0.16192530	 0.3052	  0.611	  0.41876	 0.98091234	
m21914c1r7.htb	    0.0	  32.00	  0.000	  -5.00	   5.00	  40.00	   3.81	  0.510	   5.32	   2.93	  51.20	  51.20	  51.20	  42.39	  0.661	 0.50146653	  0.340	 0.09945104	  0.124	 0.09201907	 0.4635	  0.500	  2.43578	 0.65617038	
m21914c2r77.htb	    0.0	  32.00	  0.000	 -10.00	  10.00	  40.00	   0.40	  0.533	   0.32	   0.22	 205.68	 154.32	  25.68	  42.39	  1.620	 0.90617644	  0.170	 0.27020909	  0.006	 0.48901072	 0.2399	  0.540	  0.39406	 0.98296070	
m21914c2r88.htb	    0.0	  32.00	  0.000	 -10.00	  10.00	  40.00	   0.40	  0.533	   0.32	   0.22	 205.68	 154.32	  25.68	  42.39	  1.620	 0.90617644	  0.170	 0.27020918	  0.006	 0.48901079	 0.2399	  0.540	  0.39406	 0.98296070	
m22614c3r7.htb	    0.0	  32.00	  0.000	 -10.00	 -10.00	  40.00	   1.41	  0.636	   1.79	   1.13	 145.69	 145.69	  34.31	 121.16	  0.748	 0.50637926	  0.533	 0.02544583	  0.086	 0.05610702	 0.3942	  0.507	  1.45066	 0.83534422	
m22614c3r77.htb	    0.0	  32.00	  0.000	 -10.00	 -10.00	  40.00	   1.29	  0.459	   1.98	   1.06	 117.31	 117.31	  62.69	  90.23	  0.606	 0.45455275	  0.739	 0.00296801	  0.067	 0.02619064	 0.2959	  0.495	  0.14923	 0.99735108	
m22614c3r777.htb	    0.0	  32.00	  0.000	 -10.00	 -10.00	  40.00	   1.29	  0.451	   2.08	   1.89	 109.44	 109.44	  70.56	  42.39	  0.706	 0.31635928	  0.829	 0.00065158	  0.086	 0.00841200	 0.3052	  0.483	  0.12378	 0.99816190	
m30414c1r7.htb	    0.0	  32.00	  0.000	  -5.00	   5.00	  40.00	   1.08	  0.569	   2.89	   2.44	 264.35	  95.65	  84.35	  72.95	  0.574	 0.16390668	  0.641	 0.00950859	  0.182	 0.00383015	 0.4798	  0.458	  0.37981	 0.98409618	
m30514c3r77.htb	    0.0	  32.00	  0.000	   0.00	  10.00	  40.00	   2.42	  0.745	   2.22	   3.51	  63.95	  63.95	  63.95	  42.39	  1.059	 0.00349816	  0.334	 0.10337733	  0.171	 0.00257790	 0.5578	  0.482	  2.32833	 0.67561602	
m30514c3r777.htb	    0.0	  32.00	  0.000	   0.00	  10.00	  40.00	   2.39	  0.672	   2.34	   2.90	  62.71	  62.71	  62.71	  42.39	  1.015	 0.00890884	  0.531	 0.02586043	  0.143	 0.00075796	 0.5158	  0.482	  1.09207	 0.89552758	
m102314c1r7.htb	    0.0	  32.00	  0.000	  10.00	  10.00	  40.00	   0.17	  0.625	   0.00	   2.21	 303.75	  56.25	  56.25	 459.47	  1.081	 0.21491339	  0.170	 0.27022724	  0.192	 0.03233413	 0.5016	  0.320	  3.02551	 0.55356471	
m102314c1r77.htb	    0.0	  32.00	  0.000	  10.00	  10.00	  40.00	   0.62	  0.625	   1.75	   1.68	 254.25	 105.75	  74.25	  42.41	  0.599	 0.41092714	  0.550	 0.02212614	  0.128	 0.04446153	 0.4773	  0.365	  1.76283	 0.77927555	
m20714c1r7.htb	    0.0	  32.00	  0.000	  -5.00	 -10.00	  40.00	   2.99	  0.250	   3.16	   2.24	 336.84	  23.16	  23.16	 487.70	  0.928	 0.95403924	  0.420	 0.05899677	  0.029	 0.35592967	 0.2811	  0.438	  0.87849	 0.92762656	
m20714c1r77.htb	    0.0	  32.00	  0.000	  -5.00	 -10.00	  40.00	   3.23	  0.211	   3.93	   1.39	 112.27	 112.27	  67.73	  42.39	  0.666	 0.93898296	  0.445	 0.04960158	  0.013	 0.31209988	 0.2000	  0.488	  0.10715	 0.99861511	
m22014c1r7.htb	    0.0	  32.00	  0.000	 -10.00	   0.00	  40.00	   1.16	  0.517	   1.46	   0.73	 152.52	 152.52	  27.48	  42.39	  0.708	 0.33828861	  0.230	 0.19112661	  0.046	 0.14979043	 0.3663	  0.487	  2.19605	 0.69975226	
m22014c1r77.htb	    0.0	  32.00	  0.000	 -10.00	   0.00	  40.00	   1.44	  0.442	   1.69	   0.52	 137.72	 137.72	  42.28	  42.39	  0.676	 0.45791179	  0.306	 0.12240595	  0.028	 0.13795873	 0.2626	  0.512	  0.59336	 0.96379844	
m100114c2r7.htb	    0.0	  32.00	  0.000	  20.00	 -10.00	  40.00	   3.43	  0.434	   6.67	   2.69	 308.10	  51.90	  51.90	  82.96	  0.454	 0.03132856	  0.675	 0.00656612	  0.147	 0.00104053	 0.4810	  0.409	  0.99882	 0.90997466	
m100114c2r77.htb	    0.0	  32.00	  0.000	  20.00	 -10.00	  40.00	   3.41	  0.437	   6.95	   3.04	 312.96	  47.04	  47.04	  72.11	  0.462	 0.08326905	  0.688	 0.00565628	  0.177	 0.00213562	 0.4815	  0.420	  1.29384	 0.86242006	
m100214c1r7.htb	    0.0	  32.00	  0.000	   0.00	 -10.00	  40.00	   1.07	  0.652	   1.07	   1.48	 266.69	  93.31	  86.69	  42.39	  0.999	 0.33119035	  0.319	 0.11321851	  0.054	 0.09943501	 0.3914	  0.688	  3.89651	 0.42019237	
m100214c1r77.htb	    0.0	  32.00	  0.000	   0.00	 -10.00	  40.00	   1.14	  0.565	   1.07	   1.33	 259.73	 100.27	  79.73	  42.39	  1.060	 0.32308449	  0.421	 0.05853646	  0.045	 0.06023677	 0.3696	  0.613	  0.98108	 0.91265182	
m100414c2r7.htb	    0.0	  32.00	  0.000	   5.00	 -10.00	  40.00	   1.00	  0.821	   1.28	   3.37	 287.76	  72.24	  72.24	  42.39	  0.922	 0.00847298	  0.590	 0.01557806	  0.166	 0.00062056	 0.5210	  0.563	  1.83371	 0.76630923	
m100414c2r77.htb	    0.0	  32.00	  0.000	   5.00	 -10.00	  40.00	   1.04	  0.769	   1.33	   3.61	 286.62	  73.38	  73.38	  42.39	  0.928	 0.00319520	  0.705	 0.00464212	  0.184	 0.00007200	 0.4946	  0.602	  0.91869	 0.92186411	
m100414c3r7.htb	    0.0	  32.00	  0.000	   5.00	 -10.00	  40.00	   0.07	  0.727	   0.30	   0.57	  58.71	  58.71	  58.71	  42.39	  0.712	 0.34068512	  0.273	 0.14869680	  0.046	 0.13433667	 0.3405	  0.489	  0.67207	 0.95472754	
m100414c3r77.htb	    0.0	  32.00	  0.000	   5.00	 -10.00	  40.00	   0.05	  0.706	   0.27	   0.59	 293.43	  66.57	  66.57	  42.39	  0.730	 0.11585238	  0.509	 0.03088607	  0.079	 0.01162572	 0.2905	  0.479	  0.52964	 0.97055250	
m61913c1r7.htb	    0.0	  32.00	  0.000	  10.00	  10.00	  40.00	   1.04	  0.489	   1.34	   0.78	 310.96	  49.04	  49.04	 134.48	  0.728	 0.30237709	  0.423	 0.05790827	  0.056	 0.03469810	 0.3327	  0.421	  0.38521	 0.98366994	
m61913c2r7.htb	    0.0	  32.00	  0.000	  10.00	  10.00	  40.00	   0.90	  0.676	   2.65	   2.57	 259.23	 100.77	  79.23	  61.38	  0.594	 0.00006082	  0.376	 0.07900150	  0.134	 0.00085734	 0.5160	  0.465	  2.26198	 0.68770002	
m62713c1r7.htb	    0.0	  32.00	  0.000	   0.00	 -10.00	  40.00	   5.69	  0.362	   6.22	   0.00	 180.01	 179.99	   0.01	 388.91	  0.000	 0.38798483	  0.011	 0.78764742	  0.000	 0.87277314	 0.3494	  0.542	  0.78926	 0.93988234	
m62713c1r77.htb	    0.0	  32.00	  0.000	   0.00	 -10.00	  40.00	   4.83	  0.478	   5.24	   2.44	  35.50	  35.50	  35.50	  42.39	  0.856	 0.19706773	  0.461	 0.04423503	  0.065	 0.02644124	 0.4134	  0.530	  1.41212	 0.84208568	
m61913c2r7.htb	    0.0	  32.00	  0.000	  10.00	  10.00	  40.00	   0.90	  0.676	   2.65	   2.57	 259.23	 100.77	  79.23	  61.38	  0.594	 0.00006082	  0.376	 0.07900149	  0.134	 0.00085734	 0.5160	  0.465	  2.26198	 0.68770000	
m120715c1r71.htbViS	    0.0	  16.00	  0.000	   5.00	   5.00	  40.00	   1.91	  0.306	   3.99	   2.23	 289.86	  70.14	  70.14	  42.39	  0.517	 0.93714282	  0.699	 0.00497896	  0.042	 0.18717064	 0.2983	  0.497	  0.11170	 0.99849738	
m120715c1r71.htbV+L	    0.0	  16.00	  0.000	   5.00	   5.00	  40.00	   1.91	  0.655	   1.64	   1.03	 311.91	  48.09	  48.09	  42.39	  1.342	 0.65061886	  0.205	 0.22061166	  0.029	 0.27233709	 0.4079	  0.545	  1.92365	 0.74979897	
m120715c1r70.htbViS	    0.0	  16.00	  0.000	   5.00	   5.00	  40.00	   1.82	  0.564	   3.90	   2.78	 279.65	  80.35	  80.35	  42.39	  0.573	 0.31713004	  0.450	 0.04809541	  0.167	 0.04771794	 0.4806	  0.457	  3.09241	 0.54248222	
m120715c1r70.htbV+L	    0.0	  16.00	  0.000	   5.00	   5.00	  40.00	   1.82	  0.824	   0.00	   2.07	 135.00	 135.00	  45.00	 560.02	  8.291	 0.18834346	  0.140	 0.32080927	  0.197	 0.02966293	 0.5047	  0.449	  8.83987	 0.03149743	
m120715c1r72.htbViS	    0.0	  16.00	  0.000	   5.00	   5.00	  40.00	   1.99	  0.323	   3.69	   1.34	 274.21	  85.79	  85.79	  61.83	  0.441	 0.71654717	  0.677	 0.00646262	  0.043	 0.07742185	 0.3188	  0.468	  0.09957	 0.99880101	
m120715c1r72.htbV+L	    0.0	  16.00	  0.000	   5.00	   5.00	  40.00	   1.99	  0.479	   1.69	   0.79	 227.48	 132.52	  47.48	  42.39	  1.599	 0.58572096	  0.272	 0.14956280	  0.020	 0.22286857	 0.3155	  0.520	  0.58886	 0.96429384	
m30716c3r4.htb	  225.0	  32.00	  0.000	   9.00	 -10.00	  40.00	   3.33	  0.520	   2.63	   1.95	  57.45	  57.45	  57.45	 170.30	  1.564	 0.05216390	  0.178	 0.25787620	  0.060	 0.02831716	 0.4260	  0.616	  1.71791	 0.78746254	
m30716c1r3.htb	  225.0	  32.00	  0.000	 -16.00	 -25.00	  40.00	   4.63	  0.444	   4.25	   2.32	  34.13	  34.13	  34.13	  42.39	  1.191	 0.62849478	  0.303	 0.12425933	  0.026	 0.15074702	 0.3075	  0.855	  0.28772	 0.99059308	
m30416c2r8.htb	    0.0	  32.00	  0.000	   0.00	   0.00	  40.00	   6.57	  0.509	   4.84	   4.99	 243.09	 116.91	  63.09	  42.39	  1.530	 0.02725817	  0.371	 0.08162474	  0.100	 0.00427959	 0.4104	  0.667	  0.72019	 0.94881566	
m30716c3r4.htb	  225.0	  32.00	  0.000	   9.00	 -10.00	  40.00	   3.33	  0.520	   2.63	   1.95	  57.45	  57.45	  57.45	 170.30	  1.564	 0.05216390	  0.178	 0.25787620	  0.060	 0.02831716	 0.4260	  0.616	  1.71791	 0.78746254	
m30416c3r4.htb	  225.0	  32.00	  0.000	 -15.50	  -3.50	  40.00	   9.29	  0.203	   8.71	   2.51	  63.53	  63.53	  63.53	  42.39	  1.300	 0.41512198	  0.547	 0.02274242	  0.023	 0.03094312	 0.2139	  0.600	  0.10935	 0.99855869	
m30416c4r6.htb	  225.0	  32.00	  0.000	   0.00	   0.00	  40.00	   5.92	  0.294	   7.07	   2.47	 135.98	 135.98	  44.02	  42.39	  0.683	 0.75306284	  0.754	 0.00240196	  0.042	 0.06812747	 0.2793	  0.693	  0.11021	 0.99853641	
m30416c2r8.htb	    0.0	  32.00	  0.000	   0.00	   0.00	  40.00	   6.57	  0.509	   4.84	   4.99	 243.09	 116.91	  63.09	  42.39	  1.530	 0.02725817	  0.371	 0.08162474	  0.100	 0.00427959	 0.4104	  0.667	  0.72019	 0.94881566	
m30716c1r3.htb	  225.0	  32.00	  0.000	 -16.00	 -25.00	  40.00	   4.63	  0.444	   4.25	   2.32	  34.13	  34.13	  34.13	  42.39	  1.191	 0.62849478	  0.303	 0.12425932	  0.026	 0.15074702	 0.3075	  0.855	  0.28772	 0.99059308	
m30716c2r9.htb	  225.0	  32.00	  0.000	   5.00	 -13.00	  40.00	   4.18	  0.464	   8.64	   5.90	 161.18	 161.18	  18.82	  97.79	  0.569	 0.00696082	  0.811	 0.00092714	  0.185	 0.00006860	 0.4414	  0.677	  0.41252	 0.98143944	
