FILE			 PrfOR	 PrfSF	 PrfTF	 RFXctr	 RFYctr	 RFDiam	 GrType	 MaxLoc	 MaxRsp	 MinLoc	 MinRsp	 Spont	 TFMI		 AnovaP	 TFDI  	 VarTerm	 MaxX 	 MinX 	 TFHWHM	 TFHW25	 TFHW20	 TFHW15	 TFHW10	 RsqMn	 PMean	 RsqRaw	 Praw		 Chi2		 ChiP		 Brat		 Ampl		 Peak		 SD		 Offst		
m51811c2r4.htb	   0.0	  0.03	 2.000	 10.00	 -10.00	 40.00	   0.0	 1.8500	  8.28	 16.0000	  2.27	  2.54	 1.048	 0.01093715	 0.420	  1.041	 16.00	  0.50	  1.9700	  3.2700	  3.6800	  4.2100	  4.9600	 0.9956	 0.00000711	 0.2379	 0.00008912	 0.0340	        NaN	  2.26	  6.02	 1.8473	 0.5914	 0.1000	
m52311c1r4.htb	   0.0	  0.03	 2.000	 -10.00	 -10.00	 40.00	   0.0	 1.2300	  3.45	 16.0000	  0.16	  0.80	 1.246	 0.00000865	 0.561	  0.567	 16.00	  0.50	  1.9300	  3.3700	  3.8400	  4.4700	  5.3800	 0.9054	 0.00346612	 0.3896	 0.00000010	 0.2000	        NaN	  0.15	  3.30	 1.2269	 0.7612	 0.1000	
m52311c2r4.htb	 270.0	  0.03	 2.000	  0.00	  0.00	 40.00	   0.0	 0.9300	  3.93	 16.0000	  0.05	  0.00	 1.000	 0.00010144	 0.597	  0.655	 16.00	  0.50	  2.0100	  3.6900	  4.2600	  5.0200	  6.1400	 0.8988	 0.00397562	 0.3336	 0.00000135	 0.3261	        NaN	  0.00	  3.93	 0.9273	 0.9255	 0.1000	
m71411c2r4.htb	 250.0	  0.01	 2.000	 -10.00	 -10.00	 40.00	   0.0	 1.5800	  5.32	 16.0000	  0.84	  1.19	 1.090	 0.00000534	 0.566	  0.621	 16.00	  0.50	  2.1000	  3.5700	  4.0500	  4.6700	  5.5600	 0.8438	 0.00967175	 0.3722	 0.00000023	 0.7686	        NaN	  0.82	  4.49	 1.5838	 0.6847	 0.1000	
m71411c3r4.htb	 200.0	  0.03	 2.000	  0.00	  0.00	 40.00	   0.0	 1.5200	 14.92	 16.0000	  2.25	  2.54	 1.025	 0.00000000	 0.642	  0.614	 16.00	  0.50	  1.9000	  3.2100	  3.6300	  4.1800	  4.9800	 0.9922	 0.00002281	 0.6360	 0.00000000	 0.1038	        NaN	  2.23	 12.70	 1.5173	 0.6568	 0.1000	
m72111c3r4.htb	  50.0	  0.05	 2.000	 -10.00	 -10.00	 40.00	   0.0	 2.0000	  2.80	 16.0000	  0.38	  0.35	 1.142	 0.00001183	 0.568	  0.425	 16.00	  0.50	  4.0600	  7.0100	  7.8700	  8.9000	 10.1600	 0.7758	 0.02047191	 0.3283	 0.00000172	 1.2089	        NaN	  0.00	  2.80	 2.0041	 1.0371	 0.0010	
m72111c3r44.htb	  50.0	  0.05	 2.000	 -10.00	 -10.00	 40.00	   0.0	 1.4200	  2.37	 16.0000	  0.12	  0.45	 1.194	 0.00001484	 0.552	  0.448	 16.00	  0.50	  2.5500	  4.5300	  5.1800	  6.0300	  7.2300	 0.9856	 0.00007774	 0.4119	 0.00000003	 0.0642	        NaN	  0.07	  2.30	 1.4178	 0.8474	 0.1000	
m81511c1r4.htb	   0.0	  0.01	 2.000	  5.00	 -10.00	 40.00	   0.0	 1.4200	  3.16	 16.0000	  0.43	  0.00	 0.889	 0.00013225	 0.480	  0.586	 16.00	  0.50	  2.7000	  4.8100	  5.5000	  6.4000	  7.6700	 0.8818	 0.00545773	 0.3213	 0.00000234	 0.4559	        NaN	  0.35	  2.81	 1.4196	 0.8815	 0.1000	
m81511c2r4.htb	   0.0	  0.01	 2.000	 10.00	  0.00	 40.00	   0.0	 1.7400	  2.37	 16.0000	  0.46	  0.10	 0.873	 0.00238660	 0.493	  0.522	 16.00	  0.50	  3.0400	  5.3300	  6.0600	  6.9900	  8.2600	 0.8975	 0.00408419	 0.2546	 0.00003946	 0.1856	        NaN	  0.39	  1.98	 1.7409	 0.8490	 0.1000	
m81511c3r4.htb	 200.0	  0.03	 2.000	 -10.00	 10.00	 40.00	   0.0	 1.7100	  5.21	 16.0000	  2.13	  0.90	 1.039	 0.11419759	 0.400	  0.711	 16.00	  0.50	  4.9600	  8.3700	  9.2800	 10.3000	 11.4500	 0.8759	 0.00603712	 0.1295	 0.00474177	 0.1864	        NaN	  0.73	  4.48	 1.7145	 1.4321	 0.1000	
m81611c2r4.htb	 100.0	  0.01	 2.000	 -5.00	 -10.00	 40.00	   0.0	 1.0500	  2.43	 16.0000	  0.86	  0.95	 1.060	 0.67453722	 0.273	  1.267	 16.00	  0.50	  0.5300	  0.8000	  0.8800	  0.9800	  1.1200	 0.5059	 0.11302223	 0.0285	 0.20084030	 0.2841	        NaN	  0.86	  1.58	 1.0548	 0.3323	 0.0010	
m82311c2r4.htb	   0.0	  0.03	 2.000	 15.00	 -10.00	 40.00	   0.0	 1.5100	  4.52	 16.0000	  0.13	  0.50	 1.124	 0.00000004	 0.692	  0.403	 16.00	  0.50	  2.7600	  4.8800	  5.5800	  6.4700	  7.7200	 0.9681	 0.00038507	 0.6089	 0.00000000	 0.3019	        NaN	  0.00	  4.52	 1.5140	 0.8601	 0.1000	
m82311c3r4.htb	   0.0	  0.03	 2.000	 10.00	 -5.00	 40.00	   0.0	 1.2800	  5.16	 16.0000	  0.49	  1.69	 1.411	 0.00007525	 0.588	  0.619	 16.00	  0.50	  2.8200	  5.1800	  5.9500	  6.9600	  8.3400	 0.9035	 0.00361470	 0.3422	 0.00000092	 0.1855	        NaN	  0.27	  4.89	 1.2751	 1.0221	 0.0010	
m90511c3r4.htb	  50.0	  0.05	 2.000	 -10.00	 -10.00	 40.00	   0.0	 1.6500	  8.83	 16.0000	  2.23	  2.63	 1.069	 0.00575224	 0.497	  0.748	 16.00	  0.50	  2.1200	  3.6100	  4.0800	  4.7100	  5.6000	 0.9780	 0.00018287	 0.3888	 0.00003738	 0.0419	        NaN	  2.20	  6.63	 1.6473	 0.6743	 0.1000	
m90511c4r4.htb	  50.0	  0.03	 2.000	  5.00	 -5.00	 40.00	   0.0	 1.7000	  6.40	 16.0000	  0.45	  1.49	 1.224	 0.00000000	 0.664	  0.450	 16.00	  0.50	  2.4100	  4.1500	  4.7100	  5.4300	  6.4700	 0.9679	 0.00038943	 0.6689	 0.00000000	 0.4746	        NaN	  0.39	  6.01	 1.7030	 0.7229	 0.1000	
m90811c1r4.htb	   0.0	  0.03	 2.000	 10.00	 -10.00	 40.00	   0.0	 1.5400	  4.26	 16.0000	  0.43	  0.50	 1.019	 0.00041529	 0.470	  0.758	 16.00	  0.50	  0.9400	  1.4600	  1.6100	  1.8000	  2.0700	 0.9889	 0.00004641	 0.3303	 0.00000157	 0.0531	        NaN	  0.43	  3.84	 1.5413	 0.3781	 0.1000	
m90811c2r4.htb	   0.0	  0.03	 2.000	  5.00	 -10.00	 40.00	   0.0	 1.9200	  8.79	 16.0000	  1.27	  1.07	 1.138	 0.01642870	 0.559	  0.874	 16.00	  0.50	  4.1000	  7.1000	  7.9700	  9.0100	 10.2800	 0.8332	 0.01107141	 0.2975	 0.00058164	 1.2224	        NaN	  0.00	  8.79	 1.9229	 1.0730	 0.0143	
m90811c2r4.htb	   0.0	  0.03	 2.000	  5.00	 -10.00	 40.00	   0.0	 1.9200	  8.79	 16.0000	  1.27	  1.07	 1.138	 0.01642870	 0.559	  0.874	 16.00	  0.50	  4.1000	  7.1000	  7.9700	  9.0100	 10.2800	 0.8332	 0.01107279	 0.2975	 0.00058169	 1.2224	        NaN	  0.00	  8.79	 1.9229	 1.0729	 0.0144	
m90811c3r4.htb	   0.0	  0.03	 2.000	 10.00	 -10.00	 40.00	   0.0	 1.6200	  6.40	 16.0000	  0.38	  0.85	 1.152	 0.00000855	 0.607	  0.628	 16.00	  0.50	  3.2700	  5.7900	  6.5800	  7.5900	  8.9300	 0.8947	 0.00431187	 0.4147	 0.00000011	 0.5429	        NaN	  0.00	  6.40	 1.6224	 0.9400	 0.1000	
m52311c3r4.htb	   0.0	  0.03	 2.000	 -10.00	 10.00	 40.00	   0.0	 0.9700	  5.79	 16.0000	  1.68	  1.89	 1.054	 0.00000079	 0.513	  0.487	 16.00	  0.50	  1.3800	  2.3700	  2.6900	  3.1100	  3.7300	 0.8405	 0.01010372	 0.4047	 0.00000005	 0.8361	        NaN	  1.68	  4.11	 0.9691	 0.6989	 0.1000	
m71411c1r4.htb	 250.0	  0.03	 2.000	 10.00	  0.00	 40.00	   0.0	 1.6500	  0.23	 16.0000	  0.00	  0.00	 1.000	 0.21473794	 0.386	  0.387	 16.00	  0.50	  1.1000	  1.7300	  1.9100	  2.1500	  2.4800	 0.8611	 0.00760126	 0.1032	 0.01232895	 0.1458	        NaN	  0.00	  0.23	 1.6500	 0.4094	 0.1000	
m71511c1r4.htb	  80.0	  0.03	 2.000	 10.00	 -10.00	 40.00	   0.0	 1.8500	  7.09	 0.5000	  2.66	  4.53	 1.731	 0.24012096	 0.363	  1.012	 16.00	  0.50	  0.1800	  0.2600	  0.2800	  0.3000	  0.3300	 0.5615	 0.08638210	 0.0643	 0.05057290	 0.4041	        NaN	  2.66	  4.43	 1.8492	 0.0703	 0.1000	
m71511c2r4.htb	   0.0	  0.03	 2.000	 20.00	 -30.00	 40.00	   0.0	 1.6600	 13.96	 10.2100	  9.38	 11.24	 1.687	 0.38978080	 0.323	  0.713	 16.00	  0.50	  0.5100	  0.7500	  0.8100	  0.9000	  1.0100	 0.7046	 0.03661244	 0.0633	 0.05254841	 0.1445	        NaN	  9.38	  4.58	 1.6640	 0.2079	 0.0929	
m72111c2r4.htb	 250.0	  0.03	 2.000	  0.00	 -10.00	 40.00	   0.0	 1.5500	  9.99	 16.0000	  1.17	  0.55	 0.948	 0.00000168	 0.604	  0.700	 16.00	  0.50	  2.4500	  4.2800	  4.8700	  5.6400	  6.7500	 0.9031	 0.00363812	 0.4622	 0.00000002	 0.8160	        NaN	  1.05	  8.94	 1.5548	 0.7758	 0.1000	
m72111c1r4.htb	 250.0	  0.03	 2.000	  5.00	 -10.00	 40.00	   0.0	 1.5700	  6.53	 16.0000	  1.11	  1.19	 1.016	 0.00000370	 0.569	  0.632	 16.00	  0.50	  1.4900	  2.4300	  2.7300	  3.1000	  3.6400	 0.9426	 0.00125848	 0.4233	 0.00000002	 0.4198	        NaN	  1.11	  5.42	 1.5698	 0.5378	 0.1000	
m80511c1r4.htb	 240.0	  0.01	 2.000	 -5.00	 10.00	 40.00	   0.0	 1.4500	  5.48	 16.0000	  0.53	  0.60	 1.013	 0.00000214	 0.551	  0.672	 16.00	  0.50	  1.5400	  2.5600	  2.8800	  3.3000	  3.8900	 0.9732	 0.00027225	 0.4486	 0.00000000	 0.1586	        NaN	  0.53	  4.95	 1.4453	 0.5854	 0.1000	
m80511c2r4.htb	   0.0	  0.03	 2.000	 10.00	 10.00	 40.00	   0.0	 1.7000	  4.70	 16.0000	  0.77	  0.75	 1.004	 0.00094351	 0.478	  0.748	 16.00	  0.50	  2.4200	  4.1700	  4.7400	  5.4700	  6.5200	 0.8822	 0.00541836	 0.2744	 0.00001749	 0.6735	        NaN	  0.73	  3.97	 1.6980	 0.7276	 0.1000	
m80911c1r4.htb	  50.0	  0.01	 2.000	  0.00	  0.00	 40.00	   0.0	 1.8300	  3.72	 16.0000	  1.14	  1.89	 1.452	 0.02387999	 0.407	  0.667	 16.00	  0.50	  2.9400	  5.1000	  5.7900	  6.6700	  7.8900	 0.9765	 0.00020845	 0.2033	 0.00029956	 0.0203	        NaN	  1.07	  2.65	 1.8343	 0.7981	 0.1000	
m81111c1r4.htb	 200.0	  0.03	 2.000	 10.00	 -10.00	 40.00	   0.0	 0.9400	  1.04	 16.0000	  0.39	  0.25	 0.826	 0.33839698	 0.237	  0.592	 16.00	  0.50	  1.6200	  2.8800	  3.3000	  3.8600	  4.6800	 0.7373	 0.02856060	 0.0718	 0.03848625	 0.0560	        NaN	  0.39	  0.65	 0.9351	 0.7995	 0.1000	
m81611c1r4.htb	   0.0	  0.01	 2.000	  0.00	 -10.00	 40.00	   0.0	 1.4400	  9.73	 16.0000	  3.44	  1.22	 0.739	 0.00039034	 0.471	  0.716	 16.00	  0.50	  1.2700	  2.0500	  2.2900	  2.6000	  3.0300	 0.9368	 0.00152853	 0.3446	 0.00000307	 0.2728	        NaN	  3.44	  6.29	 1.4412	 0.5052	 0.1000	
m81611c3r4.htb	 180.0	  0.01	 2.000	 -10.00	  0.00	 40.00	   0.0	 0.5000	  8.84	 16.0000	  0.69	  2.14	 1.246	 0.00001233	 0.546	  0.968	 16.00	  0.50	  1.6700	  3.4000	  4.0300	  4.9000	  6.2100	 0.9630	 0.00052024	 0.4066	 0.00000004	 0.1448	        NaN	  0.49	  8.34	 0.5000	 1.2603	 0.0010	
m81711c3r4.htb	 100.0	  0.03	 2.000	 10.00	  5.00	 40.00	   0.0	 1.7700	 11.19	 16.0000	  3.70	  4.23	 1.607	 0.00758284	 0.400	  1.203	 16.00	  0.50	  5.0500	  8.4700	  9.3700	 10.3700	 11.4900	 0.6605	 0.04932986	 0.1634	 0.00136148	 0.3143	        NaN	  0.00	 11.19	 1.7714	 1.4473	 0.1000	
m81711c3r4.htb	 100.0	  0.03	 2.000	 10.00	  5.00	 40.00	   0.0	 1.7700	 11.19	 16.0000	  3.70	  4.23	 1.607	 0.00758284	 0.400	  1.203	 16.00	  0.50	  5.0500	  8.4700	  9.3700	 10.3700	 11.4900	 0.6605	 0.04932997	 0.1634	 0.00136148	 0.3143	        NaN	  0.00	 11.19	 1.7714	 1.4473	 0.1000	
m81711c1r4.htb	 180.0	  0.01	 2.000	 10.00	 -10.00	 40.00	   0.0	 1.6500	 12.80	 16.0000	  2.19	  2.74	 1.077	 0.00000000	 0.615	  0.688	 16.00	  0.50	  2.6800	  4.6900	  5.3300	  6.1700	  7.3600	 0.9780	 0.00018282	 0.6066	 0.00000000	 0.2279	        NaN	  1.96	 10.84	 1.6498	 0.7985	 0.1000	
m81711c2r4.htb	 200.0	  0.03	 2.000	 10.00	 -10.00	 40.00	   0.0	 2.3200	  5.58	 16.0000	  1.03	  0.40	 1.077	 0.00065090	 0.544	  0.617	 16.00	  0.50	  4.5400	  7.5800	  8.4200	  9.4000	 10.5500	 0.8357	 0.01072993	 0.2687	 0.00002212	 0.4568	        NaN	  0.00	  5.58	 2.3174	 1.0319	 0.1000	
m82311c2r4.htb	   0.0	  0.03	 2.000	 15.00	 -10.00	 40.00	   0.0	 1.5100	  4.52	 16.0000	  0.13	  0.50	 1.124	 0.00000004	 0.692	  0.403	 16.00	  0.50	  2.7600	  4.8800	  5.5800	  6.4700	  7.7200	 0.9681	 0.00038506	 0.6089	 0.00000000	 0.3019	        NaN	  0.00	  4.52	 1.5140	 0.8601	 0.1000	
m82311c1r4.htb	   0.0	  0.03	 2.000	  0.00	  0.00	 40.00	   0.0	 1.0200	  7.35	 16.0000	  5.13	  5.52	 1.335	 0.33213208	 0.305	  0.563	 16.00	  0.50	  3.0800	  5.8500	  6.7500	  7.8900	  9.4000	 0.9405	 0.00135417	 0.0925	 0.01815808	 0.0448	        NaN	  4.91	  2.45	 1.0214	 1.2581	 0.0010	
m82411c1r4.htb	  20.0	  0.03	 2.000	 10.00	 -10.00	 40.00	   0.0	 1.5200	  4.11	 16.0000	  0.08	  0.25	 1.045	 0.00001140	 0.548	  0.742	 16.00	  0.50	  1.8400	  3.1000	  3.5000	  4.0200	  4.7800	 0.9141	 0.00285364	 0.3875	 0.00000011	 0.7267	        NaN	  0.08	  4.03	 1.5208	 0.6407	 0.1000	
m82511c2r4.htb	 200.0	  0.03	 2.000	  0.00	 10.00	 40.00	   0.0	 1.3000	  9.09	 16.0000	  1.92	  2.34	 1.090	 0.00000004	 0.579	  0.613	 16.00	  0.50	  2.5100	  4.5400	  5.2200	  6.1000	  7.3600	 0.8760	 0.00602164	 0.4728	 0.00000000	 0.7156	        NaN	  1.73	  7.36	 1.3039	 0.9229	 0.0010	
m82511c3r4.htb	   0.0	  0.03	 2.000	 10.00	 10.00	 40.00	   0.0	 2.3900	 11.17	 16.0000	  2.14	  1.24	 1.125	 0.00000140	 0.581	  0.699	 16.00	  0.50	  4.6100	  7.6500	  8.4800	  9.4400	 10.5700	 0.9688	 0.00036949	 0.4551	 0.00000000	 0.0891	        NaN	  0.00	 11.17	 2.3934	 1.0264	 0.1000	
m90511c1r4.htb	   0.0	  0.03	 2.000	 10.00	 -10.00	 40.00	   0.0	 1.8800	  8.18	 16.0000	  3.20	  5.22	 1.777	 0.11078297	 0.445	  0.671	 16.00	  0.50	  3.2400	  5.6600	  6.4300	  7.3900	  8.6800	 0.9928	 0.00001933	 0.2854	 0.00196371	 0.0050	        NaN	  2.93	  5.25	 1.8811	 0.8798	 0.0010	
m90511c2r4.htb	 200.0	  0.03	 2.000	 -10.00	 10.00	 40.00	   0.0	 1.4400	 13.94	 16.0000	  4.04	  5.83	 1.221	 0.00000001	 0.693	  0.426	 16.00	  0.50	  1.4600	  2.4000	  2.7000	  3.0800	  3.6300	 0.9267	 0.00206905	 0.6902	 0.00000000	 1.1946	        NaN	  4.04	  9.91	 1.4370	 0.5637	 0.1000	
m91211c2r4.htb	   0.0	  0.01	 2.000	  0.00	 10.00	 40.00	   0.0	 2.2700	  3.08	 16.0000	  1.19	  2.35	 4.058	 0.04171812	 0.430	  0.526	 16.00	  0.50	  5.3000	  8.6000	  9.4300	 10.3400	 11.3500	 0.7302	 0.03021963	 0.2078	 0.00402773	 1.2199	        NaN	  0.10	  2.99	 2.2677	 1.3790	 0.0010	
m91211c3r4.htb	   0.0	  0.01	 2.000	 -5.00	 -5.00	 40.00	   0.0	 2.1300	 10.03	 16.0000	  6.16	  8.86	 3.301	 0.19867957	 0.346	  0.865	 16.00	  0.50	  1.0500	  1.6100	  1.7700	  1.9800	  2.2600	 0.6683	 0.04692899	 0.0825	 0.02606942	 0.2026	        NaN	  6.16	  3.86	 2.1311	 0.3349	 0.0010	
m90711c3r4.htb	   0.0	  0.01	 2.000	 10.00	 -10.00	 40.00	   0.0	 1.2600	  9.99	 16.0000	  1.86	  2.29	 1.068	 0.00004795	 0.502	  0.877	 16.00	  0.50	  2.2500	  3.9900	  4.5700	  5.3300	  6.4300	 0.9208	 0.00241968	 0.3590	 0.00000042	 0.3760	        NaN	  1.76	  8.23	 1.2621	 0.8303	 0.1000	
m90711c2r4.htb	  80.0	  0.01	 2.000	  5.00	 10.00	 40.00	   0.0	 1.3700	  8.19	 16.0000	  1.72	  1.49	 0.970	 0.00209652	 0.466	  0.964	 16.00	  0.50	  2.0100	  3.4800	  3.9600	  4.5900	  5.5000	 0.8843	 0.00523042	 0.2543	 0.00003994	 0.3055	        NaN	  1.69	  6.49	 1.3728	 0.7299	 0.1000	
m90711c4r4.htb	  80.0	  0.01	 1.000	 10.00	 10.00	 40.00	   0.0	 1.0400	  8.21	 16.0000	  0.20	  0.15	 1.014	 0.00000045	 0.620	  0.727	 16.00	  0.50	  2.2900	  4.1900	  4.8400	  5.6900	  6.9100	 0.9461	 0.00110923	 0.4663	 0.00000000	 0.3603	        NaN	  0.04	  8.17	 1.0440	 0.9422	 0.1000	
m92011c1r4.htb	   0.0	  0.03	 2.000	 10.00	 10.00	 40.00	   0.0	 0.5000	  3.21	 16.0000	  1.35	  2.49	 3.776	 0.86522725	 0.313	  0.916	 16.00	  0.50	  3.5600	  7.2700	  8.3900	  9.7100	 11.2800	 0.8045	 0.01538456	 0.0438	 0.20741205	 0.1247	        NaN	  0.48	  2.74	 0.5000	 2.2890	 0.0010	
m22812c16r4.htb	 180.0	  0.03	 2.000	 -10.00	 -10.00	 40.00	   0.0	 3.4400	  7.24	 0.5000	  3.76	  2.84	 0.802	 0.22425236	 0.395	  0.663	 16.00	  0.50	  3.6400	  6.0200	  6.7600	  7.7000	  9.0100	 0.7618	 0.02324209	 0.1478	 0.01882302	 0.4467	        NaN	  3.71	  3.52	 3.4396	 0.6043	 0.1000	
m61212c1r4.htb	 180.0	  0.05	 2.000	 -10.00	 -10.00	 40.00	   0.0	 2.1600	  3.58	 16.0000	  0.40	  0.83	 1.178	 0.00022053	 0.526	  0.532	 16.00	  0.50	  2.8600	  4.8600	  5.4800	  6.2900	  7.4100	 0.9385	 0.00144632	 0.3728	 0.00000154	 0.2014	        NaN	  0.34	  3.25	 2.1648	 0.7011	 0.1000	
m61212c2r4.htb	 180.0	  0.05	 2.000	 -10.00	 -10.00	 40.00	   0.0	 2.1700	  3.48	 16.0000	  0.38	  0.90	 1.230	 0.00001763	 0.542	  0.509	 16.00	  0.50	  2.9600	  5.0300	  5.6800	  6.5200	  7.6700	 0.9412	 0.00132068	 0.3896	 0.00000010	 0.2280	        NaN	  0.30	  3.17	 2.1724	 0.7184	 0.1000	
