FILE			 PrfOR	 PrfSF	 PrfTF	 RFXctr	 RFYctr	 RFDiam	 GrType	 MaxLoc	 MaxRsp	 MinLoc	 MinRsp	 AvgRsp	 Spont	 ModIx	 AnovaP	 DDI  	 VarTerm	 MSgrp	 MSerror	 MaxX 	 MinX 	 MaxLoc	 HWHM	
m70108c1r4.htb	   0.0	  0.03	 2.000	 20.00	 -15.00	 40.00	   0.0	  0.00	 13.08	 251.00	  6.15	  9.80	  4.63	 0.579	 0.00000000	 0.581	  0.486	      2.113	      0.237	 330.00	  0.00	  0.00	 34.00	
m70110c1r4.htb	   0.0	  0.03	 2.000	 -10.00	 -5.00	 40.00	   0.0	 295.00	  2.77	  0.00	  1.09	  1.66	  1.24	 0.551	 0.50247964	 0.341	  0.573	      0.310	      0.328	 330.00	  0.00	 9999.00	 9999.00	
m70110c2r4.htb	   0.0	  0.03	 2.000	 10.00	 -15.00	 40.00	   0.0	  0.00	  1.27	 230.00	  0.47	  1.24	  0.25	 0.707	 0.94989837	 0.291	  0.831	      0.282	      0.691	 330.00	  0.00	 9999.00	 9999.00	
m70110c3r4.htb	   0.0	  0.03	 2.000	 10.00	 -15.00	 40.00	   0.0	 127.00	  6.01	 244.00	  4.04	  5.46	  2.29	 0.464	 0.29535447	 0.386	  0.678	      0.553	      0.460	 330.00	  0.00	 9999.00	 9999.00	
m70111c1r4.htb	   0.0	  0.03	 2.000	  0.00	  0.00	 50.00	   0.0	 255.00	 17.39	 295.00	 13.57	 15.36	 14.83	 0.301	 0.38195209	 0.354	  0.582	      0.367	      0.339	 330.00	  0.00	 9999.00	 9999.00	
m70112c1r4.htb	   0.0	  0.03	 2.000	  0.00	  0.00	 50.00	   0.0	 114.00	  5.97	 161.00	  3.70	  4.45	  3.28	 0.433	 0.22086817	 0.387	  0.497	      0.328	      0.247	 330.00	  0.00	 9999.00	 9999.00	
m70116c1r4.htb	   0.0	  0.03	 2.000	  0.00	  0.00	 40.00	   0.0	 15.00	  7.94	 290.00	  0.81	  4.92	  0.15	 0.830	 0.00000000	 0.454	  1.276	     11.491	      1.629	 330.00	  0.00	 15.00	 35.00	
m70117c1r4.htb	   0.0	  0.03	 2.000	 15.00	 -5.00	 40.00	   0.0	 139.00	  8.07	 211.00	  5.50	  6.22	  3.98	 0.363	 0.14432754	 0.381	  0.472	      0.332	      0.223	 330.00	  0.00	 9999.00	 9999.00	
m70117c2r4.htb	 180.0	  0.03	 2.000	 20.00	 -10.00	 50.00	   0.0	 13.00	  9.63	 91.00	  6.18	  7.97	  5.77	 0.396	 0.02972829	 0.450	  0.439	      0.397	      0.193	 330.00	  0.00	 9999.00	 9999.00	
m70117c3r4.htb	  30.0	  0.03	 2.000	 20.00	 -20.00	 50.00	   0.0	 54.00	 26.21	 115.00	 20.30	 22.34	 20.34	 0.218	 0.41461305	 0.371	  0.506	      0.268	      0.256	 330.00	  0.00	 9999.00	 9999.00	
m70118c1r4.htb	   0.0	  0.05	 2.000	  0.00	  0.00	 40.00	   0.0	 77.00	  8.52	 124.00	  1.46	  3.45	  0.00	 0.669	 0.03845921	 0.438	  0.921	      1.670	      0.848	 330.00	  0.00	 9999.00	 9999.00	
m70118c2r4.htb	 180.0	  0.05	 4.000	  0.00	  0.00	 40.00	   0.0	 330.00	  2.63	 308.00	  1.55	  2.54	  1.32	 0.484	 0.32060271	 0.289	  0.714	      0.589	      0.510	 330.00	  0.00	 9999.00	 9999.00	
m70122c1r4.htb	   0.0	  0.03	 4.000	  0.00	  0.00	 100.00	   0.0	 255.00	  8.85	 284.00	  6.47	  7.48	  5.57	 0.313	 0.03725161	 0.416	  0.376	      0.279	      0.141	 330.00	  0.00	 9999.00	 9999.00	
m70123c1r4.htb	   0.0	  0.03	 4.000	 -20.00	  0.00	 120.00	   0.0	  0.00	  2.34	 72.00	  1.19	  1.68	  1.19	 0.510	 0.58967784	 0.326	  0.571	      0.278	      0.326	 330.00	  0.00	 9999.00	 9999.00	
m70123c3r4.htb	 180.0	  0.03	 2.000	  0.00	  0.00	 120.00	   0.0	 160.00	 19.67	 93.00	 11.51	 14.26	 10.15	 0.422	 0.10743787	 0.415	  0.747	      0.896	      0.558	 330.00	  0.00	 9999.00	 9999.00	
m70124c1r4.htb	   0.0	  0.03	 2.000	  0.00	  0.00	 60.00	   0.0	 257.00	  5.34	  3.00	  4.70	  5.06	  2.89	 0.211	 0.94294307	 0.245	  0.409	      0.071	      0.167	 330.00	  0.00	 9999.00	 9999.00	
m70124c2r4.htb	   0.0	  0.03	 2.000	 10.00	 -20.00	 80.00	   0.0	 255.00	  7.03	 128.00	  5.30	  6.29	  3.48	 0.346	 0.29210213	 0.366	  0.480	      0.278	      0.230	 330.00	  0.00	 9999.00	 9999.00	
m70124c3r4.htb	 180.0	  0.03	 2.000	  0.00	  0.00	 100.00	   0.0	 168.00	  8.63	 204.00	  6.42	  6.92	  5.16	 0.190	 0.97097257	 0.209	  0.535	      0.101	      0.286	 330.00	  0.00	 9999.00	 9999.00	
m70124c4r4.htb	 180.0	  0.03	 2.000	 10.00	 -20.00	 60.00	   0.0	 250.00	 13.25	 178.00	  8.88	 11.52	  6.52	 0.345	 0.07340984	 0.406	  0.560	      0.547	      0.314	 330.00	  0.00	 9999.00	 9999.00	
m70125c1r4.htb	   0.0	  0.03	 2.000	  0.00	  0.00	 60.00	   0.0	 257.00	  7.02	 300.00	  2.85	  3.65	  0.65	 0.490	 0.00790322	 0.449	  0.408	      0.416	      0.167	 330.00	  0.00	 257.00	 14.00	
m70125c2r4.htb	 180.0	  0.03	 2.000	  0.00	  0.00	 120.00	   0.0	 285.00	 12.31	 253.00	  5.68	  7.04	  3.93	 0.363	 0.77663347	 0.312	  0.668	      0.293	      0.447	 330.00	  0.00	 9999.00	 9999.00	
m70125c3r4.htb	 180.0	  0.03	 2.000	  0.00	 -5.00	 100.00	   0.0	  1.00	  7.16	 56.00	  5.86	  6.52	  3.98	 0.224	 0.84186563	 0.268	  0.442	      0.113	      0.195	 330.00	  0.00	 9999.00	 9999.00	
m70125c4r4.htb	 180.0	  0.03	 2.000	  0.00	  0.00	 100.00	   0.0	 52.00	 29.12	 182.00	 23.83	 26.07	 15.52	 0.210	 0.00039420	 0.456	  0.370	      0.471	      0.137	 330.00	  0.00	 52.00	 60.00	
m70126c1r4.htb	 180.0	  0.03	 2.000	  0.00	  0.00	 60.00	   0.0	 151.00	  5.07	 63.00	  2.13	  3.67	  1.89	 0.547	 0.01051478	 0.410	  0.541	      0.702	      0.292	 330.00	  0.00	 9999.00	 9999.00	
m70126c3r4.htb	   0.0	  0.03	 2.000	 10.00	 -15.00	 60.00	   0.0	 138.00	 13.95	 13.00	 12.63	 13.50	  9.35	 0.227	 0.01346494	 0.443	  0.291	      0.197	      0.085	 330.00	  0.00	 9999.00	 9999.00	
m70126c4r4.htb	   0.0	  0.03	 4.000	 10.00	 -10.00	 60.00	   0.0	 15.00	  9.30	 96.00	  4.95	  6.43	  4.93	 0.597	 0.00000000	 0.625	  0.338	      1.326	      0.114	 330.00	  0.00	 15.00	 35.00	
m70126c5r4.htb	   0.0	  0.03	 4.000	 10.00	 -10.00	 60.00	   0.0	 154.00	  6.10	 175.00	  4.67	  5.47	  0.90	 0.348	 0.16648912	 0.376	  0.417	      0.250	      0.174	 330.00	  0.00	 9999.00	 9999.00	
m70129c1r4.htb	   0.0	  0.03	 2.000	  0.00	 -10.00	 60.00	   0.0	 158.00	  8.97	 257.00	  5.49	  7.15	  4.48	 0.514	 0.10336364	 0.421	  0.604	      0.592	      0.365	 330.00	  0.00	 9999.00	 9999.00	
m70131c1r4.htb	   0.0	  0.03	 2.000	  0.00	  0.00	 100.00	   0.0	 310.00	 14.60	 270.00	  8.04	  9.10	  2.74	 0.376	 0.21607826	 0.394	  0.598	      0.477	      0.358	 330.00	  0.00	 9999.00	 9999.00	
m70131c2r4.htb	   0.0	  0.03	 2.000	 15.00	 -10.00	 60.00	   0.0	 315.00	 12.87	 45.00	  7.35	  9.56	  4.98	 0.436	 0.12751572	 0.394	  0.735	      0.832	      0.540	 330.00	  0.00	 9999.00	 9999.00	
m70131c2r4.htb	   0.0	  0.03	 2.000	 15.00	 -10.00	 60.00	   0.0	 315.00	 12.84	 44.00	  7.33	  9.56	  4.98	 0.436	 0.12751572	 0.394	  0.735	      0.832	      0.540	 330.00	  0.00	 9999.00	 9999.00	
m70201c1r4.htb	 180.0	  0.03	 2.000	  0.00	  0.00	 80.00	   0.0	 139.00	 11.64	 166.00	 10.53	 11.41	  8.16	 0.207	 0.97888870	 0.223	  0.586	      0.112	      0.344	 330.00	  0.00	 9999.00	 9999.00	
m70201c3r4.htb	 360.0	  0.03	 2.000	 10.00	 -20.00	 60.00	   0.0	 285.00	  3.22	 83.00	  2.07	  2.65	  1.84	 0.414	 0.33133135	 0.362	  0.492	      0.279	      0.243	 330.00	  0.00	 9999.00	 9999.00	
m70202c1r4.htb	   0.0	  0.03	 2.000	  0.00	 -15.00	 60.00	   0.0	 254.00	 12.47	 289.00	  4.15	  5.09	  2.34	 0.493	 0.00147180	 0.441	  0.488	      0.720	      0.238	 330.00	  0.00	 254.00	 12.00	
m70202c2r4.htb	 180.0	  0.03	 2.000	 20.00	 -20.00	 60.00	   0.0	 253.00	 58.09	 225.00	 22.97	 26.62	  8.41	 0.298	 0.00297987	 0.487	  0.470	      0.619	      0.221	 330.00	  0.00	 253.00	 11.00	
m70202c3r4.htb	   0.0	  0.03	 2.000	 10.00	 -10.00	 60.00	   0.0	 83.00	 15.59	 151.00	  9.48	 11.65	  6.72	 0.410	 0.00000001	 0.592	  0.316	      0.714	      0.100	 330.00	  0.00	 83.00	 27.00	
m70202c4r4.htb	   0.0	  0.03	 2.000	 20.00	 -25.00	 50.00	   0.0	 53.00	 35.61	 117.00	 24.18	 27.25	  6.67	 0.380	 0.00025001	 0.527	  0.566	      1.150	      0.321	 330.00	  0.00	 53.00	 24.00	
m70202c5r4.htb	   0.0	  0.03	 2.000	 20.00	 -20.00	 60.00	   0.0	 15.00	 31.14	 125.00	 23.97	 25.96	  7.76	 0.326	 0.00007426	 0.523	  0.462	      0.847	      0.213	 330.00	  0.00	 15.00	 42.00	
m70205c1r4.htb	   0.0	  0.03	 2.000	 10.00	 -10.00	 60.00	   0.0	 265.00	 27.52	 186.00	 18.37	 21.67	 10.81	 0.341	 0.00000006	 0.524	  0.455	      1.272	      0.207	 330.00	  0.00	 265.00	 26.00	
m70205c2r4.htb	   0.0	  0.03	 2.000	  0.00	  0.00	 60.00	   0.0	 91.00	  4.03	 66.00	  2.72	  3.25	  2.14	 0.429	 0.09401469	 0.395	  0.388	      0.248	      0.150	 330.00	  0.00	 9999.00	 9999.00	
m70205c3r4.htb	   0.0	  0.03	 2.000	 -5.00	 -10.00	 60.00	   0.0	 195.00	  6.87	 48.00	  4.91	  5.99	  4.18	 0.353	 0.05062466	 0.438	  0.365	      0.250	      0.133	 330.00	  0.00	 9999.00	 9999.00	
m70207c1r4.htb	   0.0	  0.03	 2.000	 -10.00	 -10.00	 100.00	   0.0	 318.00	  9.60	 138.00	  7.37	  8.59	  6.97	 0.268	 0.05777130	 0.385	  0.385	      0.271	      0.148	 330.00	  0.00	 9999.00	 9999.00	
m70207c2r4.htb	 180.0	  0.03	 2.000	  0.00	 -20.00	 60.00	   0.0	 288.00	  8.75	 324.00	  5.38	  5.87	  5.47	 0.230	 0.80088954	 0.316	  0.346	      0.075	      0.120	 330.00	  0.00	 9999.00	 9999.00	
m70208c1r4.htb	   0.0	  0.03	 2.000	  0.00	  0.00	 100.00	   0.0	 75.00	  4.86	 115.00	  1.82	  2.79	  1.34	 0.507	 0.24979301	 0.350	  0.582	      0.431	      0.339	 330.00	  0.00	 9999.00	 9999.00	
m70208c2r4.htb	 360.0	  0.03	 2.000	  0.00	 -15.00	 60.00	   0.0	 292.00	 10.89	 228.00	  5.38	  6.61	  2.89	 0.595	 0.00779745	 0.489	  0.605	      0.914	      0.366	 330.00	  0.00	 292.00	 23.00	
m70208c3r4.htb	 300.0	  0.03	 2.000	  0.00	 -20.00	 60.00	   0.0	 288.00	  8.81	 48.00	  5.54	  7.43	  3.03	 0.425	 0.10301452	 0.380	  0.564	      0.515	      0.318	 330.00	  0.00	 9999.00	 9999.00	
m70208c4r4.htb	 300.0	  0.03	 2.000	 -10.00	 -15.00	 50.00	   0.0	 160.00	 19.25	 281.00	 13.37	 16.54	  8.81	 0.375	 0.01006373	 0.456	  0.566	      0.775	      0.321	 330.00	  0.00	 9999.00	 9999.00	
m70208c5r4.htb	 180.0	  0.03	 4.000	  0.00	 -10.00	 60.00	   0.0	 67.00	 23.54	 176.00	 13.67	 19.42	  7.96	 0.442	 0.00000026	 0.597	  0.423	      1.186	      0.179	 330.00	  0.00	 67.00	 54.00	
m70209c1r4.htb	   0.0	  0.03	 2.000	 -5.00	 -15.00	 60.00	   0.0	 76.00	 33.19	 110.00	 14.30	 16.21	  5.82	 0.310	 0.03966479	 0.425	  0.509	      0.508	      0.260	 330.00	  0.00	 9999.00	 9999.00	
m70209c2r4.htb	   0.0	  0.05	 2.000	 -5.00	 -15.00	 50.00	   0.0	 165.00	 12.76	 326.00	 10.29	 11.91	  9.35	 0.300	 0.43184158	 0.348	  0.545	      0.304	      0.298	 330.00	  0.00	 9999.00	 9999.00	
m70212c1r4.htb	   0.0	  0.03	 2.000	 10.00	 -25.00	 60.00	   0.0	 73.00	 20.46	 108.00	  6.49	  7.57	  2.99	 0.506	 0.00272716	 0.507	  0.503	      0.718	      0.253	 330.00	  0.00	 73.00	 12.00	
m70212c2r4.htb	   0.0	  0.03	 2.000	 10.00	 -20.00	 40.00	   0.0	 31.00	  4.64	 293.00	  3.53	  4.15	  2.54	 0.245	 0.13255780	 0.353	  0.262	      0.105	      0.069	 330.00	  0.00	 9999.00	 9999.00	
m70212c3r4.htb	   0.0	  0.03	 2.000	 10.00	 -30.00	 60.00	   0.0	 284.00	 19.82	 10.00	 12.25	 15.67	  5.37	 0.542	 0.00000000	 0.662	  0.376	      1.996	      0.141	 330.00	  0.00	 284.00	 41.00	
m70212c4r4.htb	   0.0	  0.03	 2.000	  0.00	 -30.00	 60.00	   0.0	 132.00	  3.47	 96.00	  1.68	  2.11	  0.55	 0.434	 0.50022581	 0.382	  0.341	      0.110	      0.116	 330.00	  0.00	 9999.00	 9999.00	
m70213c1r4.htb	   0.0	  0.03	 2.000	 -5.00	 -15.00	 40.00	   0.0	 277.00	  2.77	 209.00	  1.18	  2.11	  0.00	 0.508	 0.11081297	 0.406	  0.499	      0.397	      0.249	 330.00	  0.00	 9999.00	 9999.00	
m70216c1r4.htb	   0.0	  0.03	 4.000	  0.00	 -15.00	 60.00	   0.0	 19.00	  8.12	 55.00	  2.38	  3.94	  2.79	 0.631	 0.08118443	 0.449	  0.739	      0.932	      0.546	 330.00	  0.00	 9999.00	 9999.00	
m70219c1r4.htb	   0.0	  0.03	 2.000	 -10.00	 10.00	 40.00	   0.0	 88.00	  4.25	 30.00	  0.64	  2.32	  1.54	 0.896	 0.00989380	 0.454	  0.879	      1.868	      0.772	 330.00	  0.00	 88.00	 20.00	
m70222c1r4.htb	   0.0	  0.03	 2.000	  0.00	  0.00	 100.00	   0.0	 289.00	 10.91	  1.00	  3.58	  4.41	  1.74	 0.415	 0.43861760	 0.373	  0.589	      0.352	      0.347	 330.00	  0.00	 9999.00	 9999.00	
m70222c2r4.htb	   0.0	  0.03	 2.000	  0.00	  0.00	 100.00	   0.0	 135.00	  4.47	 102.00	  2.66	  3.62	  2.69	 0.469	 0.26232214	 0.409	  0.465	      0.271	      0.216	 330.00	  0.00	 9999.00	 9999.00	
m70222c3r4.htb	 180.0	  0.03	 2.000	  0.00	 -10.00	 100.00	   0.0	 285.00	 13.66	 149.00	 10.52	 12.70	  9.65	 0.361	 0.31478110	 0.397	  0.617	      0.446	      0.380	 330.00	  0.00	 9999.00	 9999.00	
m70222c4r4.htb	 180.0	  0.03	 2.000	  0.00	 -25.00	 60.00	   0.0	 50.00	  5.40	 133.00	  1.95	  3.62	  1.69	 0.596	 0.00000004	 0.545	  0.425	      1.164	      0.180	 330.00	  0.00	 50.00	 35.00	
m70223c1r4.htb	   0.0	  0.03	 2.000	 10.00	 10.00	 50.00	   0.0	 318.00	  7.40	 40.00	  2.44	  3.43	  1.14	 0.467	 0.89564221	 0.286	  0.842	      0.359	      0.709	 330.00	  0.00	 9999.00	 9999.00	
m70223c2r4.htb	   0.0	  0.05	 2.000	  0.00	  0.00	 100.00	   0.0	 133.00	 10.16	 162.00	  4.51	  6.24	  4.08	 0.571	 0.12977598	 0.397	  0.800	      0.981	      0.639	 330.00	  0.00	 9999.00	 9999.00	
m70223c3r4.htb	   0.0	  0.05	 2.000	  0.00	  0.00	 100.00	   0.0	 66.00	  9.89	 22.00	  6.83	  7.65	  6.54	 0.372	 0.02681353	 0.367	  0.597	      0.724	      0.357	 330.00	  0.00	 9999.00	 9999.00	
m70226c1r4.htb	   0.0	  0.03	 2.000	 -5.00	 -5.00	 70.00	   0.0	 223.00	  2.64	 306.00	  1.58	  2.23	  0.95	 0.404	 0.55557920	 0.354	  0.448	      0.178	      0.201	 330.00	  0.00	 9999.00	 9999.00	
m70226c2r4.htb	 120.0	  0.03	 2.000	 20.00	 -5.00	 60.00	   0.0	 193.00	 10.84	 153.00	  6.14	  7.23	  5.37	 0.394	 0.17724532	 0.405	  0.474	      0.318	      0.225	 330.00	  0.00	 9999.00	 9999.00	
m70226c3r4.htb	 180.0	  0.03	 2.000	  0.00	 -10.00	 60.00	   0.0	 103.00	 19.20	 131.00	  7.35	  8.71	  5.17	 0.350	 0.28515079	 0.356	  0.582	      0.411	      0.338	 330.00	  0.00	 9999.00	 9999.00	
m70306c1r4.htb	   0.0	  0.03	 2.000	 -10.00	 -10.00	 60.00	   0.0	 89.00	  4.85	 151.00	  2.98	  3.95	  1.79	 0.408	 0.28209894	 0.336	  0.602	      0.442	      0.362	 330.00	  0.00	 9999.00	 9999.00	
m70306c2r4.htb	   0.0	  0.03	 2.000	  0.00	  0.00	 100.00	   0.0	 255.00	  8.08	 160.00	  5.51	  6.71	  2.94	 0.492	 0.00010938	 0.495	  0.453	      0.788	      0.205	 330.00	  0.00	 255.00	 44.00	
m70306c3r4.htb	 240.0	  0.03	 2.000	 20.00	 10.00	 60.00	   0.0	 281.00	 16.80	 324.00	  8.65	 11.09	  5.22	 0.447	 0.00642994	 0.463	  0.584	      0.873	      0.341	 330.00	  0.00	 281.00	 15.00	
m70308c1r4.htb	   0.0	  0.03	 2.000	 20.00	 -10.00	 60.00	   0.0	 91.00	 10.43	 147.00	  7.28	  8.50	  1.24	 0.346	 0.00948468	 0.442	  0.397	      0.383	      0.157	 330.00	  0.00	 91.00	 23.00	
m70308c2r4.htb	   0.0	  0.03	 2.000	 -5.00	 -5.00	 50.00	   0.0	  9.00	 10.24	 329.00	  7.73	  8.19	  3.48	 0.253	 0.56300276	 0.355	  0.407	      0.146	      0.166	 330.00	  0.00	 9999.00	 9999.00	
m70309c1r4.htb	   0.0	  0.03	 2.000	  0.00	 -10.00	 50.00	   0.0	 49.00	  3.27	 203.00	  2.36	  2.94	  0.95	 0.315	 0.60205595	 0.310	  0.417	      0.146	      0.174	 330.00	  0.00	 9999.00	 9999.00	
m70309c2r4.htb	   0.0	  0.03	 2.000	  0.00	 -5.00	 50.00	   0.0	 282.00	  9.79	  5.00	  6.47	  8.82	  2.46	 0.268	 0.99972551	 0.115	  1.521	      0.290	      2.315	 330.00	  0.00	 9999.00	 9999.00	
m70309c3r4.htb	   0.0	  0.03	 2.000	  5.00	  0.00	 50.00	   0.0	 13.00	 28.98	 95.00	 18.16	 18.89	  5.27	 0.327	 0.05474279	 0.454	  0.518	      0.495	      0.268	 330.00	  0.00	 9999.00	 9999.00	
m70312c1r4.htb	   0.0	  0.03	 2.000	 -5.00	  0.00	 70.00	   0.0	 225.00	  4.85	 60.00	  3.73	  4.25	  0.70	 0.257	 0.82212176	 0.262	  0.521	      0.164	      0.271	 330.00	  0.00	 9999.00	 9999.00	
m70313c1r4.htb	   0.0	  0.03	 2.000	  0.00	  0.00	 100.00	   0.0	 79.00	 20.28	 211.00	 12.59	 14.98	 10.75	 0.343	 0.00220535	 0.479	  0.456	      0.602	      0.208	 330.00	  0.00	 79.00	 22.00	
m70313c2r4.htb	  60.0	  0.03	 2.000	 10.00	  5.00	 50.00	   0.0	 165.00	 24.99	 136.00	 19.20	 22.08	 12.86	 0.269	 0.32952415	 0.362	  0.677	      0.525	      0.458	 330.00	  0.00	 9999.00	 9999.00	
m70410c1r4.htb	   0.0	  0.03	 2.000	 10.00	 -20.00	 40.00	   0.0	 12.00	 10.02	 92.00	  4.19	  5.27	  1.49	 0.693	 0.26351466	 0.406	  0.925	      1.069	      0.855	 330.00	  0.00	 9999.00	 9999.00	
m70410c2r4.htb	   0.0	  0.03	 2.000	  5.00	 -20.00	 40.00	   0.0	 112.00	 13.25	 136.00	  6.84	  9.16	  4.83	 0.509	 0.01220461	 0.472	  0.559	      0.736	      0.313	 330.00	  0.00	 9999.00	 9999.00	
m70410c3r4.htb	   0.0	  0.03	 2.000	  0.00	  0.00	 100.00	   0.0	 98.00	 17.79	 202.00	 13.83	 15.62	 13.93	 0.228	 0.96415387	 0.218	  0.779	      0.226	      0.607	 330.00	  0.00	 9999.00	 9999.00	
m70411c1r4.htb	   0.0	  0.03	 2.000	  0.00	  0.00	 100.00	   0.0	 118.00	  6.19	  0.00	  5.47	  5.63	  4.58	 0.224	 0.46801158	 0.316	  0.332	      0.108	      0.110	 330.00	  0.00	 9999.00	 9999.00	
m70411c2r4.htb	 180.0	  0.03	 4.000	  5.00	  0.00	 100.00	   0.0	 261.00	  1.18	 105.00	  0.50	  0.97	  0.15	 0.621	 0.47632986	 0.311	  0.601	      0.351	      0.361	 330.00	  0.00	 9999.00	 9999.00	
m70412c1r4.htb	   0.0	  0.03	 2.000	  0.00	  0.00	 50.00	   0.0	 83.00	  2.04	 119.00	  0.62	  1.54	  0.45	 0.548	 0.30738494	 0.343	  0.667	      0.526	      0.445	 330.00	  0.00	 9999.00	 9999.00	
m70412c2r4.htb	   0.0	  0.03	 2.000	 -15.00	  0.00	 60.00	   0.0	 101.00	  4.96	 195.00	  2.50	  3.53	  1.29	 0.505	 0.10823638	 0.396	  0.508	      0.413	      0.258	 330.00	  0.00	 9999.00	 9999.00	
m70412c3r4.htb	 180.0	  0.03	 2.000	  0.00	  0.00	 40.00	   0.0	  9.00	  5.78	 323.00	  3.33	  4.22	  2.94	 0.429	 0.10987718	 0.390	  0.447	      0.319	      0.200	 330.00	  0.00	 9999.00	 9999.00	
m70417c1r4.htb	   0.0	  0.03	 2.000	  0.00	 -15.00	 50.00	   0.0	 280.00	  7.93	 174.00	  2.21	  5.17	  0.62	 0.697	 0.00000000	 0.534	  0.546	      3.437	      0.298	 330.00	  0.00	 280.00	 50.00	
m70417c2r4.htb	   0.0	  0.03	 2.000	 10.00	 -15.00	 50.00	   0.0	 105.00	 27.71	 139.00	 20.71	 24.08	  7.16	 0.303	 0.04265245	 0.435	  0.571	      0.630	      0.326	 330.00	  0.00	 9999.00	 9999.00	
m70417c3r4.htb	   0.0	  0.03	 8.000	  0.00	  0.00	 100.00	   0.0	 274.00	  5.84	 198.00	  3.22	  5.16	  1.89	 0.459	 0.85853972	 0.259	  0.939	      0.492	      0.882	 330.00	  0.00	 9999.00	 9999.00	
m70418c1r4.htb	   0.0	  0.03	 4.000	  0.00	 -20.00	 60.00	   0.0	 268.00	  8.33	 183.00	  3.95	  5.87	  1.54	 0.481	 0.00020364	 0.455	  0.494	      0.893	      0.245	 330.00	  0.00	 268.00	 38.00	
m70418c2r4.htb	   0.0	  0.03	 4.000	 10.00	 -10.00	 50.00	   0.0	 315.00	 12.75	 123.00	  9.35	 11.70	  2.04	 0.356	 0.72953651	 0.318	  0.820	      0.475	      0.672	 330.00	  0.00	 9999.00	 9999.00	
m70418c3r4.htb	   0.0	  0.03	 4.000	  0.00	  0.00	 100.00	   0.0	 71.00	 19.28	 131.00	  8.42	 12.28	  4.78	 0.556	 0.00000000	 0.614	  0.461	      2.910	      0.213	 330.00	  0.00	 71.00	 20.00	
m70419c1r4.htb	   0.0	  0.03	 4.000	  0.00	 -10.00	 50.00	   0.0	 254.00	 11.76	 160.00	  7.96	 10.10	  2.74	 0.320	 0.05445318	 0.375	  0.502	      0.466	      0.252	 330.00	  0.00	 9999.00	 9999.00	
m70419c2r4.htb	   0.0	  0.03	 4.000	  0.00	  0.00	 40.00	   0.0	 64.00	 34.76	 129.00	 29.07	 30.42	  7.76	 0.210	 0.00042105	 0.537	  0.281	      0.271	      0.079	 330.00	  0.00	 64.00	 26.00	
m70419c4r4.htb	   0.0	  0.03	 4.000	 10.00	 -20.00	 50.00	   0.0	 174.00	 11.31	 264.00	  6.30	  8.39	  2.89	 0.490	 0.00000122	 0.578	  0.337	      0.616	      0.114	 330.00	  0.00	 174.00	 40.00	
m70508c1r4.htb	   0.0	  0.03	 2.000	 -10.00	 -15.00	 50.00	   0.0	 105.00	  1.22	  3.00	  0.15	  0.51	  0.50	 0.833	 0.02715380	 0.399	  0.467	      0.455	      0.218	 330.00	  0.00	 9999.00	 9999.00	
m70508c2r4.htb	  90.0	  0.03	 2.000	 10.00	 -15.00	 50.00	   0.0	 68.00	 22.00	 89.00	 16.26	 18.06	 11.54	 0.202	 0.84140140	 0.269	  0.654	      0.248	      0.427	 330.00	  0.00	 9999.00	 9999.00	
m70522c2r4.htb	   0.0	  0.03	 2.000	 10.00	 -15.00	 40.00	   0.0	  0.00	  3.20	 262.00	  1.65	  2.47	  1.99	 0.464	 0.03089910	 0.393	  0.403	      0.333	      0.163	 330.00	  0.00	 9999.00	 9999.00	
m70522c1r4.htb	   0.0	  0.03	 2.000	  0.00	 -10.00	 60.00	   0.0	 275.00	  2.55	 145.00	  1.61	  2.33	  0.40	 0.531	 0.18158051	 0.389	  0.555	      0.432	      0.308	 330.00	  0.00	 9999.00	 9999.00	
m70522c3r4.htb	   0.0	  0.03	 2.000	 -10.00	  0.00	 50.00	   0.0	  1.00	  4.27	 30.00	  2.88	  3.25	  3.48	 0.438	 0.35494504	 0.367	  0.473	      0.250	      0.224	 330.00	  0.00	 9999.00	 9999.00	
