FILE			 PrfOR	 PrfSF	 PrfTF	 RFXctr	 RFYctr	 RFDiam	 GrType	 Spont	 SI		 AnovaP	 SDI		 VarTerm	 MaxX 	 MinX 	 RsqMn	 PMean	 RsqRaw	 Praw		 ErfChi2	 ErfChiP	 DiffErfChi2	 DiffErfChiP	 Ke		 a		 Ki			 b+a		 DC_off	 Halfmax_slope	 F_SI	 P_SI	
m60112c1r6.htb	  30.0	  0.05	 2.000	  0.00	  0.00	 30.00	   0.0	 7.6285	  0.00	 0.0000	  0.77	  0.46	 64.000	 1.00000000	 0.909	  0.000	  0.91	  0.00	  0.2906	 0.9904	 0.28932026		 0.8653	 24.98254767	 22.2281	 1.51399655	 25.43	  2.88	 1.0960	 0.9610	 0.3926	 
m60112c1r6.htb	  30.0	  0.05	 2.000	  0.00	  0.00	 30.00	   1.0	 7.6285	  0.16	 0.0000	  0.71	  0.57	 64.000	 1.00000000	 0.833	  0.000	  0.83	  0.00	  1.1423	 0.8875	 0.13816569		 0.9332	 38.16655644	 30.8555	 36.80844529	 122.68	  4.58	 0.9849	 0.9610	 0.3926	 
m60117c1r7.htb	  90.0	  0.03	 4.000	  0.00	  0.00	 30.00	   0.0	 7.9602	  0.00	 0.0000	  0.71	  0.42	 64.000	 1.00000000	 0.714	  0.000	  0.71	  0.00	  2.3232	 0.6766	 2.32332723		 0.3130	 13.90140260	 46.7231	 0.00000000	 50.44	  6.16	 0.3121	 0.0000	 1.0000	 
m60117c1r7.htb	  90.0	  0.03	 4.000	  0.00	  0.00	 30.00	   1.0	 7.9602	  0.00	 0.0001	  0.64	  0.59	 64.000	 1.00000000	 0.700	  0.000	  0.70	  0.00	  0.4465	 0.9785	 0.44653979		 0.7999	 24.28338351	 100.0000	 0.00000000	 105.13	  7.78	 0.2659	 0.0000	 1.0000	 
m60119c1r7.htb	  30.0	  0.03	 6.000	  0.00	  0.00	 60.00	   0.0	 4.2644	  0.00	 0.0007	  0.54	  0.60	 64.000	 1.00000000	 0.385	  0.000	  0.39	  0.00	  0.8854	 0.9266	 0.88538716		 0.6423	 9.87514387	 100.0000	 0.00000000	 115.05	  4.58	 0.1081	 0.0000	 1.0000	 
m60119c1r7.htb	  30.0	  0.03	 6.000	  0.00	  0.00	 60.00	   1.0	 4.2644	  0.00	 0.0052	  0.51	  0.49	 64.000	 1.00000000	 0.327	  0.000	  0.33	  0.00	  0.3237	 0.9882	 0.32372312		 0.8506	 7.94028117	 100.0000	 0.00000000	 137.33	  6.25	 0.0870	 0.0000	 1.0000	 
m60119c2r9.htb	  30.0	  0.03	 6.000	  0.00	 10.00	 40.00	   0.0	 10.1635	  0.00	 0.0044	  0.51	  0.97	 64.000	 1.00000000	 0.330	  0.000	  0.33	  0.00	  0.4275	 0.9802	 0.42754970		 0.8075	 15.77161226	 66.3800	 0.23598777	 67.32	  8.79	 0.2505	 0.0000	 1.0000	 
m60119c2r9.htb	  30.0	  0.03	 6.000	  0.00	 10.00	 40.00	   1.0	 10.1635	  0.00	 0.0000	  0.54	  0.90	 64.000	 1.00000000	 0.495	  0.000	  0.49	  0.00	  0.4845	 0.9750	 0.48455257		 0.7848	 21.10651411	 60.7580	 0.00000000	 62.30	  7.29	 0.3697	 0.0000	 1.0000	 
m60124c1r9.htb	   0.0	  0.03	 2.000	  0.00	 10.00	 70.00	   0.0	 6.1123	  0.00	 0.0000	  0.64	  0.54	 64.000	 1.00000000	 0.605	  0.000	  0.60	  0.00	  1.8832	 0.7572	 1.88322097		 0.3900	 16.52164732	 97.5229	 0.21377015	 110.95	  5.58	 0.1832	 0.0000	 1.0000	 
m60124c1r9.htb	   0.0	  0.03	 2.000	  0.00	 10.00	 70.00	   1.0	 6.1123	  0.00	 0.0000	  0.65	  0.39	 64.000	 1.00000000	 0.601	  0.000	  0.60	  0.00	  2.2644	 0.6873	 2.26435227		 0.3223	 8.16669003	 35.0517	 0.00000000	 36.24	  5.80	 0.2420	 0.0000	 1.0000	 
m60124c2r6.htb	   0.0	  0.03	 4.000	  0.00	 10.00	 70.00	   0.0	 1.4925	  0.00	 0.0135	  0.51	  0.34	 64.000	 1.00000000	 0.093	  0.050	  0.09	  0.05	  2.3555	 0.6707	 2.35554759		 0.3080	 2.98483184	 100.0000	 1.42944976	 100.00	  1.61	 0.0170	 -0.0000	 1.0000	 
m60124c2r6.htb	   0.0	  0.03	 4.000	  0.00	 10.00	 70.00	   1.0	 1.4925	  0.00	 0.9022	  0.28	  0.36	 64.000	 1.00000000	 0.047	  0.174	  0.05	  0.17	  0.0550	 0.9996	 0.05504219		 0.9729	 1.95930478	 100.0000	 0.86786901	 100.00	  1.95	 0.0120	 -0.0000	 1.0000	 
m60124c3r9.htb	   0.0	  0.03	 4.000	  0.00	 10.00	 70.00	   0.0	 3.7935	  0.00	 0.0508	  0.45	  0.35	 64.000	 1.00000000	 0.190	  0.001	  0.19	  0.00	  0.3601	 0.9856	 0.36012093		 0.8352	 7.67553767	 100.0000	 4.49269482	 100.00	  3.67	 0.0349	 0.0000	 1.0000	 
m60124c3r9.htb	   0.0	  0.03	 4.000	  0.00	 10.00	 70.00	   1.0	 3.7935	  0.00	 0.0209	  0.48	  0.41	 64.000	 1.00000000	 0.168	  0.002	  0.17	  0.00	  1.3529	 0.8523	 1.35290715		 0.5084	 3.58248947	 100.0000	 0.00000000	 101.11	  3.82	 0.0392	 0.0000	 1.0000	 
m60124c4r7.htb	   0.0	  0.03	 4.000	 10.00	 -5.00	 70.00	   0.0	 3.8972	  0.00	 0.0000	  0.70	  0.49	 64.000	 1.00000000	 0.618	  0.000	  0.62	  0.00	  5.4938	 0.2403	 5.49382947		 0.0641	 13.77324705	 100.0000	 0.00000000	 108.02	  2.64	 0.1508	 -0.0000	 1.0000	 
m60124c4r7.htb	   0.0	  0.03	 4.000	 10.00	 -5.00	 70.00	   1.0	 3.8972	  0.00	 0.0000	  0.70	  0.51	 64.000	 1.00000000	 0.664	  0.000	  0.66	  0.00	  3.9597	 0.4115	 3.95967250		 0.1381	 13.94417656	 100.0000	 0.00000000	 113.26	  2.77	 0.1527	 -0.0000	 1.0000	 
m60124c5r5.htb	   0.0	  0.03	 4.000	  0.00	  0.00	 70.00	   0.0	 7.4627	  0.00	 0.0118	  0.53	  0.65	 64.000	 1.00000000	 0.282	  0.001	  0.28	  0.00	  2.5389	 0.6377	 2.53889604		 0.2810	 11.00245176	 100.0000	 0.00000000	 106.07	  7.98	 0.1205	 0.0000	 1.0000	 
m60124c5r5.htb	   0.0	  0.03	 4.000	  0.00	  0.00	 70.00	   1.0	 7.4627	  0.00	 0.0000	  0.65	  0.52	 64.000	 1.00000000	 0.597	  0.000	  0.60	  0.00	  2.2230	 0.6948	 2.22303336		 0.3291	 18.18993465	 100.0000	 0.00000000	 112.47	  6.11	 0.1992	 0.0000	 1.0000	 
m60213c2r6.htb	 350.0	  0.03	 2.000	  0.00	 15.00	 50.00	   0.0	 1.1940	  0.00	 0.0000	  0.70	  0.57	 64.000	 1.00000000	 0.731	  0.000	  0.73	  0.00	  1.4576	 0.8341	 1.45753333		 0.4825	 16.09019292	 49.6352	 2.30407966	 49.89	  0.56	 0.2925	 0.0000	 1.0000	 
m60213c2r6.htb	 350.0	  0.03	 2.000	  0.00	 15.00	 50.00	   1.0	 1.1940	  0.00	 0.0000	  0.66	  0.73	 64.000	 1.00000000	 0.655	  0.000	  0.66	  0.00	  1.3195	 0.8581	 1.31950041		 0.5170	 18.31439605	 52.4145	 1.97189872	 53.06	  0.72	 0.3295	 0.0000	 1.0000	 
m60213c3r7.htb	   0.0	  0.03	 4.000	  8.00	  0.00	 50.00	   0.0	 2.4378	  0.00	 0.0000	  0.71	  0.75	 64.000	 1.00000000	 0.813	  0.000	  0.81	  0.00	  0.3823	 0.9839	 0.38228997		 0.8260	 35.68461667	 86.0010	 1.17095433	 93.09	  1.27	 0.4372	 0.0000	 1.0000	 
m60213c3r7.htb	   0.0	  0.03	 4.000	  8.00	  0.00	 50.00	   1.0	 2.4378	  0.00	 0.0000	  0.74	  0.68	 64.000	 1.00000000	 0.866	  0.000	  0.87	  0.00	  0.9331	 0.9198	 0.93313086		 0.6272	 43.06784867	 100.0000	 0.00000000	 103.92	  1.59	 0.4716	 0.0000	 1.0000	 
m60213c4r6.htb	  20.0	  0.03	 2.000	  5.00	 12.00	 50.00	   0.0	 4.8756	  0.00	 0.0000	  0.60	  0.57	 64.000	 1.00000000	 0.579	  0.000	  0.58	  0.00	  0.5019	 0.9733	 0.50183664		 0.7781	 11.43144737	 36.0187	 1.39018266	 36.22	  3.70	 0.2899	 0.0000	 1.0000	 
m60213c4r6.htb	  20.0	  0.03	 2.000	  5.00	 12.00	 50.00	   1.0	 4.8756	  0.00	 0.0000	  0.65	  0.52	 64.000	 1.00000000	 0.680	  0.000	  0.68	  0.00	  0.6083	 0.9621	 0.60827221		 0.7378	 11.68307224	 43.3711	 0.00000000	 43.58	  3.76	 0.2817	 0.0000	 1.0000	 
m60220c1r6.htb	   0.0	  0.03	 2.000	  5.00	  8.00	 60.00	   0.0	 2.9353	  0.00	 0.0000	  0.63	  0.48	 64.000	 1.00000000	 0.647	  0.000	  0.65	  0.00	  0.7318	 0.9473	 0.73225236		 0.6934	 11.38339818	 100.0000	 0.30602279	 100.00	  2.37	 0.1213	 -0.0000	 1.0000	 
m60220c1r6.htb	   0.0	  0.03	 2.000	  5.00	  8.00	 60.00	   1.0	 2.9353	  0.00	 0.0000	  0.60	  0.42	 64.000	 1.00000000	 0.563	  0.000	  0.56	  0.00	  1.0255	 0.9059	 1.02552316		 0.5988	 9.74916779	 100.0000	 0.00000000	 105.49	  2.71	 0.1068	 -0.0000	 1.0000	 
m60317c1r6.htb	 200.0	  0.03	 2.000	  0.00	  0.00	 40.00	   0.0	 0.9950	  0.00	 0.0005	  0.50	  0.45	 64.000	 1.00000000	 0.187	  0.000	  0.19	  0.00	  1.4952	 0.8275	 1.49527595		 0.4735	 1.85064256	 15.0569	 0.19102821	 15.73	  1.09	 0.1129	 0.0000	 1.0000	 
m60317c1r6.htb	 200.0	  0.03	 2.000	  0.00	  0.00	 40.00	   1.0	 0.9950	  0.00	 0.0000	  0.55	  0.39	 64.000	 1.00000000	 0.331	  0.000	  0.33	  0.00	  0.9552	 0.9165	 0.95517562		 0.6203	 2.41178970	 26.8404	 0.19949701	 27.19	  1.42	 0.0853	 0.0000	 1.0000	 
m60317c2r6.htb	  30.0	  0.03	 2.000	 -5.00	  5.00	 50.00	   0.0	 13.0846	  0.00	 0.0000	  0.62	  0.49	 64.000	 1.00000000	 0.584	  0.000	  0.58	  0.00	  0.6929	 0.9522	 0.69289641		 0.7072	 17.35580867	 79.2394	 0.07455377	 85.12	  9.99	 0.2360	 -0.0000	 1.0000	 
m60317c2r6.htb	  30.0	  0.03	 2.000	 -5.00	  5.00	 50.00	   1.0	 13.0846	  0.00	 0.0000	  0.56	  0.67	 64.000	 1.00000000	 0.468	  0.000	  0.47	  0.00	  0.6108	 0.9619	 0.61083569		 0.7368	 22.21720283	 100.0000	 0.00000000	 107.67	  9.98	 0.2433	 -0.0000	 1.0000	 
m60404c2r7.htb	 200.0	  0.03	 2.000	  0.00	  0.00	 40.00	   0.0	 7.1642	  0.00	 0.0000	  0.59	  0.57	 64.000	 1.00000000	 0.616	  0.000	  0.62	  0.00	  2.6644	 0.6155	 2.66521234		 0.2638	 13.72845458	 30.4724	 4.01655461	 30.70	  4.49	 0.3310	 0.0000	 1.0000	 
m60404c2r7.htb	 200.0	  0.03	 2.000	  0.00	  0.00	 40.00	   1.0	 7.1642	  0.00	 0.0000	  0.63	  0.43	 64.000	 1.00000000	 0.711	  0.000	  0.71	  0.00	  0.1554	 0.9971	 0.15541245		 0.9252	 10.12732915	 21.4383	 0.21529558	 21.44	  5.04	 0.4756	 0.0000	 1.0000	 
m60407c1r6.htb	   0.0	  0.03	 2.000	  0.00	 -5.00	 40.00	   0.0	 6.4677	  0.00	 0.0000	  0.60	  0.39	 64.000	 1.00000000	 0.428	  0.000	  0.43	  0.00	  1.6784	 0.7946	 1.67834066		 0.4321	 8.37351237	 100.0000	 0.00000000	 174.37	  5.81	 0.0917	 -0.0000	 1.0000	 
m60407c1r6.htb	   0.0	  0.03	 2.000	  0.00	 -5.00	 40.00	   1.0	 6.4677	  0.00	 0.0000	  0.53	  0.52	 64.000	 1.00000000	 0.363	  0.000	  0.36	  0.00	  0.2998	 0.9898	 0.29984262		 0.8608	 9.70376474	 100.0000	 0.04583966	 100.00	  5.68	 0.1058	 -0.0000	 1.0000	 
m60407c2r6.htb	   0.0	  0.03	 2.000	  5.00	  0.00	 40.00	   0.0	 5.7214	  0.00	 0.0000	  0.54	  0.49	 64.000	 1.00000000	 0.412	  0.000	  0.41	  0.00	  0.0869	 0.9991	 0.08688062		 0.9575	 9.69202320	 100.0000	 0.00000000	 107.32	  5.89	 0.1061	 0.0000	 1.0000	 
m60407c2r6.htb	   0.0	  0.03	 2.000	  5.00	  0.00	 40.00	   1.0	 5.7214	  0.00	 0.0000	  0.52	  0.54	 64.000	 1.00000000	 0.408	  0.000	  0.41	  0.00	  1.3774	 0.8481	 1.37746122		 0.5022	 9.74228091	 51.8270	 2.45064128	 53.50	  5.80	 0.1498	 0.0000	 1.0000	 
m60407c3r6.htb	   0.0	  0.03	 2.000	  0.00	 -20.00	 40.00	   0.0	 6.6169	  0.00	 0.0000	  0.67	  0.44	 64.000	 1.00000000	 0.650	  0.000	  0.65	  0.00	  0.6855	 0.9531	 0.68554162		 0.7098	 16.35058206	 100.0000	 0.00000000	 108.64	  5.50	 0.1791	 0.0000	 1.0000	 
m60407c3r6.htb	   0.0	  0.03	 2.000	  0.00	 -20.00	 40.00	   1.0	 6.6169	  0.00	 0.0000	  0.66	  0.49	 64.000	 1.00000000	 0.665	  0.000	  0.67	  0.00	  1.3414	 0.8543	 1.34143825		 0.5113	 17.87339147	 93.5125	 0.03298918	 98.58	  5.43	 0.2082	 0.0000	 1.0000	 
m60407c4r7.htb	  60.0	  0.03	 2.000	 15.00	 -10.00	 50.00	   0.0	 2.1891	  0.00	 0.0000	  0.66	  0.56	 64.000	 1.00000000	 0.688	  0.000	  0.69	  0.00	  0.3950	 0.9829	 0.39496415		 0.8208	 14.66131727	 35.6113	 1.93685800	 35.84	  1.44	 0.3716	 0.0000	 1.0000	 
m60407c4r7.htb	  60.0	  0.03	 2.000	 15.00	 -10.00	 50.00	   1.0	 2.1891	  0.00	 0.0000	  0.69	  0.54	 64.000	 1.00000000	 0.728	  0.000	  0.73	  0.00	  0.8104	 0.9370	 0.81048306		 0.6668	 14.48414963	 42.8581	 1.60027538	 43.50	  1.56	 0.3147	 0.0000	 1.0000	 
m60407c5r6.htb	   0.0	  0.03	 2.000	 10.00	 -10.00	 40.00	   0.0	 2.9353	  0.08	 0.0000	  0.54	  0.45	 64.000	 1.00000000	 0.337	  0.000	  0.34	  0.00	  2.2735	 0.6856	 2.24444447		 0.3256	 24.18145775	 58.9432	 24.62686567	 78.96	  1.62	 0.1046	 0.0000	 1.0000	 
m60407c5r6.htb	   0.0	  0.03	 2.000	 10.00	 -10.00	 40.00	   1.0	 2.9353	  0.00	 0.0000	  0.52	  0.50	 64.000	 1.00000000	 0.407	  0.000	  0.41	  0.00	  0.2924	 0.9903	 0.29242217		 0.8640	 4.03514456	 41.8496	 0.22771115	 42.26	  1.43	 0.0951	 0.0000	 1.0000	 
m60413c3r6.htb	   0.0	  0.03	 2.000	  5.00	 -20.00	 50.00	   0.0	 14.1294	  0.00	 0.0000	  0.62	  0.50	 64.000	 1.00000000	 0.569	  0.000	  0.57	  0.00	  1.9826	 0.7390	 1.98262433		 0.3711	 18.06323933	 13.3302	 4.38168789	 13.33	 12.00	 1.0422	 0.5845	 0.5603	 
m60413c3r6.htb	   0.0	  0.03	 2.000	  5.00	 -20.00	 50.00	   1.0	 14.1294	  0.10	 0.0000	  0.61	  0.56	 64.000	 1.00000000	 0.567	  0.000	  0.57	  0.00	  1.1376	 0.8883	 0.11066608		 0.9462	 24.48924909	 29.3948	 18.81541370	 95.29	 12.92	 0.6673	 0.5845	 0.5603	 
m60413c4r7.htb	  60.0	  0.03	 2.000	 -10.00	 -10.00	 40.00	   0.0	 0.0829	  0.00	 0.0000	  0.65	  0.52	 64.000	 1.00000000	 0.604	  0.000	  0.60	  0.00	  0.4982	 0.9737	 0.49805433		 0.7796	 3.89746357	 18.9449	 0.12918775	 21.02	 -0.21	 0.2047	 0.0000	 1.0000	 
m60413c4r7.htb	  60.0	  0.03	 2.000	 -10.00	 -10.00	 40.00	   1.0	 0.0829	  0.00	 0.0000	  0.73	  0.40	 64.000	 1.00000000	 0.836	  0.000	  0.84	  0.00	  2.4075	 0.4922	 2.40780213		    NaN	 5.40219168	 39.7206	 0.01740516	 40.51	 -0.19	 0.1413	 0.0000	 1.0000	 
m60414c2r7.htb	 220.0	  0.05	 2.000	  0.00	 -8.00	 40.00	   0.0	 3.6816	  0.00	 0.0000	  0.57	  0.88	 64.000	 1.00000000	 0.561	  0.000	  0.56	  0.00	  0.0176	 1.0000	 0.01757438		 0.9913	 13.35644187	 32.5331	 0.00000000	 32.59	  1.82	 0.4256	 1.2180	 0.3025	 
m60414c2r7.htb	 220.0	  0.05	 2.000	  0.00	 -8.00	 40.00	   1.0	 3.6816	  0.18	 0.0000	  0.61	  0.85	 64.000	 1.00000000	 0.548	  0.000	  0.55	  0.00	  0.7997	 0.9385	 0.61650894		 0.7347	 65.41068209	 55.0306	 93.03482587	 131.89	  2.22	 0.5145	 1.2180	 0.3025	 
m60418c1r6.htb	 180.0	  0.03	 2.000	 -5.00	 -10.00	 50.00	   0.0	 10.1493	  0.03	 0.0000	  0.57	  0.80	 64.000	 1.00000000	 0.634	  0.000	  0.63	  0.00	  0.8729	 0.9284	 0.70510199		 0.7029	 80.79395874	 68.1438	 113.68159204	 156.70	  6.60	 0.4909	 -0.0000	 1.0000	 
m60418c1r6.htb	 180.0	  0.03	 2.000	 -5.00	 -10.00	 50.00	   1.0	 10.1493	  0.00	 0.0000	  0.67	  0.54	 64.000	 1.00000000	 0.743	  0.000	  0.74	  0.00	  0.2476	 0.9929	 0.24772838		 0.8835	 20.99020143	 37.1906	 2.70156622	 37.94	  8.07	 0.5129	 -0.0000	 1.0000	 
m60420c1r6.htb	 180.0	  0.03	 2.000	  5.00	 -5.00	 40.00	   0.0	 2.7861	  0.07	 0.0000	  0.73	  0.64	 64.000	 1.00000000	 0.903	  0.000	  0.90	  0.00	  1.7794	 0.7762	 0.92228036		 0.6306	 95.97454284	 59.1438	 125.12437811	 139.52	  1.76	 0.7728	 0.4155	 0.6617	 
m60420c1r6.htb	 180.0	  0.03	 2.000	  5.00	 -5.00	 40.00	   1.0	 2.7861	  0.08	 0.0000	  0.72	  0.58	 64.000	 1.00000000	 0.905	  0.000	  0.91	  0.00	  0.7231	 0.9484	 0.35020767		 0.8394	 64.73560910	 45.3168	 60.69149220	 99.67	  2.83	 0.8678	 0.4155	 0.6617	 
m60421c1r6.htb	   0.0	  0.03	 2.000	  8.00	 -10.00	 40.00	   0.0	 4.1791	  0.00	 0.0000	  0.71	  0.61	 64.000	 1.00000000	 0.846	  0.000	  0.85	  0.00	  0.5465	 0.9688	 0.54610315		 0.7611	 21.16332707	 47.2998	 1.59956127	 53.26	  1.87	 0.4380	 0.0000	 1.0000	 
m60421c1r6.htb	   0.0	  0.03	 2.000	  8.00	 -10.00	 40.00	   1.0	 4.1791	  0.00	 0.0000	  0.73	  0.52	 64.000	 1.00000000	 0.867	  0.000	  0.87	  0.00	  0.4105	 0.9816	 0.41049856		 0.8144	 20.70897684	 55.3438	 0.00111968	 60.64	  2.65	 0.3960	 0.0000	 1.0000	 
m60421c2r6.htb	   0.0	  0.03	 2.000	 18.00	 -10.00	 40.00	   0.0	 1.3820	  0.00	 0.0000	  0.70	  0.58	 64.000	 1.00000000	 0.779	  0.000	  0.78	  0.00	  2.7421	 0.6019	 2.74209362		 0.2538	 15.78896812	 52.8480	 0.00000000	 53.23	  0.61	 0.3154	 0.0000	 1.0000	 
m60421c2r6.htb	   0.0	  0.03	 2.000	 18.00	 -10.00	 40.00	   1.0	 1.3820	  0.00	 0.0000	  0.71	  0.53	 64.000	 1.00000000	 0.790	  0.000	  0.79	  0.00	  2.4870	 0.6470	 2.48707452		 0.2884	 14.39257250	 44.1246	 0.00014813	 46.22	  0.76	 0.3413	 0.0000	 1.0000	 
m60421c3r6.htb	   0.0	  0.03	 2.000	 10.00	  5.00	 40.00	   0.0	 9.4527	  0.00	 0.0000	  0.69	  0.73	 64.000	 1.00000000	 0.838	  0.000	  0.84	  0.00	  0.3228	 0.9883	 0.32250290		 0.8511	 30.44033772	 36.2485	 2.12975263	 40.33	  4.32	 0.8179	 0.1781	 0.8373	 
m60421c3r6.htb	   0.0	  0.03	 2.000	 10.00	  5.00	 40.00	   1.0	 9.4527	  0.06	 0.0000	  0.66	  0.74	 64.000	 1.00000000	 0.814	  0.000	  0.81	  0.00	  0.3625	 0.9854	 0.23529257		 0.8890	 54.55507139	 39.9823	 39.67004396	 87.37	  5.66	 0.9602	 0.1781	 0.8373	 
m60424c3r6.htb	   0.0	  0.03	 2.000	 10.00	  0.00	 40.00	   0.0	 2.0730	  0.05	 0.0000	  0.79	  0.59	 64.000	 1.00000000	 0.911	  0.000	  0.91	  0.00	  4.2765	 0.3699	 3.27765152		 0.1942	 100.02979399	 61.1567	 128.93864013	 145.09	 -0.16	 0.7953	 0.7786	 0.4666	 
m60424c3r6.htb	   0.0	  0.03	 2.000	 10.00	  0.00	 40.00	   1.0	 2.0730	  0.08	 0.0000	  0.78	  0.59	 64.000	 1.00000000	 0.924	  0.000	  0.92	  0.00	  1.7144	 0.7881	 1.18451223		 0.5531	 102.64181029	 57.1804	 130.59701493	 136.10	 -0.16	 0.8889	 0.7786	 0.4666	 
m60424c4r6.htb	   0.0	  0.03	 2.000	  0.00	  0.00	 30.00	   0.0	 3.7669	  0.09	 0.0000	  0.79	  0.42	 64.000	 1.00000000	 0.892	  0.000	  0.89	  0.00	  3.7980	 0.4340	 3.25980292		 0.1959	 109.93692494	 57.1779	 131.13006397	 116.57	  2.52	 0.8490	 0.5471	 0.5832	 
m60424c4r6.htb	   0.0	  0.03	 2.000	  0.00	  0.00	 30.00	   1.0	 3.7669	  0.12	 0.0000	  0.79	  0.46	 64.000	 1.00000000	 0.899	  0.000	  0.90	  0.00	  5.1923	 0.2681	 4.90023001		 0.0863	 116.99643504	 54.6936	 130.59701493	 103.03	  1.52	 0.9266	 0.5471	 0.5832	 
m60424c5r6.htb	   0.0	  0.03	 2.000	  0.00	  0.00	 40.00	   0.0	 3.8806	  0.18	 0.0000	  0.76	  0.53	 64.000	 1.00000000	 0.902	  0.000	  0.90	  0.00	  2.8183	 0.5887	 0.43920659		 0.8028	 98.93409125	 52.0935	 132.08955224	 125.52	  2.03	 0.9007	 0.5862	 0.5593	 
m60424c5r6.htb	   0.0	  0.03	 2.000	  0.00	  0.00	 40.00	   1.0	 3.8806	  0.08	 0.0000	  0.79	  0.49	 64.000	 1.00000000	 0.928	  0.000	  0.93	  0.00	  0.9521	 0.9170	 0.63916505		 0.7265	 37.55215457	 26.1843	 15.13743732	 57.03	  0.71	 1.2196	 0.5862	 0.5593	 
m60518c1r6.htb	   0.0	  0.03	 2.000	  8.00	 -10.00	 40.00	   0.0	 1.6915	  0.00	 0.0000	  0.72	  0.88	 64.000	 1.00000000	 0.823	  0.000	  0.81	  0.00	 11.6520	 0.0201	 11.65177406		 0.0030	 32.91528424	 68.3283	 0.00000000	 68.85	 -2.04	 0.5164	 -0.0000	 1.0000	 
m60518c1r6.htb	   0.0	  0.03	 2.000	  8.00	 -10.00	 40.00	   1.0	 1.6915	  0.00	 0.0000	  0.69	  0.92	 64.000	 1.00000000	 0.792	  0.000	  0.79	  0.00	  4.1794	 0.3823	 4.17352009		 0.1241	 42.97228194	 100.0000	 3.20701779	 107.41	 -0.05	 0.4378	 -0.0000	 1.0000	 
m60519c1r6.htb	   0.0	  0.03	 2.000	  0.00	 -10.00	 40.00	   0.0	 3.1343	  0.06	 0.0000	  0.69	  0.57	 64.000	 1.00000000	 0.856	  0.000	  0.86	  0.00	  0.4981	 0.9737	 0.44133235		 0.8020	 79.76621249	 61.5226	 96.01990050	 122.83	  2.45	 0.5483	 1.7546	 0.1811	 
m60519c1r6.htb	   0.0	  0.03	 2.000	  0.00	 -10.00	 40.00	   1.0	 3.1343	  0.12	 0.0000	  0.70	  0.60	 64.000	 1.00000000	 0.873	  0.000	  0.87	  0.00	  3.9209	 0.4168	 1.88102502		 0.3904	 78.42756100	 56.2482	 106.21890547	 133.93	  2.06	 0.6400	 1.7546	 0.1811	 
m60519c2r6.htb	   0.0	  0.03	 2.000	  5.00	  0.00	 30.00	   0.0	 7.1144	  0.13	 0.0000	  0.72	  0.58	 64.000	 1.00000000	 0.855	  0.000	  0.85	  0.00	  1.7912	 0.7741	 0.89980318		 0.6377	 105.91810600	 55.6205	 145.02487562	 132.68	  4.89	 0.8636	 0.0025	 0.9975	 
m60519c2r6.htb	   0.0	  0.03	 2.000	  5.00	  0.00	 30.00	   1.0	 7.1144	  0.00	 0.0000	  0.76	  0.49	 64.000	 1.00000000	 0.890	  0.000	  0.89	  0.00	  0.5364	 0.9699	 0.53543603		 0.7651	 27.85157677	 23.5860	 3.00453592	 27.84	  3.83	 1.1063	 0.0025	 0.9975	 
m60519c4r6.htb	   0.0	  0.03	 2.000	  5.00	  0.00	 30.00	   0.0	 8.4577	  0.09	 0.0000	  0.73	  0.49	 64.000	 1.00000000	 0.853	  0.000	  0.85	  0.00	  3.5867	 0.4648	 1.35969465		 0.5067	 35.11645436	 27.2768	 19.16438215	 86.73	  6.64	 1.1153	 0.4450	 0.6442	 
m60519c4r6.htb	   0.0	  0.03	 2.000	  5.00	  0.00	 30.00	   1.0	 8.4577	  0.11	 0.0000	  0.69	  0.68	 64.000	 1.00000000	 0.881	  0.000	  0.88	  0.00	  2.1931	 0.7003	 0.90914883		 0.6347	 39.52585321	 24.4077	 18.47081144	 66.34	  4.37	 1.3988	 0.4450	 0.6442	 
m60519c5r6.htb	   0.0	  0.03	 2.000	  5.00	  0.00	 30.00	   0.0	 3.5821	  0.12	 0.0000	  0.80	  0.43	 64.000	 1.00000000	 0.931	  0.000	  0.93	  0.00	  2.8963	 0.5753	 1.98861690		 0.3700	 92.78323487	 27.6454	 72.08475925	 33.58	  0.49	 1.2649	 3.7758	 0.0281	 
m60519c5r6.htb	   0.0	  0.03	 2.000	  5.00	  0.00	 30.00	   1.0	 3.5821	  0.18	 0.0000	  0.80	  0.44	 64.000	 1.00000000	 0.919	  0.000	  0.92	  0.00	  2.6572	 0.6167	 1.00265722		 0.6057	 55.52230002	 27.1727	 36.46103761	 45.48	  1.35	 1.3007	 3.7758	 0.0281	 
m60519c6r6.htb	   0.0	  0.03	 2.000	  0.00	  0.00	 30.00	   0.0	 3.2836	  0.18	 0.0000	  0.79	  0.44	 64.000	 1.00000000	 0.922	  0.000	  0.92	  0.00	  2.4995	 0.6447	 1.08148430		 0.5823	 59.62254218	 41.8896	 79.10678023	 141.63	  0.89	 0.9159	 2.6213	 0.0804	 
m60519c6r6.htb	   0.0	  0.03	 2.000	  0.00	  0.00	 30.00	   1.0	 3.2836	  0.18	 0.0000	  0.77	  0.49	 64.000	 1.00000000	 0.920	  0.000	  0.92	  0.00	  2.1299	 0.7119	 0.73956796		 0.6909	 50.93242312	 33.4320	 39.02611770	 70.63	  1.28	 1.0223	 2.6213	 0.0804	 
m60526c1r6.htb	   0.0	  0.03	 2.000	 -5.00	  0.00	 40.00	   0.0	 3.8806	  0.24	 0.0000	  0.67	  0.67	 64.000	 1.00000000	 0.804	  0.000	  0.80	  0.00	  2.6598	 0.6163	 0.93235992		 0.6274	 56.62954030	 34.2394	 47.79763466	 60.74	  2.47	 0.9142	 3.2098	 0.0468	 
m60526c1r6.htb	   0.0	  0.03	 2.000	 -5.00	  0.00	 40.00	   1.0	 3.8806	  0.30	 0.0000	  0.66	  0.76	 64.000	 1.00000000	 0.748	  0.000	  0.75	  0.00	  1.6747	 0.7953	 0.67486707		 0.7136	 73.10906875	 29.9435	 60.58261135	 45.81	  1.68	 1.1767	 3.2098	 0.0468	 
m60526c2r6.htb	   0.0	  0.03	 2.000	  0.00	  0.00	 40.00	   0.0	 7.4129	  0.17	 0.0000	  0.68	  0.64	 64.000	 1.00000000	 0.801	  0.000	  0.80	  0.00	  3.6195	 0.4599	 2.26318289		 0.3225	 40.61083263	 27.8186	 33.51897778	 105.52	  5.48	 1.1976	 1.1131	 0.3347	 
m60526c2r6.htb	   0.0	  0.03	 2.000	  0.00	  0.00	 40.00	   1.0	 7.4129	  0.12	 0.0000	  0.69	  0.58	 64.000	 1.00000000	 0.818	  0.000	  0.82	  0.00	  0.7750	 0.9418	 0.12453837		 0.9396	 36.97805525	 23.2218	 17.75840532	 58.43	  6.57	 1.3433	 1.1131	 0.3347	 
m60526c3r6.htb	   0.0	  0.03	 2.000	  8.00	  8.00	 40.00	   0.0	 10.2488	  0.21	 0.0000	  0.67	  0.68	 64.000	 1.00000000	 0.770	  0.000	  0.77	  0.00	  1.6413	 0.8014	 0.65252876		 0.7216	 37.99354691	 24.4598	 29.64441562	 93.43	  5.60	 1.2927	 1.0500	 0.3558	 
m60526c3r6.htb	   0.0	  0.03	 2.000	  8.00	  8.00	 40.00	   1.0	 10.2488	  0.10	 0.0000	  0.74	  0.43	 64.000	 1.00000000	 0.841	  0.000	  0.84	  0.00	  1.2083	 0.8767	 1.00242628		 0.6058	 32.41726362	 16.9789	 12.00643385	 38.20	  5.42	 1.6478	 1.0500	 0.3558	 
m60526c4r6.htb	   0.0	  0.03	 2.000	  0.00	 -10.00	 40.00	   0.0	 8.5075	  0.15	 0.0000	  0.63	  0.66	 64.000	 1.00000000	 0.630	  0.000	  0.63	  0.00	  0.7889	 0.9399	 0.66205967		 0.7182	 29.14700338	 20.2613	 15.62611206	 40.90	  4.38	 1.0990	 0.6568	 0.5219	 
m60526c4r6.htb	   0.0	  0.03	 2.000	  0.00	 -10.00	 40.00	   1.0	 8.5075	  0.13	 0.0000	  0.67	  0.66	 64.000	 1.00000000	 0.718	  0.000	  0.72	  0.00	  0.4132	 0.9814	 0.03921895		 0.9806	 27.56517480	 21.6063	 12.66311166	 61.52	  3.54	 1.1132	 0.6568	 0.5219	 
m60526c5r6.htb	  60.0	  0.03	 2.000	 -5.00	 -5.00	 40.00	   0.0	 2.6368	  0.15	 0.0000	  0.52	  0.50	 64.000	 1.00000000	 0.430	  0.000	  0.43	  0.00	  0.3576	 0.9858	 0.25758097		 0.8792	 27.01534298	 39.8997	 24.62205491	 47.85	  1.43	 0.1715	 -0.0000	 1.0000	 
m60526c5r6.htb	  60.0	  0.03	 2.000	 -5.00	 -5.00	 40.00	   1.0	 2.6368	  0.00	 0.0000	  0.56	  0.40	 64.000	 1.00000000	 0.359	  0.000	  0.36	  0.00	  1.6012	 0.8086	 1.60124232		 0.4490	 3.68557354	 22.6029	 0.56248264	 22.61	  2.03	 0.1423	 -0.0000	 1.0000	 
m60623c1r6.htb	   0.0	  0.03	 2.000	  0.00	  0.00	 40.00	   0.0	 18.9055	  0.00	 0.0001	  0.48	  0.44	 64.000	 1.00000000	 0.317	  0.000	  0.32	  0.00	  0.8151	 0.9364	 0.81553176		 0.6651	 15.02023619	 29.2714	 7.86750330	 29.37	 18.40	 0.2537	 0.4619	 0.6321	 
m60623c1r6.htb	   0.0	  0.03	 2.000	  0.00	  0.00	 40.00	   1.0	 18.9055	  0.04	 0.0005	  0.45	  0.42	 64.000	 1.00000000	 0.282	  0.000	  0.28	  0.00	  0.5595	 0.9675	 0.36969776		 0.8312	 77.00466971	 83.0332	 131.34328358	 183.03	 19.22	 0.2245	 0.4619	 0.6321	 
m60623c2r6.htb	   0.0	  0.03	 2.000	  0.00	  0.00	 40.00	   0.0	 7.0647	  0.00	 0.0000	  0.65	  0.44	 64.000	 1.00000000	 0.633	  0.000	  0.63	  0.00	  1.8265	 0.7676	 1.82646834		 0.4012	 13.72373856	 17.7510	 3.70876396	 17.75	  4.95	 0.5779	 1.7549	 0.1810	 
m60623c2r6.htb	   0.0	  0.03	 2.000	  0.00	  0.00	 40.00	   1.0	 7.0647	  0.16	 0.0000	  0.67	  0.43	 64.000	 1.00000000	 0.733	  0.000	  0.73	  0.00	  0.7125	 0.9498	 0.15094047		 0.9273	 28.93316847	 35.4983	 27.48267890	 93.35	  5.60	 0.5494	 1.7549	 0.1810	 
m60626c1r6.htb	   0.0	  0.03	 2.000	 10.00	 -13.00	 40.00	   0.0	 11.7910	  0.07	 0.0000	  0.70	  0.54	 64.000	 1.00000000	 0.859	  0.000	  0.86	  0.00	  1.8314	 0.7667	 1.51830461		 0.4681	 141.06765559	 16.8886	 115.59723520	 18.89	  6.99	 2.3033	 0.0011	 0.9989	 
m60626c1r6.htb	   0.0	  0.03	 2.000	 10.00	 -13.00	 40.00	   1.0	 11.7910	  0.00	 0.0000	  0.69	  0.54	 64.000	 1.00000000	 0.802	  0.000	  0.80	  0.00	  0.5303	 0.9705	 0.53602295		 0.7649	 28.37868755	 12.3184	 5.37442527	 14.37	  9.62	 1.9544	 0.0011	 0.9989	 
m60626c3r6.htb	   0.0	  0.03	 2.000	  0.00	 -10.00	 40.00	   0.0	 4.0299	  0.00	 0.0000	  0.65	  0.65	 64.000	 1.00000000	 0.621	  0.000	  0.62	  0.00	  0.6436	 0.9581	 0.64354348		 0.7249	 13.01791538	 20.0936	 1.87976894	 20.10	  1.96	 0.5695	 2.1275	 0.1274	 
m60626c3r6.htb	   0.0	  0.03	 2.000	  0.00	 -10.00	 40.00	   1.0	 4.0299	  0.23	 0.0000	  0.62	  0.66	 64.000	 1.00000000	 0.563	  0.000	  0.56	  0.00	  2.8437	 0.5843	 1.29545136		 0.5232	 55.69278978	 52.6931	 80.34825871	 126.79	  3.28	 0.4505	 2.1275	 0.1274	 
m60628c3r6.htb	   0.0	  0.03	 2.000	 10.00	  0.00	 40.00	   0.0	 4.3781	  0.00	 0.0000	  0.68	  0.48	 64.000	 1.00000000	 0.753	  0.000	  0.75	  0.00	  1.5560	 0.8167	 1.55589259		 0.4593	 15.16829158	 27.0458	 3.11885933	 27.29	  3.14	 0.4614	 0.0000	 1.0000	 
m60628c3r6.htb	   0.0	  0.03	 2.000	 10.00	  0.00	 40.00	   1.0	 4.3781	  0.00	 0.0000	  0.73	  0.40	 64.000	 1.00000000	 0.732	  0.000	  0.73	  0.00	  5.4857	 0.2410	 5.48554991		 0.0644	 17.34851172	 23.0525	 5.55423497	 23.10	  3.74	 0.5276	 0.0000	 1.0000	 
m60629c3r6.htb	   0.0	  0.03	 2.000	  8.00	 -12.00	 40.00	   0.0	 9.8507	  0.19	 0.0000	  0.68	  0.57	 64.000	 1.00000000	 0.771	  0.000	  0.77	  0.00	  1.1343	 0.8888	 0.13364846		 0.9354	 54.49507085	 39.0857	 74.25540422	 136.37	  7.50	 0.8993	 0.1463	 0.8642	 
m60629c3r6.htb	   0.0	  0.03	 2.000	  8.00	 -12.00	 40.00	   1.0	 9.8507	  0.03	 0.0000	  0.72	  0.50	 64.000	 1.00000000	 0.856	  0.000	  0.86	  0.00	  0.3228	 0.9883	 0.29281076		 0.8638	 35.89857193	 28.9456	 14.74940387	 46.90	  6.98	 0.9664	 0.1463	 0.8642	 
m60629c4r6.htb	   0.0	  0.03	 2.000	 -8.00	 -10.00	 40.00	   0.0	 2.4876	  0.16	 0.0000	  0.68	  0.61	 64.000	 1.00000000	 0.749	  0.000	  0.75	  0.00	  0.8482	 0.9319	 0.49030503		 0.7826	 25.63718666	 22.6010	 13.21386185	 54.27	  1.91	 0.9288	 1.4047	 0.2528	 
m60629c4r6.htb	   0.0	  0.03	 2.000	 -8.00	 -10.00	 40.00	   1.0	 2.4876	  0.19	 0.0000	  0.71	  0.57	 64.000	 1.00000000	 0.771	  0.000	  0.77	  0.00	  0.7403	 0.9463	 0.16477436		 0.9209	 85.57213930	 19.2350	 72.12432651	 22.75	  0.72	 1.3270	 1.4047	 0.2528	 
m60719c2r6.htb	 170.0	  0.03	 2.000	 10.00	 -10.00	 40.00	   0.0	 4.5274	  0.00	 0.0000	  0.57	  0.54	 64.000	 1.00000000	 0.482	  0.000	  0.48	  0.00	  0.3442	 0.9868	 0.34407450		 0.8419	 6.94790239	 28.2980	 0.00000000	 28.56	  3.29	 0.2539	 -0.0000	 1.0000	 
m60719c2r6.htb	 170.0	  0.03	 2.000	 10.00	 -10.00	 40.00	   1.0	 4.5274	  0.00	 0.0000	  0.64	  0.45	 64.000	 1.00000000	 0.614	  0.000	  0.61	  0.00	  0.4969	 0.9738	 0.49689421		 0.7800	 11.01009177	 83.6920	 0.00000000	 85.34	  3.62	 0.1427	 -0.0000	 1.0000	 
m60719c3r6.htb	   0.0	  0.03	 2.000	 10.00	  0.00	 40.00	   0.0	 0.1990	 -5.60	 0.0000	  0.50	  0.41	 64.000	 1.00000000	 0.000	    NaN	  0.14	  0.00	  9.7264	 0.0453	 9.72644760		 0.0077	 0.00000000	 5.5068	 5.47263682	  8.34	 -0.11	 -0.0984	 -20.9187	 1.0000	 
m60719c3r6.htb	   0.0	  0.03	 2.000	 10.00	  0.00	 40.00	   1.0	 0.1990	 -6.20	 0.0000	  0.49	  0.43	 64.000	 1.00000000	 0.000	    NaN	  0.17	  0.00	  0.6396	 0.9586	 13.67667053		 0.0011	 -0.00000000	 6.1263	 6.21890547	  9.24	 -0.12	 -0.1030	 -20.9187	 1.0000	 
m60720c1r6.htb	   0.0	  0.03	 2.000	  0.00	  0.00	 40.00	   0.0	 3.4826	  0.00	 0.0000	  0.64	  0.81	 64.000	 1.00000000	 0.765	  0.000	  0.77	  0.00	  0.7533	 0.9446	 0.75220891		 0.6865	 21.00920254	 47.5751	 1.14062123	 53.58	  1.50	 0.4412	 0.2969	 0.7441	 
m60720c1r6.htb	   0.0	  0.03	 2.000	  0.00	  0.00	 40.00	   1.0	 3.4826	  0.04	 0.0000	  0.69	  0.81	 64.000	 1.00000000	 0.772	  0.000	  0.77	  0.00	  1.3452	 0.8537	 1.17396148		 0.5560	 77.06839461	 61.9500	 100.74626866	 146.00	  1.13	 0.5901	 0.2969	 0.7441	 
m60720c1r6.htb	   0.0	  0.03	 2.000	  0.00	  0.00	 40.00	   0.0	 3.4826	  0.00	 0.0000	  0.64	  0.81	 64.000	 1.00000000	 0.771	  0.000	  0.77	  0.00	  0.7533	 0.9446	 0.66044112		 0.7188	 74.77104596	 75.7075	 98.00995025	 173.60	  1.49	 0.4513	 0.2962	 0.7447	 
m60720c1r6.htb	   0.0	  0.03	 2.000	  0.00	  0.00	 40.00	   1.0	 3.4826	  0.04	 0.0000	  0.69	  0.81	 64.000	 1.00000000	 0.772	  0.000	  0.77	  0.00	  1.3452	 0.8537	 1.17431839		 0.5559	 72.10764043	 61.0682	 100.74626866	 160.75	  1.13	 0.5900	 0.2962	 0.7447	 
m60720c1r6.htb	   0.0	  0.03	 2.000	  0.00	  0.00	 40.00	   0.0	 3.4826	  0.00	 0.0000	  0.64	  0.81	 64.000	 1.00000000	 0.771	  0.000	  0.77	  0.00	  0.7533	 0.9446	 0.66052377		 0.7187	 74.33259023	 75.6225	 98.00995025	 175.03	  1.49	 0.4512	 0.2969	 0.7441	 
m60720c1r6.htb	   0.0	  0.03	 2.000	  0.00	  0.00	 40.00	   1.0	 3.4826	  0.04	 0.0000	  0.69	  0.81	 64.000	 1.00000000	 0.772	  0.000	  0.77	  0.00	  1.3452	 0.8537	 1.17393339		 0.5560	 77.03048706	 61.9448	 100.74626866	 146.11	  1.13	 0.5901	 0.2969	 0.7441	 
m60720c2r6.htb	   0.0	  0.03	 2.000	  5.00	 -10.00	 40.00	   0.0	 1.7413	  0.13	 0.0000	  0.78	  0.62	 64.000	 1.00000000	 0.910	  0.000	  0.91	  0.00	  2.7564	 0.5994	 2.29332533		 0.3177	 109.79732781	 52.4075	 137.81094527	 126.23	 -0.53	 1.0666	 1.5173	 0.2270	 
m60720c2r6.htb	   0.0	  0.03	 2.000	  5.00	 -10.00	 40.00	   1.0	 1.7413	  0.11	 0.0000	  0.77	  0.63	 64.000	 1.00000000	 0.943	  0.000	  0.94	  0.00	  3.5106	 0.4763	 1.53881312		 0.4633	 117.33351640	 54.1194	 148.75621891	 129.10	 -0.47	 1.0802	 1.5173	 0.2270	 
m60720c3r6.htb	   0.0	  0.03	 2.000	 -8.00	 -10.00	 40.00	   0.0	 4.3284	  0.05	 0.0000	  0.68	  0.60	 64.000	 1.00000000	 0.836	  0.000	  0.84	  0.00	  0.6558	 0.9567	 0.60750001		 0.7380	 26.28914693	 28.0576	 11.22757943	 48.63	  1.22	 0.7374	 0.0001	 0.9999	 
m60720c3r6.htb	   0.0	  0.03	 2.000	 -8.00	 -10.00	 40.00	   1.0	 4.3284	  0.00	 0.0000	  0.70	  0.58	 64.000	 1.00000000	 0.809	  0.000	  0.81	  0.00	  0.7732	 0.9420	 0.77313778		 0.6794	 15.13197279	 20.5371	 0.14983573	 21.95	  1.75	 0.7503	 0.0001	 0.9999	 
m60721c4r6.htb	  90.0	  0.03	 2.000	 -10.00	  0.00	 40.00	   0.0	 0.8458	  0.00	 0.0000	  0.75	  0.65	 64.000	 1.00000000	 0.886	  0.000	  0.89	  0.00	  0.3005	 0.9898	 0.30045536		 0.8605	 27.69623576	 62.5294	 1.55946564	 69.63	 -0.04	 0.4482	 0.0022	 0.9978	 
m60721c4r6.htb	  90.0	  0.03	 2.000	 -10.00	  0.00	 40.00	   1.0	 0.8458	  0.00	 0.0000	  0.77	  0.56	 64.000	 1.00000000	 0.884	  0.000	  0.88	  0.00	  1.4577	 0.8341	 1.45714075		 0.4826	 25.20971783	 47.6806	 3.12413903	 54.54	 -0.05	 0.4948	 0.0022	 0.9978	 
m60721c5r6.htb	  90.0	  0.03	 2.000	  0.00	 -8.00	 40.00	   0.0	 1.1940	  0.00	 0.0000	  0.82	  0.49	 64.000	 1.00000000	 0.930	  0.000	  0.93	  0.00	  7.8958	 0.0955	 7.64801257		 0.0218	 113.21646667	 88.4770	 135.82089552	 188.48	 -0.47	 0.5984	 0.4827	 0.6193	 
m60721c5r6.htb	  90.0	  0.03	 2.000	  0.00	 -8.00	 40.00	   1.0	 1.1940	  0.01	 0.0000	  0.81	  0.51	 64.000	 1.00000000	 0.935	  0.000	  0.93	  0.00	  4.0700	 0.3966	 3.71640582		 0.1560	 110.18525820	 68.8159	 141.04477612	 160.19	 -0.55	 0.7680	 0.4827	 0.6193	 
m60801c1r6.htb	   0.0	  0.03	 2.000	 -10.00	  5.00	 40.00	   0.0	 1.0448	  0.00	 0.0000	  0.57	  0.59	 64.000	 1.00000000	 0.478	  0.000	  0.48	  0.00	  0.5164	 0.9719	 0.51641198		 0.7724	 6.81493183	 100.0000	 0.00000000	 102.34	  0.67	 0.0746	 0.0000	 1.0000	 
m60801c1r6.htb	   0.0	  0.03	 2.000	 -10.00	  5.00	 40.00	   1.0	 1.0448	  0.00	 0.0000	  0.61	  0.55	 64.000	 1.00000000	 0.655	  0.000	  0.66	  0.00	  0.0849	 0.9991	 0.08484743		 0.9585	 7.38375788	 52.3576	 0.98916617	 52.40	  0.43	 0.1289	 0.0000	 1.0000	 
m60803c2r6.htb	   0.0	  0.03	 2.000	 -8.00	  0.00	 40.00	   0.0	 1.5423	  0.00	 0.0000	  0.72	  0.60	 64.000	 1.00000000	 0.874	  0.000	  0.87	  0.00	  0.3134	 0.9889	 0.31328152		 0.8550	 18.69094724	 35.4506	 0.79033172	 36.93	  0.39	 0.5254	 -0.0000	 1.0000	 
m60803c2r6.htb	   0.0	  0.03	 2.000	 -8.00	  0.00	 40.00	   1.0	 1.5423	  0.00	 0.0000	  0.74	  0.51	 64.000	 1.00000000	 0.866	  0.000	  0.87	  0.00	  0.7939	 0.9393	 0.79396971		 0.6723	 17.81199399	 35.3819	 0.00000000	 35.43	  1.10	 0.5230	 -0.0000	 1.0000	 
m60804c1r6.htb	  60.0	  0.03	 2.000	  5.00	 -10.00	 40.00	   0.0	 1.5920	  0.00	 0.0000	  0.72	  0.70	 64.000	 1.00000000	 0.875	  0.000	  0.87	  0.00	  3.0642	 0.5471	 3.03931432		 0.2188	 27.57978692	 53.9509	 3.98237744	 62.63	  0.03	 0.4727	 0.6555	 0.5226	 
m60804c1r6.htb	  60.0	  0.03	 2.000	  5.00	 -10.00	 40.00	   1.0	 1.5920	  0.02	 0.0000	  0.76	  0.69	 64.000	 1.00000000	 0.909	  0.000	  0.91	  0.00	  2.1700	 0.7045	 1.42512115		 0.4904	 85.22322269	 64.3420	 107.21393035	 151.05	 -1.26	 0.6547	 0.6555	 0.5226	 
m60815c3r6.htb	   0.0	  0.03	 2.000	  5.00	 -20.00	 40.00	   0.0	 14.5771	  0.00	 0.0001	  0.51	  0.60	 64.000	 1.00000000	 0.337	  0.000	  0.34	  0.00	  0.2796	 0.9911	 0.27966708		 0.8695	 13.76910873	 100.0000	 0.00000000	 121.09	 10.78	 0.1508	 0.0000	 1.0000	 
m60815c3r6.htb	   0.0	  0.03	 2.000	  5.00	 -20.00	 40.00	   1.0	 14.5771	  0.00	 0.0000	  0.54	  0.49	 64.000	 1.00000000	 0.427	  0.000	  0.43	  0.00	  0.2321	 0.9938	 0.23206337		 0.8904	 9.91727458	 32.3534	 1.26573042	 32.35	 10.53	 0.2772	 0.0000	 1.0000	 
m60816c1r6.htb	   0.0	  0.03	 2.000	  0.00	 -10.00	 40.00	   0.0	 5.3731	  0.00	 0.0000	  0.58	  1.04	 64.000	 1.00000000	 0.691	  0.000	  0.69	  0.00	  0.2947	 0.9902	 0.29371900		 0.8634	 21.46893015	 42.6092	 1.64436279	 48.21	  1.48	 0.4907	 0.0947	 0.9097	 
m60816c1r6.htb	   0.0	  0.03	 2.000	  0.00	 -10.00	 40.00	   1.0	 5.3731	  0.00	 0.0000	  0.65	  0.93	 64.000	 1.00000000	 0.796	  0.000	  0.80	  0.00	  0.6668	 0.9554	 0.59995489		 0.7408	 99.68368759	 77.7814	 124.12935323	 163.87	  1.69	 0.5591	 0.0947	 0.9097	 
m60816c2r6.htb	   0.0	  0.03	 2.000	  0.00	  0.00	 40.00	   0.0	 7.8607	  0.00	 0.0000	  0.69	  0.62	 64.000	 1.00000000	 0.846	  0.000	  0.85	  0.00	  0.3561	 0.9859	 0.35443864		 0.8376	 24.56462781	 26.0754	 2.43747348	 30.04	  4.26	 0.8891	 0.1834	 0.8329	 
m60816c2r6.htb	   0.0	  0.03	 2.000	  0.00	  0.00	 40.00	   1.0	 7.8607	  0.03	 0.0000	  0.71	  0.51	 64.000	 1.00000000	 0.860	  0.000	  0.86	  0.00	  0.4227	 0.9806	 0.37804139		 0.8278	 44.80281476	 30.9271	 24.07254230	 43.53	  5.53	 0.9366	 0.1834	 0.8329	 
m60816c2r6.htb	   0.0	  0.03	 2.000	  0.00	  0.00	 40.00	   0.0	 7.8607	  0.00	 0.0000	  0.69	  0.62	 64.000	 1.00000000	 0.846	  0.000	  0.85	  0.00	  0.3561	 0.9859	 0.35421069		 0.8377	 24.75806771	 26.1147	 2.63284636	 30.20	  4.26	 0.8891	 0.1813	 0.8346	 
m60816c2r6.htb	   0.0	  0.03	 2.000	  0.00	  0.00	 40.00	   1.0	 7.8607	  0.03	 0.0000	  0.71	  0.51	 64.000	 1.00000000	 0.860	  0.000	  0.86	  0.00	  0.4227	 0.9806	 0.37894929		 0.8274	 36.97776580	 29.9846	 16.43683686	 48.73	  5.53	 0.9365	 0.1813	 0.8346	 
m60816c3r6.htb	   0.0	  0.03	 2.000	 -10.00	 -10.00	 40.00	   0.0	 10.5473	  0.00	 0.0000	  0.52	  0.56	 64.000	 1.00000000	 0.367	  0.000	  0.37	  0.00	  0.4696	 0.9764	 0.46964697		 0.7907	 12.67964619	 100.0000	 0.00000000	 130.11	  8.67	 0.1389	 -0.0000	 1.0000	 
m60816c3r6.htb	   0.0	  0.03	 2.000	 -10.00	 -10.00	 40.00	   1.0	 10.5473	  0.00	 0.0000	  0.52	  0.49	 64.000	 1.00000000	 0.405	  0.000	  0.40	  0.00	  0.1101	 0.9985	 0.11013962		 0.9464	 9.40017666	 69.1525	 0.09976420	 74.66	  8.36	 0.1444	 -0.0000	 1.0000	 
m60818c1r5.htb	 150.0	  0.03	 2.000	 -10.00	 -10.00	 40.00	   0.0	 0.9950	  0.00	 0.0000	  0.62	  0.48	 64.000	 1.00000000	 0.616	  0.000	  0.62	  0.00	  0.4015	 0.9824	 0.40144108		 0.8181	 7.57900024	 26.2298	 3.13689882	 26.34	  0.36	 0.1754	 1.6307	 0.2037	 
m60818c1r5.htb	 150.0	  0.03	 2.000	 -10.00	 -10.00	 40.00	   1.0	 0.9950	  0.15	 0.0000	  0.69	  0.38	 64.000	 1.00000000	 0.744	  0.000	  0.74	  0.00	  1.9853	 0.7385	 1.36174731		 0.5062	 21.69819036	 54.8800	 29.60199005	 131.22	  0.39	 0.1807	 1.6307	 0.2037	 
m60818c1r6.htb	   0.0	  0.03	 2.000	 -10.00	 -10.00	 40.00	   0.0	 1.0448	  0.00	 0.0000	  0.52	  0.43	 64.000	 1.00000000	 0.479	  0.000	  0.48	  0.00	  0.9380	 0.9190	 0.93805794		 0.6256	 2.67409622	 29.1735	 0.25438761	 29.17	  0.52	 0.0858	 0.0000	 1.0000	 
m60818c1r6.htb	   0.0	  0.03	 2.000	 -10.00	 -10.00	 40.00	   1.0	 1.0448	  0.00	 0.0000	  0.56	  0.44	 64.000	 1.00000000	 0.594	  0.000	  0.59	  0.00	  0.9736	 0.9138	 0.97355233		 0.6146	 4.25289580	 26.2778	 0.71344689	 26.28	  0.55	 0.1391	 0.0000	 1.0000	 
m60818c2r6.htb	   0.0	  0.03	 2.000	 10.00	 10.00	 40.00	   0.0	 24.5274	  0.00	 0.0001	  0.50	  0.65	 64.000	 1.00000000	 0.338	  0.000	  0.34	  0.00	  0.8107	 0.9370	 0.81068316		 0.6667	 21.98832796	 54.9950	 7.84749281	 56.08	 20.04	 0.2748	 0.0000	 1.0000	 
m60818c2r6.htb	   0.0	  0.03	 2.000	 10.00	 10.00	 40.00	   1.0	 24.5274	  0.00	 0.0000	  0.55	  0.52	 64.000	 1.00000000	 0.471	  0.000	  0.47	  0.00	  0.3133	 0.9889	 0.31330228		 0.8550	 20.89900798	 29.6681	 7.45144920	 29.67	 20.42	 0.4691	 0.0000	 1.0000	 
m60818c3r6.htb	   0.0	  0.03	 2.000	 -10.00	  0.00	 40.00	   0.0	 3.9303	  0.00	 0.0000	  0.58	  0.55	 64.000	 1.00000000	 0.504	  0.000	  0.50	  0.00	  0.6616	 0.9560	 0.66157665		 0.7184	 8.37797585	 100.0000	 0.00000000	 101.48	  1.97	 0.0917	 0.0000	 1.0000	 
m60818c3r6.htb	   0.0	  0.03	 2.000	 -10.00	  0.00	 40.00	   1.0	 3.9303	  0.00	 0.0000	  0.65	  0.48	 64.000	 1.00000000	 0.615	  0.000	  0.61	  0.00	  0.8316	 0.9342	 0.83157485		 0.6598	 11.38576422	 100.0000	 0.00000000	 105.15	  1.77	 0.1247	 0.0000	 1.0000	 
m60821c4r6.htb	   0.0	  0.03	 2.000	  5.00	 -15.00	 40.00	   0.0	 4.4776	  0.04	 0.0000	  0.71	  0.62	 64.000	 1.00000000	 0.844	  0.000	  0.84	  0.00	  0.2669	 0.9918	 0.21838158		 0.8966	 33.08581254	 20.3548	 9.90601154	 36.96	  2.37	 1.4061	 -0.0002	 1.0000	 
m60821c4r6.htb	   0.0	  0.03	 2.000	  5.00	 -15.00	 40.00	   1.0	 4.4776	  0.00	 0.0000	  0.71	  0.67	 64.000	 1.00000000	 0.841	  0.000	  0.84	  0.00	  0.1160	 0.9984	 0.11602253		 0.9436	 24.77736571	 20.0122	 0.21479679	 23.44	  3.70	 1.2625	 -0.0002	 1.0000	 
m60821c5r6.htb	   0.0	  0.03	 2.000	  5.00	  5.00	 40.00	   0.0	 6.7786	  0.00	 0.0000	  0.66	  0.66	 64.000	 1.00000000	 0.737	  0.000	  0.74	  0.00	  1.2809	 0.8646	 1.28030678		 0.5272	 22.29472748	 32.1401	 1.37773907	 33.73	  6.60	 0.6767	 1.3157	 0.2780	 
m60821c5r6.htb	   0.0	  0.03	 2.000	  5.00	  5.00	 40.00	   1.0	 6.7786	  0.15	 0.0000	  0.71	  0.56	 64.000	 1.00000000	 0.776	  0.000	  0.78	  0.00	  1.7403	 0.7834	 0.98986114		 0.6096	 101.32006505	 54.9838	 141.43567875	 131.06	  6.35	 0.8129	 1.3157	 0.2780	 
m60824c4r6.htb	   0.0	  0.03	 2.000	  0.00	 -10.00	 40.00	   0.0	 9.5357	  0.14	 0.0000	  0.67	  0.87	 64.000	 1.00000000	 0.687	  0.000	  0.69	  0.00	  1.8467	 0.7639	 0.81178367		 0.6664	 37.01111333	 23.7458	 26.38531910	 123.75	  4.61	 1.4032	 0.2854	 0.7534	 
m60824c4r6.htb	   0.0	  0.03	 2.000	  0.00	 -10.00	 40.00	   1.0	 9.5357	  0.11	 0.0000	  0.63	  0.92	 64.000	 1.00000000	 0.765	  0.000	  0.76	  0.00	  1.6966	 0.7913	 1.31569422		 0.5180	 122.48383296	 56.4904	 165.42288557	 133.54	  6.45	 0.9895	 0.2854	 0.7534	 
m60825c1r6.htb	 180.0	  0.03	 2.000	  0.00	  0.00	 40.00	   0.0	 3.9303	  0.00	 0.0000	  0.60	  0.42	 64.000	 1.00000000	 0.560	  0.000	  0.56	  0.00	  1.6204	 0.8051	 1.62062113		 0.4447	 13.22137120	 71.7823	 4.11259783	 72.77	  4.64	 0.1372	 -0.0000	 1.0000	 
m60825c1r6.htb	 180.0	  0.03	 2.000	  0.00	  0.00	 40.00	   1.0	 3.9303	  0.00	 0.0000	  0.64	  0.42	 64.000	 1.00000000	 0.636	  0.000	  0.64	  0.00	  1.1554	 0.8854	 1.15537564		 0.5612	 13.16424891	 100.0000	 0.00000000	 104.66	  4.08	 0.1442	 -0.0000	 1.0000	 
m60831c2r6.htb	 180.0	  0.03	 2.000	  5.00	 -10.00	 40.00	   0.0	 15.1741	  0.02	 0.0000	  0.68	  0.49	 64.000	 1.00000000	 0.772	  0.000	  0.77	  0.00	  0.4853	 0.9749	 0.47327580		 0.7893	 122.42224373	 21.0032	 101.45756102	 22.60	 12.08	 1.3870	 0.5858	 0.5596	 
m60831c2r6.htb	 180.0	  0.03	 2.000	  5.00	 -10.00	 40.00	   1.0	 15.1741	  0.07	 0.0000	  0.70	  0.53	 64.000	 1.00000000	 0.749	  0.000	  0.75	  0.00	  4.5371	 0.3382	 3.90721268		 0.1418	 37.39841817	 27.6456	 19.28483125	 65.34	 14.04	 1.1067	 0.5858	 0.5596	 
m60831c3r6.htb	 180.0	  0.03	 2.000	  0.00	  0.00	 40.00	   0.0	 13.9801	  0.07	 0.0000	  0.68	  0.63	 64.000	 1.00000000	 0.791	  0.000	  0.79	  0.00	  0.5814	 0.9651	 0.30813634		 0.8572	 38.89844430	 14.3668	 12.51929103	 31.92	  9.30	 2.3779	 -0.0000	 1.0000	 
m60831c3r6.htb	 180.0	  0.03	 2.000	  0.00	  0.00	 40.00	   1.0	 13.9801	  0.00	 0.0000	  0.71	  0.52	 64.000	 1.00000000	 0.830	  0.000	  0.83	  0.00	  0.0372	 0.9998	 0.03716647		 0.9816	 32.43625075	 16.0928	 5.42975845	 16.10	 11.80	 1.7144	 -0.0000	 1.0000	 
m60901c1r6.htb	 180.0	  0.03	 2.000	 -10.00	  0.00	 40.00	   0.0	 0.0498	 -7.66	 0.0000	  0.68	  0.40	 64.000	 1.00000000	 0.000	    NaN	  0.27	  0.00	 43.9012	 0.0000	 43.90117070		    NaN	 0.00000000	 10.6963	 13.93034826	 11.50	 -0.28	 -0.1995	 0.0000	 1.0000	 
m60901c1r6.htb	 180.0	  0.03	 2.000	 -10.00	  0.00	 40.00	   1.0	 0.0498	 -9.95	 0.0000	  0.71	  0.33	 64.000	 1.00000000	 0.000	    NaN	  0.50	  0.00	 37.3593	    NaN	 37.35926708		    NaN	 0.00000000	 12.5030	 13.18407960	 15.41	 -0.26	 -0.1940	 0.0000	 1.0000	 
m60901c2r6.htb	 180.0	  0.03	 2.000	  5.00	  0.00	 40.00	   0.0	 0.8955	  0.00	 0.0000	  0.77	  0.58	 64.000	 1.00000000	 0.827	  0.000	  0.82	  0.00	  2.8482	 0.5835	 2.84821014		 0.2407	 20.73478757	 37.9458	 3.47078038	 38.06	 -1.61	 0.4738	 380.4837	 0.0000	 
m60901c2r6.htb	 180.0	  0.03	 2.000	  5.00	  0.00	 40.00	   1.0	 0.8955	  0.10	 0.0000	  0.80	  0.55	 64.000	 1.00000000	 0.830	  0.000	  0.82	  0.00	 201.4363	 0.0000	 6.51096151		 0.0386	 79.99625297	 59.6766	 108.45771144	 141.08	 -2.17	 0.6089	 380.4837	 0.0000	 
m60901c3r6.htb	 180.0	  0.03	 2.000	 -10.00	 -10.00	 40.00	   0.0	 1.4428	  0.00	 0.0000	  0.67	  0.61	 64.000	 1.00000000	 0.788	  0.000	  0.79	  0.00	  0.8781	 0.9277	 0.87807720		 0.6447	 14.96961883	 42.0246	 2.45594099	 42.25	  0.44	 0.3113	 0.6547	 0.5230	 
m60901c3r6.htb	 180.0	  0.03	 2.000	 -10.00	 -10.00	 40.00	   1.0	 1.4428	  0.08	 0.0000	  0.69	  0.69	 64.000	 1.00000000	 0.822	  0.000	  0.82	  0.00	  1.0874	 0.8963	 0.63542679		 0.7278	 62.20140211	 58.2988	 72.38805970	 117.62	  0.04	 0.4804	 0.6547	 0.5230	 
m61025c1r6.htb	   0.0	  0.03	 2.000	  0.00	 -10.00	 40.00	   0.0	 2.9851	  0.00	 0.0000	  0.67	  0.49	 64.000	 1.00000000	 0.749	  0.000	  0.75	  0.00	  0.7801	 0.9411	 0.78008998		 0.6770	 17.57816607	 100.0000	 0.00000000	 101.80	  2.70	 0.1925	 0.0000	 1.0000	 
m61025c1r6.htb	   0.0	  0.03	 2.000	  0.00	 -10.00	 40.00	   1.0	 2.9851	  0.00	 0.0000	  0.68	  0.45	 64.000	 1.00000000	 0.760	  0.000	  0.76	  0.00	  0.7842	 0.9406	 0.78427925		 0.6756	 14.52265213	 52.0857	 3.13722599	 53.13	  2.42	 0.2318	 0.0000	 1.0000	 
m61025c1r6.htb	   0.0	  0.03	 2.000	  0.00	 -10.00	 40.00	   0.0	 2.9851	  0.00	 0.0000	  0.67	  0.49	 64.000	 1.00000000	 0.749	  0.000	  0.75	  0.00	  0.7801	 0.9411	 0.78008943		 0.6770	 17.57816660	 100.0000	 0.00000000	 103.54	  2.70	 0.1925	 0.0000	 1.0000	 
m61025c1r6.htb	   0.0	  0.03	 2.000	  0.00	 -10.00	 40.00	   1.0	 2.9851	  0.00	 0.0000	  0.68	  0.45	 64.000	 1.00000000	 0.760	  0.000	  0.76	  0.00	  0.7842	 0.9406	 0.78421061		 0.6756	 14.28511827	 52.0225	 2.89936993	 52.90	  2.42	 0.2318	 0.0000	 1.0000	 
m61025c2r6.htb	   0.0	  0.03	 2.000	  0.00	 -10.00	 40.00	   0.0	 2.6368	  0.00	 0.0000	  0.63	  0.51	 64.000	 1.00000000	 0.701	  0.000	  0.70	  0.00	  1.1988	 0.8783	 1.19881799		 0.5491	 12.69844718	 43.9616	 1.81604649	 44.42	  2.55	 0.2594	 0.0000	 1.0000	 
m61025c2r6.htb	   0.0	  0.03	 2.000	  0.00	 -10.00	 40.00	   1.0	 2.6368	  0.00	 0.0000	  0.67	  0.44	 64.000	 1.00000000	 0.754	  0.000	  0.75	  0.00	  0.4667	 0.9767	 0.46669224		 0.7919	 10.66958909	 31.4289	 0.93987345	 31.43	  2.64	 0.3207	 0.0000	 1.0000	 
m61025c3r6.htb	   0.0	  0.03	 2.000	  0.00	 -10.00	 40.00	   0.0	 4.2786	  0.00	 0.0000	  0.55	  0.39	 64.000	 1.00000000	 0.519	  0.000	  0.52	  0.00	  0.2486	 0.9929	 0.24860703		 0.8831	 7.02770129	 33.9182	 1.55953758	 34.44	  4.22	 0.1680	 0.0000	 1.0000	 
m61025c3r6.htb	   0.0	  0.03	 2.000	  0.00	 -10.00	 40.00	   1.0	 4.2786	  0.00	 0.0000	  0.55	  0.45	 64.000	 1.00000000	 0.511	  0.000	  0.51	  0.00	  0.1125	 0.9985	 0.11249156		 0.9453	 6.77415778	 24.6428	 0.86446859	 24.64	  3.71	 0.2474	 0.0000	 1.0000	 
m61026c1r6.htb	   0.0	  0.03	 2.000	 -5.00	  0.00	 40.00	   0.0	 0.6965	  0.00	 0.0000	  0.57	  0.65	 64.000	 1.00000000	 0.543	  0.000	  0.54	  0.00	  1.2830	 0.8643	 1.28295808		 0.5265	 8.62062230	 100.0000	 0.00000000	 102.27	  0.70	 0.0944	 0.0000	 1.0000	 
m61026c1r6.htb	   0.0	  0.03	 2.000	 -5.00	  0.00	 40.00	   1.0	 0.6965	  0.00	 0.0000	  0.63	  0.62	 64.000	 1.00000000	 0.691	  0.000	  0.69	  0.00	  0.5758	 0.9657	 0.57575666		 0.7499	 10.41288890	 58.9739	 2.25465585	 58.97	  0.12	 0.1470	 0.0000	 1.0000	 
m61026c2r6.htb	   0.0	  0.03	 2.000	  0.00	 -5.00	 40.00	   0.0	 0.8458	  0.00	 0.0000	  0.62	  0.73	 64.000	 1.00000000	 0.618	  0.000	  0.62	  0.00	  0.8727	 0.9284	 0.87252834		 0.6464	 13.49260088	 40.3790	 5.29686577	 40.59	 -0.04	 0.2123	 0.0000	 1.0000	 
m61026c2r6.htb	   0.0	  0.03	 2.000	  0.00	 -5.00	 40.00	   1.0	 0.8458	  0.00	 0.0000	  0.69	  0.61	 64.000	 1.00000000	 0.679	  0.000	  0.68	  0.00	  3.4152	 0.4909	 3.41525449		 0.1813	 15.05038696	 38.1539	 5.47156793	 38.17	 -0.07	 0.2614	 0.0000	 1.0000	 
m61026c3r6.htb	   0.0	  0.03	 2.000	  0.00	 -10.00	 40.00	   0.0	 1.1940	  0.00	 0.0000	  0.64	  0.60	 64.000	 1.00000000	 0.703	  0.000	  0.70	  0.00	  0.1166	 0.9984	 0.11662873		 0.9434	 12.53989492	 44.2866	 3.59012224	 44.30	  0.44	 0.2115	 0.0000	 1.0000	 
m61026c3r6.htb	   0.0	  0.03	 2.000	  0.00	 -10.00	 40.00	   1.0	 1.1940	  0.00	 0.0000	  0.67	  0.60	 64.000	 1.00000000	 0.774	  0.000	  0.77	  0.00	  1.3766	 0.8483	 1.37628026		 0.5025	 14.28776237	 50.7214	 2.05948581	 51.26	  0.54	 0.2544	 0.0000	 1.0000	 
m61026c4r6.htb	   0.0	  0.03	 2.000	  0.00	 -10.00	 40.00	   0.0	 0.6965	  0.09	 0.0000	  0.70	  0.62	 64.000	 1.00000000	 0.882	  0.000	  0.88	  0.00	  1.6357	 0.8024	 1.41314267		 0.4933	 68.40796020	 34.3171	 55.92231407	 40.31	 -0.13	 0.6361	 0.0000	 1.0000	 
m61026c4r6.htb	   0.0	  0.03	 2.000	  0.00	 -10.00	 40.00	   1.0	 0.6965	  0.00	 0.0000	  0.72	  0.73	 64.000	 1.00000000	 0.793	  0.000	  0.79	  0.00	 11.5813	 0.0208	 11.58065840		 0.0031	 18.55695995	 27.8979	 2.12752512	 28.00	  0.63	 0.6091	 0.0000	 1.0000	 
m61031c1r6.htb	 150.0	  0.03	 2.000	  0.00	 -10.00	 40.00	   0.0	 2.4876	  0.00	 0.0000	  0.52	  0.51	 64.000	 1.00000000	 0.482	  0.000	  0.48	  0.00	  0.2118	 0.9948	 0.21179959		 0.8995	 4.63160578	 36.9883	 0.06169104	 37.08	  1.54	 0.1285	 -0.0002	 1.0000	 
m61031c1r6.htb	 150.0	  0.03	 2.000	  0.00	 -10.00	 40.00	   1.0	 2.4876	  0.00	 0.0000	  0.53	  0.52	 64.000	 1.00000000	 0.443	  0.000	  0.44	  0.00	  0.1818	 0.9961	 0.18180797		 0.9131	 4.92056010	 14.9330	 0.65505442	 16.19	  1.28	 0.2946	 -0.0002	 1.0000	 
m61031c2r6.htb	   0.0	  0.03	 2.000	 10.00	 -10.00	 40.00	   0.0	 1.5423	  0.00	 0.0000	  0.57	  0.56	 64.000	 1.00000000	 0.484	  0.000	  0.48	  0.00	  0.9657	 0.9149	 0.96574414		 0.6170	 5.28882144	 100.0000	 0.00000000	 114.63	  0.44	 0.0579	 -0.0000	 1.0000	 
m61031c2r6.htb	   0.0	  0.03	 2.000	 10.00	 -10.00	 40.00	   1.0	 1.5423	  0.00	 0.0000	  0.62	  0.55	 64.000	 1.00000000	 0.619	  0.000	  0.62	  0.00	  1.0477	 0.9025	 1.04765720		 0.5922	 7.08927243	 100.0000	 0.00000000	 123.08	  0.45	 0.0776	 -0.0000	 1.0000	 
m61106c1r6.htb	 180.0	  0.03	 2.000	 -5.00	 10.00	 40.00	   0.0	 0.0000	 -13.31	 0.0000	  0.64	  0.68	 64.000	 1.00000000	 0.000	    NaN	  0.22	  0.00	 22.0805	 0.0001	 22.08049170		    NaN	 0.00000000	 18.9002	 29.35323383	 22.00	 -0.59	 -0.4420	 0.0000	 1.0000	 
m61106c2r6.htb	   0.0	  0.03	 2.000	  0.00	 -10.00	 40.00	   0.0	 0.4975	  0.00	 0.0000	  0.73	  0.59	 64.000	 1.00000000	 0.852	  0.000	  0.85	  0.00	  3.3740	 0.4973	 3.37341622		 0.1851	 17.69816561	 41.2689	 2.90454519	 42.11	 -1.29	 0.3755	 0.0001	 0.9999	 
m61106c3r6.htb	 120.0	  0.03	 2.000	  0.00	 -10.00	 40.00	   0.0	 11.5423	  0.08	 0.0000	  0.54	  0.83	 64.000	 1.00000000	 0.493	  0.000	  0.49	  0.00	  0.4137	 0.9813	 0.20840057		 0.9010	 27.24826068	 24.4764	 13.05761834	 48.83	  9.69	 0.8826	 0.2285	 0.7964	 
m61108c1r6.htb	 180.0	  0.03	 2.000	  8.00	 -10.00	 40.00	   0.0	 1.2438	  0.00	 0.0000	  0.67	  0.49	 64.000	 1.00000000	 0.769	  0.000	  0.77	  0.00	  0.8363	 0.9335	 0.83609675		 0.6583	 16.65882168	 55.3897	 7.55904800	 56.35	  0.66	 0.1762	 0.0003	 0.9997	 
m61108c4r6.htb	 180.0	  0.03	 2.000	  5.00	 -10.00	 40.00	   0.0	 7.9104	  0.14	 0.0000	  0.79	  0.55	 64.000	 1.00000000	 0.895	  0.000	  0.90	  0.00	  2.0278	 0.7307	 0.84296617		 0.6561	 43.53933740	 17.4594	 15.87843340	 65.94	  1.23	 2.3274	 1.4582	 0.2402	 
m61109c1r6.htb	 180.0	  0.03	 2.000	  0.00	 -10.00	 40.00	   0.0	 1.6418	  0.00	 0.0000	  0.63	  0.58	 64.000	 1.00000000	 0.669	  0.000	  0.67	  0.00	  0.3533	 0.9861	 0.35329493		 0.8381	 11.63502410	 100.0000	 0.00000000	 100.48	  0.69	 0.1274	 -0.0000	 1.0000	 
m61109c2r6.htb	   0.0	  0.03	 2.000	  0.00	  5.00	 40.00	   0.0	 6.4677	  0.00	 0.0000	  0.62	  0.54	 64.000	 1.00000000	 0.658	  0.000	  0.66	  0.00	  0.8883	 0.9262	 0.88828145		 0.6414	 15.09762329	 45.0888	 0.34032925	 45.82	  7.33	 0.3429	 0.0000	 1.0000	 
m61109c3r6.htb	   0.0	  0.03	 2.000	  0.00	  0.00	 40.00	   0.0	 5.7214	  0.00	 0.0000	  0.71	  0.56	 64.000	 1.00000000	 0.829	  0.000	  0.83	  0.00	  0.9371	 0.9192	 0.93602943		 0.6262	 25.07198891	 36.7292	 1.51708775	 40.51	  3.99	 0.6708	 0.0023	 0.9977	 
m61109c4r6.htb	   0.0	  0.03	 2.000	  0.00	 -5.00	 40.00	   0.0	 4.3284	  0.05	 0.0000	  0.76	  0.58	 64.000	 1.00000000	 0.905	  0.000	  0.91	  0.00	  0.4363	 0.9794	 0.30632952		 0.8580	 72.84809814	 52.6162	 90.81571373	 152.62	  0.90	 0.8383	 0.3419	 0.7117	 
m61109c5r6.htb	 180.0	  0.03	 2.000	  0.00	  0.00	 40.00	   0.0	 4.9751	  0.16	 0.0000	  0.73	  0.37	 64.000	 1.00000000	 0.810	  0.000	  0.81	  0.00	  1.4411	 0.8370	 1.09836209		 0.5774	 83.33333333	 23.0586	 72.08968512	 26.45	  2.85	 0.9265	 2.7486	 0.0715	 
m61110c1r6.htb	 180.0	  0.03	 2.000	  8.00	 -10.00	 40.00	   0.0	 14.2289	  0.00	 0.0000	  0.62	  0.55	 64.000	 1.00000000	 0.649	  0.000	  0.65	  0.00	  0.5356	 0.9699	 0.53547557		 0.7651	 19.54715050	 35.7174	 2.77512941	 36.21	 12.55	 0.4890	 0.0000	 1.0000	 
m61110c2r6.htb	 180.0	  0.03	 2.000	  5.00	 -15.00	 40.00	   0.0	 10.9453	  0.00	 0.0000	  0.70	  0.62	 64.000	 1.00000000	 0.683	  0.000	  0.68	  0.00	  1.3766	 0.8483	 1.37660851		 0.5024	 22.76366096	 15.4513	 2.70225242	 15.45	  5.49	 1.3248	 -0.0000	 1.0000	 
m61110c3r6.htb	 180.0	  0.03	 2.000	  0.00	 -30.00	 40.00	   0.0	 7.9104	  0.03	 0.0000	  0.68	  0.45	 64.000	 1.00000000	 0.702	  0.000	  0.70	  0.00	  1.7789	 0.7763	 1.50547448		 0.4711	 60.75233448	 69.4463	 90.79601990	 169.14	  5.36	 0.3607	 0.8353	 0.4383	 
m61113c1r6.htb	  60.0	  0.03	 1.000	  8.00	 -10.00	 40.00	   0.0	 4.9254	  0.00	 0.3937	  0.30	  0.50	 64.000	 1.00000000	 0.079	  0.019	  0.08	  0.02	  0.0676	 0.9994	 0.06750117		 0.9668	 3.05908614	 41.0165	 1.06513449	 44.93	  4.69	 0.0530	 0.0005	 0.9995	 
m61113c2r6.htb	  90.0	  0.03	 2.000	 -10.00	 -10.00	 40.00	   0.0	 2.6368	  0.00	 0.0000	  0.55	  0.68	 64.000	 1.00000000	 0.516	  0.000	  0.52	  0.00	  0.1995	 0.9953	 0.19953039		 0.9050	 15.02562826	 66.4765	 5.12253236	 67.67	  2.28	 0.1608	 0.0000	 1.0000	 
m61113c3r6.htb	 270.0	  0.03	 2.000	 -5.00	 -15.00	 40.00	   0.0	 12.8358	  0.00	 0.0000	  0.54	  0.54	 64.000	 1.00000000	 0.337	  0.000	  0.34	  0.00	  0.4630	 0.9770	 0.46302563		 0.7933	 14.17192659	 100.0000	 0.00000000	 125.29	 12.58	 0.1552	 -0.0000	 1.0000	 
m61115c1r6.htb	 180.0	  0.03	 2.000	  0.00	 -5.00	 40.00	   0.0	 3.6816	  0.00	 0.0000	  0.56	  0.83	 64.000	 1.00000000	 0.575	  0.000	  0.57	  0.00	  0.1008	 0.9988	 0.10083638		 0.9508	 11.46257047	 29.8036	 0.03337069	 29.80	  1.60	 0.3969	 0.0000	 1.0000	 
m61115c2r6.htb	   0.0	  0.03	 2.000	 10.00	 -5.00	 40.00	   0.0	 1.6418	  0.17	 0.0019	  0.43	  0.38	 64.000	 1.00000000	 0.271	  0.000	  0.27	  0.00	  0.0905	 0.9990	 0.01413759		 0.9930	 12.18615830	 32.8920	 11.15448147	 37.62	  0.78	 0.0777	 0.3717	 0.6910	 
m61115c3r6.htb	  90.0	  0.03	 2.000	 -10.00	 -15.00	 40.00	   0.0	 7.4627	  0.00	 0.0000	  0.74	  0.37	 64.000	 1.00000000	 0.844	  0.000	  0.84	  0.00	  0.1777	 0.9963	 0.17765658		 0.9150	 16.65376387	 53.5294	 0.01917899	 53.53	  6.26	 0.3283	 0.0000	 1.0000	 
m61115c4r6.htb	   0.0	  0.03	 2.000	  5.00	 -5.00	 40.00	   0.0	 8.8557	  0.00	 0.0000	  0.71	  0.48	 64.000	 1.00000000	 0.787	  0.000	  0.79	  0.00	  1.3589	 0.8513	 1.35763120		 0.5072	 21.29204179	 40.5238	 1.89956033	 42.79	  6.77	 0.5016	 0.0007	 0.9993	 
m61116c1r6.htb	  90.0	  0.03	 2.000	  0.00	  0.00	 40.00	   0.0	 1.4428	  0.00	 0.0000	  0.51	  0.65	 64.000	 1.00000000	 0.502	  0.000	  0.50	  0.00	  0.6960	 0.9518	 0.69609410		 0.7061	 9.84283206	 100.0000	 3.78416146	 100.00	  0.43	 0.0663	 -0.0000	 1.0000	 
m61121c1r6.htb	  30.0	  0.03	 2.000	  5.00	 -10.00	 40.00	   0.0	 0.0498	 -14.93	 0.0000	  0.73	  0.52	 64.000	 1.00000000	 0.000	    NaN	  0.74	  0.00	 119.0614	 0.0000	 119.06143471		    NaN	 -0.00000000	 29.0552	 27.24937644	 32.30	 -0.80	 -0.4152	 0.0000	 1.0000	 
m61122c1r6.htb	 180.0	  0.03	 2.000	  0.00	 -10.00	 40.00	   0.0	 0.8955	  0.00	 0.0000	  0.57	  0.64	 64.000	 1.00000000	 0.617	  0.000	  0.62	  0.00	  0.1750	 0.9964	 0.17483319		 0.9163	 11.63628122	 39.1630	 4.95805931	 39.25	  0.64	 0.1779	 0.0000	 1.0000	 
m61122c2r6.htb	  60.0	  0.03	 2.000	  0.00	 -15.00	 40.00	   0.0	 1.4925	  0.00	 0.0000	  0.57	  0.46	 64.000	 1.00000000	 0.554	  0.000	  0.55	  0.00	  0.5221	 0.9713	 0.52210215		 0.7702	 7.14856885	 100.0000	 0.00896968	 100.00	  1.30	 0.0782	 -0.0000	 1.0000	 
m61122c3r6.htb	  60.0	  0.03	 2.000	 -5.00	  0.00	 40.00	   0.0	 2.6368	  0.00	 0.0000	  0.58	  0.89	 64.000	 1.00000000	 0.427	  0.000	  0.43	  0.00	  0.1897	 0.9958	 0.18970077		 0.9095	 16.04503344	 53.1303	 4.62603252	 53.90	  0.94	 0.2282	 0.0000	 1.0000	 
m61122c4r6.htb	  60.0	  0.03	 2.000	 -5.00	 -5.00	 40.00	   0.0	 11.1443	  0.00	 0.0000	  0.71	  0.46	 64.000	 1.00000000	 0.780	  0.000	  0.78	  0.00	  1.2653	 0.8672	 1.26525737		 0.5312	 20.50260865	 42.7979	 1.42911201	 43.39	  8.15	 0.4662	 0.0000	 1.0000	 
m61127c1r6.htb	 180.0	  0.03	 2.000	 10.00	 -10.00	 40.00	   0.0	 0.0995	  0.26	 0.0000	  0.72	  0.43	 64.000	 1.00000000	 0.782	  0.000	  0.78	  0.00	  1.4552	 0.8345	 0.84709076		 0.6547	 34.82587065	 23.0226	 28.79572948	 28.74	 -0.70	 0.5328	 2.3063	 0.1077	 
m61127c2r6.htb	  30.0	  0.03	 2.000	  5.00	 -5.00	 40.00	   0.0	 8.7065	  0.00	 0.0000	  0.76	  0.39	 64.000	 1.00000000	 0.822	  0.000	  0.82	  0.00	  2.3003	 0.6807	 2.30031794		 0.3166	 20.30582862	 64.2988	 0.01179837	 64.50	  6.68	 0.3371	 -0.0000	 1.0000	 
m61127c3r6.htb	  90.0	  0.03	 2.000	 10.00	 -5.00	 40.00	   0.0	 0.7463	  0.14	 0.0000	  0.73	  0.64	 64.000	 1.00000000	 0.833	  0.000	  0.83	  0.00	  3.3151	 0.5065	 2.19714873		 0.3333	 55.71685864	 52.8052	 70.89552239	 126.56	 -1.04	 0.5262	 1.7035	 0.1901	 
m61127c4r6.htb	 270.0	  0.03	 2.000	  5.00	 -10.00	 40.00	   0.0	 2.9851	  0.05	 0.0000	  0.72	  0.62	 64.000	 1.00000000	 0.886	  0.000	  0.89	  0.00	  0.6731	 0.9546	 0.69131531		 0.7078	 61.78179969	 55.8999	 81.14530824	 155.90	  0.58	 0.6217	 0.1379	 0.8714	 
m61128c1r6.htb	 180.0	  0.03	 2.000	 10.00	 -10.00	 40.00	   0.0	 0.3483	  0.06	 0.0000	  0.69	  0.52	 64.000	 1.00000000	 0.754	  0.000	  0.75	  0.00	  0.6934	 0.9521	 0.50211265		 0.7780	 29.04448692	 60.1869	 37.56218905	 140.90	 -0.02	 0.2300	 0.5874	 0.5587	 
m61128c2r6.htb	 180.0	  0.03	 2.000	  5.00	  0.00	 40.00	   0.0	 8.2587	  0.18	 0.0000	  0.73	  0.60	 64.000	 1.00000000	 0.826	  0.000	  0.83	  0.00	  3.8243	 0.4303	 0.06519625		 0.9679	 32.33088353	 9.6899	 10.73903526	 59.24	  2.09	 3.1797	 2.1573	 0.1238	 
m61128c3r6.htb	 180.0	  0.03	 2.000	  5.00	 -10.00	 40.00	   0.0	 5.5721	  0.15	 0.0000	  0.71	  0.58	 64.000	 1.00000000	 0.782	  0.000	  0.78	  0.00	  1.0677	 0.8994	 0.69697189		 0.7058	 72.59386296	 45.6069	 79.05916302	 99.93	  4.30	 0.8490	 1.1923	 0.3101	 
m61128c4r6.htb	 180.0	  0.03	 2.000	  0.00	 -10.00	 40.00	   0.0	 1.9403	  0.00	 0.0000	  0.59	  0.67	 64.000	 1.00000000	 0.621	  0.000	  0.62	  0.00	  0.5151	 0.9720	 0.51505888		 0.7730	 12.73535685	 29.5847	 1.59338351	 29.86	  2.17	 0.3903	 0.0000	 1.0000	 
m61129c1r6.htb	  90.0	  0.03	 2.000	 10.00	 -10.00	 40.00	   0.0	 0.9950	  0.00	 0.0000	  0.54	  0.66	 64.000	 1.00000000	 0.505	  0.000	  0.50	  0.00	  0.2486	 0.9929	 0.24811229		 0.8833	 11.39880230	 76.2741	 5.08631393	 81.92	  0.35	 0.0940	 0.0005	 0.9995	 
m61129c2r6.htb	  90.0	  0.03	 2.000	  5.00	 -5.00	 40.00	   0.0	 9.6269	  0.00	 0.0000	  0.41	  0.40	 64.000	 1.00000000	 0.208	  0.000	  0.21	  0.00	  0.2509	 0.9928	 0.25087975		 0.8821	 10.32463117	 25.4726	 6.64833614	 25.70	  9.42	 0.1513	 0.0000	 1.0000	 
m61129c3r6.htb	  90.0	  0.03	 2.000	  0.00	  0.00	 40.00	   0.0	 1.4925	  0.03	 0.0000	  0.55	  0.41	 64.000	 1.00000000	 0.514	  0.000	  0.51	  0.00	  0.9210	 0.9215	 0.85373881		 0.6525	 13.60726351	 19.5575	 9.71212757	 22.36	  1.21	 0.2704	 0.0999	 0.9051	 
m61130c1r6.htb	 180.0	  0.03	 2.000	  0.00	  0.00	 40.00	   0.0	 12.6866	  0.00	 0.0000	  0.67	  0.45	 64.000	 1.00000000	 0.602	  0.000	  0.60	  0.00	  1.6755	 0.7952	 1.67559378		 0.4327	 20.02454602	 5.8349	 4.61751115	  5.84	  9.23	 2.5394	 -0.0000	 1.0000	 
m61130c2r6.htb	 180.0	  0.03	 2.000	 10.00	  5.00	 40.00	   0.0	 5.7711	  0.00	 0.0000	  0.51	  0.33	 64.000	 1.00000000	 0.347	  0.000	  0.35	  0.00	  0.3857	 0.9836	 0.38398849		 0.8253	 4.87052940	 11.3341	 1.33398901	 12.07	  5.43	 0.3219	 0.0014	 0.9986	 
m61130c3r6.htb	 180.0	  0.03	 2.000	  5.00	  5.00	 40.00	   0.0	 4.7761	  0.00	 0.0000	  0.62	  0.32	 64.000	 1.00000000	 0.489	  0.000	  0.49	  0.00	  5.6291	 0.2286	 5.62973661		 0.0599	 6.67516688	 21.1823	 2.49394431	 21.18	  3.81	 0.2030	 0.0000	 1.0000	 
m61130c4r6.htb	 210.0	  0.03	 2.000	  5.00	 -5.00	 40.00	   0.0	 5.1741	  0.00	 0.0000	  0.69	  0.46	 64.000	 1.00000000	 0.726	  0.000	  0.73	  0.00	  1.6641	 0.7972	 1.66414889		 0.4351	 13.67999247	 19.1702	 1.37864324	 19.19	  3.71	 0.6586	 -0.0000	 1.0000	 
m61201c1r6.htb	 180.0	  0.03	 2.000	  5.00	 -10.00	 40.00	   0.0	 4.1294	  0.00	 0.0000	  0.66	  0.67	 64.000	 1.00000000	 0.712	  0.000	  0.71	  0.00	  2.7298	 0.6040	 2.72983752		 0.2554	 17.21010508	 26.3366	 3.44140555	 26.44	  2.09	 0.5404	 0.0000	 1.0000	 
m61201c2r6.htb	   0.0	  0.03	 2.000	  0.00	 -10.00	 40.00	   0.0	 4.4279	  0.18	 0.0000	  0.73	  0.82	 64.000	 1.00000000	 0.833	  0.000	  0.83	  0.00	  3.0210	 0.5543	 2.54206329		 0.2805	 104.99139315	 43.9811	 131.75096292	 127.23	  0.45	 1.4329	 1.1484	 0.3235	 
m61204c1r6.htb	 240.0	  0.03	 2.000	  0.00	 -10.00	 40.00	   0.0	 1.2935	  0.18	 0.0000	  0.77	  0.67	 64.000	 1.00000000	 0.890	  0.000	  0.89	  0.00	  3.1729	 0.5293	 1.81499021		 0.4035	 127.90315323	 51.8712	 167.41293532	 124.66	 -0.28	 1.1939	 3.0466	 0.0544	 
m61204c2r6.htb	   0.0	  0.03	 2.000	  0.00	 -10.00	 40.00	   0.0	 5.7214	  0.19	 0.0000	  0.72	  0.77	 64.000	 1.00000000	 0.857	  0.000	  0.86	  0.00	  2.6557	 0.6170	 0.88105153		 0.6437	 123.11912846	 51.4850	 164.17910448	 123.76	  2.02	 1.1322	 2.2231	 0.1164	 
m61204c3r6.htb	 180.0	  0.03	 2.000	 -5.00	 -10.00	 40.00	   0.0	 5.4229	  0.16	 0.0000	  0.54	  0.86	 64.000	 1.00000000	 0.509	  0.000	  0.51	  0.00	  0.5374	 0.9698	 0.38340264		 0.8256	 59.98832092	 28.6742	 48.24282877	 36.48	  3.31	 0.8068	 0.6216	 0.5402	 
m61206c1r6.htb	 180.0	  0.03	 2.000	  5.00	 -10.00	 40.00	   0.0	 5.0746	  0.20	 0.0000	  0.73	  0.67	 64.000	 1.00000000	 0.844	  0.000	  0.84	  0.00	  1.2161	 0.8754	 0.39101022		 0.8224	 64.03485431	 23.0883	 41.71632311	 37.83	  0.90	 1.7443	 2.0950	 0.1313	 
m61206c2r6.htb	 240.0	  0.03	 2.000	 -5.00	  0.00	 40.00	   0.0	 1.5920	  0.24	 0.0000	  0.77	  0.40	 64.000	 1.00000000	 0.881	  0.000	  0.88	  0.00	  2.4527	 0.6531	 0.82922233		 0.6606	 52.85259684	 48.8033	 69.40298507	 118.10	  0.32	 0.5263	 3.5220	 0.0353	 
m61206c3r6.htb	   0.0	  0.03	 2.000	  5.00	 -5.00	 40.00	   0.0	 12.6866	  0.05	 0.0000	  0.64	  0.51	 64.000	 1.00000000	 0.716	  0.000	  0.72	  0.00	  0.1733	 0.9965	 0.03795838		 0.9812	 27.65419698	 22.0753	 11.31164963	 39.56	 11.19	 1.0051	 0.2785	 0.7578	 
m61206c4r6.htb	   0.0	  0.03	 2.000	  0.00	 -10.00	 40.00	   0.0	 4.2289	  0.35	 0.0000	  0.69	  0.73	 64.000	 1.00000000	 0.787	  0.000	  0.79	  0.00	  2.0412	 0.7282	 0.31738087		 0.8533	 124.86420391	 23.2058	 107.36314280	 30.12	  0.65	 1.8981	 4.9460	 0.0100	 
