FILE			 PrfOR	 PrfSF	 PrfTF	 RFXctr	 RFYctr	 RFDiam	 GrType	 Spont	 SI		 AnovaP	 SDI		 VarTerm	 MaxX 	 MinX 	 RsqMn	 PMean	 RsqRaw	 Praw		 ErfChi2	 ErfChiP	 DiffErfChi2	 DiffErfChiP	 Ke		 a		 Ki			 b+a		 DC_off	 Halfmax_slope	 F_SI	 P_SI	
m60112c1r6.htb	  30.0	  0.05	 2.000	  0.00	  0.00	 30.00	   0.0	 7.6285	  0.00	 0.0000	  0.77	  0.46	 64.000	 1.00000000	 0.909	  0.000	  0.91	  0.00	  0.2906	 0.9904	 0.28932493		 0.8653	 25.09494424	 22.2378	 1.62597040	 25.34	  2.88	 1.0959	 0.9610	 0.3926	 
m60112c1r6.htb	  30.0	  0.05	 2.000	  0.00	  0.00	 30.00	   1.0	 7.6285	  0.16	 0.0000	  0.71	  0.57	 64.000	 1.00000000	 0.833	  0.000	  0.83	  0.00	  1.1423	 0.8875	 0.13815165		 0.9333	 38.01135774	 30.8167	 37.30900969	 125.84	  4.58	 0.9850	 0.9610	 0.3926	 
m60117c1r7.htb	  90.0	  0.03	 4.000	  0.00	  0.00	 30.00	   0.0	 7.9602	  0.00	 0.0000	  0.71	  0.42	 64.000	 1.00000000	 0.714	  0.000	  0.71	  0.00	  2.3233	 0.6765	 2.32331491		 0.3130	 13.90149685	 46.7240	 0.00000000	 49.74	  6.16	 0.3121	 -0.0000	 1.0000	 
m60117c1r7.htb	  90.0	  0.03	 4.000	  0.00	  0.00	 30.00	   1.0	 7.9602	  0.00	 0.0001	  0.64	  0.59	 64.000	 1.00000000	 0.700	  0.000	  0.70	  0.00	  0.4465	 0.9785	 0.44653543		 0.7999	 24.28334472	 100.0000	 0.00000000	 105.17	  7.78	 0.2659	 -0.0000	 1.0000	 
m60119c1r7.htb	  30.0	  0.03	 6.000	  0.00	  0.00	 60.00	   0.0	 4.2644	  0.00	 0.0007	  0.54	  0.60	 64.000	 1.00000000	 0.385	  0.000	  0.39	  0.00	  0.8854	 0.9266	 0.88539368		 0.6423	 9.87506280	 100.0000	 0.00000000	 113.21	  4.58	 0.1081	 0.0000	 1.0000	 
m60119c1r7.htb	  30.0	  0.03	 6.000	  0.00	  0.00	 60.00	   1.0	 4.2644	  0.00	 0.0052	  0.51	  0.49	 64.000	 1.00000000	 0.327	  0.000	  0.33	  0.00	  0.3237	 0.9882	 0.32372382		 0.8506	 7.94027560	 100.0000	 0.00000000	 141.65	  6.25	 0.0870	 0.0000	 1.0000	 
m60119c2r9.htb	  30.0	  0.03	 6.000	  0.00	 10.00	 40.00	   0.0	 10.1635	  0.00	 0.0044	  0.51	  0.97	 64.000	 1.00000000	 0.330	  0.000	  0.33	  0.00	  0.4275	 0.9802	 0.42755078		 0.8075	 15.53606910	 66.3623	 0.00127631	 67.43	  8.79	 0.2505	 0.0000	 1.0000	 
m60119c2r9.htb	  30.0	  0.03	 6.000	  0.00	 10.00	 40.00	   1.0	 10.1635	  0.00	 0.0000	  0.54	  0.90	 64.000	 1.00000000	 0.495	  0.000	  0.49	  0.00	  0.4845	 0.9750	 0.48455228		 0.7848	 21.10650210	 60.7581	 0.00000000	 62.23	  7.29	 0.3697	 0.0000	 1.0000	 
m60124c1r9.htb	   0.0	  0.03	 2.000	  0.00	 10.00	 70.00	   0.0	 6.1123	  0.00	 0.0000	  0.64	  0.54	 64.000	 1.00000000	 0.605	  0.000	  0.60	  0.00	  1.8833	 0.7572	 1.88321961		 0.3900	 16.51428992	 97.5192	 0.20543378	 110.53	  5.58	 0.1832	 0.0000	 1.0000	 
m60124c1r9.htb	   0.0	  0.03	 2.000	  0.00	 10.00	 70.00	   1.0	 6.1123	  0.00	 0.0000	  0.65	  0.39	 64.000	 1.00000000	 0.601	  0.000	  0.60	  0.00	  2.2644	 0.6873	 2.26435251		 0.3223	 8.16667236	 35.0514	 0.00000000	 35.85	  5.80	 0.2420	 0.0000	 1.0000	 
m60124c2r6.htb	   0.0	  0.03	 4.000	  0.00	 10.00	 70.00	   0.0	 1.4925	  0.00	 0.0135	  0.51	  0.34	 64.000	 1.00000000	 0.093	  0.050	  0.09	  0.05	  2.3556	 0.6707	 2.35554773		 0.3080	 2.92488279	 100.0000	 1.36958905	 100.00	  1.61	 0.0170	 -0.0000	 1.0000	 
m60124c2r6.htb	   0.0	  0.03	 4.000	  0.00	 10.00	 70.00	   1.0	 1.4925	  0.00	 0.9022	  0.28	  0.36	 64.000	 1.00000000	 0.047	  0.174	  0.05	  0.17	  0.0550	 0.9996	 0.05504244		 0.9729	 2.17231080	 100.0000	 1.08090851	 100.00	  1.95	 0.0120	 -0.0000	 1.0000	 
m60124c3r9.htb	   0.0	  0.03	 4.000	  0.00	 10.00	 70.00	   0.0	 3.7935	  0.00	 0.0508	  0.45	  0.35	 64.000	 1.00000000	 0.190	  0.001	  0.19	  0.00	  0.3601	 0.9856	 0.36008980		 0.8352	 4.03995257	 100.0000	 0.85677236	 100.00	  3.67	 0.0349	 -0.0000	 1.0000	 
m60124c3r9.htb	   0.0	  0.03	 4.000	  0.00	 10.00	 70.00	   1.0	 3.7935	  0.00	 0.0209	  0.48	  0.41	 64.000	 1.00000000	 0.168	  0.002	  0.17	  0.00	  1.3529	 0.8523	 1.35290794		 0.5084	 3.58249529	 100.0000	 0.00000000	 100.23	  3.82	 0.0392	 -0.0000	 1.0000	 
m60124c4r7.htb	   0.0	  0.03	 4.000	 10.00	 -5.00	 70.00	   0.0	 3.8972	  0.00	 0.0000	  0.70	  0.49	 64.000	 1.00000000	 0.618	  0.000	  0.62	  0.00	  5.4938	 0.2403	 5.49382267		 0.0641	 13.77326233	 100.0000	 0.00000000	 113.06	  2.64	 0.1508	 0.0000	 1.0000	 
m60124c4r7.htb	   0.0	  0.03	 4.000	 10.00	 -5.00	 70.00	   1.0	 3.8972	  0.00	 0.0000	  0.70	  0.51	 64.000	 1.00000000	 0.664	  0.000	  0.66	  0.00	  3.9597	 0.4115	 3.95967322		 0.1381	 13.94418082	 100.0000	 0.00000000	 104.30	  2.77	 0.1527	 0.0000	 1.0000	 
m60124c5r5.htb	   0.0	  0.03	 4.000	  0.00	  0.00	 70.00	   0.0	 7.4627	  0.00	 0.0118	  0.53	  0.65	 64.000	 1.00000000	 0.282	  0.001	  0.28	  0.00	  2.5389	 0.6377	 2.53889615		 0.2810	 11.00246805	 100.0000	 0.00000000	 107.10	  7.98	 0.1205	 -0.0000	 1.0000	 
m60124c5r5.htb	   0.0	  0.03	 4.000	  0.00	  0.00	 70.00	   1.0	 7.4627	  0.00	 0.0000	  0.65	  0.52	 64.000	 1.00000000	 0.597	  0.000	  0.60	  0.00	  2.2230	 0.6948	 2.22303417		 0.3291	 18.18991811	 100.0000	 0.00000000	 113.57	  6.11	 0.1992	 -0.0000	 1.0000	 
m60213c2r6.htb	 350.0	  0.03	 2.000	  0.00	 15.00	 50.00	   0.0	 1.1940	  0.00	 0.0000	  0.70	  0.57	 64.000	 1.00000000	 0.731	  0.000	  0.73	  0.00	  1.4576	 0.8341	 1.45755634		 0.4825	 16.07410636	 49.6577	 2.28804795	 50.05	  0.56	 0.2925	 0.0000	 1.0000	 
m60213c2r6.htb	 350.0	  0.03	 2.000	  0.00	 15.00	 50.00	   1.0	 1.1940	  0.00	 0.0000	  0.66	  0.73	 64.000	 1.00000000	 0.655	  0.000	  0.66	  0.00	  1.3195	 0.8581	 1.31940559		 0.5170	 18.08556578	 52.3511	 1.74727079	 52.61	  0.72	 0.3295	 0.0000	 1.0000	 
m60213c3r7.htb	   0.0	  0.03	 4.000	  8.00	  0.00	 50.00	   0.0	 2.4378	  0.00	 0.0000	  0.71	  0.75	 64.000	 1.00000000	 0.813	  0.000	  0.81	  0.00	  0.3823	 0.9839	 0.38230632		 0.8260	 34.67487788	 85.8467	 0.14776115	 93.60	  1.27	 0.4371	 0.0000	 1.0000	 
m60213c3r7.htb	   0.0	  0.03	 4.000	  8.00	  0.00	 50.00	   1.0	 2.4378	  0.00	 0.0000	  0.74	  0.68	 64.000	 1.00000000	 0.866	  0.000	  0.87	  0.00	  0.9331	 0.9198	 0.93313099		 0.6272	 43.06784701	 100.0000	 0.00000000	 103.27	  1.59	 0.4716	 0.0000	 1.0000	 
m60213c4r6.htb	  20.0	  0.03	 2.000	  5.00	 12.00	 50.00	   0.0	 4.8756	  0.00	 0.0000	  0.60	  0.57	 64.000	 1.00000000	 0.579	  0.000	  0.58	  0.00	  0.5019	 0.9733	 0.50186227		 0.7781	 11.33864085	 36.0044	 1.29756945	 36.15	  3.70	 0.2900	 -0.0000	 1.0000	 
m60213c4r6.htb	  20.0	  0.03	 2.000	  5.00	 12.00	 50.00	   1.0	 4.8756	  0.00	 0.0000	  0.65	  0.52	 64.000	 1.00000000	 0.680	  0.000	  0.68	  0.00	  0.6083	 0.9621	 0.60825607		 0.7378	 11.68336796	 43.3728	 0.00000000	 44.12	  3.76	 0.2817	 -0.0000	 1.0000	 
m60220c1r6.htb	   0.0	  0.03	 2.000	  5.00	  8.00	 60.00	   0.0	 2.9353	  0.00	 0.0000	  0.63	  0.48	 64.000	 1.00000000	 0.647	  0.000	  0.65	  0.00	  0.7318	 0.9473	 0.73182545		 0.6936	 11.28370791	 100.0000	 0.20876860	 100.00	  2.37	 0.1213	 -0.0000	 1.0000	 
m60220c1r6.htb	   0.0	  0.03	 2.000	  5.00	  8.00	 60.00	   1.0	 2.9353	  0.00	 0.0000	  0.60	  0.42	 64.000	 1.00000000	 0.563	  0.000	  0.56	  0.00	  1.0255	 0.9059	 1.02554680		 0.5988	 9.75006459	 100.0000	 0.00000000	 102.72	  2.71	 0.1068	 -0.0000	 1.0000	 
m60317c1r6.htb	 200.0	  0.03	 2.000	  0.00	  0.00	 40.00	   0.0	 0.9950	  0.00	 0.0005	  0.50	  0.45	 64.000	 1.00000000	 0.187	  0.000	  0.19	  0.00	  1.4951	 0.8275	 1.49522534		 0.4735	 1.94303606	 15.0975	 0.28392198	 15.87	  1.09	 0.1129	 -0.0000	 1.0000	 
m60317c1r6.htb	 200.0	  0.03	 2.000	  0.00	  0.00	 40.00	   1.0	 0.9950	  0.00	 0.0000	  0.55	  0.39	 64.000	 1.00000000	 0.331	  0.000	  0.33	  0.00	  0.9552	 0.9165	 0.95520624		 0.6203	 3.30935905	 26.8051	 1.09731132	 26.81	  1.42	 0.0853	 -0.0000	 1.0000	 
m60317c2r6.htb	  30.0	  0.03	 2.000	 -5.00	  5.00	 50.00	   0.0	 13.0846	  0.00	 0.0000	  0.62	  0.49	 64.000	 1.00000000	 0.584	  0.000	  0.58	  0.00	  0.6929	 0.9522	 0.69289216		 0.7072	 17.34741018	 79.2398	 0.06562635	 85.39	  9.99	 0.2360	 -0.0000	 1.0000	 
m60317c2r6.htb	  30.0	  0.03	 2.000	 -5.00	  5.00	 50.00	   1.0	 13.0846	  0.00	 0.0000	  0.56	  0.67	 64.000	 1.00000000	 0.468	  0.000	  0.47	  0.00	  0.6108	 0.9619	 0.61084227		 0.7368	 22.21677224	 100.0000	 0.00000000	 107.31	  9.98	 0.2433	 -0.0000	 1.0000	 
m60404c2r7.htb	 200.0	  0.03	 2.000	  0.00	  0.00	 40.00	   0.0	 7.1642	  0.11	 0.0000	  0.59	  0.57	 64.000	 1.00000000	 0.651	  0.000	  0.65	  0.00	  2.6644	 0.6155	 1.17641605		 0.5553	 49.02055540	 59.8799	 77.36318408	 156.55	  4.43	 0.3459	 0.0000	 1.0000	 
m60404c2r7.htb	 200.0	  0.03	 2.000	  0.00	  0.00	 40.00	   1.0	 7.1642	  0.00	 0.0000	  0.63	  0.43	 64.000	 1.00000000	 0.711	  0.000	  0.71	  0.00	  0.1554	 0.9971	 0.15541409		 0.9252	 11.12902166	 21.4388	 1.21699540	 21.44	  5.04	 0.4756	 0.0000	 1.0000	 
m60407c1r6.htb	   0.0	  0.03	 2.000	  0.00	 -5.00	 40.00	   0.0	 6.4677	  0.00	 0.0000	  0.60	  0.39	 64.000	 1.00000000	 0.428	  0.000	  0.43	  0.00	  1.6783	 0.7947	 1.67855207		 0.4320	 8.37413569	 100.0000	 0.00000000	 110.20	  5.81	 0.0917	 0.0000	 1.0000	 
m60407c1r6.htb	   0.0	  0.03	 2.000	  0.00	 -5.00	 40.00	   1.0	 6.4677	  0.00	 0.0000	  0.53	  0.52	 64.000	 1.00000000	 0.363	  0.000	  0.36	  0.00	  0.2998	 0.9898	 0.29983482		 0.8608	 9.65808852	 100.0000	 0.00000000	 102.50	  5.68	 0.1058	 0.0000	 1.0000	 
m60407c2r6.htb	   0.0	  0.03	 2.000	  5.00	  0.00	 40.00	   0.0	 5.7214	  0.00	 0.0000	  0.54	  0.49	 64.000	 1.00000000	 0.412	  0.000	  0.41	  0.00	  0.0869	 0.9991	 0.08688134		 0.9575	 9.69200002	 100.0000	 0.00000000	 104.79	  5.89	 0.1061	 0.0000	 1.0000	 
m60407c2r6.htb	   0.0	  0.03	 2.000	  5.00	  0.00	 40.00	   1.0	 5.7214	  0.00	 0.0000	  0.52	  0.54	 64.000	 1.00000000	 0.408	  0.000	  0.41	  0.00	  1.3775	 0.8481	 1.37747043		 0.5022	 11.24158974	 52.1234	 3.95181294	 53.76	  5.80	 0.1498	 0.0000	 1.0000	 
m60407c3r6.htb	   0.0	  0.03	 2.000	  0.00	 -20.00	 40.00	   0.0	 6.6169	  0.00	 0.0000	  0.67	  0.44	 64.000	 1.00000000	 0.650	  0.000	  0.65	  0.00	  0.6855	 0.9531	 0.68554264		 0.7098	 16.35060172	 100.0000	 0.00000000	 107.00	  5.50	 0.1791	 0.0000	 1.0000	 
m60407c3r6.htb	   0.0	  0.03	 2.000	  0.00	 -20.00	 40.00	   1.0	 6.6169	  0.00	 0.0000	  0.66	  0.49	 64.000	 1.00000000	 0.665	  0.000	  0.67	  0.00	  1.3413	 0.8543	 1.34141697		 0.5113	 17.86719252	 93.5085	 0.02685616	 97.78	  5.43	 0.2083	 0.0000	 1.0000	 
m60407c4r7.htb	  60.0	  0.03	 2.000	 15.00	 -10.00	 50.00	   0.0	 2.1891	  0.00	 0.0000	  0.66	  0.56	 64.000	 1.00000000	 0.688	  0.000	  0.69	  0.00	  0.3950	 0.9829	 0.39500568		 0.8208	 14.75037984	 35.5923	 2.02535944	 35.69	  1.44	 0.3716	 0.0000	 1.0000	 
m60407c4r7.htb	  60.0	  0.03	 2.000	 15.00	 -10.00	 50.00	   1.0	 2.1891	  0.00	 0.0000	  0.69	  0.54	 64.000	 1.00000000	 0.728	  0.000	  0.73	  0.00	  0.8104	 0.9370	 0.81045771		 0.6668	 13.22822290	 42.7824	 0.34661264	 43.04	  1.56	 0.3147	 0.0000	 1.0000	 
m60407c5r6.htb	   0.0	  0.03	 2.000	 10.00	 -10.00	 40.00	   0.0	 2.9353	  0.09	 0.0000	  0.54	  0.45	 64.000	 1.00000000	 0.338	  0.000	  0.34	  0.00	  2.2734	 0.6856	 2.24287273		 0.3258	 22.30870611	 62.0364	 24.62686567	 94.05	  1.62	 0.1041	 0.0000	 1.0000	 
m60407c5r6.htb	   0.0	  0.03	 2.000	 10.00	 -10.00	 40.00	   1.0	 2.9353	  0.00	 0.0000	  0.52	  0.50	 64.000	 1.00000000	 0.407	  0.000	  0.41	  0.00	  0.2924	 0.9903	 0.29248148		 0.8639	 4.09884079	 41.9532	 0.29116026	 43.54	  1.43	 0.0950	 0.0000	 1.0000	 
m60413c3r6.htb	   0.0	  0.03	 2.000	  5.00	 -20.00	 50.00	   0.0	 14.1294	  0.00	 0.0000	  0.62	  0.50	 64.000	 1.00000000	 0.569	  0.000	  0.57	  0.00	  1.9826	 0.7390	 1.98256072		 0.3711	 18.65257239	 13.3304	 4.97100301	 13.33	 12.00	 1.0422	 0.5846	 0.5603	 
m60413c3r6.htb	   0.0	  0.03	 2.000	  5.00	 -20.00	 50.00	   1.0	 14.1294	  0.10	 0.0000	  0.61	  0.56	 64.000	 1.00000000	 0.567	  0.000	  0.57	  0.00	  1.1376	 0.8883	 0.11073830		 0.9461	 24.22911499	 29.2953	 19.00142291	 99.36	 12.92	 0.6674	 0.5846	 0.5603	 
m60413c4r7.htb	  60.0	  0.03	 2.000	 -10.00	 -10.00	 40.00	   0.0	 0.0829	  0.00	 0.0000	  0.65	  0.52	 64.000	 1.00000000	 0.604	  0.000	  0.60	  0.00	  0.4983	 0.9737	 0.49795310		 0.7796	 4.06310505	 18.9608	 0.29458846	 20.12	 -0.21	 0.2048	 0.0000	 1.0000	 
m60413c4r7.htb	  60.0	  0.03	 2.000	 -10.00	 -10.00	 40.00	   1.0	 0.0829	  0.00	 0.0000	  0.73	  0.40	 64.000	 1.00000000	 0.836	  0.000	  0.84	  0.00	  2.4072	 0.4923	 2.40804296		    NaN	 5.42520680	 39.7230	 0.04033341	 40.09	 -0.19	 0.1413	 0.0000	 1.0000	 
m60414c2r7.htb	 220.0	  0.05	 2.000	  0.00	 -8.00	 40.00	   0.0	 3.6816	  0.00	 0.0000	  0.57	  0.88	 64.000	 1.00000000	 0.561	  0.000	  0.56	  0.00	  0.0176	 1.0000	 0.01757438		 0.9913	 13.35645681	 32.5331	 0.00000000	 32.58	  1.82	 0.4256	 1.2180	 0.3025	 
m60414c2r7.htb	 220.0	  0.05	 2.000	  0.00	 -8.00	 40.00	   1.0	 3.6816	  0.18	 0.0000	  0.61	  0.85	 64.000	 1.00000000	 0.548	  0.000	  0.55	  0.00	  0.7997	 0.9385	 0.61595831		 0.7349	 65.50640520	 55.0505	 93.03482587	 131.63	  2.22	 0.5144	 1.2180	 0.3025	 
m60418c1r6.htb	 180.0	  0.03	 2.000	 -5.00	 -10.00	 50.00	   0.0	 10.1493	  0.03	 0.0000	  0.57	  0.80	 64.000	 1.00000000	 0.634	  0.000	  0.63	  0.00	  0.8729	 0.9284	 0.70562448		 0.7027	 83.26416155	 68.4908	 113.68159204	 150.47	  6.60	 0.4909	 -0.0001	 1.0000	 
m60418c1r6.htb	 180.0	  0.03	 2.000	 -5.00	 -10.00	 50.00	   1.0	 10.1493	  0.00	 0.0000	  0.67	  0.54	 64.000	 1.00000000	 0.743	  0.000	  0.74	  0.00	  0.2476	 0.9929	 0.24770342		 0.8835	 21.57867191	 37.2273	 3.29062818	 38.07	  8.07	 0.5130	 -0.0001	 1.0000	 
m60420c1r6.htb	 180.0	  0.03	 2.000	  5.00	 -5.00	 40.00	   0.0	 2.7861	  0.07	 0.0000	  0.73	  0.64	 64.000	 1.00000000	 0.903	  0.000	  0.90	  0.00	  1.7794	 0.7762	 0.92203958		 0.6306	 95.95485186	 59.1407	 125.12437811	 139.57	  1.76	 0.7729	 0.4153	 0.6619	 
m60420c1r6.htb	 180.0	  0.03	 2.000	  5.00	 -5.00	 40.00	   1.0	 2.7861	  0.08	 0.0000	  0.72	  0.58	 64.000	 1.00000000	 0.905	  0.000	  0.91	  0.00	  0.7231	 0.9484	 0.35032572		 0.8393	 59.79766278	 44.5832	 59.85808888	 114.74	  2.83	 0.8677	 0.4153	 0.6619	 
m60421c1r6.htb	   0.0	  0.03	 2.000	  8.00	 -10.00	 40.00	   0.0	 4.1791	  0.00	 0.0000	  0.71	  0.61	 64.000	 1.00000000	 0.846	  0.000	  0.85	  0.00	  0.5465	 0.9688	 0.54571667		 0.7612	 21.48551349	 47.3629	 1.93127459	 53.46	  1.87	 0.4381	 0.0001	 0.9999	 
m60421c1r6.htb	   0.0	  0.03	 2.000	  8.00	 -10.00	 40.00	   1.0	 4.1791	  0.00	 0.0000	  0.73	  0.52	 64.000	 1.00000000	 0.867	  0.000	  0.87	  0.00	  0.4105	 0.9816	 0.41038558		 0.8145	 22.29075059	 55.6537	 1.59436067	 60.56	  2.65	 0.3961	 0.0001	 0.9999	 
m60421c2r6.htb	   0.0	  0.03	 2.000	 18.00	 -10.00	 40.00	   0.0	 1.3820	  0.00	 0.0000	  0.70	  0.58	 64.000	 1.00000000	 0.779	  0.000	  0.78	  0.00	  2.7421	 0.6019	 2.74217411		 0.2538	 18.69581870	 52.8576	 2.90641456	 52.89	  0.61	 0.3154	 0.0000	 1.0000	 
m60421c2r6.htb	   0.0	  0.03	 2.000	 18.00	 -10.00	 40.00	   1.0	 1.3820	  0.00	 0.0000	  0.71	  0.53	 64.000	 1.00000000	 0.790	  0.000	  0.79	  0.00	  2.4870	 0.6470	 2.48702229		 0.2884	 14.39230098	 44.1230	 0.00000000	 44.33	  0.76	 0.3413	 0.0000	 1.0000	 
m60421c3r6.htb	   0.0	  0.03	 2.000	 10.00	  5.00	 40.00	   0.0	 9.4527	  0.00	 0.0000	  0.69	  0.73	 64.000	 1.00000000	 0.838	  0.000	  0.84	  0.00	  0.3228	 0.9883	 0.32244066		 0.8511	 30.77325241	 36.3026	 2.46577321	 40.58	  4.32	 0.8179	 0.1778	 0.8375	 
m60421c3r6.htb	   0.0	  0.03	 2.000	 10.00	  5.00	 40.00	   1.0	 9.4527	  0.06	 0.0000	  0.66	  0.74	 64.000	 1.00000000	 0.814	  0.000	  0.81	  0.00	  0.3625	 0.9854	 0.23537477		 0.8890	 51.83360186	 39.5538	 38.72259443	 96.79	  5.66	 0.9601	 0.1778	 0.8375	 
m60424c3r6.htb	   0.0	  0.03	 2.000	 10.00	  0.00	 40.00	   0.0	 2.0730	  0.05	 0.0000	  0.79	  0.59	 64.000	 1.00000000	 0.911	  0.000	  0.91	  0.00	  4.2765	 0.3699	 3.27691502		 0.1943	 100.36031032	 61.1879	 128.93864013	 144.36	 -0.16	 0.7954	 0.0020	 0.9980	 
m60424c3r6.htb	   0.0	  0.03	 2.000	 10.00	  0.00	 40.00	   1.0	 2.0730	  0.00	 0.0000	  0.78	  0.59	 64.000	 1.00000000	 0.913	  0.000	  0.91	  0.00	  1.7144	 0.7881	 1.71343316		 0.4246	 29.46906924	 32.5581	 1.65736098	 35.69	 -0.19	 0.8903	 0.0020	 0.9980	 
m60424c4r6.htb	   0.0	  0.03	 2.000	  0.00	  0.00	 30.00	   0.0	 3.7669	  0.00	 0.0000	  0.79	  0.42	 64.000	 1.00000000	 0.888	  0.000	  0.89	  0.00	  3.7978	 0.4341	 3.79581947		 0.1499	 25.27125502	 29.1338	 0.43830844	 31.63	  2.39	 0.8831	 0.5469	 0.5834	 
m60424c4r6.htb	   0.0	  0.03	 2.000	  0.00	  0.00	 30.00	   1.0	 3.7669	  0.12	 0.0000	  0.79	  0.46	 64.000	 1.00000000	 0.899	  0.000	  0.90	  0.00	  5.1923	 0.2681	 4.91480659		 0.0857	 106.53116008	 54.3685	 130.59701493	 119.88	  1.52	 0.9253	 0.5469	 0.5834	 
m60424c5r6.htb	   0.0	  0.03	 2.000	  0.00	  0.00	 40.00	   0.0	 3.8806	  0.18	 0.0000	  0.76	  0.53	 64.000	 1.00000000	 0.902	  0.000	  0.90	  0.00	  2.8183	 0.5887	 0.43920074		 0.8028	 98.92036543	 52.0920	 132.08955224	 125.55	  2.03	 0.9007	 0.5857	 0.5596	 
m60424c5r6.htb	   0.0	  0.03	 2.000	  0.00	  0.00	 40.00	   1.0	 3.8806	  0.08	 0.0000	  0.79	  0.49	 64.000	 1.00000000	 0.928	  0.000	  0.93	  0.00	  0.9521	 0.9170	 0.63940583		 0.7264	 36.58776666	 26.0037	 14.42109905	 60.55	  0.71	 1.2194	 0.5857	 0.5596	 
m60518c1r6.htb	   0.0	  0.03	 2.000	  8.00	 -10.00	 40.00	   0.0	 1.6915	  0.00	 0.0000	  0.72	  0.88	 64.000	 1.00000000	 0.823	  0.000	  0.81	  0.00	 11.6521	 0.0201	 11.65197341		 0.0029	 33.34839273	 68.3377	 0.43458315	 69.21	 -2.04	 0.5164	 -0.0000	 1.0000	 
m60518c1r6.htb	   0.0	  0.03	 2.000	  8.00	 -10.00	 40.00	   1.0	 1.6915	  0.00	 0.0000	  0.69	  0.92	 64.000	 1.00000000	 0.791	  0.000	  0.79	  0.00	  4.1795	 0.3823	 4.17945398		 0.1237	 39.95572729	 100.0000	 0.00042869	 117.31	 -0.04	 0.4375	 -0.0000	 1.0000	 
m60519c1r6.htb	   0.0	  0.03	 2.000	  0.00	 -10.00	 40.00	   0.0	 3.1343	  0.06	 0.0000	  0.69	  0.57	 64.000	 1.00000000	 0.856	  0.000	  0.86	  0.00	  0.4981	 0.9737	 0.43975313		 0.8026	 74.33562582	 61.0105	 96.01990050	 136.47	  2.45	 0.5483	 1.7546	 0.1811	 
m60519c1r6.htb	   0.0	  0.03	 2.000	  0.00	 -10.00	 40.00	   1.0	 3.1343	  0.12	 0.0000	  0.70	  0.60	 64.000	 1.00000000	 0.873	  0.000	  0.87	  0.00	  3.9209	 0.4168	 1.88071955		 0.3905	 78.39730212	 56.2430	 106.21890547	 134.00	  2.06	 0.6400	 1.7546	 0.1811	 
m60519c2r6.htb	   0.0	  0.03	 2.000	  5.00	  0.00	 30.00	   0.0	 7.1144	  0.13	 0.0000	  0.72	  0.58	 64.000	 1.00000000	 0.855	  0.000	  0.85	  0.00	  1.7912	 0.7741	 0.89977044		 0.6377	 105.93240275	 55.6211	 145.02487562	 132.65	  4.89	 0.8636	 0.0028	 0.9972	 
m60519c2r6.htb	   0.0	  0.03	 2.000	  5.00	  0.00	 30.00	   1.0	 7.1144	  0.00	 0.0000	  0.76	  0.49	 64.000	 1.00000000	 0.890	  0.000	  0.89	  0.00	  0.5364	 0.9699	 0.53530011		 0.7652	 29.20505200	 23.7012	 4.36059118	 27.34	  3.83	 1.1062	 0.0028	 0.9972	 
m60519c4r6.htb	   0.0	  0.03	 2.000	  5.00	  0.00	 30.00	   0.0	 8.4577	  0.09	 0.0000	  0.73	  0.49	 64.000	 1.00000000	 0.853	  0.000	  0.85	  0.00	  3.5867	 0.4648	 1.35949930		 0.5067	 35.06710604	 27.2630	 19.15486098	 87.14	  6.64	 1.1153	 0.4448	 0.6444	 
m60519c4r6.htb	   0.0	  0.03	 2.000	  5.00	  0.00	 30.00	   1.0	 8.4577	  0.11	 0.0000	  0.69	  0.68	 64.000	 1.00000000	 0.881	  0.000	  0.88	  0.00	  2.1931	 0.7003	 0.91032700		 0.6343	 39.33251755	 24.3724	 18.38685597	 67.38	  4.37	 1.3987	 0.4448	 0.6444	 
m60519c5r6.htb	   0.0	  0.03	 2.000	  5.00	  0.00	 30.00	   0.0	 3.5821	  0.12	 0.0000	  0.80	  0.43	 64.000	 1.00000000	 0.931	  0.000	  0.93	  0.00	  2.8963	 0.5753	 1.98724491		 0.3702	 87.40789285	 27.4565	 66.71498820	 33.84	  0.49	 1.2672	 3.7207	 0.0295	 
m60519c5r6.htb	   0.0	  0.03	 2.000	  5.00	  0.00	 30.00	   1.0	 3.5821	  0.18	 0.0000	  0.80	  0.44	 64.000	 1.00000000	 0.919	  0.000	  0.92	  0.00	  2.6572	 0.6167	 1.02486239		 0.5990	 37.22399535	 24.5584	 23.65188474	 87.84	  1.35	 1.3022	 3.7207	 0.0295	 
m60519c6r6.htb	   0.0	  0.03	 2.000	  0.00	  0.00	 30.00	   0.0	 3.2836	  0.18	 0.0000	  0.79	  0.44	 64.000	 1.00000000	 0.922	  0.000	  0.92	  0.00	  2.4994	 0.6447	 1.07422406		 0.5844	 93.09623065	 45.4909	 89.52580723	 75.81	  0.89	 0.9172	 2.6216	 0.0804	 
m60519c6r6.htb	   0.0	  0.03	 2.000	  0.00	  0.00	 30.00	   1.0	 3.2836	  0.18	 0.0000	  0.77	  0.49	 64.000	 1.00000000	 0.920	  0.000	  0.92	  0.00	  2.1299	 0.7119	 0.73923841		 0.6910	 51.41022188	 33.5192	 39.41059577	 70.02	  1.28	 1.0224	 2.6216	 0.0804	 
m60526c1r6.htb	   0.0	  0.03	 2.000	 -5.00	  0.00	 40.00	   0.0	 3.8806	  0.24	 0.0000	  0.67	  0.67	 64.000	 1.00000000	 0.804	  0.000	  0.80	  0.00	  2.6597	 0.6163	 0.93060044		 0.6279	 52.58855793	 33.7728	 44.43147891	 64.42	  2.47	 0.9145	 3.2116	 0.0468	 
m60526c1r6.htb	   0.0	  0.03	 2.000	 -5.00	  0.00	 40.00	   1.0	 3.8806	  0.30	 0.0000	  0.66	  0.76	 64.000	 1.00000000	 0.748	  0.000	  0.75	  0.00	  1.6747	 0.7953	 0.67445020		 0.7137	 79.99529977	 30.3047	 67.26852517	 44.23	  1.68	 1.1766	 3.2116	 0.0468	 
m60526c2r6.htb	   0.0	  0.03	 2.000	  0.00	  0.00	 40.00	   0.0	 7.4129	  0.17	 0.0000	  0.68	  0.64	 64.000	 1.00000000	 0.801	  0.000	  0.80	  0.00	  3.6194	 0.4599	 2.26630554		 0.3220	 40.90833122	 27.9059	 33.31067786	 102.70	  5.48	 1.1973	 1.1123	 0.3350	 
m60526c2r6.htb	   0.0	  0.03	 2.000	  0.00	  0.00	 40.00	   1.0	 7.4129	  0.12	 0.0000	  0.69	  0.58	 64.000	 1.00000000	 0.818	  0.000	  0.82	  0.00	  0.7750	 0.9418	 0.12477966		 0.9395	 36.57047422	 23.1424	 17.49338496	 60.00	  6.57	 1.3434	 1.1123	 0.3350	 
m60526c3r6.htb	   0.0	  0.03	 2.000	  8.00	  8.00	 40.00	   0.0	 10.2488	  0.21	 0.0000	  0.67	  0.68	 64.000	 1.00000000	 0.770	  0.000	  0.77	  0.00	  1.6413	 0.8014	 0.65249726		 0.7216	 37.88149057	 24.4345	 29.79252673	 94.80	  5.60	 1.2927	 1.0508	 0.3555	 
m60526c3r6.htb	   0.0	  0.03	 2.000	  8.00	  8.00	 40.00	   1.0	 10.2488	  0.10	 0.0000	  0.74	  0.43	 64.000	 1.00000000	 0.841	  0.000	  0.84	  0.00	  1.2083	 0.8767	 1.00234040		 0.6058	 32.54210821	 17.0032	 12.12607935	 37.99	  5.42	 1.6477	 1.0508	 0.3555	 
m60526c4r6.htb	   0.0	  0.03	 2.000	  0.00	 -10.00	 40.00	   0.0	 8.5075	  0.15	 0.0000	  0.63	  0.66	 64.000	 1.00000000	 0.630	  0.000	  0.63	  0.00	  0.7889	 0.9399	 0.66055371		 0.7187	 26.49642410	 19.6385	 13.16655368	 45.54	  4.37	 1.1016	 0.6624	 0.5190	 
m60526c4r6.htb	   0.0	  0.03	 2.000	  0.00	 -10.00	 40.00	   1.0	 8.5075	  0.13	 0.0000	  0.67	  0.66	 64.000	 1.00000000	 0.718	  0.000	  0.72	  0.00	  0.4132	 0.9814	 0.03814731		 0.9811	 25.68676710	 21.0240	 12.60435956	 84.92	  3.54	 1.1154	 0.6624	 0.5190	 
m60526c5r6.htb	  60.0	  0.03	 2.000	 -5.00	 -5.00	 40.00	   0.0	 2.6368	  0.00	 0.0000	  0.52	  0.50	 64.000	 1.00000000	 0.421	  0.000	  0.42	  0.00	  0.3577	 0.9858	 0.35780749		 0.8362	 3.64668907	 20.3681	 0.01817147	 21.95	  1.39	 0.1831	 0.0000	 1.0000	 
m60526c5r6.htb	  60.0	  0.03	 2.000	 -5.00	 -5.00	 40.00	   1.0	 2.6368	  0.00	 0.0000	  0.56	  0.40	 64.000	 1.00000000	 0.359	  0.000	  0.36	  0.00	  1.6012	 0.8086	 1.60121242		 0.4491	 3.73905211	 22.6140	 0.61579331	 22.67	  2.03	 0.1423	 0.0000	 1.0000	 
m60623c1r6.htb	   0.0	  0.03	 2.000	  0.00	  0.00	 40.00	   0.0	 18.9055	  0.00	 0.0001	  0.48	  0.44	 64.000	 1.00000000	 0.317	  0.000	  0.32	  0.00	  0.8151	 0.9364	 0.81559683		 0.6651	 14.98943489	 29.2882	 7.83665571	 29.40	 18.40	 0.2537	 0.4619	 0.6321	 
m60623c1r6.htb	   0.0	  0.03	 2.000	  0.00	  0.00	 40.00	   1.0	 18.9055	  0.04	 0.0005	  0.45	  0.42	 64.000	 1.00000000	 0.282	  0.000	  0.28	  0.00	  0.5595	 0.9675	 0.36969023		 0.8312	 77.00363134	 83.0311	 131.34328358	 183.03	 19.22	 0.2245	 0.4619	 0.6321	 
m60623c2r6.htb	   0.0	  0.03	 2.000	  0.00	  0.00	 40.00	   0.0	 7.0647	  0.00	 0.0000	  0.65	  0.44	 64.000	 1.00000000	 0.633	  0.000	  0.63	  0.00	  1.8265	 0.7676	 1.82649947		 0.4012	 14.46272115	 17.7511	 4.44774712	 17.75	  4.95	 0.5779	 1.7550	 0.1810	 
m60623c2r6.htb	   0.0	  0.03	 2.000	  0.00	  0.00	 40.00	   1.0	 7.0647	  0.16	 0.0000	  0.67	  0.43	 64.000	 1.00000000	 0.733	  0.000	  0.73	  0.00	  0.7125	 0.9498	 0.15090946		 0.9273	 29.49236830	 35.6550	 27.52238513	 89.80	  5.60	 0.5495	 1.7550	 0.1810	 
m60626c1r6.htb	   0.0	  0.03	 2.000	 10.00	 -13.00	 40.00	   0.0	 11.7910	  0.07	 0.0000	  0.70	  0.54	 64.000	 1.00000000	 0.859	  0.000	  0.86	  0.00	  1.8313	 0.7667	 1.51643014		 0.4685	 139.72904111	 16.8908	 114.25764877	 18.92	  6.98	 2.3040	 0.0012	 0.9988	 
m60626c1r6.htb	   0.0	  0.03	 2.000	 10.00	 -13.00	 40.00	   1.0	 11.7910	  0.00	 0.0000	  0.69	  0.54	 64.000	 1.00000000	 0.802	  0.000	  0.80	  0.00	  0.5303	 0.9705	 0.53635643		 0.7648	 29.99475465	 12.3867	 6.99251475	 14.21	  9.62	 1.9544	 0.0012	 0.9988	 
m60626c3r6.htb	   0.0	  0.03	 2.000	  0.00	 -10.00	 40.00	   0.0	 4.0299	  0.00	 0.0000	  0.65	  0.65	 64.000	 1.00000000	 0.621	  0.000	  0.62	  0.00	  0.6436	 0.9581	 0.64343744		 0.7249	 12.59610028	 20.1613	 1.45851702	 20.73	  1.96	 0.5696	 2.1275	 0.1274	 
m60626c3r6.htb	   0.0	  0.03	 2.000	  0.00	 -10.00	 40.00	   1.0	 4.0299	  0.23	 0.0000	  0.62	  0.66	 64.000	 1.00000000	 0.563	  0.000	  0.56	  0.00	  2.8437	 0.5843	 1.29543472		 0.5232	 55.73089562	 52.7005	 80.34825871	 126.68	  3.28	 0.4505	 2.1275	 0.1274	 
m60628c3r6.htb	   0.0	  0.03	 2.000	 10.00	  0.00	 40.00	   0.0	 4.3781	  0.15	 0.0000	  0.68	  0.48	 64.000	 1.00000000	 0.783	  0.000	  0.78	  0.00	  1.5559	 0.8167	 0.51854179		 0.7716	 57.98103304	 55.7383	 81.59203980	 133.35	  3.16	 0.4561	 0.0001	 0.9999	 
m60628c3r6.htb	   0.0	  0.03	 2.000	 10.00	  0.00	 40.00	   1.0	 4.3781	  0.00	 0.0000	  0.73	  0.40	 64.000	 1.00000000	 0.732	  0.000	  0.73	  0.00	  5.4857	 0.2410	 5.48572236		 0.0644	 16.48722908	 23.0627	 4.69377664	 23.15	  3.74	 0.5276	 0.0001	 0.9999	 
m60629c3r6.htb	   0.0	  0.03	 2.000	  8.00	 -12.00	 40.00	   0.0	 9.8507	  0.19	 0.0000	  0.68	  0.57	 64.000	 1.00000000	 0.771	  0.000	  0.77	  0.00	  1.1343	 0.8888	 0.13369242		 0.9353	 54.37097732	 39.0529	 74.28676968	 136.95	  7.50	 0.8993	 0.1460	 0.8645	 
m60629c3r6.htb	   0.0	  0.03	 2.000	  8.00	 -12.00	 40.00	   1.0	 9.8507	  0.03	 0.0000	  0.72	  0.50	 64.000	 1.00000000	 0.856	  0.000	  0.86	  0.00	  0.3228	 0.9883	 0.29258229		 0.8639	 34.71048858	 28.7450	 13.60321098	 48.33	  6.98	 0.9666	 0.1460	 0.8645	 
m60629c4r6.htb	   0.0	  0.03	 2.000	 -8.00	 -10.00	 40.00	   0.0	 2.4876	  0.16	 0.0000	  0.68	  0.61	 64.000	 1.00000000	 0.749	  0.000	  0.75	  0.00	  0.8482	 0.9319	 0.48832787		 0.7834	 27.60860741	 23.0860	 14.85573486	 48.60	  1.91	 0.9288	 1.4047	 0.2528	 
m60629c4r6.htb	   0.0	  0.03	 2.000	 -8.00	 -10.00	 40.00	   1.0	 2.4876	  0.19	 0.0000	  0.71	  0.57	 64.000	 1.00000000	 0.771	  0.000	  0.77	  0.00	  0.7403	 0.9463	 0.16477236		 0.9209	 85.57213930	 19.2346	 72.12413857	 22.75	  0.72	 1.3270	 1.4047	 0.2528	 
m60719c2r6.htb	 170.0	  0.03	 2.000	 10.00	 -10.00	 40.00	   0.0	 4.5274	  0.00	 0.0000	  0.57	  0.54	 64.000	 1.00000000	 0.482	  0.000	  0.48	  0.00	  0.3441	 0.9868	 0.34406446		 0.8420	 6.94807575	 28.2981	 0.00000000	 28.81	  3.29	 0.2539	 -0.0000	 1.0000	 
m60719c2r6.htb	 170.0	  0.03	 2.000	 10.00	 -10.00	 40.00	   1.0	 4.5274	  0.00	 0.0000	  0.64	  0.45	 64.000	 1.00000000	 0.614	  0.000	  0.61	  0.00	  0.4969	 0.9738	 0.49688595		 0.7800	 11.22530432	 83.7228	 0.21325980	 84.31	  3.62	 0.1427	 -0.0000	 1.0000	 
m60719c3r6.htb	   0.0	  0.03	 2.000	 10.00	  0.00	 40.00	   0.0	 0.1990	 -5.91	 0.0000	  0.50	  0.41	 64.000	 1.00000000	 0.000	    NaN	  0.14	  0.00	  9.7264	 0.0453	 9.72644760		 0.0077	 0.00000000	 5.6162	 5.47263682	  8.80	 -0.11	 -0.0939	 0.0000	 1.0000	 
m60719c3r6.htb	   0.0	  0.03	 2.000	 10.00	  0.00	 40.00	   1.0	 0.1990	 -6.25	 0.0000	  0.49	  0.43	 64.000	 1.00000000	 0.000	    NaN	  0.17	  0.00	 13.6767	 0.0084	 13.67667053		 0.0011	 0.00000000	 6.0605	 6.21890547	  9.31	 -0.12	 -0.1016	 0.0000	 1.0000	 
m60720c1r6.htb	   0.0	  0.03	 2.000	  0.00	  0.00	 40.00	   0.0	 3.4826	  0.00	 0.0000	  0.64	  0.81	 64.000	 1.00000000	 0.765	  0.000	  0.76	  0.00	  0.7533	 0.9446	 0.75381258		 0.6860	 20.75239609	 47.5958	 0.86233059	 53.52	  1.51	 0.4408	 0.2969	 0.7441	 
m60720c1r6.htb	   0.0	  0.03	 2.000	  0.00	  0.00	 40.00	   1.0	 3.4826	  0.04	 0.0000	  0.69	  0.81	 64.000	 1.00000000	 0.772	  0.000	  0.77	  0.00	  1.3452	 0.8537	 1.17395240		 0.5560	 77.01909571	 61.9434	 100.74626866	 146.15	  1.13	 0.5901	 0.2969	 0.7441	 
m60720c1r6.htb	   0.0	  0.03	 2.000	  0.00	  0.00	 40.00	   0.0	 3.4826	  0.00	 0.0000	  0.64	  0.81	 64.000	 1.00000000	 0.765	  0.000	  0.77	  0.00	  0.7533	 0.9446	 0.75223509		 0.6865	 20.95128012	 47.5523	 1.08096743	 53.29	  1.51	 0.4412	 0.2969	 0.7441	 
m60720c1r6.htb	   0.0	  0.03	 2.000	  0.00	  0.00	 40.00	   1.0	 3.4826	  0.04	 0.0000	  0.69	  0.81	 64.000	 1.00000000	 0.772	  0.000	  0.77	  0.00	  1.3452	 0.8537	 1.17392850		 0.5560	 77.04171167	 61.9491	 100.74626866	 146.08	  1.13	 0.5900	 0.2969	 0.7441	 
m60720c1r6.htb	   0.0	  0.03	 2.000	  0.00	  0.00	 40.00	   0.0	 3.4826	  0.00	 0.0000	  0.64	  0.81	 64.000	 1.00000000	 0.765	  0.000	  0.77	  0.00	  0.7533	 0.9446	 0.75213814		 0.6866	 21.12994252	 47.6057	 1.26351184	 53.69	  1.50	 0.4412	 0.2969	 0.7441	 
m60720c1r6.htb	   0.0	  0.03	 2.000	  0.00	  0.00	 40.00	   1.0	 3.4826	  0.04	 0.0000	  0.69	  0.81	 64.000	 1.00000000	 0.772	  0.000	  0.77	  0.00	  1.3452	 0.8537	 1.17396726		 0.5560	 77.04135845	 61.9474	 100.74626866	 146.08	  1.13	 0.5900	 0.2969	 0.7441	 
m60720c2r6.htb	   0.0	  0.03	 2.000	  5.00	 -10.00	 40.00	   0.0	 1.7413	  0.13	 0.0000	  0.78	  0.62	 64.000	 1.00000000	 0.910	  0.000	  0.91	  0.00	  2.7564	 0.5994	 2.29335511		 0.3177	 109.36042425	 52.3706	 137.81094527	 127.02	 -0.53	 1.0664	 1.5173	 0.2270	 
m60720c2r6.htb	   0.0	  0.03	 2.000	  5.00	 -10.00	 40.00	   1.0	 1.7413	  0.11	 0.0000	  0.77	  0.63	 64.000	 1.00000000	 0.943	  0.000	  0.94	  0.00	  3.5106	 0.4763	 1.53889752		 0.4633	 117.34619784	 54.1202	 148.75621891	 129.07	 -0.47	 1.0802	 1.5173	 0.2270	 
m60720c3r6.htb	   0.0	  0.03	 2.000	 -8.00	 -10.00	 40.00	   0.0	 4.3284	  0.05	 0.0000	  0.68	  0.60	 64.000	 1.00000000	 0.836	  0.000	  0.84	  0.00	  0.6558	 0.9567	 0.60388057		 0.7394	 44.65209214	 30.3024	 29.32232493	 38.20	  1.22	 0.7380	 0.0000	 1.0000	 
m60720c3r6.htb	   0.0	  0.03	 2.000	 -8.00	 -10.00	 40.00	   1.0	 4.3284	  0.00	 0.0000	  0.70	  0.58	 64.000	 1.00000000	 0.809	  0.000	  0.81	  0.00	  0.7732	 0.9420	 0.77315119		 0.6794	 14.99199049	 20.5245	 0.00960045	 22.15	  1.75	 0.7503	 0.0000	 1.0000	 
m60721c4r6.htb	  90.0	  0.03	 2.000	 -10.00	  0.00	 40.00	   0.0	 0.8458	  0.00	 0.0000	  0.75	  0.65	 64.000	 1.00000000	 0.886	  0.000	  0.89	  0.00	  0.3005	 0.9898	 0.30044491		 0.8605	 28.00183054	 62.6077	 1.87107160	 70.03	 -0.04	 0.4482	 0.0023	 0.9977	 
m60721c4r6.htb	  90.0	  0.03	 2.000	 -10.00	  0.00	 40.00	   1.0	 0.8458	  0.00	 0.0000	  0.77	  0.56	 64.000	 1.00000000	 0.884	  0.000	  0.88	  0.00	  1.4576	 0.8341	 1.45698308		 0.4826	 25.37792001	 47.7095	 3.29336368	 54.45	 -0.05	 0.4948	 0.0023	 0.9977	 
m60721c5r6.htb	  90.0	  0.03	 2.000	  0.00	 -8.00	 40.00	   0.0	 1.1940	  0.00	 0.0000	  0.82	  0.49	 64.000	 1.00000000	 0.930	  0.000	  0.93	  0.00	  7.8961	 0.0955	 7.64799043		 0.0218	 113.20780700	 88.4634	 135.82089552	 188.46	 -0.47	 0.5984	 3.5057	 0.0358	 
m60721c5r6.htb	  90.0	  0.03	 2.000	  0.00	 -8.00	 40.00	   1.0	 1.1940	  0.01	 0.0000	  0.81	  0.51	 64.000	 1.00000000	 0.935	  0.000	  0.93	  0.00	  5.2747	 0.2603	 3.71650664		 0.1559	 110.16237370	 68.8133	 141.04477612	 160.23	 -0.55	 0.7680	 3.5057	 0.0358	 
m60801c1r6.htb	   0.0	  0.03	 2.000	 -10.00	  5.00	 40.00	   0.0	 1.0448	  0.00	 0.0000	  0.57	  0.59	 64.000	 1.00000000	 0.478	  0.000	  0.48	  0.00	  0.5164	 0.9719	 0.51654072		 0.7724	 20.14904778	 100.0000	 13.33507605	 100.00	  0.67	 0.0746	 0.0000	 1.0000	 
m60801c1r6.htb	   0.0	  0.03	 2.000	 -10.00	  5.00	 40.00	   1.0	 1.0448	  0.00	 0.0000	  0.61	  0.55	 64.000	 1.00000000	 0.655	  0.000	  0.66	  0.00	  0.0849	 0.9991	 0.08487163		 0.9585	 8.05521783	 52.3864	 1.66054181	 52.54	  0.43	 0.1289	 0.0000	 1.0000	 
m60803c2r6.htb	   0.0	  0.03	 2.000	 -8.00	  0.00	 40.00	   0.0	 1.5423	  0.00	 0.0000	  0.72	  0.60	 64.000	 1.00000000	 0.874	  0.000	  0.87	  0.00	  0.3134	 0.9889	 0.31336459		 0.8550	 18.93417803	 35.4246	 1.03298615	 36.03	  0.39	 0.5254	 -0.0000	 1.0000	 
m60803c2r6.htb	   0.0	  0.03	 2.000	 -8.00	  0.00	 40.00	   1.0	 1.5423	  0.00	 0.0000	  0.74	  0.51	 64.000	 1.00000000	 0.866	  0.000	  0.87	  0.00	  0.7939	 0.9393	 0.79395494		 0.6723	 17.81179795	 35.3814	 0.00000000	 35.39	  1.10	 0.5230	 -0.0000	 1.0000	 
m60804c1r6.htb	  60.0	  0.03	 2.000	  5.00	 -10.00	 40.00	   0.0	 1.5920	  0.00	 0.0000	  0.72	  0.70	 64.000	 1.00000000	 0.877	  0.000	  0.88	  0.00	  3.0643	 0.5471	 2.93428735		 0.2306	 30.81417100	 57.8848	 13.11473529	 157.88	  0.03	 0.4758	 0.6555	 0.5226	 
m60804c1r6.htb	  60.0	  0.03	 2.000	  5.00	 -10.00	 40.00	   1.0	 1.5920	  0.02	 0.0000	  0.76	  0.69	 64.000	 1.00000000	 0.909	  0.000	  0.91	  0.00	  2.1700	 0.7045	 1.42482994		 0.4905	 85.22015809	 64.3395	 107.21393035	 151.05	 -1.26	 0.6547	 0.6555	 0.5226	 
m60815c3r6.htb	   0.0	  0.03	 2.000	  5.00	 -20.00	 40.00	   0.0	 14.5771	  0.00	 0.0001	  0.51	  0.60	 64.000	 1.00000000	 0.337	  0.000	  0.34	  0.00	  0.2796	 0.9911	 0.27966708		 0.8695	 13.76910864	 100.0000	 0.00000000	 128.38	 10.78	 0.1508	 0.0000	 1.0000	 
m60815c3r6.htb	   0.0	  0.03	 2.000	  5.00	 -20.00	 40.00	   1.0	 14.5771	  0.00	 0.0000	  0.54	  0.49	 64.000	 1.00000000	 0.427	  0.000	  0.43	  0.00	  0.2321	 0.9938	 0.23206567		 0.8904	 11.24265480	 32.3538	 2.59115813	 32.35	 10.53	 0.2772	 0.0000	 1.0000	 
m60816c1r6.htb	   0.0	  0.03	 2.000	  0.00	 -10.00	 40.00	   0.0	 5.3731	  0.00	 0.0000	  0.58	  1.04	 64.000	 1.00000000	 0.691	  0.000	  0.69	  0.00	  0.2947	 0.9902	 0.29377304		 0.8634	 21.40650513	 42.5841	 1.57980235	 47.98	  1.48	 0.4908	 0.0003	 0.9997	 
m60816c1r6.htb	   0.0	  0.03	 2.000	  0.00	 -10.00	 40.00	   1.0	 5.3731	  0.00	 0.0000	  0.65	  0.93	 64.000	 1.00000000	 0.795	  0.000	  0.79	  0.00	  0.6668	 0.9554	 0.66636813		 0.7166	 26.03403581	 47.4877	 1.11669613	 53.20	  1.68	 0.5534	 0.0003	 0.9997	 
m60816c2r6.htb	   0.0	  0.03	 2.000	  0.00	  0.00	 40.00	   0.0	 7.8607	  0.00	 0.0000	  0.69	  0.62	 64.000	 1.00000000	 0.846	  0.000	  0.85	  0.00	  0.3561	 0.9859	 0.35377412		 0.8379	 24.87519207	 26.1720	 2.75464154	 30.69	  4.26	 0.8891	 0.1825	 0.8336	 
m60816c2r6.htb	   0.0	  0.03	 2.000	  0.00	  0.00	 40.00	   1.0	 7.8607	  0.03	 0.0000	  0.71	  0.51	 64.000	 1.00000000	 0.860	  0.000	  0.86	  0.00	  0.4227	 0.9806	 0.37866152		 0.8275	 40.52501983	 30.4810	 19.88181588	 45.82	  5.53	 0.9364	 0.1825	 0.8336	 
m60816c2r6.htb	   0.0	  0.03	 2.000	  0.00	  0.00	 40.00	   0.0	 7.8607	  0.00	 0.0000	  0.69	  0.62	 64.000	 1.00000000	 0.846	  0.000	  0.85	  0.00	  0.3561	 0.9859	 0.35392441		 0.8378	 24.77847426	 26.1480	 2.65638925	 30.57	  4.26	 0.8891	 0.1818	 0.8342	 
m60816c2r6.htb	   0.0	  0.03	 2.000	  0.00	  0.00	 40.00	   1.0	 7.8607	  0.03	 0.0000	  0.71	  0.51	 64.000	 1.00000000	 0.860	  0.000	  0.86	  0.00	  0.4227	 0.9806	 0.37872870		 0.8275	 38.18320660	 30.1669	 17.60323656	 47.59	  5.53	 0.9364	 0.1818	 0.8342	 
m60816c3r6.htb	   0.0	  0.03	 2.000	 -10.00	 -10.00	 40.00	   0.0	 10.5473	  0.00	 0.0000	  0.52	  0.56	 64.000	 1.00000000	 0.367	  0.000	  0.37	  0.00	  0.4697	 0.9764	 0.46964708		 0.7907	 12.67964410	 100.0000	 0.00000000	 130.85	  8.67	 0.1389	 -0.0000	 1.0000	 
m60816c3r6.htb	   0.0	  0.03	 2.000	 -10.00	 -10.00	 40.00	   1.0	 10.5473	  0.00	 0.0000	  0.52	  0.49	 64.000	 1.00000000	 0.405	  0.000	  0.40	  0.00	  0.1101	 0.9985	 0.11015822		 0.9464	 9.33948680	 69.1440	 0.04059648	 87.99	  8.36	 0.1444	 -0.0000	 1.0000	 
m60818c1r5.htb	 150.0	  0.03	 2.000	 -10.00	 -10.00	 40.00	   0.0	 0.9950	  0.00	 0.0000	  0.62	  0.48	 64.000	 1.00000000	 0.616	  0.000	  0.62	  0.00	  0.4015	 0.9824	 0.40143765		 0.8181	 6.40442396	 26.2351	 1.96177801	 26.41	  0.36	 0.1754	 1.6307	 0.2037	 
m60818c1r5.htb	 150.0	  0.03	 2.000	 -10.00	 -10.00	 40.00	   1.0	 0.9950	  0.15	 0.0000	  0.69	  0.38	 64.000	 1.00000000	 0.744	  0.000	  0.74	  0.00	  1.9856	 0.7384	 1.36174903		 0.5062	 21.69564967	 54.8786	 29.60199005	 131.25	  0.39	 0.1807	 1.6307	 0.2037	 
m60818c1r6.htb	   0.0	  0.03	 2.000	 -10.00	 -10.00	 40.00	   0.0	 1.0448	  0.00	 0.0000	  0.52	  0.43	 64.000	 1.00000000	 0.479	  0.000	  0.48	  0.00	  0.9380	 0.9190	 0.93816790		 0.6256	 3.10631937	 29.2337	 0.68657661	 29.43	  0.52	 0.0858	 0.0000	 1.0000	 
m60818c1r6.htb	   0.0	  0.03	 2.000	 -10.00	 -10.00	 40.00	   1.0	 1.0448	  0.00	 0.0000	  0.56	  0.44	 64.000	 1.00000000	 0.594	  0.000	  0.59	  0.00	  0.9736	 0.9138	 0.97355221		 0.6146	 4.15047355	 26.2777	 0.61102191	 26.28	  0.55	 0.1391	 0.0000	 1.0000	 
m60818c2r6.htb	   0.0	  0.03	 2.000	 10.00	 10.00	 40.00	   0.0	 24.5274	  0.00	 0.0001	  0.50	  0.65	 64.000	 1.00000000	 0.338	  0.000	  0.34	  0.00	  0.8106	 0.9370	 0.81067465		 0.6668	 22.87106149	 55.0149	 8.73031708	 56.03	 20.04	 0.2748	 0.0000	 1.0000	 
m60818c2r6.htb	   0.0	  0.03	 2.000	 10.00	 10.00	 40.00	   1.0	 24.5274	  0.00	 0.0000	  0.55	  0.52	 64.000	 1.00000000	 0.471	  0.000	  0.47	  0.00	  0.3133	 0.9889	 0.31323937		 0.8550	 23.70267983	 29.6896	 10.25577606	 29.73	 20.41	 0.4691	 0.0000	 1.0000	 
m60818c3r6.htb	   0.0	  0.03	 2.000	 -10.00	  0.00	 40.00	   0.0	 3.9303	  0.00	 0.0000	  0.58	  0.55	 64.000	 1.00000000	 0.504	  0.000	  0.50	  0.00	  0.6616	 0.9560	 0.66156153		 0.7184	 8.37833768	 100.0000	 0.00000000	 105.39	  1.97	 0.0918	 -0.0000	 1.0000	 
m60818c3r6.htb	   0.0	  0.03	 2.000	 -10.00	  0.00	 40.00	   1.0	 3.9303	  0.00	 0.0000	  0.65	  0.48	 64.000	 1.00000000	 0.615	  0.000	  0.61	  0.00	  0.8316	 0.9342	 0.83153163		 0.6598	 11.38490146	 100.0000	 0.00000000	 100.23	  1.77	 0.1247	 -0.0000	 1.0000	 
m60821c4r6.htb	   0.0	  0.03	 2.000	  5.00	 -15.00	 40.00	   0.0	 4.4776	  0.04	 0.0000	  0.71	  0.62	 64.000	 1.00000000	 0.844	  0.000	  0.84	  0.00	  0.2669	 0.9918	 0.21847488		 0.8965	 32.57347725	 20.2717	 9.40672568	 37.76	  2.37	 1.4059	 -0.0001	 1.0000	 
m60821c4r6.htb	   0.0	  0.03	 2.000	  5.00	 -15.00	 40.00	   1.0	 4.4776	  0.00	 0.0000	  0.71	  0.67	 64.000	 1.00000000	 0.841	  0.000	  0.84	  0.00	  0.1160	 0.9984	 0.11604355		 0.9436	 24.74949532	 20.0042	 0.18708725	 22.97	  3.70	 1.2626	 -0.0001	 1.0000	 
m60821c5r6.htb	   0.0	  0.03	 2.000	  5.00	  5.00	 40.00	   0.0	 6.7786	  0.00	 0.0000	  0.66	  0.66	 64.000	 1.00000000	 0.737	  0.000	  0.74	  0.00	  1.2809	 0.8646	 1.27948950		 0.5274	 24.25161400	 32.2183	 3.33697764	 33.45	  6.60	 0.6768	 1.3157	 0.2780	 
m60821c5r6.htb	   0.0	  0.03	 2.000	  5.00	  5.00	 40.00	   1.0	 6.7786	  0.15	 0.0000	  0.71	  0.56	 64.000	 1.00000000	 0.776	  0.000	  0.78	  0.00	  1.7403	 0.7834	 0.98989709		 0.6096	 101.37373658	 54.9896	 141.43567875	 130.96	  6.35	 0.8128	 1.3157	 0.2780	 
m60824c4r6.htb	   0.0	  0.03	 2.000	  0.00	 -10.00	 40.00	   0.0	 9.5357	  0.14	 0.0000	  0.67	  0.87	 64.000	 1.00000000	 0.687	  0.000	  0.69	  0.00	  1.8467	 0.7639	 0.81198254		 0.6663	 37.00282613	 23.7413	 26.36752472	 123.74	  4.61	 1.4032	 0.2854	 0.7534	 
m60824c4r6.htb	   0.0	  0.03	 2.000	  0.00	 -10.00	 40.00	   1.0	 9.5357	  0.11	 0.0000	  0.63	  0.92	 64.000	 1.00000000	 0.765	  0.000	  0.76	  0.00	  1.6966	 0.7913	 1.31579916		 0.5179	 122.73686564	 56.5113	 165.42288557	 133.15	  6.45	 0.9895	 0.2854	 0.7534	 
m60825c1r6.htb	 180.0	  0.03	 2.000	  0.00	  0.00	 40.00	   0.0	 3.9303	  0.00	 0.0000	  0.60	  0.42	 64.000	 1.00000000	 0.560	  0.000	  0.56	  0.00	  1.6204	 0.8051	 1.62037461		 0.4448	 10.03213149	 71.5369	 0.92346939	 73.61	  4.64	 0.1372	 -0.0000	 1.0000	 
m60825c1r6.htb	 180.0	  0.03	 2.000	  0.00	  0.00	 40.00	   1.0	 3.9303	  0.00	 0.0000	  0.64	  0.42	 64.000	 1.00000000	 0.636	  0.000	  0.64	  0.00	  1.1554	 0.8854	 1.15537474		 0.5612	 13.16422035	 100.0000	 0.00000000	 106.57	  4.08	 0.1442	 -0.0000	 1.0000	 
m60831c2r6.htb	 180.0	  0.03	 2.000	  5.00	 -10.00	 40.00	   0.0	 15.1741	  0.02	 0.0000	  0.68	  0.49	 64.000	 1.00000000	 0.772	  0.000	  0.77	  0.00	  0.4853	 0.9749	 0.47325396		 0.7893	 129.75758618	 21.0491	 108.79383069	 22.55	 12.08	 1.3869	 0.5850	 0.5600	 
m60831c2r6.htb	 180.0	  0.03	 2.000	  5.00	 -10.00	 40.00	   1.0	 15.1741	  0.07	 0.0000	  0.70	  0.53	 64.000	 1.00000000	 0.749	  0.000	  0.75	  0.00	  4.5371	 0.3382	 3.91007348		 0.1416	 37.00588498	 27.5762	 19.06818564	 67.04	 14.04	 1.1064	 0.5850	 0.5600	 
m60831c3r6.htb	 180.0	  0.03	 2.000	  0.00	  0.00	 40.00	   0.0	 13.9801	  0.08	 0.0000	  0.68	  0.63	 64.000	 1.00000000	 0.791	  0.000	  0.79	  0.00	  0.5814	 0.9651	 0.30849688		 0.8571	 39.10568577	 14.4051	 12.73492296	 31.75	  9.31	 2.3761	 -0.0000	 1.0000	 
m60831c3r6.htb	 180.0	  0.03	 2.000	  0.00	  0.00	 40.00	   1.0	 13.9801	  0.00	 0.0000	  0.71	  0.52	 64.000	 1.00000000	 0.830	  0.000	  0.83	  0.00	  0.0372	 0.9998	 0.03716860		 0.9816	 32.91788565	 16.0963	 5.91127532	 16.12	 11.80	 1.7144	 -0.0000	 1.0000	 
m60901c1r6.htb	 180.0	  0.03	 2.000	 -10.00	  0.00	 40.00	   0.0	 0.0498	 -7.72	 0.0000	  0.68	  0.40	 64.000	 1.00000000	 0.000	    NaN	  0.27	  0.00	 43.9012	 0.0000	 43.90117070		    NaN	 0.00000000	 10.2643	 13.93034826	 11.61	 -0.28	 -0.1997	 0.0000	 1.0000	 
m60901c1r6.htb	 180.0	  0.03	 2.000	 -10.00	  0.00	 40.00	   1.0	 0.0498	 -9.50	 0.0000	  0.71	  0.33	 64.000	 1.00000000	 0.000	    NaN	  0.49	  0.00	 37.3593	    NaN	 37.35926708		    NaN	 0.00000000	 11.6573	 13.18407960	 14.61	 -0.26	 -0.1931	 0.0000	 1.0000	 
m60901c2r6.htb	 180.0	  0.03	 2.000	  5.00	  0.00	 40.00	   0.0	 0.8955	  0.00	 0.0000	  0.77	  0.58	 64.000	 1.00000000	 0.827	  0.000	  0.82	  0.00	  2.8481	 0.5836	 2.84822714		 0.2407	 21.35664611	 37.9979	 4.09157216	 38.32	 -1.61	 0.4738	 2.7801	 0.0694	 
m60901c2r6.htb	 180.0	  0.03	 2.000	  5.00	  0.00	 40.00	   1.0	 0.8955	  0.10	 0.0000	  0.80	  0.55	 64.000	 1.00000000	 0.830	  0.000	  0.82	  0.00	  8.1614	 0.0858	 6.51116569		 0.0386	 79.99221328	 59.6771	 108.45771144	 141.09	 -2.17	 0.6089	 2.7801	 0.0694	 
m60901c3r6.htb	 180.0	  0.03	 2.000	 -10.00	 -10.00	 40.00	   0.0	 1.4428	  0.00	 0.0000	  0.67	  0.61	 64.000	 1.00000000	 0.788	  0.000	  0.79	  0.00	  0.8781	 0.9277	 0.87827196		 0.6446	 16.09844593	 42.0343	 3.58585542	 42.23	  0.44	 0.3113	 0.0002	 0.9998	 
m60901c3r6.htb	 180.0	  0.03	 2.000	 -10.00	 -10.00	 40.00	   1.0	 1.4428	  0.00	 0.0000	  0.69	  0.69	 64.000	 1.00000000	 0.811	  0.000	  0.81	  0.00	  1.0874	 0.8963	 1.08727580		 0.5806	 15.74141960	 32.6998	 0.67999398	 33.78	  0.03	 0.4783	 0.0002	 0.9998	 
m61025c1r6.htb	   0.0	  0.03	 2.000	  0.00	 -10.00	 40.00	   0.0	 2.9851	  0.00	 0.0000	  0.67	  0.49	 64.000	 1.00000000	 0.749	  0.000	  0.75	  0.00	  0.7801	 0.9411	 0.78008961		 0.6770	 17.57817385	 100.0000	 0.00000000	 101.56	  2.70	 0.1925	 0.0001	 0.9999	 
m61025c1r6.htb	   0.0	  0.03	 2.000	  0.00	 -10.00	 40.00	   1.0	 2.9851	  0.00	 0.0000	  0.68	  0.45	 64.000	 1.00000000	 0.760	  0.000	  0.76	  0.00	  0.7842	 0.9406	 0.78427743		 0.6756	 14.24759339	 52.1132	 2.86231001	 53.38	  2.42	 0.2318	 0.0001	 0.9999	 
m61025c1r6.htb	   0.0	  0.03	 2.000	  0.00	 -10.00	 40.00	   0.0	 2.9851	  0.00	 0.0000	  0.67	  0.49	 64.000	 1.00000000	 0.749	  0.000	  0.75	  0.00	  0.7801	 0.9411	 0.78008951		 0.6770	 17.57817032	 100.0000	 0.00000000	 102.97	  2.70	 0.1925	 0.0000	 1.0000	 
m61025c1r6.htb	   0.0	  0.03	 2.000	  0.00	 -10.00	 40.00	   1.0	 2.9851	  0.00	 0.0000	  0.68	  0.45	 64.000	 1.00000000	 0.760	  0.000	  0.76	  0.00	  0.7842	 0.9406	 0.78420883		 0.6756	 14.45470914	 52.0318	 3.06904282	 52.90	  2.42	 0.2318	 0.0000	 1.0000	 
m61025c2r6.htb	   0.0	  0.03	 2.000	  0.00	 -10.00	 40.00	   0.0	 2.6368	  0.00	 0.0000	  0.63	  0.51	 64.000	 1.00000000	 0.701	  0.000	  0.70	  0.00	  1.1988	 0.8783	 1.19882825		 0.5491	 11.29823666	 43.9319	 0.41581219	 45.12	  2.55	 0.2594	 0.0000	 1.0000	 
m61025c2r6.htb	   0.0	  0.03	 2.000	  0.00	 -10.00	 40.00	   1.0	 2.6368	  0.00	 0.0000	  0.67	  0.44	 64.000	 1.00000000	 0.754	  0.000	  0.75	  0.00	  0.4667	 0.9767	 0.46669184		 0.7919	 10.55131817	 31.4288	 0.82159010	 31.43	  2.64	 0.3207	 0.0000	 1.0000	 
m61025c3r6.htb	   0.0	  0.03	 2.000	  0.00	 -10.00	 40.00	   0.0	 4.2786	  0.00	 0.0000	  0.55	  0.39	 64.000	 1.00000000	 0.519	  0.000	  0.52	  0.00	  0.2486	 0.9929	 0.24859943		 0.8831	 6.77089732	 33.9229	 1.30271118	 34.57	  4.22	 0.1680	 0.0000	 1.0000	 
m61025c3r6.htb	   0.0	  0.03	 2.000	  0.00	 -10.00	 40.00	   1.0	 4.2786	  0.00	 0.0000	  0.55	  0.45	 64.000	 1.00000000	 0.511	  0.000	  0.51	  0.00	  0.1125	 0.9985	 0.11249068		 0.9453	 6.93812854	 24.6429	 1.02847655	 24.64	  3.71	 0.2474	 0.0000	 1.0000	 
m61026c1r6.htb	   0.0	  0.03	 2.000	 -5.00	  0.00	 40.00	   0.0	 0.6965	  0.00	 0.0000	  0.57	  0.65	 64.000	 1.00000000	 0.543	  0.000	  0.54	  0.00	  1.2830	 0.8643	 1.28295617		 0.5265	 8.62064063	 100.0000	 0.00000000	 100.03	  0.70	 0.0944	 0.0001	 0.9999	 
m61026c1r6.htb	   0.0	  0.03	 2.000	 -5.00	  0.00	 40.00	   1.0	 0.6965	  0.00	 0.0000	  0.63	  0.62	 64.000	 1.00000000	 0.691	  0.000	  0.69	  0.00	  0.5758	 0.9657	 0.57568977		 0.7499	 10.24911059	 59.3688	 2.09356016	 61.06	  0.12	 0.1470	 0.0001	 0.9999	 
m61026c2r6.htb	   0.0	  0.03	 2.000	  0.00	 -5.00	 40.00	   0.0	 0.8458	  0.00	 0.0000	  0.62	  0.73	 64.000	 1.00000000	 0.618	  0.000	  0.62	  0.00	  0.8727	 0.9284	 0.87255379		 0.6464	 12.82897169	 40.2834	 4.63331335	 40.35	 -0.04	 0.2123	 -2.7001	 1.0000	 
m61026c2r6.htb	   0.0	  0.03	 2.000	  0.00	 -5.00	 40.00	   1.0	 0.8458	  0.00	 0.0000	  0.69	  0.61	 64.000	 1.00000000	 0.700	  0.000	  0.70	  0.00	  3.4152	 0.4909	 3.97473066		 0.1371	 14.48428656	 33.2924	 4.50195658	 33.37	 -0.58	 0.3113	 -2.7001	 1.0000	 
m61026c3r6.htb	   0.0	  0.03	 2.000	  0.00	 -10.00	 40.00	   0.0	 1.1940	  0.00	 0.0000	  0.64	  0.60	 64.000	 1.00000000	 0.703	  0.000	  0.70	  0.00	  0.1166	 0.9984	 0.11658028		 0.9434	 13.08018105	 44.6160	 4.13204962	 45.37	  0.44	 0.2115	 0.0000	 1.0000	 
m61026c3r6.htb	   0.0	  0.03	 2.000	  0.00	 -10.00	 40.00	   1.0	 1.1940	  0.00	 0.0000	  0.67	  0.60	 64.000	 1.00000000	 0.774	  0.000	  0.77	  0.00	  1.3766	 0.8483	 1.37673426		 0.5024	 20.22248197	 50.7056	 7.99267731	 50.80	  0.54	 0.2544	 0.0000	 1.0000	 
m61026c4r6.htb	   0.0	  0.03	 2.000	  0.00	 -10.00	 40.00	   0.0	 0.6965	  0.09	 0.0000	  0.70	  0.62	 64.000	 1.00000000	 0.882	  0.000	  0.88	  0.00	  1.6357	 0.8024	 1.41271615		 0.4934	 68.40796020	 34.3089	 55.91903365	 40.30	 -0.13	 0.6362	 0.0000	 1.0000	 
m61026c4r6.htb	   0.0	  0.03	 2.000	  0.00	 -10.00	 40.00	   1.0	 0.6965	  0.00	 0.0000	  0.72	  0.73	 64.000	 1.00000000	 0.793	  0.000	  0.79	  0.00	 11.5810	 0.0208	 11.58161626		 0.0031	 18.44656008	 27.8937	 2.01836135	 27.99	  0.63	 0.6091	 0.0000	 1.0000	 
m61031c1r6.htb	 150.0	  0.03	 2.000	  0.00	 -10.00	 40.00	   0.0	 2.4876	  0.00	 0.0000	  0.52	  0.51	 64.000	 1.00000000	 0.482	  0.000	  0.48	  0.00	  0.2118	 0.9948	 0.21179330		 0.8995	 5.63951469	 37.0056	 1.06958967	 37.08	  1.54	 0.1285	 -0.0001	 1.0000	 
m61031c1r6.htb	 150.0	  0.03	 2.000	  0.00	 -10.00	 40.00	   1.0	 2.4876	  0.00	 0.0000	  0.53	  0.52	 64.000	 1.00000000	 0.443	  0.000	  0.44	  0.00	  0.1818	 0.9961	 0.18179124		 0.9131	 4.35360174	 14.7880	 0.08769829	 16.91	  1.27	 0.2947	 -0.0001	 1.0000	 
m61031c2r6.htb	   0.0	  0.03	 2.000	 10.00	 -10.00	 40.00	   0.0	 1.5423	  0.00	 0.0000	  0.57	  0.56	 64.000	 1.00000000	 0.484	  0.000	  0.48	  0.00	  0.9657	 0.9149	 0.96580169		 0.6170	 5.28874261	 100.0000	 0.00000000	 100.05	  0.44	 0.0579	 0.0000	 1.0000	 
m61031c2r6.htb	   0.0	  0.03	 2.000	 10.00	 -10.00	 40.00	   1.0	 1.5423	  0.00	 0.0000	  0.62	  0.55	 64.000	 1.00000000	 0.619	  0.000	  0.62	  0.00	  1.0476	 0.9025	 1.04764966		 0.5923	 7.08931172	 100.0000	 0.00000000	 115.04	  0.45	 0.0776	 0.0000	 1.0000	 
m61106c1r6.htb	 180.0	  0.03	 2.000	 -5.00	 10.00	 40.00	   0.0	 0.0000	 -13.66	 0.0000	  0.64	  0.68	 64.000	 1.00000000	 0.000	    NaN	  0.22	  0.00	 22.0805	 0.0001	 22.08049170		    NaN	 0.00000000	 19.4527	 29.35323383	 22.74	 -0.59	 -0.4428	 0.0000	 1.0000	 
m61106c2r6.htb	   0.0	  0.03	 2.000	  0.00	 -10.00	 40.00	   0.0	 0.4975	  0.00	 0.0000	  0.73	  0.59	 64.000	 1.00000000	 0.852	  0.000	  0.85	  0.00	  3.3740	 0.4973	 3.37398352		 0.1851	 17.78546445	 41.1263	 2.99141969	 41.20	 -1.29	 0.3755	 0.0000	 1.0000	 
m61106c3r6.htb	 120.0	  0.03	 2.000	  0.00	 -10.00	 40.00	   0.0	 11.5423	  0.08	 0.0000	  0.54	  0.83	 64.000	 1.00000000	 0.493	  0.000	  0.49	  0.00	  0.4137	 0.9813	 0.20855661		 0.9010	 27.01815182	 24.4311	 12.85619377	 49.42	  9.69	 0.8824	 0.2283	 0.7965	 
m61108c1r6.htb	 180.0	  0.03	 2.000	  8.00	 -10.00	 40.00	   0.0	 1.2438	  0.00	 0.0000	  0.67	  0.49	 64.000	 1.00000000	 0.769	  0.000	  0.77	  0.00	  0.8362	 0.9335	 0.83619727		 0.6583	 13.75792804	 54.9647	 4.65666169	 55.65	  0.66	 0.1762	 0.0001	 0.9999	 
m61108c4r6.htb	 180.0	  0.03	 2.000	  5.00	 -10.00	 40.00	   0.0	 7.9104	  0.14	 0.0000	  0.79	  0.55	 64.000	 1.00000000	 0.895	  0.000	  0.90	  0.00	  2.0278	 0.7307	 0.84371056		 0.6558	 43.80558131	 17.5091	 15.92706761	 63.75	  1.23	 2.3266	 1.4582	 0.2402	 
m61109c1r6.htb	 180.0	  0.03	 2.000	  0.00	 -10.00	 40.00	   0.0	 1.6418	  0.00	 0.0000	  0.63	  0.58	 64.000	 1.00000000	 0.669	  0.000	  0.67	  0.00	  0.3533	 0.9861	 0.35329391		 0.8381	 17.39153744	 100.0000	 5.75656275	 100.00	  0.69	 0.1274	 -0.0000	 1.0000	 
m61109c2r6.htb	   0.0	  0.03	 2.000	  0.00	  5.00	 40.00	   0.0	 6.4677	  0.00	 0.0000	  0.62	  0.54	 64.000	 1.00000000	 0.658	  0.000	  0.66	  0.00	  0.8883	 0.9262	 0.88833666		 0.6414	 14.75635230	 45.0687	 0.00007584	 46.95	  7.33	 0.3429	 0.0000	 1.0000	 
m61109c3r6.htb	   0.0	  0.03	 2.000	  0.00	  0.00	 40.00	   0.0	 5.7214	  0.03	 0.0000	  0.71	  0.56	 64.000	 1.00000000	 0.836	  0.000	  0.84	  0.00	  0.9371	 0.9192	 0.67199392		 0.7146	 97.79337663	 65.3891	 132.08955224	 152.88	  4.01	 0.6732	 0.7134	 0.4938	 
m61109c4r6.htb	   0.0	  0.03	 2.000	  0.00	 -5.00	 40.00	   0.0	 4.3284	  0.05	 0.0000	  0.76	  0.58	 64.000	 1.00000000	 0.906	  0.000	  0.91	  0.00	  0.4363	 0.9794	 0.30675922		 0.8578	 67.90736427	 51.0790	 81.30769548	 151.08	  0.89	 0.8396	 0.3367	 0.7154	 
m61109c5r6.htb	 180.0	  0.03	 2.000	  0.00	  0.00	 40.00	   0.0	 4.9751	  0.16	 0.0000	  0.73	  0.37	 64.000	 1.00000000	 0.810	  0.000	  0.81	  0.00	  1.4411	 0.8370	 1.09835015		 0.5774	 83.33333333	 23.0584	 72.08962086	 26.45	  2.85	 0.9265	 2.7486	 0.0715	 
m61110c1r6.htb	 180.0	  0.03	 2.000	  8.00	 -10.00	 40.00	   0.0	 14.2289	  0.00	 0.0000	  0.62	  0.55	 64.000	 1.00000000	 0.649	  0.000	  0.65	  0.00	  0.5356	 0.9699	 0.53544379		 0.7651	 19.49938088	 35.7098	 2.72990985	 36.19	 12.55	 0.4889	 0.0000	 1.0000	 
m61110c2r6.htb	 180.0	  0.03	 2.000	  5.00	 -15.00	 40.00	   0.0	 10.9453	  0.00	 0.0000	  0.70	  0.62	 64.000	 1.00000000	 0.683	  0.000	  0.68	  0.00	  1.3766	 0.8483	 1.37658951		 0.5024	 20.63433340	 15.4510	 0.57280716	 15.45	  5.49	 1.3249	 -0.0000	 1.0000	 
m61110c3r6.htb	 180.0	  0.03	 2.000	  0.00	 -30.00	 40.00	   0.0	 7.9104	  0.00	 0.0000	  0.68	  0.45	 64.000	 1.00000000	 0.686	  0.000	  0.69	  0.00	  1.7789	 0.7763	 1.77888152		 0.4109	 13.96458624	 38.6829	 1.15215454	 39.34	  5.41	 0.3454	 0.0001	 0.9999	 
m61113c1r6.htb	  60.0	  0.03	 1.000	  8.00	 -10.00	 40.00	   0.0	 4.9254	  0.00	 0.3937	  0.30	  0.50	 64.000	 1.00000000	 0.079	  0.019	  0.08	  0.02	  0.0676	 0.9994	 0.06760144		 0.9668	 2.54684928	 39.8933	 0.54760832	 42.33	  4.69	 0.0530	 0.0001	 0.9999	 
m61113c2r6.htb	  90.0	  0.03	 2.000	 -10.00	 -10.00	 40.00	   0.0	 2.6368	  0.00	 0.0000	  0.55	  0.68	 64.000	 1.00000000	 0.516	  0.000	  0.52	  0.00	  0.1995	 0.9953	 0.19950307		 0.9051	 14.83512199	 66.0649	 4.93333002	 66.49	  2.28	 0.1608	 0.0000	 1.0000	 
m61113c3r6.htb	 270.0	  0.03	 2.000	 -5.00	 -15.00	 40.00	   0.0	 12.8358	  0.00	 0.0000	  0.54	  0.54	 64.000	 1.00000000	 0.337	  0.000	  0.34	  0.00	  0.4630	 0.9770	 0.46302607		 0.7933	 14.17227375	 100.0000	 0.00000000	 112.01	 12.58	 0.1552	 0.0000	 1.0000	 
m61115c1r6.htb	 180.0	  0.03	 2.000	  0.00	 -5.00	 40.00	   0.0	 3.6816	  0.00	 0.0000	  0.56	  0.83	 64.000	 1.00000000	 0.575	  0.000	  0.57	  0.00	  0.1008	 0.9988	 0.10084378		 0.9508	 11.99474888	 29.8093	 0.56533893	 29.89	  1.60	 0.3969	 0.0000	 1.0000	 
m61115c2r6.htb	   0.0	  0.03	 2.000	 10.00	 -5.00	 40.00	   0.0	 1.6418	  0.17	 0.0019	  0.43	  0.38	 64.000	 1.00000000	 0.272	  0.000	  0.27	  0.00	  0.0905	 0.9990	 0.01413419		 0.9930	 12.18905473	 32.9152	 11.15809475	 37.65	  0.78	 0.0777	 0.3717	 0.6910	 
m61115c3r6.htb	  90.0	  0.03	 2.000	 -10.00	 -15.00	 40.00	   0.0	 7.4627	  0.00	 0.0000	  0.74	  0.37	 64.000	 1.00000000	 0.844	  0.000	  0.84	  0.00	  0.1777	 0.9963	 0.17768258		 0.9150	 16.63509631	 53.5302	 0.00000000	 53.70	  6.26	 0.3283	 -0.0000	 1.0000	 
m61115c4r6.htb	   0.0	  0.03	 2.000	  5.00	 -5.00	 40.00	   0.0	 8.8557	  0.00	 0.0000	  0.71	  0.48	 64.000	 1.00000000	 0.787	  0.000	  0.79	  0.00	  1.3588	 0.8513	 1.35783402		 0.5072	 21.30350771	 40.5056	 1.90996542	 42.52	  6.77	 0.5016	 0.0006	 0.9994	 
m61116c1r6.htb	  90.0	  0.03	 2.000	  0.00	  0.00	 40.00	   0.0	 1.4428	  0.00	 0.0000	  0.51	  0.65	 64.000	 1.00000000	 0.502	  0.000	  0.50	  0.00	  0.6960	 0.9518	 0.69600584		 0.7061	 9.52933036	 100.0000	 3.47050428	 100.00	  0.43	 0.0663	 -0.0000	 1.0000	 
m61121c1r6.htb	  30.0	  0.03	 2.000	  5.00	 -10.00	 40.00	   0.0	 0.0498	 -15.04	 0.0000	  0.73	  0.52	 64.000	 1.00000000	 0.000	    NaN	  0.74	  0.00	 119.0614	 0.0000	 119.06143471		    NaN	 0.00000000	 29.2191	 27.78367616	 32.23	 -0.80	 -0.4234	 0.0000	 1.0000	 
m61122c1r6.htb	 180.0	  0.03	 2.000	  0.00	 -10.00	 40.00	   0.0	 0.8955	  0.00	 0.0000	  0.57	  0.64	 64.000	 1.00000000	 0.617	  0.000	  0.62	  0.00	  0.1749	 0.9964	 0.17493665		 0.9162	 9.23045266	 39.1078	 2.55272455	 39.14	  0.64	 0.1779	 0.0000	 1.0000	 
m61122c2r6.htb	  60.0	  0.03	 2.000	  0.00	 -15.00	 40.00	   0.0	 1.4925	  0.00	 0.0000	  0.57	  0.46	 64.000	 1.00000000	 0.554	  0.000	  0.55	  0.00	  0.5221	 0.9713	 0.52210065		 0.7702	 7.13970549	 100.0000	 0.00000000	 101.09	  1.30	 0.0782	 -0.0000	 1.0000	 
m61122c3r6.htb	  60.0	  0.03	 2.000	 -5.00	  0.00	 40.00	   0.0	 2.6368	  0.00	 0.0000	  0.58	  0.89	 64.000	 1.00000000	 0.427	  0.000	  0.43	  0.00	  0.1897	 0.9958	 0.18970959		 0.9095	 14.46857893	 53.5768	 3.05715324	 56.70	  0.94	 0.2282	 0.0000	 1.0000	 
m61122c4r6.htb	  60.0	  0.03	 2.000	 -5.00	 -5.00	 40.00	   0.0	 11.1443	  0.00	 0.0000	  0.71	  0.46	 64.000	 1.00000000	 0.780	  0.000	  0.78	  0.00	  1.2654	 0.8672	 1.26528872		 0.5312	 20.06357820	 42.8190	 0.98826129	 43.93	  8.15	 0.4662	 0.0000	 1.0000	 
m61127c1r6.htb	 180.0	  0.03	 2.000	 10.00	 -10.00	 40.00	   0.0	 0.0995	  0.26	 0.0000	  0.72	  0.43	 64.000	 1.00000000	 0.781	  0.000	  0.78	  0.00	  1.4552	 0.8345	 0.55628766		 0.7572	 34.82587065	 23.3758	 29.01317546	 29.01	 -0.48	 0.5111	 3.9844	 0.0233	 
m61127c2r6.htb	  30.0	  0.03	 2.000	  5.00	 -5.00	 40.00	   0.0	 8.7065	  0.00	 0.0000	  0.76	  0.39	 64.000	 1.00000000	 0.822	  0.000	  0.82	  0.00	  2.3003	 0.6807	 2.30032028		 0.3166	 20.29323216	 64.2946	 0.00000000	 64.30	  6.68	 0.3371	 -0.0000	 1.0000	 
m61127c3r6.htb	  90.0	  0.03	 2.000	 10.00	 -5.00	 40.00	   0.0	 0.7463	  0.14	 0.0000	  0.73	  0.64	 64.000	 1.00000000	 0.833	  0.000	  0.83	  0.00	  3.3151	 0.5065	 2.19715838		 0.3333	 55.71445722	 52.8053	 70.89552239	 126.57	 -1.04	 0.5262	 1.7035	 0.1901	 
m61127c4r6.htb	 270.0	  0.03	 2.000	  5.00	 -10.00	 40.00	   0.0	 2.9851	  0.05	 0.0000	  0.72	  0.62	 64.000	 1.00000000	 0.886	  0.000	  0.89	  0.00	  0.6731	 0.9546	 0.69040384		 0.7081	 61.90248054	 55.8003	 79.16668764	 150.96	  0.58	 0.6218	 0.1379	 0.8714	 
m61128c1r6.htb	 180.0	  0.03	 2.000	 10.00	 -10.00	 40.00	   0.0	 0.3483	  0.06	 0.0000	  0.69	  0.52	 64.000	 1.00000000	 0.754	  0.000	  0.75	  0.00	  1.4453	 0.8363	 0.50177124		 0.7781	 29.56573518	 60.3425	 37.56218905	 137.16	 -0.02	 0.2301	 6.5663	 0.0025	 
m61128c2r6.htb	 180.0	  0.03	 2.000	  5.00	  0.00	 40.00	   0.0	 8.2587	  0.18	 0.0000	  0.73	  0.60	 64.000	 1.00000000	 0.826	  0.000	  0.83	  0.00	  3.8243	 0.4303	 0.06513886		 0.9680	 32.33297791	 9.6907	 10.73950472	 59.21	  2.09	 3.1796	 2.1573	 0.1238	 
m61128c3r6.htb	 180.0	  0.03	 2.000	  5.00	 -10.00	 40.00	   0.0	 5.5721	  0.15	 0.0000	  0.71	  0.58	 64.000	 1.00000000	 0.782	  0.000	  0.78	  0.00	  1.0677	 0.8994	 0.69709713		 0.7057	 61.00266417	 44.0151	 83.40612982	 142.42	  4.30	 0.8486	 1.1915	 0.3103	 
m61128c4r6.htb	 180.0	  0.03	 2.000	  0.00	 -10.00	 40.00	   0.0	 1.9403	  0.00	 0.0000	  0.59	  0.67	 64.000	 1.00000000	 0.621	  0.000	  0.62	  0.00	  0.5151	 0.9720	 0.51512779		 0.7729	 12.83799835	 29.5913	 1.69570938	 29.87	  2.17	 0.3902	 0.0000	 1.0000	 
m61129c1r6.htb	  90.0	  0.03	 2.000	 10.00	 -10.00	 40.00	   0.0	 0.9950	  0.00	 0.0000	  0.54	  0.66	 64.000	 1.00000000	 0.505	  0.000	  0.50	  0.00	  0.2486	 0.9929	 0.24858508		 0.8831	 11.57871761	 73.3792	 5.21622473	 73.98	  0.35	 0.0939	 0.0000	 1.0000	 
m61129c2r6.htb	  90.0	  0.03	 2.000	  5.00	 -5.00	 40.00	   0.0	 9.6269	  0.00	 0.0000	  0.41	  0.40	 64.000	 1.00000000	 0.208	  0.000	  0.21	  0.00	  0.2509	 0.9928	 0.25089264		 0.8821	 10.10690208	 25.4143	 6.43084744	 25.61	  9.42	 0.1513	 0.0000	 1.0000	 
m61129c3r6.htb	  90.0	  0.03	 2.000	  0.00	  0.00	 40.00	   0.0	 1.4925	  0.03	 0.0000	  0.55	  0.41	 64.000	 1.00000000	 0.514	  0.000	  0.51	  0.00	  0.9210	 0.9215	 0.85502341		 0.6521	 13.01830026	 19.4654	 9.12189870	 22.39	  1.21	 0.2701	 0.0996	 0.9053	 
m61130c1r6.htb	 180.0	  0.03	 2.000	  0.00	  0.00	 40.00	   0.0	 12.6866	  0.00	 0.0000	  0.67	  0.45	 64.000	 1.00000000	 0.602	  0.000	  0.60	  0.00	  1.6756	 0.7952	 1.67553462		 0.4327	 21.49174785	 5.8349	 6.08448682	  5.84	  9.23	 2.5394	 -0.0000	 1.0000	 
m61130c2r6.htb	 180.0	  0.03	 2.000	 10.00	  5.00	 40.00	   0.0	 5.7711	  0.00	 0.0000	  0.51	  0.33	 64.000	 1.00000000	 0.347	  0.000	  0.35	  0.00	  0.3856	 0.9836	 0.38415637		 0.8252	 4.87449601	 11.3276	 1.33771942	 12.04	  5.43	 0.3218	 0.0014	 0.9986	 
m61130c3r6.htb	 180.0	  0.03	 2.000	  5.00	  5.00	 40.00	   0.0	 4.7761	  0.00	 0.0000	  0.62	  0.32	 64.000	 1.00000000	 0.489	  0.000	  0.49	  0.00	  5.6291	 0.2286	 5.62975462		 0.0599	 7.13749211	 21.1824	 2.95627420	 21.18	  3.81	 0.2030	 0.0000	 1.0000	 
m61130c4r6.htb	 210.0	  0.03	 2.000	  5.00	 -5.00	 40.00	   0.0	 5.1741	  0.00	 0.0000	  0.69	  0.46	 64.000	 1.00000000	 0.726	  0.000	  0.73	  0.00	  1.6641	 0.7972	 1.66407610		 0.4352	 13.86261892	 19.1696	 1.56150797	 19.19	  3.71	 0.6586	 -0.0000	 1.0000	 
m61201c1r6.htb	 180.0	  0.03	 2.000	  5.00	 -10.00	 40.00	   0.0	 4.1294	  0.00	 0.0000	  0.66	  0.67	 64.000	 1.00000000	 0.712	  0.000	  0.71	  0.00	  2.7298	 0.6040	 2.72986781		 0.2554	 17.41444817	 26.3176	 3.64535396	 26.34	  2.09	 0.5404	 0.0000	 1.0000	 
m61201c2r6.htb	   0.0	  0.03	 2.000	  0.00	 -10.00	 40.00	   0.0	 4.4279	  0.18	 0.0000	  0.73	  0.82	 64.000	 1.00000000	 0.833	  0.000	  0.83	  0.00	  3.0210	 0.5543	 2.54221560		 0.2805	 104.48298816	 43.9423	 132.45461907	 129.07	  0.45	 1.4328	 1.1483	 0.3235	 
m61204c1r6.htb	 240.0	  0.03	 2.000	  0.00	 -10.00	 40.00	   0.0	 1.2935	  0.18	 0.0000	  0.77	  0.67	 64.000	 1.00000000	 0.890	  0.000	  0.89	  0.00	  3.1729	 0.5293	 1.81498730		 0.4035	 127.88543123	 51.8698	 167.41293532	 124.69	 -0.28	 1.1939	 3.0466	 0.0544	 
m61204c2r6.htb	   0.0	  0.03	 2.000	  0.00	 -10.00	 40.00	   0.0	 5.7214	  0.19	 0.0000	  0.72	  0.77	 64.000	 1.00000000	 0.857	  0.000	  0.86	  0.00	  2.6557	 0.6170	 0.88105528		 0.6437	 123.12448471	 51.4855	 164.17910448	 123.75	  2.02	 1.1322	 2.2231	 0.1164	 
m61204c3r6.htb	 180.0	  0.03	 2.000	 -5.00	 -10.00	 40.00	   0.0	 5.4229	  0.16	 0.0000	  0.54	  0.86	 64.000	 1.00000000	 0.509	  0.000	  0.51	  0.00	  0.5374	 0.9698	 0.38550436		 0.8247	 49.37470668	 28.1106	 37.73922345	 38.30	  3.32	 0.8081	 0.6200	 0.5411	 
m61206c1r6.htb	 180.0	  0.03	 2.000	  5.00	 -10.00	 40.00	   0.0	 5.0746	  0.20	 0.0000	  0.73	  0.67	 64.000	 1.00000000	 0.844	  0.000	  0.84	  0.00	  1.2161	 0.8754	 0.38951615		 0.8230	 63.38418899	 23.0200	 41.04422461	 38.02	  0.90	 1.7478	 2.0946	 0.1314	 
m61206c2r6.htb	 240.0	  0.03	 2.000	 -5.00	  0.00	 40.00	   0.0	 1.5920	  0.24	 0.0000	  0.77	  0.40	 64.000	 1.00000000	 0.881	  0.000	  0.88	  0.00	  2.4527	 0.6531	 0.82899967		 0.6607	 52.77607893	 48.7877	 69.40298507	 118.36	  0.32	 0.5264	 3.5220	 0.0353	 
m61206c3r6.htb	   0.0	  0.03	 2.000	  5.00	 -5.00	 40.00	   0.0	 12.6866	  0.05	 0.0000	  0.64	  0.51	 64.000	 1.00000000	 0.716	  0.000	  0.72	  0.00	  0.1733	 0.9965	 0.03797297		 0.9812	 27.67767370	 22.0803	 11.33587810	 39.53	 11.19	 1.0051	 0.2785	 0.7578	 
m61206c4r6.htb	   0.0	  0.03	 2.000	  0.00	 -10.00	 40.00	   0.0	 4.2289	  0.35	 0.0000	  0.69	  0.73	 64.000	 1.00000000	 0.787	  0.000	  0.79	  0.00	  2.0412	 0.7282	 0.31740938		 0.8532	 125.78946934	 23.2371	 108.29988686	 30.11	  0.65	 1.8978	 4.9462	 0.0100	 
