FILE			 PrfOR	 PrfSF	 PrfTF	 RFXctr	 RFYctr	 RFDiam	 GrType	 Spont	 SI		 AnovaP	 SDI		 VarTerm	 MaxX 	 MinX 	 RsqMn	 PMean	 RsqRaw	 Praw		 ErfChi2	 ErfChiP	 DiffErfChi2	 DiffErfChiP	 Ke		 a		 Ki			 b+a		 DC_off	 Halfmax_slope	 F_SI	 P_SI	
m60321c1r6.htb	   0.0	  0.03	 2.000	  0.00	 -10.00	 50.00	   0.0	 2.3881	  0.00	 0.0000	  0.55	  0.86	 64.000	 1.00000000	 0.626	  0.000	  0.63	  0.00	  0.5599	 0.9674	 0.55963210		 0.7559	 12.03647178	 46.0948	 1.66259660	 46.16	  0.59	 0.2360	 0.0003	 0.9997	 
m60321c1r6.htb	   0.0	  0.03	 2.000	  0.00	 -10.00	 50.00	   1.0	 2.3881	  0.00	 0.0000	  0.64	  0.72	 64.000	 1.00000000	 0.594	  0.000	  0.59	  0.00	  1.4203	 0.8407	 1.42013779		 0.4916	 14.60815948	 44.4674	 4.66686950	 46.09	  1.01	 0.2378	 0.0003	 0.9997	 
m60321c2r6.htb	 270.0	  0.03	 2.000	 -10.00	 -10.00	 50.00	   0.0	 1.1940	  0.00	 0.0000	  0.60	  0.39	 64.000	 1.00000000	 0.602	  0.000	  0.60	  0.00	  0.5689	 0.9665	 0.56889277		 0.7524	 7.73169762	 56.6525	 3.52060551	 57.59	  0.86	 0.0798	 -0.0000	 1.0000	 
m60321c2r6.htb	 270.0	  0.03	 2.000	 -10.00	 -10.00	 50.00	   1.0	 1.1940	  0.00	 0.0000	  0.64	  0.40	 64.000	 1.00000000	 0.648	  0.000	  0.65	  0.00	  1.0737	 0.8984	 1.07374472		 0.5846	 7.31296765	 100.0000	 0.00000000	 100.35	  1.14	 0.0801	 -0.0000	 1.0000	 
m60321c3r6.htb	 270.0	  0.03	 2.000	 -5.00	 -15.00	 40.00	   0.0	 5.0746	  0.00	 0.0000	  0.71	  0.41	 64.000	 1.00000000	 0.783	  0.000	  0.78	  0.00	  2.8984	 0.5750	 2.89665324		 0.2350	 15.56782223	 47.1212	 0.73025194	 51.79	  4.94	 0.3319	 0.0000	 1.0000	 
m60321c3r6.htb	 270.0	  0.03	 2.000	 -5.00	 -15.00	 40.00	   1.0	 5.0746	  0.00	 0.0000	  0.70	  0.47	 64.000	 1.00000000	 0.776	  0.000	  0.78	  0.00	  1.8750	 0.7587	 1.87495421		 0.3916	 13.58766126	 33.7081	 0.00000000	 33.78	  4.24	 0.4182	 0.0000	 1.0000	 
m60322c1r6.htb	  60.0	  0.03	 4.000	 10.00	 -10.00	 50.00	   0.0	 2.3881	  0.00	 0.0000	  0.66	  0.63	 64.000	 1.00000000	 0.764	  0.000	  0.76	  0.00	  0.8062	 0.9376	 0.80614909		 0.6683	 18.82692057	 100.0000	 0.00000000	 105.71	  1.69	 0.2062	 0.0000	 1.0000	 
m60322c1r6.htb	  60.0	  0.03	 4.000	 10.00	 -10.00	 50.00	   1.0	 2.3881	  0.00	 0.0000	  0.65	  0.69	 64.000	 1.00000000	 0.784	  0.000	  0.78	  0.00	  0.7115	 0.9499	 0.71153070		 0.7006	 22.84205549	 94.8904	 0.97967772	 97.63	  1.38	 0.2520	 0.0000	 1.0000	 
m60322c2r6.htb	  60.0	  0.03	 4.000	 10.00	 -10.00	 40.00	   0.0	 11.1443	  0.00	 0.0000	  0.65	  0.45	 64.000	 1.00000000	 0.645	  0.000	  0.64	  0.00	  1.0356	 0.9044	 1.03533325		 0.5959	 17.40879074	 73.5693	 0.00277627	 77.07	 11.03	 0.2548	 0.0000	 1.0000	 
m60322c2r6.htb	  60.0	  0.03	 4.000	 10.00	 -10.00	 40.00	   1.0	 11.1443	  0.00	 0.0000	  0.68	  0.44	 64.000	 1.00000000	 0.726	  0.000	  0.73	  0.00	  1.2750	 0.8656	 1.27498845		 0.5286	 17.90716352	 52.9936	 0.00000000	 53.07	 10.21	 0.3568	 0.0000	 1.0000	 
m60322c3r6.htb	   0.0	  0.03	 4.000	  0.00	 -12.00	 50.00	   0.0	 5.4726	  0.00	 0.0000	  0.69	  0.38	 64.000	 1.00000000	 0.749	  0.000	  0.75	  0.00	  1.2603	 0.8681	 1.26032088		 0.5325	 11.04156840	 40.6721	 0.00000000	 40.97	  4.16	 0.2832	 0.0000	 1.0000	 
m60322c3r6.htb	   0.0	  0.03	 4.000	  0.00	 -12.00	 50.00	   1.0	 5.4726	  0.00	 0.0000	  0.73	  0.33	 64.000	 1.00000000	 0.832	  0.000	  0.83	  0.00	  0.6899	 0.9526	 0.68983884		 0.7083	 11.33268440	 33.2982	 0.00000000	 33.35	  3.88	 0.3530	 0.0000	 1.0000	 
m60323c1r6.htb	 130.0	  0.03	 2.000	 -10.00	 -20.00	 50.00	   0.0	 4.9751	  0.00	 0.0000	  0.64	  0.55	 64.000	 1.00000000	 0.625	  0.000	  0.62	  0.00	  4.4446	 0.3492	 4.44468510		 0.1084	 15.14668644	 100.0000	 0.00000000	 100.63	  2.63	 0.1659	 -0.0000	 1.0000	 
m60323c1r6.htb	 130.0	  0.03	 2.000	 -10.00	 -20.00	 50.00	   1.0	 4.9751	  0.00	 0.0000	  0.61	  0.60	 64.000	 1.00000000	 0.581	  0.000	  0.58	  0.00	  0.9810	 0.9127	 0.98096222		 0.6123	 16.04244096	 100.0000	 0.00000000	 113.22	  3.15	 0.1757	 -0.0000	 1.0000	 
m60323c2r6.htb	 360.0	  0.03	 2.000	 10.00	 -15.00	 60.00	   0.0	 1.4428	  0.36	 0.0000	  0.71	  0.51	 64.000	 1.00000000	 0.780	  0.000	  0.78	  0.00	  3.5697	 0.4674	 1.03533090		 0.5959	 49.10682842	 31.4161	 42.87536786	 47.92	  0.60	 0.7037	 7.2237	 0.0015	 
m60323c2r6.htb	 360.0	  0.03	 2.000	 10.00	 -15.00	 60.00	   1.0	 1.4428	  0.38	 0.0000	  0.73	  0.46	 64.000	 1.00000000	 0.812	  0.000	  0.81	  0.00	  3.8863	 0.4216	 1.83883041		 0.3988	 70.39800995	 23.1340	 61.72613544	 29.67	  0.24	 1.0061	 7.2237	 0.0015	 
m60323c3r6.htb	 220.0	  0.03	 2.000	  5.00	 -18.00	 40.00	   0.0	 5.1244	  0.00	 0.0000	  0.69	  0.40	 64.000	 1.00000000	 0.735	  0.000	  0.74	  0.00	  3.0624	 0.5474	 3.06220751		 0.2163	 13.12335956	 51.2703	 0.00000000	 52.81	  3.96	 0.2698	 0.0000	 1.0000	 
m60323c3r6.htb	 220.0	  0.03	 2.000	  5.00	 -18.00	 40.00	   1.0	 5.1244	  0.00	 0.0000	  0.72	  0.43	 64.000	 1.00000000	 0.778	  0.000	  0.78	  0.00	  2.8609	 0.5814	 2.86114856		 0.2392	 17.07324184	 61.6313	 0.00517021	 66.04	  4.31	 0.2950	 0.0000	 1.0000	 
m60324c1r6.htb	 240.0	  0.03	 2.000	  0.00	 -5.00	 50.00	   0.0	 2.0398	  0.13	 0.0000	  0.73	  0.69	 64.000	 1.00000000	 0.846	  0.000	  0.85	  0.00	  2.9598	 0.5646	 1.73582553		 0.4198	 90.80503646	 56.0454	 121.89054726	 133.59	  0.61	 0.7533	 4.5323	 0.0144	 
m60324c1r6.htb	 240.0	  0.03	 2.000	  0.00	 -5.00	 50.00	   1.0	 2.0398	  0.19	 0.0000	  0.78	  0.48	 64.000	 1.00000000	 0.872	  0.000	  0.87	  0.00	  3.1047	 0.5405	 1.80329646		 0.4059	 95.41121746	 51.3604	 127.11442786	 123.75	  1.06	 0.8831	 4.5323	 0.0144	 
m60324c2r6.htb	  40.0	  0.03	 2.000	  0.00	 -10.00	 40.00	   0.0	 4.6766	  0.00	 0.0000	  0.70	  0.40	 64.000	 1.00000000	 0.793	  0.000	  0.79	  0.00	  0.7042	 0.9508	 0.70405398		 0.7033	 11.46223473	 20.0409	 0.41349864	 21.25	  2.84	 0.5675	 0.0009	 0.9991	 
m60324c2r6.htb	  40.0	  0.03	 2.000	  0.00	 -10.00	 40.00	   1.0	 4.6766	  0.00	 0.0000	  0.60	  0.54	 64.000	 1.00000000	 0.623	  0.000	  0.62	  0.00	  0.2222	 0.9943	 0.22190666		 0.8950	 11.23371725	 17.1533	 0.85738876	 18.40	  2.92	 0.6225	 0.0009	 0.9991	 
m60324c3r6.htb	 180.0	  0.03	 2.000	  0.00	 -10.00	 40.00	   0.0	 1.0448	  0.13	 0.0000	  0.68	  0.53	 64.000	 1.00000000	 0.751	  0.000	  0.75	  0.00	  0.7617	 0.9435	 0.44478310		 0.8006	 33.36477639	 55.3963	 44.27860697	 132.25	  0.07	 0.2846	 2.4831	 0.0914	 
m60324c3r6.htb	 180.0	  0.03	 2.000	  0.00	 -10.00	 40.00	   1.0	 1.0448	  0.27	 0.0000	  0.71	  0.51	 64.000	 1.00000000	 0.771	  0.000	  0.77	  0.00	  1.4260	 0.8397	 0.81448609		 0.6655	 39.02389935	 47.3812	 50.49751244	 113.75	 -0.12	 0.4033	 2.4831	 0.0914	 
m60405c1r6.htb	 240.0	  0.03	 2.000	 -5.00	 -10.00	 40.00	   0.0	 5.5721	  0.05	 0.0000	  0.78	  0.36	 64.000	 1.00000000	 0.914	  0.000	  0.91	  0.00	  1.0269	 0.9057	 0.84322545		 0.6560	 41.40586884	 34.1142	 24.94169026	 50.94	  3.62	 0.7598	 0.3015	 0.7407	 
m60405c1r6.htb	 240.0	  0.03	 2.000	 -5.00	 -10.00	 40.00	   1.0	 5.5721	  0.05	 0.0000	  0.76	  0.45	 64.000	 1.00000000	 0.919	  0.000	  0.92	  0.00	  0.8037	 0.9380	 0.66172171		 0.7183	 36.63134929	 31.2788	 18.46454143	 50.51	  3.09	 0.8434	 0.3015	 0.7407	 
m60405c2r6.htb	 270.0	  0.03	 2.000	 -10.00	 -15.00	 40.00	   0.0	 6.0199	  0.04	 0.0000	  0.68	  0.57	 64.000	 1.00000000	 0.790	  0.000	  0.79	  0.00	  1.2321	 0.8728	 0.95635883		 0.6199	 64.50036564	 64.7919	 87.81094527	 152.55	  3.00	 0.4475	 0.4959	 0.6113	 
m60405c2r6.htb	 270.0	  0.03	 2.000	 -10.00	 -15.00	 40.00	   1.0	 6.0199	  0.05	 0.0000	  0.71	  0.45	 64.000	 1.00000000	 0.810	  0.000	  0.81	  0.00	  1.1810	 0.8812	 1.01165448		 0.6030	 68.53983866	 63.3424	 93.03482587	 146.91	  3.59	 0.4782	 0.4959	 0.6113	 
m60405c3r6.htb	 270.0	  0.03	 2.000	 -5.00	 -15.00	 40.00	   0.0	 3.6318	  0.00	 0.0000	  0.73	  0.40	 64.000	 1.00000000	 0.827	  0.000	  0.83	  0.00	  2.8615	 0.5813	 2.86135384		 0.2391	 14.83104275	 28.5520	 2.54712958	 28.65	  2.38	 0.4453	 0.0006	 0.9994	 
m60405c3r6.htb	 270.0	  0.03	 2.000	 -5.00	 -15.00	 40.00	   1.0	 3.6318	  0.00	 0.0000	  0.70	  0.48	 64.000	 1.00000000	 0.810	  0.000	  0.81	  0.00	  1.7256	 0.7861	 1.72551511		 0.4220	 14.78731690	 23.7730	 0.47679382	 24.97	  2.01	 0.6215	 0.0006	 0.9994	 
m60405c4r6.htb	 300.0	  0.03	 2.000	  0.00	 -10.00	 40.00	   0.0	 5.3731	  0.16	 0.0000	  0.65	  0.36	 64.000	 1.00000000	 0.671	  0.000	  0.67	  0.00	  1.1253	 0.8902	 0.54811750		 0.7603	 67.16417910	 11.7576	 59.17330090	 13.40	  3.55	 1.3187	 1.2262	 0.3077	 
m60405c4r6.htb	 300.0	  0.03	 2.000	  0.00	 -10.00	 40.00	   1.0	 5.3731	  0.22	 0.0000	  0.65	  0.37	 64.000	 1.00000000	 0.502	  0.000	  0.50	  0.00	 11.1102	 0.0254	 7.99432493		 0.0184	 12.54603825	 23.5394	 14.81545696	 123.54	  6.44	 0.4322	 1.2262	 0.3077	 
m60406c1r6.htb	   0.0	  0.03	 2.000	  8.00	 -10.00	 40.00	   0.0	 4.4279	  0.00	 0.0000	  0.66	  0.61	 64.000	 1.00000000	 0.713	  0.000	  0.71	  0.00	  0.0560	 0.9996	 0.05569406		 0.9725	 16.04528754	 36.4400	 1.36972643	 41.32	  2.70	 0.4233	 0.0006	 0.9994	 
m60406c1r6.htb	   0.0	  0.03	 2.000	  8.00	 -10.00	 40.00	   1.0	 4.4279	  0.00	 0.0000	  0.70	  0.53	 64.000	 1.00000000	 0.787	  0.000	  0.79	  0.00	  0.7927	 0.9394	 0.79230567		 0.6729	 16.44364464	 33.7797	 1.47356149	 38.51	  3.06	 0.4654	 0.0006	 0.9994	 
m60406c2r6.htb	   0.0	  0.03	 2.000	  0.00	 -10.00	 40.00	   0.0	 10.7463	  0.12	 0.0000	  0.77	  0.40	 64.000	 1.00000000	 0.899	  0.000	  0.90	  0.00	  1.8672	 0.7602	 0.36099410		 0.8349	 111.48433851	 56.6344	 161.69154229	 141.49	  8.09	 0.8793	 0.4472	 0.6443	 
m60406c2r6.htb	   0.0	  0.03	 2.000	  0.00	 -10.00	 40.00	   1.0	 10.7463	  0.10	 0.0000	  0.73	  0.44	 64.000	 1.00000000	 0.839	  0.000	  0.84	  0.00	  2.0613	 0.7245	 1.59336445		 0.4508	 58.44584257	 44.8974	 75.88996947	 143.01	 10.94	 0.8174	 0.4472	 0.6443	 
m60406c3r6.htb	   0.0	  0.03	 2.000	  5.00	 -10.00	 30.00	   0.0	 8.1592	  0.15	 0.0021	  0.42	  1.45	 64.000	 1.00000000	 0.260	  0.000	  0.26	  0.00	  0.1746	 0.9964	 0.12189486		 0.9409	 44.39925068	 44.1030	 52.32012602	 114.06	  4.84	 0.5810	 -0.0000	 1.0000	 
m60406c3r6.htb	   0.0	  0.03	 2.000	  5.00	 -10.00	 30.00	   1.0	 8.1592	  0.00	 0.0022	  0.45	  1.39	 64.000	 1.00000000	 0.257	  0.000	  0.26	  0.00	  0.1847	 0.9960	 0.18472412		 0.9118	 15.81673173	 17.8668	 1.34804092	 17.87	  3.89	 0.8297	 -0.0000	 1.0000	 
m60411c2r7.htb	 180.0	  0.03	 2.000	 -10.00	  5.00	 50.00	   0.0	 1.3433	  0.00	 0.0000	  0.73	  0.56	 64.000	 1.00000000	 0.801	  0.000	  0.80	  0.00	  5.7824	 0.2160	 5.78230414		 0.0555	 17.34392035	 42.6086	 5.16265105	 42.71	  0.02	 0.2990	 0.6437	 0.5287	 
m60411c2r7.htb	 180.0	  0.03	 2.000	 -10.00	  5.00	 50.00	   1.0	 1.3433	  0.03	 0.0000	  0.72	  0.59	 64.000	 1.00000000	 0.870	  0.000	  0.87	  0.00	  8.3791	 0.0786	 6.13031705		 0.0466	 47.87205947	 63.0997	 63.93034826	 156.80	 -0.06	 0.3738	 0.6437	 0.5287	 
m60412c1r6.htb	 240.0	  0.03	 2.000	 -10.00	 -10.00	 40.00	   0.0	 1.4925	  0.00	 0.0000	  0.73	  0.59	 64.000	 1.00000000	 0.786	  0.000	  0.79	  0.00	 10.6766	 0.0304	 10.67637303		 0.0048	 17.51065021	 50.6377	 0.00149688	 54.56	 -0.11	 0.3642	 0.0000	 1.0000	 
m60412c1r6.htb	 240.0	  0.03	 2.000	 -10.00	 -10.00	 40.00	   1.0	 1.4925	  0.00	 0.0000	  0.72	  0.64	 64.000	 1.00000000	 0.837	  0.000	  0.84	  0.00	  7.5626	 0.1090	 7.56609302		 0.0228	 16.10729286	 42.3348	 0.06752958	 45.59	 -0.23	 0.3959	 0.0000	 1.0000	 
m60412c2r6.htb	   0.0	  0.03	 2.000	 -10.00	 -15.00	 40.00	   0.0	 1.9071	  0.00	 0.0000	  0.76	  0.52	 64.000	 1.00000000	 0.859	  0.000	  0.86	  0.00	  3.0029	 0.5573	 3.00282500		 0.2228	 19.97026071	 46.8478	 0.00000000	 47.21	  0.31	 0.4472	 0.0000	 1.0000	 
m60412c2r6.htb	   0.0	  0.03	 2.000	 -10.00	 -15.00	 40.00	   1.0	 1.9071	  0.00	 0.0000	  0.79	  0.47	 64.000	 1.00000000	 0.883	  0.000	  0.88	  0.00	  3.5434	 0.4713	 3.54297237		 0.1701	 19.70696037	 43.0935	 0.00005629	 45.30	  0.14	 0.4781	 0.0000	 1.0000	 
m70917c1r6.htb	   0.0	  0.03	 2.000	  0.00	 -3.00	 30.00	   0.0	 0.0000	 -7.27	 0.0000	  0.63	  0.32	 64.000	 1.00000000	 0.000	    NaN	  0.33	  0.00	 13.8099	 0.0010	 13.80990324		    NaN	 0.00000000	 7.9072	 7.46268657	 10.89	 -0.15	 -0.1068	 0.0000	 1.0000	 
m70918c1r6.htb	 240.0	  0.03	 2.000	 -3.00	 -3.00	 35.00	   0.0	 4.5771	  0.11	 0.0775	  0.30	  0.51	 64.000	 1.00000000	 0.053	  0.006	  0.05	  0.01	  0.2748	 0.9914	 0.18778828		 0.9104	 16.20058086	 72.1910	 28.73134328	 167.30	  3.65	 0.0563	 0.6354	 0.5313	 
m70918c2r6.htb	   0.0	  0.03	 2.000	  0.00	  0.00	 35.00	   0.0	 4.1294	  0.21	 0.4300	  0.26	  1.11	 64.000	 1.00000000	 0.081	  0.017	  0.08	  0.02	  0.1013	 0.9988	 0.06794371		 0.9666	 11.16904797	 49.0690	 19.44997298	 149.07	  2.54	 0.1034	 0.1814	 0.8346	 
m70919c1r6.htb	   0.0	  0.03	 2.000	 -3.00	 -2.00	 35.00	   0.0	 1.3930	  0.35	 0.0000	  0.64	  0.84	 256.000	 1.00000000	 0.681	  0.000	  0.68	  0.00	  5.6411	 0.4646	 2.97685450		 0.5617	 69.90049751	 68.7137	 61.18059542	 85.82	  0.10	 0.3227	 2.5797	 0.0817	 
m70919c2r6.htb	   0.0	  0.03	 2.000	 -5.00	 -10.00	 35.00	   0.0	 1.8408	  0.00	 0.0000	  0.55	  0.55	 64.000	 1.00000000	 0.602	  0.000	  0.60	  0.00	  0.3582	 0.9858	 0.35823574		 0.8360	 5.48312082	 25.7393	 0.39261797	 26.03	  1.01	 0.2043	 0.0000	 1.0000	 
m70919c3r6.htb	   0.0	  0.03	 2.000	 -3.00	  2.00	 30.00	   0.0	 0.8955	  0.00	 0.0000	  0.73	  0.44	 64.000	 1.00000000	 0.733	  0.000	  0.73	  0.00	  3.3615	 0.4992	 3.36157655		 0.1862	 13.15385571	 35.2957	 5.49961970	 35.30	  0.00	 0.2252	 -0.0000	 1.0000	 
m70920c1r6.htb	   0.0	  0.03	 2.000	  0.00	  3.00	 40.00	   0.0	 2.6368	  0.00	 0.0000	  0.57	  0.82	 64.000	 1.00000000	 0.526	  0.000	  0.53	  0.00	  0.8707	 0.9287	 0.87067945		 0.6470	 10.77518231	 34.9723	 1.11235934	 34.97	  1.84	 0.2869	 0.0000	 1.0000	 
m70920c3r6.htb	   0.0	  0.03	 2.000	  5.00	 -10.00	 35.00	   0.0	 7.4627	  0.00	 0.0000	  0.69	  0.73	 64.000	 1.00000000	 0.834	  0.000	  0.83	  0.00	  1.0543	 0.9015	 1.05268938		 0.5908	 28.79671341	 36.1880	 1.67172372	 40.12	  4.22	 0.7838	 0.0017	 0.9983	 
m70925c1r6.htb	   0.0	  0.03	 2.000	  0.00	 -5.00	 50.00	   0.0	 3.1343	  0.00	 0.0000	  0.50	  0.68	 64.000	 1.00000000	 0.464	  0.000	  0.46	  0.00	  0.1976	 0.9954	 0.19756509		 0.9059	 5.60804395	 26.7138	 0.00000000	 26.71	  1.55	 0.2169	 -0.0000	 1.0000	 
m70925c2r6.htb	   0.0	  0.03	 2.000	  8.00	 -8.00	 35.00	   0.0	 1.4925	  0.24	 0.0000	  0.70	  0.60	 64.000	 1.00000000	 0.772	  0.000	  0.77	  0.00	  1.3582	 0.8514	 0.56154903		 0.7552	 41.65773986	 49.1367	 54.72636816	 119.13	 -0.30	 0.4128	 1.9568	 0.1495	 
m70925c3r6.htb	   0.0	  0.03	 2.000	  0.00	 -5.00	 25.00	   0.0	 1.2438	  0.00	 0.0000	  0.63	  0.69	 64.000	 1.00000000	 0.623	  0.000	  0.62	  0.00	  1.5954	 0.8096	 1.59539948		 0.4504	 13.01903195	 32.4700	 4.79458853	 32.56	  0.37	 0.2630	 0.0000	 1.0000	 
m71003c1r6.htb	   0.0	  0.03	 2.000	 -3.00	  3.00	 35.00	   0.0	 2.1393	  0.00	 0.0000	  0.53	  0.44	 64.000	 1.00000000	 0.447	  0.000	  0.45	  0.00	  0.3122	 0.9890	 0.31230638		 0.8554	 7.25248151	 66.6973	 2.84122918	 66.77	  1.60	 0.0708	 -0.0000	 1.0000	 
m71003c2r6.htb	   0.0	  0.03	 2.000	  0.00	  0.00	 40.00	   0.0	 3.0348	  0.00	 0.0041	  0.46	  0.61	 64.000	 1.00000000	 0.246	  0.000	  0.25	  0.00	  0.0468	 0.9997	 0.04678679		 0.9769	 4.13300559	 53.9321	 0.01796480	 54.14	  1.37	 0.0806	 -0.0000	 1.0000	 
m71004c1r6.htb	   0.0	  0.03	 2.000	  5.00	  0.00	 35.00	   0.0	 2.5373	  0.00	 0.0000	  0.67	  0.53	 64.000	 1.00000000	 0.718	  0.000	  0.72	  0.00	  1.0035	 0.9093	 1.00349953		 0.6055	 14.40254778	 46.1056	 2.56295026	 46.14	  1.24	 0.2693	 0.0000	 1.0000	 
m71004c2r6.htb	   0.0	  0.03	 2.000	  0.00	 10.00	 25.00	   0.0	 4.8259	  0.09	 0.0000	  0.66	  0.69	 64.000	 1.00000000	 0.806	  0.000	  0.81	  0.00	  0.7695	 0.9425	 0.33584144		 0.8454	 85.11882832	 57.8692	 114.17910448	 137.26	  3.01	 0.6804	 0.8307	 0.4403	 
m71005c1r6.htb	   0.0	  0.03	 2.000	  0.00	  0.00	 40.00	   0.0	 0.7960	  0.04	 0.0000	  0.53	  0.61	 64.000	 1.00000000	 0.314	  0.000	  0.31	  0.00	  1.3723	 0.8490	 1.12607752		 0.5695	 10.14153772	 66.4637	 14.55223881	 163.54	  0.11	 0.0678	 0.4171	 0.6598	 
m71005c2r6.htb	   0.0	  0.03	 2.000	  0.00	  5.00	 35.00	   0.0	 4.7761	  0.00	 0.0000	  0.48	  0.36	 64.000	 1.00000000	 0.382	  0.000	  0.38	  0.00	  0.2641	 0.9920	 0.26404326		 0.8763	 3.63104484	 28.9491	 0.33138243	 30.19	  3.68	 0.1184	 0.0003	 0.9997	 
m71016c1r6.htb	  90.0	  0.03	 2.000	  0.00	 -12.00	 40.00	   0.0	 16.2438	  0.16	 0.0000	  0.54	  0.87	 64.000	 1.00000000	 0.445	  0.000	  0.45	  0.00	  0.2153	 0.9946	 0.02082035		 0.9896	 36.43668114	 20.9738	 21.73230243	 52.87	 14.74	 1.3818	 1.7762	 0.1732	 
m71128c1r6.htb	   0.0	  0.03	 2.000	 10.00	  0.00	 30.00	   0.0	 4.6269	  0.00	 0.0420	  0.33	  0.83	 64.000	 1.00000000	 0.159	  0.001	  0.16	  0.00	  0.2566	 0.9924	 0.25655881		 0.8796	 9.03239615	 61.3208	 2.46146426	 64.20	  6.73	 0.1159	 0.0001	 0.9999	 
m71129c1r6.htb	   0.0	  0.03	 2.000	  0.00	 -7.00	 40.00	   0.0	 0.1741	 -21.19	 0.0000	  0.62	  0.72	 64.000	 1.00000000	 0.000	    NaN	  0.53	  0.00	 16.3806	 0.0025	 16.38059544		 0.0003	 0.00000000	 48.9189	 36.44278607	 48.92	 -0.73	 -0.5279	 0.0000	 1.0000	 
m71129c2r6.htb	   0.0	  0.03	 2.000	  0.00	 -8.00	 30.00	   0.0	 0.2985	 -13.63	 0.0000	  0.64	  0.69	 64.000	 1.00000000	 0.000	    NaN	  0.50	  0.00	 16.8731	 0.0008	 16.87310280		    NaN	 0.00000000	 24.4722	 27.70538246	 25.31	 -0.71	 -0.4200	 0.0000	 1.0000	 
m71129c3r6.htb	 120.0	  0.03	 2.000	  5.00	 -5.00	 40.00	   0.0	 0.4478	 -10.64	 0.0000	  0.63	  1.02	 64.000	 1.00000000	 0.000	    NaN	  0.61	  0.00	 71.4577	 0.0000	 71.45769501		 0.0000	 0.00000000	 42.5650	 24.20929377	 45.46	 -1.51	 -0.3569	 0.0000	 1.0000	 
m71203c1r6.htb	   0.0	  0.03	 2.000	  0.00	 -10.00	 40.00	   0.0	 3.1841	  0.00	 0.0000	  0.53	  0.82	 64.000	 1.00000000	 0.376	  0.000	  0.38	  0.00	  1.1085	 0.8929	 1.10844090		 0.5745	 16.35982451	 100.0000	 6.90388889	 100.00	  1.91	 0.1036	 -0.0000	 1.0000	 
m71204c1r6.htb	   0.0	  0.03	 2.000	 -5.00	 -10.00	 30.00	   0.0	 4.3781	  0.00	 0.0000	  0.67	  0.62	 64.000	 1.00000000	 0.740	  0.000	  0.74	  0.00	  0.5850	 0.9647	 0.58501643		 0.7464	 18.56874529	 58.6953	 0.00000000	 59.68	  2.96	 0.3360	 0.0000	 1.0000	 
m71205c2r6.htb	   0.0	  0.03	 2.000	  0.00	  3.00	 30.00	   0.0	 2.9353	  0.00	 0.0000	  0.54	  1.14	 64.000	 1.00000000	 0.511	  0.000	  0.51	  0.00	  0.1662	 0.9967	 0.16624159		 0.9202	 15.10304431	 27.9969	 0.00000000	 28.01	  1.41	 0.5577	 -0.0000	 1.0000	 
m71205c3r6.htb	   0.0	  0.03	 2.000	  5.00	  5.00	 30.00	   0.0	 8.2587	  0.14	 0.0000	  0.74	  0.65	 64.000	 1.00000000	 0.869	  0.000	  0.87	  0.00	  1.8728	 0.7591	 1.23163667		 0.5402	 164.33686322	 54.4616	 219.65174129	 128.91	  6.76	 1.3978	 1.4090	 0.2517	 
m71206c1r6.htb	   0.0	  0.03	 2.000	 -5.00	 -10.00	 30.00	   0.0	 22.3383	  0.07	 0.0000	  0.47	  0.72	 64.000	 1.00000000	 0.393	  0.000	  0.39	  0.00	  0.2442	 0.9931	 0.17406640		 0.9166	 29.29529373	 28.3604	 17.60383735	 56.98	 21.23	 0.7588	 0.2922	 0.7476	 
m71210c1r6.htb	   0.0	  0.03	 2.000	  0.00	  0.00	 40.00	   0.0	 2.8856	  0.00	 0.2301	  0.34	  0.74	 64.000	 1.00000000	 0.103	  0.007	  0.10	  0.01	  0.2811	 0.9910	 0.28112970		 0.8689	 2.94019533	 100.0000	 0.00000000	 102.32	  2.49	 0.0322	 -0.0000	 1.0000	 
m71211c1r6.htb	   0.0	  0.03	 2.000	 -5.00	 -15.00	 40.00	   0.0	 1.8905	  0.00	 0.0000	  0.67	  0.58	 64.000	 1.00000000	 0.721	  0.000	  0.72	  0.00	  1.4775	 0.8306	 1.47750565		 0.4777	 13.73345249	 29.9160	 3.45035856	 30.22	  1.03	 0.3570	 0.0002	 0.9998	 
m71211c2r6.htb	   0.0	  0.03	 2.000	  0.00	 -15.00	 40.00	   0.0	 11.3433	  0.00	 0.0000	  0.53	  0.57	 64.000	 1.00000000	 0.362	  0.000	  0.36	  0.00	  0.5912	 0.9640	 0.59118531		 0.7441	 14.37405914	 27.6890	 5.29013931	 27.69	 12.73	 0.3391	 0.0000	 1.0000	 
m71211c3r6.htb	   0.0	  0.03	 2.000	  0.00	 -15.00	 40.00	   0.0	 14.6269	  0.00	 0.0000	  0.62	  0.45	 64.000	 1.00000000	 0.611	  0.000	  0.61	  0.00	  0.3289	 0.9879	 0.32892830		 0.8483	 15.42656645	 24.8452	 3.78381817	 25.80	 12.67	 0.4893	 -0.0001	 1.0000	 
m71218c1r6.htb	 240.0	  0.03	 2.000	  0.00	  0.00	 30.00	   0.0	 7.4627	  0.04	 0.0000	  0.61	  0.76	 64.000	 1.00000000	 0.726	  0.000	  0.73	  0.00	  0.8381	 0.9333	 0.63236942		 0.7289	 92.81644555	 66.1337	 129.10447761	 154.12	  6.29	 0.6033	 0.3655	 0.6953	 
m71218c2r6.htb	   0.0	  0.03	 2.000	  0.00	  0.00	 20.00	   0.0	 0.5473	  0.00	 0.0000	  0.78	  0.46	 64.000	 1.00000000	 0.781	  0.000	  0.78	  0.00	  6.4492	 0.1680	 5.27483665		 0.0715	 18.29561118	 38.1203	 5.77762532	 38.12	 -0.26	 0.3418	 3.5113	 0.0356	 
m71218c3r6.htb	 270.0	  0.03	 2.000	  0.00	  0.00	 40.00	   0.0	 1.7910	  0.00	 0.0000	  0.76	  0.54	 64.000	 1.00000000	 0.891	  0.000	  0.89	  0.00	  0.4697	 0.9764	 0.46968411		 0.7907	 25.11574635	 77.8173	 0.00000000	 79.28	  0.73	 0.3487	 0.0000	 1.0000	 
m71219c1r6.htb	   0.0	  0.03	 2.000	  0.00	  0.00	 20.00	   0.0	 0.1493	  0.00	 0.0000	  0.52	  0.45	 64.000	 1.00000000	 0.378	  0.000	  0.38	  0.00	  0.4923	 0.9742	 0.47770321		 0.7875	 6.07958345	 75.6745	 8.08457711	 173.79	  0.00	 0.0361	 0.1634	 0.8494	 
m71219c2r6.htb	 150.0	  0.03	 2.000	  5.00	  5.00	 20.00	   0.0	 0.5473	  0.00	 0.0000	  0.63	  0.55	 64.000	 1.00000000	 0.613	  0.000	  0.61	  0.00	  1.4120	 0.8421	 1.41205688		 0.4936	 10.82151930	 42.1116	 5.84835390	 42.11	 -0.06	 0.1233	 -0.0000	 1.0000	 
m71231c1r6.htb	 270.0	  0.03	 2.000	  8.00	 -12.00	 35.00	   0.0	 1.5423	  0.00	 0.0000	  0.73	  0.58	 64.000	 1.00000000	 0.884	  0.000	  0.88	  0.00	  1.1169	 0.8916	 1.11676203		 0.5721	 25.05566154	 100.0000	 0.00000000	 103.65	  0.54	 0.2744	 -0.0000	 1.0000	 
m71231c2r6.htb	   0.0	  0.03	 2.000	 -5.00	 -10.00	 35.00	   0.0	 9.1045	  0.00	 0.0000	  0.61	  0.70	 64.000	 1.00000000	 0.632	  0.000	  0.63	  0.00	  1.1518	 0.8860	 1.15183526		 0.5622	 16.55259071	 50.0451	 0.00715245	 54.99	  5.02	 0.3480	 0.0000	 1.0000	 
m71231c3r6.htb	 270.0	  0.03	 2.000	 -10.00	 -10.00	 25.00	   0.0	 10.1635	  0.00	 0.0000	  0.67	  0.35	 64.000	 1.00000000	 0.562	  0.000	  0.56	  0.00	  3.4730	 0.4820	 3.47258759		 0.1762	 13.17168848	 59.1850	 2.62941105	 61.38	 11.86	 0.1909	 0.0000	 1.0000	 
m80102c1r6.htb	 270.0	  0.03	 2.000	  0.00	 -20.00	 40.00	   0.0	 1.7413	  0.00	 0.0000	  0.71	  0.59	 64.000	 1.00000000	 0.856	  0.000	  0.86	  0.00	  1.1832	 0.8809	 1.18321472		 0.5534	 20.33209795	 87.6013	 0.00000000	 88.11	  0.80	 0.2525	 0.0000	 1.0000	 
m80102c2r6.htb	   0.0	  0.03	 2.000	  0.00	 -15.00	 30.00	   0.0	 6.6667	  0.00	 0.0000	  0.69	  0.44	 64.000	 1.00000000	 0.781	  0.000	  0.78	  0.00	  1.0876	 0.8962	 1.08755602		 0.5806	 13.83280347	 22.3890	 1.03497798	 22.51	  3.34	 0.5888	 0.0000	 1.0000	 
m80102c3r6.htb	   0.0	  0.03	 2.000	 10.00	 -18.00	 30.00	   0.0	 1.2935	  0.00	 0.0000	  0.46	  0.53	 64.000	 1.00000000	 0.333	  0.000	  0.33	  0.00	  0.0933	 0.9989	 0.09330591		 0.9544	 7.56492079	 29.0375	 4.78987527	 29.10	  0.88	 0.0992	 0.0000	 1.0000	 
m80103c1r6.htb	   0.0	  0.03	 2.000	  0.00	 -10.00	 30.00	   0.0	 4.2786	  0.01	 0.0000	  0.67	  0.86	 64.000	 1.00000000	 0.828	  0.000	  0.83	  0.00	  3.9167	 0.4174	 2.78078810		 0.2490	 109.84038819	 70.7647	 144.77611940	 164.47	  2.42	 0.7164	 0.3422	 0.7115	 
m80103c2r6.htb	   0.0	  0.03	 2.000	  0.00	 -20.00	 35.00	   0.0	 1.5920	  0.00	 0.0000	  0.54	  0.50	 64.000	 1.00000000	 0.477	  0.000	  0.48	  0.00	  0.4199	 0.9808	 0.41994484		 0.8106	 4.03761260	 20.5227	 0.16721340	 21.68	  0.80	 0.1943	 0.0000	 1.0000	 
m80103c3r6.htb	   0.0	  0.03	 2.000	  8.00	 -10.00	 30.00	   0.0	 7.7114	  0.00	 0.0000	  0.61	  0.61	 64.000	 1.00000000	 0.591	  0.000	  0.59	  0.00	  0.4306	 0.9799	 0.43055002		 0.8063	 12.76510752	 45.8441	 0.88435521	 50.21	  5.04	 0.2733	 0.0002	 0.9998	 
m80103c4r6.htb	 120.0	  0.03	 2.000	 -8.00	 -15.00	 30.00	   0.0	 13.1841	  0.00	 0.0000	  0.71	  0.49	 64.000	 1.00000000	 0.771	  0.000	  0.77	  0.00	  1.6402	 0.8015	 1.64024415		 0.4404	 27.52854121	 31.9575	 5.41126249	 31.96	 10.26	 0.7172	 -0.0000	 1.0000	 
m80104c1r6.htb	   0.0	  0.03	 2.000	 -10.00	 -10.00	 25.00	   0.0	 4.3284	  0.02	 0.0000	  0.69	  0.72	 64.000	 1.00000000	 0.799	  0.000	  0.80	  0.00	  3.7820	 0.4363	 3.23668569		 0.1982	 94.99744638	 69.0218	 127.61194030	 160.69	  3.56	 0.6208	 0.3885	 0.6796	 
