FILE			 PrfOR	 PrfSF	 PrfTF	 RFXctr	 RFYctr	 RFDiam	 GrType	 Onset	 AvgPulseTime	 PulseTimeStdev	 RedFlag	
m60112c1r3.htb	  30.0	  0.05	 2.000	  0.00	  0.00	 30.00	   0.0	 0.2280	 996.0000		 0.0000	   0.0	
m60112c1r3.htb	  30.0	  0.05	 2.000	  0.00	  0.00	 30.00	   1.0	 0.1880	 996.0000		 0.0000	   0.0	
m60112c2r4.htb	  30.0	  0.05	 2.000	  8.00	  5.00	 30.00	   0.0	 0.1500	 996.0000		 0.0000	   1.0	
m60112c2r4.htb	  30.0	  0.05	 2.000	  8.00	  5.00	 30.00	   1.0	 0.2010	 996.0000		 0.0000	   0.0	
m60117c1r4.htb	  90.0	  0.03	 2.000	  0.00	  0.00	 30.00	   0.0	 0.1770	 996.0000		 0.0000	   0.0	
m60117c1r4.htb	  90.0	  0.03	 2.000	  0.00	  0.00	 30.00	   1.0	 0.1290	 996.0000		 0.0000	   0.0	
m60119c2r2.htb	  30.0	  0.03	 6.000	  0.00	 10.00	 40.00	   0.0	 2.0010	 996.0000		 0.0000	   0.0	
m60119c2r2.htb	  30.0	  0.03	 6.000	  0.00	 10.00	 40.00	   1.0	 0.1830	 996.0000		 0.0000	   0.0	
m60124c1r3.htb	   0.0	  0.03	 2.000	  0.00	 10.00	 70.00	   0.0	 0.1450	 996.0000		 0.0000	   1.0	
m60124c1r3.htb	   0.0	  0.03	 2.000	  0.00	 10.00	 70.00	   1.0	 0.1600	 996.0000		 0.0000	   1.0	
m60124c2r3.htb	   0.0	  0.03	 4.000	  0.00	 10.00	 70.00	   0.0	 0.1350	 996.0000		 0.0000	   1.0	
m60124c2r3.htb	   0.0	  0.03	 4.000	  0.00	 10.00	 70.00	   1.0	 0.5820	 996.0000		 0.0000	   1.0	
m60124c3r6.htb	   0.0	  0.03	 4.000	  0.00	 10.00	 70.00	   0.0	 2.0010	 996.0000		 0.0000	   1.0	
m60124c3r6.htb	   0.0	  0.03	 4.000	  0.00	 10.00	 70.00	   1.0	 2.0010	 996.0000		 0.0000	   0.0	
m60124c4r2.htb	   0.0	  0.03	 4.000	 10.00	 -5.00	 70.00	   0.0	 2.0010	 996.0000		 0.0000	   1.0	
m60124c4r2.htb	   0.0	  0.03	 4.000	 10.00	 -5.00	 70.00	   1.0	 0.2570	 996.0000		 0.0000	   0.0	
m60124c5r1.htb	   0.0	  0.03	 4.000	  0.00	  0.00	 70.00	   0.0	 0.4660	 996.0000		 0.0000	   0.0	
m60124c5r1.htb	   0.0	  0.03	 4.000	  0.00	  0.00	 70.00	   1.0	 2.0010	 996.0000		 0.0000	   0.0	
m60213c2r2.htb	  30.0	  0.03	 2.000	  0.00	 15.00	 50.00	   0.0	 0.1210	 996.0000		 0.0000	   0.0	
m60213c2r2.htb	  30.0	  0.03	 2.000	  0.00	 15.00	 50.00	   1.0	 0.1410	 996.0000		 0.0000	   1.0	
m60213c3r2.htb	 120.0	  0.03	 2.000	  8.00	  0.00	 50.00	   0.0	 0.1300	 996.0000		 0.0000	   0.0	
m60213c3r2.htb	 120.0	  0.03	 2.000	  8.00	  0.00	 50.00	   1.0	 0.1320	 996.0000		 0.0000	   0.0	
m60213c4r2.htb	   0.0	  0.03	 4.000	  5.00	 12.00	 50.00	   0.0	 0.1910	 996.0000		 0.0000	   1.0	
m60213c4r2.htb	   0.0	  0.03	 4.000	  5.00	 12.00	 50.00	   1.0	 0.1930	 996.0000		 0.0000	   1.0	
m60220c1r2.htb	  30.0	  0.05	 2.000	  5.00	  8.00	 60.00	   0.0	 0.2400	 996.0000		 0.0000	   1.0	
m60220c1r2.htb	  30.0	  0.05	 2.000	  5.00	  8.00	 60.00	   1.0	 0.1250	 996.0000		 0.0000	   1.0	
m60317c1r2.htb	  30.0	  0.03	 2.000	  0.00	  0.00	 40.00	   0.0	 0.1960	 996.0000		 0.0000	   1.0	
m60317c1r2.htb	  30.0	  0.03	 2.000	  0.00	  0.00	 40.00	   1.0	 0.2180	 996.0000		 0.0000	   1.0	
m60317c2r2.htb	  30.0	  0.03	 2.000	 -5.00	  5.00	 50.00	   0.0	 0.1350	 996.0000		 0.0000	   1.0	
m60317c2r2.htb	  30.0	  0.03	 2.000	 -5.00	  5.00	 50.00	   1.0	 0.2230	 996.0000		 0.0000	   0.0	
m60404c2r2.htb	   0.0	  0.03	 2.000	  0.00	  0.00	 40.00	   0.0	 0.2200	 996.0000		 0.0000	   1.0	
m60404c2r2.htb	   0.0	  0.03	 2.000	  0.00	  0.00	 40.00	   1.0	 0.2920	 996.0000		 0.0000	   1.0	
m60407c1r2.htb	   0.0	  0.03	 2.000	  0.00	 -5.00	 40.00	   0.0	 0.5410	 996.0000		 0.0000	   0.0	
m60407c1r2.htb	   0.0	  0.03	 2.000	  0.00	 -5.00	 40.00	   1.0	 0.1900	 996.0000		 0.0000	   1.0	
m60407c2r2.htb	   0.0	  0.03	 2.000	  5.00	  0.00	 40.00	   0.0	 2.0010	 996.0000		 0.0000	   1.0	
m60407c2r2.htb	   0.0	  0.03	 2.000	  5.00	  0.00	 40.00	   1.0	 0.2880	 996.0000		 0.0000	   1.0	
m60407c3r2.htb	   0.0	  0.03	 2.000	  0.00	 -20.00	 40.00	   0.0	 2.0010	 996.0000		 0.0000	   1.0	
m60407c3r2.htb	   0.0	  0.03	 2.000	  0.00	 -20.00	 40.00	   1.0	 0.1860	 996.0000		 0.0000	   1.0	
m60407c4r2.htb	   0.0	  0.03	 2.000	 15.00	 -10.00	 50.00	   0.0	 0.1320	 996.0000		 0.0000	   0.0	
m60407c4r2.htb	   0.0	  0.03	 2.000	 15.00	 -10.00	 50.00	   1.0	 0.1840	 996.0000		 0.0000	   1.0	
m60407c5r2.htb	   0.0	  0.03	 2.000	 10.00	 -10.00	 40.00	   0.0	 0.2210	 996.0000		 0.0000	   1.0	
m60407c5r2.htb	   0.0	  0.03	 2.000	 10.00	 -10.00	 40.00	   1.0	 0.1570	 996.0000		 0.0000	   1.0	
m60413c3r2.htb	   0.0	  0.03	 2.000	  5.00	 -20.00	 50.00	   0.0	 0.2220	 996.0000		 0.0000	   0.0	
m60413c3r2.htb	   0.0	  0.03	 2.000	  5.00	 -20.00	 50.00	   1.0	 0.1540	 996.0000		 0.0000	   0.0	
m60413c4r2.htb	   0.0	  0.03	 2.000	 -10.00	 -10.00	 40.00	   0.0	 0.1120	 996.0000		 0.0000	   0.0	
m60413c4r2.htb	   0.0	  0.03	 2.000	 -10.00	 -10.00	 40.00	   1.0	 0.3270	 996.0000		 0.0000	   0.0	
m60413c5r2.htb	   0.0	  0.03	 2.000	 -10.00	 -10.00	 40.00	   0.0	 0.1470	 996.0000		 0.0000	   0.0	
m60413c5r2.htb	   0.0	  0.03	 2.000	 -10.00	 -10.00	 40.00	   1.0	 0.1130	 996.0000		 0.0000	   0.0	
m60414c2r2.htb	 250.0	  0.05	 2.000	  0.00	 -8.00	 40.00	   0.0	 0.1180	 996.0000		 0.0000	   0.0	
m60414c2r2.htb	 250.0	  0.05	 2.000	  0.00	 -8.00	 40.00	   1.0	 0.1120	 996.0000		 0.0000	   0.0	
m60418c1r2.htb	 180.0	  0.03	 2.000	 -5.00	 -10.00	 50.00	   0.0	 0.1760	 996.0000		 0.0000	   1.0	
m60418c1r2.htb	 180.0	  0.03	 2.000	 -5.00	 -10.00	 50.00	   1.0	 0.2120	 996.0000		 0.0000	   0.0	
m60420c1r2.htb	   0.0	  0.03	 2.000	 -10.00	 10.00	 40.00	   0.0	 0.1260	 996.0000		 0.0000	   1.0	
m60420c1r2.htb	   0.0	  0.03	 2.000	 -10.00	 10.00	 40.00	   1.0	 0.1140	 996.0000		 0.0000	   1.0	
m60421c1r2.htb	   0.0	  0.03	 2.000	  8.00	 -10.00	 40.00	   0.0	 0.1350	 996.0000		 0.0000	   1.0	
m60421c1r2.htb	   0.0	  0.03	 2.000	  8.00	 -10.00	 40.00	   1.0	 0.1350	 996.0000		 0.0000	   0.0	
m60421c2r2.htb	   0.0	  0.03	 2.000	 18.00	 -10.00	 40.00	   0.0	 0.1480	 996.0000		 0.0000	   0.0	
m60421c2r2.htb	   0.0	  0.03	 2.000	 18.00	 -10.00	 40.00	   1.0	 0.1430	 996.0000		 0.0000	   0.0	
m60421c3r2.htb	   0.0	  0.03	 2.000	 10.00	  5.00	 40.00	   0.0	 0.1610	 996.0000		 0.0000	   1.0	
m60421c3r2.htb	   0.0	  0.03	 2.000	 10.00	  5.00	 40.00	   1.0	 0.1290	 996.0000		 0.0000	   1.0	
m60424c3r2.htb	   0.0	  0.03	 2.000	 10.00	  0.00	 40.00	   0.0	 0.1100	 996.0000		 0.0000	   0.0	
m60424c3r2.htb	   0.0	  0.03	 2.000	 10.00	  0.00	 40.00	   1.0	 0.0940	 996.0000		 0.0000	   0.0	
m60424c4r2.htb	   0.0	  0.03	 2.000	  0.00	  0.00	 30.00	   0.0	 0.1060	 996.0000		 0.0000	   1.0	
m60424c4r2.htb	   0.0	  0.03	 2.000	  0.00	  0.00	 30.00	   1.0	 0.1080	 996.0000		 0.0000	   0.0	
m60424c5r2.htb	   0.0	  0.03	 2.000	  0.00	  0.00	 40.00	   0.0	 0.1230	 996.0000		 0.0000	   0.0	
m60424c5r2.htb	   0.0	  0.03	 2.000	  0.00	  0.00	 40.00	   1.0	 0.0810	 996.0000		 0.0000	   0.0	
m60518c1r2.htb	   0.0	  0.03	 2.000	  8.00	 -10.00	 40.00	   0.0	 0.1430	 996.0000		 0.0000	   0.0	
m60518c1r2.htb	   0.0	  0.03	 2.000	  8.00	 -10.00	 40.00	   1.0	 0.1430	 996.0000		 0.0000	   0.0	
m60519c1r2.htb	   0.0	  0.03	 2.000	  0.00	 -10.00	 40.00	   0.0	 0.1130	 996.0000		 0.0000	   0.0	
m60519c1r2.htb	   0.0	  0.03	 2.000	  0.00	 -10.00	 40.00	   1.0	 0.1200	 996.0000		 0.0000	   0.0	
m60519c2r2.htb	   0.0	  0.03	 2.000	  5.00	  0.00	 30.00	   0.0	 0.1220	 996.0000		 0.0000	   0.0	
m60519c2r2.htb	   0.0	  0.03	 2.000	  5.00	  0.00	 30.00	   1.0	 0.1040	 996.0000		 0.0000	   0.0	
m60519c4r2.htb	   0.0	  0.03	 2.000	  5.00	  0.00	 30.00	   0.0	 0.1040	 996.0000		 0.0000	   1.0	
m60519c4r2.htb	   0.0	  0.03	 2.000	  5.00	  0.00	 30.00	   1.0	 0.3000	 996.0000		 0.0000	   0.0	
m60519c5r2.htb	   0.0	  0.03	 2.000	  5.00	  0.00	 30.00	   0.0	 0.1690	 996.0000		 0.0000	   0.0	
m60519c5r2.htb	   0.0	  0.03	 2.000	  5.00	  0.00	 30.00	   1.0	 0.1010	 996.0000		 0.0000	   0.0	
m60519c6r2.htb	   0.0	  0.03	 2.000	  0.00	  0.00	 30.00	   0.0	 0.1090	 996.0000		 0.0000	   0.0	
m60519c6r2.htb	   0.0	  0.03	 2.000	  0.00	  0.00	 30.00	   1.0	 0.0910	 996.0000		 0.0000	   0.0	
m60526c1r2.htb	   0.0	  0.03	 2.000	 -5.00	  0.00	 40.00	   0.0	 0.1200	 996.0000		 0.0000	   0.0	
m60526c1r2.htb	   0.0	  0.03	 2.000	 -5.00	  0.00	 40.00	   1.0	 0.0930	 996.0000		 0.0000	   0.0	
m60526c2r2.htb	   0.0	  0.03	 2.000	  0.00	  0.00	 40.00	   0.0	 0.1110	 996.0000		 0.0000	   0.0	
m60526c2r2.htb	   0.0	  0.03	 2.000	  0.00	  0.00	 40.00	   1.0	 0.1750	 996.0000		 0.0000	   0.0	
m60526c3r2.htb	   0.0	  0.03	 2.000	  8.00	  8.00	 40.00	   0.0	 0.1790	 996.0000		 0.0000	   0.0	
m60526c3r2.htb	   0.0	  0.03	 2.000	  8.00	  8.00	 40.00	   1.0	 0.1760	 996.0000		 0.0000	   0.0	
m60526c4r2.htb	   0.0	  0.03	 2.000	  0.00	 -10.00	 40.00	   0.0	 -0.0340	 996.0000		 0.0000	   0.0	
m60526c4r2.htb	   0.0	  0.03	 2.000	  0.00	 -10.00	 40.00	   1.0	 0.1100	 996.0000		 0.0000	   0.0	
m60526c5r2.htb	   0.0	  0.03	 2.000	 -5.00	 -5.00	 40.00	   0.0	 2.0060	 996.0000		 0.0000	   1.0	
m60526c5r2.htb	   0.0	  0.03	 2.000	 -5.00	 -5.00	 40.00	   1.0	 0.2850	 996.0000		 0.0000	   1.0	
m60623c1r2.htb	   0.0	  0.03	 2.000	  0.00	  0.00	 40.00	   0.0	 0.2150	 996.0000		 0.0000	   1.0	
m60623c1r2.htb	   0.0	  0.03	 2.000	  0.00	  0.00	 40.00	   1.0	 0.2540	 996.0000		 0.0000	   1.0	
m60623c2r2.htb	   0.0	  0.03	 2.000	  0.00	  0.00	 40.00	   0.0	 0.2620	 996.0000		 0.0000	   1.0	
m60623c2r2.htb	   0.0	  0.03	 2.000	  0.00	  0.00	 40.00	   1.0	 0.1390	 996.0000		 0.0000	   0.0	
m60626c1r2.htb	   0.0	  0.03	 2.000	 10.00	 -13.00	 30.00	   0.0	 0.1110	 996.0000		 0.0000	   0.0	
m60626c1r2.htb	   0.0	  0.03	 2.000	 10.00	 -13.00	 30.00	   1.0	 0.1110	 996.0000		 0.0000	   0.0	
m60626c3r2.htb	   0.0	  0.03	 2.000	  0.00	 -10.00	 40.00	   0.0	 0.1220	 996.0000		 0.0000	   1.0	
m60626c3r2.htb	   0.0	  0.03	 2.000	  0.00	 -10.00	 40.00	   1.0	 0.1220	 996.0000		 0.0000	   0.0	
m60628c3r2.htb	   0.0	  0.03	 2.000	 10.00	  0.00	 40.00	   0.0	 0.1640	 996.0000		 0.0000	   1.0	
m60628c3r2.htb	   0.0	  0.03	 2.000	 10.00	  0.00	 40.00	   1.0	 0.1430	 996.0000		 0.0000	   0.0	
m60629c3r2.htb	   0.0	  0.03	 2.000	  8.00	 -12.00	 40.00	   0.0	 0.1860	 996.0000		 0.0000	   0.0	
m60629c3r2.htb	   0.0	  0.03	 2.000	  8.00	 -12.00	 40.00	   1.0	 0.1490	 996.0000		 0.0000	   0.0	
m60629c4r2.htb	   0.0	  0.03	 2.000	 -8.00	 -10.00	 40.00	   0.0	 0.1220	 996.0000		 0.0000	   1.0	
m60629c4r2.htb	   0.0	  0.03	 2.000	 -8.00	 -10.00	 40.00	   1.0	 0.1110	 996.0000		 0.0000	   0.0	
m60719c2r2.htb	 170.0	  0.03	 2.000	 10.00	 -10.00	 40.00	   0.0	 0.6240	 996.0000		 0.0000	   1.0	
m60719c2r2.htb	 170.0	  0.03	 2.000	 10.00	 -10.00	 40.00	   1.0	 0.1630	 996.0000		 0.0000	   0.0	
m60719c3r2.htb	   0.0	  0.03	 2.000	 10.00	  0.00	 40.00	   0.0	 0.2520	 996.0000		 0.0000	   0.0	
m60719c3r2.htb	   0.0	  0.03	 2.000	 10.00	  0.00	 40.00	   1.0	 -0.4890	 996.0000		 0.0000	   0.0	
m60720c1r2.htb	   0.0	  0.03	 2.000	  0.00	  0.00	 40.00	   0.0	 0.1500	 996.0000		 0.0000	   0.0	
m60720c1r2.htb	   0.0	  0.03	 2.000	  0.00	  0.00	 40.00	   1.0	 0.1800	 996.0000		 0.0000	   0.0	
m60720c1r2.htb	   0.0	  0.03	 2.000	  0.00	  0.00	 40.00	   0.0	 0.1500	 996.0000		 0.0000	   0.0	
m60720c1r2.htb	   0.0	  0.03	 2.000	  0.00	  0.00	 40.00	   1.0	 0.1800	 996.0000		 0.0000	   0.0	
m60720c1r2.htb	   0.0	  0.03	 2.000	  0.00	  0.00	 40.00	   0.0	 0.1500	 996.0000		 0.0000	   0.0	
m60720c1r2.htb	   0.0	  0.03	 2.000	  0.00	  0.00	 40.00	   1.0	 0.1800	 996.0000		 0.0000	   0.0	
m60720c2r2.htb	   0.0	  0.03	 2.000	  5.00	 -10.00	 40.00	   0.0	 0.1320	 996.0000		 0.0000	   0.0	
m60720c2r2.htb	   0.0	  0.03	 2.000	  5.00	 -10.00	 40.00	   1.0	 0.1160	 996.0000		 0.0000	   0.0	
m60720c3r2.htb	   0.0	  0.03	 2.000	 -8.00	 -10.00	 40.00	   0.0	 0.2310	 996.0000		 0.0000	   0.0	
m60720c3r2.htb	   0.0	  0.03	 2.000	 -8.00	 -10.00	 40.00	   1.0	 -0.4890	 996.0000		 0.0000	   0.0	
m60721c4r2.htb	  90.0	  0.03	 2.000	 -10.00	  0.00	 40.00	   0.0	 0.1450	 996.0000		 0.0000	   0.0	
m60721c4r2.htb	  90.0	  0.03	 2.000	 -10.00	  0.00	 40.00	   1.0	 0.1230	 996.0000		 0.0000	   0.0	
m60721c5r2.htb	  90.0	  0.03	 2.000	  0.00	 -8.00	 40.00	   0.0	 0.1390	 996.0000		 0.0000	   0.0	
m60721c5r2.htb	  90.0	  0.03	 2.000	  0.00	 -8.00	 40.00	   1.0	 0.1240	 996.0000		 0.0000	   0.0	
m60801c1r2.htb	   0.0	  0.03	 2.000	 -10.00	  5.00	 40.00	   0.0	 0.2180	 996.0000		 0.0000	   0.0	
m60801c1r2.htb	   0.0	  0.03	 2.000	 -10.00	  5.00	 40.00	   1.0	 0.1490	 996.0000		 0.0000	   0.0	
m60803c2r2.htb	   0.0	  0.03	 2.000	 -8.00	  0.00	 40.00	   0.0	 0.1240	 996.0000		 0.0000	   0.0	
m60803c2r2.htb	   0.0	  0.03	 2.000	 -8.00	  0.00	 40.00	   1.0	 0.1220	 996.0000		 0.0000	   0.0	
m60804c1r2.htb	   0.0	  0.03	 2.000	  5.00	 -10.00	 40.00	   0.0	 0.1440	 996.0000		 0.0000	   0.0	
m60804c1r2.htb	   0.0	  0.03	 2.000	  5.00	 -10.00	 40.00	   1.0	 0.1580	 996.0000		 0.0000	   0.0	
m60815c3r2.htb	   0.0	  0.03	 2.000	 10.00	 -10.00	 40.00	   0.0	 0.1530	 996.0000		 0.0000	   1.0	
m60815c3r2.htb	   0.0	  0.03	 2.000	 10.00	 -10.00	 40.00	   1.0	 0.3000	 996.0000		 0.0000	   0.0	
m60816c1r2.htb	   0.0	  0.03	 2.000	  0.00	 -10.00	 40.00	   0.0	 0.5160	 996.0000		 0.0000	   0.0	
m60816c1r2.htb	   0.0	  0.03	 2.000	  0.00	 -10.00	 40.00	   1.0	 -0.4890	 996.0000		 0.0000	   0.0	
m60816c2r2.htb	   0.0	  0.03	 2.000	  0.00	  0.00	 40.00	   0.0	 0.1050	 996.0000		 0.0000	   1.0	
m60816c2r2.htb	   0.0	  0.03	 2.000	  0.00	  0.00	 40.00	   1.0	 0.1260	 996.0000		 0.0000	   0.0	
m60816c2r2.htb	   0.0	  0.03	 2.000	  0.00	  0.00	 40.00	   0.0	 0.1050	 996.0000		 0.0000	   1.0	
m60816c2r2.htb	   0.0	  0.03	 2.000	  0.00	  0.00	 40.00	   1.0	 0.1260	 996.0000		 0.0000	   0.0	
m60816c3r2.htb	   0.0	  0.03	 2.000	 -10.00	 -10.00	 40.00	   0.0	 2.0010	 996.0000		 0.0000	   0.0	
m60816c3r2.htb	   0.0	  0.03	 2.000	 -10.00	 -10.00	 40.00	   1.0	 0.4320	 996.0000		 0.0000	   1.0	
m60818c1r2.htb	 180.0	  0.03	 2.000	 -10.00	 -10.00	 40.00	   0.0	 0.1520	 1073.4000		 2.1705	   0.0	
m60818c1r2.htb	 180.0	  0.03	 2.000	 -10.00	 -10.00	 40.00	   1.0	 0.1950	 1070.5000		 7.8067	   1.0	
m60818c2r2.htb	   0.0	  0.03	 2.000	 10.00	 10.00	 40.00	   0.0	 0.2440	 1074.2000		 1.2293	   0.0	
m60818c2r2.htb	   0.0	  0.03	 2.000	 10.00	 10.00	 40.00	   1.0	 0.0860	 1073.9000		 1.7920	   0.0	
m60818c3r2.htb	   0.0	  0.03	 2.000	 -10.00	  0.00	 40.00	   0.0	 0.4380	 1073.7000		 1.6364	   1.0	
m60818c3r2.htb	   0.0	  0.03	 2.000	 -10.00	  0.00	 40.00	   1.0	 0.0750	 1074.2000		 1.9322	   1.0	
m60821c4r2.htb	   0.0	  0.03	 2.000	  5.00	 -15.00	 40.00	   0.0	 0.0280	 1074.1000		 1.7920	   0.0	
m60821c4r2.htb	   0.0	  0.03	 2.000	  5.00	 -15.00	 40.00	   1.0	 0.1030	 1073.7000		 1.7670	   0.0	
m60821c5r2.htb	   0.0	  0.03	 2.000	  5.00	  5.00	 40.00	   0.0	 0.0420	 1074.1000		 0.9944	   0.0	
m60821c5r2.htb	   0.0	  0.03	 2.000	  5.00	  5.00	 40.00	   1.0	 0.0420	 1073.8000		 1.5492	   0.0	
m60824c4r2.htb	   0.0	  0.03	 2.000	  0.00	  0.00	 60.00	   0.0	 2.0010	 1090.6000		 1.7764	   1.0	
m60824c4r2.htb	   0.0	  0.03	 2.000	  0.00	  0.00	 60.00	   1.0	 0.1420	 1091.3000		 1.4944	   1.0	
m60825c1r2.htb	 180.0	  0.03	 2.000	 -10.00	 -5.00	 40.00	   0.0	 0.2790	 1073.9000		 1.6827	   0.0	
m60825c1r2.htb	 180.0	  0.03	 2.000	 -10.00	 -5.00	 40.00	   1.0	 0.1230	 1073.9500		 1.5381	   0.0	
m60831c2r2.htb	   0.0	  0.03	 2.000	  5.00	 -10.00	 40.00	   0.0	 0.0660	 1072.5000		 6.0964	   0.0	
m60831c2r2.htb	   0.0	  0.03	 2.000	  5.00	 -10.00	 40.00	   1.0	 0.1100	 1074.1000		 0.8756	   0.0	
m60831c3r2.htb	 180.0	  0.03	 2.000	  0.00	  0.00	 40.00	   0.0	 0.0520	 1073.3000		 1.7670	   0.0	
m60831c3r2.htb	 180.0	  0.03	 2.000	  0.00	  0.00	 40.00	   1.0	 0.0750	 1074.4000		 1.7764	   0.0	
m60901c1r2.htb	 180.0	  0.03	 2.000	 -10.00	  0.00	 40.00	   0.0	 0.2260	 1074.0000		 1.8257	   1.0	
m60901c1r2.htb	 180.0	  0.03	 2.000	 -10.00	  0.00	 40.00	   1.0	 -0.4890	 1073.0000		 6.0919	   0.0	
m60901c2r2.htb	 180.0	  0.03	 2.000	  5.00	  0.00	 40.00	   0.0	 0.0840	 1074.3000		 0.8233	   0.0	
m60901c2r2.htb	 180.0	  0.03	 2.000	  5.00	  0.00	 40.00	   1.0	 -0.4890	 1074.5000		 1.6499	   0.0	
m60901c3r2.htb	 180.0	  0.03	 2.000	 -10.00	 -10.00	 40.00	   0.0	 0.0720	 1072.3000		 5.8509	   0.0	
m60901c3r2.htb	 180.0	  0.03	 2.000	 -10.00	 -10.00	 40.00	   1.0	 0.0940	 1072.9000		 1.3703	   0.0	
m61025c1r2.htb	   0.0	  0.03	 2.000	  0.00	 -10.00	 40.00	   0.0	 0.2830	 1066.1000		 8.0616	   0.0	
m61025c1r2.htb	   0.0	  0.03	 2.000	  0.00	 -10.00	 40.00	   1.0	 0.2380	 1070.5000		 1.6499	   1.0	
m61025c1r2.htb	   0.0	  0.03	 2.000	  0.00	 -10.00	 40.00	   0.0	 0.2830	 1066.1000		 8.0616	   0.0	
m61025c1r2.htb	   0.0	  0.03	 2.000	  0.00	 -10.00	 40.00	   1.0	 0.2380	 1070.5000		 1.6499	   1.0	
m61025c2r2.htb	   0.0	  0.03	 2.000	  0.00	 -10.00	 40.00	   0.0	 0.0850	 1069.2000		 6.4773	   0.0	
m61025c2r2.htb	   0.0	  0.03	 2.000	  0.00	 -10.00	 40.00	   1.0	 0.1050	 1070.4000		 1.5776	   1.0	
m61025c3r2.htb	   0.0	  0.03	 2.000	  0.00	 -10.00	 40.00	   0.0	 0.1580	 1070.0000		 1.4907	   0.0	
m61025c3r2.htb	   0.0	  0.03	 2.000	  0.00	 -10.00	 40.00	   1.0	 0.0780	 1069.8000		 1.4757	   0.0	
m61026c1r2.htb	   0.0	  0.03	 2.000	 -5.00	  0.00	 40.00	   0.0	 -0.4890	 1071.0000		 1.3333	   0.0	
m61026c1r2.htb	   0.0	  0.03	 2.000	 -5.00	  0.00	 40.00	   1.0	 -0.4890	 1068.7000		 6.3430	   0.0	
m61026c2r2.htb	   0.0	  0.03	 2.000	  0.00	 -5.00	 40.00	   0.0	 0.0870	 1070.2000		 1.3166	   0.0	
m61026c2r2.htb	   0.0	  0.03	 2.000	  0.00	 -5.00	 40.00	   1.0	 0.1620	 1069.0000		 6.4636	   1.0	
m61026c3r2.htb	   0.0	  0.03	 2.000	  0.00	 -10.00	 40.00	   0.0	 0.1680	 1068.8000		 6.4083	   0.0	
m61026c3r2.htb	   0.0	  0.03	 2.000	  0.00	 -10.00	 40.00	   1.0	 0.0980	 1070.5000		 1.8409	   0.0	
m61026c4r2.htb	   0.0	  0.03	 2.000	  0.00	 -10.00	 40.00	   0.0	 0.0760	 1070.5000		 1.9748	   0.0	
m61026c4r2.htb	   0.0	  0.03	 2.000	  0.00	 -10.00	 40.00	   1.0	 0.1870	 1068.7143		 5.6779	   0.0	
m61031c1r2.htb	   0.0	  0.03	 2.000	  0.00	 -10.00	 40.00	   0.0	 0.1160	 1074.5500		 1.4318	   0.0	
m61031c1r2.htb	   0.0	  0.03	 2.000	  0.00	 -10.00	 40.00	   1.0	 0.0830	 1073.8500		 1.7852	   1.0	
m61031c2r2.htb	   0.0	  0.03	 2.000	 10.00	 -10.00	 40.00	   0.0	 0.0340	 1071.6000		 5.7388	   1.0	
m61031c2r2.htb	   0.0	  0.03	 2.000	 10.00	 -10.00	 40.00	   1.0	 0.0610	 1074.3000		 1.5670	   1.0	
m61106c1r2.htb	 180.0	  0.03	 2.000	 -5.00	 10.00	 40.00	   0.0	 0.0610	 1055.2500		 5.6743	   1.0	
m61106c2r2.htb	   0.0	  0.03	 2.000	  0.00	 -10.00	 40.00	   0.0	 -0.4890	 1050.6000		 6.8183	   0.0	
m61106c3r2.htb	 120.0	  0.03	 2.000	  0.00	 -10.00	 40.00	   0.0	 0.0910	 1055.3000		 5.3759	   0.0	
m61108c1r2.htb	 180.0	  0.03	 2.000	  8.00	 -10.00	 40.00	   0.0	 0.3760	 1052.3000		 6.3953	   1.0	
m61108c4r2.htb	 180.0	  0.03	 2.000	  5.00	 -10.00	 40.00	   0.0	 0.0450	 1052.5000		 6.6207	   0.0	
m61109c1r2.htb	 180.0	  0.03	 2.000	  0.00	 -10.00	 40.00	   0.0	 0.2400	 1049.8000		 5.9404	   1.0	
m61109c2r2.htb	   0.0	  0.03	 2.000	  0.00	  5.00	 40.00	   0.0	 0.2490	 1055.3000		 5.8509	   1.0	
m61109c3r2.htb	   0.0	  0.03	 2.000	  0.00	  0.00	 40.00	   0.0	 0.0610	 1047.0000		 3.2998	   0.0	
m61109c4r2.htb	   0.0	  0.03	 2.000	  0.00	 -5.00	 40.00	   0.0	 0.0640	 1050.7000		 6.4987	   0.0	
m61109c5r2.htb	 180.0	  0.03	 2.000	  0.00	  0.00	 40.00	   0.0	 0.0800	 1050.8000		 6.2681	   0.0	
m61110c1r2.htb	 180.0	  0.03	 2.000	  8.00	 -10.00	 40.00	   0.0	 0.2740	 1051.3000		 5.4589	   1.0	
m61110c2r2.htb	 180.0	  0.03	 2.000	  5.00	 -15.00	 40.00	   0.0	 0.2610	 1052.0000		 6.8961	   1.0	
m61110c3r2.htb	 180.0	  0.03	 2.000	  0.00	 -30.00	 40.00	   0.0	 0.1180	 1046.5000		 1.5092	   1.0	
m61113c1r2.htb	 180.0	  0.03	 1.000	  8.00	 -10.00	 40.00	   0.0	 0.1680	 1055.7857		 4.0226	   1.0	
m61113c2r2.htb	 120.0	  0.03	 1.000	 -10.00	 -10.00	 40.00	   0.0	 0.0840	 1052.6500		 6.2767	   1.0	
m61113c3r2.htb	  90.0	  0.03	 2.000	 -5.00	 -15.00	 40.00	   0.0	 0.1450	 1046.0500		 1.6694	   1.0	
m61115c1r2.htb	 180.0	  0.03	 2.000	  0.00	 -5.00	 40.00	   0.0	 0.0650	 1048.5000		 5.2122	   0.0	
m61115c2r2.htb	   0.0	  0.03	 2.000	 10.00	 -5.00	 40.00	   0.0	 0.2440	 1053.3000		 5.3965	   1.0	
m61115c3r2.htb	   0.0	  0.03	 2.000	 -10.00	 -15.00	 40.00	   0.0	 0.0740	 1052.5000		 7.0277	   1.0	
m61115c4r2.htb	   0.0	  0.03	 2.000	  5.00	 -5.00	 40.00	   0.0	 0.1200	 1052.4000		 7.2908	   0.0	
m61116c1r2.htb	   0.0	  0.03	 2.000	  0.00	  0.00	 40.00	   0.0	 0.1610	 1057.5000		 1.2693	   0.0	
m61121c1r2.htb	 180.0	  0.03	 2.000	  5.00	 -10.00	 40.00	   0.0	 -0.4890	 1051.7000		 5.6774	   0.0	
m61122c1r2.htb	 180.0	  0.03	 2.000	  0.00	 -10.00	 40.00	   0.0	 0.1300	 1053.3000		 6.9610	   0.0	
m61122c2r2.htb	 180.0	  0.03	 2.000	  0.00	 -15.00	 40.00	   0.0	 0.2470	 1050.5000		 6.9162	   1.0	
m61122c3r2.htb	  60.0	  0.03	 2.000	 -5.00	  0.00	 40.00	   0.0	 0.2060	 1049.9000		 5.5867	   1.0	
m61122c4r2.htb	  60.0	  0.03	 2.000	 -5.00	 -5.00	 40.00	   0.0	 0.0840	 1055.8000		 4.9800	   1.0	
m61127c1r2.htb	 180.0	  0.03	 2.000	 10.00	 -10.00	 40.00	   0.0	 -0.4890	 1056.5000		 3.3417	   0.0	
m61127c2r2.htb	 180.0	  0.03	 2.000	  5.00	 -5.00	 40.00	   0.0	 0.4770	 1054.8500		 6.1753	   1.0	
m61127c3r2.htb	  30.0	  0.03	 2.000	 10.00	 -5.00	 40.00	   0.0	 0.0610	 1055.2500		 4.9298	   0.0	
m61127c4r2.htb	  90.0	  0.03	 2.000	  5.00	 -10.00	 40.00	   0.0	 0.0720	 1046.2000		 1.6193	   0.0	
m61128c1r2.htb	 180.0	  0.03	 2.000	 10.00	 -10.00	 40.00	   0.0	 0.0570	 1055.5000		 4.4535	   0.0	
m61128c2r2.htb	 180.0	  0.03	 2.000	  5.00	  0.00	 40.00	   0.0	 0.0700	 1048.7000		 8.5900	   0.0	
m61128c3r2.htb	 180.0	  0.03	 2.000	  5.00	 -10.00	 40.00	   0.0	 0.0650	 1053.5000		 6.6875	   0.0	
m61128c4r2.htb	 180.0	  0.03	 2.000	  0.00	 -10.00	 40.00	   0.0	 0.0990	 1057.0000		 1.5635	   0.0	
m61129c1r2.htb	 180.0	  0.03	 2.000	 10.00	 -10.00	 40.00	   0.0	 0.0580	 1054.5000		 6.7041	   0.0	
m61129c2r2.htb	  90.0	  0.03	 2.000	  5.00	 -5.00	 40.00	   0.0	 0.1570	 1045.8000		 1.6193	   1.0	
m61129c3r2.htb	  90.0	  0.03	 2.000	  0.00	  0.00	 40.00	   0.0	 0.0830	 1045.2000		 3.7501	   1.0	
m61130c1r2.htb	 180.0	  0.03	 2.000	  0.00	  0.00	 40.00	   0.0	 0.0540	 1056.5000		 5.3385	   0.0	
m61130c2r2.htb	 180.0	  0.03	 2.000	 10.00	  5.00	 40.00	   0.0	 0.1100	 1052.3000		 5.7164	   1.0	
m61130c3r2.htb	 180.0	  0.03	 2.000	  5.00	  5.00	 40.00	   0.0	 0.2870	 1054.8000		 4.9621	   1.0	
m61130c4r2.htb	 210.0	  0.03	 2.000	  5.00	 -5.00	 40.00	   0.0	 0.2320	 1058.7000		 1.0593	   0.0	
m61201c1r2.htb	 180.0	  0.03	 2.000	  5.00	 -10.00	 40.00	   0.0	 0.0580	 1053.3000		 6.0928	   1.0	
m61201c2r2.htb	 180.0	  0.03	 2.000	  0.00	 -10.00	 40.00	   0.0	 0.0730	 1057.1000		 1.5239	   0.0	
m61204c1r2.htb	 180.0	  0.03	 2.000	  0.00	 -10.00	 40.00	   0.0	 0.0630	 1051.0000		 6.4464	   0.0	
m61204c2r2.htb	   0.0	  0.03	 2.000	  0.00	 -10.00	 40.00	   0.0	 0.0560	 1051.5500		 5.8172	   0.0	
m61204c3r2.htb	   0.0	  0.03	 2.000	 -5.00	 -10.00	 40.00	   0.0	 0.3830	 1051.6000		 6.0955	   0.0	
m61206c1r2.htb	 180.0	  0.03	 2.000	  5.00	 -10.00	 40.00	   0.0	 0.0530	 1054.5000		 6.2405	   0.0	
m61206c2r2.htb	 180.0	  0.03	 2.000	 -5.00	  0.00	 40.00	   0.0	 0.1500	 1055.0000		 5.1424	   0.0	
m61206c3r2.htb	 240.0	  0.03	 2.000	  5.00	 -5.00	 40.00	   0.0	 0.0550	 1052.8500		 6.2093	   1.0	
m61206c4r2.htb	   0.0	  0.03	 2.000	  0.00	 -10.00	 40.00	   0.0	 0.0460	 1051.6000		 6.7032	   0.0	
