FILE			 PrfOR	 PrfSF	 PrfTF	 RFXctr	 RFYctr	 RFDiam	 GrType	 0Hz_freq	 2Hz_freq	 2Hz/0Hz	
m60110c1r2.htb	   0.0	  0.10	 2.000	  0.00	  0.00	 50.00	   0.0	 371.4890	 20.0430	 0.0540	
m60110c1r2.htb	   0.0	  0.10	 2.000	  0.00	  0.00	 50.00	   1.0	 175.4551	 36.5089	 0.2081	
m60110c2r3.htb	  30.0	  0.05	 2.000	  3.00	 -7.00	 30.00	   0.0	 477.7508	 78.2164	 0.1637	
m60110c2r3.htb	  30.0	  0.05	 2.000	  3.00	 -7.00	 30.00	   1.0	 247.0247	 30.6824	 0.1242	
m60110c3r3.htb	  90.0	  0.05	 1.000	 20.00	 -15.00	 30.00	   0.0	 1132.9693	 34.3927	 0.0304	
m60110c3r3.htb	  90.0	  0.05	 1.000	 20.00	 -15.00	 30.00	   1.0	 555.1834	 41.9828	 0.0756	
m60117c2r2.htb	  90.0	  0.05	 2.000	  5.00	 -10.00	 40.00	   0.0	 1272.8264	 56.1924	 0.0441	
m60117c2r2.htb	  90.0	  0.05	 2.000	  5.00	 -10.00	 40.00	   1.0	 638.0679	 30.8136	 0.0483	
m60125c1r3.htb	  30.0	  0.50	 2.000	  0.00	  0.00	 50.00	   0.0	 25.0650	 6.3495	 0.2533	
m60125c1r3.htb	  30.0	  0.50	 2.000	  0.00	  0.00	 50.00	   1.0	 17.5454	 1.8519	 0.1055	
m60125c2r2.htb	  30.0	  0.05	 2.000	 -7.00	 -3.00	 40.00	   0.0	 622.6793	 78.1261	 0.1255	
m60125c2r2.htb	  30.0	  0.05	 2.000	 -7.00	 -3.00	 40.00	   1.0	 328.6583	 26.0816	 0.0794	
m60125c3r3.htb	  30.0	  0.03	 2.000	 -8.00	 -18.00	 30.00	   0.0	 1110.5985	 66.9184	 0.0603	
m60125c3r3.htb	  30.0	  0.03	 2.000	 -8.00	 -18.00	 30.00	   1.0	 549.3254	 60.8707	 0.1108	
m60125c4r4.htb	  90.0	  0.03	 2.000	  0.00	 -8.00	 30.00	   0.0	 1071.6778	 137.3847	 0.1282	
m60125c4r4.htb	  90.0	  0.03	 2.000	  0.00	 -8.00	 30.00	   1.0	 520.6551	 39.3336	 0.0755	
m60201c2r3.htb	  90.0	  0.03	 2.000	  0.00	 -10.00	 50.00	   0.0	 1278.9840	 131.5972	 0.1029	
m60201c2r3.htb	  90.0	  0.03	 2.000	  0.00	 -10.00	 50.00	   1.0	 644.3779	 48.5674	 0.0754	
m60201c3r5.htb	 270.0	  0.03	 2.000	  8.00	 -15.00	 50.00	   0.0	 1361.5667	 113.8893	 0.0836	
m60201c3r5.htb	 270.0	  0.03	 2.000	  8.00	 -15.00	 50.00	   1.0	 725.0254	 67.4204	 0.0930	
m60201c4r7.htb	 270.0	  0.03	 2.000	  8.00	 -18.00	 50.00	   0.0	 324.8828	 16.4617	 0.0507	
m60201c4r7.htb	 270.0	  0.03	 2.000	  8.00	 -18.00	 50.00	   1.0	 164.1379	 17.3029	 0.1054	
m60201c5r2.htb	  30.0	  0.05	 2.000	  0.00	 -15.00	 50.00	   0.0	 1038.7342	 135.4403	 0.1304	
m60201c5r2.htb	  30.0	  0.05	 2.000	  0.00	 -15.00	 50.00	   1.0	 579.3570	 59.2790	 0.1023	
m60203c1r3.htb	   0.0	  0.03	 2.000	 -2.00	 -12.00	 50.00	   0.0	 731.4657	 69.7427	 0.0953	
m60203c1r3.htb	   0.0	  0.03	 2.000	 -2.00	 -12.00	 50.00	   1.0	 354.5364	 17.6506	 0.0498	
m60203c2r6.htb	   0.0	  0.03	 2.000	 -5.00	 -10.00	 40.00	   0.0	 931.5095	 40.1949	 0.0432	
m60203c2r6.htb	   0.0	  0.03	 2.000	 -5.00	 -10.00	 40.00	   1.0	 459.6883	 9.2218	 0.0201	
m60203c3r3.htb	   0.0	  0.03	 2.000	  5.00	 -20.00	 40.00	   0.0	 668.0298	 52.8612	 0.0791	
m60203c3r3.htb	   0.0	  0.03	 2.000	  5.00	 -20.00	 40.00	   1.0	 388.0514	 27.2492	 0.0702	
m60207c1r3.htb	 120.0	  0.03	 2.000	 -8.00	 -12.00	 50.00	   0.0	 576.4718	 96.0165	 0.1666	
m60207c1r3.htb	 120.0	  0.03	 2.000	 -8.00	 -12.00	 50.00	   1.0	 368.4879	 42.1910	 0.1145	
m60207c2r3.htb	 300.0	  0.03	 4.000	  0.00	 -2.00	 50.00	   0.0	 405.3602	 17.4711	 0.0431	
m60207c2r3.htb	 300.0	  0.03	 4.000	  0.00	 -2.00	 50.00	   1.0	 253.0117	 32.2733	 0.1276	
m60207c3r3.htb	  50.0	  0.03	 4.000	 -5.00	 -5.00	 50.00	   0.0	 1140.3520	 115.2413	 0.1011	
m60207c3r3.htb	  50.0	  0.03	 4.000	 -5.00	 -5.00	 50.00	   1.0	 572.1193	 49.5857	 0.0867	
m60207c4r4.htb	  30.0	  0.03	 2.000	 10.00	 10.00	 50.00	   0.0	 885.7098	 19.7944	 0.0223	
m60207c4r4.htb	  30.0	  0.03	 2.000	 10.00	 10.00	 50.00	   1.0	 465.0736	 38.7896	 0.0834	
m60301c1r2.htb	  30.0	  0.03	 2.000	  0.00	 -5.00	 40.00	   0.0	 476.0670	 64.9278	 0.1364	
m60301c1r2.htb	  30.0	  0.03	 2.000	  0.00	 -5.00	 40.00	   1.0	 227.1610	 13.6076	 0.0599	
m60301c2r2.htb	  30.0	  0.03	 2.000	 -5.00	 -10.00	 40.00	   0.0	 306.1450	 48.9555	 0.1599	
m60301c2r2.htb	  30.0	  0.03	 2.000	 -5.00	 -10.00	 40.00	   1.0	 121.5763	 24.7566	 0.2036	
m60301c3r2.htb	  30.0	  0.03	 2.000	 10.00	 -5.00	 40.00	   0.0	 1308.5747	 113.5183	 0.0867	
m60301c3r2.htb	  30.0	  0.03	 2.000	 10.00	 -5.00	 40.00	   1.0	 615.4454	 51.5664	 0.0838	
m60301c4r2.htb	  30.0	  0.03	 4.000	 20.00	 -10.00	 50.00	   0.0	 665.2776	 31.6329	 0.0475	
m60301c4r2.htb	  30.0	  0.03	 4.000	 20.00	 -10.00	 50.00	   1.0	 287.7102	 20.6845	 0.0719	
m60302c1r2.htb	  30.0	  0.03	 2.000	  0.00	 -2.00	 50.00	   0.0	 493.7420	 66.6237	 0.1349	
m60302c1r2.htb	  30.0	  0.03	 2.000	  0.00	 -2.00	 50.00	   1.0	 194.4939	 8.7196	 0.0448	
m60302c2r2.htb	  30.0	  0.03	 2.000	  0.00	 -10.00	 40.00	   0.0	 848.7981	 110.7610	 0.1305	
m60302c2r2.htb	  30.0	  0.03	 2.000	  0.00	 -10.00	 40.00	   1.0	 559.5067	 44.5034	 0.0795	
m60302c3r2.htb	  30.0	  0.05	 4.000	 -5.00	 -5.00	 60.00	   0.0	 419.8140	 51.8610	 0.1235	
m60302c3r2.htb	  30.0	  0.05	 4.000	 -5.00	 -5.00	 60.00	   1.0	 227.2692	 13.3542	 0.0588	
m60302c4r2.htb	  30.0	  0.03	 4.000	 -5.00	  0.00	 50.00	   0.0	 1420.5471	 76.6665	 0.0540	
m60302c4r2.htb	  30.0	  0.03	 4.000	 -5.00	  0.00	 50.00	   1.0	 727.4564	 55.5767	 0.0764	
m60404c3r2.htb	   0.0	  0.03	 2.000	 10.00	 10.00	 30.00	   0.0	 157.9096	 22.5477	 0.1428	
m60404c3r2.htb	   0.0	  0.03	 2.000	 10.00	 10.00	 30.00	   1.0	 77.3309	 13.4479	 0.1739	
m60404c4r2.htb	   0.0	  0.03	 1.000	 10.00	  5.00	 40.00	   0.0	 607.5270	 63.7721	 0.1050	
m60404c4r2.htb	   0.0	  0.03	 1.000	 10.00	  5.00	 40.00	   1.0	 330.8087	 30.6376	 0.0926	
m60404c5r2.htb	   0.0	  0.03	 2.000	  0.00	  0.00	 40.00	   0.0	 895.6124	 49.4293	 0.0552	
m60404c5r2.htb	   0.0	  0.03	 2.000	  0.00	  0.00	 40.00	   1.0	 460.0027	 10.0881	 0.0219	
m60405c2r2.htb	   0.0	  0.03	 2.000	 -10.00	 -15.00	 40.00	   0.0	 812.4308	 24.9095	 0.0307	
m60405c2r2.htb	   0.0	  0.03	 2.000	 -10.00	 -15.00	 40.00	   1.0	 368.3974	 4.7165	 0.0128	
m60405c3r2.htb	 270.0	  0.03	 2.000	 -5.00	 -15.00	 40.00	   0.0	 914.7222	 74.3684	 0.0813	
m60405c3r2.htb	 270.0	  0.03	 2.000	 -5.00	 -15.00	 40.00	   1.0	 490.4610	 20.8671	 0.0425	
m60414c1r2.htb	 180.0	  0.03	 2.000	 -8.00	 -8.00	 50.00	   0.0	 661.7949	 66.1531	 0.1000	
m60414c1r2.htb	 180.0	  0.03	 2.000	 -8.00	 -8.00	 50.00	   1.0	 408.6774	 49.3559	 0.1208	
m60414c3r2.htb	 180.0	  0.05	 2.000	 -10.00	  0.00	 30.00	   0.0	 1014.0841	 108.9565	 0.1074	
m60414c3r2.htb	 180.0	  0.05	 2.000	 -10.00	  0.00	 30.00	   1.0	 558.5170	 46.0574	 0.0825	
m60419c1r2.htb	 180.0	  0.03	 2.000	 10.00	  5.00	 50.00	   0.0	 335.8098	 38.6727	 0.1152	
m60419c1r2.htb	 180.0	  0.03	 2.000	 10.00	  5.00	 50.00	   1.0	 221.3292	 20.2988	 0.0917	
m60419c2r2.htb	 180.0	  0.03	 2.000	 10.00	 -10.00	 40.00	   0.0	 961.5796	 21.5941	 0.0225	
m60419c2r2.htb	 180.0	  0.03	 2.000	 10.00	 -10.00	 40.00	   1.0	 477.4871	 9.9636	 0.0209	
m60420c2r2.htb	   0.0	  0.03	 2.000	  5.00	  0.00	 40.00	   0.0	 1651.6543	 72.3692	 0.0438	
m60420c2r2.htb	   0.0	  0.03	 2.000	  5.00	  0.00	 40.00	   1.0	 815.3714	 50.6374	 0.0621	
m60424c1r2.htb	 180.0	  0.03	 2.000	 -10.00	 -10.00	 40.00	   0.0	 1115.7580	 76.7729	 0.0688	
m60424c1r2.htb	 180.0	  0.03	 2.000	 -10.00	 -10.00	 40.00	   1.0	 637.7560	 54.7970	 0.0859	
m60424c2r2.htb	   0.0	  0.03	 2.000	  8.00	 -8.00	 40.00	   0.0	 822.2969	 19.1442	 0.0233	
m60424c2r2.htb	   0.0	  0.03	 2.000	  8.00	 -8.00	 40.00	   1.0	 540.1423	 40.7886	 0.0755	
m60515c4r2.htb	   0.0	  0.03	 2.000	 -10.00	 10.00	 40.00	   0.0	 349.1981	 55.4677	 0.1588	
m60515c4r2.htb	   0.0	  0.03	 2.000	 -10.00	 10.00	 40.00	   1.0	 194.2402	 40.6062	 0.2091	
m60517c1r2.htb	   0.0	  0.03	 2.000	  0.00	  0.00	 40.00	   0.0	 628.3159	 73.3964	 0.1168	
m60517c1r2.htb	   0.0	  0.03	 2.000	  0.00	  0.00	 40.00	   1.0	 287.0094	 15.9462	 0.0556	
m60517c2r2.htb	   0.0	  0.03	 2.000	 -10.00	 -10.00	 40.00	   0.0	 441.7282	 29.6925	 0.0672	
m60517c2r2.htb	   0.0	  0.03	 2.000	 -10.00	 -10.00	 40.00	   1.0	 180.5143	 22.5195	 0.1248	
m60517c3r2.htb	   0.0	  0.03	 2.000	 10.00	 -10.00	 30.00	   0.0	 942.3494	 58.5478	 0.0621	
m60517c3r2.htb	   0.0	  0.03	 2.000	 10.00	 -10.00	 30.00	   1.0	 428.0140	 14.9391	 0.0349	
m60517c4r2.htb	   0.0	  0.03	 2.000	  5.00	 -8.00	 30.00	   0.0	 1505.9166	 74.0099	 0.0491	
m60517c4r2.htb	   0.0	  0.03	 2.000	  5.00	 -8.00	 30.00	   1.0	 715.7112	 33.8964	 0.0474	
m60517c5r2.htb	   0.0	  0.03	 2.000	 10.00	 -10.00	 40.00	   0.0	 1407.8711	 81.8062	 0.0581	
m60517c5r2.htb	   0.0	  0.03	 2.000	 10.00	 -10.00	 40.00	   1.0	 722.0827	 62.5979	 0.0867	
m60517c6r2.htb	   0.0	  0.03	 2.000	  8.00	 10.00	 40.00	   0.0	 1375.2126	 31.2225	 0.0227	
m60517c6r2.htb	   0.0	  0.03	 2.000	  8.00	 10.00	 40.00	   1.0	 675.3403	 48.0437	 0.0711	
m60518c2r2.htb	   0.0	  0.03	 2.000	 -8.00	 -5.00	 40.00	   0.0	 957.4365	 12.4593	 0.0130	
m60518c2r2.htb	   0.0	  0.03	 2.000	 -8.00	 -5.00	 40.00	   1.0	 533.9068	 69.4405	 0.1301	
m60519c3r2.htb	   0.0	  0.03	 2.000	 -5.00	 -5.00	 30.00	   0.0	 1433.4366	 147.7589	 0.1031	
m60519c3r2.htb	   0.0	  0.03	 2.000	 -5.00	 -5.00	 30.00	   1.0	 730.5911	 70.9057	 0.0971	
m60523c1r2.htb	   0.0	  0.03	 2.000	  0.00	  0.00	 40.00	   0.0	 968.2358	 109.8843	 0.1135	
m60523c1r2.htb	   0.0	  0.03	 2.000	  0.00	  0.00	 40.00	   1.0	 443.5527	 59.4448	 0.1340	
m60523c2r2.htb	   0.0	  0.03	 2.000	  0.00	 -10.00	 40.00	   0.0	 1218.3389	 160.2171	 0.1315	
m60523c2r2.htb	   0.0	  0.03	 2.000	  0.00	 -10.00	 40.00	   1.0	 703.8452	 37.8043	 0.0537	
m60523c3r2.htb	   0.0	  0.03	 2.000	  0.00	 -10.00	 40.00	   0.0	 327.6528	 51.9138	 0.1584	
m60523c3r2.htb	   0.0	  0.03	 2.000	  0.00	 -10.00	 40.00	   1.0	 184.1777	 9.0100	 0.0489	
m60523c4r2.htb	   0.0	  0.03	 2.000	 -10.00	 -10.00	 40.00	   0.0	 1244.5292	 85.8661	 0.0690	
m60523c4r2.htb	   0.0	  0.03	 2.000	 -10.00	 -10.00	 40.00	   1.0	 656.4866	 62.9836	 0.0959	
m60524c2r2.htb	   0.0	  0.03	 2.000	 -10.00	  0.00	 30.00	   0.0	 457.1337	 51.7674	 0.1132	
m60524c2r2.htb	   0.0	  0.03	 2.000	 -10.00	  0.00	 30.00	   1.0	 209.3204	 12.9100	 0.0617	
m60524c3r2.htb	 240.0	  0.03	 2.000	  0.00	  7.00	 30.00	   0.0	 253.8887	 22.6063	 0.0890	
m60524c3r2.htb	 240.0	  0.03	 2.000	  0.00	  7.00	 30.00	   1.0	 189.8895	 11.4684	 0.0604	
m60524c4r2.htb	 240.0	  0.03	 2.000	 -5.00	 -5.00	 40.00	   0.0	 1013.5349	 68.8683	 0.0679	
m60524c4r2.htb	 240.0	  0.03	 2.000	 -5.00	 -5.00	 40.00	   1.0	 517.1113	 28.0759	 0.0543	
m60524c5r2.htb	   0.0	  0.03	 2.000	 -10.00	 -5.00	 40.00	   0.0	 1274.5551	 57.9187	 0.0454	
m60524c5r2.htb	   0.0	  0.03	 2.000	 -10.00	 -5.00	 40.00	   1.0	 639.8486	 34.6209	 0.0541	
m60525c1r2.htb	   0.0	  0.03	 2.000	 10.00	 -10.00	 40.00	   0.0	 755.3433	 64.7792	 0.0858	
m60525c1r2.htb	   0.0	  0.03	 2.000	 10.00	 -10.00	 40.00	   1.0	 359.4004	 41.9396	 0.1167	
m60525c2r2.htb	   0.0	  0.03	 2.000	  5.00	  0.00	 40.00	   0.0	 1472.4516	 55.2618	 0.0375	
m60525c2r2.htb	   0.0	  0.03	 2.000	  5.00	  0.00	 40.00	   1.0	 791.4502	 25.2155	 0.0319	
m60525c3r2.htb	   0.0	  0.03	 2.000	 10.00	 -10.00	 40.00	   0.0	 678.3333	 59.3914	 0.0876	
m60525c3r2.htb	   0.0	  0.03	 2.000	 10.00	 -10.00	 40.00	   1.0	 404.3869	 34.3127	 0.0849	
m60525c4r2.htb	   0.0	  0.03	 2.000	 10.00	 -10.00	 40.00	   0.0	 357.8791	 53.7374	 0.1502	
m60525c4r2.htb	   0.0	  0.03	 2.000	 10.00	 -10.00	 40.00	   1.0	 268.6028	 22.1275	 0.0824	
m60531c1r2.htb	   0.0	  0.03	 2.000	 -10.00	  0.00	 40.00	   0.0	 226.9262	 31.9738	 0.1409	
m60531c1r2.htb	   0.0	  0.03	 2.000	 -10.00	  0.00	 40.00	   1.0	 137.7957	 5.5338	 0.0402	
m60531c2r2.htb	   0.0	  0.03	 2.000	 -5.00	 -5.00	 50.00	   0.0	 639.4020	 30.8312	 0.0482	
m60531c2r2.htb	   0.0	  0.03	 2.000	 -5.00	 -5.00	 50.00	   1.0	 319.4982	 9.6100	 0.0301	
m60601c1r2.htb	   0.0	  0.03	 2.000	  0.00	  7.00	 40.00	   0.0	 317.1411	 54.9818	 0.1734	
m60601c1r2.htb	   0.0	  0.03	 2.000	  0.00	  7.00	 40.00	   1.0	 176.6608	 30.9929	 0.1754	
m60601c2r2.htb	   0.0	  0.03	 2.000	 -10.00	 -15.00	 40.00	   0.0	 562.3150	 44.9997	 0.0800	
m60601c2r2.htb	   0.0	  0.03	 2.000	 -10.00	 -15.00	 40.00	   1.0	 342.0226	 10.5808	 0.0309	
m60601c3r2.htb	  90.0	  0.03	 2.000	  0.00	 -10.00	 40.00	   0.0	 679.2213	 53.2053	 0.0783	
m60601c3r2.htb	  90.0	  0.03	 2.000	  0.00	 -10.00	 40.00	   1.0	 331.9610	 35.3040	 0.1063	
m60601c4r2.htb	  90.0	  0.03	 2.000	  0.00	  0.00	 40.00	   0.0	 1031.6777	 34.6871	 0.0336	
m60601c4r2.htb	  90.0	  0.03	 2.000	  0.00	  0.00	 40.00	   1.0	 542.2222	 21.0753	 0.0389	
m60601c5r2.htb	  90.0	  0.03	 2.000	  0.00	 -8.00	 40.00	   0.0	 1107.0315	 143.6998	 0.1298	
m60601c5r2.htb	  90.0	  0.03	 2.000	  0.00	 -8.00	 40.00	   1.0	 548.7269	 33.1582	 0.0604	
m60602c1r2.htb	   0.0	  0.03	 2.000	  0.00	 -7.00	 30.00	   0.0	 1201.7873	 26.0682	 0.0217	
m60602c1r2.htb	   0.0	  0.03	 2.000	  0.00	 -7.00	 30.00	   1.0	 657.9532	 58.5549	 0.0890	
m60602c2r2.htb	   0.0	  0.03	 2.000	 -8.00	 -8.00	 30.00	   0.0	 1271.5529	 105.6724	 0.0831	
m60602c2r2.htb	   0.0	  0.03	 2.000	 -8.00	 -8.00	 30.00	   1.0	 627.7845	 21.7645	 0.0347	
m60602c3r2.htb	   0.0	  0.03	 2.000	  0.00	  5.00	 30.00	   0.0	 1185.1729	 87.5407	 0.0739	
m60602c3r2.htb	   0.0	  0.03	 2.000	  0.00	  5.00	 30.00	   1.0	 613.2475	 28.5679	 0.0466	
m60602c4r2.htb	   0.0	  0.03	 2.000	  0.00	 -10.00	 20.00	   0.0	 517.5449	 40.0742	 0.0774	
m60602c4r2.htb	   0.0	  0.03	 2.000	  0.00	 -10.00	 20.00	   1.0	 310.7748	 19.9788	 0.0643	
m60602c5r2.htb	   0.0	  0.03	 2.000	 -5.00	 -5.00	 50.00	   0.0	 962.0984	 88.5822	 0.0921	
m60602c5r2.htb	   0.0	  0.03	 2.000	 -5.00	 -5.00	 50.00	   1.0	 537.6907	 21.6224	 0.0402	
m60605c1r2.htb	   0.0	  0.03	 2.000	 -3.00	 -7.00	 30.00	   0.0	 1544.7860	 104.7402	 0.0678	
m60605c1r2.htb	   0.0	  0.03	 2.000	 -3.00	 -7.00	 30.00	   1.0	 815.5007	 11.5608	 0.0142	
m60605c2r2.htb	   0.0	  0.03	 2.000	 -10.00	 -10.00	 30.00	   0.0	 147.8658	 33.5042	 0.2266	
m60605c2r2.htb	   0.0	  0.03	 2.000	 -10.00	 -10.00	 30.00	   1.0	 77.3785	 12.0239	 0.1554	
m60605c3r2.htb	   0.0	  0.03	 2.000	 -5.00	 -2.00	 30.00	   0.0	 1134.2115	 93.8919	 0.0828	
m60605c3r2.htb	   0.0	  0.03	 2.000	 -5.00	 -2.00	 30.00	   1.0	 630.8958	 39.9500	 0.0633	
m60606c1r2.htb	   0.0	  0.03	 2.000	  8.00	 -8.00	 30.00	   0.0	 119.7550	 20.4594	 0.1708	
m60606c1r2.htb	   0.0	  0.03	 2.000	  8.00	 -8.00	 30.00	   1.0	 66.7558	 2.7740	 0.0416	
m60606c2r2.htb	   0.0	  0.03	 2.000	 -10.00	  0.00	 40.00	   0.0	 185.4811	 39.2717	 0.2117	
m60606c2r2.htb	   0.0	  0.03	 2.000	 -10.00	  0.00	 40.00	   1.0	 232.7618	 22.3116	 0.0959	
m60606c3r2.htb	  90.0	  0.03	 2.000	 -8.00	 -10.00	 40.00	   0.0	 1153.7917	 93.3354	 0.0809	
m60606c3r2.htb	  90.0	  0.03	 2.000	 -8.00	 -10.00	 40.00	   1.0	 590.8121	 29.2099	 0.0494	
m60606c4r2.htb	  90.0	  0.03	 2.000	  8.00	 -5.00	 40.00	   0.0	 1572.2827	 73.0102	 0.0464	
m60606c4r2.htb	  90.0	  0.03	 2.000	  8.00	 -5.00	 40.00	   1.0	 768.8049	 55.9678	 0.0728	
m60606c5r2.htb	  90.0	  0.03	 2.000	  8.00	  0.00	 40.00	   0.0	 1164.3726	 95.0255	 0.0816	
m60606c5r2.htb	  90.0	  0.03	 2.000	  8.00	  0.00	 40.00	   1.0	 564.8312	 33.1237	 0.0586	
m60613c5r2.htb	   0.0	  0.03	 2.000	 -8.00	 -15.00	 30.00	   0.0	 1407.5648	 43.2815	 0.0307	
m60613c5r2.htb	   0.0	  0.03	 2.000	 -8.00	 -15.00	 30.00	   1.0	 721.7843	 59.3379	 0.0822	
m60613c6r2.htb	   0.0	  0.03	 2.000	 -5.00	 -10.00	 30.00	   0.0	 1464.2844	 31.6673	 0.0216	
m60613c6r2.htb	   0.0	  0.03	 2.000	 -5.00	 -10.00	 30.00	   1.0	 677.1483	 20.8805	 0.0308	
m60614c1r2.htb	   0.0	  0.03	 2.000	  0.00	 -8.00	 30.00	   0.0	 1346.1593	 111.6520	 0.0829	
m60614c1r2.htb	   0.0	  0.03	 2.000	  0.00	 -8.00	 30.00	   1.0	 652.9272	 57.5180	 0.0881	
m60614c2r2.htb	   0.0	  0.03	 2.000	  5.00	 -5.00	 30.00	   0.0	 664.9298	 97.5699	 0.1467	
m60614c2r2.htb	   0.0	  0.03	 2.000	  5.00	 -5.00	 30.00	   1.0	 393.0337	 23.8862	 0.0608	
m60614c3r2.htb	   0.0	  0.03	 2.000	  8.00	 -15.00	 30.00	   0.0	 856.6108	 167.1454	 0.1951	
m60614c3r2.htb	   0.0	  0.03	 2.000	  8.00	 -15.00	 30.00	   1.0	 399.0851	 60.2849	 0.1511	
m60614c4r2.htb	   0.0	  0.03	 2.000	  8.00	 -18.00	 30.00	   0.0	 371.5867	 66.3018	 0.1784	
m60614c4r2.htb	   0.0	  0.03	 2.000	  8.00	 -18.00	 30.00	   1.0	 183.2933	 33.7474	 0.1841	
m60615c1r2.htb	   0.0	  0.03	 2.000	 -8.00	 -17.00	 30.00	   0.0	 1380.9707	 209.5570	 0.1517	
m60615c1r2.htb	   0.0	  0.03	 2.000	 -8.00	 -17.00	 30.00	   1.0	 701.5840	 82.1122	 0.1170	
m60615c2r2.htb	   0.0	  0.03	 2.000	 -10.00	 -17.00	 40.00	   0.0	 805.8427	 186.5886	 0.2315	
m60615c2r2.htb	   0.0	  0.03	 2.000	 -10.00	 -17.00	 40.00	   1.0	 402.9045	 72.4724	 0.1799	
m60616c1r2.htb	   0.0	  0.03	 2.000	 -10.00	 -15.00	 30.00	   0.0	 1002.6556	 77.0654	 0.0769	
m60616c1r2.htb	   0.0	  0.03	 2.000	 -10.00	 -15.00	 30.00	   1.0	 575.9491	 67.0079	 0.1163	
m60616c2r2.htb	   0.0	  0.03	 2.000	  5.00	 -10.00	 30.00	   0.0	 598.0912	 82.5815	 0.1381	
m60616c2r2.htb	   0.0	  0.03	 2.000	  5.00	 -10.00	 30.00	   1.0	 349.6024	 40.4408	 0.1157	
m60619c1r2.htb	   0.0	  0.03	 2.000	  0.00	  0.00	 40.00	   0.0	 538.7143	 56.4342	 0.1048	
m60619c1r2.htb	   0.0	  0.03	 2.000	  0.00	  0.00	 40.00	   1.0	 262.2701	 11.6680	 0.0445	
m60619c2r2.htb	   0.0	  0.03	 2.000	 -5.00	  0.00	 40.00	   0.0	 764.3327	 166.5087	 0.2178	
m60619c2r2.htb	   0.0	  0.03	 2.000	 -5.00	  0.00	 40.00	   1.0	 423.8019	 93.7057	 0.2211	
m60619c3r2.htb	   0.0	  0.03	 2.000	  0.00	 -5.00	 40.00	   0.0	 567.3901	 70.3344	 0.1240	
m60619c3r2.htb	   0.0	  0.03	 2.000	  0.00	 -5.00	 40.00	   1.0	 294.0642	 22.0272	 0.0749	
m60619c4r2.htb	   0.0	  0.03	 2.000	 -8.00	 -8.00	 40.00	   0.0	 1166.4098	 85.0612	 0.0729	
m60619c4r2.htb	   0.0	  0.03	 2.000	 -8.00	 -8.00	 40.00	   1.0	 582.9945	 24.8742	 0.0427	
m60620c1r2.htb	   0.0	  0.03	 2.000	  5.00	  5.00	 40.00	   0.0	 1159.3180	 54.5832	 0.0471	
m60620c1r2.htb	   0.0	  0.03	 2.000	  5.00	  5.00	 40.00	   1.0	 665.0849	 25.9142	 0.0390	
m60620c2r2.htb	   0.0	  0.03	 2.000	  0.00	  5.00	 40.00	   0.0	 1473.7025	 74.3731	 0.0505	
m60620c2r2.htb	   0.0	  0.03	 2.000	  0.00	  5.00	 40.00	   1.0	 765.2749	 20.9431	 0.0274	
m60620c3r2.htb	   0.0	  0.03	 2.000	  0.00	 10.00	 40.00	   0.0	 1542.9863	 35.9268	 0.0233	
m60620c3r2.htb	   0.0	  0.03	 2.000	  0.00	 10.00	 40.00	   1.0	 758.0687	 28.9040	 0.0381	
m60620c4r2.htb	   0.0	  0.03	 2.000	  0.00	  8.00	 40.00	   0.0	 708.1348	 85.1699	 0.1203	
m60620c4r2.htb	   0.0	  0.03	 2.000	  0.00	  8.00	 40.00	   1.0	 352.5047	 23.8656	 0.0677	
m60621c1r2.htb	   0.0	  0.03	 2.000	  0.00	 -8.00	 30.00	   0.0	 553.9367	 79.5805	 0.1437	
m60621c1r2.htb	   0.0	  0.03	 2.000	  0.00	 -8.00	 30.00	   1.0	 313.4495	 53.6622	 0.1712	
m60621c2r2.htb	   0.0	  0.03	 2.000	  8.00	 -2.00	 30.00	   0.0	 495.1834	 192.7363	 0.3892	
m60621c2r2.htb	   0.0	  0.03	 2.000	  8.00	 -2.00	 30.00	   1.0	 321.4633	 70.5904	 0.2196	
m60621c3r2.htb	   0.0	  0.03	 2.000	 10.00	  0.00	 40.00	   0.0	 332.1114	 56.9485	 0.1715	
m60621c3r2.htb	   0.0	  0.03	 2.000	 10.00	  0.00	 40.00	   1.0	 122.1919	 29.1003	 0.2382	
m60621c4r2.htb	 180.0	  0.03	 2.000	  0.00	 -10.00	 40.00	   0.0	 549.9823	 99.4336	 0.1808	
m60621c4r2.htb	 180.0	  0.03	 2.000	  0.00	 -10.00	 40.00	   1.0	 324.1653	 101.9973	 0.3146	
m60621c5r2.htb	 130.0	  0.03	 2.000	 -10.00	 -10.00	 40.00	   0.0	 1269.2331	 93.3478	 0.0735	
m60621c5r2.htb	 130.0	  0.03	 2.000	 -10.00	 -10.00	 40.00	   1.0	 655.0309	 56.4060	 0.0861	
m60621c6r2.htb	 130.0	  0.03	 2.000	  8.00	 -10.00	 40.00	   0.0	 1096.6150	 28.4753	 0.0260	
m60621c6r2.htb	 130.0	  0.03	 2.000	  8.00	 -10.00	 40.00	   1.0	 533.1267	 91.4055	 0.1715	
m60622c1r2.htb	   0.0	  0.03	 2.000	  0.00	 -7.00	 30.00	   0.0	 698.5299	 78.7784	 0.1128	
m60622c1r2.htb	   0.0	  0.03	 2.000	  0.00	 -7.00	 30.00	   1.0	 415.3101	 56.4864	 0.1360	
m60623c3r2.htb	   0.0	  0.03	 2.000	 -5.00	 10.00	 40.00	   0.0	 1106.2375	 156.9220	 0.1419	
m60623c3r2.htb	   0.0	  0.03	 2.000	 -5.00	 10.00	 40.00	   1.0	 580.0365	 41.9991	 0.0724	
m60623c4r2.htb	  90.0	  0.03	 2.000	  3.00	 -5.00	 40.00	   0.0	 172.9499	 24.8005	 0.1434	
m60623c4r2.htb	  90.0	  0.03	 2.000	  3.00	 -5.00	 40.00	   1.0	 89.0360	 10.7236	 0.1204	
m60626c2r2.htb	   0.0	  0.03	 2.000	 -8.00	 -8.00	 40.00	   0.0	 651.7525	 25.1797	 0.0386	
m60626c2r2.htb	   0.0	  0.03	 2.000	 -8.00	 -8.00	 40.00	   1.0	 315.0328	 30.7783	 0.0977	
m60628c1r2.htb	   0.0	  0.03	 2.000	  0.00	 -8.00	 40.00	   0.0	 757.7423	 174.4392	 0.2302	
m60628c1r2.htb	   0.0	  0.03	 2.000	  0.00	 -8.00	 40.00	   1.0	 402.5784	 106.4835	 0.2645	
m60628c2r2.htb	   0.0	  0.03	 2.000	 -8.00	 -10.00	 40.00	   0.0	 372.5139	 58.5833	 0.1573	
m60628c2r2.htb	   0.0	  0.03	 2.000	 -8.00	 -10.00	 40.00	   1.0	 153.6409	 28.8895	 0.1880	
m60703c1r2.htb	   0.0	  0.03	 2.000	 10.00	  8.00	 40.00	   0.0	 1376.5731	 22.1613	 0.0161	
m60703c1r2.htb	   0.0	  0.03	 2.000	 10.00	  8.00	 40.00	   1.0	 745.8003	 56.9564	 0.0764	
m60703c1r2.htb	   0.0	  0.03	 2.000	 10.00	  8.00	 40.00	   0.0	 1376.5731	 22.1613	 0.0161	
m60703c1r2.htb	   0.0	  0.03	 2.000	 10.00	  8.00	 40.00	   1.0	 745.8003	 56.9564	 0.0764	
m60703c2r2.htb	   0.0	  0.03	 2.000	  8.00	 10.00	 40.00	   0.0	 183.8773	 21.7414	 0.1182	
m60703c2r2.htb	   0.0	  0.03	 2.000	  8.00	 10.00	 40.00	   1.0	 83.6838	 13.3211	 0.1592	
m60703c3r2.htb	   0.0	  0.03	 2.000	 -5.00	 10.00	 40.00	   0.0	 409.3775	 130.2899	 0.3183	
m60703c3r2.htb	   0.0	  0.03	 2.000	 -5.00	 10.00	 40.00	   1.0	 135.0179	 37.2610	 0.2760	
m60705c1r2.htb	   0.0	  0.03	 2.000	  0.00	 -10.00	 40.00	   0.0	 1154.8963	 99.4647	 0.0861	
m60705c1r2.htb	   0.0	  0.03	 2.000	  0.00	 -10.00	 40.00	   1.0	 557.7381	 76.7255	 0.1376	
m60705c2r2.htb	   0.0	  0.03	 2.000	 -5.00	 -10.00	 40.00	   0.0	 477.0289	 48.7946	 0.1023	
m60705c2r2.htb	   0.0	  0.03	 2.000	 -5.00	 -10.00	 40.00	   1.0	 247.3441	 35.0107	 0.1415	
m60705c3r2.htb	   0.0	  0.03	 2.000	  5.00	 -10.00	 40.00	   0.0	 1294.7188	 48.4420	 0.0374	
m60705c3r2.htb	   0.0	  0.03	 2.000	  5.00	 -10.00	 40.00	   1.0	 654.6728	 39.8415	 0.0609	
m60712c1r2.htb	   0.0	  0.03	 2.000	  3.00	 -5.00	 40.00	   0.0	 437.5376	 30.2875	 0.0692	
m60712c1r2.htb	   0.0	  0.03	 2.000	  3.00	 -5.00	 40.00	   1.0	 234.3859	 50.6919	 0.2163	
m60712c1r2.htb	   0.0	  0.03	 2.000	  3.00	 -5.00	 40.00	   0.0	 437.5376	 30.2875	 0.0692	
m60712c1r2.htb	   0.0	  0.03	 2.000	  3.00	 -5.00	 40.00	   1.0	 234.3859	 50.6919	 0.2163	
m60717c3r2.htb	 150.0	  0.03	 2.000	 -10.00	 -10.00	 40.00	   0.0	 1140.4609	 157.2304	 0.1379	
m60717c3r2.htb	 150.0	  0.03	 2.000	 -10.00	 -10.00	 40.00	   1.0	 614.6994	 30.6205	 0.0498	
m60814c1r2.htb	   0.0	  0.03	 2.000	  0.00	  0.00	 40.00	   0.0	 561.2721	 223.3358	 0.3979	
m60814c1r2.htb	   0.0	  0.03	 2.000	  0.00	  0.00	 40.00	   1.0	 268.1956	 66.9491	 0.2496	
m60814c2r2.htb	   0.0	  0.03	 2.000	  0.00	  0.00	 40.00	   0.0	 1121.5049	 112.8576	 0.1006	
m60814c2r2.htb	   0.0	  0.03	 2.000	  0.00	  0.00	 40.00	   1.0	 723.6499	 39.1301	 0.0541	
m60814c3r2.htb	   0.0	  0.03	 2.000	 -10.00	 10.00	 40.00	   0.0	 359.6329	 55.5374	 0.1544	
m60814c3r2.htb	   0.0	  0.03	 2.000	 -10.00	 10.00	 40.00	   1.0	 213.0526	 38.3868	 0.1802	
m60814c4r2.htb	   0.0	  0.03	 2.000	 -10.00	 10.00	 40.00	   0.0	 928.5657	 69.3004	 0.0746	
m60814c4r2.htb	   0.0	  0.03	 2.000	 -10.00	 10.00	 40.00	   1.0	 474.8875	 43.1555	 0.0909	
m60822c1r2.htb	   0.0	  0.03	 2.000	 -10.00	  0.00	 40.00	   0.0	 731.5095	 344.4742	 0.4709	
m60822c1r2.htb	   0.0	  0.03	 2.000	 -10.00	  0.00	 40.00	   1.0	 395.8901	 171.0345	 0.4320	
m60822c2r2.htb	   0.0	  0.03	 2.000	  0.00	 -5.00	 40.00	   0.0	 799.7492	 134.7215	 0.1685	
m60822c2r2.htb	   0.0	  0.03	 2.000	  0.00	 -5.00	 40.00	   1.0	 440.7958	 83.1151	 0.1886	
m61117c1r2.htb	 180.0	  0.03	 2.000	 10.00	 -10.00	 40.00	   0.0	 312.3110	 9.4212	 0.0302	
m61117c2r2.htb	  60.0	  0.03	 2.000	  5.00	 10.00	 40.00	   0.0	 586.5212	 10.3764	 0.0177	
m61117c3r2.htb	 150.0	  0.03	 2.000	  0.00	  0.00	 40.00	   0.0	 1172.4340	 56.6075	 0.0483	
