FILE			 PrfOR	 PrfSF	 PrfTF	 RFXctr	 RFYctr	 RFDiam	 GrType	 Onset	 AvgPulseTime	 PulseTimeStdev	 RedFlag	
m60201c1r3.htb	  30.0	  0.03	 2.000	  0.00	 -5.00	 50.00	   0.0	 0.7760	 996.0000		 0.0000	   1.0	
m60201c1r3.htb	  30.0	  0.03	 2.000	  0.00	 -5.00	 50.00	   1.0	 -0.4890	 996.0000		 0.0000	   1.0	
m60208c1r2.htb	  30.0	  0.03	 2.000	  0.00	  0.00	 45.00	   0.0	 0.1530	 996.0000		 0.0000	   1.0	
m60208c1r2.htb	  30.0	  0.03	 2.000	  0.00	  0.00	 45.00	   1.0	 0.1540	 996.0000		 0.0000	   0.0	
m60213c1r3.htb	  30.0	  0.05	 2.000	 -5.00	 10.00	 40.00	   0.0	 0.2760	 996.0000		 0.0000	   1.0	
m60213c1r3.htb	  30.0	  0.05	 2.000	 -5.00	 10.00	 40.00	   1.0	 0.1740	 996.0000		 0.0000	   0.0	
m60217c1r2.htb	  30.0	  0.03	 2.000	 10.00	 15.00	 50.00	   0.0	 0.2150	 996.0000		 0.0000	   1.0	
m60217c1r2.htb	  30.0	  0.03	 2.000	 10.00	 15.00	 50.00	   1.0	 0.3890	 996.0000		 0.0000	   1.0	
m60220c2r2.htb	   0.0	  0.03	 2.000	  0.00	 15.00	 60.00	   0.0	 0.2890	 996.0000		 0.0000	   1.0	
m60220c2r2.htb	   0.0	  0.03	 2.000	  0.00	 15.00	 60.00	   1.0	 0.2750	 996.0000		 0.0000	   1.0	
m60220c3r2.htb	  30.0	  0.03	 2.000	 10.00	 10.00	 50.00	   0.0	 0.1010	 996.0000		 0.0000	   1.0	
m60220c3r2.htb	  30.0	  0.03	 2.000	 10.00	 10.00	 50.00	   1.0	 0.1220	 996.0000		 0.0000	   1.0	
m60220c6r3.htb	  30.0	  0.03	 2.000	  0.00	 10.00	 40.00	   0.0	 0.1040	 996.0000		 0.0000	   0.0	
m60220c6r3.htb	  30.0	  0.03	 2.000	  0.00	 10.00	 40.00	   1.0	 0.1050	 996.0000		 0.0000	   0.0	
m60221c1r2.htb	   0.0	  0.05	 2.000	 -10.00	 10.00	 50.00	   0.0	 0.3240	 996.0000		 0.0000	   1.0	
m60221c1r2.htb	   0.0	  0.05	 2.000	 -10.00	 10.00	 50.00	   1.0	 0.3450	 996.0000		 0.0000	   1.0	
m60221c2r2.htb	   0.0	  0.03	 4.000	 -10.00	 10.00	 60.00	   0.0	 0.1220	 996.0000		 0.0000	   0.0	
m60221c2r2.htb	   0.0	  0.03	 4.000	 -10.00	 10.00	 60.00	   1.0	 0.1310	 996.0000		 0.0000	   0.0	
m60221c3r2.htb	   0.0	  0.03	 2.000	  3.00	  8.00	 50.00	   0.0	 0.1080	 996.0000		 0.0000	   0.0	
m60221c3r2.htb	   0.0	  0.03	 2.000	  3.00	  8.00	 50.00	   1.0	 0.1130	 996.0000		 0.0000	   0.0	
m60221c4r3.htb	   0.0	  0.03	 2.000	  8.00	  0.00	 50.00	   0.0	 0.1100	 996.0000		 0.0000	   0.0	
m60221c4r3.htb	   0.0	  0.03	 2.000	  8.00	  0.00	 50.00	   1.0	 0.1170	 996.0000		 0.0000	   0.0	
m60221c5r2.htb	   0.0	  0.03	 2.000	 10.00	 -5.00	 50.00	   0.0	 0.0910	 996.0000		 0.0000	   0.0	
m60221c5r2.htb	   0.0	  0.03	 2.000	 10.00	 -5.00	 50.00	   1.0	 0.3050	 996.0000		 0.0000	   1.0	
m60227c1r2.htb	  30.0	  0.03	 2.000	  5.00	  0.00	 40.00	   0.0	 0.1830	 996.0000		 0.0000	   0.0	
m60227c1r2.htb	  30.0	  0.03	 2.000	  5.00	  0.00	 40.00	   1.0	 0.1100	 996.0000		 0.0000	   0.0	
m60227c2r2.htb	   0.0	  0.05	 2.000	  8.00	  4.00	 40.00	   0.0	 0.1090	 996.0000		 0.0000	   1.0	
m60227c2r2.htb	   0.0	  0.05	 2.000	  8.00	  4.00	 40.00	   1.0	 0.0880	 996.0000		 0.0000	   1.0	
m60404c1r2.htb	   0.0	  0.03	 2.000	  0.00	  0.00	 40.00	   0.0	 0.0740	 996.0000		 0.0000	   0.0	
m60404c1r2.htb	   0.0	  0.03	 2.000	  0.00	  0.00	 40.00	   1.0	 0.1690	 996.0000		 0.0000	   0.0	
m60411c1r2.htb	   0.0	  0.03	 2.000	 -10.00	 -5.00	 40.00	   0.0	 0.1720	 996.0000		 0.0000	   0.0	
m60411c1r2.htb	   0.0	  0.03	 2.000	 -10.00	 -5.00	 40.00	   1.0	 0.1760	 996.0000		 0.0000	   1.0	
m60412c3r2.htb	   0.0	  0.03	 2.000	  0.00	 -10.00	 40.00	   0.0	 0.1360	 996.0000		 0.0000	   0.0	
m60412c3r2.htb	   0.0	  0.03	 2.000	  0.00	 -10.00	 40.00	   1.0	 0.1250	 996.0000		 0.0000	   0.0	
m60413c1r2.htb	 180.0	  0.03	 2.000	 -5.00	 -25.00	 60.00	   0.0	 0.1320	 996.0000		 0.0000	   0.0	
m60413c1r2.htb	 180.0	  0.03	 2.000	 -5.00	 -25.00	 60.00	   1.0	 2.0010	 996.0000		 0.0000	   0.0	
m60413c2r2.htb	 180.0	  0.03	 2.000	 -8.00	 -5.00	 40.00	   0.0	 0.1700	 996.0000		 0.0000	   1.0	
m60413c2r2.htb	 180.0	  0.03	 2.000	 -8.00	 -5.00	 40.00	   1.0	 0.4440	 996.0000		 0.0000	   0.0	
m60417c1r2.htb	 180.0	  0.03	 2.000	  0.00	 10.00	 50.00	   0.0	 -0.4890	 996.0000		 0.0000	   0.0	
m60417c1r2.htb	 180.0	  0.03	 2.000	  0.00	 10.00	 50.00	   1.0	 0.8590	 996.0000		 0.0000	   1.0	
m60418c2r2.htb	   0.0	  0.03	 2.000	 -5.00	 -15.00	 50.00	   0.0	 0.1160	 996.0000		 0.0000	   0.0	
m60418c2r2.htb	   0.0	  0.03	 2.000	 -5.00	 -15.00	 50.00	   1.0	 0.1240	 996.0000		 0.0000	   0.0	
m60418c3r2.htb	   0.0	  0.03	 2.000	  0.00	 -10.00	 50.00	   0.0	 0.1710	 996.0000		 0.0000	   0.0	
m60418c3r2.htb	   0.0	  0.03	 2.000	  0.00	 -10.00	 50.00	   1.0	 2.0010	 996.0000		 0.0000	   1.0	
m60420c3r2.htb	   0.0	  0.03	 2.000	 -5.00	  5.00	 40.00	   0.0	 0.1910	 996.0000		 0.0000	   1.0	
m60420c3r2.htb	   0.0	  0.03	 2.000	 -5.00	  5.00	 40.00	   1.0	 0.1300	 996.0000		 0.0000	   0.0	
m60420c4r2.htb	   0.0	  0.03	 2.000	 10.00	 -8.00	 40.00	   0.0	 0.1570	 996.0000		 0.0000	   0.0	
m60420c4r2.htb	   0.0	  0.03	 2.000	 10.00	 -8.00	 40.00	   1.0	 0.1170	 996.0000		 0.0000	   0.0	
m60420c5r2.htb	   0.0	  0.03	 2.000	  8.00	 -5.00	 40.00	   0.0	 0.2540	 996.0000		 0.0000	   1.0	
m60420c5r2.htb	   0.0	  0.03	 2.000	  8.00	 -5.00	 40.00	   1.0	 0.2850	 996.0000		 0.0000	   1.0	
m60424c6r2.htb	   0.0	  0.03	 2.000	 -5.00	 -5.00	 30.00	   0.0	 0.1030	 996.0000		 0.0000	   0.0	
m60424c6r2.htb	   0.0	  0.03	 2.000	 -5.00	 -5.00	 30.00	   1.0	 0.1000	 996.0000		 0.0000	   0.0	
m60515c4r2.htb	   0.0	  0.03	 2.000	 -10.00	 10.00	 40.00	   0.0	 0.1260	 996.0000		 0.0000	   1.0	
m60515c4r2.htb	   0.0	  0.03	 2.000	 -10.00	 10.00	 40.00	   1.0	 0.1140	 996.0000		 0.0000	   1.0	
m60518c3r2.htb	   0.0	  0.03	 2.000	 10.00	  5.00	 40.00	   0.0	 0.1140	 996.0000		 0.0000	   0.0	
m60518c3r2.htb	   0.0	  0.03	 2.000	 10.00	  5.00	 40.00	   1.0	 0.1110	 996.0000		 0.0000	   0.0	
m60518c4r2.htb	   0.0	  0.03	 2.000	  0.00	 -10.00	 40.00	   0.0	 0.2560	 996.0000		 0.0000	   1.0	
m60518c4r2.htb	   0.0	  0.03	 2.000	  0.00	 -10.00	 40.00	   1.0	 0.2440	 996.0000		 0.0000	   0.0	
m60524c6r2.htb	   0.0	  0.03	 2.000	 -12.00	 -8.00	 40.00	   0.0	 0.2810	 996.0000		 0.0000	   0.0	
m60524c6r2.htb	   0.0	  0.03	 2.000	 -12.00	 -8.00	 40.00	   1.0	 0.1640	 996.0000		 0.0000	   1.0	
m60629c1r2.htb	   0.0	  0.03	 2.000	  0.00	 -5.00	 40.00	   0.0	 0.1280	 996.0000		 0.0000	   0.0	
m60629c1r2.htb	   0.0	  0.03	 2.000	  0.00	 -5.00	 40.00	   1.0	 0.1210	 996.0000		 0.0000	   0.0	
m60629c2r2.htb	   0.0	  0.03	 2.000	  0.00	  0.00	 40.00	   0.0	 0.2810	 996.0000		 0.0000	   1.0	
m60629c2r2.htb	   0.0	  0.03	 2.000	  0.00	  0.00	 40.00	   1.0	 2.0010	 996.0000		 0.0000	   1.0	
m60630c1r2.htb	   0.0	  0.03	 2.000	  0.00	 -8.00	 60.00	   0.0	 0.2360	 996.0000		 0.0000	   1.0	
m60630c1r2.htb	   0.0	  0.03	 2.000	  0.00	 -8.00	 60.00	   1.0	 0.1130	 996.0000		 0.0000	   0.0	
m60630c2r2.htb	   0.0	  0.03	 2.000	  0.00	 10.00	 50.00	   0.0	 0.2280	 996.0000		 0.0000	   1.0	
m60630c2r2.htb	   0.0	  0.03	 2.000	  0.00	 10.00	 50.00	   1.0	 0.1980	 996.0000		 0.0000	   1.0	
m60706c1r2.htb	   0.0	  0.03	 2.000	 10.00	  0.00	 40.00	   0.0	 2.0010	 996.0000		 0.0000	   1.0	
m60706c1r2.htb	   0.0	  0.03	 2.000	 10.00	  0.00	 40.00	   1.0	 0.3050	 996.0000		 0.0000	   1.0	
m60706c2r2.htb	   0.0	  0.03	 2.000	  0.00	 -10.00	 40.00	   0.0	 0.1320	 996.0000		 0.0000	   1.0	
m60706c2r2.htb	   0.0	  0.03	 2.000	  0.00	 -10.00	 40.00	   1.0	 0.1350	 996.0000		 0.0000	   0.0	
m60706c3r2.htb	   0.0	  0.03	 2.000	 -5.00	 -10.00	 40.00	   0.0	 0.1740	 996.0000		 0.0000	   0.0	
m60706c3r2.htb	   0.0	  0.03	 2.000	 -5.00	 -10.00	 40.00	   1.0	 0.3470	 996.0000		 0.0000	   1.0	
m60706c4r2.htb	   0.0	  0.03	 2.000	 10.00	 -10.00	 40.00	   0.0	 0.1810	 996.0000		 0.0000	   0.0	
m60706c4r2.htb	   0.0	  0.03	 2.000	 10.00	 -10.00	 40.00	   1.0	 0.2250	 996.0000		 0.0000	   0.0	
m60711c2r2.htb	   0.0	  0.03	 2.000	 -5.00	  8.00	 40.00	   0.0	 0.1350	 996.0000		 0.0000	   0.0	
m60711c2r2.htb	   0.0	  0.03	 2.000	 -5.00	  8.00	 40.00	   1.0	 0.1560	 996.0000		 0.0000	   0.0	
m60712c2r2.htb	   0.0	  0.03	 2.000	 -5.00	  5.00	 40.00	   0.0	 0.0970	 996.0000		 0.0000	   0.0	
m60712c2r2.htb	   0.0	  0.03	 2.000	 -5.00	  5.00	 40.00	   1.0	 0.1290	 996.0000		 0.0000	   0.0	
m60713c1r2.htb	   0.0	  0.03	 2.000	  8.00	  0.00	 60.00	   0.0	 0.2220	 996.0000		 0.0000	   1.0	
m60713c1r2.htb	   0.0	  0.03	 2.000	  8.00	  0.00	 60.00	   1.0	 0.1420	 996.0000		 0.0000	   1.0	
m60713c2r2.htb	   0.0	  0.03	 2.000	 -10.00	 10.00	 40.00	   0.0	 0.1890	 996.0000		 0.0000	   0.0	
m60713c2r2.htb	   0.0	  0.03	 2.000	 -10.00	 10.00	 40.00	   1.0	 -0.4890	 996.0000		 0.0000	   0.0	
m60713c3r2.htb	   0.0	  0.03	 2.000	  0.00	  0.00	 40.00	   0.0	 0.1130	 996.0000		 0.0000	   0.0	
m60713c3r2.htb	   0.0	  0.03	 2.000	  0.00	  0.00	 40.00	   1.0	 0.1350	 996.0000		 0.0000	   0.0	
m60714c1r2.htb	   0.0	  0.03	 2.000	  5.00	  3.00	 40.00	   0.0	 0.1720	 996.0000		 0.0000	   0.0	
m60714c1r2.htb	   0.0	  0.03	 2.000	  5.00	  3.00	 40.00	   1.0	 0.1430	 996.0000		 0.0000	   1.0	
m60714c2r2.htb	   0.0	  0.03	 2.000	 -5.00	 -8.00	 40.00	   0.0	 0.1430	 996.0000		 0.0000	   0.0	
m60714c2r2.htb	   0.0	  0.03	 2.000	 -5.00	 -8.00	 40.00	   1.0	 0.1340	 996.0000		 0.0000	   1.0	
m60714c3r2.htb	   0.0	  0.03	 2.000	 -8.00	  0.00	 40.00	   0.0	 0.1360	 996.0000		 0.0000	   0.0	
m60714c3r2.htb	   0.0	  0.03	 2.000	 -8.00	  0.00	 40.00	   1.0	 0.0960	 996.0000		 0.0000	   0.0	
m60714c4r2.htb	   0.0	  0.03	 2.000	 -5.00	  8.00	 40.00	   0.0	 0.2460	 996.0000		 0.0000	   1.0	
m60714c4r2.htb	   0.0	  0.03	 2.000	 -5.00	  8.00	 40.00	   1.0	 0.2460	 996.0000		 0.0000	   1.0	
m60717c1r2.htb	   0.0	  0.03	 2.000	 -8.00	 -8.00	 40.00	   0.0	 0.1580	 996.0000		 0.0000	   0.0	
m60717c1r2.htb	   0.0	  0.03	 2.000	 -8.00	 -8.00	 40.00	   1.0	 0.1480	 996.0000		 0.0000	   1.0	
m60717c2r2.htb	 170.0	  0.03	 2.000	  8.00	 -10.00	 40.00	   0.0	 0.1960	 996.0000		 0.0000	   1.0	
m60717c2r2.htb	 170.0	  0.03	 2.000	  8.00	 -10.00	 40.00	   1.0	 0.1000	 996.0000		 0.0000	   0.0	
m60719c1r2.htb	   0.0	  0.03	 2.000	  5.00	 -10.00	 40.00	   0.0	 0.1480	 996.0000		 0.0000	   0.0	
m60719c1r2.htb	   0.0	  0.03	 2.000	  5.00	 -10.00	 40.00	   1.0	 -0.4890	 996.0000		 0.0000	   0.0	
m60719c4r2.htb	   0.0	  0.03	 2.000	 -5.00	 10.00	 40.00	   0.0	 0.3700	 996.0000		 0.0000	   0.0	
m60719c4r2.htb	   0.0	  0.03	 2.000	 -5.00	 10.00	 40.00	   1.0	 0.2330	 996.0000		 0.0000	   1.0	
m60719c4r2.htb	   0.0	  0.03	 2.000	 -5.00	 10.00	 40.00	   0.0	 0.3700	 996.0000		 0.0000	   0.0	
m60719c4r2.htb	   0.0	  0.03	 2.000	 -5.00	 10.00	 40.00	   1.0	 0.2330	 996.0000		 0.0000	   1.0	
m60721c1r2.htb	   0.0	  0.03	 2.000	  0.00	 -5.00	 40.00	   0.0	 0.1350	 996.0000		 0.0000	   0.0	
m60721c1r2.htb	   0.0	  0.03	 2.000	  0.00	 -5.00	 40.00	   1.0	 0.1350	 996.0000		 0.0000	   0.0	
m60721c1r2.htb	   0.0	  0.03	 2.000	  0.00	 -5.00	 40.00	   0.0	 0.1350	 996.0000		 0.0000	   0.0	
m60721c1r2.htb	   0.0	  0.03	 2.000	  0.00	 -5.00	 40.00	   1.0	 0.1350	 996.0000		 0.0000	   0.0	
m60721c2r2.htb	   0.0	  0.03	 2.000	  8.00	 -5.00	 40.00	   0.0	 0.1300	 996.0000		 0.0000	   0.0	
m60721c2r2.htb	   0.0	  0.03	 2.000	  8.00	 -5.00	 40.00	   1.0	 0.1290	 996.0000		 0.0000	   0.0	
m60721c3r2.htb	   0.0	  0.03	 2.000	 -5.00	  0.00	 40.00	   0.0	 0.1390	 996.0000		 0.0000	   0.0	
m60721c3r2.htb	   0.0	  0.03	 2.000	 -5.00	  0.00	 40.00	   1.0	 0.1350	 996.0000		 0.0000	   0.0	
m60724c1r2.htb	   0.0	  0.03	 2.000	  0.00	  0.00	 40.00	   0.0	 0.1450	 996.0000		 0.0000	   0.0	
m60724c1r2.htb	   0.0	  0.03	 2.000	  0.00	  0.00	 40.00	   1.0	 0.3630	 996.0000		 0.0000	   1.0	
m60724c2r2.htb	   0.0	  0.03	 2.000	 -5.00	  5.00	 40.00	   0.0	 0.1430	 996.0000		 0.0000	   0.0	
m60724c2r2.htb	   0.0	  0.03	 2.000	 -5.00	  5.00	 40.00	   1.0	 0.1300	 996.0000		 0.0000	   0.0	
m60724c3r2.htb	 150.0	  0.03	 2.000	  0.00	  0.00	 40.00	   0.0	 0.1230	 996.0000		 0.0000	   0.0	
m60724c3r2.htb	 150.0	  0.03	 2.000	  0.00	  0.00	 40.00	   1.0	 0.1290	 996.0000		 0.0000	   0.0	
m60724c4r2.htb	 150.0	  0.03	 2.000	  0.00	 -3.00	 40.00	   0.0	 0.2070	 996.0000		 0.0000	   0.0	
m60724c4r2.htb	 150.0	  0.03	 2.000	  0.00	 -3.00	 40.00	   1.0	 2.0170	 996.0000		 0.0000	   1.0	
m60724c5r2.htb	 150.0	  0.03	 2.000	 -5.00	 -10.00	 40.00	   0.0	 0.1940	 996.0000		 0.0000	   1.0	
m60724c5r2.htb	 150.0	  0.03	 2.000	 -5.00	 -10.00	 40.00	   1.0	 0.1430	 996.0000		 0.0000	   1.0	
m60724c6r2.htb	 150.0	  0.03	 2.000	 -5.00	 -10.00	 40.00	   0.0	 1.8820	 996.0000		 0.0000	   0.0	
m60724c6r2.htb	 150.0	  0.03	 2.000	 -5.00	 -10.00	 40.00	   1.0	 0.1740	 996.0000		 0.0000	   1.0	
m60725c1r2.htb	   0.0	  0.03	 2.000	 -10.00	 -8.00	 40.00	   0.0	 0.1600	 996.0000		 0.0000	   0.0	
m60725c1r2.htb	   0.0	  0.03	 2.000	 -10.00	 -8.00	 40.00	   1.0	 0.2170	 996.0000		 0.0000	   1.0	
m60725c2r2.htb	   0.0	  0.03	 2.000	  8.00	  0.00	 40.00	   0.0	 0.2730	 996.0000		 0.0000	   1.0	
m60725c2r2.htb	   0.0	  0.03	 2.000	  8.00	  0.00	 40.00	   1.0	 0.1150	 996.0000		 0.0000	   0.0	
m60726c1r2.htb	   0.0	  0.03	 2.000	  5.00	 -10.00	 40.00	   0.0	 0.1890	 996.0000		 0.0000	   0.0	
m60726c1r2.htb	   0.0	  0.03	 2.000	  5.00	 -10.00	 40.00	   1.0	 0.2170	 996.0000		 0.0000	   0.0	
m60726c2r2.htb	   0.0	  0.03	 2.000	  5.00	 -5.00	 40.00	   0.0	 0.1940	 996.0000		 0.0000	   0.0	
m60726c2r2.htb	   0.0	  0.03	 2.000	  5.00	 -5.00	 40.00	   1.0	 0.2200	 996.0000		 0.0000	   0.0	
m60726c3r2.htb	   0.0	  0.03	 2.000	  0.00	 -5.00	 40.00	   0.0	 0.1450	 996.0000		 0.0000	   0.0	
m60726c3r2.htb	   0.0	  0.03	 2.000	  0.00	 -5.00	 40.00	   1.0	 0.2060	 996.0000		 0.0000	   0.0	
m60726c4r2.htb	   0.0	  0.03	 2.000	  3.00	 -5.00	 40.00	   0.0	 0.3460	 996.0000		 0.0000	   0.0	
m60726c4r2.htb	   0.0	  0.03	 2.000	  3.00	 -5.00	 40.00	   1.0	 0.4550	 996.0000		 0.0000	   1.0	
m60726c5r2.htb	   0.0	  0.03	 2.000	 -5.00	  0.00	 40.00	   0.0	 0.1730	 996.0000		 0.0000	   0.0	
m60726c5r2.htb	   0.0	  0.03	 2.000	 -5.00	  0.00	 40.00	   1.0	 0.3370	 996.0000		 0.0000	   0.0	
m60726c6r2.htb	   0.0	  0.03	 2.000	  0.00	  0.00	 40.00	   0.0	 0.1850	 996.0000		 0.0000	   0.0	
m60726c6r2.htb	   0.0	  0.03	 2.000	  0.00	  0.00	 40.00	   1.0	 0.1840	 996.0000		 0.0000	   0.0	
m60727c1r2.htb	   0.0	  0.03	 2.000	  0.00	 -5.00	 40.00	   0.0	 0.1550	 996.0000		 0.0000	   0.0	
m60727c1r2.htb	   0.0	  0.03	 2.000	  0.00	 -5.00	 40.00	   1.0	 0.1630	 996.0000		 0.0000	   0.0	
m60727c2r2.htb	   0.0	  0.03	 2.000	  0.00	  0.00	 40.00	   0.0	 0.3030	 996.0000		 0.0000	   1.0	
m60727c2r2.htb	   0.0	  0.03	 2.000	  0.00	  0.00	 40.00	   1.0	 0.2500	 996.0000		 0.0000	   0.0	
m60801c2r2.htb	   0.0	  0.03	 2.000	  0.00	  0.00	 40.00	   0.0	 0.1680	 996.0000		 0.0000	   1.0	
m60801c2r2.htb	   0.0	  0.03	 2.000	  0.00	  0.00	 40.00	   1.0	 0.4990	 996.0000		 0.0000	   1.0	
m60801c3r2.htb	   0.0	  0.03	 2.000	  0.00	 -10.00	 40.00	   0.0	 0.1270	 996.0000		 0.0000	   0.0	
m60801c3r2.htb	   0.0	  0.03	 2.000	  0.00	 -10.00	 40.00	   1.0	 0.1390	 996.0000		 0.0000	   1.0	
m60803c1r2.htb	   0.0	  0.03	 2.000	  8.00	 -5.00	 40.00	   0.0	 0.1230	 996.0000		 0.0000	   0.0	
m60803c1r2.htb	   0.0	  0.03	 2.000	  8.00	 -5.00	 40.00	   1.0	 0.1310	 996.0000		 0.0000	   0.0	
m60803c3r2.htb	   0.0	  0.03	 2.000	  0.00	  0.00	 40.00	   0.0	 0.1390	 996.0000		 0.0000	   0.0	
m60803c3r2.htb	   0.0	  0.03	 2.000	  0.00	  0.00	 40.00	   1.0	 0.1730	 996.0000		 0.0000	   1.0	
m60803c4r2.htb	   0.0	  0.03	 2.000	  0.00	  0.00	 40.00	   0.0	 0.1250	 996.0000		 0.0000	   0.0	
m60803c4r2.htb	   0.0	  0.03	 2.000	  0.00	  0.00	 40.00	   1.0	 0.1010	 996.0000		 0.0000	   0.0	
m60808c1r2.htb	   0.0	  0.03	 2.000	  5.00	 -10.00	 40.00	   0.0	 0.3220	 996.0000		 0.0000	   1.0	
m60808c1r2.htb	   0.0	  0.03	 2.000	  5.00	 -10.00	 40.00	   1.0	 -0.4890	 996.0000		 0.0000	   0.0	
m60808c2r2.htb	   0.0	  0.03	 2.000	  0.00	  0.00	 40.00	   0.0	 0.2230	 996.0000		 0.0000	   0.0	
m60808c2r2.htb	   0.0	  0.03	 2.000	  0.00	  0.00	 40.00	   1.0	 0.1520	 996.0000		 0.0000	   1.0	
m60809c1r2.htb	   0.0	  0.03	 2.000	  0.00	 -5.00	 40.00	   0.0	 0.2270	 996.0000		 0.0000	   0.0	
m60809c1r2.htb	   0.0	  0.03	 2.000	  0.00	 -5.00	 40.00	   1.0	 0.1180	 996.0000		 0.0000	   0.0	
m60809c2r2.htb	   0.0	  0.03	 2.000	  0.00	 -5.00	 40.00	   0.0	 0.4570	 996.0000		 0.0000	   1.0	
m60809c2r2.htb	   0.0	  0.03	 2.000	  0.00	 -5.00	 40.00	   1.0	 0.2340	 996.0000		 0.0000	   1.0	
m60809c3r2.htb	   0.0	  0.03	 2.000	  5.00	  0.00	 40.00	   0.0	 0.5750	 996.0000		 0.0000	   1.0	
m60809c3r2.htb	   0.0	  0.03	 2.000	  5.00	  0.00	 40.00	   1.0	 0.1430	 996.0000		 0.0000	   0.0	
m60809c4r2.htb	   0.0	  0.03	 2.000	 10.00	  2.00	 40.00	   0.0	 0.1460	 996.0000		 0.0000	   0.0	
m60809c4r2.htb	   0.0	  0.03	 2.000	 10.00	  2.00	 40.00	   1.0	 0.1310	 996.0000		 0.0000	   0.0	
m60809c5r2.htb	   0.0	  0.03	 2.000	  0.00	  0.00	 40.00	   0.0	 0.1270	 996.0000		 0.0000	   1.0	
m60809c5r2.htb	   0.0	  0.03	 2.000	  0.00	  0.00	 40.00	   1.0	 0.3110	 996.0000		 0.0000	   0.0	
m60810c1r2.htb	   0.0	  0.03	 2.000	 10.00	 -5.00	 40.00	   0.0	 0.2240	 996.0000		 0.0000	   1.0	
m60810c1r2.htb	   0.0	  0.03	 2.000	 10.00	 -5.00	 40.00	   1.0	 0.1150	 996.0000		 0.0000	   1.0	
m60810c2r2.htb	   0.0	  0.03	 2.000	  0.00	  5.00	 40.00	   0.0	 0.1290	 996.0000		 0.0000	   0.0	
m60810c2r2.htb	   0.0	  0.03	 2.000	  0.00	  5.00	 40.00	   1.0	 0.1260	 996.0000		 0.0000	   0.0	
m60810c3r2.htb	   0.0	  0.03	 2.000	  5.00	 -10.00	 40.00	   0.0	 0.2120	 996.0000		 0.0000	   0.0	
m60810c3r2.htb	   0.0	  0.03	 2.000	  5.00	 -10.00	 40.00	   1.0	 0.1500	 996.0000		 0.0000	   1.0	
m60810c4r2.htb	   0.0	  0.03	 2.000	  5.00	 -5.00	 40.00	   0.0	 0.1490	 996.0000		 0.0000	   0.0	
m60810c4r2.htb	   0.0	  0.03	 2.000	  5.00	 -5.00	 40.00	   1.0	 0.1460	 996.0000		 0.0000	   0.0	
m60810c5r2.htb	   0.0	  0.03	 2.000	 -5.00	 -10.00	 40.00	   0.0	 2.0010	 996.0000		 0.0000	   0.0	
m60810c5r2.htb	   0.0	  0.03	 2.000	 -5.00	 -10.00	 40.00	   1.0	 0.2040	 996.0000		 0.0000	   1.0	
m60811c1r2.htb	   0.0	  0.03	 2.000	  0.00	  0.00	 40.00	   0.0	 0.1070	 996.0000		 0.0000	   0.0	
m60811c1r2.htb	   0.0	  0.03	 2.000	  0.00	  0.00	 40.00	   1.0	 0.1080	 996.0000		 0.0000	   0.0	
m60811c2r2.htb	   0.0	  0.03	 2.000	 -5.00	 -8.00	 40.00	   0.0	 0.2670	 996.0000		 0.0000	   0.0	
m60811c2r2.htb	   0.0	  0.03	 2.000	 -5.00	 -8.00	 40.00	   1.0	 0.1280	 996.0000		 0.0000	   0.0	
m60811c3r2.htb	   0.0	  0.03	 2.000	  0.00	  5.00	 40.00	   0.0	 0.1400	 996.0000		 0.0000	   0.0	
m60811c3r2.htb	   0.0	  0.03	 2.000	  0.00	  5.00	 40.00	   1.0	 0.1410	 996.0000		 0.0000	   0.0	
m60811c4r2.htb	   0.0	  0.03	 2.000	  0.00	  0.00	 40.00	   0.0	 0.1360	 996.0000		 0.0000	   0.0	
m60811c4r2.htb	   0.0	  0.03	 2.000	  0.00	  0.00	 40.00	   1.0	 0.2070	 996.0000		 0.0000	   0.0	
m60811c5r2.htb	   0.0	  0.03	 2.000	 10.00	  5.00	 40.00	   0.0	 0.3990	 996.0000		 0.0000	   0.0	
m60811c5r2.htb	   0.0	  0.03	 2.000	 10.00	  5.00	 40.00	   1.0	 -0.4890	 996.0000		 0.0000	   0.0	
m60815c1r2.htb	   0.0	  0.03	 2.000	  8.00	 -10.00	 40.00	   0.0	 -0.4890	 996.0000		 0.0000	   0.0	
m60815c1r2.htb	   0.0	  0.03	 2.000	  8.00	 -10.00	 40.00	   1.0	 -0.4890	 996.0000		 0.0000	   0.0	
m60815c2r2.htb	   0.0	  0.03	 2.000	 10.00	 -10.00	 40.00	   0.0	 0.2270	 996.0000		 0.0000	   1.0	
m60815c2r2.htb	   0.0	  0.03	 2.000	 10.00	 -10.00	 40.00	   1.0	 0.1410	 996.0000		 0.0000	   0.0	
m60815c4r2.htb	   0.0	  0.03	 2.000	 -5.00	  5.00	 40.00	   0.0	 0.1820	 996.0000		 0.0000	   0.0	
m60815c4r2.htb	   0.0	  0.03	 2.000	 -5.00	  5.00	 40.00	   1.0	 0.1380	 996.0000		 0.0000	   0.0	
m60821c1r2.htb	   0.0	  0.03	 2.000	  0.00	 -10.00	 40.00	   0.0	 0.0610	 1073.6000		 1.4298	   1.0	
m60821c1r2.htb	   0.0	  0.03	 2.000	  0.00	 -10.00	 40.00	   1.0	 0.0450	 1073.5000		 1.9003	   0.0	
m60821c2r2.htb	   0.0	  0.03	 2.000	 -5.00	 -10.00	 40.00	   0.0	 0.0640	 1074.1000		 1.3338	   1.0	
m60821c2r2.htb	   0.0	  0.03	 2.000	 -5.00	 -10.00	 40.00	   1.0	 0.0650	 1074.1000		 1.5526	   0.0	
m60821c3r2.htb	   0.0	  0.03	 2.000	 -10.00	  0.00	 40.00	   0.0	 0.0580	 1074.4000		 1.4298	   1.0	
m60821c3r2.htb	   0.0	  0.03	 2.000	 -10.00	  0.00	 40.00	   1.0	 0.0610	 1073.4000		 1.3499	   0.0	
m60822c3r2.htb	   0.0	  0.03	 2.000	 -8.00	 -10.00	 40.00	   0.0	 0.1270	 1072.7000		 1.5670	   1.0	
m60822c3r2.htb	   0.0	  0.03	 2.000	 -8.00	 -10.00	 40.00	   1.0	 0.0630	 1074.1000		 1.6633	   0.0	
m60822c4r2.htb	   0.0	  0.03	 2.000	 -8.00	  0.00	 40.00	   0.0	 0.0450	 1070.5714		 6.6548	   0.0	
m60822c4r2.htb	   0.0	  0.03	 2.000	 -8.00	  0.00	 40.00	   1.0	 0.0410	 1073.1429		 1.0690	   0.0	
m60823c1r2.htb	   0.0	  0.03	 2.000	 10.00	  5.00	 40.00	   0.0	 0.1400	 1074.0000		 1.6330	   0.0	
m60823c1r2.htb	   0.0	  0.03	 2.000	 10.00	  5.00	 40.00	   1.0	 0.1260	 1074.7000		 1.7670	   0.0	
m60823c2r2.htb	   0.0	  0.03	 2.000	  0.00	  0.00	 40.00	   0.0	 0.2740	 1074.0000		 1.2472	   0.0	
m60823c2r2.htb	   0.0	  0.03	 2.000	  0.00	  0.00	 40.00	   1.0	 0.2600	 1073.7000		 1.6364	   1.0	
m60823c3r2.htb	  70.0	  0.03	 2.000	 -5.00	  0.00	 40.00	   0.0	 0.0490	 1073.3000		 1.2517	   0.0	
m60823c3r2.htb	  70.0	  0.03	 2.000	 -5.00	  0.00	 40.00	   1.0	 0.1030	 1071.8000		 5.7697	   1.0	
m60823c4r2.htb	  70.0	  0.03	 2.000	 -10.00	  0.00	 40.00	   0.0	 0.1390	 1073.8000		 1.5492	   1.0	
m60823c4r2.htb	  70.0	  0.03	 2.000	 -10.00	  0.00	 40.00	   1.0	 0.0700	 1073.4000		 1.3499	   1.0	
m60824c1r2.htb	   0.0	  0.03	 2.000	 -5.00	  5.00	 40.00	   0.0	 0.0280	 1075.0000		 1.3333	   0.0	
m60824c1r2.htb	   0.0	  0.03	 2.000	 -5.00	  5.00	 40.00	   1.0	 0.0240	 1074.1000		 1.7920	   0.0	
m60824c2r2.htb	   0.0	  0.03	 2.000	 -5.00	 -5.00	 40.00	   0.0	 0.0740	 1074.2000		 1.4757	   0.0	
m60824c2r2.htb	   0.0	  0.03	 2.000	 -5.00	 -5.00	 40.00	   1.0	 0.1680	 1073.7000		 2.1108	   0.0	
m60824c3r2.htb	   0.0	  0.03	 2.000	 -5.00	  0.00	 40.00	   0.0	 0.0690	 1071.0000		 7.9443	   1.0	
m60824c3r2.htb	   0.0	  0.03	 2.000	 -5.00	  0.00	 40.00	   1.0	 0.0460	 1074.3000		 1.7670	   1.0	
m60830c1r2.htb	 180.0	  0.03	 2.000	 -8.00	 -10.00	 40.00	   0.0	 0.3920	 1073.7000		 1.8288	   1.0	
m60830c1r2.htb	 180.0	  0.03	 2.000	 -8.00	 -10.00	 40.00	   1.0	 0.3030	 1073.5000		 1.8409	   0.0	
m60830c2r2.htb	 180.0	  0.03	 2.000	  0.00	 -10.00	 40.00	   0.0	 2.0080	 1073.6000		 1.5776	   1.0	
m60830c2r2.htb	 180.0	  0.03	 2.000	  0.00	 -10.00	 40.00	   1.0	 0.0740	 1071.9000		 5.7629	   0.0	
m60831c1r2.htb	 180.0	  0.03	 2.000	 10.00	  0.00	 40.00	   0.0	 -0.4890	 1074.6000		 1.1738	   0.0	
m60831c1r2.htb	 180.0	  0.03	 2.000	 10.00	  0.00	 40.00	   1.0	 0.4300	 1072.0000		 5.8310	   1.0	
m60831c4r2.htb	 180.0	  0.03	 2.000	  5.00	  0.00	 60.00	   0.0	 0.0590	 1089.7273		 5.7112	   1.0	
m60831c4r2.htb	 180.0	  0.03	 2.000	  5.00	  0.00	 60.00	   1.0	 0.0560	 1090.3636		 1.8586	   1.0	
m60901c4r2.htb	 180.0	  0.03	 2.000	 -5.00	 -5.00	 40.00	   0.0	 -0.4890	 1073.1000		 1.2867	   0.0	
m60901c4r2.htb	 180.0	  0.03	 2.000	 -5.00	 -5.00	 40.00	   1.0	 0.0910	 1074.5000		 1.6499	   0.0	
m60907c1r2.htb	 180.0	  0.03	 2.000	 10.00	  8.00	 40.00	   0.0	 0.0790	 1073.5500		 4.4423	   1.0	
m60907c1r2.htb	 180.0	  0.03	 2.000	 10.00	  8.00	 40.00	   1.0	 0.0710	 1073.8500		 1.3089	   1.0	
m60907c2r2.htb	 180.0	  0.03	 2.000	 10.00	 -10.00	 40.00	   0.0	 0.1560	 1071.9000		 5.8395	   1.0	
m60907c2r2.htb	 180.0	  0.03	 2.000	 10.00	 -10.00	 40.00	   1.0	 0.1020	 1073.8000		 1.5492	   0.0	
m60907c3r2.htb	 120.0	  0.03	 2.000	  0.00	 -15.00	 40.00	   0.0	 0.3670	 1073.1000		 1.7920	   1.0	
m60907c3r2.htb	 120.0	  0.03	 2.000	  0.00	 -15.00	 40.00	   1.0	 0.1010	 1072.6000		 5.9292	   1.0	
m61024c1r2.htb	   0.0	  0.03	 2.000	  0.00	 10.00	 40.00	   0.0	 0.1580	 1068.2000		 6.1608	   0.0	
m61024c1r2.htb	   0.0	  0.03	 2.000	  0.00	 10.00	 40.00	   1.0	 0.1990	 1064.1000		 9.1463	   1.0	
m61024c2r2.htb	   0.0	  0.03	 2.000	  0.00	  5.00	 40.00	   0.0	 0.1570	 1068.5000		 6.3640	   1.0	
m61024c2r2.htb	   0.0	  0.03	 2.000	  0.00	  5.00	 40.00	   1.0	 0.0810	 1068.4000		 6.3456	   1.0	
m61027c1r2.htb	   0.0	  0.03	 2.000	 10.00	 -10.00	 40.00	   0.0	 0.2830	 1070.4000		 1.7764	   0.0	
m61027c1r2.htb	   0.0	  0.03	 2.000	 10.00	 -10.00	 40.00	   1.0	 0.3000	 1070.0000		 1.5635	   0.0	
m61027c2r2.htb	   0.0	  0.03	 2.000	  5.00	 -5.00	 40.00	   0.0	 0.4000	 1069.7000		 1.5670	   0.0	
m61027c2r2.htb	   0.0	  0.03	 2.000	  5.00	 -5.00	 40.00	   1.0	 0.1910	 1070.1000		 1.3703	   1.0	
m61106c4r2.htb	 120.0	  0.03	 2.000	  0.00	 -10.00	 40.00	   0.0	 0.1350	 1053.6000		 5.8916	   0.0	
m61108c2r2.htb	 180.0	  0.03	 2.000	  0.00	 -10.00	 40.00	   0.0	 0.0850	 1049.0000		 5.4160	   1.0	
m61108c3r1.htb	 180.0	  0.03	 2.000	  0.00	 -10.00	 40.00	   0.0	 0.0600	 1052.9000		 6.9674	   0.0	
m61128c2r2.htb	 180.0	  0.03	 2.000	  5.00	  0.00	 40.00	   0.0	 0.0700	 1048.7000		 8.5900	   0.0	
m61201c3r2.htb	   0.0	  0.03	 2.000	 -5.00	 -10.00	 40.00	   0.0	 1.6610	 1054.2000		 5.4732	   0.0	
