FILE			 PrfOR	 PrfSF	 PrfTF	 RFXctr	 RFYctr	 RFDiam	 GrType	 MaxLoc	 MaxRsp	 MinLoc	 MinRsp	 Spont	 SFMI		 AnovaP	 SFDI  	 VarTerm	 MaxX 	 MinX 	 SFHWHM	 SFHW25	 SFHW20	 SFHW15	 SFHW10	 RsqMn	 PMean	 RsqRaw	 Praw		 Chi2		 ChiP		 Brat		 Ampl		 Peak		 SD		 Offst		
m60112c1r3.htb	  30.0	  0.05	 2.000	  0.00	  0.00	 30.00	   0.0	 0.0340	 27.55	 1.6000	  7.65	  6.88	 0.963	 0.00000000	 0.761	  0.417	  1.60	  0.03	  0.0550	  0.0960	  0.1100	  0.1290	  0.1560	 0.9811	 0.00001686	 0.8804	 0.00000000	 1.5684	 0.45648226	  7.65	 19.90	 0.0342	 0.7952	 0.0001	
m60112c1r3.htb	  30.0	  0.05	 2.000	  0.00	  0.00	 30.00	   1.0	 0.0250	 25.10	 1.6000	  4.60	  6.88	 1.042	 0.00000000	 0.750	  0.554	  1.60	  0.03	  0.1120	  0.2460	  0.2990	  0.3730	  0.4910	 0.9123	 0.00079921	 0.7807	 0.00000000	 6.2109	 0.04480484	  4.26	 20.84	 0.0250	 1.4519	 0.0001	
m60112c2r4.htb	  30.0	  0.05	 2.000	  8.00	  5.00	 30.00	   0.0	 0.0250	 16.33	 1.6000	  5.33	  6.74	 1.158	 0.00009363	 0.425	  1.344	  1.60	  0.03	  0.0990	  0.2100	  0.2530	  0.3150	  0.4120	 0.7689	 0.00954898	 0.3221	 0.00000414	 0.6732	 0.71419142	  5.23	 11.10	 0.0250	 1.3533	 0.0001	
m60112c2r4.htb	  30.0	  0.05	 2.000	  8.00	  5.00	 30.00	   1.0	 0.0250	 20.58	 1.6000	  6.30	  6.74	 1.073	 0.00002977	 0.462	  1.410	  1.60	  0.03	  0.0490	  0.0890	  0.1030	  0.1220	  0.1510	 0.9315	 0.00042831	 0.4156	 0.00000006	 0.1727	 0.91728948	  6.30	 14.28	 0.0250	 0.9037	 0.0001	
m60117c1r4.htb	  90.0	  0.03	 2.000	  0.00	  0.00	 30.00	   0.0	 0.0250	 14.61	 1.6000	  8.23	  6.92	 0.830	 0.00007255	 0.501	  0.585	  1.60	  0.03	  0.0400	  0.0700	  0.0800	  0.0930	  0.1130	 0.9281	 0.00048356	 0.3280	 0.00000018	 0.2473	 0.88368376	  8.23	  6.39	 0.0250	 0.7881	 0.0001	
m60117c1r4.htb	  90.0	  0.03	 2.000	  0.00	  0.00	 30.00	   1.0	 0.0250	 19.03	 1.6000	  7.15	  6.92	 0.937	 0.00000000	 0.636	  0.604	  1.60	  0.03	  0.0250	  0.0400	  0.0450	  0.0510	  0.0600	 0.9665	 0.00007040	 0.5894	 0.00000000	 0.4486	 0.79908703	  7.15	 11.88	 0.0250	 0.5614	 0.0001	
m60119c2r2.htb	  30.0	  0.03	 6.000	  0.00	 10.00	 40.00	   0.0	 0.0250	 14.95	 1.6000	  7.70	  7.46	 0.968	 0.00164499	 0.426	  0.826	  1.60	  0.03	  0.0440	  0.0780	  0.0900	  0.1050	  0.1290	 0.9261	 0.00051768	 0.2586	 0.00000695	 0.1310	 0.93658725	  7.70	  7.25	 0.0250	 0.8401	 0.0001	
m60119c2r2.htb	  30.0	  0.03	 6.000	  0.00	 10.00	 40.00	   1.0	 0.0370	 15.02	 1.6000	  7.93	  7.46	 0.953	 0.00141492	 0.435	  0.804	  1.60	  0.03	  0.0340	  0.0530	  0.0590	  0.0670	  0.0770	 0.8432	 0.00350963	 0.2389	 0.00001764	 1.3239	 0.51584634	  7.93	  7.08	 0.0372	 0.4438	 0.0100	
m60124c1r3.htb	   0.0	  0.03	 2.000	  0.00	 10.00	 70.00	   0.0	 0.0250	 13.54	 1.6000	  3.38	  3.53	 1.015	 0.00000000	 0.671	  0.522	  1.60	  0.03	  0.0510	  0.0940	  0.1090	  0.1290	  0.1600	 0.9656	 0.00007556	 0.7199	 0.00000000	 0.8502	 0.65370492	  3.38	 10.16	 0.0250	 0.9274	 0.0001	
m60124c1r3.htb	   0.0	  0.03	 2.000	  0.00	 10.00	 70.00	   1.0	 0.0250	 15.42	 1.6000	  3.84	  3.53	 0.991	 0.00000000	 0.704	  0.560	  1.60	  0.03	  0.0410	  0.0730	  0.0830	  0.0970	  0.1180	 0.9421	 0.00027984	 0.6844	 0.00000000	 1.3781	 0.50204043	  3.84	 11.58	 0.0250	 0.8075	 0.0001	
m60124c2r3.htb	   0.0	  0.03	 4.000	  0.00	 10.00	 70.00	   0.0	 0.0250	  4.80	 0.3190	  1.00	  1.42	 1.126	 0.00000437	 0.607	  0.481	  1.60	  0.03	  0.0120	  0.0170	  0.0190	  0.0210	  0.0230	 0.8727	 0.00205816	 0.4957	 0.00000003	 3.3068	 0.19139336	  1.00	  3.81	 0.0250	 0.2874	 0.0004	
m60124c2r3.htb	   0.0	  0.03	 4.000	  0.00	 10.00	 70.00	   1.0	 0.0250	  3.70	 0.0520	  1.50	  1.42	 1.076	 0.02425468	 0.484	  0.511	  1.60	  0.03	  0.0040	  0.0050	  0.0060	  0.0060	  0.0070	 0.8652	 0.00238492	 0.2609	 0.00028636	 0.4800	 0.78661175	  1.50	  2.19	 0.0250	 0.0676	 0.0080	
m60124c3r6.htb	   0.0	  0.03	 4.000	  0.00	 10.00	 70.00	   0.0	 0.0340	  9.52	 1.2800	  5.67	  6.47	 1.261	 0.28954824	 0.340	  0.609	  1.60	  0.03	  0.0240	  0.0370	  0.0410	  0.0460	  0.0520	 0.9863	 0.00000749	 0.1586	 0.00556627	 0.0386	 0.98090416	  5.67	  3.85	 0.0343	 0.4222	 0.0001	
m60124c3r6.htb	   0.0	  0.03	 4.000	  0.00	 10.00	 70.00	   1.0	 0.0330	 11.28	 0.3190	  5.58	  6.47	 1.207	 0.06111081	 0.466	  0.522	  1.60	  0.03	  0.0150	  0.0220	  0.0240	  0.0260	  0.0300	 0.9098	 0.00085766	 0.2225	 0.00071354	 0.4610	 0.79412482	  5.58	  5.70	 0.0329	 0.2371	 0.0098	
m60124c4r2.htb	   0.0	  0.03	 4.000	 10.00	 -5.00	 70.00	   0.0	 0.0250	  1.82	 1.6000	  0.03	  0.20	 1.104	 0.00139212	 0.606	  0.463	  1.60	  0.03	  0.0460	  0.0820	  0.0950	  0.1120	  0.1370	 0.8196	 0.00503148	 0.4920	 0.00002246	 1.1383	 0.56601725	  0.03	  1.79	 0.0250	 0.8651	 0.0001	
m60124c4r2.htb	   0.0	  0.03	 4.000	 10.00	 -5.00	 70.00	   1.0	 0.0250	  2.87	 1.6000	  0.11	  0.20	 1.052	 0.00000003	 0.685	  0.360	  1.60	  0.03	  0.0260	  0.0430	  0.0480	  0.0550	  0.0640	 0.9744	 0.00003600	 0.8390	 0.00000000	 1.2708	 0.52973616	  0.11	  2.76	 0.0250	 0.5843	 0.0001	
m60124c5r1.htb	   0.0	  0.03	 4.000	  0.00	  0.00	 70.00	   0.0	 0.0250	 12.98	 1.6000	  6.07	  5.97	 0.986	 0.00055137	 0.573	  0.635	  1.60	  0.03	  0.0460	  0.0820	  0.0940	  0.1110	  0.1360	 0.8241	 0.00471768	 0.4525	 0.00000698	 2.5098	 0.28510283	  6.07	  6.91	 0.0250	 0.8609	 0.0001	
m60124c5r1.htb	   0.0	  0.03	 4.000	  0.00	  0.00	 70.00	   1.0	 0.0290	 10.80	 1.6000	  6.85	  5.97	 0.932	 0.16024219	 0.454	  0.559	  1.60	  0.03	  0.0550	  0.0950	  0.1090	  0.1260	  0.1520	 0.7306	 0.01425310	 0.1897	 0.00792643	 1.6928	 0.42895285	  6.85	  3.96	 0.0287	 0.7408	 0.0100	
m60213c2r2.htb	  30.0	  0.03	 2.000	  0.00	 15.00	 50.00	   0.0	 0.0250	  9.10	 1.6000	  0.69	  0.85	 1.019	 0.00000000	 0.652	  0.623	  1.60	  0.03	  0.0250	  0.0400	  0.0450	  0.0510	  0.0600	 0.9882	 0.00000521	 0.6182	 0.00000000	 0.5616	 0.75517769	  0.69	  8.41	 0.0250	 0.5620	 0.0001	
m60213c2r2.htb	  30.0	  0.03	 2.000	  0.00	 15.00	 50.00	   1.0	 0.0250	 10.14	 0.9990	  0.94	  0.85	 1.003	 0.00000000	 0.677	  0.573	  1.60	  0.03	  0.0170	  0.0260	  0.0290	  0.0330	  0.0370	 0.9976	 0.00000009	 0.6771	 0.00000000	 0.4623	 0.79361694	  0.94	  9.20	 0.0250	 0.4137	 0.0001	
m60213c3r2.htb	 120.0	  0.03	 2.000	  8.00	  0.00	 50.00	   0.0	 0.0290	 21.78	 1.6000	  2.93	  2.49	 0.977	 0.00000000	 0.689	  0.685	  1.60	  0.03	  0.0310	  0.0500	  0.0560	  0.0630	  0.0730	 0.9984	 0.00000004	 0.7959	 0.00000000	 0.1171	 0.94312934	  2.93	 18.85	 0.0289	 0.4869	 0.0100	
m60213c3r2.htb	 120.0	  0.03	 2.000	  8.00	  0.00	 50.00	   1.0	 0.0270	 23.15	 1.6000	  3.38	  2.49	 0.966	 0.00000000	 0.737	  0.565	  1.60	  0.03	  0.0330	  0.0540	  0.0610	  0.0700	  0.0830	 0.9981	 0.00000005	 0.8570	 0.00000000	 0.2867	 0.86643552	  3.38	 19.77	 0.0271	 0.6458	 0.0001	
m60213c4r2.htb	   0.0	  0.03	 4.000	  5.00	 12.00	 50.00	   0.0	 0.0250	  6.92	 1.6000	  1.32	  1.45	 1.024	 0.00000000	 0.572	  0.643	  1.60	  0.03	  0.0400	  0.0700	  0.0790	  0.0930	  0.1120	 0.9514	 0.00018027	 0.4800	 0.00000000	 0.2841	 0.86758950	  1.32	  5.59	 0.0250	 0.7874	 0.0001	
m60213c4r2.htb	   0.0	  0.03	 4.000	  5.00	 12.00	 50.00	   1.0	 0.0330	 11.44	 0.2670	  1.69	  1.45	 0.987	 0.00000000	 0.587	  0.571	  1.60	  0.03	  0.0140	  0.0200	  0.0220	  0.0240	  0.0270	 0.9769	 0.00002789	 0.4992	 0.00000000	 0.4524	 0.79754257	  1.69	  9.76	 0.0334	 0.2097	 0.0100	
m60220c1r2.htb	  30.0	  0.05	 2.000	  5.00	  8.00	 60.00	   0.0	 0.0250	  4.47	 1.6000	  1.17	  1.49	 1.107	 0.00000000	 0.606	  0.432	  1.60	  0.03	  0.0550	  0.1020	  0.1190	  0.1420	  0.1760	 0.8664	 0.00232941	 0.4914	 0.00000000	 0.8792	 0.64430217	  1.17	  3.29	 0.0250	 0.9673	 0.0001	
m60220c1r2.htb	  30.0	  0.05	 2.000	  5.00	  8.00	 60.00	   1.0	 0.0250	  5.10	 1.6000	  1.62	  1.49	 1.021	 0.00000000	 0.593	  0.397	  1.60	  0.03	  0.0310	  0.0510	  0.0580	  0.0660	  0.0790	 0.9264	 0.00051238	 0.5214	 0.00000000	 0.5655	 0.75369789	  1.62	  3.48	 0.0250	 0.6555	 0.0001	
m60317c1r2.htb	  30.0	  0.03	 2.000	  0.00	  0.00	 40.00	   0.0	 0.0250	  4.73	 1.0560	  1.44	  1.59	 1.049	 0.00000001	 0.584	  0.503	  1.60	  0.03	  0.0180	  0.0280	  0.0310	  0.0340	  0.0390	 0.8930	 0.00132475	 0.4681	 0.00000000	 0.6621	 0.71818635	  1.44	  3.29	 0.0250	 0.4294	 0.0001	
m60317c1r2.htb	  30.0	  0.03	 2.000	  0.00	  0.00	 40.00	   1.0	 0.0250	  4.76	 0.0260	  1.56	  1.59	 1.028	 0.00000029	 0.501	  0.579	  1.60	  0.03	  0.0020	  0.0020	  0.0020	  0.0020	  0.0020	 0.8692	 0.00220828	 0.4074	 0.00000000	 0.9442	 0.62370462	  1.56	  3.31	 0.0250	 0.0001	 0.0038	
m60317c2r2.htb	  30.0	  0.03	 2.000	 -5.00	  5.00	 50.00	   0.0	 0.0270	 23.49	 1.6000	 10.28	 10.15	 0.990	 0.00000000	 0.614	  0.592	  1.60	  0.03	  0.0310	  0.0500	  0.0570	  0.0650	  0.0770	 0.9729	 0.00004138	 0.5637	 0.00000000	 0.5936	 0.74318509	 10.28	 13.21	 0.0270	 0.6176	 0.0001	
m60317c2r2.htb	  30.0	  0.03	 2.000	 -5.00	  5.00	 50.00	   1.0	 0.0310	 26.77	 0.2670	 10.95	 10.15	 0.967	 0.00000004	 0.597	  0.650	  1.60	  0.03	  0.0130	  0.0190	  0.0210	  0.0230	  0.0260	 0.8939	 0.00129666	 0.4487	 0.00000000	 1.0730	 0.58479521	 10.95	 15.83	 0.0306	 0.2218	 0.0100	
m60404c2r2.htb	   0.0	  0.03	 2.000	  0.00	  0.00	 40.00	   0.0	 0.0310	 13.63	 1.6000	  5.43	  6.57	 1.161	 0.00000000	 0.604	  0.458	  1.60	  0.03	  0.0380	  0.0610	  0.0690	  0.0780	  0.0910	 0.9899	 0.00000352	 0.6596	 0.00000000	 0.0695	 0.96582700	  5.43	  8.20	 0.0312	 0.5374	 0.0100	
m60404c2r2.htb	   0.0	  0.03	 2.000	  0.00	  0.00	 40.00	   1.0	 0.0280	 13.13	 1.6000	  6.28	  6.57	 1.107	 0.00000009	 0.538	  0.524	  1.60	  0.03	  0.0270	  0.0430	  0.0480	  0.0550	  0.0640	 0.9689	 0.00005840	 0.4748	 0.00000000	 0.1870	 0.91075038	  6.28	  6.85	 0.0284	 0.5377	 0.0001	
m60407c1r2.htb	   0.0	  0.03	 2.000	  0.00	 -5.00	 40.00	   0.0	 0.0330	  6.06	 1.6000	  2.18	  2.44	 1.070	 0.02229687	 0.361	  0.939	  1.60	  0.03	  0.0320	  0.0520	  0.0590	  0.0670	  0.0780	 0.9635	 0.00008780	 0.1958	 0.00012558	 0.1729	 0.91719386	  2.18	  3.88	 0.0330	 0.5579	 0.0001	
m60407c1r2.htb	   0.0	  0.03	 2.000	  0.00	 -5.00	 40.00	   1.0	 0.0330	  5.76	 1.6000	  1.33	  2.44	 1.373	 0.00290690	 0.478	  0.851	  1.60	  0.03	  0.2760	  0.6130	  0.7250	  0.8640	  1.0390	 0.9089	 0.00087853	 0.2398	 0.00001694	 0.2526	 0.88133184	  0.00	  5.76	 0.0328	 2.2670	 0.0001	
m60407c2r2.htb	   0.0	  0.03	 2.000	  5.00	  0.00	 40.00	   0.0	 0.0250	 22.22	 1.6000	 14.26	 14.58	 1.043	 0.00011000	 0.506	  0.564	  1.60	  0.03	  0.0640	  0.1230	  0.1450	  0.1740	  0.2210	 0.8841	 0.00162146	 0.3065	 0.00000066	 0.4486	 0.79908124	 14.25	  7.97	 0.0250	 1.0613	 0.0001	
m60407c2r2.htb	   0.0	  0.03	 2.000	  5.00	  0.00	 40.00	   1.0	 0.0250	 20.81	 1.6000	 15.03	 14.58	 1.114	 0.04901219	 0.410	  0.558	  1.60	  0.03	  0.2540	  0.5890	  0.7030	  0.8450	  1.0260	 0.9100	 0.00085290	 0.1610	 0.00057614	 0.1304	 0.93688369	 13.20	  7.61	 0.0250	 2.4597	 0.0001	
m60407c3r2.htb	   0.0	  0.03	 2.000	  0.00	 -20.00	 40.00	   0.0	 0.0260	  5.26	 0.5100	  2.55	  3.08	 1.246	 0.01327461	 0.411	  0.593	  1.60	  0.03	  0.0150	  0.0220	  0.0240	  0.0270	  0.0310	 0.9250	 0.00053755	 0.2030	 0.00009077	 0.2028	 0.90355439	  2.55	  2.71	 0.0263	 0.3441	 0.0001	
m60407c3r2.htb	   0.0	  0.03	 2.000	  0.00	 -20.00	 40.00	   1.0	 0.0250	  5.62	 0.0260	  2.73	  3.08	 1.185	 0.00173400	 0.457	  0.562	  1.60	  0.03	  0.0020	  0.0020	  0.0020	  0.0020	  0.0020	 0.8734	 0.00203135	 0.2427	 0.00001477	 0.5837	 0.74686940	  2.73	  2.89	 0.0250	 0.0015	 0.0001	
m60407c4r2.htb	   0.0	  0.03	 2.000	 15.00	 -10.00	 50.00	   0.0	 0.0250	 14.18	 1.6000	  4.94	  3.58	 0.871	 0.00000002	 0.585	  0.656	  1.60	  0.03	  0.0430	  0.0760	  0.0870	  0.1020	  0.1250	 0.9577	 0.00012706	 0.4917	 0.00000000	 0.3283	 0.84859568	  4.94	  9.23	 0.0250	 0.8279	 0.0001	
m60407c4r2.htb	   0.0	  0.03	 2.000	 15.00	 -10.00	 50.00	   1.0	 0.0250	 18.24	 1.6000	  5.58	  3.58	 0.867	 0.00000000	 0.584	  0.703	  1.60	  0.03	  0.0270	  0.0450	  0.0510	  0.0580	  0.0680	 0.9981	 0.00000005	 0.5691	 0.00000000	 0.0189	 0.99059511	  5.58	 12.66	 0.0250	 0.6036	 0.0001	
m60407c5r2.htb	   0.0	  0.03	 2.000	 10.00	 -10.00	 40.00	   0.0	 0.0410	 15.00	 1.6000	  3.17	  4.78	 1.160	 0.00000000	 0.611	  0.659	  1.60	  0.03	  0.1180	  0.2230	  0.2610	  0.3120	  0.3900	 0.9919	 0.00000198	 0.5821	 0.00000000	 0.1384	 0.93314151	  3.14	 11.86	 0.0413	 1.0072	 0.0100	
m60407c5r2.htb	   0.0	  0.03	 2.000	 10.00	 -10.00	 40.00	   1.0	 0.0460	 17.37	 1.6000	  2.86	  4.78	 1.156	 0.00000000	 0.694	  0.589	  1.60	  0.03	  0.0840	  0.1520	  0.1750	  0.2060	  0.2530	 0.9796	 0.00002038	 0.7132	 0.00000000	 0.9813	 0.61221797	  2.85	 14.51	 0.0463	 0.8658	 0.0001	
m60413c3r2.htb	   0.0	  0.03	 2.000	  5.00	 -20.00	 50.00	   0.0	 0.0370	 25.03	 1.6000	 13.75	 12.14	 0.875	 0.00000000	 0.607	  0.522	  1.60	  0.03	  0.0610	  0.1030	  0.1170	  0.1350	  0.1620	 0.8657	 0.00236218	 0.5199	 0.00000000	 1.1848	 0.55298719	 13.75	 11.28	 0.0370	 0.6908	 0.0100	
m60413c3r2.htb	   0.0	  0.03	 2.000	  5.00	 -20.00	 50.00	   1.0	 0.0360	 25.81	 1.6000	 16.40	 12.14	 0.776	 0.00000000	 0.567	  0.386	  1.60	  0.03	  0.0420	  0.0680	  0.0760	  0.0870	  0.1010	 0.9717	 0.00004621	 0.5638	 0.00000000	 0.9593	 0.61900004	 16.40	  9.42	 0.0356	 0.5416	 0.0100	
m60413c4r2.htb	   0.0	  0.03	 2.000	 -10.00	 -10.00	 40.00	   0.0	 0.0250	  6.37	 1.6000	  0.61	  0.40	 0.965	 0.00000000	 0.685	  0.468	  1.60	  0.03	  0.0340	  0.0590	  0.0660	  0.0770	  0.0920	 0.9791	 0.00002148	 0.7287	 0.00000000	 0.8438	 0.65579563	  0.61	  5.76	 0.0250	 0.7117	 0.0001	
m60413c4r2.htb	   0.0	  0.03	 2.000	 -10.00	 -10.00	 40.00	   1.0	 0.0250	  7.19	 1.6000	  0.76	  0.40	 0.954	 0.00000000	 0.703	  0.412	  1.60	  0.03	  0.0270	  0.0450	  0.0500	  0.0570	  0.0680	 0.9946	 0.00000075	 0.8231	 0.00000000	 2.5679	 0.27694637	  0.76	  6.43	 0.0250	 0.6016	 0.0001	
m60413c5r2.htb	   0.0	  0.03	 2.000	 -10.00	 -10.00	 40.00	   0.0	 0.0250	 12.27	 1.6000	  2.16	  1.59	 0.946	 0.00000000	 0.684	  0.561	  1.60	  0.03	  0.0230	  0.0370	  0.0420	  0.0470	  0.0550	 0.9654	 0.00007641	 0.7108	 0.00000000	 1.1155	 0.57250402	  2.16	 10.11	 0.0250	 0.5328	 0.0001	
m60413c5r2.htb	   0.0	  0.03	 2.000	 -10.00	 -10.00	 40.00	   1.0	 0.0250	 10.16	 1.6000	  2.54	  1.59	 0.924	 0.00000000	 0.625	  0.616	  1.60	  0.03	  0.0340	  0.0570	  0.0650	  0.0750	  0.0900	 0.8356	 0.00396361	 0.4664	 0.00000000	 1.6037	 0.44850255	  2.54	  7.62	 0.0250	 0.7029	 0.0001	
m60414c2r2.htb	 250.0	  0.05	 2.000	  0.00	 -8.00	 40.00	   0.0	 0.0330	 17.54	 0.5500	  2.51	  3.28	 1.054	 0.00000000	 0.578	  0.765	  1.60	  0.03	  0.0180	  0.0270	  0.0300	  0.0330	  0.0370	 0.9996	 0.00000000	 0.5991	 0.00000000	 0.0043	 0.99784031	  2.51	 15.04	 0.0334	 0.3023	 0.0054	
m60414c2r2.htb	 250.0	  0.05	 2.000	  0.00	 -8.00	 40.00	   1.0	 0.0270	 18.63	 1.6000	  2.72	  3.28	 1.045	 0.00000000	 0.687	  0.663	  1.60	  0.03	  0.0270	  0.0430	  0.0480	  0.0550	  0.0640	 0.9862	 0.00000770	 0.7465	 0.00000000	 0.8723	 0.64651077	  2.72	 15.92	 0.0272	 0.5524	 0.0001	
m60418c1r2.htb	 180.0	  0.03	 2.000	 -5.00	 -10.00	 50.00	   0.0	 0.0280	 18.57	 1.5990	  1.49	  3.28	 1.117	 0.00000000	 0.585	  1.267	  1.60	  0.03	  0.0280	  0.0430	  0.0480	  0.0540	  0.0620	 0.9642	 0.00008325	 0.5999	 0.00000000	 0.4049	 0.81674083	  1.49	 17.08	 0.0279	 0.4467	 0.0100	
m60418c1r2.htb	 180.0	  0.03	 2.000	 -5.00	 -10.00	 50.00	   1.0	 0.0250	 14.53	 1.6000	  0.99	  3.28	 1.163	 0.00000000	 0.590	  1.216	  1.60	  0.03	  0.1350	  0.3050	  0.3720	  0.4670	  0.6120	 0.8005	 0.00652510	 0.4543	 0.00000000	 1.8613	 0.39430613	  0.50	 14.03	 0.0250	 1.6039	 0.0001	
m60420c1r2.htb	   0.0	  0.03	 2.000	 -10.00	 10.00	 40.00	   0.0	 0.0250	  6.82	 1.6000	  2.08	  1.59	 0.907	 0.00000000	 0.619	  0.439	  1.60	  0.03	  0.0330	  0.0560	  0.0640	  0.0740	  0.0880	 0.9180	 0.00067311	 0.5309	 0.00000000	 1.0763	 0.58382227	  2.08	  4.74	 0.0250	 0.6946	 0.0001	
m60420c1r2.htb	   0.0	  0.03	 2.000	 -10.00	 10.00	 40.00	   1.0	 0.0250	  7.78	 0.0260	  2.50	  1.59	 0.875	 0.00000000	 0.624	  0.469	  1.60	  0.03	  0.0020	  0.0020	  0.0020	  0.0020	  0.0020	 0.7876	 0.00767690	 0.5306	 0.00000000	 6.2859	 0.04315494	  2.50	  5.27	 0.0250	 0.0001	 0.0021	
m60421c1r2.htb	   0.0	  0.03	 2.000	  8.00	 -10.00	 40.00	   0.0	 0.0250	 14.23	 1.6000	  1.70	  1.34	 0.972	 0.00000000	 0.625	  0.846	  1.60	  0.03	  0.0390	  0.0680	  0.0780	  0.0910	  0.1100	 0.9586	 0.00012016	 0.7028	 0.00000000	 0.6518	 0.72189396	  1.70	 12.53	 0.0250	 0.7777	 0.0001	
m60421c1r2.htb	   0.0	  0.03	 2.000	  8.00	 -10.00	 40.00	   1.0	 0.0250	 14.97	 1.6000	  2.99	  1.34	 0.923	 0.00000000	 0.677	  0.635	  1.60	  0.03	  0.0270	  0.0450	  0.0500	  0.0570	  0.0680	 0.9394	 0.00031390	 0.7624	 0.00000000	 2.8694	 0.23818296	  2.99	 11.98	 0.0250	 0.6011	 0.0001	
m60421c2r2.htb	   0.0	  0.03	 2.000	 18.00	 -10.00	 40.00	   0.0	 0.0250	 11.04	 1.6000	  1.20	  1.79	 1.063	 0.00000000	 0.696	  0.597	  1.60	  0.03	  0.0480	  0.0870	  0.1000	  0.1180	  0.1460	 0.8704	 0.00215481	 0.7285	 0.00000000	 3.1629	 0.20567819	  1.20	  9.84	 0.0250	 0.8895	 0.0001	
m60421c2r2.htb	   0.0	  0.03	 2.000	 18.00	 -10.00	 40.00	   1.0	 0.0250	 13.08	 1.6000	  1.86	  1.79	 1.022	 0.00000000	 0.764	  0.410	  1.60	  0.03	  0.0380	  0.0650	  0.0740	  0.0860	  0.1040	 0.9160	 0.00071594	 0.8136	 0.00000000	 3.0075	 0.22229949	  1.86	 11.21	 0.0250	 0.7582	 0.0001	
m60421c3r2.htb	   0.0	  0.03	 2.000	 10.00	  5.00	 40.00	   0.0	 0.0250	 24.85	 1.6000	  7.31	  8.76	 1.090	 0.00000000	 0.648	  0.719	  1.60	  0.03	  0.0440	  0.0750	  0.0840	  0.0970	  0.1160	 0.9562	 0.00013824	 0.6677	 0.00000000	 0.5795	 0.74845337	  7.31	 17.55	 0.0250	 0.6769	 0.0100	
m60421c3r2.htb	   0.0	  0.03	 2.000	 10.00	  5.00	 40.00	   1.0	 0.0300	 30.22	 1.6000	  7.75	  8.76	 1.062	 0.00000000	 0.668	  0.711	  1.60	  0.03	  0.0440	  0.0740	  0.0830	  0.0950	  0.1130	 0.9917	 0.00000211	 0.7950	 0.00000000	 0.2550	 0.88029192	  7.75	 22.47	 0.0298	 0.6226	 0.0100	
m60424c3r2.htb	   0.0	  0.03	 2.000	 10.00	  0.00	 40.00	   0.0	 0.0250	 21.86	 1.6000	  1.57	  0.65	 0.960	 0.00000000	 0.760	  0.597	  1.60	  0.03	  0.0840	  0.1730	  0.2060	  0.2540	  0.3290	 0.9572	 0.00013054	 0.8657	 0.00000000	 2.9558	 0.22811374	  1.50	 20.36	 0.0250	 1.2398	 0.0001	
m60424c3r2.htb	   0.0	  0.03	 2.000	 10.00	  0.00	 40.00	   1.0	 0.0250	 27.57	 1.6000	  2.77	  0.65	 0.937	 0.00000000	 0.799	  0.518	  1.60	  0.03	  0.0750	  0.1510	  0.1790	  0.2190	  0.2810	 0.9639	 0.00008505	 0.9071	 0.00000000	 2.8379	 0.24196656	  2.73	 24.84	 0.0250	 1.1678	 0.0001	
m60424c4r2.htb	   0.0	  0.03	 2.000	  0.00	  0.00	 30.00	   0.0	 0.0250	 16.91	 1.6000	  2.54	  1.49	 0.932	 0.00000000	 0.742	  0.516	  1.60	  0.03	  0.0630	  0.1200	  0.1410	  0.1700	  0.2140	 0.9553	 0.00014574	 0.8105	 0.00000000	 1.8804	 0.39055311	  2.54	 14.37	 0.0250	 1.0482	 0.0001	
m60424c4r2.htb	   0.0	  0.03	 2.000	  0.00	  0.00	 30.00	   1.0	 0.0250	 18.05	 1.6000	  5.07	  1.49	 0.853	 0.00000000	 0.723	  0.504	  1.60	  0.03	  0.0490	  0.0880	  0.1020	  0.1210	  0.1490	 0.9226	 0.00058273	 0.7237	 0.00000000	 1.9000	 0.38673938	  5.07	 12.97	 0.0250	 0.8973	 0.0001	
m60424c5r2.htb	   0.0	  0.03	 2.000	  0.00	  0.00	 40.00	   0.0	 0.0250	 22.74	 1.6000	  3.66	  4.18	 1.030	 0.00000000	 0.745	  0.561	  1.60	  0.03	  0.0770	  0.1540	  0.1830	  0.2230	  0.2870	 0.9518	 0.00017589	 0.8281	 0.00000000	 1.9445	 0.37822843	  3.62	 19.12	 0.0250	 1.1771	 0.0001	
m60424c5r2.htb	   0.0	  0.03	 2.000	  0.00	  0.00	 40.00	   1.0	 0.0250	 25.34	 1.6000	  7.24	  4.18	 0.931	 0.00000000	 0.698	  0.571	  1.60	  0.03	  0.0370	  0.0640	  0.0730	  0.0850	  0.1020	 0.9684	 0.00006096	 0.7726	 0.00000000	 0.6233	 0.73223694	  7.24	 18.10	 0.0250	 0.7499	 0.0001	
m60518c1r2.htb	   0.0	  0.03	 2.000	  8.00	 -10.00	 40.00	   0.0	 0.0250	 19.88	 1.6000	  0.34	  0.15	 0.990	 0.00000000	 0.692	  0.992	  1.60	  0.03	  0.0600	  0.1130	  0.1330	  0.1590	  0.2000	 0.8975	 0.00118524	 0.7437	 0.00000000	 2.5695	 0.27671314	  0.34	 19.55	 0.0250	 1.0193	 0.0001	
m60518c1r2.htb	   0.0	  0.03	 2.000	  8.00	 -10.00	 40.00	   1.0	 0.0250	 17.72	 1.6000	  0.11	  0.15	 0.998	 0.00000000	 0.679	  1.048	  1.60	  0.03	  0.0880	  0.1840	  0.2200	  0.2710	  0.3530	 0.8585	 0.00269721	 0.6743	 0.00000000	 2.5501	 0.27941639	  0.03	 17.69	 0.0250	 1.2742	 0.0001	
m60519c1r2.htb	   0.0	  0.03	 2.000	  0.00	 -10.00	 40.00	   0.0	 0.0270	 23.12	 1.6000	  4.64	  2.99	 0.918	 0.00000000	 0.709	  0.561	  1.60	  0.03	  0.0490	  0.0880	  0.1020	  0.1200	  0.1470	 0.9969	 0.00000019	 0.8855	 0.00000000	 0.1673	 0.91975018	  4.64	 18.48	 0.0271	 0.8591	 0.0001	
m60519c1r2.htb	   0.0	  0.03	 2.000	  0.00	 -10.00	 40.00	   1.0	 0.0360	 24.51	 1.6000	  7.28	  2.99	 0.855	 0.00000000	 0.755	  0.406	  1.60	  0.03	  0.0370	  0.0610	  0.0680	  0.0780	  0.0920	 0.9626	 0.00009326	 0.8617	 0.00000000	 2.0750	 0.35433307	  7.28	 17.24	 0.0358	 0.5857	 0.0001	
m60519c2r2.htb	   0.0	  0.03	 2.000	  5.00	  0.00	 30.00	   0.0	 0.0310	 29.24	 1.6000	  5.58	  6.07	 1.021	 0.00000000	 0.730	  0.592	  1.60	  0.03	  0.0290	  0.0470	  0.0530	  0.0600	  0.0710	 0.9941	 0.00000090	 0.8727	 0.00000000	 0.3797	 0.82706930	  5.58	 23.67	 0.0305	 0.5531	 0.0001	
m60519c2r2.htb	   0.0	  0.03	 2.000	  5.00	  0.00	 30.00	   1.0	 0.0250	 27.62	 1.6000	  6.56	  6.07	 1.001	 0.00000000	 0.747	  0.489	  1.60	  0.03	  0.0370	  0.0630	  0.0710	  0.0830	  0.1000	 0.9812	 0.00001650	 0.8696	 0.00000000	 3.6175	 0.16385619	  6.56	 21.06	 0.0250	 0.7421	 0.0001	
m60519c4r2.htb	   0.0	  0.03	 2.000	  5.00	  0.00	 30.00	   0.0	 0.0250	 30.01	 1.6000	 10.21	  7.31	 0.873	 0.00000000	 0.736	  0.443	  1.60	  0.03	  0.0510	  0.0930	  0.1080	  0.1280	  0.1580	 0.9834	 0.00001211	 0.8465	 0.00000000	 1.8410	 0.39832835	 10.21	 19.81	 0.0250	 0.9231	 0.0001	
m60519c4r2.htb	   0.0	  0.03	 2.000	  5.00	  0.00	 30.00	   1.0	 0.0250	 31.04	 1.6000	 10.29	  7.31	 0.874	 0.00000000	 0.636	  0.728	  1.60	  0.03	  0.0550	  0.1030	  0.1200	  0.1440	  0.1790	 0.9869	 0.00000664	 0.7580	 0.00000000	 0.1341	 0.93515861	 10.29	 20.75	 0.0250	 0.9737	 0.0001	
m60519c5r2.htb	   0.0	  0.03	 2.000	  5.00	  0.00	 30.00	   0.0	 0.0340	 22.78	 1.6000	  4.14	  2.69	 0.927	 0.00000000	 0.747	  0.447	  1.60	  0.03	  0.0350	  0.0570	  0.0640	  0.0730	  0.0860	 0.9987	 0.00000002	 0.8998	 0.00000000	 0.1868	 0.91083378	  4.14	 18.64	 0.0336	 0.5866	 0.0001	
m60519c5r2.htb	   0.0	  0.03	 2.000	  5.00	  0.00	 30.00	   1.0	 0.0320	 22.88	 1.6000	  5.17	  2.69	 0.902	 0.00000000	 0.740	  0.479	  1.60	  0.03	  0.0310	  0.0510	  0.0570	  0.0650	  0.0760	 0.9854	 0.00000884	 0.8509	 0.00000000	 0.8195	 0.66382702	  5.17	 17.72	 0.0316	 0.5668	 0.0001	
m60519c6r2.htb	   0.0	  0.03	 2.000	  0.00	  0.00	 30.00	   0.0	 0.0250	 25.67	 1.6000	  4.44	  3.33	 0.951	 0.00000000	 0.795	  0.415	  1.60	  0.03	  0.0470	  0.0860	  0.0990	  0.1170	  0.1440	 0.9715	 0.00004721	 0.9100	 0.00000000	 3.2890	 0.19311095	  4.44	 21.23	 0.0250	 0.8840	 0.0001	
m60519c6r2.htb	   0.0	  0.03	 2.000	  0.00	  0.00	 30.00	   1.0	 0.0320	 27.34	 1.6000	  7.45	  3.33	 0.885	 0.00000000	 0.777	  0.413	  1.60	  0.03	  0.0320	  0.0510	  0.0570	  0.0650	  0.0760	 0.9664	 0.00007114	 0.8683	 0.00000000	 3.1413	 0.20790618	  7.45	 19.89	 0.0322	 0.5572	 0.0001	
m60526c1r2.htb	   0.0	  0.03	 2.000	 -5.00	  0.00	 40.00	   0.0	 0.0250	 21.61	 1.6000	  2.27	  1.99	 1.019	 0.00000000	 0.647	  0.941	  1.60	  0.03	  0.1320	  0.3000	  0.3650	  0.4580	  0.6010	 0.9704	 0.00005166	 0.7012	 0.00000000	 0.4498	 0.79859986	  1.61	 20.00	 0.0250	 1.5898	 0.0001	
m60526c1r2.htb	   0.0	  0.03	 2.000	 -5.00	  0.00	 40.00	   1.0	 0.0250	 20.14	 1.6000	  3.59	  1.99	 1.009	 0.00000000	 0.630	  0.817	  1.60	  0.03	  0.1760	  0.4110	  0.5010	  0.6230	  0.7980	 0.9853	 0.00000900	 0.6389	 0.00000000	 0.1611	 0.92260796	  2.03	 18.11	 0.0250	 1.8753	 0.0001	
m60526c2r2.htb	   0.0	  0.03	 2.000	  0.00	  0.00	 40.00	   0.0	 0.0250	 27.78	 1.6000	  7.67	  7.91	 1.013	 0.00000000	 0.613	  0.903	  1.60	  0.03	  0.0690	  0.1360	  0.1600	  0.1940	  0.2470	 0.9406	 0.00029855	 0.6328	 0.00000000	 0.5966	 0.74208987	  7.65	 20.13	 0.0250	 1.1109	 0.0001	
m60526c2r2.htb	   0.0	  0.03	 2.000	  0.00	  0.00	 40.00	   1.0	 0.0250	 28.74	 1.6000	  8.27	  7.91	 1.003	 0.00000000	 0.690	  0.686	  1.60	  0.03	  0.1010	  0.2170	  0.2630	  0.3270	  0.4280	 0.9325	 0.00041262	 0.7248	 0.00000000	 2.5955	 0.27314144	  8.06	 20.68	 0.0250	 1.3738	 0.0001	
m60526c3r2.htb	   0.0	  0.03	 2.000	  8.00	  8.00	 40.00	   0.0	 0.0340	 20.31	 1.6000	  3.94	  4.68	 1.047	 0.00000000	 0.652	  0.660	  1.60	  0.03	  0.0370	  0.0620	  0.0700	  0.0800	  0.0950	 0.9968	 0.00000019	 0.7804	 0.00000000	 0.4918	 0.78198813	  3.94	 16.38	 0.0335	 0.6204	 0.0001	
m60526c3r2.htb	   0.0	  0.03	 2.000	  8.00	  8.00	 40.00	   1.0	 0.0320	 23.77	 1.6000	  4.81	  4.68	 1.015	 0.00000000	 0.700	  0.586	  1.60	  0.03	  0.0300	  0.0490	  0.0550	  0.0620	  0.0730	 0.9939	 0.00000099	 0.8382	 0.00000000	 0.3351	 0.84571353	  4.81	 18.97	 0.0322	 0.5409	 0.0001	
m60526c4r2.htb	   0.0	  0.03	 2.000	  0.00	 -10.00	 40.00	   0.0	 0.0250	 18.80	 1.6000	  4.09	  5.32	 1.091	 0.00000000	 0.668	  0.662	  1.60	  0.03	  0.0410	  0.0730	  0.0830	  0.0980	  0.1190	 0.9530	 0.00016521	 0.7148	 0.00000000	 0.7513	 0.68684938	  4.09	 14.70	 0.0250	 0.8085	 0.0001	
m60526c4r2.htb	   0.0	  0.03	 2.000	  0.00	 -10.00	 40.00	   1.0	 0.0250	 17.35	 1.6000	  4.72	  5.32	 1.074	 0.00000000	 0.671	  0.606	  1.60	  0.03	  0.0770	  0.1560	  0.1860	  0.2270	  0.2920	 0.9362	 0.00035799	 0.6160	 0.00000000	 0.6901	 0.70817878	  4.69	 12.66	 0.0250	 1.1849	 0.0001	
m60526c5r2.htb	   0.0	  0.03	 2.000	 -5.00	 -5.00	 40.00	   0.0	 0.0250	  5.34	 1.6000	  2.84	  2.79	 2.090	 0.40759419	 0.316	  0.903	  1.60	  0.03	  0.3500	  0.7580	  0.8780	  1.0170	  1.1760	 0.8399	 0.00370004	 0.0758	 0.02110234	 0.0968	 0.95274401	  0.00	  5.34	 0.0250	 3.6939	 0.0001	
m60526c5r2.htb	   0.0	  0.03	 2.000	 -5.00	 -5.00	 40.00	   1.0	 0.0250	  7.22	 1.6000	  2.58	  2.79	 1.313	 0.00357508	 0.462	  0.792	  1.60	  0.03	  0.1160	  0.2380	  0.2840	  0.3480	  0.4480	 0.9175	 0.00068427	 0.2367	 0.00001951	 0.2141	 0.89845896	  2.54	  4.68	 0.0250	 1.2418	 0.0100	
m60623c1r2.htb	   0.0	  0.03	 2.000	  0.00	  0.00	 40.00	   0.0	 0.0250	 15.93	 1.6000	  4.99	  7.81	 1.354	 0.00000124	 0.501	  0.984	  1.60	  0.03	  0.0880	  0.1840	  0.2200	  0.2710	  0.3530	 0.9502	 0.00019184	 0.4193	 0.00000000	 0.3203	 0.85203012	  4.94	 11.00	 0.0250	 1.2744	 0.0001	
m60623c1r2.htb	   0.0	  0.03	 2.000	  0.00	  0.00	 40.00	   1.0	 0.0250	 17.60	 1.6000	  4.75	  7.81	 1.330	 0.00000000	 0.571	  0.895	  1.60	  0.03	  0.0580	  0.1100	  0.1280	  0.1540	  0.1930	 0.9597	 0.00011199	 0.5588	 0.00000000	 0.4807	 0.78633299	  4.75	 12.85	 0.0250	 1.0043	 0.0001	
m60623c2r2.htb	   0.0	  0.03	 2.000	  0.00	  0.00	 40.00	   0.0	 0.0420	 13.80	 1.6000	  4.67	  4.13	 0.944	 0.00000000	 0.652	  0.448	  1.60	  0.03	  0.0670	  0.1190	  0.1360	  0.1600	  0.1940	 0.9933	 0.00000124	 0.7278	 0.00000000	 0.3391	 0.84406344	  4.67	  9.13	 0.0416	 0.8057	 0.0001	
m60623c2r2.htb	   0.0	  0.03	 2.000	  0.00	  0.00	 40.00	   1.0	 0.0370	 14.92	 1.6000	  5.03	  4.13	 0.929	 0.00000000	 0.666	  0.466	  1.60	  0.03	  0.0810	  0.1510	  0.1750	  0.2090	  0.2600	 0.9614	 0.00010069	 0.6865	 0.00000000	 0.9472	 0.62275347	  5.03	  9.89	 0.0374	 0.9636	 0.0001	
m60626c1r2.htb	   0.0	  0.03	 2.000	 10.00	 -13.00	 30.00	   0.0	 0.0330	 24.94	 1.6000	  5.19	  4.23	 0.954	 0.00000000	 0.612	  0.859	  1.60	  0.03	  0.0820	  0.1570	  0.1840	  0.2210	  0.2790	 0.9894	 0.00000397	 0.6188	 0.00000000	 0.1450	 0.93006817	  5.17	 19.76	 0.0331	 1.0436	 0.0001	
m60626c1r2.htb	   0.0	  0.03	 2.000	 10.00	 -13.00	 30.00	   1.0	 0.0250	 21.42	 1.6000	  5.01	  4.23	 0.980	 0.00000031	 0.572	  0.904	  1.60	  0.03	  0.1580	  0.3670	  0.4480	  0.5600	  0.7250	 0.9429	 0.00027031	 0.4407	 0.00000000	 0.3003	 0.86056091	  3.94	 17.49	 0.0250	 1.7602	 0.0001	
m60626c3r2.htb	   0.0	  0.03	 2.000	  0.00	 -10.00	 40.00	   0.0	 0.0250	 18.08	 1.6000	  6.71	  4.43	 0.833	 0.00000000	 0.638	  0.610	  1.60	  0.03	  0.0410	  0.0710	  0.0810	  0.0950	  0.1150	 0.9158	 0.00071956	 0.5530	 0.00000000	 0.8552	 0.65206956	  6.71	 11.36	 0.0250	 0.7977	 0.0001	
m60626c3r2.htb	   0.0	  0.03	 2.000	  0.00	 -10.00	 40.00	   1.0	 0.0250	 20.52	 1.6000	  6.81	  4.43	 0.844	 0.00000000	 0.608	  0.651	  1.60	  0.03	  0.0390	  0.0680	  0.0770	  0.0900	  0.1080	 0.9958	 0.00000038	 0.6253	 0.00000000	 0.0369	 0.98171317	  6.81	 13.71	 0.0252	 0.7695	 0.0001	
m60628c3r2.htb	   0.0	  0.03	 2.000	 10.00	  0.00	 40.00	   0.0	 0.0270	 17.40	 1.6000	  6.15	  6.42	 1.024	 0.00000000	 0.634	  0.524	  1.60	  0.03	  0.0530	  0.0980	  0.1130	  0.1340	  0.1660	 0.9932	 0.00000129	 0.6838	 0.00000000	 0.1096	 0.94666757	  6.15	 11.25	 0.0268	 0.9142	 0.0001	
m60628c3r2.htb	   0.0	  0.03	 2.000	 10.00	  0.00	 40.00	   1.0	 0.0250	 20.02	 1.6000	  6.86	  6.42	 0.990	 0.00000000	 0.638	  0.536	  1.60	  0.03	  0.0340	  0.0580	  0.0660	  0.0760	  0.0910	 0.9982	 0.00000005	 0.7222	 0.00000000	 0.0098	 0.99511470	  6.86	 13.15	 0.0250	 0.7091	 0.0001	
m60629c3r2.htb	   0.0	  0.03	 2.000	  8.00	 -12.00	 40.00	   0.0	 0.0250	 31.62	 1.6000	 13.39	 13.03	 0.981	 0.00000000	 0.705	  0.449	  1.60	  0.03	  0.0470	  0.0850	  0.0980	  0.1150	  0.1420	 0.9849	 0.00000956	 0.7941	 0.00000000	 0.3674	 0.83217907	 13.39	 18.23	 0.0250	 0.8788	 0.0001	
m60629c3r2.htb	   0.0	  0.03	 2.000	  8.00	 -12.00	 40.00	   1.0	 0.0290	 31.85	 1.6000	 14.68	 13.03	 0.946	 0.00000000	 0.629	  0.583	  1.60	  0.03	  0.0440	  0.0760	  0.0870	  0.1020	  0.1230	 0.9521	 0.00017394	 0.6577	 0.00000000	 0.5398	 0.76344908	 14.68	 17.17	 0.0287	 0.7704	 0.0001	
m60629c4r2.htb	   0.0	  0.03	 2.000	 -8.00	 -10.00	 40.00	   0.0	 0.0250	 17.46	 1.6000	  4.20	  3.13	 0.932	 0.00000000	 0.686	  0.509	  1.60	  0.03	  0.0950	  0.1980	  0.2380	  0.2940	  0.3830	 0.9929	 0.00000143	 0.7784	 0.00000000	 0.1387	 0.93300646	  4.11	 13.35	 0.0250	 1.3000	 0.0009	
m60629c4r2.htb	   0.0	  0.03	 2.000	 -8.00	 -10.00	 40.00	   1.0	 0.0250	 16.95	 1.6000	  5.49	  3.13	 0.884	 0.00000000	 0.646	  0.483	  1.60	  0.03	  0.0860	  0.1770	  0.2110	  0.2600	  0.3380	 0.9998	 0.00000000	 0.7278	 0.00000000	 0.0030	 0.99851939	  5.44	 11.51	 0.0250	 1.2528	 0.0001	
m60719c2r2.htb	 170.0	  0.03	 2.000	 10.00	 -10.00	 40.00	   0.0	 0.0250	  6.77	 1.5470	  2.16	  2.84	 1.173	 0.00000002	 0.558	  0.486	  1.60	  0.03	  0.0200	  0.0320	  0.0350	  0.0400	  0.0460	 0.9948	 0.00000066	 0.5095	 0.00000000	 0.0822	 0.95972200	  2.16	  4.61	 0.0250	 0.4754	 0.0001	
m60719c2r2.htb	 170.0	  0.03	 2.000	 10.00	 -10.00	 40.00	   1.0	 0.0250	  6.49	 1.6000	  2.39	  2.84	 1.150	 0.00000028	 0.604	  0.447	  1.60	  0.03	  0.0450	  0.0800	  0.0930	  0.1090	  0.1330	 0.9062	 0.00094713	 0.4248	 0.00000000	 1.0003	 0.60643193	  2.39	  4.10	 0.0250	 0.8542	 0.0001	
m60719c3r2.htb	   0.0	  0.03	 2.000	 10.00	  0.00	 40.00	   0.0	 0.0250	  1.52	 1.1240	  0.10	  0.15	 1.039	 0.00000725	 0.554	  0.431	  1.60	  0.03	  0.0180	  0.0270	  0.0300	  0.0340	  0.0390	 0.9674	 0.00006574	 0.3931	 0.00000001	 0.6050	 0.73896106	  0.10	  1.42	 0.0250	 0.4258	 0.0001	
m60719c3r2.htb	   0.0	  0.03	 2.000	 10.00	  0.00	 40.00	   1.0	 0.0250	  1.73	 0.4150	  0.09	  0.15	 1.038	 0.00021063	 0.554	  0.472	  1.60	  0.03	  0.0130	  0.0190	  0.0200	  0.0230	  0.0260	 0.9624	 0.00009439	 0.3189	 0.00000035	 0.4693	 0.79084943	  0.09	  1.64	 0.0250	 0.3135	 0.0001	
m60720c1r2.htb	   0.0	  0.03	 2.000	  0.00	  0.00	 40.00	   0.0	 0.0290	 14.96	 1.6000	  1.10	  1.59	 1.036	 0.00000000	 0.642	  0.781	  1.60	  0.03	  0.0290	  0.0460	  0.0520	  0.0590	  0.0690	 0.9970	 0.00000017	 0.8110	 0.00000000	 0.0246	 0.98776865	  1.10	 13.86	 0.0295	 0.5498	 0.0001	
m60720c1r2.htb	   0.0	  0.03	 2.000	  0.00	  0.00	 40.00	   1.0	 0.0250	 15.04	 1.6000	  1.81	  1.59	 1.010	 0.00000000	 0.607	  0.885	  1.60	  0.03	  0.0350	  0.0580	  0.0650	  0.0740	  0.0870	 0.9960	 0.00000034	 0.6838	 0.00000000	 0.0560	 0.97239295	  1.81	 13.23	 0.0250	 0.5749	 0.0100	
m60720c1r2.htb	   0.0	  0.03	 2.000	  0.00	  0.00	 40.00	   0.0	 0.0290	 14.96	 1.6000	  1.10	  1.59	 1.036	 0.00000000	 0.642	  0.781	  1.60	  0.03	  0.0290	  0.0460	  0.0520	  0.0590	  0.0690	 0.9970	 0.00000017	 0.8110	 0.00000000	 0.0246	 0.98776844	  1.10	 13.86	 0.0295	 0.5498	 0.0001	
m60720c1r2.htb	   0.0	  0.03	 2.000	  0.00	  0.00	 40.00	   1.0	 0.0250	 15.04	 1.6000	  1.81	  1.59	 1.010	 0.00000000	 0.607	  0.885	  1.60	  0.03	  0.0350	  0.0580	  0.0650	  0.0740	  0.0870	 0.9960	 0.00000034	 0.6838	 0.00000000	 0.0560	 0.97239311	  1.81	 13.23	 0.0250	 0.5749	 0.0100	
m60720c1r2.htb	   0.0	  0.03	 2.000	  0.00	  0.00	 40.00	   0.0	 0.0290	 14.96	 1.6000	  1.10	  1.59	 1.036	 0.00000000	 0.642	  0.781	  1.60	  0.03	  0.0290	  0.0460	  0.0520	  0.0590	  0.0690	 0.9970	 0.00000017	 0.8110	 0.00000000	 0.0246	 0.98776832	  1.10	 13.86	 0.0295	 0.5498	 0.0001	
m60720c1r2.htb	   0.0	  0.03	 2.000	  0.00	  0.00	 40.00	   1.0	 0.0250	 15.04	 1.6000	  1.81	  1.59	 1.010	 0.00000000	 0.607	  0.885	  1.60	  0.03	  0.0350	  0.0580	  0.0650	  0.0740	  0.0870	 0.9960	 0.00000034	 0.6838	 0.00000000	 0.0560	 0.97239545	  1.81	 13.23	 0.0250	 0.5749	 0.0100	
m60720c2r2.htb	   0.0	  0.03	 2.000	  5.00	 -10.00	 40.00	   0.0	 0.0250	 31.20	 1.6000	  3.28	  2.24	 0.964	 0.00000000	 0.736	  0.711	  1.60	  0.03	  0.0530	  0.0980	  0.1130	  0.1350	  0.1670	 0.9977	 0.00000009	 0.8908	 0.00000000	 0.0801	 0.96073560	  3.27	 27.93	 0.0250	 0.9453	 0.0001	
m60720c2r2.htb	   0.0	  0.03	 2.000	  5.00	 -10.00	 40.00	   1.0	 0.0250	 31.88	 1.6000	  5.93	  2.24	 0.919	 0.00000000	 0.725	  0.662	  1.60	  0.03	  0.0670	  0.1300	  0.1530	  0.1850	  0.2350	 0.9908	 0.00000279	 0.8474	 0.00000000	 0.8613	 0.65008048	  5.91	 25.97	 0.0250	 1.0875	 0.0001	
m60720c3r2.htb	   0.0	  0.03	 2.000	 -8.00	 -10.00	 40.00	   0.0	 0.0320	 19.88	 1.5930	  0.80	  1.00	 1.010	 0.00000000	 0.704	  0.773	  1.60	  0.03	  0.0280	  0.0440	  0.0490	  0.0550	  0.0630	 0.9973	 0.00000013	 0.8626	 0.00000000	 0.2865	 0.86654896	  0.80	 19.07	 0.0320	 0.4203	 0.0100	
m60720c3r2.htb	   0.0	  0.03	 2.000	 -8.00	 -10.00	 40.00	   1.0	 0.0250	 19.54	 1.6000	  0.56	  1.00	 1.017	 0.00000000	 0.776	  0.629	  1.60	  0.03	  0.0330	  0.0560	  0.0630	  0.0730	  0.0870	 0.9906	 0.00000292	 0.8737	 0.00000000	 1.6947	 0.42855403	  0.56	 18.98	 0.0250	 0.6929	 0.0001	
m60721c4r2.htb	  90.0	  0.03	 2.000	 -10.00	  0.00	 40.00	   0.0	 0.0250	 21.63	 1.6000	  3.09	  1.49	 0.921	 0.00000000	 0.737	  0.584	  1.60	  0.03	  0.0300	  0.0500	  0.0560	  0.0650	  0.0770	 0.9787	 0.00002269	 0.8865	 0.00000000	 0.8844	 0.64261495	  3.09	 18.54	 0.0250	 0.6467	 0.0001	
m60721c4r2.htb	  90.0	  0.03	 2.000	 -10.00	  0.00	 40.00	   1.0	 0.0250	 27.77	 0.0260	  4.55	  1.49	 0.897	 0.00000000	 0.755	  0.517	  1.60	  0.03	  0.0020	  0.0020	  0.0020	  0.0020	  0.0020	 0.8384	 0.00379438	 0.7493	 0.00000000	 9.8278	 0.00734370	  4.55	 23.22	 0.0250	 0.0000	 0.0001	
m60721c5r2.htb	  90.0	  0.03	 2.000	  0.00	 -8.00	 40.00	   0.0	 0.0250	 27.92	 1.4200	  2.81	  1.44	 0.948	 0.00000000	 0.812	  0.446	  1.60	  0.03	  0.0190	  0.0300	  0.0330	  0.0370	  0.0430	 0.9949	 0.00000063	 0.9371	 0.00000000	 1.0646	 0.58724382	  2.81	 25.11	 0.0250	 0.4554	 0.0001	
m60721c5r2.htb	  90.0	  0.03	 2.000	  0.00	 -8.00	 40.00	   1.0	 0.0250	 26.84	 1.5720	  4.54	  1.44	 0.915	 0.00000000	 0.786	  0.458	  1.60	  0.03	  0.0210	  0.0330	  0.0360	  0.0410	  0.0470	 0.9897	 0.00000366	 0.8966	 0.00000000	 1.6428	 0.43980805	  4.54	 22.31	 0.0250	 0.4841	 0.0001	
m60801c1r2.htb	   0.0	  0.03	 2.000	 -10.00	  5.00	 40.00	   0.0	 0.0250	  6.69	 1.6000	  0.81	  2.69	 1.468	 0.00000132	 0.525	  0.862	  1.60	  0.03	  0.0430	  0.0720	  0.0820	  0.0940	  0.1120	 0.9498	 0.00019537	 0.4180	 0.00000000	 0.1945	 0.90733370	  0.81	  5.88	 0.0250	 0.6654	 0.0100	
m60801c1r2.htb	   0.0	  0.03	 2.000	 -10.00	  5.00	 40.00	   1.0	 0.0250	  7.71	 1.6000	  1.79	  2.69	 1.291	 0.00001343	 0.521	  0.873	  1.60	  0.03	  0.0440	  0.0780	  0.0890	  0.1050	  0.1280	 0.9019	 0.00106205	 0.3548	 0.00000005	 0.4570	 0.79571429	  1.79	  5.92	 0.0250	 0.8377	 0.0001	
m60803c2r2.htb	   0.0	  0.03	 2.000	 -8.00	  0.00	 40.00	   0.0	 0.0250	 18.60	 1.6000	  1.98	  1.84	 0.992	 0.00000000	 0.789	  0.442	  1.60	  0.03	  0.0660	  0.1270	  0.1500	  0.1810	  0.2300	 0.9665	 0.00007047	 0.8857	 0.00000000	 3.0252	 0.22033992	  1.97	 16.63	 0.0250	 1.0783	 0.0001	
m60803c2r2.htb	   0.0	  0.03	 2.000	 -8.00	  0.00	 40.00	   1.0	 0.0250	 20.35	 1.6000	  3.69	  1.84	 0.942	 0.00000000	 0.734	  0.494	  1.60	  0.03	  0.0570	  0.1060	  0.1240	  0.1480	  0.1850	 0.9901	 0.00000328	 0.8786	 0.00000000	 0.4532	 0.79725808	  3.68	 16.66	 0.0250	 0.9878	 0.0001	
m60804c1r2.htb	   0.0	  0.03	 2.000	  5.00	 -10.00	 40.00	   0.0	 0.0250	 21.04	 1.6000	  1.74	  2.24	 1.027	 0.00000000	 0.668	  0.920	  1.60	  0.03	  0.0350	  0.0590	  0.0670	  0.0780	  0.0930	 0.9883	 0.00000506	 0.8253	 0.00000000	 0.7344	 0.69266048	  1.74	 19.30	 0.0250	 0.7164	 0.0001	
m60804c1r2.htb	   0.0	  0.03	 2.000	  5.00	 -10.00	 40.00	   1.0	 0.0250	 19.09	 1.6000	  2.25	  2.24	 1.015	 0.00000000	 0.691	  0.840	  1.60	  0.03	  0.0590	  0.1120	  0.1310	  0.1580	  0.1980	 0.9275	 0.00049277	 0.7749	 0.00000000	 2.8698	 0.23813977	  2.24	 16.85	 0.0250	 1.0152	 0.0001	
m60815c3r2.htb	   0.0	  0.03	 2.000	 10.00	 -10.00	 40.00	   0.0	 0.0350	 26.11	 0.3780	 11.19	 12.39	 1.087	 0.00000035	 0.532	  0.598	  1.60	  0.03	  0.0170	  0.0250	  0.0270	  0.0300	  0.0340	 0.9477	 0.00021696	 0.4552	 0.00000000	 0.3568	 0.83662648	 11.19	 14.93	 0.0352	 0.2485	 0.0100	
m60815c3r2.htb	   0.0	  0.03	 2.000	 10.00	 -10.00	 40.00	   1.0	 0.0360	 22.70	 0.7500	 11.91	 12.39	 1.073	 0.00000030	 0.508	  0.511	  1.60	  0.03	  0.0230	  0.0350	  0.0380	  0.0430	  0.0480	 0.9822	 0.00001446	 0.4760	 0.00000000	 0.0575	 0.97164407	 11.91	 10.79	 0.0362	 0.3255	 0.0099	
m60816c1r2.htb	   0.0	  0.03	 2.000	  0.00	 -10.00	 40.00	   0.0	 0.0350	 18.65	 1.6000	  0.00	  0.90	 1.050	 0.00000000	 0.708	  0.715	  1.60	  0.03	  0.0190	  0.0290	  0.0310	  0.0350	  0.0400	 0.9965	 0.00000025	 0.8044	 0.00000000	 0.6801	        NaN	  0.00	 18.66	 0.0348	 0.3431	 0.0007	
m60816c1r2.htb	   0.0	  0.03	 2.000	  0.00	 -10.00	 40.00	   1.0	 0.0310	 15.55	 1.4990	  0.44	  0.90	 1.042	 0.00000000	 0.631	  1.001	  1.60	  0.03	  0.0210	  0.0330	  0.0370	  0.0410	  0.0480	 0.9748	 0.00003464	 0.6924	 0.00000000	 0.5794	 0.74850424	  0.44	 15.11	 0.0306	 0.4301	 0.0001	
m60816c2r2.htb	   0.0	  0.03	 2.000	  0.00	  0.00	 40.00	   0.0	 0.0290	 19.20	 1.6000	  4.32	  2.34	 0.882	 0.00000000	 0.695	  0.580	  1.60	  0.03	  0.0300	  0.0470	  0.0520	  0.0590	  0.0680	 0.9814	 0.00001614	 0.7556	 0.00000000	 1.1629	 0.55908419	  4.32	 14.88	 0.0291	 0.4615	 0.0100	
m60816c2r2.htb	   0.0	  0.03	 2.000	  0.00	  0.00	 40.00	   1.0	 0.0250	 19.18	 1.6000	  5.45	  2.34	 0.849	 0.00000000	 0.674	  0.592	  1.60	  0.03	  0.0370	  0.0650	  0.0740	  0.0860	  0.1030	 0.9289	 0.00046960	 0.6646	 0.00000000	 2.6516	 0.26558918	  5.45	 13.74	 0.0250	 0.7546	 0.0001	
m60816c2r2.htb	   0.0	  0.03	 2.000	  0.00	  0.00	 40.00	   0.0	 0.0290	 19.20	 1.6000	  4.32	  2.34	 0.882	 0.00000000	 0.695	  0.580	  1.60	  0.03	  0.0300	  0.0470	  0.0520	  0.0590	  0.0680	 0.9814	 0.00001614	 0.7556	 0.00000000	 1.1629	 0.55909007	  4.32	 14.88	 0.0291	 0.4615	 0.0100	
m60816c2r2.htb	   0.0	  0.03	 2.000	  0.00	  0.00	 40.00	   1.0	 0.0250	 19.18	 1.6000	  5.45	  2.34	 0.849	 0.00000000	 0.674	  0.592	  1.60	  0.03	  0.0370	  0.0650	  0.0740	  0.0860	  0.1030	 0.9289	 0.00046961	 0.6646	 0.00000000	 2.6516	 0.26558959	  5.45	 13.74	 0.0250	 0.7546	 0.0001	
m60816c3r2.htb	   0.0	  0.03	 2.000	 -10.00	 -10.00	 40.00	   0.0	 0.0350	 13.95	 0.5150	  7.87	  8.41	 1.097	 0.00018969	 0.444	  0.426	  1.60	  0.03	  0.0190	  0.0280	  0.0310	  0.0340	  0.0390	 0.9606	 0.00010620	 0.3207	 0.00000032	 0.0937	 0.95424039	  7.87	  6.09	 0.0353	 0.2913	 0.0070	
m60816c3r2.htb	   0.0	  0.03	 2.000	 -10.00	 -10.00	 40.00	   1.0	 0.0350	 16.37	 0.3580	  8.46	  8.41	 1.027	 0.00007436	 0.464	  0.476	  1.60	  0.03	  0.0170	  0.0240	  0.0260	  0.0290	  0.0330	 0.8893	 0.00144449	 0.3164	 0.00000040	 0.3943	 0.82108405	  8.46	  7.91	 0.0351	 0.2446	 0.0100	
m60818c1r2.htb	 180.0	  0.03	 2.000	 -10.00	 -10.00	 40.00	   0.0	 0.0250	  4.81	 1.6000	  0.57	  1.69	 1.360	 0.00000000	 0.603	  0.533	  1.60	  0.03	  0.0260	  0.0410	  0.0460	  0.0530	  0.0620	 0.9891	 0.00000420	 0.6524	 0.00000000	 0.1549	 0.92545616	  0.57	  4.24	 0.0250	 0.5714	 0.0001	
m60818c1r2.htb	 180.0	  0.03	 2.000	 -10.00	 -10.00	 40.00	   1.0	 0.0350	  7.06	 0.4560	  0.79	  1.69	 1.216	 0.00000000	 0.605	  0.495	  1.60	  0.03	  0.0180	  0.0260	  0.0290	  0.0320	  0.0360	 0.9769	 0.00002790	 0.7104	 0.00000000	 0.5796	 0.74840054	  0.79	  6.27	 0.0349	 0.2637	 0.0100	
m60818c2r2.htb	   0.0	  0.03	 2.000	 10.00	 10.00	 40.00	   0.0	 0.0400	 22.16	 1.6000	 11.33	 11.04	 0.974	 0.00001827	 0.449	  0.813	  1.60	  0.03	  0.0600	  0.1000	  0.1130	  0.1310	  0.1550	 0.9819	 0.00001499	 0.3799	 0.00000001	 0.0623	 0.96930734	 11.33	 10.83	 0.0400	 0.6544	 0.0100	
m60818c2r2.htb	   0.0	  0.03	 2.000	 10.00	 10.00	 40.00	   1.0	 0.0410	 23.11	 1.6000	 12.28	 11.04	 0.933	 0.00001790	 0.469	  0.764	  1.60	  0.03	  0.0610	  0.1030	  0.1160	  0.1340	  0.1600	 0.9174	 0.00068642	 0.3553	 0.00000005	 0.2850	 0.86720204	 12.28	 10.83	 0.0406	 0.6612	 0.0100	
m60818c3r2.htb	   0.0	  0.03	 2.000	 -10.00	  0.00	 40.00	   0.0	 0.0340	  5.42	 1.6000	  1.62	  2.49	 1.295	 0.00010554	 0.491	  0.633	  1.60	  0.03	  0.0800	  0.1510	  0.1770	  0.2120	  0.2650	 0.9547	 0.00015106	 0.3319	 0.00000018	 0.1640	 0.92127126	  1.62	  3.80	 0.0344	 1.0060	 0.0001	
m60818c3r2.htb	   0.0	  0.03	 2.000	 -10.00	  0.00	 40.00	   1.0	 0.0350	  7.47	 1.6000	  2.24	  2.49	 1.112	 0.00000014	 0.525	  0.560	  1.60	  0.03	  0.0320	  0.0520	  0.0580	  0.0660	  0.0770	 0.9730	 0.00004115	 0.4686	 0.00000000	 0.2106	 0.90006300	  2.24	  5.23	 0.0346	 0.5410	 0.0001	
m60821c4r2.htb	   0.0	  0.03	 2.000	  5.00	 -15.00	 40.00	   0.0	 0.0250	 21.61	 1.6000	  3.02	  2.79	 0.988	 0.00000000	 0.731	  0.591	  1.60	  0.03	  0.0460	  0.0820	  0.0940	  0.1110	  0.1360	 0.9859	 0.00000811	 0.8501	 0.00000000	 0.6583	 0.71953867	  3.02	 18.59	 0.0250	 0.8630	 0.0001	
m60821c4r2.htb	   0.0	  0.03	 2.000	  5.00	 -15.00	 40.00	   1.0	 0.0250	 20.61	 1.6000	  2.94	  2.79	 0.990	 0.00000000	 0.726	  0.592	  1.60	  0.03	  0.0550	  0.1040	  0.1210	  0.1440	  0.1800	 0.9942	 0.00000086	 0.8808	 0.00000000	 0.3319	 0.84708507	  2.94	 17.67	 0.0250	 0.9749	 0.0001	
m60821c5r2.htb	   0.0	  0.03	 2.000	  5.00	  5.00	 40.00	   0.0	 0.0250	 27.56	 1.6000	  6.62	  7.61	 1.050	 0.00000000	 0.671	  0.689	  1.60	  0.03	  0.0390	  0.0680	  0.0780	  0.0910	  0.1100	 0.9962	 0.00000030	 0.7629	 0.00000000	 0.1141	 0.94456845	  6.62	 20.94	 0.0250	 0.7792	 0.0001	
m60821c5r2.htb	   0.0	  0.03	 2.000	  5.00	  5.00	 40.00	   1.0	 0.0250	 26.50	 1.6000	  6.96	  7.61	 1.043	 0.00000000	 0.693	  0.597	  1.60	  0.03	  0.0500	  0.0910	  0.1050	  0.1240	  0.1530	 0.9965	 0.00000024	 0.7762	 0.00000000	 0.1455	 0.92985396	  6.96	 19.53	 0.0250	 0.9103	 0.0001	
m60824c4r2.htb	   0.0	  0.03	 2.000	  0.00	  0.00	 60.00	   0.0	 0.0370	  4.27	 1.0530	  1.82	  2.54	 1.413	 0.23542967	 0.325	  0.772	  1.60	  0.03	  0.0260	  0.0400	  0.0440	  0.0490	  0.0560	 0.8302	 0.00430565	 0.0966	 0.00882018	 0.1605	 0.92287766	  1.82	  2.45	 0.0370	 0.3593	 0.0100	
m60824c4r2.htb	   0.0	  0.03	 2.000	  0.00	  0.00	 60.00	   1.0	 0.0250	  4.13	 1.6000	  1.79	  2.54	 1.439	 0.16875676	 0.390	  0.749	  1.60	  0.03	  0.0310	  0.0510	  0.0580	  0.0670	  0.0790	 0.8048	 0.00616618	 0.1051	 0.00619222	 0.2861	 0.86670972	  1.79	  2.33	 0.0250	 0.6562	 0.0001	
m60825c1r2.htb	 180.0	  0.03	 2.000	 -10.00	 -5.00	 40.00	   0.0	 0.0250	 14.74	 1.6000	  2.08	  3.43	 1.119	 0.00000000	 0.582	  1.000	  1.60	  0.03	  0.0240	  0.0380	  0.0420	  0.0480	  0.0560	 0.9509	 0.00018431	 0.5493	 0.00000000	 0.5637	 0.75438712	  2.08	 12.65	 0.0250	 0.5351	 0.0001	
m60825c1r2.htb	 180.0	  0.03	 2.000	 -10.00	 -5.00	 40.00	   1.0	 0.0250	 12.23	 1.6000	  1.35	  3.43	 1.164	 0.00000000	 0.575	  1.050	  1.60	  0.03	  0.0560	  0.1050	  0.1230	  0.1470	  0.1830	 0.9047	 0.00098600	 0.4722	 0.00000000	 0.6248	 0.73168485	  1.35	 10.87	 0.0250	 0.9828	 0.0001	
m60831c2r2.htb	   0.0	  0.03	 2.000	  5.00	 -10.00	 40.00	   0.0	 0.0290	 15.28	 1.6000	  1.66	  1.44	 0.984	 0.00000000	 0.783	  0.362	  1.60	  0.03	  0.0460	  0.0800	  0.0910	  0.1060	  0.1290	 0.9938	 0.00000103	 0.9067	 0.00000000	 0.5643	 0.75415470	  1.66	 13.62	 0.0289	 0.7849	 0.0001	
m60831c2r2.htb	   0.0	  0.03	 2.000	  5.00	 -10.00	 40.00	   1.0	 0.0310	 16.45	 1.6000	  1.70	  1.44	 0.983	 0.00000000	 0.784	  0.404	  1.60	  0.03	  0.0380	  0.0650	  0.0730	  0.0840	  0.1000	 0.9922	 0.00000182	 0.9305	 0.00000000	 1.5521	 0.46022799	  1.70	 14.75	 0.0306	 0.6719	 0.0001	
m60831c3r2.htb	 180.0	  0.03	 2.000	  0.00	  0.00	 40.00	   0.0	 0.0310	 39.53	 1.6000	  9.45	  8.26	 0.962	 0.00000000	 0.743	  0.629	  1.60	  0.03	  0.0400	  0.0680	  0.0770	  0.0890	  0.1070	 0.9858	 0.00000822	 0.8821	 0.00000000	 0.6172	 0.73447919	  9.45	 30.08	 0.0308	 0.6925	 0.0001	
m60831c3r2.htb	 180.0	  0.03	 2.000	  0.00	  0.00	 40.00	   1.0	 0.0300	 38.60	 1.6000	  9.79	  8.26	 0.956	 0.00000000	 0.743	  0.561	  1.60	  0.03	  0.0500	  0.0870	  0.1000	  0.1170	  0.1410	 0.9952	 0.00000053	 0.8765	 0.00000000	 0.5604	 0.75564594	  9.79	 28.82	 0.0305	 0.7994	 0.0001	
m60901c1r2.htb	 180.0	  0.03	 2.000	 -10.00	  0.00	 40.00	   0.0	 0.0250	  3.23	 1.6000	  0.00	  0.00	 1.000	 0.00000000	 0.735	  0.328	  1.60	  0.03	  0.0360	  0.0590	  0.0670	  0.0770	  0.0910	 0.9822	 0.00001441	 0.7714	 0.00000000	 0.4730	        NaN	  0.00	  3.23	 0.0250	 0.6238	 0.0067	
m60901c1r2.htb	 180.0	  0.03	 2.000	 -10.00	  0.00	 40.00	   1.0	 0.0250	  3.85	 1.6000	  0.00	  0.00	 1.000	 0.00000000	 0.680	  0.467	  1.60	  0.03	  0.0430	  0.0760	  0.0870	  0.1020	  0.1250	 0.9954	 0.00000048	 0.7156	 0.00000000	 0.2464	        NaN	  0.00	  3.85	 0.0250	 0.8281	 0.0001	
m60901c2r2.htb	 180.0	  0.03	 2.000	  5.00	  0.00	 40.00	   0.0	 0.0280	 18.49	 1.6000	  0.22	  0.15	 0.996	 0.00000000	 0.762	  0.643	  1.60	  0.03	  0.0240	  0.0380	  0.0420	  0.0470	  0.0550	 0.9977	 0.00000009	 0.9204	 0.00000000	 1.0703	 0.58558719	  0.22	 18.27	 0.0283	 0.4915	 0.0001	
m60901c2r2.htb	 180.0	  0.03	 2.000	  5.00	  0.00	 40.00	   1.0	 0.0300	 23.26	 1.5950	  0.12	  0.15	 0.999	 0.00000000	 0.799	  0.569	  1.60	  0.03	  0.0230	  0.0350	  0.0390	  0.0440	  0.0500	 0.9994	 0.00000000	 0.9459	 0.00000000	 0.6704	 0.71518443	  0.12	 23.15	 0.0303	 0.4451	 0.0001	
m60901c3r2.htb	 180.0	  0.03	 2.000	 -10.00	 -10.00	 40.00	   0.0	 0.0250	 12.48	 1.6000	  1.24	  1.09	 0.987	 0.00000000	 0.624	  0.805	  1.60	  0.03	  0.0300	  0.0490	  0.0560	  0.0640	  0.0760	 0.9779	 0.00002489	 0.7114	 0.00000000	 0.2271	 0.89266406	  1.24	 11.24	 0.0250	 0.6409	 0.0001	
m60901c3r2.htb	 180.0	  0.03	 2.000	 -10.00	 -10.00	 40.00	   1.0	 0.0250	 11.86	 1.6000	  0.90	  1.09	 1.002	 0.00000000	 0.689	  0.745	  1.60	  0.03	  0.0410	  0.0720	  0.0830	  0.0970	  0.1180	 0.8940	 0.00129084	 0.6760	 0.00000000	 1.8616	 0.39423766	  0.90	 10.97	 0.0250	 0.8051	 0.0001	
m61025c1r2.htb	   0.0	  0.03	 2.000	  0.00	 -10.00	 40.00	   0.0	 0.0340	 17.74	 0.3680	  2.37	  3.68	 1.093	 0.00000000	 0.587	  0.792	  1.60	  0.03	  0.0160	  0.0240	  0.0260	  0.0280	  0.0320	 0.9605	 0.00010678	 0.6167	 0.00000000	 0.3355	 0.84555797	  2.37	 15.37	 0.0340	 0.2439	 0.0100	
m61025c1r2.htb	   0.0	  0.03	 2.000	  0.00	 -10.00	 40.00	   1.0	 0.0250	 14.30	 1.6000	  1.29	  3.68	 1.142	 0.00000000	 0.664	  0.708	  1.60	  0.03	  0.0800	  0.1510	  0.1760	  0.2110	  0.2640	 0.9829	 0.00001311	 0.7645	 0.00000000	 0.4502	 0.79844945	  1.28	 13.02	 0.0250	 0.9989	 0.0100	
m61025c1r2.htb	   0.0	  0.03	 2.000	  0.00	 -10.00	 40.00	   0.0	 0.0340	 17.74	 0.3680	  2.37	  3.68	 1.093	 0.00000000	 0.587	  0.792	  1.60	  0.03	  0.0160	  0.0240	  0.0260	  0.0280	  0.0320	 0.9605	 0.00010678	 0.6167	 0.00000000	 0.3355	 0.84555890	  2.37	 15.37	 0.0340	 0.2439	 0.0100	
m61025c1r2.htb	   0.0	  0.03	 2.000	  0.00	 -10.00	 40.00	   1.0	 0.0250	 14.30	 1.6000	  1.29	  3.68	 1.142	 0.00000000	 0.664	  0.708	  1.60	  0.03	  0.0800	  0.1510	  0.1760	  0.2110	  0.2640	 0.9829	 0.00001311	 0.7645	 0.00000000	 0.4502	 0.79844894	  1.28	 13.02	 0.0250	 0.9988	 0.0100	
m61025c2r2.htb	   0.0	  0.03	 2.000	  0.00	 -10.00	 40.00	   0.0	 0.0270	 10.40	 1.6000	  1.97	  2.64	 1.085	 0.00000000	 0.618	  0.609	  1.60	  0.03	  0.0730	  0.1330	  0.1540	  0.1820	  0.2250	 0.9769	 0.00002781	 0.6729	 0.00000000	 0.2890	 0.86547145	  1.97	  8.43	 0.0271	 0.9092	 0.0100	
m61025c2r2.htb	   0.0	  0.03	 2.000	  0.00	 -10.00	 40.00	   1.0	 0.0280	 10.92	 1.6000	  3.09	  2.64	 1.011	 0.00000000	 0.649	  0.445	  1.60	  0.03	  0.0620	  0.1170	  0.1370	  0.1630	  0.2040	 0.9890	 0.00000435	 0.7427	 0.00000000	 0.2424	 0.88587548	  3.09	  7.83	 0.0277	 0.9864	 0.0001	
m61025c3r2.htb	   0.0	  0.03	 2.000	  0.00	 -10.00	 40.00	   0.0	 0.0250	 23.31	 1.6000	  7.58	  7.31	 0.994	 0.00000000	 0.677	  0.490	  1.60	  0.03	  0.1020	  0.2180	  0.2640	  0.3280	  0.4300	 0.9784	 0.00002340	 0.7819	 0.00000000	 1.1271	 0.56919395	  7.41	 15.90	 0.0250	 1.3764	 0.0001	
m61025c3r2.htb	   0.0	  0.03	 2.000	  0.00	 -10.00	 40.00	   1.0	 0.0300	 26.16	 1.6000	 10.68	  7.31	 0.894	 0.00000000	 0.723	  0.357	  1.60	  0.03	  0.0450	  0.0780	  0.0890	  0.1030	  0.1250	 0.9969	 0.00000019	 0.8454	 0.00000000	 0.1279	 0.93804959	 10.68	 15.48	 0.0296	 0.7648	 0.0001	
m61026c1r2.htb	   0.0	  0.03	 2.000	 -5.00	  0.00	 40.00	   0.0	 0.0330	  6.51	 0.3320	  0.02	  0.05	 1.004	 0.00000000	 0.735	  0.360	  1.60	  0.03	  0.0140	  0.0210	  0.0230	  0.0250	  0.0280	 0.9973	 0.00000013	 0.7959	 0.00000000	 0.2462	 0.88416609	  0.02	  6.49	 0.0330	 0.2239	 0.0100	
m61026c1r2.htb	   0.0	  0.03	 2.000	 -5.00	  0.00	 40.00	   1.0	 0.0300	  5.74	 1.0820	  0.03	  0.05	 1.004	 0.00000000	 0.725	  0.400	  1.60	  0.03	  0.0190	  0.0290	  0.0320	  0.0360	  0.0410	 0.9994	 0.00000000	 0.8233	 0.00000000	 0.0315	 0.98439590	  0.03	  5.72	 0.0304	 0.3866	 0.0001	
m61026c2r2.htb	   0.0	  0.03	 2.000	  0.00	 -5.00	 40.00	   0.0	 0.0330	 16.33	 1.6000	  1.03	  1.59	 1.038	 0.00000000	 0.705	  0.637	  1.60	  0.03	  0.0500	  0.0860	  0.0990	  0.1150	  0.1390	 0.9991	 0.00000001	 0.8057	 0.00000000	 0.0710	 0.96510361	  1.03	 15.30	 0.0328	 0.7675	 0.0001	
m61026c2r2.htb	   0.0	  0.03	 2.000	  0.00	 -5.00	 40.00	   1.0	 0.0250	 17.85	 1.6000	  1.52	  1.59	 1.020	 0.00000000	 0.650	  0.859	  1.60	  0.03	  0.0430	  0.0770	  0.0880	  0.1040	  0.1270	 0.9978	 0.00000008	 0.7381	 0.00000000	 0.0975	 0.95242352	  1.52	 16.33	 0.0250	 0.8340	 0.0001	
m61026c3r2.htb	   0.0	  0.03	 2.000	  0.00	 -10.00	 40.00	   0.0	 0.0310	 14.83	 1.6000	  1.42	  1.29	 0.991	 0.00000000	 0.614	  0.855	  1.60	  0.03	  0.0440	  0.0760	  0.0870	  0.1010	  0.1220	 0.9921	 0.00000186	 0.6760	 0.00000000	 0.1248	 0.93948545	  1.42	 13.41	 0.0305	 0.7439	 0.0001	
m61026c3r2.htb	   0.0	  0.03	 2.000	  0.00	 -10.00	 40.00	   1.0	 0.0250	 15.72	 1.6000	  1.25	  1.29	 0.999	 0.00000000	 0.669	  0.727	  1.60	  0.03	  0.0800	  0.1620	  0.1930	  0.2360	  0.3050	 0.9869	 0.00000676	 0.7037	 0.00000000	 0.0852	 0.95829488	  1.21	 14.50	 0.0250	 1.2043	 0.0001	
m61026c4r2.htb	   0.0	  0.03	 2.000	  0.00	 -10.00	 40.00	   0.0	 0.0340	 15.84	 1.6000	  1.50	  0.85	 0.957	 0.00000000	 0.717	  0.598	  1.60	  0.03	  0.0560	  0.0960	  0.1090	  0.1260	  0.1510	 0.9876	 0.00000588	 0.8917	 0.00000000	 0.9464	 0.62299151	  1.50	 14.34	 0.0336	 0.6939	 0.0100	
m61026c4r2.htb	   0.0	  0.03	 2.000	  0.00	 -10.00	 40.00	   1.0	 0.0270	 16.11	 1.6000	  1.12	  0.85	 0.970	 0.00000000	 0.755	  0.487	  1.60	  0.03	  0.0730	  0.1360	  0.1570	  0.1870	  0.2320	 0.9990	 0.00000001	 0.8996	 0.00000000	 0.1541	 0.92585729	  1.11	 15.00	 0.0265	 0.9279	 0.0100	
m61031c1r2.htb	   0.0	  0.03	 2.000	  0.00	 -10.00	 40.00	   0.0	 0.0340	  5.85	 0.2440	  2.02	  1.82	 0.949	 0.00053339	 0.378	  0.681	  1.60	  0.03	  0.0130	  0.0190	  0.0210	  0.0230	  0.0250	 0.8345	 0.00402971	 0.1357	 0.00000753	 0.2304	 0.89116608	  2.02	  3.83	 0.0340	 0.2025	 0.0100	
m61031c1r2.htb	   0.0	  0.03	 2.000	  0.00	 -10.00	 40.00	   1.0	 0.0250	  4.06	 1.6000	  1.40	  1.82	 1.047	 0.00042573	 0.403	  0.654	  1.60	  0.03	  0.2030	  0.4780	  0.5790	  0.7120	  0.8940	 0.9300	 0.00045219	 0.1543	 0.00000159	 0.1867	 0.91086200	  1.00	  3.06	 0.0250	 2.0630	 0.0001	
m61031c2r2.htb	   0.0	  0.03	 2.000	 10.00	 -10.00	 40.00	   0.0	 0.0300	  3.84	 0.9430	  1.68	  1.89	 1.108	 0.01264212	 0.443	  0.507	  1.60	  0.03	  0.0230	  0.0350	  0.0380	  0.0430	  0.0490	 0.9273	 0.00049672	 0.2049	 0.00008336	 0.1996	 0.90502901	  1.68	  2.16	 0.0299	 0.3672	 0.0097	
m61031c2r2.htb	   0.0	  0.03	 2.000	 10.00	 -10.00	 40.00	   1.0	 0.0360	  5.09	 1.6000	  1.82	  1.89	 1.046	 0.00524593	 0.401	  0.691	  1.60	  0.03	  0.0350	  0.0570	  0.0640	  0.0720	  0.0850	 0.9608	 0.00010464	 0.2374	 0.00001889	 0.1019	 0.95031607	  1.82	  3.27	 0.0363	 0.5530	 0.0001	
m61106c1r2.htb	 180.0	  0.03	 2.000	 -5.00	 10.00	 40.00	   0.0	 0.0260	  4.18	 0.0510	  0.28	  1.17	 1.291	 0.00000022	 0.465	  0.940	  1.60	  0.03	  0.0040	  0.0050	  0.0060	  0.0060	  0.0070	 0.9174	 0.00068674	 0.2432	 0.00000000	 0.3725	 0.83004899	  0.28	  3.94	 0.0263	 0.0633	 0.0061	
m61106c2r2.htb	   0.0	  0.03	 2.000	  0.00	 -10.00	 40.00	   0.0	 0.0250	 10.59	 1.6000	  0.35	  0.20	 0.986	 0.00000000	 0.693	  0.627	  1.60	  0.03	  0.0280	  0.0440	  0.0490	  0.0550	  0.0640	 0.9961	 0.00000032	 0.8391	 0.00000000	 0.2245	 0.89379869	  0.35	 10.24	 0.0250	 0.4897	 0.0085	
m61106c3r2.htb	 120.0	  0.03	 2.000	  0.00	 -10.00	 40.00	   0.0	 0.0250	 24.71	 1.6000	  9.92	 15.32	 1.590	 0.00000554	 0.487	  1.091	  1.60	  0.03	  0.0990	  0.2110	  0.2550	  0.3160	  0.4140	 0.9542	 0.00015467	 0.3929	 0.00000001	 0.3511	 0.83900316	  9.79	 14.92	 0.0250	 1.3558	 0.0001	
m61108c1r2.htb	 180.0	  0.03	 2.000	  8.00	 -10.00	 40.00	   0.0	 0.0370	  6.02	 1.6000	  0.85	  1.14	 1.061	 0.00000000	 0.660	  0.441	  1.60	  0.03	  0.0650	  0.1170	  0.1340	  0.1580	  0.1940	 0.9886	 0.00000468	 0.7107	 0.00000000	 0.3451	 0.84150183	  0.85	  5.18	 0.0369	 0.8494	 0.0001	
m61108c4r2.htb	 180.0	  0.03	 2.000	  5.00	 -10.00	 40.00	   0.0	 0.0320	 35.62	 1.6000	  4.06	  3.23	 0.975	 0.00000000	 0.778	  0.569	  1.60	  0.03	  0.0740	  0.1400	  0.1630	  0.1950	  0.2430	 0.9860	 0.00000787	 0.9240	 0.00000000	 1.3677	 0.50465831	  4.05	 31.57	 0.0325	 0.9931	 0.0001	
m61109c1r2.htb	 180.0	  0.03	 2.000	  0.00	 -10.00	 40.00	   0.0	 0.0250	 10.96	 1.3860	  2.67	  4.18	 1.223	 0.00000000	 0.576	  0.683	  1.60	  0.03	  0.0190	  0.0300	  0.0340	  0.0380	  0.0440	 0.9812	 0.00001658	 0.5991	 0.00000000	 0.2583	 0.87886233	  2.67	  8.30	 0.0250	 0.4591	 0.0001	
m61109c2r2.htb	   0.0	  0.03	 2.000	  0.00	  5.00	 40.00	   0.0	 0.0330	 17.29	 1.6000	  4.06	  5.42	 1.115	 0.00000000	 0.705	  0.445	  1.60	  0.03	  0.0360	  0.0590	  0.0660	  0.0760	  0.0890	 0.9915	 0.00000224	 0.8182	 0.00000000	 0.3056	 0.85830747	  4.06	 13.23	 0.0334	 0.5960	 0.0001	
m61109c3r2.htb	   0.0	  0.03	 2.000	  0.00	  0.00	 40.00	   0.0	 0.0250	 24.21	 1.6000	  6.43	  7.26	 1.049	 0.00000000	 0.719	  0.491	  1.60	  0.03	  0.0420	  0.0750	  0.0860	  0.1010	  0.1230	 0.9971	 0.00000015	 0.8280	 0.00000000	 0.1360	 0.93426810	  6.43	 17.78	 0.0250	 0.8217	 0.0001	
m61109c4r2.htb	   0.0	  0.03	 2.000	  0.00	 -5.00	 40.00	   0.0	 0.0260	 26.86	 1.6000	  2.48	  2.69	 1.008	 0.00000000	 0.771	  0.550	  1.60	  0.03	  0.0610	  0.1090	  0.1260	  0.1480	  0.1810	 0.9963	 0.00000028	 0.8794	 0.00000000	 0.2145	 0.89829419	  2.48	 24.38	 0.0255	 0.8397	 0.0100	
m61109c5r2.htb	 180.0	  0.03	 2.000	  0.00	  0.00	 40.00	   0.0	 0.0330	 16.41	 1.6000	  5.24	  4.33	 0.925	 0.00000000	 0.665	  0.443	  1.60	  0.03	  0.0570	  0.0990	  0.1120	  0.1300	  0.1560	 0.9930	 0.00000140	 0.7485	 0.00000000	 0.1744	 0.91647859	  5.24	 11.18	 0.0329	 0.7111	 0.0100	
m61110c1r2.htb	 180.0	  0.03	 2.000	  8.00	 -10.00	 40.00	   0.0	 0.0340	 26.04	 1.6000	 15.18	 12.64	 0.810	 0.00000000	 0.546	  0.498	  1.60	  0.03	  0.0580	  0.1020	  0.1170	  0.1370	  0.1670	 0.9888	 0.00000448	 0.5110	 0.00000000	 0.0823	 0.95967783	 15.18	 10.86	 0.0343	 0.8201	 0.0001	
m61110c2r2.htb	 180.0	  0.03	 2.000	  5.00	 -15.00	 40.00	   0.0	 0.0460	 28.39	 1.6000	 10.68	 10.95	 1.015	 0.00000000	 0.627	  0.633	  1.60	  0.03	  0.0770	  0.1340	  0.1520	  0.1770	  0.2130	 0.9937	 0.00000107	 0.7223	 0.00000000	 0.1021	 0.95021832	 10.68	 17.71	 0.0459	 0.7293	 0.0100	
m61110c3r2.htb	 180.0	  0.03	 2.000	  0.00	 -30.00	 40.00	   0.0	 0.0250	 18.13	 1.6000	  8.51	  7.41	 0.897	 0.00000000	 0.569	  0.546	  1.60	  0.03	  0.0400	  0.0690	  0.0790	  0.0920	  0.1110	 0.9922	 0.00000181	 0.5333	 0.00000000	 0.0732	 0.96405082	  8.51	  9.61	 0.0250	 0.7843	 0.0001	
m61113c1r2.htb	 180.0	  0.03	 1.000	  8.00	 -10.00	 40.00	   0.0	 0.0250	  7.25	 0.9890	  3.64	  4.30	 1.223	 0.00000408	 0.505	  0.493	  1.60	  0.03	  0.0180	  0.0270	  0.0300	  0.0340	  0.0390	 0.8872	 0.00151365	 0.2792	 0.00000002	 0.4631	 0.79330053	  3.64	  3.61	 0.0250	 0.4251	 0.0001	
m61113c2r2.htb	 120.0	  0.03	 1.000	 -10.00	 -10.00	 40.00	   0.0	 0.0310	  9.03	 1.6000	  4.34	  4.43	 1.018	 0.00000000	 0.471	  0.553	  1.60	  0.03	  0.0400	  0.0680	  0.0770	  0.0900	  0.1070	 0.9849	 0.00000962	 0.3238	 0.00000000	 0.0493	 0.97563669	  4.34	  4.68	 0.0306	 0.6960	 0.0001	
m61113c3r2.htb	  90.0	  0.03	 2.000	 -5.00	 -15.00	 40.00	   0.0	 0.0320	 19.05	 0.2560	 10.67	 10.00	 0.926	 0.00000000	 0.546	  0.457	  1.60	  0.03	  0.0130	  0.0190	  0.0210	  0.0230	  0.0260	 0.6862	 0.02131897	 0.2854	 0.00000000	 1.5020	 0.47188834	 10.67	  8.39	 0.0315	 0.2163	 0.0100	
m61115c1r2.htb	 180.0	  0.03	 2.000	  0.00	 -5.00	 40.00	   0.0	 0.0280	 15.51	 1.6000	  3.10	  3.23	 1.011	 0.00000000	 0.555	  0.990	  1.60	  0.03	  0.0380	  0.0630	  0.0700	  0.0800	  0.0950	 0.9683	 0.00006134	 0.5611	 0.00000000	 0.6551	 0.72069664	  3.10	 12.41	 0.0277	 0.5811	 0.0100	
m61115c2r2.htb	   0.0	  0.03	 2.000	 10.00	 -5.00	 40.00	   0.0	 0.0250	  4.72	 1.5160	  1.83	  1.84	 1.005	 0.00039540	 0.512	  0.561	  1.60	  0.03	  0.0200	  0.0320	  0.0360	  0.0400	  0.0470	 0.8568	 0.00278420	 0.2707	 0.00000389	 0.4752	 0.78849888	  1.83	  2.90	 0.0250	 0.4787	 0.0001	
m61115c3r2.htb	   0.0	  0.03	 2.000	 -10.00	 -15.00	 40.00	   0.0	 0.0250	 17.25	 1.6000	  7.91	  8.01	 1.011	 0.00000000	 0.624	  0.425	  1.60	  0.03	  0.0560	  0.1050	  0.1220	  0.1460	  0.1820	 0.9951	 0.00000058	 0.6470	 0.00000000	 0.0618	 0.96959037	  7.91	  9.34	 0.0250	 0.9799	 0.0001	
m61115c4r2.htb	   0.0	  0.03	 2.000	  5.00	 -5.00	 40.00	   0.0	 0.0280	 29.62	 1.6000	 12.51	 12.34	 0.990	 0.00000000	 0.649	  0.585	  1.60	  0.03	  0.0530	  0.0910	  0.1040	  0.1200	  0.1450	 0.9575	 0.00012868	 0.6637	 0.00000000	 0.5892	 0.74481883	 12.51	 17.12	 0.0280	 0.7272	 0.0100	
m61116c1r2.htb	   0.0	  0.03	 2.000	  0.00	  0.00	 40.00	   0.0	 0.0250	  6.23	 1.6000	  0.73	  0.80	 1.012	 0.00000000	 0.581	  0.737	  1.60	  0.03	  0.0320	  0.0520	  0.0580	  0.0660	  0.0770	 0.9209	 0.00061497	 0.5082	 0.00000000	 0.6321	 0.72902438	  0.73	  5.50	 0.0250	 0.5376	 0.0100	
m61121c1r2.htb	 180.0	  0.03	 2.000	  5.00	 -10.00	 40.00	   0.0	 0.0330	 13.94	 1.6000	  0.00	  0.00	 1.000	 0.00000000	 0.705	  0.725	  1.60	  0.03	  0.0270	  0.0430	  0.0470	  0.0540	  0.0620	 0.9809	 0.00001713	 0.8031	 0.00000000	 0.2748	        NaN	  0.00	 13.95	 0.0325	 0.4925	 0.0001	
m61122c1r2.htb	 180.0	  0.03	 2.000	  0.00	 -10.00	 40.00	   0.0	 0.0330	  8.71	 0.3230	  0.43	  0.55	 1.015	 0.00000000	 0.609	  0.630	  1.60	  0.03	  0.0150	  0.0210	  0.0230	  0.0260	  0.0290	 0.9829	 0.00001314	 0.6785	 0.00000000	 0.4190	 0.81100251	  0.43	  8.28	 0.0330	 0.2281	 0.0100	
m61122c2r2.htb	 180.0	  0.03	 2.000	  0.00	 -15.00	 40.00	   0.0	 0.0310	  6.23	 0.2570	  1.73	  2.49	 1.202	 0.00000095	 0.526	  0.497	  1.60	  0.03	  0.0140	  0.0190	  0.0210	  0.0230	  0.0260	 0.9564	 0.00013687	 0.4271	 0.00000000	 0.4615	 0.79394727	  1.73	  4.51	 0.0313	 0.2131	 0.0100	
m61122c3r2.htb	  60.0	  0.03	 2.000	 -5.00	  0.00	 40.00	   0.0	 0.0280	 10.63	 1.6000	  1.24	  1.74	 1.057	 0.00000000	 0.622	  0.682	  1.60	  0.03	  0.0380	  0.0620	  0.0700	  0.0800	  0.0940	 0.9976	 0.00000009	 0.6066	 0.00000000	 0.1768	 0.91541456	  1.24	  9.39	 0.0278	 0.5769	 0.0100	
m61122c4r2.htb	  60.0	  0.03	 2.000	 -5.00	 -5.00	 40.00	   0.0	 0.0250	 24.49	 1.6000	  9.46	  9.63	 1.012	 0.00000000	 0.638	  0.562	  1.60	  0.03	  0.0590	  0.1120	  0.1310	  0.1570	  0.1970	 0.9918	 0.00000207	 0.6467	 0.00000000	 0.0799	 0.96085774	  9.46	 15.04	 0.0250	 1.0130	 0.0001	
m61127c1r2.htb	 180.0	  0.03	 2.000	 10.00	 -10.00	 40.00	   0.0	 0.0340	  8.29	 1.6000	  0.04	  0.15	 1.013	 0.00000000	 0.769	  0.409	  1.60	  0.03	  0.0430	  0.0700	  0.0790	  0.0900	  0.1060	 0.9966	 0.00000024	 0.8485	 0.00000000	 0.7392	 0.69102603	  0.04	  8.25	 0.0339	 0.5681	 0.0100	
m61127c2r2.htb	 180.0	  0.03	 2.000	  5.00	 -5.00	 40.00	   0.0	 0.0250	  9.96	 1.6000	  4.07	  4.33	 1.046	 0.00000000	 0.587	  0.465	  1.60	  0.03	  0.0640	  0.1230	  0.1440	  0.1740	  0.2200	 0.9648	 0.00007974	 0.5604	 0.00000000	 0.3009	 0.86033325	  4.07	  5.89	 0.0250	 1.0603	 0.0001	
m61127c3r2.htb	  30.0	  0.03	 2.000	 10.00	 -5.00	 40.00	   0.0	 0.0250	  7.49	 1.6000	  0.40	  1.12	 1.112	 0.00000000	 0.516	  1.191	  1.60	  0.03	  0.0540	  0.1010	  0.1170	  0.1390	  0.1740	 0.8978	 0.00117864	 0.3058	 0.00000000	 0.3079	 0.85731707	  0.40	  7.09	 0.0250	 0.9605	 0.0001	
m61127c4r2.htb	  90.0	  0.03	 2.000	  5.00	 -10.00	 40.00	   0.0	 0.0370	 22.16	 1.6000	  5.13	  3.03	 0.891	 0.00000000	 0.636	  0.728	  1.60	  0.03	  0.0700	  0.1280	  0.1480	  0.1750	  0.2150	 0.9751	 0.00003359	 0.6725	 0.00000000	 0.2719	 0.87288902	  5.13	 17.03	 0.0370	 0.8906	 0.0001	
m61128c1r2.htb	 180.0	  0.03	 2.000	 10.00	 -10.00	 40.00	   0.0	 0.0360	 12.28	 1.6000	  1.07	  0.75	 0.972	 0.00000000	 0.722	  0.476	  1.60	  0.03	  0.0700	  0.1280	  0.1480	  0.1750	  0.2160	 0.9969	 0.00000018	 0.8184	 0.00000000	 0.1780	 0.91485297	  1.07	 11.21	 0.0356	 0.8971	 0.0012	
m61128c2r2.htb	 180.0	  0.03	 2.000	  5.00	  0.00	 40.00	   0.0	 0.0450	 30.26	 1.6000	  9.00	 11.44	 1.137	 0.00000000	 0.647	  0.679	  1.60	  0.03	  0.1360	  0.2620	  0.3070	  0.3690	  0.4640	 0.9805	 0.00001815	 0.7085	 0.00000000	 0.2994	 0.86095268	  8.87	 21.39	 0.0448	 1.0582	 0.0100	
m61128c3r2.htb	 180.0	  0.03	 2.000	  5.00	 -10.00	 40.00	   0.0	 0.0250	 26.61	 1.2830	 10.12	  8.76	 0.924	 0.00000000	 0.656	  0.578	  1.60	  0.03	  0.0190	  0.0300	  0.0330	  0.0370	  0.0430	 0.9918	 0.00000208	 0.6669	 0.00000000	 0.1837	 0.91223423	 10.12	 16.49	 0.0250	 0.4545	 0.0001	
m61128c4r2.htb	 180.0	  0.03	 2.000	  0.00	 -10.00	 40.00	   0.0	 0.0250	 16.42	 1.6000	  4.36	  3.88	 0.962	 0.00000000	 0.684	  0.553	  1.60	  0.03	  0.0340	  0.0580	  0.0660	  0.0770	  0.0920	 0.9664	 0.00007103	 0.6963	 0.00000000	 1.3616	 0.50620716	  4.36	 12.06	 0.0250	 0.7112	 0.0001	
m61129c1r2.htb	 180.0	  0.03	 2.000	 10.00	 -10.00	 40.00	   0.0	 0.0250	  5.06	 1.6000	  0.83	  0.85	 1.003	 0.00000000	 0.641	  0.466	  1.60	  0.03	  0.0240	  0.0380	  0.0430	  0.0490	  0.0570	 0.9654	 0.00007680	 0.6335	 0.00000000	 0.9526	 0.62109109	  0.83	  4.22	 0.0250	 0.5426	 0.0001	
m61129c2r2.htb	  90.0	  0.03	 2.000	  5.00	 -5.00	 40.00	   0.0	 0.0460	 11.65	 1.6000	  7.22	  8.11	 1.251	 0.00000010	 0.534	  0.325	  1.60	  0.03	  0.0700	  0.1190	  0.1360	  0.1570	  0.1870	 0.9048	 0.00098387	 0.4411	 0.00000000	 0.5963	 0.74218277	  7.22	  4.43	 0.0456	 0.6850	 0.0100	
m61129c3r2.htb	  90.0	  0.03	 2.000	  0.00	  0.00	 40.00	   0.0	 0.0250	  6.74	 1.6000	  2.47	  2.99	 1.137	 0.00000000	 0.583	  0.450	  1.60	  0.03	  0.0450	  0.0810	  0.0930	  0.1090	  0.1340	 0.9288	 0.00047150	 0.4570	 0.00000000	 0.5795	 0.74843197	  2.47	  4.27	 0.0250	 0.8554	 0.0001	
m61130c1r2.htb	 180.0	  0.03	 2.000	  0.00	  0.00	 40.00	   0.0	 0.0510	 26.92	 1.6000	  7.58	  7.86	 1.015	 0.00000000	 0.757	  0.441	  1.60	  0.03	  0.0790	  0.1360	  0.1540	  0.1780	  0.2140	 0.9784	 0.00002360	 0.8597	 0.00000000	 1.4173	 0.49231407	  7.58	 19.34	 0.0510	 0.6987	 0.0100	
m61130c2r2.htb	 180.0	  0.03	 2.000	 10.00	  5.00	 40.00	   0.0	 0.0300	 10.16	 1.6000	  5.28	  4.83	 0.914	 0.00000007	 0.572	  0.408	  1.60	  0.03	  0.0300	  0.0490	  0.0540	  0.0620	  0.0720	 0.9238	 0.00055899	 0.4567	 0.00000000	 0.3870	 0.82408094	  5.28	  4.88	 0.0302	 0.5620	 0.0001	
m61130c3r2.htb	 180.0	  0.03	 2.000	  5.00	  5.00	 40.00	   0.0	 0.0250	  7.86	 0.0260	  5.91	  5.82	 0.956	 0.02019553	 0.443	  0.302	  1.60	  0.03	  0.0020	  0.0020	  0.0020	  0.0020	  0.0020	 0.8471	 0.00328995	 0.1748	 0.00031653	 0.4140	 0.81300711	  5.91	  1.95	 0.0250	 0.0001	 0.0001	
m61130c4r2.htb	 210.0	  0.03	 2.000	  5.00	 -5.00	 40.00	   0.0	 0.0410	 16.17	 1.6000	  6.11	  3.68	 0.805	 0.00000000	 0.688	  0.362	  1.60	  0.03	  0.0640	  0.1120	  0.1280	  0.1500	  0.1820	 0.9977	 0.00000009	 0.7688	 0.00000000	 0.0643	 0.96835915	  6.11	 10.06	 0.0411	 0.7838	 0.0001	
m61201c1r2.htb	 180.0	  0.03	 2.000	  5.00	 -10.00	 40.00	   0.0	 0.0250	 14.31	 1.6000	  3.05	  4.23	 1.117	 0.00000000	 0.649	  0.638	  1.60	  0.03	  0.0340	  0.0590	  0.0670	  0.0770	  0.0920	 0.9866	 0.00000709	 0.6710	 0.00000000	 0.4502	 0.79844356	  3.05	 11.26	 0.0250	 0.7126	 0.0001	
m61201c2r2.htb	 180.0	  0.03	 2.000	  0.00	 -10.00	 40.00	   0.0	 0.0250	 25.02	 1.6000	  4.87	  3.58	 0.940	 0.00000000	 0.673	  0.783	  1.60	  0.03	  0.0430	  0.0760	  0.0870	  0.1030	  0.1250	 0.9858	 0.00000819	 0.7609	 0.00000000	 0.3689	 0.83154654	  4.87	 20.16	 0.0250	 0.8288	 0.0001	
m61204c1r2.htb	 180.0	  0.03	 2.000	  0.00	 -10.00	 40.00	   0.0	 0.0250	 20.30	 1.6000	  2.51	  2.19	 0.982	 0.00000000	 0.700	  0.672	  1.60	  0.03	  0.0300	  0.0490	  0.0560	  0.0640	  0.0760	 0.9937	 0.00000109	 0.8284	 0.00000000	 0.3980	 0.81953086	  2.51	 17.78	 0.0250	 0.6409	 0.0001	
m61204c2r2.htb	   0.0	  0.03	 2.000	  0.00	 -10.00	 40.00	   0.0	 0.0260	 30.99	 1.6000	  3.50	  4.05	 1.020	 0.00000000	 0.712	  0.809	  1.60	  0.03	  0.0450	  0.0750	  0.0850	  0.0980	  0.1160	 0.9899	 0.00000353	 0.8672	 0.00000000	 0.6086	 0.73765574	  3.50	 27.49	 0.0264	 0.6614	 0.0100	
m61204c3r2.htb	   0.0	  0.03	 2.000	 -5.00	 -10.00	 40.00	   0.0	 0.0330	  9.37	 0.2970	  2.10	  2.09	 0.999	 0.00000000	 0.600	  0.428	  1.60	  0.03	  0.0140	  0.0210	  0.0230	  0.0250	  0.0280	 0.9753	 0.00003279	 0.5629	 0.00000000	 0.3197	 0.85225732	  2.10	  7.27	 0.0329	 0.2254	 0.0100	
m61206c1r2.htb	 180.0	  0.03	 2.000	  5.00	 -10.00	 40.00	   0.0	 0.0250	 25.74	 1.6000	  2.29	  5.22	 1.143	 0.00000000	 0.715	  0.724	  1.60	  0.03	  0.0460	  0.0830	  0.0960	  0.1130	  0.1390	 0.9964	 0.00000027	 0.8922	 0.00000000	 0.0668	 0.96715186	  2.29	 23.45	 0.0250	 0.8705	 0.0001	
m61206c2r2.htb	 180.0	  0.03	 2.000	 -5.00	  0.00	 40.00	   0.0	 0.0250	 11.42	 1.6000	  1.36	  0.70	 0.938	 0.00000000	 0.731	  0.506	  1.60	  0.03	  0.0350	  0.0600	  0.0690	  0.0790	  0.0950	 0.9614	 0.00010055	 0.8117	 0.00000000	 1.2878	 0.52523892	  1.36	 10.06	 0.0250	 0.7248	 0.0001	
m61206c3r2.htb	 240.0	  0.03	 2.000	  5.00	 -5.00	 40.00	   0.0	 0.0270	 43.34	 1.6000	 25.95	 24.53	 0.949	 0.00000006	 0.439	  0.971	  1.60	  0.03	  0.1380	  0.3010	  0.3640	  0.4520	  0.5870	 0.9960	 0.00000034	 0.2801	 0.00000000	 0.0072	 0.99638451	 25.48	 17.86	 0.0267	 1.4624	 0.0043	
m61206c4r2.htb	   0.0	  0.03	 2.000	  0.00	 -10.00	 40.00	   0.0	 0.0300	 23.12	 1.6000	  4.38	  3.93	 0.976	 0.00000000	 0.706	  0.601	  1.60	  0.03	  0.0480	  0.0820	  0.0930	  0.1080	  0.1300	 0.9930	 0.00000137	 0.8051	 0.00000000	 0.2518	 0.88170371	  4.38	 18.74	 0.0305	 0.7278	 0.0034	
