FILE			 PrfOR	 PrfSF	 PrfTF	 RFXctr	 RFYctr	 RFDiam	 GrType	 MaxLoc	 MaxRsp	 MinLoc	 MinRsp	 Spont	 SFMI		 AnovaP	 SFDI  	 VarTerm	 MaxX 	 MinX 	 SFHWHM	 SFHW25	 SFHW20	 SFHW15	 SFHW10	 RsqMn	 PMean	 RsqRaw	 Praw		 Chi2		 ChiP		 Brat		 Ampl		 Peak		 SD		 Offst		
m52311c1r3.htb	   0.0	  0.03	 2.000	 -10.00	 -10.00	 40.00	   0.0	 0.0140	  4.27	 0.6400	  0.28	  0.35	 1.019	 0.00000000	 0.602	  0.576	  0.64	  0.01	  0.0320	  0.0590	  0.0690	  0.0820	  0.1020	 0.9040	 0.00100524	 0.5295	 0.00000000	 0.7702	 0.68036755	  0.27	  4.00	 0.0138	 0.9866	 0.0001	
m52311c2r3.htb	 270.0	  0.03	 2.000	  0.00	  0.00	 40.00	   0.0	 0.0190	  4.16	 0.6400	  0.24	  0.60	 1.102	 0.00000003	 0.571	  0.595	  0.64	  0.01	  0.0370	  0.0650	  0.0750	  0.0880	  0.1070	 0.9793	 0.00002107	 0.4981	 0.00000000	 0.0987	 0.95185234	  0.23	  3.92	 0.0186	 0.8403	 0.0024	
m52311c3r3.htb	   0.0	  0.03	 2.000	 -10.00	 10.00	 40.00	   0.0	 0.0100	  4.50	 0.6400	  0.87	  1.09	 1.112	 0.00009698	 0.540	  0.663	  0.64	  0.01	  0.0580	  0.1310	  0.1600	  0.2000	  0.2610	 0.8888	 0.00146079	 0.3108	 0.00000054	 1.2338	 0.53961099	  0.71	  3.79	 0.0100	 1.6510	 0.0001	
m71411c1r3.htb	 250.0	  0.03	 2.000	 10.00	  0.00	 40.00	   0.0	 0.0150	  4.42	 0.1020	  1.00	  2.19	 1.533	 0.02580468	 0.366	  0.782	  0.64	  0.01	  0.0070	  0.0100	  0.0110	  0.0120	  0.0130	 0.7743	 0.00898278	 0.1537	 0.00079074	 0.1686	 0.91913682	  1.00	  3.43	 0.0152	 0.1692	 0.0100	
m71411c2r3.htb	 250.0	  0.03	 2.000	 -10.00	 -10.00	 40.00	   0.0	 0.0100	  5.73	 0.6400	  0.85	  0.95	 1.049	 0.00000482	 0.565	  0.615	  0.64	  0.01	  0.0520	  0.1150	  0.1400	  0.1760	  0.2300	 0.9583	 0.00012211	 0.3974	 0.00000000	 0.2262	 0.89305922	  0.71	  5.02	 0.0100	 1.5525	 0.0001	
m71411c3r3.htb	 200.0	  0.03	 2.000	  0.00	  0.00	 40.00	   0.0	 0.0170	 17.31	 0.6400	  2.17	  2.49	 1.022	 0.00000000	 0.733	  0.487	  0.64	  0.01	  0.0240	  0.0370	  0.0420	  0.0470	  0.0550	 0.9837	 0.00001167	 0.8431	 0.00000000	 0.9273	 0.62897800	  2.17	 15.14	 0.0170	 0.5068	 0.0100	
m71511c2r3.htb	   0.0	  0.03	 2.000	 20.00	 -30.00	 40.00	   0.0	 0.0100	 11.68	 0.5000	  9.05	  8.16	 0.748	 0.66558945	 0.275	  0.765	  0.64	  0.01	  0.0090	  0.0130	  0.0150	  0.0160	  0.0190	 0.6120	 0.03763539	 0.0373	 0.10934830	 0.1455	 0.92983251	  9.05	  2.63	 0.0100	 0.4621	 0.0001	
m72111c1r3.htb	 250.0	  0.03	 2.000	  5.00	 -10.00	 40.00	   0.0	 0.0160	  4.63	 0.6400	  0.44	  0.30	 0.968	 0.00000000	 0.583	  0.587	  0.64	  0.01	  0.0200	  0.0310	  0.0340	  0.0380	  0.0440	 0.9889	 0.00000438	 0.5842	 0.00000000	 0.2479	 0.88341341	  0.44	  4.20	 0.0160	 0.4534	 0.0100	
m72111c3r3.htb	  50.0	  0.03	 2.000	 -10.00	 -10.00	 40.00	   0.0	 0.0280	  3.83	 0.6400	  0.20	  0.05	 0.960	 0.00000000	 0.626	  0.464	  0.64	  0.01	  0.0250	  0.0390	  0.0430	  0.0480	  0.0550	 0.9651	 0.00007831	 0.6563	 0.00000000	 0.4692	 0.79089326	  0.20	  3.64	 0.0285	 0.4050	 0.0100	
m80511c1r3.htb	 240.0	  0.03	 2.000	 -5.00	 10.00	 40.00	   0.0	 0.0100	  7.58	 0.6400	  0.78	  1.34	 1.090	 0.00000000	 0.568	  0.732	  0.64	  0.01	  0.0310	  0.0530	  0.0600	  0.0700	  0.0840	 0.9871	 0.00000643	 0.5883	 0.00000000	 0.0397	 0.98033333	  0.78	  6.80	 0.0100	 0.7633	 0.0100	
m80511c2r3.htb	   0.0	  0.03	 2.000	 10.00	 10.00	 40.00	   0.0	 0.0190	  6.44	 0.6400	  0.34	  0.15	 0.969	 0.00000000	 0.576	  0.756	  0.64	  0.01	  0.0240	  0.0380	  0.0420	  0.0480	  0.0560	 0.9864	 0.00000730	 0.6084	 0.00000000	 0.0477	 0.97644701	  0.34	  6.09	 0.0189	 0.4934	 0.0100	
m80511c3r3.htb	  90.0	  0.03	 2.000	 -10.00	  5.00	 40.00	   0.0	 0.0150	 10.67	 0.6400	  1.09	  0.60	 0.951	 0.00000000	 0.632	  0.665	  0.64	  0.01	  0.0190	  0.0280	  0.0310	  0.0350	  0.0400	 0.9883	 0.00000509	 0.7338	 0.00000000	 0.2220	 0.89494491	  1.09	  9.58	 0.0153	 0.4326	 0.0100	
m80911c1r3.htb	  50.0	  0.03	 2.000	  0.00	  0.00	 40.00	   0.0	 0.0100	  3.73	 0.6400	  0.87	  1.54	 1.335	 0.00147215	 0.461	  0.702	  0.64	  0.01	  0.0480	  0.1040	  0.1260	  0.1580	  0.2070	 0.8263	 0.00456359	 0.2332	 0.00002293	 0.8473	 0.65466804	  0.81	  2.92	 0.0100	 1.4809	 0.0001	
m81111c1r3.htb	 200.0	  0.03	 2.000	 10.00	 -10.00	 40.00	   0.0	 0.0120	  4.86	 0.6400	  0.99	  1.04	 1.014	 0.00000041	 0.529	  0.567	  0.64	  0.01	  0.0130	  0.0210	  0.0230	  0.0270	  0.0310	 0.9902	 0.00000326	 0.4575	 0.00000000	 0.0657	 0.96767730	  0.99	  3.87	 0.0121	 0.5743	 0.0001	
m81111c2r3.htb	 200.0	  0.03	 2.000	 -10.00	 -10.00	 40.00	   0.0	 0.0120	  8.99	 0.6400	  1.45	  0.44	 0.882	 0.00000028	 0.547	  0.804	  0.64	  0.01	  0.0240	  0.0390	  0.0430	  0.0490	  0.0580	 0.9612	 0.00010202	 0.5259	 0.00000000	 0.2740	 0.87198767	  1.45	  7.55	 0.0124	 0.5809	 0.0100	
m81111c1r3.htb	 200.0	  0.03	 2.000	 10.00	 -10.00	 40.00	   0.0	 0.0120	  4.86	 0.6400	  0.99	  1.04	 1.014	 0.00000041	 0.529	  0.567	  0.64	  0.01	  0.0130	  0.0210	  0.0240	  0.0270	  0.0310	 0.9902	 0.00000326	 0.4575	 0.00000000	 0.0657	 0.96767806	  0.99	  3.87	 0.0121	 0.5743	 0.0001	
m81111c2r3.htb	 200.0	  0.03	 2.000	 -10.00	 -10.00	 40.00	   0.0	 0.0120	  8.99	 0.6400	  1.45	  0.44	 0.882	 0.00000028	 0.547	  0.804	  0.64	  0.01	  0.0240	  0.0390	  0.0430	  0.0490	  0.0580	 0.9612	 0.00010202	 0.5259	 0.00000000	 0.2740	 0.87198712	  1.45	  7.55	 0.0124	 0.5809	 0.0100	
m81111c3r3.htb	 300.0	  0.03	 2.000	  0.00	 -10.00	 40.00	   0.0	 0.0100	 11.00	 0.6400	  2.74	  1.66	 0.886	 0.00000001	 0.591	  0.636	  0.64	  0.01	  0.0450	  0.0840	  0.0980	  0.1160	  0.1450	 0.9578	 0.00012586	 0.5729	 0.00000000	 0.3844	 0.82513571	  2.73	  8.27	 0.0100	 0.9828	 0.0100	
m81511c1r3.htb	   0.0	  0.03	 2.000	  5.00	 -10.00	 40.00	   0.0	 0.0120	  4.97	 0.5780	  0.56	  0.50	 0.985	 0.00000001	 0.570	  0.621	  0.64	  0.01	  0.0100	  0.0150	  0.0160	  0.0180	  0.0210	 0.9822	 0.00001453	 0.5114	 0.00000000	 0.3025	 0.85962253	  0.56	  4.40	 0.0121	 0.4370	 0.0001	
m81511c2r3.htb	   0.0	  0.03	 2.000	 10.00	  0.00	 40.00	   0.0	 0.0100	  3.59	 0.6400	  0.23	  0.65	 1.141	 0.08322289	 0.471	  0.910	  0.64	  0.01	  0.0140	  0.0240	  0.0270	  0.0310	  0.0370	 0.9641	 0.00008371	 0.1524	 0.00083643	 0.1836	 0.91230690	  0.23	  3.36	 0.0100	 0.7001	 0.0001	
m81511c2r3.htb	   0.0	  0.03	 2.000	 10.00	  0.00	 40.00	   0.0	 0.0100	  3.59	 0.6400	  0.23	  0.65	 1.141	 0.08322289	 0.471	  0.910	  0.64	  0.01	  0.0140	  0.0240	  0.0270	  0.0310	  0.0370	 0.9641	 0.00008374	 0.1524	 0.00083646	 0.1836	 0.91230659	  0.23	  3.36	 0.0100	 0.7001	 0.0001	
m81511c3r3.htb	 200.0	  0.03	 2.000	 -10.00	 10.00	 40.00	   0.0	 0.0140	  7.85	 0.6400	  1.76	  1.39	 0.943	 0.00002003	 0.495	  0.752	  0.64	  0.01	  0.0170	  0.0290	  0.0320	  0.0370	  0.0440	 0.9883	 0.00000505	 0.3804	 0.00000001	 0.1171	 0.94312409	  1.76	  6.09	 0.0137	 0.6545	 0.0001	
m81611c1r3.htb	   0.0	  0.03	 2.000	  0.00	 -10.00	 40.00	   0.0	 0.0160	  7.58	 0.5290	  0.78	  1.54	 1.127	 0.00000000	 0.575	  0.680	  0.64	  0.01	  0.0140	  0.0210	  0.0230	  0.0250	  0.0290	 0.9896	 0.00000372	 0.5825	 0.00000000	 0.3248	 0.85010319	  0.78	  6.81	 0.0155	 0.3438	 0.0100	
m81611c2r3.htb	 100.0	  0.03	 2.000	 -5.00	 -10.00	 40.00	   0.0	 0.0100	  6.69	 0.6400	  1.82	  2.19	 1.083	 0.00234648	 0.436	  0.835	  0.64	  0.01	  0.0310	  0.0620	  0.0730	  0.0890	  0.1140	 0.9729	 0.00004158	 0.2592	 0.00000579	 0.0992	 0.95160498	  1.82	  4.87	 0.0100	 1.1664	 0.0001	
m81611c3r3.htb	 180.0	  0.03	 2.000	 -10.00	  0.00	 40.00	   0.0	 0.0190	  9.76	 0.6400	  2.16	  2.34	 1.024	 0.00048950	 0.494	  1.001	  0.64	  0.01	  0.0250	  0.0400	  0.0450	  0.0510	  0.0600	 0.9495	 0.00019782	 0.2950	 0.00000119	 0.1623	 0.92203576	  2.16	  7.61	 0.0191	 0.5887	 0.0039	
m81711c1r3.htb	 180.0	  0.03	 2.000	 10.00	 -10.00	 40.00	   0.0	 0.0130	 14.95	 0.6400	  2.17	  1.49	 0.950	 0.00000000	 0.646	  0.724	  0.64	  0.01	  0.0210	  0.0370	  0.0420	  0.0490	  0.0590	 0.9855	 0.00000868	 0.7703	 0.00000000	 0.4249	 0.80859464	  2.17	 12.78	 0.0130	 0.7847	 0.0001	
m81711c2r3.htb	 200.0	  0.03	 2.000	 10.00	 -10.00	 40.00	   0.0	 0.0170	  5.69	 0.6400	  0.25	  0.45	 1.041	 0.00000000	 0.649	  0.515	  0.64	  0.01	  0.0430	  0.0810	  0.0940	  0.1130	  0.1420	 0.9748	 0.00003442	 0.6885	 0.00000000	 0.2425	 0.88580624	  0.24	  5.46	 0.0170	 1.0409	 0.0001	
m81711c3r3.htb	 100.0	  0.03	 2.000	 10.00	  5.00	 40.00	   0.0	 0.0200	 14.93	 0.6400	  4.11	  4.08	 0.998	 0.00000000	 0.583	  0.635	  0.64	  0.01	  0.0540	  0.0960	  0.1110	  0.1300	  0.1590	 0.9579	 0.00012547	 0.5883	 0.00000000	 0.3410	 0.84325928	  4.10	 10.83	 0.0201	 0.8549	 0.0100	
m82211c3r3.htb	 175.0	  0.03	 2.000	 15.00	 -5.00	 40.00	   0.0	 0.0150	 14.94	 0.6400	  2.01	  3.65	 1.149	 0.00000000	 0.664	  0.617	  0.64	  0.01	  0.0540	  0.1000	  0.1150	  0.1370	  0.1690	 0.9624	 0.00009448	 0.7562	 0.00000000	 1.7461	 0.41768348	  1.97	 12.98	 0.0155	 0.9492	 0.0100	
m82211c3r3.htb	 175.0	  0.03	 2.000	 15.00	 -5.00	 40.00	   0.0	 0.0150	 14.94	 0.6400	  2.01	  3.65	 1.149	 0.00000000	 0.664	  0.617	  0.64	  0.01	  0.0540	  0.1000	  0.1150	  0.1370	  0.1690	 0.9624	 0.00009448	 0.7562	 0.00000000	 1.7460	 0.41768848	  1.97	 12.98	 0.0155	 0.9492	 0.0100	
m82311c1r3.htb	   0.0	  0.03	 2.000	  0.00	  0.00	 40.00	   0.0	 0.0100	 12.54	 0.6400	  4.40	  5.12	 1.097	 0.00006083	 0.572	  0.794	  0.64	  0.01	  0.0320	  0.0560	  0.0640	  0.0750	  0.0900	 0.7961	 0.00690578	 0.2868	 0.00000177	 1.7168	 0.42383388	  4.40	  8.13	 0.0100	 0.7891	 0.0100	
m82311c2r3.htb	   0.0	  0.03	 2.000	 15.00	 -10.00	 40.00	   0.0	 0.0200	  4.59	 0.6400	  0.26	  0.25	 0.997	 0.00000000	 0.670	  0.462	  0.64	  0.01	  0.0340	  0.0580	  0.0660	  0.0760	  0.0910	 0.9802	 0.00001889	 0.6794	 0.00000000	 0.7073	 0.70213414	  0.26	  4.33	 0.0202	 0.7227	 0.0039	
m82311c3r3.htb	   0.0	  0.03	 2.000	 10.00	 -5.00	 40.00	   0.0	 0.0140	  4.98	 0.6400	  0.79	  1.04	 1.068	 0.00000001	 0.575	  0.572	  0.64	  0.01	  0.0400	  0.0760	  0.0900	  0.1080	  0.1370	 0.9847	 0.00000986	 0.5226	 0.00000000	 0.2437	 0.88529672	  0.78	  4.21	 0.0144	 1.0915	 0.0001	
m82411c1r3.htb	  20.0	  0.03	 2.000	 10.00	 -10.00	 40.00	   0.0	 0.0150	  4.95	 0.6400	  0.19	  0.25	 1.013	 0.00000000	 0.571	  0.672	  0.64	  0.01	  0.0170	  0.0270	  0.0310	  0.0350	  0.0410	 0.9932	 0.00000130	 0.5360	 0.00000000	 0.0719	 0.96467071	  0.19	  4.76	 0.0149	 0.6046	 0.0001	
m82511c1r3.htb	 325.0	  0.03	 2.000	 15.00	  0.00	 40.00	   0.0	 0.0130	 11.18	 0.6400	  0.36	  0.75	 1.037	 0.00000000	 0.677	  0.663	  0.64	  0.01	  0.0270	  0.0460	  0.0520	  0.0600	  0.0720	 0.9989	 0.00000002	 0.7853	 0.00000000	 0.0217	 0.98919735	  0.36	 10.82	 0.0127	 0.7048	 0.0072	
m82511c2r3.htb	 200.0	  0.03	 2.000	  0.00	 10.00	 40.00	   0.0	 0.0190	  8.77	 0.6400	  2.29	  3.78	 1.298	 0.00000002	 0.533	  0.643	  0.64	  0.01	  0.0240	  0.0380	  0.0420	  0.0480	  0.0550	 0.9734	 0.00003974	 0.5021	 0.00000000	 0.3990	 0.81913278	  2.29	  6.47	 0.0193	 0.4829	 0.0100	
m82511c2r3.htb	 200.0	  0.03	 2.000	  0.00	 10.00	 40.00	   0.0	 0.0190	  8.77	 0.6400	  2.29	  3.78	 1.298	 0.00000002	 0.533	  0.643	  0.64	  0.01	  0.0240	  0.0380	  0.0420	  0.0480	  0.0550	 0.9734	 0.00003974	 0.5021	 0.00000000	 0.3990	 0.81913325	  2.29	  6.47	 0.0193	 0.4829	 0.0100	
m82511c3r3.htb	   0.0	  0.03	 2.000	 10.00	 10.00	 40.00	   0.0	 0.0100	 10.38	 0.6400	  1.03	  2.06	 1.128	 0.00000000	 0.700	  0.599	  0.64	  0.01	  0.0350	  0.0710	  0.0840	  0.1030	  0.1340	 0.9353	 0.00036996	 0.6461	 0.00000000	 4.2568	 0.11902635	  1.00	  9.39	 0.0100	 1.2414	 0.0001	
m90511c1r3.htb	   0.0	  0.03	 2.000	 10.00	 -10.00	 40.00	   0.0	 0.0220	  7.43	 0.6400	  2.65	  2.79	 1.032	 0.00678873	 0.399	  0.883	  0.64	  0.01	  0.0620	  0.1120	  0.1290	  0.1520	  0.1870	 0.8342	 0.00404974	 0.1999	 0.00010445	 0.4496	 0.79869424	  2.64	  4.79	 0.0224	 0.8925	 0.0100	
m90511c2r3.htb	 200.0	  0.03	 2.000	 -10.00	 10.00	 40.00	   0.0	 0.0100	 12.59	 0.6400	  3.23	  4.23	 1.120	 0.00000020	 0.622	  0.585	  0.64	  0.01	  0.0360	  0.0640	  0.0740	  0.0860	  0.1050	 0.9759	 0.00003099	 0.6001	 0.00000000	 0.3117	 0.85570464	  3.23	  9.36	 0.0102	 0.8454	 0.0100	
m90511c3r3.htb	  50.0	  0.03	 2.000	 -10.00	 -10.00	 40.00	   0.0	 0.0210	 11.20	 0.6400	  1.83	  2.39	 1.063	 0.00000000	 0.643	  0.570	  0.64	  0.01	  0.0420	  0.0710	  0.0800	  0.0930	  0.1110	 0.9100	 0.00085207	 0.6594	 0.00000000	 1.1614	 0.55950252	  1.83	  9.37	 0.0212	 0.7006	 0.0100	
m90511c4r3.htb	  50.0	  0.03	 2.000	  5.00	 -5.00	 40.00	   0.0	 0.0160	  7.11	 0.6400	  1.50	  0.95	 0.911	 0.00000000	 0.562	  0.580	  0.64	  0.01	  0.0300	  0.0490	  0.0560	  0.0640	  0.0760	 0.9919	 0.00000203	 0.5471	 0.00000000	 0.1712	 0.91796492	  1.50	  5.61	 0.0157	 0.6341	 0.0100	
m90711c2r3.htb	  80.0	  0.03	 2.000	  5.00	 10.00	 40.00	   0.0	 0.0100	  8.82	 0.6400	  0.98	  0.55	 0.947	 0.00000013	 0.536	  0.949	  0.64	  0.01	  0.0150	  0.0230	  0.0260	  0.0290	  0.0340	 0.9606	 0.00010632	 0.4640	 0.00000000	 0.3355	 0.84554943	  0.98	  7.84	 0.0100	 0.4912	 0.0073	
m90711c4r3.htb	  80.0	  0.03	 2.000	 10.00	 10.00	 40.00	   0.0	 0.0130	 15.67	 0.6400	  2.18	  3.48	 1.106	 0.00000000	 0.644	  0.679	  0.64	  0.01	  0.0140	  0.0220	  0.0240	  0.0270	  0.0320	 0.9957	 0.00000041	 0.7645	 0.00000000	 0.1798	 0.91401375	  2.18	 13.49	 0.0133	 0.5481	 0.0001	
m90811c1r3.htb	   0.0	  0.03	 2.000	 10.00	 -10.00	 40.00	   0.0	 0.0170	  4.37	 0.6400	  0.29	  1.00	 1.208	 0.00014072	 0.523	  0.755	  0.64	  0.01	  0.0210	  0.0320	  0.0350	  0.0390	  0.0450	 0.9884	 0.00000496	 0.3955	 0.00000012	 0.0630	 0.96896690	  0.29	  4.08	 0.0174	 0.4440	 0.0100	
m90811c2r3.htb	   0.0	  0.03	 2.000	  5.00	 -10.00	 40.00	   0.0	 0.0150	  7.75	 0.6400	  1.00	  0.25	 0.900	 0.00208282	 0.665	  0.572	  0.64	  0.01	  0.0290	  0.0510	  0.0580	  0.0680	  0.0830	 0.9667	 0.00006950	 0.6869	 0.00000189	 2.3161	 0.31410287	  1.00	  6.75	 0.0154	 0.8535	 0.0001	
m90811c3r3.htb	   0.0	  0.03	 2.000	 10.00	 -10.00	 40.00	   0.0	 0.0130	 10.11	 0.6400	  1.15	  1.00	 0.984	 0.00000004	 0.613	  0.676	  0.64	  0.01	  0.0420	  0.0750	  0.0870	  0.1020	  0.1260	 0.9776	 0.00002578	 0.7228	 0.00000000	 0.5567	 0.75702539	  1.14	  8.96	 0.0127	 0.8720	 0.0100	
m90811c3r3.htb	   0.0	  0.03	 2.000	 10.00	 -10.00	 40.00	   0.0	 0.0130	 10.11	 0.6400	  1.15	  1.00	 0.984	 0.00000004	 0.613	  0.676	  0.64	  0.01	  0.0420	  0.0750	  0.0870	  0.1020	  0.1260	 0.9776	 0.00002578	 0.7228	 0.00000000	 0.5569	 0.75697053	  1.14	  8.96	 0.0127	 0.8719	 0.0100	
m91211c1r3.htb	   0.0	  0.03	 2.000	  0.00	  0.00	 40.00	   0.0	 0.0100	  7.28	 0.6400	  2.40	  2.59	 1.040	 0.06862937	 0.366	  1.059	  0.64	  0.01	  0.0110	  0.0170	  0.0190	  0.0210	  0.0250	 0.9686	 0.00006003	 0.1599	 0.00060543	 0.0064	 0.99680271	  2.40	  4.87	 0.0100	 0.5602	 0.0001	
m91211c2r3.htb	   0.0	  0.01	 2.000	  0.00	 10.00	 40.00	   0.0	 0.0330	  2.91	 0.6400	  1.02	  3.78	 -2.167	 0.19141228	 0.475	  0.515	  0.64	  0.01	  0.0440	  0.0720	  0.0810	  0.0930	  0.1090	 0.7736	 0.00904999	 0.2143	 0.00762980	 1.0267	 0.59848093	  1.02	  1.89	 0.0333	 0.5803	 0.0100	
m91211c3r3.htb	   0.0	  0.01	 2.000	 -5.00	 -5.00	 40.00	   0.0	 0.0580	  6.29	 0.6400	  4.34	  6.82	 -8.332	 0.69219655	 0.294	  0.792	  0.64	  0.01	  0.2310	  0.3770	  0.4130	  0.4510	  0.4910	 0.5399	 0.05995292	 0.0313	 0.14262223	 0.2696	 0.87388024	  1.88	  4.40	 0.0580	 2.0871	 0.0100	
m90811c1r3.htb	   0.0	  0.03	 2.000	 10.00	 -10.00	 40.00	   0.0	 0.0170	  4.37	 0.6400	  0.29	  1.00	 1.208	 0.00014072	 0.523	  0.755	  0.64	  0.01	  0.0210	  0.0320	  0.0350	  0.0390	  0.0450	 0.9884	 0.00000496	 0.3955	 0.00000012	 0.0630	 0.96896749	  0.29	  4.08	 0.0174	 0.4440	 0.0100	
m22812c16r3.htb	 180.0	  0.03	 2.000	 -10.00	 -10.00	 40.00	   0.0	 0.0140	 10.00	 0.0980	  5.34	  4.15	 0.797	 0.37255894	 0.452	  0.584	  0.64	  0.01	  0.0060	  0.0090	  0.0100	  0.0110	  0.0120	 0.6692	 0.02451833	 0.1246	 0.03470052	 0.4135	 0.81322970	  5.34	  4.68	 0.0136	 0.1841	 0.0081	
m22812c16r3.htb	 180.0	  0.03	 2.000	 -10.00	 -10.00	 40.00	   0.0	 0.0140	  9.95	 0.0940	  5.34	  4.15	 0.796	 0.37255894	 0.452	  0.584	  0.64	  0.01	  0.0060	  0.0090	  0.0100	  0.0110	  0.0120	 0.6693	 0.02451708	 0.1246	 0.03469950	 0.4135	 0.81321090	  5.34	  4.63	 0.0137	 0.1714	 0.0100	
m61212c1r3.htb	 180.0	  0.03	 2.000	 -10.00	 -10.00	 40.00	   0.0	 0.0340	  3.72	 0.6400	  0.45	  0.56	 1.035	 0.00002046	 0.582	  0.478	  0.64	  0.01	  0.0470	  0.0770	  0.0870	  0.1000	  0.1180	 0.9045	 0.00099186	 0.4634	 0.00000007	 1.0821	 0.58213000	  0.45	  3.27	 0.0336	 0.6080	 0.0100	
m61212c2r3.htb	 180.0	  0.03	 2.000	 -10.00	 -10.00	 40.00	   0.0	 0.0320	  3.73	 0.6400	  0.33	  0.80	 1.157	 0.00000012	 0.567	  0.522	  0.64	  0.01	  0.0500	  0.0830	  0.0940	  0.1080	  0.1290	 0.9931	 0.00000134	 0.4813	 0.00000000	 0.1012	 0.95063946	  0.33	  3.40	 0.0320	 0.6500	 0.0100	
m21312c1r3.htb	   0.0	  0.03	 2.000	  0.00	  0.00	 40.00	   0.0	 0.0100	  0.00	 0.0100	  0.00	  0.00	   NaN	        NaN	   NaN	  0.000	  0.64	  0.01	  0.0000	  0.0000	  0.0000	  0.0000	  0.0000	    NaN	        NaN	    NaN	        NaN	 0.0000	        NaN	  0.00	  0.00	 0.0107	 0.0584	 0.0005	
m61913c1r3.htb	  50.0	  0.03	 2.000	 10.00	 10.00	 40.00	   0.0	 0.0220	  2.84	 0.6400	  0.67	  0.95	 1.147	 0.00278981	 0.448	  0.578	  0.64	  0.01	  0.0260	  0.0440	  0.0500	  0.0570	  0.0680	 0.9385	 0.00032567	 0.2486	 0.00001118	 0.0424	 0.97901077	  0.67	  2.17	 0.0217	 0.6515	 0.0001	
m61913c2r3.htb	  75.0	  0.03	 2.000	 10.00	 10.00	 40.00	   0.0	 0.0430	  3.05	 0.6400	  0.54	  1.00	 1.238	 0.00000187	 0.525	  0.513	  0.64	  0.01	  0.0900	  0.1610	  0.1840	  0.2160	  0.2600	 0.7790	 0.00850520	 0.3377	 0.00000013	 0.7428	 0.68976775	  0.51	  2.54	 0.0426	 0.8492	 0.0100	
m62713c1r3.htb	 180.0	  0.03	 2.000	  0.00	 -10.00	 40.00	   0.0	 0.0100	  5.12	 0.6400	  2.91	  3.08	 1.091	 0.11197812	 0.344	  0.590	  0.64	  0.01	  0.0350	  0.0710	  0.0850	  0.1040	  0.1350	 0.8821	 0.00169430	 0.1295	 0.00221182	 0.1525	 0.92656503	  2.90	  2.22	 0.0100	 1.2467	 0.0001	
m61913c2r3.htb	  75.0	  0.03	 2.000	 10.00	 10.00	 40.00	   0.0	 0.0430	  3.05	 0.6400	  0.54	  1.00	 1.238	 0.00000187	 0.525	  0.513	  0.64	  0.01	  0.0900	  0.1610	  0.1840	  0.2160	  0.2600	 0.7790	 0.00850520	 0.3377	 0.00000013	 0.7428	 0.68976775	  0.51	  2.54	 0.0426	 0.8492	 0.0100	
