FILE			 PrfOR	 PrfSF	 PrfTF	 RFXctr	 RFYctr	 RFDiam	 GrType	 MaxLoc	 MaxRsp	 MinLoc	 MinRsp	 AvgRsp	 Spont	 ModIx	 AnovaP	 DDI  	 VarTerm	 MSgrp	 MSerror	 MaxX 	 MinX 	 MaxLoc	 HWHM	
m70723c1r4.htb	   0.0	  0.03	 2.000	 -8.00	 -8.00	 30.00	   0.0	 176.00	  3.51	 330.00	  2.09	  2.98	  0.80	 0.432	 0.18562960	 0.405	  0.465	      0.301	      0.216	 330.00	  0.00	 9999.00	 9999.00	
m70523c2r4.htb	   0.0	  0.03	 2.000	  0.00	  0.00	 70.00	   0.0	 50.00	  8.26	 107.00	  3.47	  5.17	  0.80	 0.617	 0.00000008	 0.553	  0.428	      1.135	      0.183	 330.00	  0.00	 50.00	 21.00	
m70523c3r4.htb	   0.0	  0.03	 2.000	  0.00	  0.00	 40.00	   0.0	 75.00	 37.88	 170.00	 28.61	 32.66	 17.96	 0.296	 0.00000000	 0.556	  0.402	      1.353	      0.162	 330.00	  0.00	 75.00	 42.00	
m70524c1r4.htb	   0.0	  0.03	 2.000	  0.00	 -15.00	 40.00	   0.0	 135.00	 14.28	 168.00	  9.08	 11.82	  1.29	 0.403	 0.00003372	 0.502	  0.428	      0.773	      0.183	 330.00	  0.00	 135.00	 13.00	
m70524c3r4.htb	   0.0	  0.03	 2.000	  0.00	  5.00	 30.00	   0.0	 15.00	  3.54	 99.00	  2.82	  3.12	  0.20	 0.329	 0.43082122	 0.318	  0.353	      0.128	      0.125	 330.00	  0.00	 9999.00	 9999.00	
m70525c1r4.htb	   0.0	  0.03	 1.000	  0.00	 -5.00	 40.00	   0.0	  0.00	 17.04	 167.00	 12.02	 14.66	  1.14	 0.371	 0.00000171	 0.519	  0.419	      0.908	      0.175	 330.00	  0.00	  0.00	 75.00	
m70525c1r11.htb	   0.0	  0.03	 1.000	  0.00	 -5.00	 70.00	   0.0	  0.00	 11.82	 160.00	  6.94	  9.65	  1.29	 0.576	 0.00000003	 0.604	  0.423	      1.170	      0.179	 330.00	  0.00	  0.00	 71.00	
m70529c1r4.htb	   0.0	  0.03	 2.000	 -10.00	  8.00	 40.00	   0.0	 285.00	  2.10	 76.00	  1.21	  1.80	  0.15	 0.520	 0.44851926	 0.351	  0.578	      0.335	      0.334	 330.00	  0.00	 9999.00	 9999.00	
m70529c2r4.htb	   0.0	  0.03	 2.000	  5.00	  5.00	 25.00	   0.0	 255.00	 19.02	 154.00	 11.99	 15.54	  3.13	 0.409	 0.00231180	 0.474	  0.583	      0.981	      0.340	 330.00	  0.00	 255.00	 52.00	
m70529c3r4.htb	   0.0	  0.03	 2.000	 10.00	  5.00	 40.00	   0.0	 135.00	 25.09	 210.00	 10.78	 13.22	  5.25	 0.341	 0.57646623	 0.330	  0.943	      0.769	      0.889	 330.00	  0.00	 9999.00	 9999.00	
m70530c1r4.htb	   0.0	  0.03	 2.000	 -10.00	  5.00	 20.00	   0.0	 285.00	  1.45	 17.00	  0.65	  1.21	  0.15	 0.485	 0.98152717	 0.245	  0.734	      0.169	      0.539	 330.00	  0.00	 9999.00	 9999.00	
m70601c1r4.htb	   0.0	  0.03	 2.000	  0.00	 -15.00	 30.00	   0.0	 165.00	  8.91	 120.00	  6.95	  7.91	  1.94	 0.342	 0.10934564	 0.393	  0.432	      0.298	      0.186	 330.00	  0.00	 9999.00	 9999.00	
m70601c1r12.htb	   0.0	  0.03	 2.000	  0.00	 -15.00	 30.00	   0.0	 225.00	 12.37	 194.00	  9.12	 10.81	  3.13	 0.289	 0.78318038	 0.287	  0.690	      0.309	      0.477	 330.00	  0.00	 9999.00	 9999.00	
m70605c1r4.htb	   0.0	  0.03	 2.000	  5.00	 12.00	 30.00	   0.0	 19.00	  5.72	 279.00	  3.13	  4.46	  0.60	 0.504	 0.01507115	 0.432	  0.525	      0.629	      0.276	 330.00	  0.00	 9999.00	 9999.00	
m70607c1r4.htb	   0.0	  0.03	 2.000	  5.00	 -2.00	 30.00	   0.0	 327.00	  1.78	 22.00	  0.57	  1.24	  0.05	 0.568	 0.04044781	 0.425	  0.440	      0.378	      0.194	 330.00	  0.00	 9999.00	 9999.00	
m70607c2r4.htb	   0.0	  0.03	 2.000	  5.00	 -8.00	 20.00	   0.0	 25.00	  8.30	 308.00	  6.19	  7.71	  0.45	 0.264	 0.91961506	 0.250	  0.653	      0.199	      0.426	 330.00	  0.00	 9999.00	 9999.00	
m70607c2r12.htb	   0.0	  0.03	 2.000	  5.00	 -8.00	 20.00	   0.0	 216.00	  7.89	 93.00	  5.24	  6.71	  0.10	 0.385	 0.01838505	 0.427	  0.442	      0.434	      0.196	 330.00	  0.00	 9999.00	 9999.00	
m70607c2r13.htb	   0.0	  0.03	 2.000	  5.00	 -8.00	 32.00	   0.0	 165.00	 10.26	 54.00	  7.57	  8.98	  0.35	 0.270	 0.07408780	 0.361	  0.421	      0.308	      0.177	 330.00	  0.00	 9999.00	 9999.00	
m70607c2r14.htb	   0.0	  0.03	 2.000	  5.00	 -8.00	 48.00	   0.0	 13.00	 15.68	 273.00	  7.41	  8.98	  0.10	 0.323	 0.01047668	 0.433	  0.394	      0.373	      0.155	 330.00	  0.00	 9999.00	 9999.00	
m70607c2r15.htb	   0.0	  0.03	 2.000	 -20.00	 25.00	 20.00	   0.0	 125.00	  2.19	 104.00	  0.83	  1.81	  0.75	 0.684	 0.21958671	 0.412	  0.631	      0.529	      0.398	 330.00	  0.00	 9999.00	 9999.00	
m70607c3r4.htb	   0.0	  0.03	 2.000	  5.00	 -10.00	 20.00	   0.0	 75.00	 29.59	 111.00	 22.99	 25.08	  3.13	 0.185	 0.94835250	 0.248	  0.721	      0.214	      0.519	 330.00	  0.00	 9999.00	 9999.00	
m70608c1r4.htb	   0.0	  0.03	 2.000	  0.00	  0.00	 60.00	   0.0	 255.00	  6.16	 11.00	  3.30	  4.67	  1.64	 0.594	 0.00416327	 0.471	  0.524	      0.741	      0.275	 330.00	  0.00	 255.00	 52.00	
m70608c1r16.htb	   0.0	  0.03	 2.000	  0.00	  0.00	 60.00	   0.0	 257.00	 11.70	 218.00	  3.31	  4.50	  1.29	 0.606	 0.00000100	 0.553	  0.414	      0.917	      0.171	 330.00	  0.00	 257.00	 13.00	
m70608c1r17.htb	   0.0	  0.03	 2.000	  0.00	  0.00	 60.00	   0.0	 260.00	  8.53	 213.00	  3.61	  4.77	  1.09	 0.560	 0.00000072	 0.552	  0.374	      0.764	      0.140	 330.00	  0.00	 260.00	 17.00	
m70609c1r4.htb	   0.0	  0.03	 2.000	  0.00	  0.00	 70.00	   0.0	 285.00	  5.70	 203.00	  4.18	  4.95	  2.69	 0.308	 0.02425200	 0.407	  0.313	      0.208	      0.098	 330.00	  0.00	 9999.00	 9999.00	
m70609c1r14.htb	 120.0	  0.03	 2.000	  8.00	 -5.00	 40.00	   0.0	 115.00	 10.64	 36.00	  7.32	  8.76	  6.17	 0.362	 0.00272178	 0.480	  0.361	      0.369	      0.130	 330.00	  0.00	 115.00	 37.00	
m70609c2r4.htb	 120.0	  0.03	 2.000	  0.00	  8.00	 30.00	   0.0	 105.00	  2.82	 207.00	  1.95	  2.41	  1.44	 0.431	 0.41441093	 0.360	  0.407	      0.173	      0.166	 330.00	  0.00	 9999.00	 9999.00	
m70609c2r14.htb	 120.0	  0.03	 2.000	 -10.00	 10.00	 40.00	   0.0	 75.00	  2.67	 171.00	  1.94	  2.40	  1.59	 0.268	 0.77723389	 0.281	  0.409	      0.110	      0.168	 330.00	  0.00	 9999.00	 9999.00	
m70611c2r4.htb	 120.0	  0.03	 2.000	  0.00	 -3.00	 30.00	   0.0	 285.00	 29.83	 142.00	 25.47	 27.50	 13.73	 0.186	 0.00842837	 0.437	  0.355	      0.312	      0.126	 330.00	  0.00	 285.00	 45.00	
m70611c2r14.htb	 120.0	  0.03	 2.000	  0.00	 -3.00	 30.00	   0.0	 285.00	 31.51	 131.00	 27.44	 29.71	 14.78	 0.148	 0.69122769	 0.309	  0.521	      0.203	      0.271	 330.00	  0.00	 9999.00	 9999.00	
m70611c1r4.htb	 120.0	  0.03	 2.000	 -5.00	 -10.00	 30.00	   0.0	 217.00	  7.67	 274.00	  5.30	  5.91	  1.64	 0.333	 0.17619865	 0.394	  0.387	      0.212	      0.149	 330.00	  0.00	 9999.00	 9999.00	
m70611c1r14.htb	 120.0	  0.03	 2.000	 -5.00	 -10.00	 30.00	   0.0	 23.00	  7.49	 184.00	  6.80	  7.26	  1.14	 0.210	 0.46848304	 0.313	  0.344	      0.116	      0.118	 330.00	  0.00	 9999.00	 9999.00	
m70612c1r4.htb	   0.0	  0.03	 2.000	  0.00	 -8.00	 30.00	   0.0	 250.00	 23.10	 302.00	 16.82	 18.57	  5.92	 0.280	 0.07193133	 0.422	  0.473	      0.392	      0.224	 330.00	  0.00	 9999.00	 9999.00	
m70612c1r14.htb	   0.0	  0.03	 2.000	  0.00	 -8.00	 30.00	   0.0	 271.00	 21.29	 168.00	 15.73	 17.62	  4.68	 0.269	 0.00157288	 0.461	  0.393	      0.464	      0.154	 330.00	  0.00	 271.00	 29.00	
m70612c2r4.htb	   0.0	  0.03	 2.000	  0.00	 -7.00	 30.00	   0.0	 260.00	 23.01	 115.00	 16.46	 19.16	  7.01	 0.348	 0.00927476	 0.471	  0.543	      0.718	      0.294	 330.00	  0.00	 260.00	 53.00	
m70612c2r14.htb	   0.0	  0.03	 2.000	  0.00	 -7.00	 30.00	   0.0	 274.00	 25.74	 169.00	 18.59	 21.25	  7.66	 0.290	 0.00281151	 0.467	  0.474	      0.635	      0.225	 330.00	  0.00	 274.00	 37.00	
m70613c2r4.htb	   0.0	  0.03	 2.000	  5.00	  0.00	 40.00	   0.0	 148.00	  5.87	  0.00	  3.82	  4.98	  3.33	 0.381	 0.05320251	 0.432	  0.385	      0.275	      0.148	 330.00	  0.00	 9999.00	 9999.00	
m70613c2r14.htb	   0.0	  0.03	 2.000	  5.00	  0.00	 40.00	   0.0	 132.00	 10.66	  0.00	  6.87	  7.18	  4.53	 0.309	 0.03643318	 0.425	  0.335	      0.223	      0.112	 330.00	  0.00	 9999.00	 9999.00	
m70613c1r4.htb	   0.0	  0.03	 2.000	  0.00	  0.00	 50.00	   0.0	 15.00	  2.62	 45.00	  1.86	  2.36	  1.54	 0.578	 0.11070523	 0.402	  0.444	      0.314	      0.197	 330.00	  0.00	 9999.00	 9999.00	
m70613c1r14.htb	   0.0	  0.03	 2.000	  0.00	  0.00	 50.00	   0.0	 271.00	  5.23	 146.00	  2.29	  3.27	  2.79	 0.574	 0.00003960	 0.540	  0.360	      0.541	      0.130	 330.00	  0.00	 271.00	 24.00	
m70618c1r4.htb	   0.0	  0.03	 2.000	  8.00	  3.00	 30.00	   0.0	 183.00	 10.03	 85.00	  5.97	  7.21	  3.73	 0.409	 0.00562773	 0.491	  0.383	      0.381	      0.147	 330.00	  0.00	 183.00	 25.00	
m70618c1r14.htb	   0.0	  0.03	 2.000	  8.00	  3.00	 30.00	   0.0	 146.00	  7.75	 298.00	  6.62	  7.40	  3.98	 0.322	 0.05612041	 0.403	  0.406	      0.302	      0.164	 330.00	  0.00	 9999.00	 9999.00	
m70619c1r4.htb	   0.0	  0.03	 2.000	 -5.00	  5.00	 30.00	   0.0	 215.00	  1.71	 274.00	  0.56	  1.00	  0.50	 0.714	 0.04225553	 0.462	  0.404	      0.317	      0.164	 330.00	  0.00	 9999.00	 9999.00	
m70619c1r14.htb	   0.0	  0.03	 2.000	  5.00	  0.00	 40.00	   0.0	 251.00	 10.36	 282.00	  6.68	  7.42	  4.83	 0.285	 0.10359893	 0.397	  0.336	      0.183	      0.113	 330.00	  0.00	 9999.00	 9999.00	
m70621c1r4.htb	   0.0	  0.03	 2.000	  8.00	  5.00	 30.00	   0.0	 77.00	 16.06	 110.00	 10.28	 12.09	  0.95	 0.350	 0.00224062	 0.485	  0.397	      0.457	      0.158	 330.00	  0.00	 77.00	 12.00	
m70621c2r4.htb	   0.0	  0.03	 2.000	 -8.00	  5.00	 30.00	   0.0	 225.00	  2.23	 122.00	  1.44	  1.98	  0.90	 0.442	 0.29889676	 0.335	  0.457	      0.250	      0.209	 330.00	  0.00	 9999.00	 9999.00	
m70621c2r14.htb	   0.0	  0.03	 2.000	  8.00	  5.00	 30.00	   0.0	 18.00	  6.71	 48.00	  3.41	  4.71	  1.14	 0.467	 0.00289753	 0.455	  0.402	      0.454	      0.161	 330.00	  0.00	 18.00	 12.00	
m70622c1r4.htb	   0.0	  0.03	 2.000	  5.00	  8.00	 30.00	   0.0	 11.00	 22.78	 330.00	 14.28	 15.75	  3.48	 0.301	 0.36980599	 0.386	  0.579	      0.368	      0.335	 330.00	  0.00	 9999.00	 9999.00	
m70622c1r14.htb	   0.0	  0.03	 2.000	  0.00	  0.00	 30.00	   0.0	 204.00	 22.45	 178.00	 16.43	 18.69	  9.15	 0.320	 0.95941032	 0.221	  1.036	      0.413	      1.072	 330.00	  0.00	 9999.00	 9999.00	
m70625c1r4.htb	   0.0	  0.03	 2.000	  8.00	 -8.00	 30.00	   0.0	 135.00	 10.96	 55.00	  7.44	  8.90	  1.09	 0.362	 0.00333941	 0.402	  0.512	      0.725	      0.262	 330.00	  0.00	 135.00	 36.00	
m70625c1r14.htb	   0.0	  0.03	 2.000	  0.00	 -2.00	 30.00	   0.0	 152.00	 20.28	 252.00	 17.30	 18.82	  2.79	 0.174	 0.63432515	 0.307	  0.460	      0.171	      0.212	 330.00	  0.00	 9999.00	 9999.00	
m70625c2r4.htb	   0.0	  0.03	 2.000	 -3.00	  5.00	 30.00	   0.0	  5.00	 15.61	 330.00	 12.33	 12.82	  2.09	 0.234	 0.25942373	 0.377	  0.414	      0.215	      0.171	 330.00	  0.00	 9999.00	 9999.00	
m70625c2r14.htb	   0.0	  0.03	 2.000	  0.00	 -5.00	 30.00	   0.0	 84.00	 19.28	 59.00	 16.04	 16.66	  3.55	 0.170	 0.38169121	 0.404	  0.283	      0.088	      0.080	 330.00	  0.00	 9999.00	 9999.00	
m70626c1r4.htb	   0.0	  0.03	 2.000	  8.00	  5.00	 25.00	   0.0	 206.00	  4.78	 179.00	  3.64	  3.93	  2.24	 0.292	 0.78364913	 0.329	  0.372	      0.090	      0.139	 330.00	  0.00	 9999.00	 9999.00	
m70626c1r14.htb	   0.0	  0.03	 2.000	  8.00	  5.00	 30.00	   0.0	 230.00	 17.12	 271.00	 13.55	 14.37	 11.84	 0.234	 0.11542687	 0.403	  0.404	      0.259	      0.163	 330.00	  0.00	 9999.00	 9999.00	
m70628c1r4.htb	   0.0	  0.03	 2.000	 -10.00	 -10.00	 30.00	   0.0	 330.00	  7.02	 16.00	  5.55	  5.87	  1.19	 0.319	 0.33143188	 0.384	  0.371	      0.158	      0.137	 330.00	  0.00	 9999.00	 9999.00	
m70628c1r14.htb	   0.0	  0.03	 2.000	 -10.00	 -10.00	 30.00	   0.0	 194.00	 28.82	 72.00	 10.80	 12.21	  1.34	 0.291	 0.08398712	 0.417	  0.437	      0.323	      0.191	 330.00	  0.00	 9999.00	 9999.00	
m70703c1r4.htb	   0.0	  0.03	 2.000	  0.00	 -10.00	 30.00	   0.0	 194.00	  5.30	 150.00	  1.57	  2.88	  0.65	 0.632	 0.01664832	 0.436	  0.524	      0.618	      0.275	 330.00	  0.00	 9999.00	 9999.00	
m70703c2r4.htb	   0.0	  0.03	 2.000	  0.00	 -5.00	 30.00	   0.0	 123.00	  9.53	 89.00	  8.63	  8.83	  6.17	 0.146	 0.80178111	 0.311	  0.272	      0.046	      0.074	 330.00	  0.00	 9999.00	 9999.00	
m70705c1r4.htb	   0.0	  0.03	 2.000	 -8.00	  5.00	 30.00	   0.0	 16.00	  2.60	 278.00	  2.07	  2.36	  0.80	 0.475	 0.59482206	 0.366	  0.380	      0.122	      0.144	 330.00	  0.00	 9999.00	 9999.00	
m70705c1r14.htb	   0.0	  0.03	 2.000	 -8.00	  5.00	 30.00	   0.0	 203.00	  4.18	 264.00	  2.25	  2.95	  0.60	 0.505	 0.57771132	 0.350	  0.488	      0.206	      0.239	 330.00	  0.00	 9999.00	 9999.00	
m70705c1r24.htb	   0.0	  0.03	 2.000	 -8.00	  5.00	 30.00	   0.0	 194.00	  4.26	 166.00	  3.66	  4.04	  1.55	 0.307	 0.99564478	 0.248	  0.505	      0.057	      0.255	 330.00	  0.00	 9999.00	 9999.00	
m70705c1r34.htb	   0.0	  0.03	 2.000	 -8.00	  5.00	 30.00	   0.0	 76.00	  8.21	 42.00	  4.36	  5.54	  1.80	 0.443	 0.27389139	 0.449	  0.463	      0.267	      0.215	 330.00	  0.00	 9999.00	 9999.00	
m70706c2r4.htb	   0.0	  0.03	 4.000	 -5.00	 -5.00	 30.00	   0.0	  8.00	  8.19	 93.00	  5.07	  6.60	  0.30	 0.433	 0.19513217	 0.391	  0.583	      0.466	      0.339	 330.00	  0.00	 9999.00	 9999.00	
m70709c1r4.htb	   0.0	  0.03	 2.000	 -2.00	  0.00	 30.00	   0.0	 258.00	 13.22	 284.00	  7.35	  8.01	  0.95	 0.251	 0.24640510	 0.404	  0.304	      0.118	      0.093	 330.00	  0.00	 9999.00	 9999.00	
m70709c2r4.htb	   0.0	  0.03	 2.000	 -8.00	  0.00	 30.00	   0.0	 84.00	  8.05	 20.00	  6.68	  7.22	  3.58	 0.239	 0.53533966	 0.343	  0.355	      0.114	      0.126	 330.00	  0.00	 9999.00	 9999.00	
m70709c3r4.htb	   0.0	  0.03	 2.000	 -10.00	  6.00	 30.00	   0.0	 173.00	  3.32	 233.00	  1.65	  2.40	  0.50	 0.514	 0.57233971	 0.300	  0.633	      0.349	      0.401	 330.00	  0.00	 9999.00	 9999.00	
m70710c1r4.htb	   0.0	  0.03	 2.000	 -5.00	 -10.00	 30.00	   0.0	 175.00	 13.93	 323.00	  7.77	  9.71	  1.24	 0.433	 0.00001212	 0.512	  0.457	      0.950	      0.209	 330.00	  0.00	 175.00	 38.00	
m70710c2r4.htb	 180.0	  0.03	 2.000	  0.00	  0.00	 30.00	   0.0	 75.00	 15.21	 132.00	 11.26	 13.10	  8.56	 0.365	 0.00089728	 0.529	  0.382	      0.466	      0.146	 330.00	  0.00	 75.00	 22.00	
m70711c1r4.htb	   0.0	  0.03	 2.000	  0.00	  8.00	 30.00	   0.0	 260.00	 16.59	 31.00	 13.95	 15.71	  9.20	 0.335	 0.00092309	 0.519	  0.364	      0.421	      0.133	 330.00	  0.00	 260.00	 70.00	
m70711c2r4.htb	   0.0	  0.03	 2.000	 -5.00	  5.00	 30.00	   0.0	 187.00	 11.91	 244.00	  9.70	 10.44	  2.79	 0.201	 0.58385277	 0.317	  0.401	      0.138	      0.161	 330.00	  0.00	 9999.00	 9999.00	
m70712c1r4.htb	   0.0	  0.03	 2.000	 -5.00	  5.00	 30.00	   0.0	 178.00	 16.95	 278.00	 12.45	 14.54	  0.65	 0.350	 0.00000015	 0.590	  0.286	      0.491	      0.082	 330.00	  0.00	 178.00	 45.00	
m70717c3r4.htb	   0.0	  0.03	 2.000	  0.00	  5.00	 30.00	   0.0	 253.00	  9.38	  0.00	  5.89	  8.09	  0.30	 0.335	 0.05720485	 0.376	  0.521	      0.497	      0.271	 330.00	  0.00	 9999.00	 9999.00	
m70718c1r4.htb	   0.0	  0.03	 2.000	  2.00	  5.00	 30.00	   0.0	 11.00	 29.10	 330.00	 22.43	 23.80	  6.72	 0.184	 0.87590922	 0.296	  0.615	      0.202	      0.378	 330.00	  0.00	 9999.00	 9999.00	
m70718c2r4.htb	   0.0	  0.03	 2.000	  0.00	 -5.00	 30.00	   0.0	 81.00	 24.92	 177.00	 15.45	 19.95	  8.36	 0.387	 0.00000000	 0.608	  0.354	      1.534	      0.125	 330.00	  0.00	 81.00	 49.00	
m70718c3r4.htb	  90.0	  0.03	 2.000	  0.00	  2.00	 30.00	   0.0	 160.00	  7.20	 71.00	  2.47	  4.98	  0.90	 0.637	 0.00000010	 0.518	  0.508	      1.580	      0.258	 330.00	  0.00	 160.00	 43.00	
m70719c1r4.htb	  90.0	  0.03	 2.000	  5.00	  5.00	 30.00	   0.0	 286.00	 29.00	 173.00	 23.51	 25.73	  3.98	 0.283	 0.00000001	 0.600	  0.284	      0.553	      0.081	 330.00	  0.00	 286.00	 44.00	
m70719c2r4.htb	  90.0	  0.03	 2.000	 -5.00	  0.00	 30.00	   0.0	  0.00	 33.97	 177.00	 30.86	 32.48	 14.48	 0.165	 0.01209197	 0.461	  0.296	      0.206	      0.088	 330.00	  0.00	 9999.00	 9999.00	
m70719c3r4.htb	  90.0	  0.03	 2.000	 -5.00	 -5.00	 30.00	   0.0	 253.00	 50.10	 223.00	 20.58	 21.96	  5.77	 0.241	 0.08578315	 0.405	  0.483	      0.394	      0.233	 330.00	  0.00	 9999.00	 9999.00	
m70720c1r4.htb	  90.0	  0.03	 2.000	 -5.00	  0.00	 30.00	   0.0	 260.00	 27.08	 180.00	 21.39	 22.94	  6.07	 0.167	 0.46389348	 0.361	  0.406	      0.162	      0.165	 330.00	  0.00	 9999.00	 9999.00	
m70720c2r4.htb	   0.0	  0.03	 2.000	 -5.00	 -2.00	 30.00	   0.0	 257.00	 73.17	 283.00	 31.44	 32.38	 12.14	 0.131	 0.01635871	 0.448	  0.250	      0.141	      0.063	 330.00	  0.00	 9999.00	 9999.00	
m70723c1r4.htb	   0.0	  0.03	 2.000	 -8.00	 -8.00	 30.00	   0.0	 176.00	  3.51	 330.00	  2.08	  2.98	  0.80	 0.432	 0.18562960	 0.405	  0.465	      0.301	      0.216	 330.00	  0.00	 9999.00	 9999.00	
m70723c1r14.htb	   0.0	  0.03	 2.000	 -8.00	 -8.00	 30.00	   0.0	 229.00	  5.10	  0.00	  2.72	  4.06	  1.59	 0.481	 0.02361091	 0.411	  0.499	      0.532	      0.249	 330.00	  0.00	 9999.00	 9999.00	
m70723c1r24.htb	   0.0	  0.03	 2.000	 -8.00	 -8.00	 30.00	   0.0	 43.00	  4.80	 96.00	  3.38	  4.00	  1.80	 0.379	 0.56566148	 0.350	  0.424	      0.158	      0.180	 330.00	  0.00	 9999.00	 9999.00	
m70723c1r34.htb	   0.0	  0.03	 2.000	 -8.00	 -8.00	 30.00	   0.0	 265.00	  3.36	 111.00	  1.89	  2.46	  1.94	 0.472	 0.24252623	 0.371	  0.432	      0.240	      0.187	 330.00	  0.00	 9999.00	 9999.00	
m70724c1r4.htb	   0.0	  0.03	 2.000	  0.00	  5.00	 40.00	   0.0	 87.00	 19.17	 138.00	 15.68	 16.73	 16.62	 0.210	 0.51925290	 0.378	  0.398	      0.147	      0.158	 330.00	  0.00	 9999.00	 9999.00	
m70730c1r4.htb	   0.0	  0.03	 2.000	 -5.00	  0.00	 30.00	   0.0	  8.00	 15.03	 84.00	 11.50	 13.15	  0.75	 0.260	 0.11242123	 0.397	  0.402	      0.256	      0.162	 330.00	  0.00	 9999.00	 9999.00	
m70730c1r14.htb	   0.0	  0.03	 2.000	 -5.00	  0.00	 15.00	   0.0	  0.00	 12.32	 27.00	  8.55	  9.58	  2.19	 0.345	 0.35436994	 0.383	  0.551	      0.339	      0.303	 330.00	  0.00	 9999.00	 9999.00	
m70730c1r34.htb	   0.0	  0.03	 2.000	 -5.00	  0.00	 80.00	   0.0	 15.00	 12.82	 120.00	  8.71	 10.34	  0.95	 0.289	 0.00151458	 0.426	  0.369	      0.412	      0.136	 330.00	  0.00	 15.00	 29.00	
m70801c3r4.htb	   0.0	  0.03	 2.000	  5.00	  5.00	 25.00	   0.0	 195.00	 109.63	 164.00	 44.63	 49.03	 12.04	 0.216	 0.00008046	 0.544	  0.358	      0.504	      0.128	 330.00	  0.00	 195.00	  9.00	
m70802c1r4.htb	   0.0	  0.03	 2.000	 -8.00	 -7.00	 30.00	   0.0	 253.00	 21.26	 214.00	 11.53	 13.98	  4.83	 0.362	 0.00045949	 0.480	  0.461	      0.722	      0.213	 330.00	  0.00	 253.00	 14.00	
m70802c2r4.htb	   0.0	  0.03	 2.000	  2.00	 -2.00	 30.00	   0.0	 30.00	 25.72	 330.00	 21.17	 23.67	  3.38	 0.190	 0.21574162	 0.339	  0.481	      0.308	      0.231	 330.00	  0.00	 9999.00	 9999.00	
m70803c2r4.htb	   0.0	  0.03	 2.000	 -10.00	 -3.00	 30.00	   0.0	 191.00	 25.09	 224.00	 10.44	 12.92	  2.24	 0.579	 0.00000001	 0.585	  0.519	      1.857	      0.269	 330.00	  0.00	 191.00	 12.00	
m70806c1r4.htb	   0.0	  0.03	 2.000	  7.00	  3.00	 25.00	   0.0	 298.00	 11.97	 197.00	  5.73	  8.92	  0.40	 0.496	 0.00000000	 0.566	  0.391	      1.184	      0.153	 330.00	  0.00	 298.00	 32.00	
m70806c1r14.htb	   0.0	  0.03	 2.000	  7.00	  3.00	 50.00	   0.0	 307.00	  9.58	 208.00	  2.98	  6.15	  0.55	 0.653	 0.00000000	 0.657	  0.341	      2.226	      0.116	 330.00	  0.00	 307.00	 23.00	
m70806c1r24.htb	   0.0	  0.03	 2.000	  7.00	  3.00	 100.00	   0.0	 298.00	  7.57	 217.00	  2.92	  4.83	  1.04	 0.663	 0.00000000	 0.646	  0.328	      1.463	      0.107	 330.00	  0.00	 298.00	 31.00	
m70806c1r34.htb	   0.0	  0.03	 2.000	  7.00	  3.00	 100.00	   0.0	 298.00	  7.57	 217.00	  2.92	  4.83	  1.04	 0.663	 0.00000000	 0.646	  0.328	      1.463	      0.107	 330.00	  0.00	 298.00	 31.00	
m70807c1r4.htb	   0.0	  0.03	 2.000	  0.00	  0.00	 30.00	   0.0	 269.00	 23.84	 24.00	 16.79	 20.56	  1.44	 0.322	 0.00000001	 0.578	  0.323	      0.731	      0.104	 330.00	  0.00	 269.00	 59.00	
m70807c1r14.htb	   0.0	  0.03	 2.000	  0.00	  0.00	 60.00	   0.0	 288.00	 11.12	 63.00	  6.27	  8.88	  1.74	 0.515	 0.00000000	 0.605	  0.340	      0.896	      0.116	 330.00	  0.00	 288.00	 42.00	
m70807c1r24.htb	   0.0	  0.03	 2.000	  0.00	  0.00	 120.00	   0.0	 285.00	  9.16	 71.00	  6.13	  7.93	  2.34	 0.542	 0.00000007	 0.598	  0.350	      0.765	      0.123	 330.00	  0.00	 285.00	 45.00	
m70807c1r34.htb	   0.0	  0.03	 2.000	  0.00	  0.00	 15.00	   0.0	 291.00	 19.07	 60.00	 11.88	 15.03	  1.19	 0.387	 0.00000000	 0.608	  0.310	      1.017	      0.096	 330.00	  0.00	 291.00	 39.00	
m70809c1r4.htb	   0.0	  0.03	 2.000	  0.00	  2.00	 35.00	   0.0	 156.00	 12.77	  0.00	  8.57	 10.16	  2.34	 0.357	 0.00000015	 0.506	  0.347	      0.719	      0.120	 330.00	  0.00	 156.00	 58.00	
m70809c1r14.htb	 180.0	  0.03	 2.000	  0.00	  2.00	 70.00	   0.0	 166.00	  8.49	 70.00	  5.72	  6.92	  1.14	 0.437	 0.00005953	 0.525	  0.331	      0.442	      0.109	 330.00	  0.00	 166.00	 47.00	
m70810c1r4.htb	 180.0	  0.03	 2.000	  0.00	  0.00	 30.00	   0.0	 105.00	  7.38	 330.00	  4.57	  5.82	  0.60	 0.478	 0.00031535	 0.502	  0.395	      0.547	      0.156	 330.00	  0.00	 105.00	 59.00	
m70810c1r14.htb	  90.0	  0.03	 2.000	  0.00	  0.00	 60.00	   0.0	 288.00	  6.37	 255.00	  2.45	  3.09	  0.45	 0.566	 0.02234205	 0.409	  0.531	      0.607	      0.282	 330.00	  0.00	 9999.00	 9999.00	
m70810c1r24.htb	  90.0	  0.03	 2.000	  0.00	  0.00	 120.00	   0.0	 317.00	  3.53	 189.00	  1.66	  2.94	  0.20	 0.659	 0.00002753	 0.510	  0.518	      1.150	      0.269	 330.00	  0.00	 317.00	 13.00	
m70810c1r34.htb	  90.0	  0.03	 2.000	  0.00	  0.00	 15.00	   0.0	 90.00	  4.61	 330.00	  2.31	  3.36	  0.30	 0.473	 0.06102618	 0.383	  0.503	      0.457	      0.253	 330.00	  0.00	 9999.00	 9999.00	
m70815c1r4.htb	   0.0	  0.03	 2.000	  0.00	  0.00	 25.00	   0.0	 70.00	  9.04	 183.00	  5.19	  7.69	  2.39	 0.538	 0.00000059	 0.567	  0.394	      0.859	      0.155	 330.00	  0.00	 70.00	 58.00	
m70815c1r14.htb	   0.0	  0.03	 2.000	  0.00	  0.00	 50.00	   0.0	 62.00	  8.12	 161.00	  4.59	  6.74	  3.28	 0.503	 0.00211486	 0.476	  0.492	      0.705	      0.242	 330.00	  0.00	 62.00	 50.00	
m70815c1r24.htb	   0.0	  0.03	 2.000	  0.00	  0.00	 100.00	   0.0	 269.00	  7.62	 164.00	  4.78	  6.29	  2.59	 0.384	 0.31116619	 0.385	  0.563	      0.373	      0.317	 330.00	  0.00	 9999.00	 9999.00	
m70815c1r34.htb	   0.0	  0.03	 2.000	  0.00	  0.00	 12.50	   0.0	 63.00	 10.41	 99.00	  8.32	  8.90	  2.84	 0.261	 0.40817073	 0.337	  0.456	      0.218	      0.208	 330.00	  0.00	 9999.00	 9999.00	
m70816c1r4.htb	   0.0	  0.03	 2.000	  6.00	  5.00	 25.00	   0.0	 75.00	 20.18	 41.00	  7.02	  8.96	  1.54	 0.410	 0.00118719	 0.455	  0.491	      0.747	      0.241	 330.00	  0.00	 75.00	 12.00	
m70816c1r14.htb	   0.0	  0.03	 2.000	  6.00	  5.00	 50.00	   0.0	 88.00	 12.46	 30.00	  6.52	  8.57	  0.45	 0.520	 0.00000182	 0.547	  0.441	      1.001	      0.194	 330.00	  0.00	 88.00	 23.00	
m70816c1r24.htb	   0.0	  0.03	 2.000	  6.00	  5.00	 100.00	   0.0	 283.00	  8.72	 201.00	  4.28	  5.37	  1.24	 0.445	 0.00021485	 0.459	  0.418	      0.634	      0.175	 330.00	  0.00	 283.00	 21.00	
m70816c1r34.htb	   0.0	  0.03	 2.000	  6.00	  5.00	 12.50	   0.0	 165.00	  7.16	  4.00	  5.51	  6.79	  0.80	 0.525	 0.21807216	 0.387	  0.710	      0.671	      0.505	 330.00	  0.00	 9999.00	 9999.00	
m70817c1r4.htb	 180.0	  0.03	 2.000	  3.00	  0.00	 40.00	   0.0	 330.00	  9.98	 67.00	  3.50	  6.50	  1.49	 0.724	 0.00000000	 0.635	  0.429	      2.257	      0.184	 330.00	  0.00	 330.00	  0.00	
m70817c1r14.htb	 180.0	  0.03	 2.000	  3.00	  0.00	 80.00	   0.0	 315.00	 10.46	 62.00	  3.77	  6.00	  0.85	 0.745	 0.00000000	 0.667	  0.394	      2.633	      0.156	 330.00	  0.00	 315.00	 15.00	
m70817c1r24.htb	 180.0	  0.03	 2.000	  3.00	  0.00	 160.00	   0.0	 315.00	  8.55	 59.00	  3.05	  5.17	  1.44	 0.884	 0.00000000	 0.723	  0.373	      3.029	      0.139	 330.00	  0.00	 315.00	 15.00	
m70817c1r34.htb	 180.0	  0.03	 2.000	  3.00	  0.00	 20.00	   0.0	 285.00	  6.91	 87.00	  4.85	  6.11	  3.38	 0.491	 0.01303877	 0.441	  0.534	      0.664	      0.285	 330.00	  0.00	 9999.00	 9999.00	
m70820c1r4.htb	 180.0	  0.03	 2.000	  0.00	  0.00	 35.00	   0.0	 268.00	 28.44	 194.00	 20.65	 23.45	 11.39	 0.305	 0.00685514	 0.478	  0.488	      0.606	      0.239	 330.00	  0.00	 268.00	 30.00	
m70820c1r14.htb	 180.0	  0.03	 2.000	  0.00	  0.00	 70.00	   0.0	 60.00	 24.65	 169.00	 17.19	 21.10	  9.20	 0.318	 0.00000000	 0.590	  0.304	      0.867	      0.092	 330.00	  0.00	 60.00	 51.00	
m70820c1r24.htb	 180.0	  0.03	 2.000	  0.00	  0.00	 140.00	   0.0	 262.00	 26.88	 169.00	 17.07	 22.23	 11.44	 0.417	 0.00000000	 0.666	  0.311	      1.389	      0.097	 330.00	  0.00	 262.00	 49.00	
m70820c1r34.htb	 180.0	  0.03	 2.000	  0.00	  0.00	 18.00	   0.0	 98.00	 23.51	 44.00	 15.48	 18.46	 10.10	 0.339	 0.00451254	 0.445	  0.568	      0.861	      0.322	 330.00	  0.00	 98.00	 20.00	
m70822c1r4.htb	 180.0	  0.03	 2.000	 -5.00	 -7.00	 30.00	   0.0	 252.00	  7.39	  7.00	  5.71	  6.50	  1.19	 0.261	 0.71556548	 0.303	  0.453	      0.148	      0.205	 330.00	  0.00	 9999.00	 9999.00	
m70822c1r14.htb	 180.0	  0.03	 2.000	 -5.00	 -7.00	 60.00	   0.0	 104.00	 11.92	 71.00	  3.90	  5.07	  0.90	 0.470	 0.04150359	 0.461	  0.408	      0.323	      0.166	 330.00	  0.00	 9999.00	 9999.00	
m70822c1r24.htb	 180.0	  0.03	 2.000	 -5.00	 -7.00	 120.00	   0.0	 95.00	  5.91	 33.00	  3.40	  4.31	  0.75	 0.443	 0.10271206	 0.392	  0.468	      0.354	      0.219	 330.00	  0.00	 9999.00	 9999.00	
m70822c1r34.htb	 180.0	  0.03	 2.000	 -5.00	 -7.00	 15.00	   0.0	 195.00	  5.48	 165.00	  3.75	  4.42	  0.45	 0.453	 0.09719007	 0.424	  0.421	      0.291	      0.177	 330.00	  0.00	 9999.00	 9999.00	
m70823c1r4.htb	 180.0	  0.03	 2.000	  0.00	 -7.00	 20.00	   0.0	  0.00	  7.88	 315.00	  5.77	  6.68	  0.75	 0.311	 0.58808601	 0.321	  0.530	      0.240	      0.281	 330.00	  0.00	 9999.00	 9999.00	
m70823c1r14.htb	 180.0	  0.03	 2.000	  0.00	 -7.00	 40.00	   0.0	 126.00	  5.98	 237.00	  4.19	  5.26	  0.25	 0.341	 0.62844464	 0.320	  0.515	      0.215	      0.265	 330.00	  0.00	 9999.00	 9999.00	
m70823c1r24.htb	 180.0	  0.03	 2.000	  0.00	 -7.00	 80.00	   0.0	 103.00	 10.42	 136.00	  5.30	  6.09	  0.25	 0.329	 0.51891756	 0.336	  0.469	      0.204	      0.220	 330.00	  0.00	 9999.00	 9999.00	
m70823c1r34.htb	 180.0	  0.03	 2.000	  0.00	 -7.00	 10.00	   0.0	 13.00	  1.78	 327.00	  1.03	  1.54	  0.10	 0.321	 0.96328593	 0.171	  0.586	      0.130	      0.343	 330.00	  0.00	 9999.00	 9999.00	
m70824c1r4.htb	   0.0	  0.03	 2.000	  0.00	  0.00	 20.00	   0.0	 199.00	 31.59	 253.00	 18.81	 22.65	  4.39	 0.533	 0.39316676	 0.378	  1.018	      1.106	      1.035	 330.00	  0.00	 9999.00	 9999.00	
m70824c1r14.htb	   0.0	  0.03	 2.000	  0.00	  0.00	 40.00	   0.0	 295.00	 17.90	 102.00	 14.88	 16.67	  2.74	 0.296	 0.89881154	 0.303	  0.717	      0.258	      0.515	 330.00	  0.00	 9999.00	 9999.00	
m70824c1r24.htb	   0.0	  0.03	 2.000	  0.00	  0.00	 80.00	   0.0	 117.00	 15.27	 190.00	 11.02	 12.99	  4.83	 0.285	 0.00140467	 0.465	  0.349	      0.371	      0.122	 330.00	  0.00	 117.00	 33.00	
m70824c1r34.htb	   0.0	  0.03	 2.000	  0.00	  0.00	 10.00	   0.0	 45.00	 13.37	 89.00	  8.49	 10.14	  3.23	 0.241	 0.46563877	 0.336	  0.490	      0.236	      0.240	 330.00	  0.00	 9999.00	 9999.00	
m70827c1r4.htb	   0.0	  0.03	 2.000	  0.00	 -5.00	 25.00	   0.0	 75.00	 19.35	 97.00	 16.90	 18.32	  2.44	 0.279	 0.01301718	 0.429	  0.473	      0.521	      0.223	 330.00	  0.00	 9999.00	 9999.00	
m70827c1r14.htb	   0.0	  0.03	 2.000	  0.00	 -5.00	 50.00	   0.0	 259.00	 24.38	 326.00	 11.55	 14.70	  2.39	 0.460	 0.00000100	 0.532	  0.556	      1.653	      0.309	 330.00	  0.00	 259.00	 19.00	
m70827c1r24.htb	   0.0	  0.03	 2.000	  0.00	 -5.00	 100.00	   0.0	 78.00	 18.40	 43.00	  8.27	  9.92	  2.41	 0.515	 0.00000000	 0.512	  0.546	      2.086	      0.298	 330.00	  0.00	 78.00	 13.00	
m70827c1r34.htb	   0.0	  0.03	 2.000	  0.00	 -5.00	 12.50	   0.0	 15.00	 16.36	 48.00	 11.55	 12.44	  1.99	 0.191	 0.90125917	 0.257	  0.554	      0.153	      0.307	 330.00	  0.00	 9999.00	 9999.00	
m70828c1r4.htb	   0.0	  0.03	 2.000	 -5.00	 -10.00	 25.00	   0.0	 252.00	  8.64	 130.00	  2.44	  3.15	  0.15	 0.529	 0.29499895	 0.397	  0.534	      0.343	      0.285	 330.00	  0.00	 9999.00	 9999.00	
m70828c1r14.htb	   0.0	  0.03	 2.000	 -5.00	 -10.00	 50.00	   0.0	 241.00	  4.19	 320.00	  1.38	  2.53	  0.05	 0.719	 0.00883180	 0.460	  0.550	      0.742	      0.302	 330.00	  0.00	 241.00	 29.00	
m70828c1r24.htb	   0.0	  0.03	 2.000	 -5.00	 -10.00	 100.00	   0.0	 255.00	  2.24	 152.00	  0.89	  1.78	  0.05	 0.689	 0.00000165	 0.430	  0.504	      1.196	      0.254	 330.00	  0.00	 255.00	 52.00	
m70828c1r34.htb	   0.0	  0.03	 2.000	 -5.00	 -10.00	 12.50	   0.0	 206.00	  3.26	 18.00	  1.61	  2.26	  0.30	 0.554	 0.30759113	 0.365	  0.560	      0.371	      0.314	 330.00	  0.00	 9999.00	 9999.00	
m70829c1r4.htb	   0.0	  0.03	 2.000	 -2.00	 -2.00	 25.00	   0.0	 258.00	 13.33	  8.00	  8.86	 11.04	  0.60	 0.370	 0.00002732	 0.510	  0.363	      0.564	      0.132	 330.00	  0.00	 258.00	 57.00	
m70831c1r4.htb	 180.0	  0.03	 2.000	  5.00	 -7.00	 30.00	   0.0	 109.00	 38.57	 142.00	 27.63	 30.27	  4.23	 0.173	 0.00600341	 0.443	  0.332	      0.284	      0.110	 330.00	  0.00	 109.00	 13.00	
m70831c1r14.htb	 180.0	  0.03	 2.000	  5.00	 -7.00	 60.00	   0.0	 130.00	 26.24	 229.00	 24.18	 25.30	  5.42	 0.124	 0.82101796	 0.287	  0.414	      0.104	      0.172	 330.00	  0.00	 9999.00	 9999.00	
m70831c1r24.htb	 180.0	  0.03	 2.000	  5.00	 -7.00	 120.00	   0.0	 200.00	 28.35	 263.00	 20.60	 22.20	  7.36	 0.196	 0.43778546	 0.344	  0.536	      0.292	      0.287	 330.00	  0.00	 9999.00	 9999.00	
m70905c1r4.htb	 180.0	  0.03	 2.000	  0.00	  0.00	 40.00	   0.0	 102.00	 21.40	 32.00	 15.05	 17.77	  3.28	 0.255	 0.00005201	 0.451	  0.384	      0.601	      0.147	 330.00	  0.00	 102.00	 29.00	
m70905c1r14.htb	 180.0	  0.03	 2.000	  0.00	  0.00	 80.00	   0.0	 100.00	 21.66	 25.00	 12.59	 15.51	  3.88	 0.390	 0.00000000	 0.581	  0.362	      1.368	      0.131	 330.00	  0.00	 100.00	 25.00	
m70905c1r24.htb	 180.0	  0.03	 2.000	  0.00	  0.00	 180.00	   0.0	 291.00	 17.26	 194.00	  9.66	 12.94	  4.33	 0.467	 0.00000000	 0.598	  0.382	      1.419	      0.146	 330.00	  0.00	 291.00	 38.00	
m70905c1r34.htb	 180.0	  0.03	 2.000	  0.00	  0.00	 20.00	   0.0	 103.00	 20.62	 67.00	 14.03	 15.08	  2.74	 0.174	 0.90600672	 0.296	  0.482	      0.114	      0.232	 330.00	  0.00	 9999.00	 9999.00	
