0.025	 0.075	 0.125	 0.175	 0.225	 0.275	 0.325	 0.375	 0.425	 0.475	 0.525	 0.575	 0.625	 0.675	 0.725	 0.775	 0.825	 0.875	 0.925	 0.975	 1.025	 1.075	 1.125	 1.175	 1.225	 1.275	 1.325	 1.375	 1.425	 1.475	 1.525	 1.575	 1.625	 1.675	 1.725	 1.775	 1.825	 1.875	 1.925	 1.975	 2.025	 2.075	 2.125	 2.175	 2.225	 2.275	 2.325	 2.375	 2.425	 2.475	 2.525	 2.575	 2.625	 2.675	 2.725	 2.775	 2.825	 2.875	 2.925	 2.975	 3.000	
0.250	 0.083	 0.000	 0.333	 0.083	 0.083	 0.083	 0.333	 0.250	 0.167	 0.167	 0.333	 0.500	 0.583	 0.583	 0.667	 0.583	 0.667	 0.500	 0.250	 0.583	 0.833	 0.333	 0.417	 0.917	 0.417	 0.417	 0.500	 1.000	 0.167	 0.333	 0.250	 0.333	 0.417	 0.750	 0.250	 0.250	 0.000	 0.583	 0.083	 0.167	 0.333	 0.250	 0.250	 0.417	 0.417	 0.250	 0.750	 0.417	 0.250	 0.167	 0.333	 0.250	 0.167	 0.083	 0.500	 0.167	 0.250	 0.167	 0.000	 0.000	
0.306	 0.222	 0.250	 0.194	 0.167	 0.028	 0.000	 0.028	 0.028	 0.083	 0.083	 0.306	 0.361	 0.278	 0.556	 0.583	 0.833	 0.528	 0.806	 0.722	 0.500	 0.472	 1.000	 0.917	 0.806	 0.778	 0.667	 0.472	 0.194	 0.556	 0.694	 0.611	 0.389	 0.417	 0.194	 0.083	 0.278	 0.500	 0.583	 0.583	 0.250	 0.139	 0.083	 0.250	 0.444	 0.806	 0.306	 0.306	 0.139	 0.167	 0.194	 0.250	 0.278	 0.306	 0.083	 0.167	 0.139	 0.139	 0.139	 0.000	 0.000	
0.786	 0.214	 0.500	 0.214	 0.500	 0.357	 0.286	 0.143	 0.071	 0.071	 0.286	 0.214	 0.500	 0.143	 0.714	 0.571	 0.929	 0.929	 0.714	 0.429	 0.357	 0.429	 0.643	 1.000	 0.643	 0.857	 0.500	 0.429	 0.357	 0.357	 0.500	 0.786	 0.714	 0.429	 0.286	 0.286	 0.143	 0.571	 0.571	 0.643	 0.357	 0.357	 0.214	 0.357	 0.643	 0.714	 0.786	 0.214	 0.286	 0.286	 0.357	 0.286	 0.143	 0.000	 0.071	 0.000	 0.000	 0.000	 0.071	 0.000	 0.000	
0.075	 0.000	 0.075	 0.100	 0.225	 0.175	 0.175	 0.100	 0.325	 0.225	 0.300	 0.350	 0.650	 0.800	 0.800	 0.750	 1.000	 0.700	 0.625	 0.525	 0.475	 0.550	 0.350	 0.875	 0.825	 0.525	 0.625	 0.425	 0.550	 0.400	 0.800	 0.700	 0.450	 0.625	 0.625	 0.525	 0.250	 0.575	 0.725	 0.575	 0.600	 0.525	 0.575	 0.350	 0.375	 0.800	 0.675	 0.575	 0.725	 0.675	 0.300	 0.175	 0.225	 0.050	 0.025	 0.150	 0.150	 0.075	 0.075	 0.025	 0.000	
0.000	 0.067	 0.333	 0.133	 0.133	 0.133	 0.200	 0.133	 0.267	 0.067	 0.200	 0.200	 0.600	 0.867	 0.800	 0.600	 0.467	 0.667	 0.533	 0.733	 0.533	 0.733	 0.733	 0.800	 0.467	 0.800	 0.733	 0.333	 0.733	 0.600	 0.333	 0.533	 0.533	 0.733	 0.667	 1.000	 0.467	 0.533	 0.600	 0.533	 0.600	 0.600	 0.267	 0.467	 0.467	 0.400	 0.267	 0.467	 0.333	 0.467	 0.267	 0.400	 0.467	 0.267	 0.333	 0.000	 0.000	 0.067	 0.067	 0.000	 0.000	
0.385	 0.538	 0.615	 0.385	 0.385	 0.231	 0.231	 0.231	 0.308	 0.231	 0.692	 0.385	 0.769	 0.538	 0.692	 0.846	 0.308	 0.846	 1.000	 0.769	 0.462	 0.692	 0.615	 0.769	 0.923	 0.769	 0.846	 0.231	 0.538	 0.846	 0.923	 0.538	 0.538	 0.769	 0.769	 0.538	 0.846	 0.769	 1.000	 0.538	 0.846	 0.538	 0.769	 0.615	 0.846	 0.923	 0.692	 0.538	 0.308	 0.538	 0.538	 0.231	 0.385	 0.385	 0.308	 0.462	 0.308	 0.385	 0.154	 0.077	 0.000	
0.000	 0.000	 0.000	 0.200	 0.000	 0.000	 0.000	 0.000	 0.200	 0.000	 0.000	 0.400	 0.800	 0.800	 0.400	 0.400	 0.600	 0.400	 0.400	 1.000	 0.000	 0.200	 0.200	 0.000	 0.200	 0.200	 0.400	 0.400	 0.400	 0.000	 0.000	 0.400	 0.000	 0.000	 0.800	 0.400	 0.200	 0.400	 0.200	 0.000	 0.200	 0.400	 0.800	 0.400	 0.400	 0.000	 0.200	 0.400	 0.400	 0.000	 0.400	 0.000	 0.000	 0.200	 0.000	 0.000	 0.000	 0.000	 0.000	 0.000	 0.000	
0.083	 0.083	 0.000	 0.000	 0.167	 0.083	 0.250	 0.083	 0.083	 0.250	 0.083	 0.500	 1.000	 0.833	 1.000	 0.917	 0.833	 0.667	 0.417	 0.417	 0.583	 0.583	 0.167	 0.583	 0.833	 0.250	 0.500	 0.500	 0.250	 0.333	 0.333	 0.333	 0.417	 0.417	 0.500	 0.500	 0.500	 0.417	 0.583	 0.167	 0.417	 0.250	 0.333	 0.750	 0.333	 0.583	 0.250	 0.167	 0.750	 0.333	 0.500	 0.333	 0.583	 0.167	 0.083	 0.167	 0.000	 0.083	 0.083	 0.000	 0.000	
0.071	 0.143	 0.071	 0.071	 0.286	 0.214	 0.143	 0.143	 0.143	 0.143	 0.357	 0.571	 0.786	 0.571	 1.000	 0.929	 0.929	 0.286	 0.286	 0.429	 0.429	 0.143	 0.429	 0.429	 0.357	 0.357	 0.429	 0.429	 0.286	 0.214	 0.571	 0.714	 0.286	 0.286	 0.571	 0.500	 0.286	 0.429	 0.429	 0.500	 0.500	 0.143	 0.714	 0.214	 0.286	 0.357	 0.357	 0.429	 0.143	 0.500	 0.143	 0.429	 0.214	 0.286	 0.286	 0.143	 0.143	 0.143	 0.143	 0.071	 0.000	
0.211	 0.211	 0.158	 0.158	 0.158	 0.158	 0.211	 0.368	 0.158	 0.211	 0.158	 0.211	 0.158	 0.158	 0.211	 0.368	 0.579	 0.579	 1.000	 0.737	 0.737	 0.684	 0.737	 0.579	 0.737	 0.263	 0.263	 0.316	 0.211	 0.263	 0.316	 0.368	 0.474	 0.368	 0.368	 0.474	 0.211	 0.368	 0.211	 0.105	 0.000	 0.263	 0.105	 0.105	 0.105	 0.105	 0.105	 0.158	 0.105	 0.105	 0.105	 0.263	 0.421	 0.316	 0.474	 0.263	 0.158	 0.158	 0.158	 0.000	 0.000	
0.000	 0.056	 0.111	 0.000	 0.000	 0.000	 0.056	 0.056	 0.056	 0.111	 0.000	 0.000	 0.000	 0.000	 0.000	 0.000	 0.000	 0.056	 0.556	 0.389	 0.500	 0.500	 0.444	 0.833	 1.000	 0.500	 0.278	 0.722	 0.667	 0.667	 0.611	 0.556	 0.000	 0.278	 0.222	 0.333	 0.611	 0.556	 0.500	 0.444	 0.222	 0.167	 0.333	 0.500	 0.278	 0.222	 0.389	 0.278	 0.389	 0.278	 0.222	 0.278	 0.056	 0.111	 0.056	 0.167	 0.167	 0.111	 0.111	 0.000	 0.000	
0.333	 0.250	 0.083	 0.167	 0.083	 0.167	 0.167	 0.167	 0.667	 0.333	 0.500	 0.250	 0.333	 0.333	 0.583	 0.750	 0.583	 0.583	 0.917	 0.833	 0.750	 1.000	 0.917	 0.333	 0.583	 0.500	 0.833	 0.500	 0.667	 0.333	 0.667	 0.333	 0.583	 0.833	 0.500	 0.583	 0.333	 0.333	 0.667	 0.417	 0.667	 0.667	 0.500	 0.333	 0.167	 0.417	 0.250	 0.500	 0.333	 0.833	 0.583	 0.833	 0.500	 0.750	 0.417	 0.500	 0.333	 0.083	 0.083	 0.000	 0.000	
0.357	 0.143	 0.286	 0.214	 0.143	 0.143	 0.071	 0.429	 0.143	 0.429	 0.214	 0.357	 0.786	 0.857	 0.786	 0.786	 0.714	 0.786	 0.643	 0.857	 1.000	 0.714	 0.643	 0.500	 0.714	 0.500	 0.429	 0.643	 0.643	 0.571	 0.286	 0.643	 0.571	 0.571	 0.643	 0.571	 0.214	 0.357	 0.714	 0.643	 0.857	 0.714	 0.571	 0.643	 0.429	 0.357	 0.143	 0.500	 0.500	 0.357	 0.786	 0.857	 0.571	 0.429	 0.286	 0.357	 0.214	 0.143	 0.214	 0.000	 0.000	
0.543	 0.686	 0.571	 0.486	 0.371	 0.543	 0.457	 0.486	 0.657	 0.571	 0.629	 0.714	 0.743	 1.000	 0.971	 0.971	 0.743	 0.743	 0.943	 0.829	 0.800	 0.686	 0.571	 0.800	 0.943	 0.686	 0.857	 1.000	 0.829	 0.714	 0.600	 0.800	 0.600	 0.771	 0.829	 0.743	 0.829	 0.571	 0.686	 0.771	 0.771	 0.600	 0.486	 0.943	 0.743	 0.943	 0.771	 0.886	 0.686	 0.571	 0.371	 0.686	 0.486	 0.429	 0.457	 0.514	 0.314	 0.400	 0.457	 0.143	 0.000	
0.000	 0.000	 0.000	 0.000	 0.000	 0.000	 0.000	 0.000	 0.000	 0.000	 0.000	 0.000	 0.000	 0.000	 0.059	 0.235	 0.529	 0.588	 0.588	 0.294	 0.882	 0.588	 1.000	 0.647	 0.294	 0.353	 0.353	 0.471	 0.471	 0.765	 0.294	 0.412	 0.235	 0.471	 0.529	 0.353	 0.412	 0.294	 0.353	 0.118	 0.176	 0.235	 0.176	 0.059	 0.118	 0.118	 0.000	 0.059	 0.118	 0.059	 0.000	 0.059	 0.059	 0.000	 0.000	 0.000	 0.000	 0.000	 0.000	 0.000	 0.000	
0.000	 0.067	 0.133	 0.000	 0.133	 0.067	 0.067	 0.000	 0.000	 0.000	 0.067	 0.000	 0.067	 0.067	 0.000	 0.067	 0.400	 0.467	 1.000	 0.867	 0.400	 0.333	 0.400	 0.600	 0.333	 0.267	 0.267	 0.400	 0.333	 0.133	 0.333	 0.267	 0.333	 0.200	 0.133	 0.133	 0.067	 0.067	 0.200	 0.133	 0.000	 0.200	 0.133	 0.067	 0.133	 0.067	 0.067	 0.200	 0.133	 0.133	 0.267	 0.333	 0.200	 0.133	 0.400	 0.067	 0.133	 0.067	 0.000	 0.067	 0.000	
0.636	 0.727	 1.000	 0.545	 0.727	 0.455	 0.182	 0.455	 0.364	 0.636	 0.636	 0.636	 1.000	 0.636	 1.000	 0.545	 0.636	 0.545	 0.364	 0.273	 0.364	 0.727	 1.000	 0.455	 0.545	 0.636	 0.545	 0.455	 0.909	 0.455	 0.273	 0.364	 0.091	 0.727	 1.000	 0.273	 0.636	 0.364	 0.636	 0.182	 0.091	 0.545	 0.545	 0.636	 0.455	 0.182	 0.455	 0.182	 0.182	 0.818	 0.364	 0.727	 0.364	 0.091	 0.000	 0.091	 0.182	 0.091	 0.091	 0.000	 0.000	
0.154	 0.231	 0.000	 0.231	 0.154	 0.231	 0.000	 0.462	 0.385	 0.538	 0.231	 0.538	 0.462	 1.000	 0.462	 0.231	 0.308	 0.308	 0.231	 0.385	 0.923	 0.692	 0.462	 0.308	 0.000	 0.385	 0.000	 0.000	 0.231	 0.231	 0.077	 0.231	 0.000	 0.231	 0.462	 0.154	 0.385	 0.308	 0.462	 0.538	 0.538	 0.462	 0.154	 0.231	 0.385	 0.308	 0.154	 0.154	 0.231	 0.231	 0.308	 0.077	 0.000	 0.077	 0.000	 0.000	 0.000	 0.000	 0.077	 0.000	 0.000	
0.286	 0.357	 0.143	 0.071	 0.143	 0.000	 0.214	 0.143	 0.357	 0.071	 0.429	 0.286	 1.000	 0.929	 0.571	 0.857	 0.714	 0.929	 0.786	 0.500	 0.643	 0.286	 0.286	 0.286	 0.071	 0.357	 0.357	 0.643	 0.286	 0.500	 0.357	 0.000	 0.357	 0.429	 0.357	 0.214	 0.429	 0.286	 0.643	 0.357	 0.214	 0.357	 0.143	 0.286	 0.143	 0.357	 0.143	 0.286	 0.357	 0.571	 0.143	 0.143	 0.000	 0.000	 0.071	 0.143	 0.143	 0.000	 0.071	 0.000	 0.000	
0.615	 0.154	 0.308	 0.462	 0.385	 0.615	 0.154	 0.154	 0.462	 0.154	 0.231	 0.462	 0.385	 0.462	 0.692	 0.692	 0.692	 0.538	 0.538	 0.846	 0.615	 0.846	 0.538	 0.538	 0.308	 0.308	 0.692	 0.846	 0.923	 0.846	 0.692	 0.462	 0.308	 0.615	 0.769	 0.692	 0.308	 0.769	 0.538	 0.385	 0.538	 0.923	 0.538	 0.385	 0.462	 0.462	 0.231	 0.769	 0.538	 1.000	 0.462	 0.769	 0.769	 0.538	 0.231	 0.231	 0.154	 0.154	 0.000	 0.000	 0.000	
0.000	 0.000	 0.000	 0.000	 0.000	 0.000	 0.000	 0.000	 0.071	 0.143	 0.143	 0.000	 0.071	 0.143	 0.643	 1.000	 0.714	 0.571	 0.500	 0.429	 0.357	 0.214	 0.071	 0.429	 0.143	 0.143	 0.071	 0.214	 0.286	 0.286	 0.143	 0.357	 0.143	 0.286	 0.214	 0.357	 0.071	 0.143	 0.143	 0.000	 0.143	 0.286	 0.357	 0.000	 0.000	 0.000	 0.143	 0.000	 0.000	 0.000	 0.000	 0.000	 0.000	 0.143	 0.214	 0.214	 0.214	 0.071	 0.000	 0.000	 0.000	
0.286	 0.143	 0.429	 0.571	 0.143	 0.143	 0.143	 0.429	 0.429	 0.143	 0.143	 0.143	 0.429	 0.714	 1.000	 0.857	 0.714	 0.143	 0.857	 0.714	 0.571	 0.571	 0.857	 0.571	 0.429	 0.857	 0.571	 0.714	 1.000	 0.571	 0.714	 0.714	 0.571	 0.571	 0.429	 0.286	 0.429	 0.571	 0.429	 0.571	 0.571	 0.286	 0.571	 0.429	 0.429	 0.429	 0.429	 0.429	 0.286	 0.857	 0.571	 1.000	 0.429	 0.714	 0.000	 0.429	 0.143	 0.143	 0.143	 0.000	 0.000	
0.273	 0.364	 0.182	 0.273	 0.182	 0.273	 0.091	 0.182	 0.091	 0.182	 0.182	 0.182	 0.818	 0.636	 0.727	 0.727	 0.545	 0.545	 0.545	 0.727	 0.455	 0.182	 0.273	 0.273	 0.273	 0.091	 0.273	 0.818	 0.273	 0.273	 0.636	 0.545	 0.182	 0.091	 0.273	 0.000	 0.182	 0.455	 0.182	 0.364	 0.182	 0.182	 0.273	 0.545	 0.636	 0.273	 0.364	 0.545	 0.273	 1.000	 0.636	 0.273	 0.273	 0.273	 0.273	 0.000	 0.000	 0.000	 0.000	 0.000	 0.000	
0.000	 0.000	 0.000	 0.056	 0.000	 0.056	 0.056	 0.000	 0.111	 0.222	 0.500	 0.333	 1.000	 0.556	 0.667	 0.500	 0.278	 0.444	 0.278	 0.333	 0.333	 0.222	 0.444	 0.222	 0.278	 0.222	 0.167	 0.167	 0.333	 0.444	 0.444	 0.278	 0.222	 0.333	 0.056	 0.111	 0.222	 0.333	 0.222	 0.111	 0.222	 0.167	 0.222	 0.333	 0.167	 0.278	 0.333	 0.111	 0.111	 0.167	 0.111	 0.222	 0.000	 0.167	 0.111	 0.222	 0.167	 0.167	 0.167	 0.000	 0.000	
0.000	 0.000	 0.000	 0.000	 0.000	 0.000	 0.000	 0.000	 0.000	 0.000	 0.000	 0.000	 0.143	 0.714	 1.000	 0.357	 0.643	 0.643	 0.071	 0.143	 0.143	 0.143	 0.000	 0.143	 0.143	 0.143	 0.000	 0.214	 0.071	 0.000	 0.143	 0.000	 0.071	 0.214	 0.286	 0.357	 0.286	 0.143	 0.000	 0.000	 0.000	 0.000	 0.000	 0.000	 0.000	 0.000	 0.000	 0.000	 0.000	 0.071	 0.071	 0.071	 0.000	 0.000	 0.000	 0.071	 0.143	 0.071	 0.000	 0.000	 0.000	
0.022	 0.044	 0.044	 0.111	 0.044	 0.000	 0.022	 0.089	 0.067	 0.022	 0.022	 0.267	 0.978	 1.000	 1.000	 0.756	 0.956	 0.733	 0.667	 0.578	 0.600	 0.444	 0.511	 0.400	 0.400	 0.289	 0.333	 0.200	 0.244	 0.244	 0.244	 0.200	 0.200	 0.244	 0.222	 0.400	 0.467	 0.356	 0.489	 0.444	 0.444	 0.422	 0.333	 0.556	 0.311	 0.267	 0.267	 0.289	 0.267	 0.267	 0.244	 0.511	 0.289	 0.200	 0.200	 0.200	 0.244	 0.111	 0.089	 0.000	 0.000	
0.455	 0.545	 0.545	 0.273	 0.364	 0.182	 0.182	 0.273	 0.000	 0.091	 0.000	 1.000	 0.364	 0.636	 0.545	 0.182	 0.182	 0.273	 0.364	 0.455	 0.273	 0.364	 0.091	 0.455	 0.364	 0.364	 0.273	 0.273	 0.455	 0.273	 0.273	 0.091	 0.364	 0.000	 0.000	 0.636	 0.364	 0.545	 0.727	 0.455	 0.455	 0.818	 0.455	 0.364	 0.636	 0.545	 0.273	 0.455	 0.273	 0.364	 0.364	 0.273	 0.182	 0.000	 0.091	 0.000	 0.000	 0.000	 0.091	 0.000	 0.000	
0.409	 0.182	 0.364	 0.227	 0.500	 0.364	 0.727	 0.545	 0.455	 0.591	 0.364	 0.636	 1.000	 0.955	 0.682	 0.545	 0.591	 0.773	 0.909	 0.773	 0.455	 0.864	 0.591	 0.500	 0.545	 0.636	 0.636	 0.591	 0.409	 0.682	 0.591	 0.500	 0.864	 0.773	 0.682	 0.818	 0.636	 0.864	 0.500	 0.727	 0.500	 0.500	 0.773	 0.545	 0.682	 0.727	 0.591	 0.682	 0.682	 0.545	 0.409	 0.500	 0.818	 0.455	 0.455	 0.364	 0.500	 0.318	 0.273	 0.000	 0.000	
0.000	 0.000	 0.000	 0.100	 0.000	 0.100	 0.000	 0.200	 0.200	 0.000	 0.200	 0.000	 0.200	 0.100	 0.400	 0.500	 0.800	 0.800	 0.400	 0.700	 0.700	 0.800	 0.600	 0.600	 1.000	 0.800	 0.500	 0.300	 0.300	 0.300	 0.300	 0.400	 0.100	 0.300	 0.000	 0.100	 0.200	 0.100	 0.000	 0.600	 0.300	 0.100	 0.100	 0.400	 0.300	 0.100	 0.400	 0.600	 0.200	 0.000	 0.300	 0.200	 0.200	 0.200	 0.200	 0.100	 0.000	 0.200	 0.100	 0.100	 0.000	
0.158	 0.000	 0.053	 0.158	 0.158	 0.158	 0.105	 0.053	 0.158	 0.053	 0.053	 0.158	 0.895	 0.632	 1.000	 0.684	 0.842	 0.421	 0.421	 0.684	 0.632	 0.632	 0.579	 0.684	 0.842	 0.263	 0.474	 1.000	 0.421	 0.684	 0.474	 0.632	 0.211	 0.526	 0.895	 0.632	 0.632	 0.632	 0.789	 0.368	 0.526	 0.632	 0.684	 0.632	 0.632	 0.737	 0.421	 0.789	 0.579	 0.579	 0.684	 0.526	 0.474	 0.211	 0.000	 0.105	 0.105	 0.105	 0.053	 0.053	 0.000	
0.111	 0.333	 0.000	 0.111	 0.111	 0.000	 0.000	 0.000	 0.000	 0.111	 0.111	 0.000	 0.111	 1.000	 0.333	 0.444	 0.444	 0.333	 0.111	 0.778	 0.222	 0.556	 0.333	 0.333	 0.444	 0.000	 0.111	 0.222	 0.222	 0.333	 0.333	 0.222	 0.556	 0.444	 0.222	 0.111	 0.222	 0.000	 0.000	 0.333	 0.333	 0.333	 0.111	 0.333	 0.111	 0.111	 0.000	 0.333	 0.111	 0.556	 0.111	 0.333	 0.000	 0.222	 0.000	 0.111	 0.000	 0.000	 0.000	 0.000	 0.000	
0.291	 0.295	 0.350	 0.286	 0.255	 0.232	 0.364	 0.309	 0.236	 0.241	 0.341	 0.309	 0.577	 0.895	 0.873	 0.845	 0.873	 0.800	 0.886	 0.895	 1.000	 0.895	 0.891	 0.859	 0.809	 0.859	 0.791	 0.768	 0.718	 0.918	 0.977	 0.909	 0.886	 0.855	 0.818	 0.764	 0.641	 0.664	 0.686	 0.864	 0.909	 0.936	 0.800	 0.836	 0.832	 0.686	 0.655	 0.564	 0.614	 0.732	 0.877	 0.786	 0.518	 0.186	 0.141	 0.159	 0.218	 0.232	 0.245	 0.250	 0.005	
0.285	 0.269	 0.254	 0.212	 0.212	 0.269	 0.238	 0.285	 0.233	 0.259	 0.228	 0.301	 0.326	 1.000	 0.912	 0.896	 0.808	 0.803	 0.984	 0.912	 0.679	 0.591	 0.689	 0.959	 0.845	 0.860	 0.803	 0.668	 0.927	 0.860	 0.731	 0.528	 0.699	 0.860	 0.793	 0.896	 0.803	 0.684	 0.907	 0.969	 0.694	 0.534	 0.611	 0.705	 0.782	 0.699	 0.829	 0.767	 0.746	 0.917	 0.720	 0.539	 0.352	 0.238	 0.176	 0.166	 0.145	 0.223	 0.161	 0.150	 0.005	
0.014	 0.007	 0.007	 0.036	 0.007	 0.014	 0.007	 0.022	 0.022	 0.029	 0.007	 0.000	 0.036	 0.460	 1.000	 0.554	 0.115	 0.029	 0.022	 0.014	 0.029	 0.094	 0.252	 0.741	 0.597	 0.353	 0.187	 0.022	 0.000	 0.007	 0.007	 0.022	 0.281	 0.590	 0.576	 0.360	 0.158	 0.058	 0.000	 0.014	 0.007	 0.022	 0.173	 0.547	 0.576	 0.381	 0.137	 0.022	 0.007	 0.000	 0.014	 0.036	 0.086	 0.072	 0.014	 0.007	 0.007	 0.007	 0.022	 0.007	 0.000	
0.127	 0.127	 0.095	 0.254	 0.111	 0.079	 0.127	 0.127	 0.159	 0.079	 0.111	 0.079	 0.317	 0.794	 1.000	 0.905	 0.810	 0.476	 0.730	 0.762	 0.762	 0.603	 0.413	 0.444	 0.397	 0.254	 0.317	 0.206	 0.556	 0.651	 0.476	 0.397	 0.254	 0.317	 0.317	 0.190	 0.222	 0.302	 0.222	 0.302	 0.286	 0.206	 0.254	 0.317	 0.365	 0.238	 0.238	 0.238	 0.270	 0.429	 0.270	 0.381	 0.206	 0.111	 0.032	 0.048	 0.032	 0.063	 0.063	 0.032	 0.000	
0.109	 0.103	 0.109	 0.097	 0.085	 0.139	 0.036	 0.091	 0.097	 0.091	 0.079	 0.091	 0.521	 1.000	 0.770	 0.503	 0.303	 0.352	 0.242	 0.255	 0.333	 0.612	 0.733	 0.703	 0.679	 0.321	 0.236	 0.255	 0.236	 0.309	 0.430	 0.624	 0.612	 0.697	 0.479	 0.303	 0.188	 0.176	 0.230	 0.297	 0.364	 0.588	 0.642	 0.776	 0.552	 0.303	 0.206	 0.279	 0.309	 0.327	 0.424	 0.642	 0.273	 0.188	 0.103	 0.061	 0.097	 0.103	 0.067	 0.061	 0.000	
0.125	 0.203	 0.203	 0.156	 0.188	 0.094	 0.172	 0.109	 0.172	 0.063	 0.156	 0.188	 0.234	 0.938	 0.781	 0.609	 1.000	 0.609	 0.391	 0.406	 0.250	 0.172	 0.281	 0.438	 0.297	 0.219	 0.484	 0.438	 0.297	 0.188	 0.141	 0.188	 0.141	 0.141	 0.156	 0.172	 0.328	 0.281	 0.250	 0.125	 0.125	 0.141	 0.094	 0.125	 0.156	 0.078	 0.328	 0.359	 0.313	 0.172	 0.078	 0.172	 0.078	 0.063	 0.063	 0.047	 0.016	 0.031	 0.031	 0.094	 0.016	
0.041	 0.041	 0.061	 0.061	 0.122	 0.082	 0.082	 0.122	 0.143	 0.082	 0.082	 0.122	 0.224	 1.000	 0.714	 0.490	 0.449	 0.490	 0.327	 0.265	 0.265	 0.265	 0.224	 0.245	 0.286	 0.163	 0.122	 0.306	 0.306	 0.184	 0.122	 0.082	 0.143	 0.184	 0.224	 0.204	 0.245	 0.245	 0.184	 0.143	 0.204	 0.102	 0.143	 0.224	 0.122	 0.184	 0.061	 0.122	 0.122	 0.184	 0.245	 0.102	 0.102	 0.041	 0.082	 0.020	 0.041	 0.082	 0.082	 0.082	 0.000	
0.188	 0.250	 0.333	 0.167	 0.250	 0.375	 0.417	 0.188	 0.271	 0.313	 0.229	 0.271	 0.292	 0.417	 0.542	 1.000	 0.854	 0.542	 0.625	 0.521	 0.292	 0.375	 0.292	 0.354	 0.583	 0.313	 0.188	 0.563	 0.354	 0.313	 0.313	 0.417	 0.229	 0.292	 0.438	 0.354	 0.229	 0.250	 0.333	 0.354	 0.104	 0.292	 0.396	 0.542	 0.333	 0.271	 0.417	 0.354	 0.396	 0.333	 0.417	 0.396	 0.229	 0.271	 0.333	 0.271	 0.167	 0.208	 0.229	 0.375	 0.021	
0.343	 0.424	 0.283	 0.354	 0.384	 0.404	 0.475	 0.333	 0.475	 0.384	 0.424	 0.343	 0.455	 0.848	 1.000	 0.869	 0.788	 0.515	 0.495	 0.616	 0.576	 0.586	 0.737	 0.788	 0.919	 0.707	 0.646	 0.505	 0.535	 0.596	 0.525	 0.434	 0.677	 0.657	 0.697	 0.808	 0.545	 0.444	 0.364	 0.495	 0.465	 0.465	 0.586	 0.778	 0.747	 0.707	 0.485	 0.323	 0.354	 0.485	 0.505	 0.414	 0.455	 0.162	 0.121	 0.030	 0.141	 0.101	 0.091	 0.172	 0.000	
0.361	 0.391	 0.286	 0.301	 0.263	 0.256	 0.293	 0.286	 0.271	 0.376	 0.353	 0.323	 0.271	 0.421	 0.586	 0.624	 0.737	 0.692	 0.692	 0.744	 0.895	 0.902	 1.000	 0.955	 0.887	 0.895	 0.925	 0.835	 0.895	 0.789	 0.737	 0.647	 0.511	 0.564	 0.767	 0.684	 0.541	 0.519	 0.444	 0.481	 0.391	 0.308	 0.376	 0.323	 0.293	 0.293	 0.376	 0.406	 0.429	 0.444	 0.459	 0.398	 0.368	 0.293	 0.331	 0.301	 0.286	 0.414	 0.436	 0.406	 0.000	
