FILE		 q(1)	 q(2)	 q(3)	 q(4)	 spont	
m70222c1r7.htb	 2.48731 2.76119 78.97195 166.59429 1.34328
m70222c2r7.htb	 2.69821 0.68719 249.87378 51.33946 2.63682
m70222c3r7.htb	 10.07063 2.54515 296.56078 18.00000 8.40796
m70222c4r7.htb	 1.12238 2.16418 -14.15334 155.28269 1.79104
m70223c1r7.htb	 4.25063 1.70940 279.24294 47.05079 2.78607
m70223c2r7.htb	 7.05286 2.44202 -21.57907 19.82265 3.33333
m70223c3r7.htb	 6.74830 7.61194 11.90367 120.39534 6.16915
m70226c1r7.htb	 1.74864 0.32696 -100.63969 35.19846 1.39303
m70226c2r7.htb	 6.89120 1.32725 162.41311 41.38939 4.62687
m70226c3r7.htb	 7.18461 2.12831 291.74074 37.72162 6.36816
m70306c1r7.htb	 2.61421 1.41211 -16.16454 18.00000 1.79104
m70306c2r7.htb	 7.40946 1.60905 289.91923 18.00000 4.77612
m70306c3r7.htb	 7.02329 4.62687 41.25825 198.67942 5.67164
m70308c1r7.htb	 4.93503 1.56327 133.93922 18.00000 1.89055
m70308c2r7.htb	 8.73620 2.98619 291.79174 18.00000 5.12438
m70308c3r7.htb	 6.70283 2.86715 139.36331 30.63016 3.48259
m70309c1r7.htb	 1.06840 1.63135 287.27767 18.00000 0.69652
m70309c2r7.htb	 18.08941 1.43979 231.96445 18.00000 3.38308
m70309c3r7.htb	 16.21821 3.31568 297.99605 68.80932 8.65672
m70312c1r7.htb	 2.84089 2.30274 116.87271 18.00000 1.39303
m70313c1r7.htb	 1.49605 2.54410 25.45861 18.02446 1.46992
m70313c2r7.htb	 20.77550 6.73409 51.18949 37.90141 14.17910
m70410c1r7.htb	 10.74670 5.59172 -18.50802 18.00000 5.97015
m70410c2r7.htb	 11.49716 3.89499 27.96153 18.00000 6.11940
m70410c3r7.htb	 9.97968 4.23805 315.63626 18.00000 7.66169
m70411c1r7.htb	 4.28707 1.97492 296.89145 18.00000 3.18408
m70411c2r7.htb	 0.52377 0.68544 16.89350 18.00000 0.79602
m70412c1r7.htb	 1.59243 0.67806 139.05452 18.00000 0.34826
m70412c1r8.htb	 1.59242 0.67808 139.05450 18.00000 0.34826
m70412c2r7.htb	 0.35925 0.41667 340.34483 18.00000 0.64677
m70412c3r7.htb	 2.18913 2.15589 230.10272 132.24817 3.08458
m70417c1r7.htb	 2.65105 2.71485 329.55730 35.54408 0.69652
m70417c2r7.htb	 20.01989 4.04915 318.96818 18.00000 8.65672
m70417c3r7.htb	 2.44605 0.71251 108.95509 19.92838 0.89552
m70418c1r7.htb	 4.28162 3.42177 287.29642 18.00000 1.29353
m70418c2r7.htb	 5.57628 2.61194 323.49489 161.85614 1.99005
m70418c3r7.htb	 9.45010 4.29981 -18.04457 23.58535 4.07960
m70419c1r7.htb	 22.65869 2.65521 20.63024 71.12296 4.67662
m70419c2r7.htb	 26.60654 2.47531 138.66965 18.00000 7.51244
m70419c4r7.htb	 4.13157 3.50746 139.50642 217.29870 4.77612
m70508c1r7.htb	 0.11578 0.60380 261.84434 18.21603 0.34826
m70508c2r7.htb	 16.98951 1.77504 344.67290 56.74715 13.43284
m70522c2r7.htb	 1.78196 0.87873 155.06417 18.00000 2.23881
m70522c1r7.htb	 0.93124 0.39044 217.28583 76.75040 0.77114
m70522c3r7.htb	 3.33292 0.72586 187.12211 18.00000 2.88557
m60814c1r7.htb	 4.06033 2.01196 237.63897 18.00000 0.64677
m60822c1r7.htb	 5.59631 1.02033 100.58514 94.24631 0.09950
m70628c1r7.htb	 2.83641 0.57125 5.54176 19.22616 0.59701
m70810c1r7.htb	 4.09117 2.37595 139.50100 77.30453 0.49751
m61117c3r7.htb	 8.80517 8.73134 243.04353 139.91959 10.04975
m60613c5r7.htb	 15.78934 4.40749 289.21522 50.37706 8.09287
m70806c1r7.htb	 4.05665 1.46287 255.36833 49.30506 0.24876
m61117c3r7.htb	 8.80518 8.73134 243.04367 139.91914 10.04975
m70807c1r7.htb	 15.30006 5.68632 291.09924 27.08649 2.53731
m70611c2r7.htb	 22.51293 8.68708 281.83873 72.09587 12.48756
m61117c2r7.htb	 13.15333 4.19503 -11.68718 34.22833 11.09453
m70802c2r7.htb	 16.10845 10.22388 139.84653 286.41022 2.58706
m70810c1r7.htb	 4.09117 2.37594 139.50033 77.30420 0.49751
m70612c2r7.htb	 10.25051 7.05686 280.73658 117.15965 5.72139
m70712c1r7.htb	 12.81419 4.31946 180.02335 33.86172 1.44279
m70609c1r7.htb	 6.36474 1.15704 17.03308 61.64080 3.83085
m60414c1r7.htb	 3.90303 3.04717 287.27141 32.98426 0.64677
m60203c1r7.htb	 9.05651 3.00880 320.18688 23.33751 7.16418
m60201c2r9.htb	 21.75455 4.54728 273.27768 18.00000 14.82587
m70418c3r7.htb	 9.45008 4.29971 -18.04421 23.58673 4.07960
m70711c2r7.htb	 5.51847 4.32836 251.03324 171.47213 3.08458
m70802c2r7.htb	 16.10844 10.22388 139.84712 286.41038 2.58706
m70802c2r7.htb	 16.10843 10.22388 139.84624 286.41296 2.58706
m70807c1r7.htb	 15.30007 5.68611 291.09926 27.08769 2.53731
m70612c2r7.htb	 10.25037 7.05695 280.73712 117.16133 5.72139
m60822c1r7.htb	 5.59314 1.02209 100.16621 94.82109 0.09950
m60703c1r7.htb	 18.08558 1.86648 46.53664 18.00000 3.88060
m70802c2r7.htb	 16.10844 10.22388 139.84660 286.41074 2.58706
m21144c1r3.htb	 2.74643 0.75962 44.72815 18.00000 0.85809
m60110c1r6.htb	 2.10260 0.84577 -20.70211 22.90035 1.59204
m21144c1r3.htb	 2.74643 0.75962 44.72788 18.00000 0.85809
m60110c1r6.htb	 2.10235 0.84577 -20.71767 22.94375 1.59204
m60110c2r7.htb	 14.52491 2.75871 109.34238 105.83316 8.00995
m21144c1r3.htb	 2.74643 0.75963 44.72811 18.00000 0.85809
m60110c1r6.htb	 2.10278 0.84577 -20.69994 22.85958 1.59204
m60110c2r7.htb	 14.52479 2.75875 109.33982 105.83927 8.00995
m21144c1r3.htb	 2.74643 0.75962 44.72816 18.00000 0.85809
m60110c1r6.htb	 2.10249 0.84577 -20.70984 22.92573 1.59204
m60110c2r7.htb	 14.52492 2.75872 109.34645 105.83472 8.00995
m60321c1r7.htb	 3.76783 2.68657 18.86970 18.00000 2.28856
m60321c2r7.htb	 1.23029 0.60311 333.45380 18.00000 0.99502
m60321c3r7.htb	 5.19471 0.49233 -2.99890 18.00000 4.11277
m60322c1r7.htb	 5.07803 1.13402 234.34910 101.48343 2.48756
m60322c2r7.htb	 14.09650 4.38015 -31.19893 65.06561 11.24378
m60322c3r7.htb	 8.28115 1.36407 261.41850 28.27606 5.42289
m60323c1r7.htb	 4.55499 1.28007 313.58511 18.00000 3.88060
m60323c2r7.htb	 4.89455 1.41374 229.12342 18.00000 1.19403
m60323c3r7.htb	 5.00305 1.51097 53.87686 18.00000 5.63847
m60324c1r7.htb	 6.34510 0.98011 132.71032 18.00000 1.94030
m60324c2r7.htb	 7.80216 1.26164 203.54247 74.16936 2.83582
m60324c3r7.htb	 0.65243 0.63747 146.32979 18.00000 0.44776
m60405c1r7.htb	 11.96450 0.47972 0.00040 36.35010 4.32836
m60405c2r7.htb	 5.05059 2.60538 258.57373 48.46156 4.32836
m60405c3r7.htb	 3.10301 2.23089 313.17990 21.87558 3.93035
m60405c4r7.htb	 9.48686 1.89021 129.88205 18.00000 5.07463
m60406c1r7.htb	 6.79908 2.36933 135.03212 18.00000 3.98010
m60406c2r7.htb	 19.99397 2.74266 -30.64562 34.44750 11.14428
m60406c3r7.htb	 0.77169 0.66310 59.01061 18.00000 0.37313
m60411c2r8.htb	 3.92316 0.62406 240.97834 43.46777 1.69154
m60412c1r7.htb	 4.38624 0.85989 76.82183 18.00000 0.99502
m60412c2r7.htb	 1.89722 3.31675 269.67936 183.79550 1.34328
m70918c1r7.htb	 3.49234 0.65115 -6.09961 18.00000 3.33333
m70918c2r7.htb	 7.15568 2.53004 34.44808 46.13817 5.85959
m70919c1r7.htb	 8.47255 1.84201 313.27655 18.00000 1.39303
m70919c2r7.htb	 2.12951 1.32785 170.71078 18.00000 1.39303
m70919c3r7.htb	 2.63038 1.55461 214.27571 86.55980 1.09453
m70920c1r7.htb	 7.23722 0.52204 131.37782 46.32247 4.27861
m70920c3r7.htb	 16.70911 2.83666 224.41630 21.47141 5.22388
m70925c1r7.htb	 4.94966 1.47696 282.40241 18.00000 2.63682
m70925c2r7.htb	 4.58489 1.12065 75.42935 32.53127 1.34328
m70925c3r7.htb	 5.55454 0.69500 311.10018 18.00000 2.73632
m71003c1r7.htb	 4.64266 2.03936 296.31652 18.00000 0.04975
m71003c2r7.htb	 8.80841 1.93786 226.34047 18.00000 0.89552
m71004c1r7.htb	 10.99724 5.78794 153.94906 18.00000 3.13433
m71004c2r7.htb	 15.87407 3.15388 327.52181 29.05827 4.67662
m71005c1r7.htb	 1.00903 1.71642 331.94198 141.47231 1.94030
m71005c2r7.htb	 5.30740 2.02220 284.04723 18.00000 4.32836
m71016c1r7.htb	 23.95309 5.06673 177.67259 105.91308 17.91045
m71129c1r7.htb	 0.98825 1.34006 71.91915 18.00000 0.44776
m71129c2r7.htb	 1.85950 0.71344 -14.89140 30.12273 0.14925
m71129c3r7.htb	 2.59214 4.47761 350.01781 174.63257 1.59204
m71203c1r7.htb	 2.97321 1.09474 272.83074 18.00000 3.05970
m71204c1r7.htb	 7.41312 3.91791 292.36703 19.69903 4.27861
m71205c2r7.htb	 14.65947 2.88050 164.50858 23.06065 3.23383
m71205c3r7.htb	 34.30566 5.29113 187.33543 24.72426 8.40796
m71206c1r7.htb	 27.50871 5.15744 283.93931 33.70298 22.38806
m71210c1r7.htb	 6.89462 5.32342 151.26469 18.00000 9.10448
m71211c1r7.htb	 6.60069 2.87721 64.26414 18.00000 1.24378
m71211c2r7.htb	 18.63320 2.85901 251.47993 18.00000 13.93035
m71211c3r7.htb	 19.49279 2.56547 153.94475 18.00000 10.34826
m71218c1r7.htb	 18.27443 3.92118 335.46565 18.00000 6.31841
m71218c2r7.htb	 5.93016 2.39803 126.05860 18.00000 0.54726
m71218c3r7.htb	 5.59197 1.28870 276.86196 18.00000 1.09453
m71219c1r7.htb	 0.38013 0.32273 29.31703 18.00000 0.27363
m71219c2r7.htb	 0.64039 0.91092 247.62813 51.46861 0.17413
m71231c1r7.htb	 4.05871 3.59040 286.93746 42.83266 2.33831
m71231c2r7.htb	 13.76362 5.29851 291.24020 19.72039 7.31343
m71231c3r7.htb	 15.95813 2.72728 -16.28666 18.00000 13.43284
m80102c1r7.htb	 2.81924 3.74287 296.16926 108.83549 1.39303
m80102c2r7.htb	 8.67864 1.19316 286.16330 77.18862 3.88060
m80102c3r7.htb	 2.72618 1.37717 70.94943 18.00000 0.99502
m80103c1r7.htb	 20.52562 8.95522 224.71172 146.13824 5.42289
m80103c2r7.htb	 2.34658 3.58209 304.57743 193.64991 1.29353
m80103c3r7.htb	 13.48784 4.96640 241.72008 93.85839 10.24876
m80103c4r7.htb	 29.80896 3.18212 263.16245 26.21085 13.43284
m80104c1r7.htb	 10.62301 0.72421 285.85837 67.01558 2.53731
m71218c1r7.htb	 18.27444 3.92116 335.46563 18.00000 6.31841
m52311c1r7.htb	 1.50277 0.44792 19.50587 18.75739 0.79602
m52311c1r7.htb	 1.50277 0.44622 19.49058 18.80598 0.79602
m52311c2r6.htb	 0.02585 1.26866 210.37026 160.81560 0.64677
m52311c2r7.htb	 0.42223 0.99540 203.47193 18.00000 0.04975
m52311c3r7.htb	 3.03032 1.96940 96.94229 18.00000 0.59701
m71411c2r7.htb	 1.28460 0.80427 22.99930 18.00000 0.87065
m71411c3r8.htb	 4.93418 0.26355 105.56344 103.82994 2.88557
m71411c3r8.htb	 4.93017 0.26933 97.99215 104.36203 2.88557
m71511c1r7.htb	 4.03091 1.45526 185.78119 18.00000 4.02985
m71511c2r7.htb	 7.58946 3.32255 64.03303 18.00000 9.66596
m72111c1r7.htb	 5.32758 1.21322 -4.48618 18.00000 2.58706
m72111c2r7.htb	 5.32291 2.90327 265.38589 18.00000 2.23881
m72111c2r77.htb	 4.68298 2.96008 252.66191 18.00000 1.49254
m72111c3r7.htb	 0.91141 2.09981 252.56639 18.00000 0.43532
m72111c3r77.htb	 0.88155 1.71642 251.61239 18.00000 0.39801
m80511c1r7.htb	 1.42320 2.30920 28.58974 18.00000 0.64677
m80511c2r6.htb	 2.30240 0.00000 199.01720 134.93484 1.09453
m80511c3r7.htb	 1.86336 1.08930 176.01755 18.00000 1.09453
m80911c1r7.htb	 1.27466 1.20644 143.52540 18.00000 1.20824
m81111c1r7.htb	 1.31650 1.11022 46.27542 38.82497 0.11056
m81111c2r7.htb	 5.93085 1.78309 176.03303 18.00000 0.49751
m81111c1r7.htb	 1.31650 1.11021 46.27471 38.82490 0.11056
m81111c2r7.htb	 5.93084 1.78307 176.03385 18.00000 0.49751
m81111c3r7.htb	 5.58077 3.17984 6.03775 56.34480 1.74129
m81511c1r7.htb	 1.90000 2.88355 254.60938 18.00000 0.99502
m81511c2r7.htb	 1.98752 2.28776 -21.46720 18.00000 0.19900
m81511c3r7.htb	 2.61153 2.40464 64.85519 143.18042 2.13930
m81611c1r7.htb	 0.00000 2.88490 283.74389 128.55992 0.79602
m81611c1r7.htb	 0.00000 2.88490 283.74397 128.56023 0.79602
m81611c3r7.htb	 3.47324 1.34134 70.24025 43.90419 1.19403
m81711c2r7.htb	 2.52406 1.37046 129.24084 18.00000 0.55970
m81711c3r7.htb	 1.79068 7.42537 -24.94681 139.59140 2.48756
m82211c3r7.htb	 6.48145 5.80707 70.51298 18.00000 1.64179
m82311c2r7.htb	 6.09856 4.50270 -18.07335 18.00000 1.59204
m82311c3r7.htb	 2.15374 1.95324 18.56853 18.00000 0.94527
m82411c1r7.htb	 1.58250 0.57824 -13.90921 18.00000 1.14428
m82511c1r7.htb	 3.59170 1.86535 358.68236 77.18748 0.39801
m82511c2r7.htb	 2.73463 0.94201 -180.00000 151.61229 3.48259
m82511c3r7.htb	 2.80138 1.99254 143.65918 52.90404 2.37700
m90511c1r7.htb	 4.45579 2.08871 244.97036 18.00000 3.37203
m90511c2r7.htb	 8.87382 0.00000 241.80840 151.39014 3.08458
m90511c3r7.htb	 5.96955 2.17499 61.27690 18.00000 2.48756
m90511c4r7.htb	 2.72445 1.75894 69.83775 18.00000 1.59204
m90711c1r7.htb	 2.13264 2.75127 179.33423 18.00000 5.12438
m90711c2r7.htb	 4.05391 2.60719 268.66838 19.71344 3.08458
m90711c3r7.htb	 4.89337 1.94070 127.01896 18.00000 1.29353
m90711c4r7.htb	 3.53836 1.98664 238.05458 18.00000 0.69652
m90811c1r7.htb	 0.51632 1.86408 209.68730 18.00000 0.12438
m90811c2r7.htb	 3.18064 2.73122 226.27866 18.00000 1.49254
m91211c1r7.htb	 0.09240 0.38635 216.13117 59.04286 0.29851
m90811c1r7.htb	 0.51632 1.86409 209.68710 18.00000 0.12438
m82511c1r7.htb	 3.59170 1.86532 358.68209 77.18766 0.39801
m81111c3r7.htb	 5.58078 3.17983 6.03766 56.34449 1.74129
m81111c3r7.htb	 5.58077 3.17981 6.03756 56.34506 1.74129
m82211c3r7.htb	 6.48145 5.80705 70.51303 18.00000 1.64179
m22812c16r7.htb	 2.11063 3.72478 92.08892 63.33431 2.98507
m61212c1r7.htb	 0.84348 1.44425 165.63900 23.53658 1.49254
m61813c1r7.htb	 1.43074 2.78722 203.35487 18.00000 1.89055
m61913c1r7.htb	 1.33722 0.78094 310.96166 57.10667 1.04478
m61913c2r7.htb	 2.64934 2.56997 259.23387 26.06372 0.89552
m62713c1r7.htb	 6.22060 0.00000 180.55750 166.47403 5.69375
m62713c1r7.htb	 6.22060 0.00000 171.51058 142.13362 5.69375
m62713c1r77.htb	 5.23581 2.43831 35.49542 18.00000 4.82587
m72213c2r7.htb	 1.88579 3.16185 284.92039 64.04916 2.13930
m81413c1r7.htb	 0.12888 0.47637 115.83550 45.70860 1.04478
m82013c1r7.htb	 0.53719 0.13107 -87.71314 18.00000 0.24876
m82113c1r7.htb	 2.24165 1.47122 -18.59561 18.00000 3.28358
m91613c1r7.htb	 0.83840 0.89623 167.92711 18.00000 1.42146
m110113c1r6.htb	 0.00000 0.00000 -179.99990 18.00010 0.00000
m111813c1r7.htb	 4.93322 0.76940 -3.89478 54.71279 4.35323
m111813c2r7.htb	 1.63944 5.29851 329.98996 228.87891 7.01493
m111813c3r7.htb	 4.90400 2.17061 139.96171 18.00000 6.39659
m112113c1r7.htb	 5.67139 3.33964 10.73008 18.00000 5.55556
m50815c3r7.htb	 0.84963 1.62105 338.32360 18.00000 1.99005
m50815c2r7.htb	 0.28673 1.13764 171.60506 25.20034 0.49751
m50815c2r77.htb	 0.51300 0.51701 300.37398 18.00000 0.54726
m50815c2r88.htb	 0.51300 0.51701 300.37399 18.00000 0.54726
m30416c2r8.htb	 4.83698 4.99489 243.09350 18.00000 6.56716
m30416c2r8.htb	 4.83698 4.99490 243.09350 18.00000 6.56716
m30416c2r8.htb	 4.83698 4.99490 243.09350 18.00000 6.56716
m30416c2r8.htb	 4.83698 4.99490 243.09350 18.00000 6.56716
m30416c3r4.htb	 8.71387 2.51443 63.52977 18.00004 9.29353
m30416c4r6.htb	 7.06745 2.47196 135.97824 18.00000 5.92040
m30716c2r7.htb	 7.17232 0.88813 69.54958 62.37613 6.41791
m30716c2r9.htb	 8.64261 5.90353 161.18223 41.52948 4.17910
m30716c3r4.htb	 2.63152 1.94558 57.45472 72.32024 3.33333
m31216c1r5.htb	 0.93063 2.85562 110.10779 18.00000 1.28713
m31616c1r5.htb	 1.15319 0.43911 239.27318 24.85478 1.19403
m31616c2r5.htb	 0.93222 1.22022 113.86175 38.89815 0.94527
m31616c2r5.htb	 0.93222 1.22022 113.86175 38.89815 0.94527
m31616c3r6.htb	 1.79119 2.20341 101.64005 18.00000 1.69154
m31616c4r6.htb	 0.25178 0.38057 312.17527 42.05805 0.24876
m32116c1r8.htb	 2.85960 1.61378 145.48206 18.00000 0.84577
m32116c2r6.htb	 2.95296 1.25235 451.02661 18.00000 1.29353
m32116c3r6.htb	 12.35453 1.12070 368.47654 87.20503 4.27861
m32416c1r7.htb	 0.61466 1.21691 164.76761 18.00000 0.84577
m32816c3r7.htb	 0.94336 0.39269 15.63683 18.00001 0.96186
m33116c1r7.htb	 0.19702 0.37865 193.48960 18.00000 0.84577
m33116c3r6.htb	 5.84283 0.82888 292.55037 18.00000 5.77114
m33116c4r7.htb	 2.80760 1.13625 39.91351 18.00000 2.58706
m40516c1r9.htb	 0.57125 0.34081 206.96766 18.00000 0.64677
m40516c2r6.htb	 0.34944 1.71642 274.40816 174.31321 2.18905
m40516c3r8.htb	 0.58684 0.42846 -1.53362 52.19960 0.44776
m41116c1r6.htb	 0.22074 0.10819 59.28069 18.00000 0.24876
m41116c2r6.htb	 0.62395 0.76978 353.12324 123.79133 0.24876
m41116c3r6.htb	 2.98645 1.76767 22.81190 42.55422 0.19900
m41416c1r11.htb	 2.69659 0.73924 2.23841 20.23054 2.38806
m41416c2r6.htb	 1.20122 0.44054 59.04652 18.00000 0.44776
m41416c3r6.htb	 1.55580 0.98272 376.19183 75.69525 0.34826
m41816c1r6.htb	 0.70516 0.71306 328.02750 22.83526 0.84577
m41816c2r7.htb	 0.07074 0.10631 220.12244 18.00000 0.19900
m30416c2r8.htb	 4.83698 4.99489 243.09349 18.00000 6.56716
m30416c3r4.htb	 8.71387 2.51444 63.52980 18.00001 9.29353
m30416c4r6.htb	 7.06745 2.47196 135.97825 18.00000 5.92040
m30716c2r9.htb	 8.64261 5.90353 161.18223 41.52948 4.17910
m30716c3r4.htb	 2.63152 1.94558 57.45473 72.32024 3.33333
m31616c1r5.htb	 1.15319 0.43911 239.27318 24.85479 1.19403
m31616c2r5.htb	 0.93222 1.22022 113.86175 38.89815 0.94527
m31616c3r6.htb	 1.79119 2.20341 101.64005 18.00000 1.69154
m31616c4r6.htb	 0.25178 0.38057 312.17527 42.05804 0.24876
m32116c1r8.htb	 2.85960 1.61378 145.48206 18.00000 0.84577
m32116c2r6.htb	 2.95296 1.25235 451.02661 18.00000 1.29353
m32116c3r6.htb	 12.35453 1.12070 368.47652 87.20496 4.27861
m32416c1r7.htb	 0.61466 1.21691 164.76761 18.00000 0.84577
m32816c3r7.htb	 0.94336 0.39269 15.63679 18.00000 0.96186
m33116c1r7.htb	 0.19702 0.37865 193.48961 18.00002 0.84577
m33116c3r6.htb	 5.84283 0.82888 292.55036 18.00000 5.77114
m33116c4r7.htb	 2.80760 1.13625 39.91352 18.00000 2.58706
m40516c1r9.htb	 0.57125 0.34081 206.96766 18.00000 0.64677
m40516c2r6.htb	 0.34944 1.71642 274.40816 174.31316 2.18905
m40516c3r8.htb	 0.58684 0.42846 -1.53358 52.19960 0.44776
m41116c1r6.htb	 0.22074 0.10819 59.28069 18.00000 0.24876
m41116c2r6.htb	 0.62395 0.76978 353.12326 123.79133 0.24876
m41116c3r6.htb	 2.98645 1.76767 22.81191 42.55421 0.19900
m41416c1r11.htb	 2.69659 0.73924 2.23847 20.23055 2.38806
m41416c2r6.htb	 1.20122 0.44054 59.04652 18.00000 0.44776
m41416c3r6.htb	 1.55580 0.98272 376.19184 75.69525 0.34826
m41816c1r6.htb	 0.70516 0.71306 328.02750 22.83526 0.84577
m42116c1r6.htb	 0.00000 0.37481 161.87199 158.05300 0.14925
m42116c2r8.htb	 0.50021 0.68365 77.64991 18.00000 0.54726
m70516c1r7.htb	 0.47365 1.23345 167.52137 25.68038 0.59406
m30716c2r9.htb	 8.64261 5.90353 161.18223 41.52948 4.17910
m30716c2r9.htb	 8.64261 5.90353 161.18223 41.52948 4.17910
m30716c2r9.htb	 8.64261 5.90353 161.18223 41.52948 4.17910
m30716c2r9.htb	 8.64261 5.90353 161.18222 41.52948 4.17910
m30716c2r9.htb	 8.64261 5.90353 161.18223 41.52948 4.17910
m30716c2r9.htb	 8.64261 5.90353 161.18223 41.52948 4.17910
m30716c2r9.htb	 8.64261 5.90353 161.18223 41.52948 4.17910
m30716c2r9.htb	 8.64261 5.90353 161.18223 41.52947 4.17910
m30716c2r9.htb	 8.64261 5.90353 161.18223 41.52948 4.17910
m30716c2r9.htb	 8.64261 5.90353 161.18223 41.52947 4.17910
m30416c2r8.htb	 4.83698 4.99490 243.09350 18.00000 6.56716
m30416c3r4.htb	 8.71387 2.51443 63.52978 18.00001 9.29353
m30416c4r6.htb	 7.06745 2.47196 135.97823 18.00000 5.92040
m30716c2r9.htb	 8.64261 5.90353 161.18223 41.52948 4.17910
m30716c3r4.htb	 2.63152 1.94558 57.45472 72.32024 3.33333
m31616c1r5.htb	 1.15319 0.43911 239.27316 24.85481 1.19403
m31616c2r5.htb	 0.93222 1.22022 113.86175 38.89815 0.94527
m31616c3r6.htb	 1.79119 2.20341 101.64005 18.00000 1.69154
m31616c4r6.htb	 0.25178 0.38057 312.17527 42.05805 0.24876
m32116c1r8.htb	 2.85960 1.61378 145.48206 18.00000 0.84577
m32116c2r6.htb	 2.95296 1.25235 451.02661 18.00000 1.29353
m32116c3r6.htb	 12.35453 1.12070 368.47656 87.20504 4.27861
m32416c1r7.htb	 0.61466 1.21691 164.76761 18.00000 0.84577
m32816c3r7.htb	 0.94336 0.39269 15.63679 18.00000 0.96186
m33116c1r7.htb	 0.19702 0.37865 193.48960 18.00000 0.84577
m33116c3r6.htb	 5.84283 0.82888 292.55038 18.00000 5.77114
m33116c4r7.htb	 2.80760 1.13625 39.91353 18.00000 2.58706
m40516c1r9.htb	 0.57125 0.34081 206.96767 18.00000 0.64677
m40516c2r6.htb	 0.34944 1.71641 274.40816 174.31302 2.18905
m40516c3r8.htb	 0.58684 0.42846 -1.53363 52.19962 0.44776
m41116c1r6.htb	 0.22074 0.10819 59.28070 18.00000 0.24876
m41116c2r6.htb	 0.62395 0.76978 353.12323 123.79133 0.24876
m41116c3r6.htb	 2.98645 1.76767 22.81192 42.55421 0.19900
m41416c1r11.htb	 2.69659 0.73924 2.23840 20.23056 2.38806
m41416c2r6.htb	 1.20122 0.44054 59.04652 18.00000 0.44776
m41416c3r6.htb	 1.55580 0.98272 376.19183 75.69525 0.34826
m41816c1r6.htb	 0.70516 0.71306 328.02750 22.83526 0.84577
m41816c2r7.htb	 0.07074 0.10631 220.12244 18.00000 0.19900
m31616c2r5.htb	 0.93222 1.22022 113.86175 38.89815 0.94527
m31616c3r6.htb	 1.79119 2.20341 101.64005 18.00000 1.69154
m31616c4r6.htb	 0.25178 0.38057 312.17527 42.05805 0.24876
m32116c1r8.htb	 2.85960 1.61378 145.48206 18.00000 0.84577
m32116c2r6.htb	 2.95296 1.25235 451.02661 18.00000 1.29353
m32116c3r6.htb	 12.35453 1.12070 368.47654 87.20504 4.27861
m32416c1r7.htb	 0.61466 1.21691 164.76761 18.00000 0.84577
m32816c3r7.htb	 0.94336 0.39269 15.63678 18.00001 0.96186
m33116c1r7.htb	 0.19702 0.37865 193.48961 18.00002 0.84577
m33116c3r6.htb	 5.84283 0.82888 292.55037 18.00000 5.77114
m33116c4r7.htb	 2.80760 1.13625 39.91352 18.00000 2.58706
m40516c1r9.htb	 0.57125 0.34081 206.96766 18.00000 0.64677
m40516c2r6.htb	 0.34944 1.71642 274.40816 174.31316 2.18905
m40516c3r8.htb	 0.58684 0.42846 -1.53369 52.19959 0.44776
m41116c1r6.htb	 0.22074 0.10819 59.28069 18.00000 0.24876
m41116c2r6.htb	 0.62395 0.76978 353.12325 123.79131 0.24876
m41116c3r6.htb	 2.98645 1.76767 22.81191 42.55421 0.19900
m41416c1r11.htb	 2.69659 0.73924 2.23846 20.23056 2.38806
m41416c2r6.htb	 1.20122 0.44054 59.04651 18.00000 0.44776
m41416c3r6.htb	 1.55580 0.98272 376.19184 75.69525 0.34826
m41816c1r6.htb	 0.70516 0.71306 328.02750 22.83527 0.84577
m41816c2r7.htb	 0.07074 0.10631 220.12244 18.00000 0.19900
m42116c1r6.htb	 0.00000 0.37481 161.87206 158.05282 0.14925
m42116c2r8.htb	 0.50021 0.68365 77.64992 18.00000 0.54726
m70516c1r7.htb	 0.47365 1.23345 167.52137 25.68038 0.59406
m30416c2r8.htb	 4.83698 4.99490 243.09350 18.00000 6.56716
m30416c3r4.htb	 8.71387 2.51443 63.52978 18.00001 9.29353
m30416c4r6.htb	 7.06745 2.47196 135.97824 18.00000 5.92040
m30416c2r8.htb	 4.83698 4.99490 243.09350 18.00000 6.56716
m30416c3r4.htb	 8.71387 2.51443 63.52978 18.00004 9.29353
m30416c4r6.htb	 7.06745 2.47196 135.97824 18.00000 5.92040
m30416c4r6.htb	 7.06745 2.47196 135.97824 18.00000 5.92040
m30416c2r8.htb	 4.83698 4.99490 243.09350 18.00000 6.56716
m30416c2r8.htb	 4.83698 4.99490 243.09350 18.00000 6.56716
m30416c4r6.htb	 7.06745 2.47197 135.97825 18.00000 5.92040
m30416c3r4.htb	 8.71387 2.51443 63.52977 18.00003 9.29353
m30416c2r8.htb	 4.83698 4.99490 243.09349 18.00000 6.56716
m30416c2r8.htb	 4.83698 4.99490 243.09350 18.00000 6.56716
m30416c2r8.htb	 4.83698 4.99490 243.09350 18.00000 6.56716
m30416c2r8.htb	 4.83698 4.99490 243.09349 18.00000 6.56716
m30416c2r8.htb	 4.83698 4.99489 243.09350 18.00000 6.56716
m30416c2r8.htb	 4.83698 4.99490 243.09350 18.00000 6.56716
m30416c2r8.htb	 4.83698 4.99490 243.09350 18.00000 6.56716
m30416c2r8.htb	 4.83698 4.99489 243.09349 18.00000 6.56716
m30416c2r8.htb	 4.83698 4.99490 243.09350 18.00000 6.56716
m30416c2r8.htb	 4.83698 4.99490 243.09350 18.00000 6.56716
m30416c2r8.htb	 4.83698 4.99490 243.09350 18.00000 6.56716
