FILE		 PrDir	 PrSpd	 PrHDsp	 RFX	 RFY	 RFDiam	 Spont	 DirMI	 BRate	 Ampl	 PD360	 PD180	 PD90	 FWHM	 DSI	 AnovaP		 Rmeans	 Pmeans		 Rraw	 Praw		 DirDI	 VarTrm	 Chi2		 ChiP		
m61813c1r7.htb	    0.0	  32.00	  0.000	  10.00	 -10.00	  40.00	   1.89	  0.569	   1.43	   2.79	 203.35	 156.65	  23.35	  42.39	  1.198	 0.46058298	  0.461	 0.04430981	  0.043	 0.06376740	 0.2647	  0.902	  0.22995	 0.99387597	
m61913c1r7.htb	    0.0	  32.00	  0.000	  10.00	  10.00	  40.00	   1.04	  0.489	   1.34	   0.78	 310.96	  49.04	  49.04	 134.48	  0.728	 0.30237709	  0.423	 0.05790798	  0.056	 0.03469785	 0.3327	  0.421	  0.38521	 0.98367005	
m61913c2r7.htb	    0.0	  32.00	  0.000	  10.00	  10.00	  40.00	   0.90	  0.676	   2.65	   2.57	 259.23	 100.77	  79.23	  61.38	  0.594	 0.00006082	  0.376	 0.07900125	  0.134	 0.00085734	 0.5160	  0.465	  2.26197	 0.68770192	
m62713c1r7.htb	    0.0	  32.00	  0.000	   0.00	 -10.00	  40.00	   5.69	  0.362	   6.22	   0.00	 180.56	 179.44	   0.56	 392.02	  0.000	 0.38798483	  0.000	        NaN	 -0.000	        NaN	 0.3494	  0.542	  0.78926	 0.93988234	
m62713c1r7.htb	    0.0	  32.00	  0.000	   0.00	 -10.00	  40.00	   5.69	  0.362	   6.22	   0.00	 171.51	 171.51	   8.49	 334.70	  0.000	 0.38798483	  0.000	        NaN	 -0.000	        NaN	 0.3494	  0.542	  0.78926	 0.93988234	
m62713c1r77.htb	    0.0	  32.00	  0.000	   0.00	 -10.00	  40.00	   4.83	  0.478	   5.24	   2.44	  35.50	  35.50	  35.50	  42.39	  0.856	 0.19706773	  0.461	 0.04423414	  0.065	 0.02644105	 0.4134	  0.530	  1.41211	 0.84208721	
m72213c2r7.htb	    0.0	  32.00	  0.000	  10.00	  10.00	  40.00	   2.14	  0.592	   1.89	   3.16	 284.92	  75.08	  75.08	 150.82	  1.087	 0.00000187	  0.883	 0.00016683	  0.354	 0.00000001	 0.5092	  0.409	  0.63268	 0.95936401	
m81413c1r7.htb	    0.0	  32.00	  0.000	   0.00	   0.00	  40.00	   1.04	  0.810	   0.13	   0.48	 115.84	 115.84	  64.16	 107.64	 -1.084	 0.06932960	  0.726	 0.00351573	  0.115	 0.00208788	 0.3842	  0.507	  0.38898	 0.98336929	
m82013c1r7.htb	    0.0	  32.00	  0.000	 -10.00	  10.00	  40.00	   0.25	  0.400	   0.54	   0.13	 272.29	  87.71	  87.71	  42.39	  0.312	 0.96206533	  0.143	 0.31552666	  0.004	 0.60137146	 0.2105	  0.580	  0.18749	 0.99587104	
m82113c1r7.htb	    0.0	  32.00	  0.000	   0.00	   0.00	  40.00	   3.28	  0.417	   2.24	   1.47	 341.40	  18.60	  18.60	  42.39	  3.427	 0.55439434	  0.138	 0.32468641	  0.016	 0.25750214	 0.2659	  0.696	  0.35440	 0.98603717	
m91613c1r7.htb	    0.0	  32.00	  0.000	   0.00	   0.00	  40.00	   1.42	  0.571	   0.84	   0.90	 167.93	 167.93	  12.07	  42.39	  2.862	 0.75900800	  0.535	 0.02518937	  0.045	 0.12924732	 0.3279	  0.554	  0.37935	 0.98413214	
m110113c1r6.htb	    0.0	  32.00	  0.000	   0.00	   0.00	  40.00	   0.00	    NaN	   0.00	   0.00	 180.00	 180.00	   0.00	  42.39	    NaN	        NaN	    NaN	        NaN	    NaN	        NaN	    NaN	  0.000	  0.00000	        NaN	
m111813c1r7.htb	    0.0	  32.00	  0.000	   0.00	   0.00	  40.00	   4.35	  0.293	   4.93	   0.77	 356.11	   3.89	   3.89	 128.84	  0.570	 0.94445623	  0.203	 0.22354044	  0.008	 0.49965124	 0.2160	  0.637	  0.25699	 0.99241864	
m111813c2r7.htb	    0.0	  32.00	  0.000	   0.00	   0.00	  40.00	   7.01	  0.428	   1.64	   5.30	 329.99	  30.01	  30.01	 538.97	 -68.829	 0.53195331	  0.275	 0.14745222	  0.032	 0.11322641	 0.3087	  0.897	  0.50774	 0.97274298	
m111813c3r7.htb	    0.0	  32.00	  0.000	 -10.00	  10.00	  40.00	   6.40	  0.372	   4.90	   2.17	 139.96	 139.96	  40.04	  42.39	  3.201	 0.64242836	  0.297	 0.12948945	  0.048	 0.11255630	 0.3166	  0.704	  0.56130	 0.96726516	
m112113c1r7.htb	    0.0	  32.00	  0.000	  10.00	  10.00	  40.00	   5.56	  0.419	   5.67	   3.34	  10.73	  10.73	  10.73	  42.39	  0.966	 0.75687396	  0.571	 0.01857921	  0.067	 0.10177414	 0.3900	  0.656	  1.05130	 0.90192016	
m50815c3r7.htb	    0.0	  32.00	  0.000	   0.00	   0.00	  40.00	   1.99	  0.621	   0.85	   1.62	 338.32	  21.68	  21.68	  42.39	  3.373	 0.50591967	  0.347	 0.09502215	  0.052	 0.12594872	 0.3136	  0.696	  1.05736	 0.90097679	
m50815c2r7.htb	    0.0	  32.00	  0.000	   0.00	   0.00	  40.00	   0.50	  0.700	   0.29	   1.14	 171.61	 171.61	   8.39	  59.34	  1.227	 0.64969838	  0.875	 0.00020919	  0.106	 0.02918497	 0.3462	  0.681	  0.05041	 0.99968765	
m50815c2r77.htb	    0.0	  32.00	  0.000	   0.00	   0.00	  40.00	   0.55	  0.714	   0.51	   0.52	 300.37	  59.63	  59.63	  42.39	  1.071	 0.66346114	  0.374	 0.08026174	  0.024	 0.17171569	 0.2979	  0.646	  0.64097	 0.95840424	
m50815c2r88.htb	    0.0	  32.00	  0.000	   0.00	   0.00	  40.00	   0.55	  0.714	   0.51	   0.52	 300.37	  59.63	  59.63	  42.39	  1.071	 0.66346114	  0.374	 0.08026174	  0.024	 0.17171569	 0.2979	  0.646	  0.64097	 0.95840424	
