FILE			 PrfOR	 PrfSF	 PrfTF	 RFXctr	 RFYctr	 RFDiam	 GrType	 MaxLoc	 MaxRsp	 MinLoc	 MinRsp	 Spont	 TFMI		 AnovaP	 TFDI  	 VarTerm	 MaxX 	 MinX 	 TFHWHM	 RsqMn	 PMean	 RsqRaw	 Praw		 Chi2		 ChiP		 Brat		 Ampl		 Peak		 SD		 Offst		
m60112c1r4.htb	  30.0	  0.05	 2.000	  0.00	  0.00	 30.00	   0.0	 2.0600	 23.23	 8.0000	 11.68	  4.56	 0.960	 0.00091344	 0.554	  0.619	  8.00	  0.50	  2.7200	 0.9383	 0.00662886	 0.5253	 0.00001904	 0.4413	        NaN	  5.31	 17.91	 2.0634	 0.9176	 0.1000	
m60112c1r4.htb	  30.0	  0.05	 2.000	  0.00	  0.00	 30.00	   1.0	 1.9700	 26.39	 8.0000	 11.27	  4.56	 0.856	 0.00000003	 0.726	  0.339	  8.00	  0.50	  2.1300	 0.9999	 0.00000041	 0.8302	 0.00000000	 0.0067	        NaN	  9.37	 17.02	 1.9658	 0.6524	 0.1000	
m60117c1r5.htb	  90.0	  0.03	 2.000	  0.00	  0.00	 30.00	   0.0	 2.5700	 13.32	 0.5000	  7.99	  8.01	 1.060	 0.01144229	 0.384	  0.573	  8.00	  0.50	  2.7000	 0.9149	 0.01081689	 0.2249	 0.00050339	 0.1171	        NaN	  7.69	  5.63	 2.5686	 0.6148	 0.1000	
m60117c1r5.htb	  90.0	  0.03	 2.000	  0.00	  0.00	 30.00	   1.0	 2.2300	 17.81	 0.5000	  9.34	  8.01	 1.223	 0.00009977	 0.483	  0.599	  8.00	  0.50	  2.9800	 0.8951	 0.01491153	 0.3586	 0.00000435	 0.2481	        NaN	  5.35	 12.46	 2.2324	 0.9000	 0.1000	
m60119c1r5.htb	  30.0	  0.03	 2.000	 10.00	 10.00	 60.00	   0.0	 8.0000	 16.13	 0.5000	  7.61	  3.58	 0.758	 0.00001076	 0.541	  0.549	  8.00	  0.50	  0.0000	 0.9945	 0.00017417	 0.4576	 0.00000007	 0.0700	        NaN	  7.57	 12.49	 20.0000	 1.0462	 0.1000	
m60119c1r5.htb	  30.0	  0.03	 2.000	 10.00	 10.00	 60.00	   1.0	 4.8200	 14.90	 0.5000	  5.79	  3.58	 0.813	 0.00000668	 0.534	  0.578	  8.00	  0.50	  3.1800	 0.9747	 0.00172304	 0.4600	 0.00000006	 0.1151	        NaN	  4.37	 10.53	 4.8236	 1.1325	 0.0010	
m60119c2r5.htb	  30.0	  0.03	 6.000	  0.00	 10.00	 40.00	   0.0	 6.9600	 19.42	 0.5000	  9.80	  8.35	 0.870	 0.01027069	 0.426	  0.862	  8.00	  0.50	  1.0400	 0.9971	 0.00006495	 0.2932	 0.00021298	 0.0066	        NaN	  9.79	  9.63	 6.9621	 0.7232	 0.0010	
m60119c2r5.htb	  30.0	  0.03	 6.000	  0.00	 10.00	 40.00	   1.0	 4.7200	 19.72	 0.5000	  7.45	  8.35	 1.160	 0.00026876	 0.512	  0.824	  8.00	  0.50	  3.2800	 0.9689	 0.00234839	 0.4341	 0.00000379	 0.1302	        NaN	  3.39	 16.32	 4.7213	 1.3444	 0.0010	
m60124c1r7.htb	   0.0	  0.03	 2.000	  0.00	 10.00	 70.00	   0.0	 3.6800	 13.89	 0.5000	  8.74	  5.51	 0.619	 0.00051212	 0.437	  0.481	  8.00	  0.50	  4.0900	 0.9975	 0.00005257	 0.2569	 0.00000646	 0.0028	        NaN	  8.70	  5.19	 3.6789	 0.6372	 0.0010	
m60124c1r7.htb	   0.0	  0.03	 2.000	  0.00	 10.00	 70.00	   1.0	 3.4200	 14.64	 0.5000	  9.44	  5.51	 0.595	 0.00052621	 0.444	  0.458	  8.00	  0.50	  3.5200	 0.9983	 0.00002880	 0.2565	 0.00000660	 0.0000	        NaN	  9.40	  5.24	 3.4230	 0.5978	 0.0301	
m60124c1r10.htb	   0.0	  0.03	 2.000	  0.00	 10.00	 70.00	   0.0	 2.8800	 14.38	 0.5000	 10.50	  7.06	 0.531	 0.28779893	 0.297	  0.476	  8.00	  0.50	  1.1900	 0.8464	 0.02684387	 0.0871	 0.03743184	 0.0994	        NaN	 10.50	  3.88	 2.8820	 0.2889	 0.0010	
m60124c1r10.htb	   0.0	  0.03	 2.000	  0.00	 10.00	 70.00	   1.0	 4.3300	 14.26	 0.5000	 11.10	  7.06	 0.673	 0.20924746	 0.328	  0.568	  8.00	  0.50	  3.6700	 0.7247	 0.06727916	 0.0868	 0.03777663	 0.2248	        NaN	  8.37	  5.90	 4.3338	 1.7394	 0.0010	
m60124c2r2.htb	   0.0	  0.03	 4.000	  0.00	 10.00	 70.00	   0.0	 8.0000	  4.89	 0.5000	  3.79	  3.78	 1.778	 0.53291705	 0.203	  0.625	  8.00	  0.50	  0.0000	 0.8909	 0.01582111	 0.0590	 0.08918804	 0.0459	        NaN	  2.83	  2.16	 20.0000	 2.8808	 0.0010	
m60124c2r2.htb	   0.0	  0.03	 4.000	  0.00	 10.00	 70.00	   1.0	 3.2700	  5.95	 0.5000	  3.36	  3.78	 1.455	 0.04592093	 0.371	  0.558	  8.00	  0.50	  4.7300	 0.9298	 0.00806938	 0.1768	 0.00236619	 0.0839	        NaN	  3.02	  2.93	 3.2706	 0.8357	 0.1000	
m60124c3r7.htb	   0.0	  0.03	 4.000	  0.00	 10.00	 70.00	   0.0	 0.8100	  5.52	 8.0000	  4.82	  3.18	 0.300	 0.79325321	 0.217	  0.304	  8.00	  0.50	  0.4100	 0.8054	 0.03881299	 0.0290	 0.23710583	 0.0370	        NaN	  4.82	  0.70	 0.8088	 0.3118	 0.0840	
m60124c3r7.htb	   0.0	  0.03	 4.000	  0.00	 10.00	 70.00	   1.0	 0.5100	  5.37	 0.7100	  5.12	  3.18	 0.214	 0.98861484	 0.113	  0.409	  8.00	  0.50	  0.0400	 0.0421	 0.74073135	 0.0003	 0.90657421	 0.0202	        NaN	  5.12	  0.26	 0.5111	 0.0395	 0.0038	
m60124c4r5.htb	   0.0	  0.03	 4.000	 10.00	 -5.00	 70.00	   0.0	 5.3100	 15.02	 0.5000	  5.65	  3.73	 0.830	 0.00027086	 0.545	  0.498	 16.00	  0.50	  2.7100	 0.9941	 0.00001304	 0.5477	 0.00000057	 0.0436	        NaN	  5.65	  9.36	 5.3132	 0.3424	 0.1000	
m60124c4r5.htb	   0.0	  0.03	 4.000	 10.00	 -5.00	 70.00	   1.0	 4.3000	 12.38	 0.5000	  6.40	  3.73	 0.779	 0.00104088	 0.574	  0.385	 16.00	  0.50	  3.1000	 0.9951	 0.00000918	 0.5502	 0.00000272	 0.2752	        NaN	  6.40	  5.98	 4.3011	 0.4594	 0.0010	
m60124c5r3.htb	   0.0	  0.03	 4.000	  0.00	  0.00	 70.00	   0.0	 3.9600	 16.70	 0.5000	 11.33	  8.33	 0.642	 0.03918188	 0.452	  0.468	  8.00	  0.50	  2.6200	 0.9842	 0.00084607	 0.2655	 0.00130105	 0.0341	        NaN	 11.33	  5.37	 3.9574	 0.4298	 0.0010	
m60124c5r3.htb	   0.0	  0.03	 4.000	  0.00	  0.00	 70.00	   1.0	 2.7800	 16.39	 0.5000	 10.96	  8.33	 0.657	 0.17358249	 0.342	  0.542	  8.00	  0.50	  1.5500	 0.9976	 0.00005150	 0.1801	 0.00989564	 0.0166	        NaN	 10.96	  5.44	 2.7794	 0.3728	 0.0010	
m60213c2r4.htb	 350.0	  0.03	 2.000	  0.00	 15.00	 50.00	   0.0	 7.8800	 10.07	 0.5000	  1.61	  0.60	 0.962	 0.00083461	 0.528	  0.928	 16.00	  0.50	  8.1200	 0.9022	 0.00371073	 0.2837	 0.00001182	 0.3516	        NaN	  0.96	  9.11	 7.8844	 1.1974	 0.0010	
m60213c2r4.htb	 350.0	  0.03	 2.000	  0.00	 15.00	 50.00	   1.0	 4.9200	 11.72	 0.5000	  1.66	  0.60	 1.015	 0.00107764	 0.547	  0.917	 16.00	  0.50	 11.0800	 0.9322	 0.00176465	 0.2863	 0.00001059	 0.0568	        NaN	  0.00	 11.72	 4.9243	 1.1554	 0.0010	
m60213c3r3.htb	 120.0	  0.03	 2.000	  8.00	  0.00	 50.00	   0.0	 4.5300	 19.73	 0.5000	  5.21	  3.78	 0.975	 0.00000096	 0.600	  0.735	 16.00	  0.50	  8.5500	 0.9891	 0.00004469	 0.4725	 0.00000000	 0.0297	        NaN	  4.19	 15.55	 4.5321	 0.9437	 0.0010	
m60213c3r3.htb	 120.0	  0.03	 2.000	  8.00	  0.00	 50.00	   1.0	 3.8800	 22.32	 0.5000	  5.78	  3.78	 0.963	 0.00000006	 0.576	  0.787	 16.00	  0.50	  6.5000	 0.9819	 0.00012313	 0.5225	 0.00000000	 0.2075	        NaN	  4.64	 17.68	 3.8814	 0.8748	 0.0010	
m60213c4r3.htb	   0.0	  0.03	 4.000	  5.00	 12.00	 50.00	   0.0	 2.4000	 12.05	 16.0000	  6.10	  2.49	 0.653	 0.00000176	 0.530	  0.404	 16.00	  0.50	  3.3500	 0.9802	 0.00014789	 0.4559	 0.00000000	 0.1102	        NaN	  5.81	  6.25	 2.3982	 0.7654	 0.0010	
m60213c4r3.htb	   0.0	  0.03	 4.000	  5.00	 12.00	 50.00	   1.0	 2.8500	 10.69	 0.5000	  6.68	  2.49	 0.688	 0.00117481	 0.449	  0.454	 16.00	  0.50	  5.3800	 0.9312	 0.00181579	 0.2837	 0.00001183	 0.2005	        NaN	  4.65	  6.04	 2.8510	 1.1792	 0.0010	
m60220c1r3.htb	  30.0	  0.03	 2.000	  5.00	  8.00	 60.00	   0.0	 1.9000	  4.19	 16.0000	  2.12	  1.69	 1.075	 0.10175528	 0.351	  0.535	 16.00	  0.50	  4.6400	 0.9540	 0.00080427	 0.1457	 0.00262160	 0.0354	        NaN	  1.50	  2.69	 1.9001	 1.2130	 0.1000	
m60220c1r3.htb	  30.0	  0.03	 2.000	  5.00	  8.00	 60.00	   1.0	 1.8700	  4.62	 16.0000	  2.68	  1.69	 1.102	 0.05170476	 0.414	  0.410	 16.00	  0.50	  5.3900	 0.8714	 0.00648424	 0.1566	 0.00175204	 0.1623	        NaN	  1.33	  3.28	 1.8707	 1.5733	 0.1000	
m60317c1r3.htb	  30.0	  0.03	 2.000	  0.00	  0.00	 40.00	   0.0	 1.8900	  3.31	 16.0000	  1.23	  1.00	 0.942	 0.00379483	 0.458	  0.446	 16.00	  0.50	  3.2000	 0.9635	 0.00050694	 0.2596	 0.00003220	 0.0437	        NaN	  1.13	  2.18	 1.8947	 0.8658	 0.0010	
m60317c1r3.htb	  30.0	  0.03	 2.000	  0.00	  0.00	 40.00	   1.0	 1.0000	  3.32	 16.0000	  0.94	  1.00	 1.186	 0.00093859	 0.507	  0.464	 16.00	  0.50	  4.1900	 0.9121	 0.00298684	 0.2838	 0.00001179	 0.3085	        NaN	  0.00	  3.32	 1.0004	 1.7412	 0.0010	
m60317c2r3.htb	  30.0	  0.03	 2.000	  0.00	  0.00	 40.00	   0.0	 2.8000	 21.28	 16.0000	 15.40	 11.79	 1.250	 0.00525759	 0.424	  0.648	 16.00	  0.50	  5.8400	 0.5134	 0.10915745	 0.1330	 0.00416700	 0.9931	        NaN	  9.41	 11.87	 2.8030	 1.4887	 0.0010	
m60317c2r3.htb	  30.0	  0.03	 2.000	  0.00	  0.00	 40.00	   1.0	 2.7800	 22.29	 16.0000	 18.08	 11.79	 1.090	 0.14355414	 0.367	  0.661	 16.00	  0.50	  6.0300	 0.5810	 0.07808317	 0.0802	 0.02834132	 0.5102	        NaN	 12.22	 10.07	 2.7821	 1.6812	 0.0010	
m60404c2r3.htb	   0.0	  0.03	 2.000	  0.00	  0.00	 40.00	   0.0	 1.4200	 11.55	 16.0000	  6.76	  4.88	 0.738	 0.00008088	 0.505	  0.419	 16.00	  0.50	  2.6800	 0.8851	 0.00515608	 0.3336	 0.00000135	 0.3575	        NaN	  6.63	  4.93	 1.4189	 0.8779	 0.1000	
m60404c2r3.htb	   0.0	  0.03	 2.000	  0.00	  0.00	 40.00	   1.0	 0.9900	 12.71	 16.0000	  6.87	  4.88	 0.748	 0.00000177	 0.506	  0.411	 16.00	  0.50	  2.0800	 0.9774	 0.00019288	 0.4544	 0.00000000	 0.2285	        NaN	  6.79	  5.92	 0.9877	 0.9123	 0.1000	
m60407c1r3.htb	   0.0	  0.03	 2.000	  0.00	 -5.00	 40.00	   0.0	 1.2100	  7.11	 16.0000	  5.16	  4.48	 0.776	 0.13030921	 0.274	  0.564	 16.00	  0.50	  2.7500	 0.9877	 0.00005693	 0.0787	 0.00342772	 0.0147	        NaN	  5.07	  2.04	 1.2135	 1.0342	 0.0010	
m60407c1r3.htb	   0.0	  0.03	 2.000	  0.00	 -5.00	 40.00	   1.0	 0.8200	  8.14	 16.0000	  5.18	  4.48	 0.858	 0.00992116	 0.343	  0.602	 16.00	  0.50	  2.9600	 0.9775	 0.00019178	 0.1328	 0.00010585	 0.0137	        NaN	  4.84	  3.30	 0.8242	 1.3926	 0.0010	
m60407c2r3.htb	   0.0	  0.03	 2.000	  5.00	  0.00	 40.00	   0.0	 2.1500	 20.62	 16.0000	 15.48	 13.73	 1.116	 0.20488239	 0.355	  0.575	 16.00	  0.50	  5.1900	 0.9757	 0.00022239	 0.1191	 0.00693198	 0.0198	        NaN	 12.93	  7.69	 2.1514	 1.3225	 0.1000	
m60407c2r3.htb	   0.0	  0.03	 2.000	  5.00	  0.00	 40.00	   1.0	 1.0800	 20.94	 16.0000	 16.79	 13.73	 0.835	 0.17975627	 0.320	  0.567	 16.00	  0.50	  1.7700	 0.8853	 0.00513094	 0.1134	 0.00853047	 0.1108	        NaN	 16.77	  4.17	 1.0805	 0.7761	 0.1000	
m60407c3r3.htb	   0.0	  0.03	 2.000	  0.00	 -20.00	 40.00	   0.0	 1.6300	 10.91	 16.0000	  5.36	  4.98	 0.977	 0.00000055	 0.554	  0.354	 16.00	  0.50	  3.0500	 0.9749	 0.00023886	 0.4767	 0.00000000	 0.1438	        NaN	  5.11	  5.80	 1.6311	 0.8872	 0.1000	
m60407c3r3.htb	   0.0	  0.03	 2.000	  0.00	 -20.00	 40.00	   1.0	 1.4200	 13.10	 16.0000	  5.16	  4.98	 0.979	 0.00000000	 0.595	  0.452	 16.00	  0.50	  1.9200	 0.9535	 0.00082295	 0.5605	 0.00000000	 0.5604	        NaN	  5.14	  7.96	 1.4168	 0.6945	 0.1000	
m60407c4r3.htb	   0.0	  0.03	 2.000	 15.00	 -10.00	 50.00	   0.0	 3.7800	 15.51	 0.5000	  6.56	  4.43	 1.185	 0.00008444	 0.533	  0.597	 16.00	  0.50	  9.0300	 0.9641	 0.00049024	 0.3623	 0.00000036	 0.1502	        NaN	  2.37	 13.13	 3.7781	 1.3361	 0.0010	
m60407c4r3.htb	   0.0	  0.03	 2.000	 15.00	 -10.00	 50.00	   1.0	 4.0800	 18.52	 0.5000	  6.07	  4.43	 1.265	 0.00003454	 0.580	  0.714	 16.00	  0.50	 10.5100	 0.9782	 0.00018023	 0.3892	 0.00000010	 0.0906	        NaN	  0.00	 18.52	 4.0847	 1.4053	 0.0010	
m60407c5r3.htb	   0.0	  0.03	 2.000	 10.00	 -10.00	 40.00	   0.0	 2.9000	  7.59	 16.0000	  5.70	  1.94	 0.727	 0.11914884	 0.383	  0.442	 16.00	  0.50	  5.9800	 0.5952	 0.07237446	 0.0869	 0.02220706	 0.4023	        NaN	  3.48	  4.10	 2.9016	 1.5142	 0.1000	
m60407c5r3.htb	   0.0	  0.03	 2.000	 10.00	 -10.00	 40.00	   1.0	 1.7800	  8.59	 16.0000	  3.97	  1.94	 1.041	 0.00009885	 0.563	  0.455	 16.00	  0.50	  5.4900	 0.7301	 0.03023882	 0.2715	 0.00001972	 1.1524	        NaN	  0.16	  8.43	 1.7830	 1.7024	 0.1000	
m60413c3r3.htb	   0.0	  0.03	 2.000	  5.00	 -20.00	 50.00	   0.0	 2.3200	 25.55	 16.0000	 19.42	 11.54	 0.794	 0.00000540	 0.562	  0.318	 16.00	  0.50	  5.6400	 0.7057	 0.03633272	 0.3111	 0.00000367	 1.4674	        NaN	 14.43	 11.12	 2.3153	 1.4979	 0.1000	
m60413c3r3.htb	   0.0	  0.03	 2.000	  5.00	 -20.00	 50.00	   1.0	 1.3700	 25.48	 16.0000	 17.41	 11.54	 0.806	 0.00015753	 0.499	  0.446	 16.00	  0.50	  4.6700	 0.9484	 0.00101420	 0.3413	 0.00000096	 0.6668	        NaN	 14.06	 11.42	 1.3681	 1.5289	 0.1000	
m60413c4r3.htb	   0.0	  0.03	 2.000	 -10.00	 -10.00	 40.00	   0.0	 2.6200	  5.01	 16.0000	  0.95	  0.40	 1.086	 0.00000003	 0.667	  0.448	 16.00	  0.50	  4.6500	 0.6367	 0.05712401	 0.3470	 0.00000074	 2.8867	        NaN	  0.00	  5.01	 2.6208	 0.9753	 0.1000	
m60413c4r3.htb	   0.0	  0.03	 2.000	 -10.00	 -10.00	 40.00	   1.0	 1.4800	  5.16	 16.0000	  0.60	  0.40	 1.027	 0.00000000	 0.660	  0.423	 16.00	  0.50	  2.4200	 0.7738	 0.02085885	 0.4919	 0.00000000	 2.4730	        NaN	  0.53	  4.63	 1.4776	 0.7943	 0.1000	
m60413c5r3.htb	   0.0	  0.03	 2.000	 -10.00	 -10.00	 40.00	   0.0	 2.4700	  4.45	 16.0000	  1.31	  1.00	 1.288	 0.00477364	 0.470	  0.572	 16.00	  0.50	  5.1300	 0.9624	 0.00053803	 0.2523	 0.00004322	 0.0876	        NaN	  0.00	  4.45	 2.4712	 1.1738	 0.1000	
m60413c5r3.htb	   0.0	  0.03	 2.000	 -10.00	 -10.00	 40.00	   1.0	 1.2500	  4.93	 16.0000	  1.39	  1.00	 1.103	 0.00095190	 0.472	  0.562	 16.00	  0.50	  3.0700	 0.9813	 0.00013127	 0.3049	 0.00000479	 0.0310	        NaN	  1.15	  3.78	 1.2467	 1.0547	 0.1000	
m60414c2r3.htb	 250.0	  0.05	 2.000	  0.00	 -8.00	 40.00	   0.0	 2.3000	 11.25	 16.0000	  2.95	  2.39	 0.961	 0.00000044	 0.542	  0.690	 16.00	  0.50	  3.0200	 0.8222	 0.01264030	 0.4057	 0.00000004	 0.7926	        NaN	  2.73	  8.52	 2.2985	 0.7021	 0.1000	
m60414c2r3.htb	 250.0	  0.05	 2.000	  0.00	 -8.00	 40.00	   1.0	 1.9700	 12.12	 16.0000	  3.86	  2.39	 0.900	 0.00000059	 0.576	  0.625	 16.00	  0.50	  2.0000	 0.9356	 0.00159216	 0.4562	 0.00000000	 0.4431	        NaN	  3.85	  8.27	 1.9721	 0.5705	 0.1000	
m60418c1r3.htb	 180.0	  0.03	 2.000	 -5.00	 -10.00	 50.00	   0.0	 2.4600	 19.28	 16.0000	  3.81	  3.73	 1.240	 0.00000199	 0.563	  1.037	 16.00	  0.50	  4.6500	 0.8681	 0.00683437	 0.4014	 0.00000006	 0.6756	        NaN	  0.00	 19.28	 2.4572	 1.0216	 0.1000	
m60418c1r3.htb	 180.0	  0.03	 2.000	 -5.00	 -10.00	 50.00	   1.0	 2.0500	 21.12	 16.0000	  4.44	  3.73	 1.226	 0.00000000	 0.623	  0.830	 16.00	  0.50	  4.6100	 0.8890	 0.00480116	 0.5189	 0.00000000	 1.0630	        NaN	  0.00	 21.12	 2.0513	 1.1400	 0.1000	
m60420c1r3.htb	 180.0	  0.03	 2.000	  5.00	 -5.00	 40.00	   0.0	 2.4300	 19.95	 16.0000	  5.19	  1.74	 0.886	 0.00000000	 0.686	  0.525	 16.00	  0.50	  3.8500	 0.9115	 0.00302925	 0.7094	 0.00000000	 1.5795	        NaN	  3.81	 16.13	 2.4348	 0.8328	 0.1000	
m60420c1r3.htb	 180.0	  0.03	 2.000	  5.00	 -5.00	 40.00	   1.0	 1.5000	 21.00	 16.0000	  4.99	  1.74	 0.870	 0.00000000	 0.731	  0.443	 16.00	  0.50	  2.7700	 0.9875	 0.00005869	 0.8050	 0.00000000	 0.2876	        NaN	  4.51	 16.49	 1.5013	 0.8681	 0.1000	
m60421c1r3.htb	   0.0	  0.03	 2.000	  8.00	 -10.00	 40.00	   0.0	 2.4200	 15.57	 16.0000	  3.30	  2.74	 1.213	 0.00000000	 0.703	  0.460	 16.00	  0.50	  4.7300	 0.9854	 0.00008011	 0.7571	 0.00000000	 0.4432	        NaN	  0.00	 15.57	 2.4238	 1.0522	 0.1000	
m60421c1r3.htb	   0.0	  0.03	 2.000	  8.00	 -10.00	 40.00	   1.0	 1.5800	 14.23	 16.0000	  4.19	  2.74	 1.224	 0.00000000	 0.697	  0.379	 16.00	  0.50	  4.7200	 0.9812	 0.00013379	 0.6927	 0.00000000	 0.5283	        NaN	  0.00	 14.23	 1.5768	 1.4814	 0.0010	
m60421c2r3.htb	   0.0	  0.03	 2.000	 18.00	 -10.00	 40.00	   0.0	 2.9100	 11.97	 16.0000	  3.63	  1.04	 0.927	 0.00000000	 0.650	  0.476	 16.00	  0.50	  4.6100	 0.9459	 0.00111956	 0.6015	 0.00000000	 0.5863	        NaN	  1.85	 10.12	 2.9053	 0.9007	 0.1000	
m60421c2r3.htb	   0.0	  0.03	 2.000	 18.00	 -10.00	 40.00	   1.0	 1.4700	 12.65	 16.0000	  3.23	  1.04	 0.885	 0.00000000	 0.652	  0.436	 16.00	  0.50	  2.9800	 0.9944	 0.00001172	 0.6448	 0.00000000	 0.0517	        NaN	  2.80	  9.85	 1.4735	 0.9279	 0.1000	
m60421c3r3.htb	   0.0	  0.03	 2.000	 10.00	  5.00	 40.00	   0.0	 3.2300	 29.39	 0.5000	 15.08	  6.32	 0.663	 0.00002615	 0.515	  0.765	 16.00	  0.50	  4.2700	 0.9767	 0.00020497	 0.3951	 0.00000008	 0.0800	        NaN	 14.09	 15.30	 3.2339	 0.7325	 0.1000	
m60421c3r3.htb	   0.0	  0.03	 2.000	 10.00	  5.00	 40.00	   1.0	 1.4200	 30.85	 16.0000	  7.66	  6.32	 0.979	 0.00000000	 0.676	  0.703	 16.00	  0.50	  4.5000	 0.9408	 0.00134046	 0.6410	 0.00000000	 1.0173	        NaN	  0.00	 30.85	 1.4232	 1.4128	 0.1000	
m60424c3r3.htb	   0.0	  0.03	 2.000	 10.00	  0.00	 40.00	   0.0	 3.2300	 25.40	 0.5000	  8.45	  0.60	 0.706	 0.00000000	 0.651	  0.670	 16.00	  0.50	  3.7300	 0.9208	 0.00241980	 0.5834	 0.00000000	 0.7649	        NaN	  7.89	 17.51	 3.2272	 0.6517	 0.1000	
m60424c3r3.htb	   0.0	  0.03	 2.000	 10.00	  0.00	 40.00	   1.0	 1.7500	 26.06	 16.0000	  4.21	  0.60	 0.801	 0.00000000	 0.727	  0.549	 16.00	  0.50	  3.0300	 0.9697	 0.00034693	 0.7688	 0.00000000	 1.3273	        NaN	  3.36	 22.71	 1.7487	 0.8445	 0.1000	
m60424c4r3.htb	   0.0	  0.03	 2.000	  0.00	  0.00	 30.00	   0.0	 1.2900	 19.38	 16.0000	  4.25	  2.34	 0.909	 0.00000000	 0.687	  0.492	 16.00	  0.50	  2.5300	 0.9736	 0.00026314	 0.7180	 0.00000000	 0.4914	        NaN	  3.89	 15.49	 1.2914	 0.8917	 0.1000	
m60424c4r3.htb	   0.0	  0.03	 2.000	  0.00	  0.00	 30.00	   1.0	 1.5900	 19.64	 16.0000	  6.72	  2.34	 0.838	 0.00000000	 0.655	  0.456	 16.00	  0.50	  2.8200	 0.9742	 0.00025178	 0.6518	 0.00000000	 0.3594	        NaN	  6.33	 13.30	 1.5949	 0.8455	 0.1000	
m60424c5r3.htb	   0.0	  0.03	 2.000	  0.00	  0.00	 40.00	   0.0	 0.7000	 21.56	 16.0000	  8.95	  3.33	 1.183	 0.00000000	 0.720	  0.393	 16.00	  0.50	  4.4800	 0.8718	 0.00644281	 0.6317	 0.00000000	 1.8708	        NaN	  0.00	 21.56	 0.7011	 2.2625	 0.1000	
m60424c5r3.htb	   0.0	  0.03	 2.000	  0.00	  0.00	 40.00	   1.0	 0.8600	 21.97	 16.0000	  9.08	  3.33	 1.019	 0.00000000	 0.625	  0.490	 16.00	  0.50	  3.7500	 0.9336	 0.00169023	 0.5801	 0.00000000	 0.6520	        NaN	  5.89	 16.08	 0.8602	 1.5672	 0.1000	
m60518c1r3.htb	   0.0	  0.03	 2.000	  8.00	 -10.00	 40.00	   0.0	 1.7400	 20.57	 16.0000	  1.48	  0.00	 1.000	 0.00000000	 0.721	  0.707	 16.00	  0.50	  3.4600	 0.9735	 0.00026552	 0.6942	 0.00000000	 0.6587	        NaN	  0.00	 20.57	 1.7416	 0.9446	 0.1000	
m60518c1r3.htb	   0.0	  0.03	 2.000	  8.00	 -10.00	 40.00	   1.0	 1.3000	 20.77	 16.0000	  0.18	  0.00	 1.000	 0.00000000	 0.729	  0.750	 16.00	  0.50	  2.1700	 0.9877	 0.00005666	 0.8188	 0.00000000	 0.4362	        NaN	  0.00	 20.77	 1.3034	 0.7939	 0.1000	
m60519c1r3.htb	   0.0	  0.03	 2.000	  0.00	 -10.00	 40.00	   0.0	 1.5300	 24.73	 16.0000	  6.72	  4.13	 0.929	 0.00000000	 0.754	  0.355	 16.00	  0.50	  3.2000	 0.9483	 0.00102096	 0.8324	 0.00000000	 2.9058	        NaN	  5.60	 19.13	 1.5271	 0.9620	 0.1000	
m60519c1r3.htb	   0.0	  0.03	 2.000	  0.00	 -10.00	 40.00	   1.0	 0.9300	 25.46	 16.0000	  9.77	  4.13	 0.829	 0.00000000	 0.750	  0.314	 16.00	  0.50	  1.5500	 0.9838	 0.00009875	 0.8669	 0.00000000	 0.7828	        NaN	  9.74	 15.72	 0.9347	 0.7713	 0.1000	
m60519c2r3.htb	   0.0	  0.03	 2.000	  5.00	  0.00	 30.00	   0.0	 1.4600	 27.14	 16.0000	  5.87	  6.77	 1.049	 0.00000000	 0.647	  0.703	 16.00	  0.50	  2.0700	 0.9988	 0.00000058	 0.7564	 0.00000000	 0.0350	        NaN	  5.76	 21.37	 1.4643	 0.7134	 0.1000	
m60519c2r3.htb	   0.0	  0.03	 2.000	  5.00	  0.00	 30.00	   1.0	 1.4300	 24.60	 16.0000	  6.60	  6.77	 1.040	 0.00000000	 0.648	  0.615	 16.00	  0.50	  2.5100	 0.9846	 0.00008890	 0.7068	 0.00000000	 0.2578	        NaN	  6.28	 18.32	 1.4344	 0.8292	 0.1000	
m60519c4r3.htb	   0.0	  0.03	 2.000	  5.00	  0.00	 30.00	   0.0	 1.3900	 28.92	 16.0000	  9.93	  6.47	 0.879	 0.00000000	 0.683	  0.474	 16.00	  0.50	  2.8500	 0.9644	 0.00048006	 0.7449	 0.00000000	 0.9402	        NaN	  9.19	 19.72	 1.3905	 0.9291	 0.1000	
m60519c4r3.htb	   0.0	  0.03	 2.000	  5.00	  0.00	 30.00	   1.0	 1.4100	 30.73	 16.0000	 12.55	  6.47	 0.814	 0.00000000	 0.671	  0.493	 16.00	  0.50	  2.3700	 0.9368	 0.00152999	 0.7040	 0.00000000	 2.3016	        NaN	 12.30	 18.43	 1.4069	 0.8069	 0.1000	
m60519c5r3.htb	   0.0	  0.03	 2.000	  5.00	  0.00	 30.00	   0.0	 1.3700	 21.50	 16.0000	  2.97	  2.89	 1.035	 0.00000000	 0.701	  0.580	 16.00	  0.50	  2.8400	 0.9555	 0.00075385	 0.7336	 0.00000000	 1.4366	        NaN	  2.24	 19.26	 1.3715	 0.9347	 0.1000	
m60519c5r3.htb	   0.0	  0.03	 2.000	  5.00	  0.00	 30.00	   1.0	 1.4900	 22.35	 16.0000	  5.89	  2.89	 0.955	 0.00000000	 0.715	  0.434	 16.00	  0.50	  2.9600	 0.9538	 0.00081326	 0.7668	 0.00000000	 1.3194	        NaN	  5.18	 17.18	 1.4887	 0.9172	 0.1000	
m60519c6r3.htb	   0.0	  0.03	 2.000	  0.00	  0.00	 30.00	   0.0	 1.5000	 23.83	 16.0000	  4.14	  2.54	 0.995	 0.00000000	 0.768	  0.389	 16.00	  0.50	  3.3300	 0.9367	 0.00153571	 0.8007	 0.00000000	 2.3808	        NaN	  2.64	 21.19	 1.4996	 1.0039	 0.1000	
m60519c6r3.htb	   0.0	  0.03	 2.000	  0.00	  0.00	 30.00	   1.0	 1.5100	 25.75	 16.0000	  6.16	  2.54	 0.932	 0.00000000	 0.767	  0.361	 16.00	  0.50	  2.9400	 0.9460	 0.00111388	 0.8363	 0.00000000	 2.4207	        NaN	  5.35	 20.40	 1.5051	 0.9080	 0.1000	
m60526c1r3.htb	   0.0	  0.03	 2.000	 -5.00	  0.00	 40.00	   0.0	 1.8100	 25.06	 16.0000	  8.96	  7.51	 1.310	 0.00000000	 0.611	  0.676	 16.00	  0.50	  4.9400	 0.9191	 0.00252194	 0.5374	 0.00000000	 0.8022	        NaN	  2.08	 22.99	 1.8105	 1.3726	 0.1000	
m60526c1r3.htb	   0.0	  0.03	 2.000	 -5.00	  0.00	 40.00	   1.0	 0.8700	 24.91	 16.0000	  9.59	  7.51	 1.199	 0.00000003	 0.561	  0.720	 16.00	  0.50	  3.7000	 0.9586	 0.00065256	 0.5238	 0.00000000	 0.2688	        NaN	  6.03	 18.88	 0.8680	 1.5396	 0.1000	
m60526c2r3.htb	   0.0	  0.03	 2.000	  0.00	  0.00	 40.00	   0.0	 2.4000	 27.80	 16.0000	 15.47	  8.41	 1.050	 0.00000018	 0.608	  0.495	 16.00	  0.50	  5.4900	 0.8941	 0.00436469	 0.4568	 0.00000000	 0.5494	        NaN	  7.43	 20.37	 2.4049	 1.3638	 0.1000	
m60526c2r3.htb	   0.0	  0.03	 2.000	  0.00	  0.00	 40.00	   1.0	 1.5800	 30.79	 16.0000	 12.01	  8.41	 0.968	 0.00000000	 0.657	  0.466	 16.00	  0.50	  3.4000	 0.8968	 0.00413923	 0.6744	 0.00000000	 2.6523	        NaN	 10.52	 20.27	 1.5838	 0.9881	 0.1000	
m60526c3r3.htb	   0.0	  0.03	 2.000	  8.00	  8.00	 40.00	   0.0	 3.4000	 21.42	 0.5000	  9.28	  3.73	 1.038	 0.00000000	 0.601	  0.512	 16.00	  0.50	  6.7600	 0.8741	 0.00621329	 0.5181	 0.00000000	 1.9027	        NaN	  3.07	 18.36	 3.4005	 1.1986	 0.1000	
m60526c3r3.htb	   0.0	  0.03	 2.000	  8.00	  8.00	 40.00	   1.0	 1.8300	 21.75	 16.0000	  5.81	  3.73	 1.124	 0.00000000	 0.668	  0.569	 16.00	  0.50	  4.8100	 0.9103	 0.00311502	 0.5783	 0.00000000	 1.1241	        NaN	  0.00	 21.75	 1.8324	 1.3052	 0.1000	
m60526c4r3.htb	   0.0	  0.03	 2.000	  0.00	 -10.00	 40.00	   0.0	 1.1400	 18.61	 16.0000	  8.37	  6.02	 1.478	 0.00072416	 0.525	  0.775	 16.00	  0.50	  4.9600	 0.8866	 0.00501281	 0.2824	 0.00001250	 0.2058	        NaN	  0.00	 18.61	 1.1353	 2.0929	 0.0010	
m60526c4r3.htb	   0.0	  0.03	 2.000	  0.00	 -10.00	 40.00	   1.0	 1.1300	 21.17	 16.0000	  6.70	  6.02	 1.217	 0.00000000	 0.608	  0.617	 16.00	  0.50	  3.1500	 0.9968	 0.00000377	 0.5754	 0.00000000	 0.0276	        NaN	  5.48	 15.69	 1.1328	 1.1378	 0.1000	
m60526c5r3.htb	   0.0	  0.03	 2.000	 -5.00	 -5.00	 40.00	   0.0	 5.7000	 14.42	 0.5000	 11.58	 10.15	 0.664	 0.99665780	 0.107	  1.378	 16.00	  0.50	  1.9700	 0.2993	 0.26127402	 0.0019	 0.74302973	 0.0240	        NaN	 11.58	  2.84	 5.6992	 0.2467	 0.1000	
m60526c5r3.htb	   0.0	  0.03	 2.000	 -5.00	 -5.00	 40.00	   1.0	 1.1000	 14.55	 16.0000	 10.81	 10.15	 0.760	 0.84797647	 0.191	  1.368	 16.00	  0.50	  1.4000	 0.8778	 0.00584931	 0.0312	 0.17693943	 0.0161	        NaN	 10.81	  3.74	 1.1048	 0.6881	 0.0010	
m60623c1r3.htb	   0.0	  0.03	 2.000	  0.00	  0.00	 40.00	   0.0	 1.4200	 18.76	 16.0000	  9.02	  7.61	 0.929	 0.00000002	 0.608	  0.445	 16.00	  0.50	  3.1500	 0.9132	 0.00290969	 0.5074	 0.00000000	 0.4406	        NaN	  8.41	 10.35	 1.4219	 0.9921	 0.1000	
m60623c1r3.htb	   0.0	  0.03	 2.000	  0.00	  0.00	 40.00	   1.0	 1.3900	 18.26	 16.0000	 10.16	  7.61	 0.873	 0.00000128	 0.530	  0.425	 16.00	  0.50	  3.1900	 0.9475	 0.00105227	 0.4468	 0.00000001	 0.3994	        NaN	  9.61	  8.65	 1.3948	 1.0118	 0.1000	
m60623c2r3.htb	   0.0	  0.03	 2.000	  0.00	  0.00	 40.00	   0.0	 0.9100	 11.72	 16.0000	  5.81	  6.27	 1.655	 0.00003746	 0.538	  0.461	 16.00	  0.50	  4.4800	 0.9805	 0.00014418	 0.3882	 0.00000011	 0.0945	        NaN	  2.69	  9.03	 0.9076	 1.8991	 0.1000	
m60623c2r3.htb	   0.0	  0.03	 2.000	  0.00	  0.00	 40.00	   1.0	 0.5000	 14.01	 16.0000	  6.60	  6.27	 1.619	 0.00000019	 0.606	  0.430	 16.00	  0.50	  4.0500	 0.9454	 0.00113743	 0.4819	 0.00000000	 0.3180	        NaN	  1.62	 12.39	 0.5000	 2.4583	 0.0817	
m60626c1r3.htb	   0.0	  0.03	 2.000	 10.00	 -13.00	 30.00	   0.0	 1.5000	 20.88	 16.0000	  6.48	  4.98	 1.020	 0.00000000	 0.716	  0.391	 16.00	  0.50	  3.7000	 0.9343	 0.00165381	 0.7103	 0.00000000	 1.3999	        NaN	  4.66	 16.22	 1.5010	 1.1023	 0.1000	
m60626c1r3.htb	   0.0	  0.03	 2.000	 10.00	 -13.00	 30.00	   1.0	 1.3700	 20.20	 16.0000	  7.86	  4.98	 1.025	 0.00000000	 0.680	  0.360	 16.00	  0.50	  4.2900	 0.9062	 0.00341027	 0.6670	 0.00000000	 2.4971	        NaN	  4.51	 15.70	 1.3721	 1.3615	 0.1000	
m60626c3r3.htb	   0.0	  0.03	 2.000	  0.00	 -10.00	 40.00	   0.0	 3.6800	 23.33	 0.5000	  7.72	  6.72	 0.959	 0.00043804	 0.595	  0.788	 16.00	  0.50	  4.3700	 0.8754	 0.00608100	 0.4815	 0.00000752	 0.6332	        NaN	  7.39	 15.94	 3.6761	 0.6619	 0.1000	
m60626c3r3.htb	   0.0	  0.03	 2.000	  0.00	 -10.00	 40.00	   1.0	 3.2600	 22.12	 0.5000	  9.92	  6.72	 0.939	 0.00034446	 0.574	  0.545	 16.00	  0.50	  5.0600	 0.9611	 0.00057483	 0.5328	 0.00000143	 0.6836	        NaN	  8.01	 14.11	 3.2596	 0.8617	 0.1000	
m60629c4r3.htb	   0.0	  0.03	 2.000	 -8.00	 -10.00	 40.00	   0.0	 1.8800	 20.67	 16.0000	  6.63	  6.02	 1.411	 0.00000000	 0.658	  0.547	 16.00	  0.50	  5.0500	 0.8676	 0.00688380	 0.5507	 0.00000000	 1.2037	        NaN	  0.00	 20.67	 1.8779	 1.3905	 0.1000	
m60629c4r3.htb	   0.0	  0.03	 2.000	 -8.00	 -10.00	 40.00	   1.0	 1.7300	 20.86	 16.0000	  7.01	  6.02	 1.408	 0.00000004	 0.629	  0.595	 16.00	  0.50	  5.0500	 0.9300	 0.00187992	 0.5006	 0.00000000	 0.5170	        NaN	  0.00	 20.86	 1.7279	 1.4736	 0.1000	
m60719c2r3.htb	 170.0	  0.03	 2.000	 10.00	 -10.00	 40.00	   0.0	 1.7500	  5.35	 16.0000	  2.13	  1.56	 0.876	 0.00689538	 0.500	  0.436	 16.00	  0.50	  2.8700	 0.9167	 0.00267691	 0.3256	 0.00009811	 0.2572	        NaN	  2.04	  3.32	 1.7546	 0.8065	 0.1000	
m60719c2r3.htb	 170.0	  0.03	 2.000	 10.00	 -10.00	 40.00	   1.0	 0.9200	  5.52	 16.0000	  2.03	  1.56	 0.999	 0.01449331	 0.486	  0.465	 16.00	  0.50	  3.8600	 0.9047	 0.00351797	 0.3029	 0.00028336	 0.2303	        NaN	  1.12	  4.40	 0.9205	 1.5543	 0.1000	
m60719c3r3.htb	   0.0	  0.03	 2.000	 10.00	  0.00	 40.00	   0.0	 3.6700	  1.00	 0.5000	  0.07	  0.25	 1.329	 0.00011273	 0.511	  0.377	 16.00	  0.50	  5.4500	 0.7806	 0.01956183	 0.2876	 0.00001002	 0.7437	        NaN	  0.00	  1.00	 3.6727	 0.7973	 0.1000	
m60719c3r3.htb	   0.0	  0.03	 2.000	 10.00	  0.00	 40.00	   1.0	 2.7300	  0.73	 16.0000	  0.07	  0.25	 1.340	 0.05031040	 0.401	  0.434	 16.00	  0.50	  2.1700	 0.9277	 0.00201173	 0.1676	 0.00116014	 0.0535	        NaN	  0.07	  0.65	 2.7255	 0.4967	 0.0010	
m60721c4r3.htb	  90.0	  0.03	 2.000	 -10.00	  0.00	 40.00	   0.0	 2.4700	 18.84	 16.0000	  3.40	  3.03	 1.192	 0.00000000	 0.708	  0.631	 16.00	  0.50	  4.5600	 0.7739	 0.02082276	 0.5551	 0.00000000	 4.5826	        NaN	  0.00	 18.84	 2.4695	 0.9914	 0.1000	
m60721c4r3.htb	  90.0	  0.03	 2.000	 -10.00	  0.00	 40.00	   1.0	 2.7600	 20.12	 16.0000	  4.60	  3.03	 1.184	 0.00000000	 0.671	  0.566	 16.00	  0.50	  4.8800	 0.9926	 0.00002086	 0.7016	 0.00000000	 0.0832	        NaN	  0.00	 20.12	 2.7602	 1.0059	 0.1000	
m60721c5r3.htb	  90.0	  0.03	 2.000	  0.00	 -8.00	 40.00	   0.0	 2.5400	 23.47	 16.0000	  2.83	  0.45	 1.019	 0.00000000	 0.733	  0.680	 16.00	  0.50	  4.1800	 0.8492	 0.00899363	 0.6295	 0.00000000	 3.4030	        NaN	  0.00	 23.47	 2.5436	 0.8781	 0.1000	
m60721c5r3.htb	  90.0	  0.03	 2.000	  0.00	 -8.00	 40.00	   1.0	 2.3500	 22.26	 16.0000	  3.87	  0.45	 1.020	 0.00000000	 0.738	  0.550	 16.00	  0.50	  4.4900	 0.8688	 0.00676251	 0.6696	 0.00000000	 3.2906	        NaN	  0.00	 22.26	 2.3469	 1.0075	 0.1000	
m60801c1r3.htb	   0.0	  0.03	 2.000	 -10.00	  5.00	 40.00	   0.0	 2.8600	  6.62	 16.0000	  3.19	  2.89	 0.920	 0.17506301	 0.302	  0.685	 16.00	  0.50	  1.3100	 0.8549	 0.00830749	 0.1105	 0.00946626	 0.0620	        NaN	  3.19	  3.43	 2.8634	 0.3081	 0.1000	
m60801c1r3.htb	   0.0	  0.03	 2.000	 -10.00	  5.00	 40.00	   1.0	 2.3100	  7.56	 16.0000	  2.31	  2.89	 1.068	 0.00369681	 0.433	  0.860	 16.00	  0.50	  3.1400	 0.9399	 0.00138193	 0.2540	 0.00004042	 0.0571	        NaN	  2.12	  5.43	 2.3056	 0.7463	 0.0010	
m60803c2r3.htb	   0.0	  0.03	 2.000	 -8.00	  0.00	 40.00	   0.0	 2.1800	 16.10	 16.0000	  3.56	  1.69	 1.033	 0.00000000	 0.665	  0.544	 16.00	  0.50	  4.3400	 0.9687	 0.00037088	 0.6178	 0.00000000	 0.2440	        NaN	  1.22	 14.87	 2.1815	 1.0153	 0.1000	
m60803c2r3.htb	   0.0	  0.03	 2.000	 -8.00	  0.00	 40.00	   1.0	 1.8000	 16.47	 16.0000	  5.50	  1.69	 0.962	 0.00000000	 0.683	  0.412	 16.00	  0.50	  4.2700	 0.9913	 0.00002871	 0.6510	 0.00000000	 0.0924	        NaN	  3.24	 13.23	 1.7991	 1.1372	 0.1000	
m60815c3r3.htb	   0.0	  0.03	 2.000	  5.00	 -20.00	 40.00	   0.0	 1.5300	 18.95	 16.0000	 14.42	 12.24	 0.917	 0.30546577	 0.312	  0.599	 16.00	  0.50	  4.6400	 0.9008	 0.00382077	 0.0925	 0.01817459	 0.1332	        NaN	 12.79	  6.16	 1.5283	 1.4051	 0.1000	
m60815c3r3.htb	   0.0	  0.03	 2.000	  5.00	 -20.00	 40.00	   1.0	 0.5000	 20.82	 16.0000	 14.37	 12.24	 0.979	 0.00188094	 0.477	  0.542	 16.00	  0.50	  3.3200	 0.7098	 0.03524891	 0.2064	 0.00026588	 1.0660	        NaN	 12.10	  8.72	 0.5000	 2.1107	 0.0010	
m60816c1r3.htb	   0.0	  0.03	 2.000	  0.00	 -10.00	 40.00	   0.0	 2.2000	 15.27	 16.0000	  0.87	  3.68	 1.253	 0.00000001	 0.549	  1.059	 16.00	  0.50	  2.4600	 0.9485	 0.00101372	 0.5442	 0.00000000	 1.9622	        NaN	  0.75	 14.52	 2.1969	 0.6390	 0.0010	
m60816c1r3.htb	   0.0	  0.03	 2.000	  0.00	 -10.00	 40.00	   1.0	 1.8900	 15.72	 16.0000	  0.53	  3.68	 1.274	 0.00000000	 0.571	  1.074	 16.00	  0.50	  2.8100	 0.8953	 0.00426074	 0.5474	 0.00000000	 1.3819	        NaN	  0.15	 15.57	 1.8940	 0.7821	 0.0010	
m60816c2r3.htb	   0.0	  0.03	 2.000	  0.00	  0.00	 40.00	   0.0	 1.7800	 22.22	 16.0000	  3.85	  3.03	 1.103	 0.00000000	 0.671	  0.619	 16.00	  0.50	  4.0000	 0.9206	 0.00242712	 0.6271	 0.00000000	 0.7395	        NaN	  1.06	 21.16	 1.7750	 1.0684	 0.1000	
m60816c2r3.htb	   0.0	  0.03	 2.000	  0.00	  0.00	 40.00	   1.0	 1.8100	 22.86	 16.0000	  8.18	  3.03	 1.007	 0.00000043	 0.572	  0.672	 16.00	  0.50	  4.4100	 0.9459	 0.00111912	 0.4673	 0.00000000	 0.3116	        NaN	  4.69	 18.17	 1.8135	 1.1724	 0.1000	
m60816c2r3.htb	   0.0	  0.03	 2.000	  0.00	  0.00	 40.00	   0.0	 1.7800	 22.22	 16.0000	  3.85	  3.03	 1.103	 0.00000000	 0.671	  0.619	 16.00	  0.50	  4.0000	 0.9206	 0.00242714	 0.6271	 0.00000000	 0.7395	        NaN	  1.06	 21.16	 1.7750	 1.0684	 0.1000	
m60816c2r3.htb	   0.0	  0.03	 2.000	  0.00	  0.00	 40.00	   1.0	 1.8100	 22.86	 16.0000	  8.18	  3.03	 1.007	 0.00000043	 0.572	  0.672	 16.00	  0.50	  4.4100	 0.9459	 0.00111915	 0.4673	 0.00000000	 0.3116	        NaN	  4.69	 18.17	 1.8135	 1.1724	 0.1000	
m60816c3r3.htb	   0.0	  0.03	 2.000	 -10.00	 -10.00	 40.00	   0.0	 2.4300	 10.18	 16.0000	  7.19	  5.92	 0.701	 0.34845045	 0.332	  0.581	 16.00	  0.50	  1.7400	 0.8062	 0.01510268	 0.0773	 0.03153740	 0.0712	        NaN	  7.19	  2.99	 2.4296	 0.4421	 0.1000	
m60816c3r3.htb	   0.0	  0.03	 2.000	 -10.00	 -10.00	 40.00	   1.0	 1.8600	 11.04	 16.0000	  7.19	  5.92	 1.062	 0.00885715	 0.458	  0.431	 16.00	  0.50	  5.4400	 0.8284	 0.01173784	 0.2007	 0.00033190	 0.2601	        NaN	  4.32	  6.72	 1.8642	 1.6125	 0.1000	
m60818c1r3.htb	 180.0	  0.03	 2.000	 -10.00	 -10.00	 40.00	   0.0	 2.3700	  4.80	 16.0000	  0.64	  1.04	 1.150	 0.00000001	 0.556	  0.537	 16.00	  0.50	  3.2500	 0.9802	 0.00014739	 0.5556	 0.00000000	 0.1491	        NaN	  0.48	  4.31	 2.3747	 0.7289	 0.1000	
m60818c1r3.htb	 180.0	  0.03	 2.000	 -10.00	 -10.00	 40.00	   1.0	 2.3100	  4.66	 16.0000	  0.86	  1.04	 1.217	 0.00004835	 0.557	  0.499	 16.00	  0.50	  4.5500	 0.9558	 0.00074318	 0.3725	 0.00000023	 0.1148	        NaN	  0.00	  4.66	 2.3133	 1.0336	 0.1000	
m60818c2r3.htb	   0.0	  0.03	 2.000	 10.00	 10.00	 40.00	   0.0	 0.7200	 22.71	 16.0000	 15.94	 12.14	 0.897	 0.00115323	 0.456	  0.488	 16.00	  0.50	  4.0100	 0.7920	 0.01750333	 0.2417	 0.00006632	 0.5619	        NaN	 13.23	  9.48	 0.7239	 1.8791	 0.1000	
m60818c2r3.htb	   0.0	  0.03	 2.000	 10.00	 10.00	 40.00	   1.0	 0.6900	 27.18	 16.0000	 15.55	 12.14	 1.154	 0.00001519	 0.532	  0.642	 16.00	  0.50	  4.4000	 0.8313	 0.01133535	 0.3470	 0.00000074	 0.6976	        NaN	  7.92	 19.25	 0.6949	 2.2097	 0.1000	
m60818c3r3.htb	   0.0	  0.03	 2.000	 -10.00	  0.00	 40.00	   0.0	 4.0300	  5.47	 0.5000	  2.81	  1.59	 0.692	 0.00646772	 0.447	  0.482	 16.00	  0.50	  4.3700	 0.7965	 0.01671537	 0.2011	 0.00032620	 0.4280	        NaN	  2.79	  2.68	 4.0350	 0.6133	 0.1000	
m60818c3r3.htb	   0.0	  0.03	 2.000	 -10.00	  0.00	 40.00	   1.0	 2.1000	  6.12	 16.0000	  2.86	  1.59	 0.949	 0.00487840	 0.500	  0.480	 16.00	  0.50	  5.3100	 0.7920	 0.01749724	 0.2071	 0.00025876	 0.7217	        NaN	  0.97	  5.15	 2.0955	 1.4084	 0.1000	
m60821c4r3.htb	   0.0	  0.03	 2.000	  5.00	 -15.00	 40.00	   0.0	 2.4400	 23.13	 16.0000	  7.75	  2.64	 1.129	 0.00000000	 0.685	  0.532	 16.00	  0.50	  5.2800	 0.7300	 0.03026430	 0.4699	 0.00000000	 4.4788	        NaN	  0.00	 23.13	 2.4358	 1.2495	 0.1000	
m60821c4r3.htb	   0.0	  0.03	 2.000	  5.00	 -15.00	 40.00	   1.0	 1.9900	 25.92	 16.0000	  5.58	  2.64	 1.120	 0.00000000	 0.727	  0.598	 16.00	  0.50	  4.6100	 0.7923	 0.01744750	 0.5437	 0.00000000	 3.8379	        NaN	  0.00	 25.92	 1.9870	 1.1656	 0.1000	
m60821c5r3.htb	   0.0	  0.03	 2.000	  5.00	  5.00	 40.00	   0.0	 1.9100	 19.39	 16.0000	  9.65	  5.32	 1.378	 0.00002160	 0.587	  0.635	 16.00	  0.50	  5.6800	 0.6112	 0.06621123	 0.2501	 0.00004736	 2.1696	        NaN	  0.00	 19.39	 1.9080	 1.7624	 0.1000	
m60821c5r3.htb	   0.0	  0.03	 2.000	  5.00	  5.00	 40.00	   1.0	 1.9200	 22.85	 16.0000	  9.43	  5.32	 1.333	 0.00000005	 0.647	  0.639	 16.00	  0.50	  5.4100	 0.5848	 0.07650234	 0.3133	 0.00000333	 2.9379	        NaN	  0.00	 22.85	 1.9187	 1.5605	 0.1000	
m60824c4r3.htb	   0.0	  0.03	 2.000	  0.00	 -10.00	 40.00	   0.0	 1.8400	  2.15	 16.0000	  0.68	  0.50	 1.301	 0.02475292	 0.483	  0.493	 16.00	  0.50	  5.0300	 0.4859	 0.12377868	 0.1005	 0.01356811	 1.2413	        NaN	  0.00	  2.15	 1.8399	 1.3978	 0.1000	
m60824c4r3.htb	   0.0	  0.03	 2.000	  0.00	 -10.00	 40.00	   1.0	 2.0200	  2.14	 16.0000	  0.99	  0.50	 1.285	 0.31210574	 0.371	  0.531	 16.00	  0.50	  5.5600	 0.6098	 0.06676105	 0.0619	 0.05520818	 0.4136	        NaN	  0.05	  2.09	 2.0233	 1.5958	 0.1000	
m60825c1r3.htb	 180.0	  0.03	 2.000	 -10.00	 -5.00	 40.00	   0.0	 1.7100	  7.07	 16.0000	  0.68	  1.19	 1.112	 0.00000082	 0.563	  0.794	 16.00	  0.50	  2.7500	 0.8318	 0.01127430	 0.3999	 0.00000006	 0.8092	        NaN	  0.54	  6.53	 1.7120	 0.7936	 0.1000	
m60825c1r3.htb	 180.0	  0.03	 2.000	 -10.00	 -5.00	 40.00	   1.0	 2.0500	 10.41	 16.0000	  1.36	  1.19	 1.028	 0.00000044	 0.568	  0.824	 16.00	  0.50	  2.6200	 0.9718	 0.00030148	 0.4795	 0.00000000	 0.0324	        NaN	  1.25	  9.16	 2.0522	 0.6787	 0.1000	
