FILE			 PrfOR	 PrfSF	 PrfTF	 RFXctr	 RFYctr	 RFDiam	 BaseRate	 Amp		 x_width	 y_width	 x_ctr	 y_ctr	 rfplot_x_ctr	 rfplot_y_ctr	 axpect_ratio	
m70522c1r1.htb	   0.0	  0.03	 2.000	  0.00	  0.00	 40.00	  2.51	 -2.40	 28.03	  3.03	 -3.83	 30.00	  0.00		  0.00		 
m70108c1r1.htb	   0.0	  0.03	 2.000	  0.00	  0.00	 50.00	  4.58	 -8.51	 51.35	  6.55	 12.31	 25.86	  0.00		  0.00		 
m70110c1r1.htb	   0.0	  0.03	 2.000	  0.00	  0.00	 40.00	  0.09	  0.84	 10.77	 11.48	 -2.91	 -4.11	  0.00		  0.00		 
m70110c2r1.htb	   0.0	  0.03	 2.000	  0.00	  0.00	 40.00	  0.97	  2.57	 11.35	 13.83	 10.30	 -17.06	  0.00		  0.00		 
m70110c3r1.htb	   0.0	  0.03	 2.000	  0.00	  0.00	 40.00	  1.43	  3.56	 25.72	 24.73	 11.28	 -13.68	  0.00		  0.00		 
m70112c1r1.htb	   0.0	  0.03	 2.000	  0.00	  0.00	 40.00	  1.02	  0.46	 21.46	  3.00	 15.07	 29.78	  0.00		  0.00		 
m70116c1r1.htb	   0.0	  0.03	 2.000	  0.00	  0.00	 40.00	  0.10	  9.45	 22.67	 13.10	  5.56	  1.60	  0.00		  0.00		 
m70117c1r1.htb	   0.0	  0.03	 2.000	  0.00	  0.00	 40.00	  2.43	  1.72	 36.21	 28.50	 11.21	 -7.23	  0.00		  0.00		 
m70117c2r1.htb	 180.0	  0.03	 2.000	  0.00	  0.00	 40.00	  4.61	 -2.92	  8.71	  8.35	  3.56	 21.13	  0.00		  0.00		 
m70117c3r1.htb	  30.0	  0.03	 2.000	  0.00	  0.00	 40.00	 19.92	 -4.87	 41.49	  7.21	 30.00	 23.18	  0.00		  0.00		 
m70118c1r1.htb	   0.0	  0.03	 2.000	  0.00	  0.00	 40.00	  0.00	  4.68	 32.35	 18.84	 -2.03	  2.91	  0.00		  0.00		 
m70118c2r1.htb	 180.0	  0.05	 2.000	  0.00	  0.00	 40.00	  1.33	 -0.43	  4.77	  3.05	 -29.90	 -28.63	  0.00		  0.00		 
m70122c1r1.htb	   0.0	  0.03	 4.000	  0.00	  0.00	 40.00	  6.82	  0.96	  4.80	 13.16	 -29.99	 -28.92	  0.00		  0.00		 
m70123c1r1.htb	   0.0	  0.03	 4.000	  0.00	  0.00	 40.00	  2.51	  2.90	 15.38	  7.33	  7.03	 -21.12	  0.00		  0.00		 
m70123c2r1.htb	 180.0	  0.03	 4.000	  0.00	  0.00	 40.00	  4.10	  8.69	 17.56	 17.74	  9.15	 -30.00	  0.00		  0.00		 
m70123c3r1.htb	 150.0	  0.03	 2.000	  0.00	  0.00	 40.00	  2.62	 -0.43	  3.00	  7.35	 29.96	 29.83	  0.00		  0.00		 
m70124c1r1.htb	   0.0	  0.03	 2.000	  0.00	  0.00	 40.00	  2.52	 -1.42	  9.71	  3.00	 -26.35	 -30.00	  0.00		  0.00		 
m70124c2r1.htb	   0.0	  0.03	 2.000	  0.00	  0.00	 40.00	  4.00	 -4.55	 101.60	  7.06	 30.00	 20.22	  0.00		  0.00		 
m70124c3r1.htb	 180.0	  0.03	 2.000	  0.00	  0.00	 40.00	  6.98	 -3.47	 31.17	  7.37	 30.00	 21.93	  0.00		  0.00		 
m70124c4r1.htb	 180.0	  0.03	 2.000	  0.00	  0.00	 40.00	  2.73	 -4.46	 55.53	  5.47	  4.36	 21.47	  0.00		  0.00		 
m70125c1r1.htb	   0.0	  0.03	 2.000	  0.00	  0.00	 40.00	  0.00	  5.96	 51.35	 22.57	  3.17	  6.11	  0.00		  0.00		 
m70125c2r1.htb	 180.0	  0.03	 2.000	  0.00	  0.00	 40.00	  1.76	  3.33	  8.64	  8.24	 -2.66	 -1.74	  0.00		  0.00		 
m70125c3r1.htb	 180.0	  0.03	 2.000	  0.00	  0.00	 40.00	  4.97	  6.04	 17.98	 12.61	 -4.32	 -3.34	  0.00		  0.00		 
m70125c4r1.htb	 180.0	  0.03	 2.000	  0.00	  0.00	 40.00	 22.22	 -7.12	 52.56	  7.48	 17.84	 24.00	  0.00		  0.00		 
m70126c1r1.htb	 180.0	  0.03	 2.000	  0.00	  0.00	 40.00	  1.59	 -0.08	 11.42	 11.17	 30.00	 29.98	  0.00		  0.00		 
m70126c2r1.htb	 180.0	  0.03	 2.000	  0.00	  0.00	 40.00	  8.30	  7.15	 46.89	 29.52	 26.78	 -8.17	  0.00		  0.00		 
m70126c3r1.htb	   0.0	  0.03	 2.000	  0.00	  0.00	 40.00	  5.71	  5.15	 29.09	 25.83	 20.86	 -16.43	  0.00		  0.00		 
m70126c4r1.htb	   0.0	  0.03	 2.000	  0.00	  0.00	 40.00	  4.06	 -4.25	 92.87	  5.15	 -30.00	 21.82	  0.00		  0.00		 
m70126c5r1.htb	   0.0	  0.03	 4.000	  0.00	  0.00	 40.00	  0.56	  5.12	 30.63	 19.49	 18.36	 -1.72	  0.00		  0.00		 
m70129c1r1.htb	   0.0	  0.03	 2.000	  0.00	  0.00	 40.00	  1.54	  1.61	 42.58	 13.10	  4.88	 -7.22	  0.00		  0.00		 
m70131c1r1.htb	   0.0	  0.03	 2.000	  0.00	  0.00	 50.00	  3.57	  7.49	 39.03	 26.82	 12.27	 -3.04	  0.00		  0.00		 
m70131c2r1.htb	   0.0	  0.03	 2.000	  0.00	  0.00	 40.00	  3.64	  4.74	 22.32	 25.06	 14.40	 -9.24	  0.00		  0.00		 
m70131c2r1.htb	   0.0	  0.03	 2.000	  0.00	  0.00	 40.00	  3.64	  4.74	 22.33	 25.07	 14.40	 -9.24	  0.00		  0.00		 
m70201c1r1.htb	 180.0	  0.03	 2.000	  0.00	  0.00	 50.00	  2.64	 -0.03	 13.54	 15.21	 -37.36	 -35.84	  0.00		  0.00		 
m70201c2r1.htb	 180.0	  0.03	 2.000	  0.00	  0.00	 50.00	 11.14	  7.95	 36.47	 17.22	  6.06	 -12.96	  0.00		  0.00		 
m70201c3r1.htb	 360.0	  0.03	 2.000	  0.00	  0.00	 40.00	  6.95	 -8.21	 120.00	  6.25	 -24.46	 21.24	  0.00		  0.00		 
m70202c1r1.htb	   0.0	  0.03	 2.000	  0.00	  0.00	 40.00	  1.80	  2.67	 33.59	 49.10	 -3.38	 -22.26	  0.00		  0.00		 
m70202c2r1.htb	 180.0	  0.03	 2.000	  0.00	  0.00	 40.00	 10.25	 -18.39	 46.53	  5.20	 -30.00	 22.09	  0.00		  0.00		 
m70202c3r1.htb	   0.0	  0.03	 2.000	  0.00	  0.00	 40.00	  7.98	  4.96	 34.31	 46.32	 10.08	 -10.16	  0.00		  0.00		 
m70202c4r1.htb	   0.0	  0.03	 2.000	  0.00	  0.00	 40.00	  6.40	 -4.36	 120.00	 16.06	 -19.12	 21.70	  0.00		  0.00		 
m70202c5r1.htb	  60.0	  0.03	 2.000	  0.00	  0.00	 40.00	 14.22	  1.98	  3.00	  5.02	 27.80	 29.74	  0.00		  0.00		 
m70205c1r1.htb	   0.0	  0.03	 2.000	  0.00	  0.00	 40.00	 11.46	 10.14	 44.96	 24.56	 11.45	 -11.38	  0.00		  0.00		 
m70205c2r1.htb	   0.0	  0.03	 2.000	  0.00	  0.00	 40.00	 14.16	  8.05	 50.18	 23.70	 -6.30	 -4.64	  0.00		  0.00		 
m70205c3r1.htb	   0.0	  0.03	 2.000	  0.00	  0.00	 40.00	  7.32	  8.88	 28.39	 15.92	 -5.03	 -6.20	  0.00		  0.00		 
m70207c1r1.htb	   0.0	  0.03	 2.000	  0.00	  0.00	 40.00	  1.90	  1.06	 18.99	 24.51	 -6.70	 -15.50	  0.00		  0.00		 
m70207c2r1.htb	 180.0	  0.03	 2.000	  0.00	  0.00	 40.00	  4.61	  0.76	  3.49	  4.40	 30.00	 29.46	  0.00		  0.00		 
m70208c1r1.htb	 360.0	  0.03	 2.000	  0.00	  0.00	 40.00	  3.89	  5.47	 15.83	  3.02	 -7.52	 -26.48	  0.00		  0.00		 
m70208c2r1.htb	 360.0	  0.03	 2.000	  0.00	  0.00	 40.00	  5.25	 -4.35	 76.12	  6.49	 -28.01	 19.76	  0.00		  0.00		 
m70208c3r1.htb	 300.0	  0.03	 2.000	  0.00	  0.00	 40.00	  5.84	 -2.19	 120.00	 18.42	 -30.00	 26.78	  0.00		  0.00		 
m70208c4r1.htb	 300.0	  0.03	 2.000	  0.00	  0.00	 40.00	 10.13	  9.81	 57.57	 45.13	 -11.89	 -12.80	  0.00		  0.00		 
m70208c5r1.htb	 180.0	  0.03	 2.000	  0.00	  0.00	 40.00	  6.64	  6.01	 30.59	 18.65	  2.30	 -8.51	  0.00		  0.00		 
m70209c1r1.htb	   0.0	  0.03	 2.000	  0.00	  0.00	 40.00	  5.24	  7.97	 54.74	 30.03	 -6.71	 -16.88	  0.00		  0.00		 
m70209c2r1.htb	   0.0	  0.03	 2.000	  0.00	  0.00	 40.00	  7.19	  4.50	 21.07	 14.97	 -5.50	 -13.08	  0.00		  0.00		 
m70212c1r1.htb	   0.0	  0.03	 2.000	  0.00	  0.00	 40.00	  4.91	 -1.15	 64.39	  4.01	 25.86	 28.18	  0.00		  0.00		 
m70212c2r1.htb	   0.0	  0.03	 2.000	  0.00	  0.00	 40.00	  0.59	  2.93	 18.63	 13.61	  8.60	 -16.97	  0.00		  0.00		 
m70212c3r1.htb	   0.0	  0.03	 2.000	  0.00	  0.00	 40.00	  4.97	 -1.47	 97.34	 17.97	 -30.00	 21.92	  0.00		  0.00		 
m70212c4r1.htb	   0.0	  0.03	 2.000	  0.00	  0.00	 40.00	  3.51	 -1.96	  7.25	 12.02	 -29.63	  6.82	  0.00		  0.00		 
m70213c1r1.htb	   0.0	  0.03	 2.000	  0.00	  0.00	 40.00	  0.01	  3.17	 22.07	 21.74	 -8.89	 -8.13	  0.00		  0.00		 
m70216c1r1.htb	   0.0	  0.03	 2.000	  0.00	  0.00	 40.00	  1.20	  3.72	 16.76	 27.60	  7.96	 -10.19	  0.00		  0.00		 
m70219c1r1.htb	   0.0	  0.03	 2.000	  0.00	  0.00	 40.00	  0.00	  3.42	 25.78	 14.87	 12.06	 -2.10	  0.00		  0.00		 
m70221c1r1.htb	   0.0	  0.03	 2.000	  0.00	  0.00	 40.00	  0.02	  3.06	 51.71	 52.41	 -3.46	 -13.38	  0.00		  0.00		 
m70221c2r1.htb	 180.0	  0.03	 2.000	  0.00	  0.00	 40.00	  2.75	  2.05	  5.21	  8.32	 -9.33	  0.55	  0.00		  0.00		 
m70222c1r1.htb	   0.0	  0.03	 2.000	  0.00	  0.00	 45.00	  2.42	 -2.20	 11.20	 10.98	 32.83	 33.41	  0.00		  0.00		 
m70222c2r1.htb	   0.0	  0.03	 2.000	  0.00	  0.00	 50.00	  2.68	 -1.35	  5.35	  4.00	 37.50	 37.16	  0.00		  0.00		 
m70222c3r1.htb	 300.0	  0.03	 2.000	  0.00	  0.00	 40.00	  3.25	  2.87	 39.37	  6.34	  0.97	 -18.92	  0.00		  0.00		 
m70222c4r1.htb	 180.0	  0.03	 2.000	  0.00	  0.00	 40.00	  1.16	  3.68	 48.96	 49.18	  8.49	 -30.00	  0.00		  0.00		 
m70223c1r1.htb	   0.0	  0.03	 2.000	  0.00	  0.00	 40.00	  0.41	  1.51	 39.87	 35.60	  7.35	  4.93	  0.00		  0.00		 
m70223c2r1.htb	   0.0	  0.05	 2.000	  0.00	  0.00	 50.00	  3.50	  4.67	 37.11	 18.00	  0.68	 13.33	  0.00		  0.00		 
m70223c3r1.htb	   0.0	  0.05	 2.000	  0.00	  0.00	 40.00	  2.13	 -1.25	 18.62	 11.18	 -19.54	 -28.38	  0.00		  0.00		 
m70226c1r1.htb	   0.0	  0.03	 2.000	  0.00	  0.00	 40.00	  0.01	  0.46	 28.08	 16.03	 -9.93	 -0.62	  0.00		  0.00		 
m70226c2r1.htb	 120.0	  0.03	 2.000	  0.00	  0.00	 40.00	  3.41	  3.20	 89.34	 41.86	 30.00	 -10.57	  0.00		  0.00		 
m70226c3r1.htb	 180.0	  0.03	 2.000	  0.00	  0.00	 40.00	  3.50	  3.66	 112.91	 27.72	 30.00	 -8.91	  0.00		  0.00		 
m70306c1r1.htb	   0.0	  0.03	 2.000	  0.00	  0.00	 40.00	  2.67	  3.88	  6.51	  3.03	  1.50	  9.90	  0.00		  0.00		 
m70306c2r1.htb	   0.0	  0.03	 2.000	  0.00	  0.00	 40.00	  4.35	 -3.30	 87.37	  7.71	 -30.00	 23.04	  0.00		  0.00		 
m70306c3r1.htb	 240.0	  0.03	 2.000	  0.00	  0.00	 100.00	  3.72	 26.64	 28.49	 25.83	 12.72	 -5.46	  0.00		  0.00		 
m70308c1r1.htb	   0.0	  0.03	 2.000	  0.00	  0.00	 40.00	  0.71	 12.10	 120.00	 22.89	 30.00	 -10.53	  0.00		  0.00		 
m70308c2r1.htb	   0.0	  0.03	 2.000	  0.00	  0.00	 50.00	  2.94	  9.38	 33.02	 22.71	 -4.74	 -5.88	  0.00		  0.00		 
m70308c3r1.htb	   0.0	  0.03	 2.000	  0.00	  0.00	 50.00	  2.77	  8.58	 18.94	 18.95	 12.15	 -6.97	  0.00		  0.00		 
m70309c1r1.htb	   0.0	  0.03	 2.000	  0.00	  0.00	 50.00	  1.28	  5.58	 32.77	  9.08	 -10.04	 -2.58	  0.00		  0.00		 
m70309c2r1.htb	   0.0	  0.03	 2.000	  0.00	  0.00	 50.00	  4.17	 15.25	 26.25	 20.68	  3.21	 -6.84	  0.00		  0.00		 
m70309c3r1.htb	   0.0	  0.03	 2.000	  0.00	  0.00	 50.00	  0.73	  1.80	 25.11	 21.01	  6.39	 -5.33	  0.00		  0.00		 
m70312c1r1.htb	   0.0	  0.03	 2.000	  0.00	  0.00	 50.00	  1.28	 -1.22	 67.17	  3.75	 -37.50	 -37.50	  0.00		  0.00		 
m70313c1r1.htb	   0.0	  0.03	 2.000	  0.00	  0.00	 50.00	  2.28	  2.50	 24.06	 10.45	  4.92	  0.87	  0.00		  0.00		 
m70313c2r1.htb	  60.0	  0.03	 2.000	  0.00	  0.00	 50.00	 16.77	 -11.79	 12.95	  8.17	 -35.87	 -25.32	  0.00		  0.00		 
m70410c1r1.htb	   0.0	  0.03	 2.000	  0.00	  0.00	 40.00	  2.08	 10.42	 16.99	 14.64	 10.91	 -21.55	  0.00		  0.00		 
m70410c2r1.htb	   0.0	  0.03	 2.000	  0.00	  0.00	 40.00	  9.72	 -9.11	 120.00	  7.81	 -24.77	 21.55	  0.00		  0.00		 
m70411c1r1.htb	   0.0	  0.03	 2.000	  0.00	  0.00	 40.00	  3.86	  2.18	 56.23	 30.43	 24.81	 14.37	  0.00		  0.00		 
m70411c2r1.htb	   0.0	  0.03	 2.000	  0.00	  0.00	 40.00	  0.57	  1.41	 14.36	 19.44	  2.69	  3.96	  0.00		  0.00		 
m70412c1r1.htb	   0.0	  0.03	 2.000	  0.00	  0.00	 40.00	  0.01	  2.09	 30.14	 27.62	 -3.52	 11.64	  0.00		  0.00		 
m70412c2r1.htb	   0.0	  0.03	 2.000	  0.00	  0.00	 40.00	  1.71	  3.02	  7.20	 23.11	 -19.97	  8.56	  0.00		  0.00		 
m70412c3r1.htb	 180.0	  0.03	 2.000	  0.00	  0.00	 40.00	  4.01	 -0.14	 13.07	 11.48	 27.22	 29.98	  0.00		  0.00		 
m70417c1r1.htb	   0.0	  0.03	 2.000	  0.00	  0.00	 40.00	  0.78	  4.27	 22.53	 24.87	 -3.12	 -14.09	  0.00		  0.00		 
m70417c2r1.htb	   0.0	  0.03	 2.000	  0.00	  0.00	 50.00	  9.69	 17.37	 30.34	 21.71	 14.86	 -10.86	  0.00		  0.00		 
m70417c3r1.htb	   0.0	  0.03	 8.000	  0.00	  0.00	 40.00	  1.27	  1.74	 18.26	 36.84	  5.10	 -30.00	  0.00		  0.00		 
m70418c1r1.htb	   0.0	  0.03	 4.000	  0.00	  0.00	 40.00	  1.95	 -1.69	 120.00	  8.15	 30.00	 20.82	  0.00		  0.00		 
m70418c2r1.htb	   0.0	  0.03	 4.000	  0.00	  0.00	 40.00	  1.44	  5.27	 39.68	 16.68	 10.49	 -11.14	  0.00		  0.00		 
m70418c3r1.htb	   0.0	  0.03	 4.000	  0.00	  0.00	 40.00	  3.16	  3.14	 69.23	 23.45	 16.67	 -11.36	  0.00		  0.00		 
m70419c1r1.htb	   0.0	  0.03	 4.000	  0.00	  0.00	 40.00	  2.64	 13.49	 27.26	 25.58	  5.47	 -7.91	  0.00		  0.00		 
m70419c2r1.htb	   0.0	  0.03	 4.000	  0.00	  0.00	 40.00	  8.21	 26.64	 35.84	 29.07	  1.32	 -14.21	  0.00		  0.00		 
m70419c4r1.htb	   0.0	  0.03	 4.000	  0.00	  0.00	 40.00	  3.60	  6.73	 30.13	 44.32	 11.44	 -30.00	  0.00		  0.00		 
m70508c1r1.htb	   0.0	  0.03	 2.000	  0.00	  0.00	 40.00	  0.28	  2.02	 27.17	 26.50	 -3.17	 -9.47	  0.00		  0.00		 
m70508c2r1.htb	  90.0	  0.03	 2.000	  0.00	  0.00	 40.00	  9.51	 -4.83	 21.99	  8.21	 -11.72	 20.05	  0.00		  0.00		 
m70522c2r1.htb	   0.0	  0.03	 2.000	  0.00	  0.00	 40.00	  0.81	  1.10	 22.56	  9.42	 20.16	 -2.26	  0.00		  0.00		 
m70522c1r1.htb	   0.0	  0.03	 2.000	  0.00	  0.00	 40.00	  2.51	 -4.67	 28.01	  3.16	 -3.83	 26.36	  0.00		  0.00		 
m70522c3r1.htb	   0.0	  0.03	 2.000	  0.00	  0.00	 40.00	  0.95	  1.26	 21.35	 11.77	 -9.28	  2.59	  0.00		  0.00		 
