FILE			 PrfOR	 PrfSF	 PrfTF	 RFXctr	 RFYctr	 RFDiam	 BaseRate	 Amp		 x_width	 y_width	 x_ctr	 y_ctr	 rfplot_x_ctr	 rfplot_y_ctr	 axpect_ratio	
m60213c2r1.htb	  30.0	  0.03	 2.000	  0.00	  0.00	 40.00	  0.57	  3.54	 23.64	 23.02	  1.61	 13.84	  0.00		  0.00		 
m60213c3r1.htb	 120.0	  0.03	 2.000	  0.00	  5.00	 40.00	  1.94	 13.85	 19.49	 15.40	  7.44	  2.88	  0.00		  5.00		 
m60220c1r1.htb	  30.0	  0.05	 2.000	  0.00	  0.00	 40.00	  0.55	  0.66	 17.07	 14.26	  5.88	  7.15	  0.00		  0.00		 
m60317c1r1.htb	  30.0	  0.03	 2.000	  0.00	  0.00	 40.00	  0.90	  2.24	 18.66	 15.26	  1.87	  2.18	  0.00		  0.00		 
m60317c2r1.htb	  30.0	  0.03	 2.000	  0.00	  0.00	 40.00	  3.59	  4.93	 19.59	  7.91	 10.18	 19.83	  0.00		  0.00		 
m60404c2r1.htb	   0.0	  0.03	 2.000	  0.00	  0.00	 40.00	  4.58	  6.53	 26.09	 10.19	  0.28	 -0.42	  0.00		  0.00		 
m60407c1r1.htb	   0.0	  0.03	 2.000	  0.00	  0.00	 40.00	  0.01	  6.18	 25.59	 18.40	  1.97	 -5.07	  0.00		  0.00		 
m60407c2r1.htb	   0.0	  0.03	 2.000	  0.00	  0.00	 40.00	 11.46	  9.21	 35.96	 25.96	  8.38	  3.57	  0.00		  0.00		 
m60407c3r1.htb	   0.0	  0.03	 2.000	  0.00	  0.00	 40.00	  2.01	  3.51	 17.24	 19.50	  5.73	 -20.09	  0.00		  0.00		 
m60407c4r1.htb	   0.0	  0.03	 2.000	 10.00	  0.00	 40.00	  3.73	 10.55	 18.47	 15.24	 13.71	 -9.45	 10.00		  0.00		 
m60407c5r1.htb	  60.0	  0.03	 2.000	  0.00	  0.00	 40.00	  4.16	  8.78	 15.20	 16.23	 12.24	 -6.56	  0.00		  0.00		 
m60413c3r1.htb	   0.0	  0.03	 2.000	  0.00	  0.00	 40.00	 12.45	 10.05	 14.35	 18.45	  4.73	 -23.20	  0.00		  0.00		 
m60413c4r1.htb	   0.0	  0.03	 2.000	  0.00	  0.00	 40.00	  0.46	  9.25	 11.35	 13.62	 -9.63	 -4.58	  0.00		  0.00		 
m60413c5r1.htb	   0.0	  0.03	 2.000	  0.00	  0.00	 40.00	  1.31	  8.56	 13.17	 12.67	 -6.69	 -5.32	  0.00		  0.00		 
m60414c2r1.htb	 250.0	  0.05	 2.000	  0.00	 -8.00	 40.00	  0.38	  5.80	 18.48	 15.72	  2.83	 -3.00	  0.00		 -8.00		 
m60418c1r1.htb	 180.0	  0.03	 2.000	  0.00	  0.00	 40.00	  0.53	 14.86	 23.36	 20.70	  5.95	 -2.97	  0.00		  0.00		 
m60421c1r1.htb	   0.0	  0.03	 2.000	  0.00	  0.00	 40.00	  0.33	  6.99	 22.25	 20.30	  3.71	 -1.78	  0.00		  0.00		 
m60421c2r1.htb	   0.0	  0.03	 2.000	  8.00	  0.00	 40.00	  1.32	  5.20	 25.72	 17.50	 16.50	 -2.47	  8.00		  0.00		 
m60421c3r1.htb	   0.0	  0.03	 2.000	  0.00	  0.00	 40.00	  5.68	 17.35	 24.43	 14.81	  4.86	  3.86	  0.00		  0.00		 
m60424c3r1.htb	  90.0	  0.03	 2.000	  0.00	  0.00	 40.00	  0.08	 23.11	 19.65	 15.12	  8.15	  3.04	  0.00		  0.00		 
m60424c4r1.htb	   0.0	  0.03	 2.000	  0.00	  0.00	 30.00	  1.46	 14.69	 24.47	 15.43	 -1.16	  3.51	  0.00		  0.00		 
m60424c5r1.htb	   0.0	  0.03	 2.000	  0.00	  0.00	 30.00	  2.43	 17.82	 19.32	 12.98	  2.25	  2.17	  0.00		  0.00		 
m60518c1r1.htb	   0.0	  0.03	 2.000	  0.00	  0.00	 40.00	  0.56	 10.48	 25.68	 29.05	  6.77	 12.36	  0.00		  0.00		 
m60519c1r1.htb	   0.0	  0.03	 2.000	  0.00	  0.00	 40.00	  1.00	 10.53	 20.13	 15.73	 -6.12	 -10.36	  0.00		  0.00		 
m60519c2r1.htb	   0.0	  0.03	 2.000	  0.00	  0.00	 40.00	  3.02	 13.62	 13.90	  8.21	  3.84	  2.24	  0.00		  0.00		 
m60519c4r1.htb	   0.0	  0.03	 2.000	  0.00	  0.00	 30.00	  6.19	 19.23	 17.17	 15.00	  2.23	  1.49	  0.00		  0.00		 
m60519c5r1.htb	   0.0	  0.03	 2.000	  0.00	  0.00	 30.00	  1.87	 11.00	 15.94	 10.72	  3.96	 -0.17	  0.00		  0.00		 
m60519c6r1.htb	   0.0	  0.03	 2.000	  0.00	  0.00	 30.00	  3.77	 23.71	 13.01	  9.11	  7.46	  1.15	  0.00		  0.00		 
m60526c1r1.htb	   0.0	  0.03	 2.000	  0.00	  0.00	 40.00	  5.60	 23.28	 11.97	 13.14	 -0.16	  0.87	  0.00		  0.00		 
m60526c2r1.htb	   0.0	  0.03	 2.000	  0.00	  0.00	 40.00	  7.77	 23.33	 17.78	 14.32	 -0.23	  1.13	  0.00		  0.00		 
m60526c3r1.htb	   0.0	  0.03	 2.000	  0.00	  0.00	 40.00	  2.98	 19.02	 15.34	 12.72	  4.01	  7.06	  0.00		  0.00		 
m60526c4r1.htb	   0.0	  0.03	 2.000	  0.00	  0.00	 40.00	  3.49	 13.06	  9.96	 12.88	  0.52	 -5.10	  0.00		  0.00		 
m60526c5r1.htb	   0.0	  0.03	 2.000	  0.00	 -10.00	 40.00	  5.32	 11.41	 13.83	 13.15	 -1.26	 -7.00	  0.00		 -10.00		 
m60623c1r1.htb	   0.0	  0.03	 2.000	  0.00	  0.00	 40.00	  3.98	  9.33	 15.54	 10.60	  3.36	  0.57	  0.00		  0.00		 
m60623c2r1.htb	   0.0	  0.03	 2.000	  0.00	  0.00	 40.00	  1.43	  6.27	 11.25	 10.91	 -1.04	 -5.08	  0.00		  0.00		 
m60626c1r1.htb	   0.0	  0.03	 2.000	  0.00	  0.00	 40.00	  8.35	 27.59	 16.46	  9.20	  9.47	 -14.69	  0.00		  0.00		 
m60626c3r1.htb	   0.0	  0.03	 2.000	  0.00	  0.00	 40.00	  3.61	  8.64	 18.57	 12.67	 -1.93	 -5.10	  0.00		  0.00		 
m60628c3r1.htb	   0.0	  0.03	 2.000	  0.00	 -5.00	 40.00	  1.94	  8.45	 19.22	 13.64	  5.83	 -2.42	  0.00		 -5.00		 
m60629c3r1.htb	   0.0	  0.03	 2.000	  0.00	  0.00	 40.00	  5.51	 16.63	 18.52	 16.64	  6.77	 -11.77	  0.00		  0.00		 
m60629c4r1.htb	   0.0	  0.03	 2.000	  0.00	  0.00	 40.00	  2.07	 15.35	 14.72	 12.24	 -6.16	 -8.79	  0.00		  0.00		 
m60719c2r1.htb	 170.0	  0.03	 2.000	  0.00	  0.00	 40.00	  1.88	  3.09	 16.06	 25.73	  8.23	 -0.42	  0.00		  0.00		 
m60719c3r1.htb	   0.0	  0.03	 2.000	  0.00	  0.00	 40.00	  0.67	  9.25	 26.16	 25.00	  4.91	  1.43	  0.00		  0.00		 
m60720c1r1.htb	   0.0	  0.03	 2.000	  0.00	  0.00	 40.00	  0.96	  6.68	 14.89	 15.06	  0.06	  0.71	  0.00		  0.00		 
m60720c1r1.htb	   0.0	  0.03	 2.000	  0.00	  0.00	 40.00	  0.96	  6.68	 14.89	 15.05	  0.06	  0.71	  0.00		  0.00		 
m60720c1r1.htb	   0.0	  0.03	 2.000	  0.00	  0.00	 40.00	  0.97	  6.68	 14.88	 15.05	  0.06	  0.70	  0.00		  0.00		 
m60720c3r1.htb	   0.0	  0.03	 2.000	  0.00	  0.00	 40.00	  0.75	 10.31	 12.23	 11.51	 -3.25	 -6.76	  0.00		  0.00		 
m60721c4r1.htb	  90.0	  0.03	 2.000	  0.00	  0.00	 40.00	  2.03	 13.20	 30.69	 21.88	 -5.84	  6.35	  0.00		  0.00		 
m60721c5r1.htb	  90.0	  0.03	 2.000	  0.00	  0.00	 40.00	  0.34	 16.95	 19.68	 19.04	  4.00	 -2.88	  0.00		  0.00		 
m60803c2r1.htb	   0.0	  0.03	 2.000	  0.00	  0.00	 40.00	  1.02	 12.70	 22.01	 18.80	 -6.41	  4.87	  0.00		  0.00		 
m60804c1r1.htb	   0.0	  0.03	 2.000	  0.00	  0.00	 40.00	  0.64	 15.94	 16.41	 14.34	  3.91	 -6.04	  0.00		  0.00		 
m60815c3r1.htb	   0.0	  0.03	 2.000	 10.00	 -10.00	 40.00	 11.41	  9.86	 19.22	 11.40	  6.38	 -15.66	 10.00		 -10.00		 
m60816c1r1.htb	   0.0	  0.03	 2.000	  0.00	  0.00	 40.00	  0.01	  4.99	 19.22	 12.80	 -9.54	 -9.04	  0.00		  0.00		 
m60816c2r1.htb	   0.0	  0.03	 2.000	  0.00	  0.00	 40.00	  2.47	 13.33	 11.74	 11.75	  1.64	  2.79	  0.00		  0.00		 
m60816c2r1.htb	   0.0	  0.03	 2.000	  0.00	  0.00	 40.00	  2.47	 13.33	 11.74	 11.75	  1.64	  2.79	  0.00		  0.00		 
m60816c3r1.htb	   0.0	  0.03	 2.000	  0.00	  0.00	 40.00	  4.59	  2.64	  7.07	 24.36	 -5.28	 -17.60	  0.00		  0.00		 
m60818c1r1.htb	 180.0	  0.03	 2.000	  0.00	  0.00	 40.00	  0.26	  5.97	 11.89	  7.64	 -5.96	 -2.89	  0.00		  0.00		 
m60818c2r1.htb	   0.0	  0.03	 2.000	  0.00	  0.00	 40.00	  9.61	  9.96	 27.31	 21.26	  3.26	  8.55	  0.00		  0.00		 
m60818c3r1.htb	   0.0	  0.03	 2.000	  0.00	  0.00	 40.00	  1.80	  4.14	 23.85	 23.18	 -3.63	  4.58	  0.00		  0.00		 
m60821c4r1.htb	   0.0	  0.03	 2.000	  0.00	  0.00	 40.00	  1.32	 14.90	 12.81	 12.14	  4.32	 -10.40	  0.00		  0.00		 
m60825c1r1.htb	 180.0	  0.03	 2.000	  0.00	  0.00	 40.00	  1.70	  5.25	 29.22	 13.94	 -13.06	 -6.04	  0.00		  0.00		 
m60831c2r1.htb	   0.0	  0.03	 2.000	  0.00	  0.00	 40.00	  1.04	  7.43	 15.96	 10.54	 -0.92	 -6.44	  0.00		  0.00		 
m60831c3r1.htb	 180.0	  0.03	 2.000	  0.00	  0.00	 40.00	 10.05	 27.99	 18.76	 18.52	 -2.14	  2.35	  0.00		  0.00		 
m60901c1r1.htb	 180.0	  0.03	 2.000	  0.00	  0.00	 40.00	  0.01	  4.10	  9.89	  9.13	 -7.25	 -0.56	  0.00		  0.00		 
m60901c2r1.htb	 180.0	  0.03	 2.000	  0.00	  0.00	 40.00	  0.23	 17.01	 11.17	 10.28	  4.73	 -0.85	  0.00		  0.00		 
m60901c3r1.htb	 180.0	  0.03	 2.000	  0.00	  0.00	 40.00	  0.25	  8.99	 18.28	 18.02	 -4.25	 -4.85	  0.00		  0.00		 
m61025c1r1.htb	   0.0	  0.03	 2.000	  0.00	  0.00	 40.00	  1.54	  7.76	 30.89	 19.58	  3.49	 -5.30	  0.00		  0.00		 
m61025c1r1.htb	   0.0	  0.03	 2.000	  0.00	  0.00	 40.00	  1.54	  7.76	 30.89	 19.58	  3.49	 -5.30	  0.00		  0.00		 
m61025c2r1.htb	   0.0	  0.03	 2.000	  0.00	  0.00	 40.00	  2.21	  8.29	 14.96	  9.95	 -2.38	 -3.41	  0.00		  0.00		 
m61025c3r1.htb	   0.0	  0.03	 2.000	  0.00	  0.00	 40.00	  3.85	 11.21	 17.47	 11.67	 -2.57	 -6.84	  0.00		  0.00		 
m61026c1r1.htb	   0.0	  0.03	 2.000	  0.00	  0.00	 40.00	  0.00	  4.93	 16.31	  9.95	 -3.60	 -0.18	  0.00		  0.00		 
m61026c2r1.htb	   0.0	  0.03	 2.000	  0.00	  0.00	 40.00	  1.18	 10.25	 16.49	 10.07	 -5.51	 -2.36	  0.00		  0.00		 
m61026c3r1.htb	   0.0	  0.03	 2.000	  0.00	  0.00	 40.00	  2.16	 13.81	 18.12	  8.38	 -1.85	 -2.67	  0.00		  0.00		 
m61026c4r1.htb	   0.0	  0.03	 2.000	  0.00	  0.00	 40.00	  1.09	 19.68	 14.25	  9.64	 -1.82	 -4.39	  0.00		  0.00		 
m61031c1r1.htb	   0.0	  0.03	 2.000	  0.00	  0.00	 40.00	  1.05	  2.01	 14.05	 11.09	  1.43	 -2.22	  0.00		  0.00		 
m61031c2r1.htb	   0.0	  0.03	 2.000	  0.00	  0.00	 40.00	  0.84	  2.08	 30.62	 26.33	 14.81	 -4.99	  0.00		  0.00		 
m61106c1r1.htb	 180.0	  0.03	 2.000	  0.00	  0.00	 40.00	  0.36	  5.67	  7.27	 10.02	 -1.05	 10.94	  0.00		  0.00		 
m61106c2r1.htb	   0.0	  0.03	 2.000	  0.00	  0.00	 40.00	  0.27	  8.13	 13.52	  8.24	 -2.16	 -1.87	  0.00		  0.00		 
m61106c3r1.htb	 120.0	  0.03	 2.000	  0.00	  0.00	 40.00	  8.59	 21.49	 18.34	  8.63	  0.80	 -2.34	  0.00		  0.00		 
m61108c1r1.htb	 180.0	  0.03	 2.000	  0.00	  0.00	 40.00	  1.05	  4.10	 11.08	  9.15	  4.54	 -12.22	  0.00		  0.00		 
m61108c4r1.htb	 180.0	  0.03	 2.000	  0.00	  0.00	 40.00	  1.65	 27.46	 12.99	  6.40	  2.76	 -4.05	  0.00		  0.00		 
m61109c1r1.htb	 180.0	  0.03	 2.000	  0.00	  0.00	 40.00	  3.03	  2.74	 19.35	 10.55	 -3.46	 -3.54	  0.00		  0.00		 
m61109c2r1.htb	   0.0	  0.03	 2.000	  0.00	  0.00	 40.00	  3.81	  7.58	 14.40	 13.56	  1.94	  2.23	  0.00		  0.00		 
m61109c3r1.htb	   0.0	  0.03	 2.000	  0.00	  0.00	 40.00	  7.14	 14.68	 22.42	 19.45	  2.42	  3.98	  0.00		  0.00		 
m61109c4r1.htb	   0.0	  0.03	 2.000	  0.00	  0.00	 40.00	  2.94	 23.02	 16.93	 13.55	  1.06	 -2.22	  0.00		  0.00		 
m61109c5r1.htb	 180.0	  0.03	 2.000	  0.00	  0.00	 40.00	  3.34	 11.96	 26.07	 18.97	 -4.46	 -0.73	  0.00		  0.00		 
m61110c1r1.htb	 180.0	  0.03	 2.000	  0.00	  0.00	 40.00	  1.37	 11.10	 44.78	 21.91	 -1.07	  7.32	  0.00		  0.00		 
m61110c2r1.htb	 180.0	  0.03	 2.000	  0.00	  0.00	 40.00	 12.33	 10.39	 19.17	 11.15	  3.95	 -14.71	  0.00		  0.00		 
m61110c3r1.htb	 180.0	  0.03	 2.000	  0.00	 -30.00	 40.00	  9.04	 12.12	 13.28	  5.12	  7.32	 -15.24	  0.00		 -30.00		 
m61113c1r1.htb	 180.0	  0.03	 2.000	  0.00	  0.00	 40.00	  0.05	  5.67	 18.67	  8.02	 -0.95	 -1.16	  0.00		  0.00		 
m61113c2r1.htb	 120.0	  0.03	 1.000	  0.00	  0.00	 40.00	  5.67	  5.60	 23.88	 18.44	 -5.06	 -9.85	  0.00		  0.00		 
m61113c3r1.htb	  90.0	  0.03	 2.000	  0.00	  0.00	 40.00	  6.92	  4.41	 16.74	  7.18	 -5.56	 -16.80	  0.00		  0.00		 
m61115c1r1.htb	 180.0	  0.03	 2.000	  0.00	  0.00	 40.00	  2.74	  7.28	 20.63	 18.33	  3.91	 -3.29	  0.00		  0.00		 
m61115c2r1.htb	   0.0	  0.03	 2.000	  0.00	 -5.00	 40.00	  2.58	  4.76	 18.12	 15.40	  4.53	 -5.11	  0.00		 -5.00		 
m61115c3r1.htb	   0.0	  0.03	 2.000	  0.00	  0.00	 40.00	  5.91	  9.43	 26.82	 18.61	 -6.72	 -11.00	  0.00		  0.00		 
m61115c4r1.htb	   0.0	  0.03	 2.000	  0.00	  0.00	 40.00	  9.91	 11.90	 30.00	 21.70	  5.30	 -4.15	  0.00		  0.00		 
m61116c1r1.htb	   0.0	  0.03	 2.000	  0.00	  0.00	 40.00	  3.18	 -6.05	 14.95	  3.07	 21.80	 25.66	  0.00		  0.00		 
m61121c1r1.htb	 180.0	  0.03	 2.000	  0.00	  0.00	 40.00	  0.07	 10.72	 16.31	 11.78	 -0.80	 -3.89	  0.00		  0.00		 
m61122c1r1.htb	 180.0	  0.03	 2.000	  0.00	  0.00	 40.00	  0.09	  5.10	 21.40	 10.59	 -6.62	 -5.36	  0.00		  0.00		 
m61122c2r1.htb	 180.0	  0.03	 2.000	  0.00	  0.00	 40.00	  1.49	  3.71	 24.10	  6.91	  0.69	 -18.06	  0.00		  0.00		 
m61122c3r1.htb	  60.0	  0.03	 2.000	  0.00	  0.00	 40.00	  2.01	  6.90	 14.99	 13.96	 -3.63	  0.11	  0.00		  0.00		 
m61122c4r1.htb	  60.0	  0.03	 2.000	  0.00	  0.00	 40.00	  7.40	 11.32	 21.24	 17.32	 -3.60	 -3.89	  0.00		  0.00		 
m61127c1r1.htb	 180.0	  0.03	 2.000	  0.00	  0.00	 40.00	  0.07	  9.93	  7.04	  6.63	  4.31	 -6.58	  0.00		  0.00		 
m61127c2r1.htb	 180.0	  0.03	 2.000	  0.00	  0.00	 40.00	  2.16	  3.25	 22.09	 12.88	  1.63	 -2.26	  0.00		  0.00		 
m61127c3r1.htb	  30.0	  0.03	 2.000	  0.00	  0.00	 40.00	  1.79	 20.00	 10.57	 10.44	  4.94	 -1.69	  0.00		  0.00		 
m61127c4r1.htb	  90.0	  0.03	 2.000	  0.00	  0.00	 40.00	  2.71	 23.72	 14.37	 11.94	  2.00	 -4.06	  0.00		  0.00		 
m61128c1r1.htb	 180.0	  0.03	 2.000	  0.00	  0.00	 40.00	  1.00	 10.52	 11.10	  8.39	  8.62	 -1.49	  0.00		  0.00		 
m61128c2r1.htb	 180.0	  0.03	 2.000	  0.00	  0.00	 40.00	  9.12	 35.30	 13.47	 10.79	  3.15	  0.30	  0.00		  0.00		 
m61128c3r1.htb	 180.0	  0.03	 2.000	  0.00	  0.00	 40.00	  7.21	 19.39	 19.32	 13.49	  1.64	 -4.37	  0.00		  0.00		 
m61128c4r1.htb	 180.0	  0.03	 2.000	  0.00	  0.00	 40.00	  2.98	 13.56	 15.81	 13.54	 -4.33	 -9.97	  0.00		  0.00		 
m61129c1r1.htb	 180.0	  0.03	 2.000	  0.00	  0.00	 40.00	  1.55	  2.53	 25.42	 15.83	  9.60	 -6.35	  0.00		  0.00		 
m61129c2r1.htb	  90.0	  0.03	 2.000	  0.00	  0.00	 40.00	  2.84	  3.58	 32.05	 28.72	  4.93	 -2.21	  0.00		  0.00		 
m61129c3r1.htb	  90.0	  0.03	 2.000	  0.00	  0.00	 40.00	  2.74	  8.07	 18.70	 18.48	 -0.49	  3.45	  0.00		  0.00		 
m61130c1r1.htb	 180.0	  0.03	 2.000	  0.00	  0.00	 40.00	  2.26	 13.51	 21.46	 15.80	 -1.40	  1.29	  0.00		  0.00		 
m61130c2r1.htb	 180.0	  0.03	 2.000	  0.00	  0.00	 40.00	  4.12	  5.92	 19.67	 20.24	  6.27	  6.89	  0.00		  0.00		 
m61130c3r1.htb	 180.0	  0.03	 2.000	  0.00	  0.00	 40.00	  5.08	  4.28	 11.84	 19.53	  4.07	  6.42	  0.00		  0.00		 
m61130c4r1.htb	 180.0	  0.03	 2.000	  0.00	  0.00	 40.00	  1.44	 14.03	 13.48	  9.58	  4.79	 -3.27	  0.00		  0.00		 
m61201c1r1.htb	 180.0	  0.03	 2.000	  0.00	  0.00	 40.00	  2.41	  6.72	 18.45	  8.82	  3.80	 -4.22	  0.00		  0.00		 
m61201c2r1.htb	 180.0	  0.03	 2.000	  0.00	  0.00	 40.00	  3.22	 25.88	 19.36	 11.60	  0.11	 -4.28	  0.00		  0.00		 
m61204c1r1.htb	 180.0	  0.03	 2.000	  0.00	  0.00	 40.00	  1.20	  9.10	 17.14	  8.10	 -1.90	 -1.75	  0.00		  0.00		 
m61204c2r1.htb	   0.0	  0.03	 2.000	  0.00	  0.00	 40.00	  2.13	 34.25	 13.43	  8.27	  0.34	 -5.00	  0.00		  0.00		 
m61204c3r1.htb	   0.0	  0.03	 2.000	  0.00	  0.00	 40.00	  2.73	 10.95	 11.39	  3.58	 -3.95	 -9.79	  0.00		  0.00		 
m61206c1r1.htb	 180.0	  0.03	 2.000	  0.00	  0.00	 40.00	  1.85	 27.76	 15.07	  7.48	  4.38	 -3.81	  0.00		  0.00		 
m61206c2r1.htb	 180.0	  0.03	 2.000	  0.00	  0.00	 40.00	  0.84	 16.67	 16.81	 12.86	 -3.60	  1.82	  0.00		  0.00		 
m61206c3r1.htb	 240.0	  0.03	 2.000	  0.00	  0.00	 40.00	 23.46	 34.92	 15.97	 13.00	  5.34	 -3.73	  0.00		  0.00		 
m61206c4r1.htb	   0.0	  0.03	 2.000	  0.00	  0.00	 40.00	  4.56	 27.76	  9.96	 10.20	 -0.62	 -6.34	  0.00		  0.00		 
