FILE			 PrfOR	 PrfSF	 PrfTF	 RFXctr	 RFYctr	 RFDiam	 BaseRate	 Amp		 x_width	 y_width	 x_ctr	 y_ctr	 rfplot_x_ctr	 rfplot_y_ctr	 axpect_ratio	
m70523c2r1.htb	   0.0	  0.03	 2.000	  0.00	  0.00	 40.00	  0.58	  6.77	 24.73	 17.14	  0.18	 -1.12	  0.00		  0.00		 
m60213c1r1.htb	  30.0	  0.05	 2.000	  0.00	  0.00	 40.00	  2.45	  5.07	 30.07	 18.83	 -2.11	  8.80	  0.00		  0.00		 
m60217c1r1.htb	  30.0	  0.03	 2.000	  0.00	 10.00	 50.00	  3.09	  8.51	 17.31	  9.71	 13.93	 12.82	  0.00		 10.00		 
m60220c2r1.htb	   0.0	  0.03	 2.000	  0.00	  0.00	 40.00	  6.45	  8.38	 21.75	  7.22	  0.90	 16.43	  0.00		  0.00		 
m60220c3r1.htb	  30.0	  0.05	 2.000	  0.00	  0.00	 40.00	  2.23	  3.18	 28.67	 24.56	  3.29	  6.26	  0.00		  0.00		 
m60220c6r1.htb	  30.0	  0.03	 2.000	  0.00	  0.00	 40.00	  1.71	 35.47	 11.68	  8.73	 -0.11	  7.00	  0.00		  0.00		 
m60221c2r1.htb	   0.0	  0.03	 4.000	  0.00	  0.00	 40.00	 10.10	 -7.08	 35.95	  7.57	 -19.64	 -20.70	  0.00		  0.00		 
m60221c2r3.htb	   0.0	  0.03	 4.000	 -10.00	 10.00	 60.00	  5.81	  3.61	 24.71	 16.99	  2.30	 24.38	 -10.00		 10.00		 
m60221c3r1.htb	   0.0	  0.03	 2.000	  0.00	  0.00	 40.00	  0.74	  6.52	 14.02	 16.59	  1.23	  7.55	  0.00		  0.00		 
m60221c4r1.htb	   0.0	  0.03	 2.000	  0.00	  0.00	 50.00	  8.30	 27.84	 16.23	 13.67	  5.85	 -0.21	  0.00		  0.00		 
m60221c5r1.htb	   0.0	  0.03	 2.000	 10.00	 -5.00	 40.00	  1.19	  7.30	 23.83	 17.99	  2.05	  3.46	 10.00		 -5.00		 
m60227c1r1.htb	  30.0	  0.03	 2.000	  0.00	  0.00	 40.00	  4.77	 23.73	 14.18	 13.81	  4.81	  1.40	  0.00		  0.00		 
m60404c1r1.htb	   0.0	  0.03	 2.000	  0.00	  0.00	 40.00	  4.98	  8.14	 15.52	 12.23	  3.09	 -2.55	  0.00		  0.00		 
m60411c1r1.htb	   0.0	  0.03	 2.000	  0.00	  0.00	 40.00	  0.15	 10.50	 21.66	 12.05	 -4.00	  0.11	  0.00		  0.00		 
m60412c3r1.htb	   0.0	  0.03	 2.000	  0.00	 -10.00	 40.00	  2.15	 15.12	 27.89	 18.28	  3.58	 -0.50	  0.00		 -10.00		 
m60413c1r1.htb	 180.0	  0.03	 2.000	  0.00	  0.00	 40.00	  4.66	  4.11	 19.93	 23.52	 -3.75	 -30.00	  0.00		  0.00		 
m60413c2r1.htb	 180.0	  0.03	 2.000	  0.00	 -15.00	 40.00	  2.92	  4.35	 15.63	 12.64	 -0.38	 -10.79	  0.00		 -15.00		 
m60418c2r1.htb	   0.0	  0.03	 2.000	 -5.00	 -10.00	 50.00	  9.11	 33.36	 19.80	 12.40	 -6.34	 -10.12	 -5.00		 -10.00		 
m60418c3r1.htb	   0.0	  0.03	 2.000	  0.00	  0.00	 50.00	 15.77	 17.33	 21.65	 19.71	 -2.17	 -7.17	  0.00		  0.00		 
m60418c4r1.htb	   0.0	  0.03	 2.000	  0.00	 -10.00	 50.00	 15.04	 19.52	 18.10	 14.20	 -3.62	 -6.49	  0.00		 -10.00		 
m60420c3r1.htb	   0.0	  0.03	 2.000	  0.00	  0.00	 40.00	 10.07	 15.83	 22.26	 20.46	  0.80	  5.82	  0.00		  0.00		 
m60420c4r1.htb	   0.0	  0.03	 2.000	  0.00	  0.00	 40.00	  4.52	 12.91	  7.94	  8.76	  5.68	 -1.63	  0.00		  0.00		 
m60420c5r1.htb	   0.0	  0.03	 2.000	  0.00	  0.00	 40.00	 13.99	 24.63	  8.87	 12.60	  2.15	 -1.60	  0.00		  0.00		 
m60424c6r1.htb	   0.0	  0.03	 2.000	  0.00	  0.00	 30.00	  0.97	 30.06	 15.59	  9.18	 -5.43	 -3.43	  0.00		  0.00		 
m60518c3r1.htb	   0.0	  0.03	 2.000	  0.00	  0.00	 40.00	  1.76	 20.61	 28.25	 24.42	  9.67	  3.04	  0.00		  0.00		 
m60518c4r1.htb	   0.0	  0.03	 2.000	  0.00	  0.00	 40.00	  1.55	  4.20	 33.28	 21.93	  6.83	 -7.15	  0.00		  0.00		 
m60524c6r1.htb	   0.0	  0.03	 2.000	  0.00	  0.00	 40.00	  5.80	 15.54	 17.18	 11.82	 -11.92	 -3.32	  0.00		  0.00		 
m60629c1r1.htb	   0.0	  0.03	 2.000	  0.00	  0.00	 40.00	  1.31	  8.59	 13.53	 12.10	  0.24	 -3.20	  0.00		  0.00		 
m60630c1r1.htb	   0.0	  0.03	 2.000	  0.00	  0.00	 40.00	  0.95	  8.07	 34.04	 26.57	 -0.12	  1.90	  0.00		  0.00		 
m60630c2r1.htb	   0.0	  0.03	 2.000	  0.00	  0.00	 40.00	  3.90	 10.63	 22.92	 15.19	 -2.57	  8.12	  0.00		  0.00		 
m60706c1r1.htb	   0.0	  0.03	 2.000	  0.00	  0.00	 40.00	  3.62	  6.86	 15.42	  7.98	 11.04	  0.46	  0.00		  0.00		 
m60706c2r1.htb	   0.0	  0.03	 2.000	  0.00	  0.00	 40.00	  1.42	 11.80	 12.31	  9.79	 -0.21	 -2.52	  0.00		  0.00		 
m60706c3r1.htb	   0.0	  0.03	 2.000	  0.00	 -10.00	 40.00	  5.81	 10.67	 15.19	 16.55	 -1.18	 -3.79	  0.00		 -10.00		 
m60706c4r1.htb	   0.0	  0.03	 2.000	  0.00	  0.00	 40.00	  1.41	  2.28	 15.02	 23.94	 10.42	 -8.18	  0.00		  0.00		 
m60712c2r1.htb	   0.0	  0.03	 2.000	  0.00	  0.00	 40.00	  2.74	 11.33	 14.14	 16.14	 -2.47	  6.25	  0.00		  0.00		 
m60713c2r1.htb	   0.0	  0.03	 2.000	  0.00	  0.00	 40.00	  0.08	  2.92	 23.40	 13.45	 -6.58	  6.54	  0.00		  0.00		 
m60713c3r1.htb	   0.0	  0.03	 2.000	  0.00	  0.00	 40.00	  0.93	  4.74	 20.09	 15.70	  7.88	  1.92	  0.00		  0.00		 
m60714c1r1.htb	   0.0	  0.03	 2.000	  0.00	  0.00	 40.00	  1.16	  5.65	 16.21	 13.44	  2.63	  6.31	  0.00		  0.00		 
m60714c2r1.htb	   0.0	  0.03	 2.000	  0.00	  0.00	 40.00	  0.37	  3.28	  9.96	  9.85	 -1.68	 -1.76	  0.00		  0.00		 
m60714c3r1.htb	   0.0	  0.03	 2.000	  0.00	  0.00	 40.00	  0.88	  7.10	 14.07	 17.35	 -6.77	  2.28	  0.00		  0.00		 
m60714c4r1.htb	   0.0	  0.03	 2.000	  0.00	  0.00	 40.00	  8.98	 17.64	 27.54	 30.45	 -4.32	  7.83	  0.00		  0.00		 
m60717c1r1.htb	   0.0	  0.03	 2.000	  0.00	  0.00	 40.00	  0.94	  7.47	 24.50	 24.24	 -6.05	 -7.34	  0.00		  0.00		 
m60717c2r1.htb	 170.0	  0.03	 2.000	  0.00	  0.00	 40.00	  1.24	  4.76	 18.82	 19.41	  3.45	 -3.59	  0.00		  0.00		 
m60719c1r1.htb	   0.0	  0.03	 2.000	  0.00	  0.00	 40.00	  0.97	  7.19	 11.48	 11.35	  3.08	 -7.45	  0.00		  0.00		 
m60719c4r1.htb	   0.0	  0.03	 2.000	  0.00	  0.00	 40.00	  1.39	  4.34	 26.47	 21.12	 -6.72	 12.19	  0.00		  0.00		 
m60719c4r1.htb	   0.0	  0.03	 2.000	  0.00	  0.00	 40.00	  1.39	  4.34	 26.47	 21.12	 -6.72	 12.19	  0.00		  0.00		 
m60721c1r1.htb	   0.0	  0.03	 2.000	  0.00	  0.00	 40.00	  4.63	 12.11	 26.34	 12.19	  4.73	 -2.82	  0.00		  0.00		 
m60721c1r1.htb	   0.0	  0.03	 2.000	  0.00	  0.00	 40.00	  4.63	 12.11	 26.34	 12.19	  4.73	 -2.82	  0.00		  0.00		 
m60721c2r1.htb	   0.0	  0.03	 2.000	  0.00	  0.00	 40.00	  2.38	 18.90	 26.58	 17.07	  3.42	  0.52	  0.00		  0.00		 
m60721c3r1.htb	   0.0	  0.03	 2.000	  0.00	  0.00	 40.00	  1.04	 14.22	 25.07	 22.02	 -1.12	  5.91	  0.00		  0.00		 
m60724c1r1.htb	   0.0	  0.03	 2.000	  0.00	  0.00	 40.00	  1.42	  7.24	 22.01	 17.31	  4.79	  1.87	  0.00		  0.00		 
m60724c2r1.htb	   0.0	  0.03	 2.000	  0.00	  0.00	 40.00	  0.93	  7.66	 11.26	 15.86	 -2.83	  5.85	  0.00		  0.00		 
m60724c3r1.htb	 150.0	  0.03	 2.000	  0.00	  0.00	 40.00	  6.89	 18.98	 21.85	 19.60	 -0.71	  7.60	  0.00		  0.00		 
m60724c4r1.htb	 150.0	  0.03	 2.000	  0.00	  0.00	 40.00	  2.14	 15.30	 12.44	  9.11	  2.36	 -1.69	  0.00		  0.00		 
m60724c5r1.htb	 150.0	  0.03	 2.000	  0.00	  0.00	 40.00	  9.12	 26.02	 17.54	 23.06	 -0.53	 -4.90	  0.00		  0.00		 
m60724c6r1.htb	 150.0	  0.03	 2.000	  0.00	  0.00	 40.00	 13.13	 12.85	 25.11	 24.07	 -3.28	 -1.98	  0.00		  0.00		 
m60725c1r1.htb	   0.0	  0.03	 2.000	  0.00	  0.00	 40.00	  1.85	  9.36	 12.96	  9.47	 -4.91	 -1.84	  0.00		  0.00		 
m60725c2r1.htb	   0.0	  0.03	 2.000	  0.00	  0.00	 40.00	  8.54	 14.07	 14.74	 15.54	  8.82	  4.11	  0.00		  0.00		 
m60726c2r1.htb	   0.0	  0.03	 2.000	  0.00	  0.00	 40.00	  5.84	 22.69	 18.83	 16.78	  0.64	 -2.43	  0.00		  0.00		 
m60726c3r1.htb	   0.0	  0.03	 2.000	  0.00	  0.00	 40.00	  1.65	 19.95	 18.35	 15.41	 -0.59	 -2.82	  0.00		  0.00		 
m60726c4r1.htb	   0.0	  0.03	 2.000	  0.00	  0.00	 40.00	  2.58	 11.19	 22.44	 20.10	  5.26	 -0.20	  0.00		  0.00		 
m60726c5r1.htb	   0.0	  0.03	 2.000	  0.00	  0.00	 40.00	  2.62	 23.08	 23.08	 19.44	 -6.49	  6.48	  0.00		  0.00		 
m60726c6r1.htb	   0.0	  0.03	 2.000	  0.00	  0.00	 40.00	  0.01	  8.93	 13.19	 11.10	 -5.77	 -2.28	  0.00		  0.00		 
m60727c1r1.htb	   0.0	  0.03	 2.000	  0.00	  0.00	 40.00	  4.11	 27.80	 14.82	 11.68	  1.16	 -2.82	  0.00		  0.00		 
m60727c2r1.htb	   0.0	  0.03	 2.000	  0.00	  0.00	 40.00	  0.07	  2.87	 17.62	 19.69	  2.54	  4.99	  0.00		  0.00		 
m60801c2r1.htb	   0.0	  0.03	 2.000	  0.00	  0.00	 40.00	  4.49	 10.17	 24.70	 22.90	 -4.48	  1.85	  0.00		  0.00		 
m60801c3r1.htb	   0.0	  0.03	 2.000	  0.00	  0.00	 40.00	  6.51	 17.53	 21.29	 15.75	  4.22	 -5.73	  0.00		  0.00		 
m60803c1r1.htb	   0.0	  0.03	 2.000	  0.00	  0.00	 40.00	  0.65	  7.89	 26.91	 22.49	  3.13	  5.83	  0.00		  0.00		 
m60803c3r1.htb	   0.0	  0.03	 2.000	  0.00	  0.00	 40.00	  2.36	  4.83	 25.61	 22.86	 -2.22	 10.70	  0.00		  0.00		 
m60803c4r1.htb	   0.0	  0.03	 2.000	  0.00	  0.00	 40.00	  1.02	 11.47	 17.37	 18.78	 -4.89	  5.30	  0.00		  0.00		 
m60808c1r1.htb	   0.0	  0.03	 2.000	  0.00	  0.00	 40.00	  0.31	  4.25	 11.22	  9.27	  2.89	 -3.61	  0.00		  0.00		 
m60808c2r1.htb	   0.0	  0.03	 2.000	  0.00	  0.00	 40.00	  4.04	 12.33	 21.91	 21.48	 -0.23	  6.08	  0.00		  0.00		 
m60809c1r1.htb	   0.0	  0.03	 2.000	  0.00	  0.00	 40.00	  0.63	 10.20	 21.38	 19.30	 -0.90	 -2.62	  0.00		  0.00		 
m60809c2r1.htb	   0.0	  0.03	 2.000	  0.00	 -5.00	 40.00	  3.47	  7.82	 22.00	 19.12	 -2.62	  2.22	  0.00		 -5.00		 
m60809c3r1.htb	   0.0	  0.03	 2.000	  0.00	  0.00	 40.00	  3.09	  5.20	 17.60	 14.32	  3.21	  6.94	  0.00		  0.00		 
m60809c4r1.htb	   0.0	  0.03	 2.000	  0.00	  0.00	 40.00	  0.57	 14.32	 13.63	 16.47	  6.07	  5.07	  0.00		  0.00		 
m60810c1r1.htb	   0.0	  0.03	 2.000	  0.00	  0.00	 40.00	  5.00	 22.56	 16.15	 18.98	  9.35	  1.52	  0.00		  0.00		 
m60810c2r1.htb	   0.0	  0.03	 2.000	  0.00	  0.00	 40.00	  4.81	 21.38	 17.52	 17.03	  0.82	  6.41	  0.00		  0.00		 
m60810c3r1.htb	   0.0	  0.03	 2.000	  0.00	  0.00	 40.00	  4.58	  8.90	 30.08	 25.38	  3.33	 -2.15	  0.00		  0.00		 
m60810c4r1.htb	   0.0	  0.03	 2.000	  0.00	  0.00	 40.00	  6.73	 11.25	 20.10	 29.96	  1.51	  0.12	  0.00		  0.00		 
m60810c5r1.htb	   0.0	  0.03	 2.000	  0.00	  0.00	 40.00	 10.46	  7.89	 24.17	 34.85	 -3.41	 -1.80	  0.00		  0.00		 
m60811c1r1.htb	   0.0	  0.03	 2.000	  0.00	  0.00	 40.00	  0.41	 11.64	 10.39	 12.26	 -0.37	  0.48	  0.00		  0.00		 
m60811c2r1.htb	   0.0	  0.03	 2.000	  0.00	  0.00	 40.00	  2.52	 14.91	 13.03	 15.43	 -4.01	 -1.39	  0.00		  0.00		 
m60811c3r1.htb	   0.0	  0.03	 2.000	  0.00	  0.00	 40.00	  0.04	  1.26	 12.41	 12.62	  2.10	  5.63	  0.00		  0.00		 
m60811c4r1.htb	   0.0	  0.03	 2.000	  0.00	  0.00	 40.00	  1.24	 21.57	 15.03	 12.95	  0.14	  0.61	  0.00		  0.00		 
m60811c5r1.htb	   0.0	  0.03	 2.000	  0.00	  0.00	 40.00	  0.28	  7.50	 11.44	 14.21	  3.40	  3.64	  0.00		  0.00		 
m60815c1r1.htb	   0.0	  0.03	 2.000	  0.00	  0.00	 40.00	  0.52	  4.68	 15.37	 10.50	  6.16	 -3.13	  0.00		  0.00		 
m60815c2r1.htb	 150.0	  0.03	 2.000	  8.00	 -10.00	 40.00	  7.20	  9.89	 18.39	 19.74	  7.76	 -4.75	  8.00		 -10.00		 
m60815c4r1.htb	   0.0	  0.03	 2.000	  0.00	  0.00	 40.00	  8.32	  8.34	 21.74	 16.02	 -4.07	  5.00	  0.00		  0.00		 
m60821c1r1.htb	   0.0	  0.03	 2.000	  0.00	  0.00	 40.00	  0.17	  3.06	 10.83	 13.15	  0.01	 -5.35	  0.00		  0.00		 
m60821c2r1.htb	   0.0	  0.03	 2.000	  0.00	  0.00	 40.00	  0.30	  4.48	  9.78	 13.02	 -1.83	 -4.81	  0.00		  0.00		 
m60821c3r1.htb	   0.0	  0.03	 2.000	  0.00	  0.00	 40.00	  0.80	  8.01	 19.56	 20.40	 -3.36	  4.21	  0.00		  0.00		 
m60822c3r1.htb	   0.0	  0.03	 2.000	  0.00	  0.00	 40.00	  0.16	  7.25	 18.49	 17.47	 -5.01	 -5.25	  0.00		  0.00		 
m60822c4r1.htb	   0.0	  0.03	 2.000	  0.00	  0.00	 40.00	  1.42	  9.80	 14.83	 13.11	 -4.97	 -0.91	  0.00		  0.00		 
m60823c1r1.htb	   0.0	  0.03	 2.000	  0.00	  0.00	 40.00	  2.52	 21.49	  9.02	  9.72	  5.02	  2.86	  0.00		  0.00		 
m60823c2r1.htb	   0.0	  0.03	 2.000	  0.00	  0.00	 40.00	  5.67	  9.42	 24.39	 15.06	  0.33	  1.52	  0.00		  0.00		 
m60823c3r1.htb	  70.0	  0.03	 2.000	  0.00	  0.00	 40.00	  1.78	 11.64	 12.88	 14.10	 -3.23	 -1.44	  0.00		  0.00		 
m60823c4r1.htb	  70.0	  0.03	 2.000	  0.00	  0.00	 40.00	  9.18	  9.46	 23.87	 27.72	 -3.92	 11.17	  0.00		  0.00		 
m60824c1r1.htb	   0.0	  0.03	 2.000	  0.00	  0.00	 40.00	  2.33	 12.62	 13.42	 13.82	 -2.72	  4.66	  0.00		  0.00		 
m60824c2r1.htb	   0.0	  0.03	 2.000	  0.00	  0.00	 40.00	  6.13	 16.52	 20.92	 21.30	 -3.16	  2.43	  0.00		  0.00		 
m60824c3r1.htb	   0.0	  0.03	 2.000	  0.00	  0.00	 40.00	  3.61	  7.14	 14.79	 18.66	  4.88	 -0.75	  0.00		  0.00		 
m60830c1r1.htb	 180.0	  0.03	 2.000	  0.00	  0.00	 40.00	  2.38	  6.01	 20.36	 18.78	 -4.19	 -7.93	  0.00		  0.00		 
m60830c2r1.htb	 180.0	  0.03	 2.000	  0.00	  0.00	 40.00	  8.04	  8.34	 17.37	 18.98	 -0.59	 -11.10	  0.00		  0.00		 
m60831c1r1.htb	 180.0	  0.03	 2.000	  0.00	  0.00	 40.00	  0.23	  6.42	 23.36	 17.57	  6.99	 -1.21	  0.00		  0.00		 
m60831c4r1.htb	 180.0	  0.03	 2.000	  0.00	  0.00	 40.00	  2.19	  4.65	 16.87	 30.18	  7.34	  0.64	  0.00		  0.00		 
m60901c4r1.htb	 180.0	  0.03	 2.000	  0.00	  0.00	 40.00	  1.12	 12.42	 23.57	 17.70	  0.55	  2.56	  0.00		  0.00		 
m60907c1r1.htb	 180.0	  0.03	 2.000	  0.00	  0.00	 40.00	  1.39	  4.18	 14.43	  9.97	  7.72	  3.75	  0.00		  0.00		 
m60907c2r1.htb	 180.0	  0.03	 2.000	  0.00	  0.00	 40.00	  0.44	  7.13	 10.62	 12.74	  6.42	 -5.02	  0.00		  0.00		 
m60907c3r1.htb	 120.0	  0.03	 2.000	  0.00	  0.00	 40.00	  2.28	  2.50	 29.79	 22.19	 -3.68	 -14.07	  0.00		  0.00		 
m61024c1r1.htb	   0.0	  0.03	 2.000	  0.00	  0.00	 40.00	  0.26	  5.79	 45.97	 23.88	  6.61	  4.19	  0.00		  0.00		 
m61024c2r1.htb	   0.0	  0.03	 2.000	  0.00	  0.00	 40.00	  0.52	  3.09	 30.81	 13.32	 11.85	  7.06	  0.00		  0.00		 
m61027c1r1.htb	   0.0	  0.03	 2.000	  0.00	  0.00	 40.00	 18.59	 29.82	 18.17	 11.65	  9.58	 -2.39	  0.00		  0.00		 
m61027c2r1.htb	   0.0	  0.03	 2.000	  0.00	  0.00	 40.00	  8.11	 12.39	 25.10	  8.98	  7.87	 -0.55	  0.00		  0.00		 
m61106c4r1.htb	 120.0	  0.03	 2.000	  0.00	  0.00	 40.00	  9.75	 18.36	 18.81	  7.36	  2.38	 -2.74	  0.00		  0.00		 
m61108c2r1.htb	 180.0	  0.03	 2.000	  0.00	  0.00	 40.00	  8.99	  6.64	  8.10	  6.73	 -0.22	 -12.43	  0.00		  0.00		 
m61108c5r1.htb	 180.0	  0.03	 2.000	  0.00	  0.00	 40.00	 14.82	 18.80	 17.33	 13.00	 -1.50	 -5.60	  0.00		  0.00		 
m61128c2r1.htb	 180.0	  0.03	 2.000	  0.00	  0.00	 40.00	  9.12	 35.30	 13.47	 10.79	  3.15	  0.30	  0.00		  0.00		 
m61201c3r1.htb	   0.0	  0.03	 2.000	  0.00	  0.00	 40.00	  8.03	 10.84	 16.58	  9.17	 -1.10	 -8.65	  0.00		  0.00		 
