FILE			 PrfOR	 PrfSF	 PrfTF	 RFXctr	 RFYctr	 RFDiam	 BaseRate	 Amp		 x_width	 y_width	 x_ctr	 y_ctr	 rfplot_x_ctr	 rfplot_y_ctr	 axpect_ratio	
m60201c2r7.htb	  90.0	  0.03	 2.000	  0.00	 -10.00	 30.00	 15.32	  8.31	 45.99	 23.97	 -1.78	 -9.42	  0.00		 -10.00		 1.919	
m60201c3r1.htb	 270.0	  0.03	 2.000	  0.00	 -10.00	 30.00	  4.30	 27.24	 14.85	 12.33	  2.22	 -13.25	  0.00		 -10.00		 1.204	
m60201c4r1.htb	 270.0	  0.03	 2.000	  0.00	 -10.00	 30.00	  9.24	 12.26	 54.74	 23.69	  4.71	 -14.33	  0.00		 -10.00		 2.311	
m60201c5r1.htb	 270.0	  0.05	 2.000	 10.00	 -15.00	 40.00	  3.23	 15.55	 18.71	 16.19	 -3.01	 -16.36	 10.00		 -15.00		 1.156	
m60201c5r3.htb	  30.0	  0.03	 2.000	  0.00	 -15.00	 50.00	  2.33	 23.28	 30.78	 20.25	  5.78	 -17.27	  0.00		 -15.00		 1.520	
m60203c1r1.htb	  30.0	  0.03	 2.000	  0.00	 -10.00	 30.00	  2.09	  9.99	 28.49	 18.38	 -3.51	 -12.76	  0.00		 -10.00		 1.549	
m60203c2r1.htb	   0.0	  0.03	 2.000	 -2.00	 -12.00	 30.00	  6.38	 10.42	 31.80	 29.18	 -5.45	 -7.79	 -2.00		 -12.00		 1.090	
m60203c3r1.htb	   0.0	  0.03	 2.000	  0.00	 -15.00	 30.00	  4.35	 -2.35	 38.32	 15.49	 -11.93	  4.48	  0.00		 -15.00		 2.473	
m60207c1r1.htb	  30.0	  0.03	 2.000	  0.00	 -15.00	 30.00	  3.15	  5.91	 22.35	 20.87	 -7.98	 -12.52	  0.00		 -15.00		 1.070	
m60207c3r1.htb	 300.0	  0.03	 4.000	  0.00	  0.00	 30.00	  7.52	 12.99	 35.66	 11.17	 -2.71	 -0.56	  0.00		  0.00		 3.191	
m60207c4r1.htb	  30.0	  0.03	 2.000	  0.00	  0.00	 40.00	  5.86	  6.37	 46.65	 22.34	  4.74	  9.63	  0.00		  0.00		 2.088	
m60301c1r1.htb	  30.0	  0.03	 2.000	  0.00	  0.00	 40.00	  0.01	  2.57	 43.67	 30.22	  0.02	 -2.21	  0.00		  0.00		 1.445	
m60301c2r1.htb	  30.0	  0.03	 2.000	  0.00	  0.00	 40.00	  0.75	  7.26	 30.40	 23.01	 -1.29	 -5.40	  0.00		  0.00		 1.321	
m60301c3r1.htb	  30.0	  0.03	 2.000	  0.00	  0.00	 40.00	  9.31	 22.44	 31.42	 18.41	  4.86	 -0.77	  0.00		  0.00		 1.707	
m60301c4r1.htb	  30.0	  0.03	 4.000	  0.00	  0.00	 40.00	  4.93	 12.28	 31.66	 30.91	 21.66	 -8.20	  0.00		  0.00		 1.025	
m60302c1r1.htb	  30.0	  0.03	 2.000	  0.00	  0.00	 40.00	  4.20	 14.33	 34.48	 21.58	  0.71	 -0.59	  0.00		  0.00		 1.598	
m60302c2r1.htb	  30.0	  0.03	 2.000	  0.00	  0.00	 40.00	  1.57	 16.94	 25.72	 18.41	 -0.79	 -2.78	  0.00		  0.00		 1.397	
m60302c3r1.htb	  30.0	  0.05	 4.000	  0.00	  0.00	 40.00	  2.00	  3.73	 29.21	 12.63	  2.57	 -3.72	  0.00		  0.00		 2.312	
m60302c4r1.htb	  30.0	  0.03	 4.000	  0.00	  0.00	 40.00	  8.85	  7.56	 43.90	 27.02	 -2.13	  1.68	  0.00		  0.00		 1.625	
m60404c3r1.htb	   0.0	  0.03	 2.000	  0.00	  0.00	 40.00	  0.74	  5.75	  7.08	 10.92	 10.47	  4.65	  0.00		  0.00		 0.649	
m60404c4r1.htb	   0.0	  0.03	 1.000	  0.00	  0.00	 40.00	  5.60	  8.02	 27.13	 30.43	  7.21	  3.72	  0.00		  0.00		 0.892	
m60404c5r1.htb	   0.0	  0.03	 2.000	  0.00	  0.00	 40.00	  5.25	  9.77	 43.55	 37.58	 -1.88	  3.75	  0.00		  0.00		 1.159	
m60405c2r1.htb	   0.0	  0.03	 2.000	  0.00	 -5.00	 40.00	  7.42	 16.79	 37.68	 14.42	 -7.53	 -7.29	  0.00		 -5.00		 2.613	
m60405c3r1.htb	 270.0	  0.03	 2.000	 -5.00	 -5.00	 40.00	  5.23	 15.91	 29.33	 17.77	 -5.91	 -17.21	 -5.00		 -5.00		 1.651	
m60414c1r1.htb	 180.0	  0.03	 2.000	  0.00	 -10.00	 40.00	  0.69	  7.56	 27.43	 25.04	 -3.52	 -5.86	  0.00		 -10.00		 1.095	
m60414c3r1.htb	 180.0	  0.05	 2.000	  0.00	 -8.00	 40.00	 10.69	 19.55	 29.86	 15.54	 -5.24	 -5.89	  0.00		 -8.00		 1.922	
m60419c1r1.htb	 180.0	  0.03	 2.000	  0.00	  0.00	 40.00	  1.88	  3.26	 42.14	 24.94	 15.84	  0.60	  0.00		  0.00		 1.690	
m60419c2r1.htb	 180.0	  0.03	 2.000	  0.00	  0.00	 40.00	 12.27	  5.71	 49.33	 27.99	  4.42	 -3.20	  0.00		  0.00		 1.763	
m60420c2r1.htb	   0.0	  0.03	 2.000	  0.00	  0.00	 40.00	  9.70	 23.00	 35.22	 32.49	  6.99	  2.97	  0.00		  0.00		 1.084	
m60424c1r1.htb	 180.0	  0.03	 2.000	  0.00	  0.00	 40.00	  0.55	 23.88	 27.61	 17.29	 -9.84	 -1.64	  0.00		  0.00		 1.597	
m60424c2r1.htb	   0.0	  0.03	 2.000	  0.00	  0.00	 30.00	  0.22	 12.02	 33.39	 24.60	  6.26	 -2.98	  0.00		  0.00		 1.357	
m60517c1r1.htb	   0.0	  0.03	 2.000	  0.00	  0.00	 40.00	  2.40	 11.25	 33.02	 24.09	 -0.10	 -1.00	  0.00		  0.00		 1.371	
m60517c2r1.htb	   0.0	  0.03	 2.000	  0.00	  0.00	 40.00	  1.07	  7.84	 21.55	 22.38	 -8.43	 -2.72	  0.00		  0.00		 0.963	
m60517c3r1.htb	   0.0	  0.03	 2.000	  0.00	  0.00	 40.00	  2.57	 27.77	 19.86	 14.01	  4.86	 -4.23	  0.00		  0.00		 1.417	
m60517c4r1.htb	   0.0	  0.03	 2.000	  0.00	  0.00	 30.00	 13.16	 19.72	 26.58	 19.03	  3.38	 -6.45	  0.00		  0.00		 1.397	
m60517c5r1.htb	   0.0	  0.03	 2.000	  0.00	  0.00	 40.00	  3.83	 18.75	 21.55	 20.10	  3.06	 -4.13	  0.00		  0.00		 1.072	
m60517c6r1.htb	   0.0	  0.03	 2.000	  0.00	  0.00	 40.00	  5.10	 27.76	 21.58	 20.86	  1.91	  2.05	  0.00		  0.00		 1.035	
m60518c2r1.htb	   0.0	  0.03	 2.000	  0.00	  0.00	 40.00	  0.07	  8.23	 37.37	 32.70	 -1.81	  1.64	  0.00		  0.00		 1.143	
m60519c3r1.htb	   0.0	  0.03	 2.000	  0.00	  0.00	 30.00	  4.05	 21.21	 25.49	 23.89	 -1.52	 -0.17	  0.00		  0.00		 1.067	
m60523c1r1.htb	   0.0	  0.03	 2.000	  0.00	  0.00	 30.00	  2.94	 -5.22	 66.49	 10.58	 -19.50	 15.73	  0.00		  0.00		 6.286	
m60523c2r1.htb	   0.0	  0.03	 2.000	  0.00	 -10.00	 40.00	  8.05	 27.45	 34.93	 20.87	 -1.43	 -9.71	  0.00		 -10.00		 1.674	
m60523c3r1.htb	   0.0	  0.03	 2.000	  0.00	  0.00	 40.00	  4.10	  6.95	 36.13	 18.87	  0.80	 -8.01	  0.00		  0.00		 1.914	
m60524c1r1.htb	   0.0	  0.03	 2.000	  0.00	  0.00	 30.00	  1.14	  4.67	 23.74	 12.80	 -3.61	 -10.49	  0.00		  0.00		 1.855	
m60524c2r1.htb	   0.0	  0.03	 2.000	  0.00	  0.00	 30.00	  0.13	  3.74	 24.13	 19.05	 -6.52	 -0.69	  0.00		  0.00		 1.267	
m60524c3r1.htb	 240.0	  0.03	 2.000	  0.00	  0.00	 30.00	  2.54	  8.24	 36.57	 19.58	 -1.38	  6.37	  0.00		  0.00		 1.868	
m60524c4r1.htb	 240.0	  0.03	 2.000	  0.00	  0.00	 40.00	 13.10	 14.45	 48.94	 39.84	 -4.48	 -2.18	  0.00		  0.00		 1.228	
m60524c5r1.htb	   0.0	  0.03	 2.000	  0.00	  0.00	 40.00	  9.84	 16.55	 27.32	 33.56	 -9.81	 -2.95	  0.00		  0.00		 0.814	
m60525c1r1.htb	   0.0	  0.03	 2.000	  0.00	  0.00	 40.00	  0.98	 16.06	 23.04	 23.25	  6.04	 -3.79	  0.00		  0.00		 0.991	
m60525c2r1.htb	   0.0	  0.03	 2.000	  0.00	  0.00	 40.00	  5.01	 26.45	 34.44	 25.33	  5.91	  0.38	  0.00		  0.00		 1.360	
m60525c3r1.htb	   0.0	  0.03	 2.000	  0.00	  0.00	 40.00	  2.50	 19.66	 29.64	 25.66	  8.27	 -4.59	  0.00		  0.00		 1.155	
m60525c4r1.htb	   0.0	  0.03	 2.000	  0.00	  0.00	 40.00	  1.07	 18.20	 24.43	 19.61	  4.23	 -5.86	  0.00		  0.00		 1.246	
m60531c1r1.htb	   0.0	  0.03	 2.000	  0.00	 -10.00	 40.00	  0.05	  2.60	 225.40	 38.74	 -29.20	 -4.76	  0.00		 -10.00		 5.818	
m60531c2r1.htb	   0.0	  0.03	 2.000	  0.00	  0.00	 40.00	 10.13	  8.53	 39.12	 17.92	 -11.35	 -1.51	  0.00		  0.00		 2.183	
m60601c1r1.htb	   0.0	  0.03	 2.000	  0.00	  0.00	 30.00	  0.18	  3.69	 30.39	 26.53	  7.02	  6.63	  0.00		  0.00		 1.146	
m60601c2r1.htb	   0.0	  0.03	 2.000	  0.00	  0.00	 30.00	  2.95	  4.62	 20.45	 19.10	 -11.41	 -15.02	  0.00		  0.00		 1.070	
m60601c3r1.htb	  90.0	  0.03	 2.000	  0.00	 -5.00	 30.00	  2.28	 14.40	 28.08	 13.61	 -2.54	 -6.31	  0.00		 -5.00		 2.063	
m60601c4r1.htb	  90.0	  0.03	 2.000	  0.00	 -10.00	 40.00	  3.20	 20.82	 24.85	 19.03	  1.79	 -6.46	  0.00		 -10.00		 1.306	
m60601c5r1.htb	  90.0	  0.03	 2.000	  0.00	  0.00	 40.00	  2.12	 10.32	 51.03	 24.39	  0.77	 -4.10	  0.00		  0.00		 2.092	
m60602c1r1.htb	   0.0	  0.03	 2.000	  0.00	  0.00	 30.00	  5.09	 14.20	 22.26	 14.86	 -1.39	 -3.78	  0.00		  0.00		 1.498	
m60602c2r1.htb	   0.0	  0.03	 2.000	  0.00	  0.00	 30.00	  8.73	 15.26	 28.06	 23.64	 -6.04	 -3.12	  0.00		  0.00		 1.187	
m60602c3r1.htb	   0.0	  0.03	 2.000	  0.00	  0.00	 30.00	  8.27	 16.94	 24.88	 19.99	 -2.70	  2.72	  0.00		  0.00		 1.245	
m60602c4r1.htb	   0.0	  0.03	 2.000	  0.00	  0.00	 40.00	  2.56	 13.13	 27.10	 16.87	 -2.17	 -4.34	  0.00		  0.00		 1.606	
m60602c5r1.htb	   0.0	  0.03	 2.000	  0.00	 -10.00	 30.00	  7.47	  8.27	 40.94	 35.25	 -1.32	 -4.57	  0.00		 -10.00		 1.161	
m60605c1r1.htb	   0.0	  0.03	 2.000	  0.00	  0.00	 30.00	  4.77	 27.26	 22.98	 17.49	 -1.37	 -2.87	  0.00		  0.00		 1.313	
m60605c2r1.htb	   0.0	  0.03	 2.000	 -3.00	 -7.00	 30.00	  0.43	  5.25	 26.65	 23.88	 -6.92	 -8.75	 -3.00		 -7.00		 1.116	
m60605c3r1.htb	   0.0	  0.03	 2.000	  0.00	  0.00	 30.00	  9.83	 18.33	 23.01	 20.60	 -2.66	 -0.98	  0.00		  0.00		 1.117	
m60606c1r1.htb	   0.0	  0.03	 2.000	  0.00	  0.00	 30.00	  0.01	  5.45	 12.34	 12.66	  8.76	 -3.18	  0.00		  0.00		 0.975	
m60606c2r1.htb	   0.0	  0.03	 2.000	  0.00	  0.00	 40.00	  0.15	 11.72	 18.05	 20.87	 -3.64	  1.65	  0.00		  0.00		 0.865	
m60606c3r1.htb	  90.0	  0.03	 2.000	  0.00	  0.00	 40.00	  2.51	 16.07	 24.20	 25.14	 -5.65	 -4.72	  0.00		  0.00		 0.963	
m60606c4r1.htb	  90.0	  0.03	 2.000	  0.00	  0.00	 40.00	  1.47	 34.33	 26.98	 20.36	  6.29	 -1.94	  0.00		  0.00		 1.325	
m60606c5r1.htb	  90.0	  0.03	 2.000	  0.00	  0.00	 40.00	  0.16	 22.11	 32.17	 28.71	  7.28	  3.31	  0.00		  0.00		 1.121	
m60613c5r1.htb	   0.0	  0.03	 2.000	  0.00	 -15.00	 30.00	 13.52	 18.43	 26.50	 12.85	 -5.06	 -14.80	  0.00		 -15.00		 2.062	
m60613c6r1.htb	   0.0	  0.03	 2.000	  0.00	  0.00	 30.00	  4.72	 15.74	 27.98	 20.54	  4.26	 -11.80	  0.00		  0.00		 1.362	
m60614c2r1.htb	   0.0	  0.03	 2.000	  0.00	 -8.00	 30.00	  6.21	 10.76	 37.08	 20.87	  6.45	 -6.43	  0.00		 -8.00		 1.777	
m60614c4r1.htb	   0.0	  0.03	 2.000	  0.00	 -10.00	 30.00	  1.28	  8.98	 21.72	 11.48	  5.22	 -11.29	  0.00		 -10.00		 1.891	
m60615c2r1.htb	   0.0	  0.03	 2.000	  0.00	 -10.00	 40.00	  2.18	 15.82	 31.57	 16.94	 -4.44	 -12.04	  0.00		 -10.00		 1.864	
m60616c1r1.htb	   0.0	  0.03	 2.000	  0.00	 -10.00	 30.00	  2.72	 12.97	 30.58	 17.27	 -11.36	 -15.16	  0.00		 -10.00		 1.771	
m60616c2r1.htb	   0.0	  0.03	 2.000	  0.00	 -15.00	 30.00	  0.59	  7.17	 48.72	 24.97	  2.32	 -6.95	  0.00		 -15.00		 1.951	
m60619c1r1.htb	   0.0	  0.03	 2.000	  0.00	  0.00	 40.00	  2.19	  8.69	 38.06	 28.32	 -0.05	 -0.20	  0.00		  0.00		 1.344	
m60619c2r1.htb	   0.0	  0.03	 2.000	  0.00	  0.00	 40.00	  0.90	  9.63	 26.80	 24.77	 -1.57	  0.58	  0.00		  0.00		 1.082	
m60619c3r1.htb	   0.0	  0.03	 2.000	  0.00	 -5.00	 40.00	  0.71	 14.85	 22.22	 16.95	  1.67	 -0.95	  0.00		 -5.00		 1.311	
m60619c4r1.htb	   0.0	  0.03	 2.000	  0.00	 -5.00	 40.00	 13.68	 19.08	 48.03	 30.15	 -7.16	 -5.99	  0.00		 -5.00		 1.593	
m60620c1r1.htb	   0.0	  0.03	 2.000	  0.00	  0.00	 40.00	  2.39	 16.28	 30.58	 23.88	  0.97	  2.59	  0.00		  0.00		 1.280	
m60620c2r1.htb	   0.0	  0.03	 2.000	  5.00	  5.00	 40.00	 10.26	 16.44	 47.96	 33.27	  1.22	  1.99	  5.00		  5.00		 1.442	
m60620c3r1.htb	   0.0	  0.03	 2.000	  0.00	  0.00	 40.00	 13.50	 17.93	 53.60	 30.28	 -0.40	  6.76	  0.00		  0.00		 1.770	
m60620c4r1.htb	   0.0	  0.03	 2.000	  0.00	  0.00	 40.00	  4.79	  8.97	 35.72	 28.24	  0.87	  4.14	  0.00		  0.00		 1.265	
m60621c2r1.htb	   0.0	  0.03	 2.000	  0.00	 -8.00	 30.00	  0.03	  6.80	 13.56	 11.97	  6.49	 -3.38	  0.00		 -8.00		 1.132	
m60621c3r1.htb	   0.0	  0.03	 2.000	  0.00	  0.00	 40.00	  0.23	  4.14	 16.53	 18.64	  4.26	  1.90	  0.00		  0.00		 0.886	
m60621c4r1.htb	 180.0	  0.03	 2.000	 10.00	  0.00	 40.00	  0.43	  4.11	 56.82	 29.42	  2.16	 -6.41	 10.00		  0.00		 1.931	
m60621c5r1.htb	 130.0	  0.03	 2.000	  0.00	  0.00	 40.00	  2.78	 17.62	 37.88	 27.00	 -9.08	 -8.62	  0.00		  0.00		 1.403	
m60621c6r1.htb	 130.0	  0.03	 2.000	  0.00	  0.00	 40.00	  1.06	  8.32	 32.82	 19.01	  2.89	 -11.11	  0.00		  0.00		 1.727	
m60622c1r1.htb	   0.0	  0.03	 2.000	  0.00	  0.00	 30.00	  0.08	  5.96	 26.66	 15.70	  1.97	 -4.87	  0.00		  0.00		 1.698	
m60623c3r1.htb	   0.0	  0.03	 2.000	  0.00	  0.00	 40.00	  6.13	 10.95	 30.65	 21.95	 -3.78	  6.42	  0.00		  0.00		 1.396	
m60623c4r1.htb	  90.0	  0.03	 2.000	  0.00	  0.00	 40.00	  3.80	 16.05	 22.84	 23.77	  3.89	  0.95	  0.00		  0.00		 0.961	
m60626c2r1.htb	   0.0	  0.03	 2.000	  0.00	  0.00	 40.00	  3.08	 10.42	 31.15	 31.40	 -6.19	 -4.12	  0.00		  0.00		 0.992	
m60628c2r1.htb	   0.0	  0.03	 2.000	  0.00	  0.00	 40.00	  0.58	  5.61	 28.71	 17.19	 -3.82	 -3.83	  0.00		  0.00		 1.670	
m60703c1r1.htb	   0.0	  0.03	 2.000	  0.00	  0.00	 40.00	  1.22	  9.23	 33.58	 28.48	 11.25	  7.44	  0.00		  0.00		 1.179	
m60703c1r1.htb	   0.0	  0.03	 2.000	  0.00	  0.00	 40.00	  1.22	  9.23	 33.58	 28.49	 11.25	  7.44	  0.00		  0.00		 1.179	
m60703c3r1.htb	   0.0	  0.03	 2.000	  0.00	  0.00	 40.00	  0.23	  3.99	 30.99	 24.88	 -0.61	 10.32	  0.00		  0.00		 1.246	
m60705c1r1.htb	   0.0	  0.03	 2.000	  0.00	  0.00	 40.00	  5.52	 23.58	 29.52	 15.33	 -0.72	 -3.65	  0.00		  0.00		 1.926	
m60705c2r1.htb	   0.0	  0.03	 2.000	  0.00	  0.00	 40.00	  1.45	  9.92	 29.45	 24.50	 -2.72	 -6.80	  0.00		  0.00		 1.202	
m60705c3r1.htb	   0.0	  0.03	 2.000	  0.00	  0.00	 40.00	  3.17	 17.61	 29.59	 21.47	  2.83	 -7.20	  0.00		  0.00		 1.378	
m60712c1r1.htb	   0.0	  0.03	 2.000	  0.00	  0.00	 40.00	  0.61	  4.18	 24.85	 18.30	  2.64	 -1.30	  0.00		  0.00		 1.358	
m60712c1r1.htb	   0.0	  0.03	 2.000	  0.00	  0.00	 40.00	  0.61	  4.18	 24.85	 18.30	  2.64	 -1.30	  0.00		  0.00		 1.358	
m60717c3r1.htb	 150.0	  0.03	 2.000	  0.00	  0.00	 40.00	  0.19	 24.83	 22.14	 25.16	 -4.91	 -4.43	  0.00		  0.00		 0.880	
m60814c1r1.htb	   0.0	  0.03	 2.000	  0.00	  0.00	 40.00	  0.05	  8.87	 21.91	 18.22	  8.59	 -6.77	  0.00		  0.00		 1.203	
m60814c2r1.htb	   0.0	  0.03	 2.000	  0.00	  0.00	 40.00	  5.16	 14.45	 34.85	 31.90	 -0.51	  1.56	  0.00		  0.00		 1.093	
m60814c3r1.htb	   0.0	  0.03	 2.000	  0.00	  0.00	 40.00	  0.58	  4.63	 32.94	 21.39	 -4.54	  8.90	  0.00		  0.00		 1.540	
m60814c4r1.htb	   0.0	  0.03	 2.000	 -10.00	 10.00	 40.00	  9.21	  8.07	 61.98	 30.42	 -0.80	  2.67	 -10.00		 10.00		 2.037	
m60822c1r1.htb	   0.0	  0.03	 2.000	  0.00	  0.00	 40.00	  0.09	  7.39	 20.62	 20.32	 -2.97	  0.04	  0.00		  0.00		 1.014	
m60822c2r1.htb	   0.0	  0.03	 2.000	  0.00	  0.00	 40.00	  0.26	  8.36	 32.13	 33.14	 -1.27	  0.91	  0.00		  0.00		 0.970	
m61117c1r1.htb	 180.0	  0.03	 2.000	  0.00	  0.00	 40.00	  0.01	  6.57	 15.38	 15.67	  3.72	 -5.74	  0.00		  0.00		 0.981	
m61117c2r1.htb	  60.0	  0.03	 2.000	  0.00	  0.00	 40.00	  4.58	  8.45	 37.34	 31.49	  4.05	  4.91	  0.00		  0.00		 1.186	
m61117c3r1.htb	  60.0	  0.03	 2.000	  0.00	  0.00	 40.00	 10.83	  5.50	 47.68	 45.80	 -0.80	  2.15	  0.00		  0.00		 1.041	
