FILE			 PrfOR	 PrfSF	 PrfTF	 RFXctr	 RFYctr	 RFDiam	 Direction		 Slope	 Int		 RsqMn	 PMn		 RsqRaw	 PRaw		 
m70108c1r9.htb	   0.0	  0.03	 2.000	 20.00	 -15.00	 40.00	 0.0000		 0.0013	 11.8042	 0.0101	 0.8306	 0.0002	 0.9072	 
m70108c1r9.htb	   0.0	  0.03	 2.000	 20.00	 -15.00	 40.00	 180.0000		 0.0101	 11.3593	 0.2291	 0.2773	 0.0114	 0.3798	 
m70110c1r9.htb	   0.0	  0.03	 2.000	 -10.00	 -5.00	 40.00	 0.0000		 0.0030	 1.2964	 0.2133	 0.2968	 0.0102	 0.4057	 
m70110c1r9.htb	   0.0	  0.03	 2.000	 -10.00	 -5.00	 40.00	 180.0000		 -0.0012	 1.3684	 0.0465	 0.6426	 0.0021	 0.7056	 
m70110c2r9.htb	   0.0	  0.03	 2.000	 10.00	 -15.00	 40.00	 0.0000		 -0.0033	 4.6603	 0.0150	 0.7934	 0.0010	 0.7939	 
m70110c2r9.htb	   0.0	  0.03	 2.000	 10.00	 -15.00	 40.00	 180.0000		 0.0016	 4.2554	 0.0071	 0.8576	 0.0002	 0.8971	 
m70110c3r9.htb	  90.0	  0.03	 2.000	 10.00	 -15.00	 40.00	 50.0000		 -0.0040	 6.3993	 0.0135	 0.8040	 0.0015	 0.7540	 
m70110c3r9.htb	  90.0	  0.03	 2.000	 10.00	 -15.00	 40.00	 230.0000		 0.0098	 5.2925	 0.1956	 0.3204	 0.0088	 0.4393	 
m70111c1r9.htb	  90.0	  0.03	 2.000	  0.00	  0.00	 50.00	 0.0000		 -0.0037	 4.3429	 0.1173	 0.4520	 0.0056	 0.5397	 
m70111c1r9.htb	  90.0	  0.03	 2.000	  0.00	  0.00	 50.00	 180.0000		 0.0010	 3.7542	 0.0025	 0.9146	 0.0004	 0.8749	 
m70116c1r9.htb	   0.0	  0.03	 2.000	  0.00	  0.00	 40.00	 0.0000		 0.0442	 3.1106	 0.4981	 0.0764	 0.1398	 0.0014	 
m70116c1r9.htb	   0.0	  0.03	 2.000	  0.00	  0.00	 40.00	 180.0000		 -0.0301	 5.5252	 0.2720	 0.2300	 0.0583	 0.0441	 
m70117c1r9.htb	 150.0	  0.03	 2.000	 15.00	 -5.00	 40.00	 0.0000		 0.0066	 4.7673	 0.0683	 0.5712	 0.0048	 0.5685	 
m70117c1r9.htb	 150.0	  0.03	 2.000	 15.00	 -5.00	 40.00	 180.0000		 -0.0084	 5.8212	 0.2393	 0.2652	 0.0070	 0.4903	 
m70117c2r9.htb	  30.0	  0.03	 2.000	 20.00	 -10.00	 50.00	 0.0000		 0.0167	 5.1961	 0.3072	 0.1967	 0.0375	 0.1081	 
m70117c2r9.htb	  30.0	  0.03	 2.000	 20.00	 -10.00	 50.00	 180.0000		 0.0103	 5.9324	 0.1600	 0.3740	 0.0255	 0.1869	 
m70118c1r9.htb	  90.0	  0.05	 2.000	  0.00	  0.00	 40.00	 0.0000		 -0.0034	 1.5437	 0.5102	 0.0714	 0.0049	 0.5629	 
m70118c1r9.htb	  90.0	  0.05	 2.000	  0.00	  0.00	 40.00	 180.0000		 -0.0016	 2.0824	 0.0113	 0.8208	 0.0008	 0.8116	 
m70122c1r9.htb	  90.0	  0.03	 4.000	  0.00	  0.00	 100.00	 0.0000		 0.0081	 4.0227	 0.3462	 0.1646	 0.0207	 0.2343	 
m70122c1r9.htb	  90.0	  0.03	 4.000	  0.00	  0.00	 100.00	 180.0000		 0.0037	 4.1925	 0.1415	 0.4057	 0.0039	 0.6096	 
m70123c1r9.htb	   0.0	  0.03	 4.000	  0.00	  0.00	 120.00	 0.0000		 0.0287	 4.2935	 0.4792	 0.0848	 0.0621	 0.0375	 
m70123c1r9.htb	   0.0	  0.03	 4.000	  0.00	  0.00	 120.00	 180.0000		 0.0253	 5.2453	 0.4342	 0.1074	 0.0487	 0.0663	 
m70123c2r9.htb	 180.0	  0.03	 4.000	 10.00	 -20.00	 100.00	 0.0000		 -0.0127	 9.4076	 0.0814	 0.5352	 0.0063	 0.5132	 
m70123c2r9.htb	 180.0	  0.03	 4.000	 10.00	 -20.00	 100.00	 180.0000		 0.0154	 8.9261	 0.2468	 0.2568	 0.0139	 0.3311	 
m70123c3r9.htb	 180.0	  0.03	 2.000	  0.00	  0.00	 120.00	 180.0000		 -0.0194	 11.7301	 0.1243	 0.4380	 0.0126	 0.3540	 
m70123c3r9.htb	 180.0	  0.03	 2.000	  0.00	  0.00	 120.00	 360.0000		 0.0259	 10.9784	 0.4723	 0.0880	 0.0254	 0.1875	 
m70124c1r9.htb	   0.0	  0.03	 2.000	  0.00	  0.00	 60.00	 0.0000		 -0.0033	 3.0677	 0.0714	 0.5623	 0.0064	 0.5118	 
m70124c1r9.htb	   0.0	  0.03	 2.000	  0.00	  0.00	 60.00	 180.0000		 0.0031	 3.1486	 0.1074	 0.4731	 0.0055	 0.5402	 
m70124c2r9.htb	 240.0	  0.03	 2.000	 10.00	 -20.00	 80.00	 0.0000		 0.0077	 4.7944	 0.2219	 0.2860	 0.0148	 0.3155	 
m70124c2r9.htb	 240.0	  0.03	 2.000	 10.00	 -20.00	 80.00	 180.0000		 -0.0037	 5.2450	 0.1348	 0.4179	 0.0033	 0.6383	 
m70124c3r9.htb	 180.0	  0.03	 2.000	 15.00	 -20.00	 60.00	 0.0000		 0.0116	 7.0827	 0.6565	 0.0271	 0.0239	 0.2014	 
m70124c3r9.htb	 180.0	  0.03	 2.000	 15.00	 -20.00	 60.00	 180.0000		 0.0036	 7.4987	 0.0910	 0.5109	 0.0022	 0.7007	 
m70124c4r9.htb	 180.0	  0.03	 2.000	 10.00	 -20.00	 60.00	 240.0000		 0.0260	 10.8698	 0.5576	 0.0538	 0.0560	 0.0486	 
m70124c4r9.htb	 180.0	  0.03	 2.000	 10.00	 -20.00	 60.00	 420.0000		 0.0234	 11.1051	 0.5625	 0.0522	 0.0415	 0.0906	 
m70125c2r9.htb	 180.0	  0.03	 2.000	  0.00	  0.00	 120.00	 0.0000		 -0.0072	 3.0034	 0.2299	 0.2762	 0.0086	 0.2764	 
m70125c2r9.htb	 180.0	  0.03	 2.000	  0.00	  0.00	 120.00	 180.0000		 0.0115	 2.9110	 0.1907	 0.3273	 0.0068	 0.3332	 
m70125c3r9.htb	 180.0	  0.03	 2.000	  0.00	 -5.00	 40.00	 0.0000		 0.0004	 6.8905	 0.0006	 0.9587	 0.0000	 0.9673	 
m70125c3r9.htb	 180.0	  0.03	 2.000	  0.00	 -5.00	 40.00	 180.0000		 -0.0030	 7.4384	 0.0135	 0.8042	 0.0013	 0.7628	 
m70125c4r9.htb	 180.0	  0.03	 2.000	  0.00	  0.00	 100.00	 0.0000		 -0.0028	 27.3532	 0.0042	 0.8902	 0.0004	 0.8660	 
m70125c4r9.htb	 180.0	  0.03	 2.000	  0.00	  0.00	 100.00	 180.0000		 -0.0018	 26.5955	 0.0013	 0.9384	 0.0002	 0.9091	 
m70126c1r9.htb	 150.0	  0.03	 2.000	  0.00	  0.00	 40.00	 0.0000		 0.0055	 3.0282	 0.1775	 0.3465	 0.0096	 0.4202	 
m70126c1r9.htb	 150.0	  0.03	 2.000	  0.00	  0.00	 40.00	 180.0000		 0.0007	 3.4274	 0.0049	 0.8811	 0.0002	 0.9134	 
m70126c2r9.htb	   0.0	  0.03	 2.000	 20.00	 -10.00	 60.00	 0.0000		 0.0250	 17.2427	 0.6375	 0.0313	 0.0364	 0.0148	 
m70126c2r9.htb	   0.0	  0.03	 2.000	 20.00	 -10.00	 60.00	 180.0000		 -0.0029	 17.9344	 0.0917	 0.5092	 0.0005	 0.7767	 
m70126c3r9.htb	   0.0	  0.03	 2.000	 10.00	 -15.00	 60.00	 130.0000		 0.0149	 11.7842	 0.2838	 0.2183	 0.0374	 0.1086	 
m70126c3r9.htb	   0.0	  0.03	 2.000	 10.00	 -15.00	 60.00	 310.0000		 -0.0075	 12.0944	 0.1076	 0.4725	 0.0097	 0.4184	 
m70126c4r9.htb	   0.0	  0.03	 4.000	 10.00	 -10.00	 60.00	 0.0000		 0.0006	 4.6186	 0.0063	 0.8652	 0.0001	 0.9302	 
m70126c4r9.htb	   0.0	  0.03	 4.000	 10.00	 -10.00	 60.00	 180.0000		 0.0108	 5.1510	 0.2800	 0.2219	 0.0388	 0.1020	 
m70126c5r9.htb	   0.0	  0.03	 4.000	 10.00	 -10.00	 60.00	 0.0000		 -0.0019	 4.6443	 0.0089	 0.8409	 0.0007	 0.8273	 
m70126c5r9.htb	   0.0	  0.03	 4.000	 10.00	 -10.00	 60.00	 180.0000		 -0.0030	 4.2103	 0.0256	 0.7317	 0.0027	 0.6681	 
m70129c1r9.htb	 150.0	  0.03	 2.000	  0.00	 -10.00	 60.00	 0.0000		 0.0080	 5.4389	 0.5265	 0.0649	 0.0165	 0.2886	 
m70129c1r9.htb	 150.0	  0.03	 2.000	  0.00	 -10.00	 60.00	 180.0000		 0.0211	 5.2828	 0.7280	 0.0146	 0.0933	 0.0101	 
m70131c1r9.htb	   0.0	  0.03	 2.000	 10.00	 -10.00	 50.00	 0.0000		 0.0345	 7.0286	 0.4019	 0.1263	 0.0742	 0.0225	 
m70131c1r9.htb	   0.0	  0.03	 2.000	 10.00	 -10.00	 50.00	 180.0000		 -0.0002	 7.8450	 0.0001	 0.9793	 0.0000	 0.9886	 
m70131c2r9.htb	   0.0	  0.03	 2.000	 15.00	 -10.00	 60.00	 360.0000		 0.0069	 7.1462	 0.1843	 0.3364	 0.0049	 0.5647	 
m70131c2r9.htb	   0.0	  0.03	 2.000	 15.00	 -10.00	 60.00	 540.0000		 -0.0123	 7.4072	 0.3848	 0.1372	 0.0207	 0.2347	 
m70131c2r9.htb	   0.0	  0.03	 2.000	 15.00	 -10.00	 60.00	 360.0000		 0.0069	 7.1462	 0.1843	 0.3364	 0.0049	 0.5647	 
m70131c2r9.htb	   0.0	  0.03	 2.000	 15.00	 -10.00	 60.00	 540.0000		 -0.0123	 7.4072	 0.3848	 0.1372	 0.0207	 0.2347	 
m70201c1r9.htb	 180.0	  0.03	 2.000	  0.00	  0.00	 80.00	 90.0000		 -0.0102	 8.7145	 0.0768	 0.5475	 0.0147	 0.3182	 
m70201c1r9.htb	 180.0	  0.03	 2.000	  0.00	  0.00	 80.00	 270.0000		 -0.0133	 8.5644	 0.1887	 0.3301	 0.0251	 0.1903	 
m70201c2r9.htb	 360.0	  0.03	 2.000	 10.00	 -15.00	 50.00	 90.0000		 0.0117	 19.5680	 0.0843	 0.5275	 0.0065	 0.5074	 
m70201c2r9.htb	 360.0	  0.03	 2.000	 10.00	 -15.00	 50.00	 270.0000		 0.0338	 18.8663	 0.5098	 0.0715	 0.0438	 0.0821	 
m70201c3r9.htb	 320.0	  0.03	 2.000	 10.00	 -20.00	 60.00	 320.0000		 -0.0033	 2.6617	 0.1533	 0.3850	 0.0052	 0.5530	 
m70201c3r9.htb	 320.0	  0.03	 2.000	 10.00	 -20.00	 60.00	 500.0000		 0.0095	 1.8311	 0.6706	 0.0242	 0.0564	 0.0478	 
m70202c1r9.htb	   0.0	  0.03	 2.000	  0.00	 -15.00	 60.00	 120.0000		 -0.0000	 0.6399	 0.0000	 0.9975	 0.0000	 0.9971	 
m70202c1r9.htb	   0.0	  0.03	 2.000	  0.00	 -15.00	 60.00	 300.0000		 -0.0032	 0.8984	 0.1756	 0.3494	 0.0130	 0.3481	 
m70202c2r9.htb	   0.0	  0.03	 2.000	 20.00	 -20.00	 60.00	 120.0000		 -0.0039	 15.5367	 0.0135	 0.8038	 0.0006	 0.8385	 
m70202c2r9.htb	   0.0	  0.03	 2.000	 20.00	 -20.00	 60.00	 300.0000		 -0.0058	 15.9490	 0.0981	 0.4940	 0.0012	 0.7761	 
m70202c3r9.htb	   0.0	  0.03	 2.000	 10.00	 -10.00	 60.00	 120.0000		 -0.0218	 12.9949	 0.2835	 0.2185	 0.0876	 0.2329	 
m70202c3r9.htb	   0.0	  0.03	 2.000	 10.00	 -10.00	 60.00	 300.0000		 0.0195	 12.0261	 0.3686	 0.1482	 0.1487	 0.1140	 
m70202c4r9.htb	  60.0	  0.03	 2.000	 20.00	 -25.00	 50.00	 120.0000		 -0.0139	 19.0078	 0.0618	 0.5910	 0.0068	 0.4984	 
m70202c4r9.htb	  60.0	  0.03	 2.000	 20.00	 -25.00	 50.00	 300.0000		 -0.0041	 19.3944	 0.0051	 0.8791	 0.0007	 0.8276	 
m70205c1r9.htb	   0.0	  0.03	 2.000	 10.00	 -10.00	 60.00	 0.0000		 0.0197	 19.1379	 0.1873	 0.3321	 0.0173	 0.2777	 
m70205c1r9.htb	   0.0	  0.03	 2.000	 10.00	 -10.00	 60.00	 180.0000		 -0.0094	 19.1339	 0.0723	 0.5599	 0.0034	 0.6292	 
m70205c2r9.htb	  90.0	  0.03	 2.000	  0.00	  0.00	 100.00	 0.0000		 0.0053	 2.6288	 0.2170	 0.2922	 0.0190	 0.2551	 
m70205c2r9.htb	  90.0	  0.03	 2.000	  0.00	  0.00	 100.00	 180.0000		 0.0002	 2.8810	 0.0005	 0.9634	 0.0000	 0.9720	 
m70205c3r9.htb	 180.0	  0.03	 2.000	 -5.00	 -10.00	 60.00	 0.0000		 0.0028	 2.0495	 0.1564	 0.3798	 0.0052	 0.5523	 
m70205c3r9.htb	 180.0	  0.03	 2.000	 -5.00	 -10.00	 60.00	 180.0000		 0.0081	 1.5349	 0.8152	 0.0054	 0.0477	 0.0693	 
m70207c1r9.htb	 360.0	  0.03	 2.000	 -10.00	 -10.00	 100.00	 0.0000		 -0.0079	 7.1442	 0.2192	 0.2893	 0.0143	 0.3241	 
m70207c1r9.htb	 360.0	  0.03	 2.000	 -10.00	 -10.00	 100.00	 180.0000		 0.0048	 6.1803	 0.0584	 0.6017	 0.0051	 0.5571	 
m70207c2r9.htb	   0.0	  0.03	 2.000	  0.00	 -20.00	 60.00	 0.0000		 -0.0014	 7.9070	 0.0110	 0.8231	 0.0006	 0.8460	 
m70207c2r9.htb	   0.0	  0.03	 2.000	  0.00	 -20.00	 60.00	 180.0000		 0.0035	 8.4048	 0.0386	 0.6730	 0.0028	 0.6618	 
m70208c1r9.htb	 360.0	  0.03	 2.000	  0.00	  0.00	 100.00	 0.0000		 0.0006	 3.1049	 0.0024	 0.9163	 0.0001	 0.9306	 
m70208c1r9.htb	 360.0	  0.03	 2.000	  0.00	  0.00	 100.00	 180.0000		 -0.0023	 2.9196	 0.0442	 0.6508	 0.0023	 0.6961	 
m70208c2r9.htb	 300.0	  0.03	 2.000	  0.00	 -15.00	 60.00	 0.0000		 0.0101	 4.7993	 0.1447	 0.3999	 0.0135	 0.3376	 
m70208c2r9.htb	 300.0	  0.03	 2.000	  0.00	 -15.00	 60.00	 180.0000		 0.0057	 4.8419	 0.0494	 0.6319	 0.0043	 0.5907	 
m70208c3r9.htb	 300.0	  0.03	 2.000	  0.00	 -20.00	 60.00	 0.0000		 0.0162	 4.1725	 0.6979	 0.0193	 0.0355	 0.1181	 
m70208c3r9.htb	 300.0	  0.03	 2.000	  0.00	 -20.00	 60.00	 180.0000		 0.0061	 4.3484	 0.1185	 0.4495	 0.0055	 0.5411	 
m70208c4r9.htb	 180.0	  0.03	 2.000	 -10.00	 -15.00	 50.00	 0.0000		 0.0083	 11.4934	 0.0441	 0.6513	 0.0029	 0.6596	 
m70208c4r9.htb	 180.0	  0.03	 2.000	 -10.00	 -15.00	 50.00	 180.0000		 0.0070	 11.7645	 0.0156	 0.7897	 0.0015	 0.7542	 
m70208c5r9.htb	   0.0	  0.03	 2.000	  0.00	 -10.00	 60.00	 0.0000		 -0.0345	 12.0827	 0.4129	 0.1196	 0.0535	 0.1812	 
m70208c5r9.htb	   0.0	  0.03	 2.000	  0.00	 -10.00	 60.00	 180.0000		 -0.0269	 11.5354	 0.2902	 0.2121	 0.0712	 0.1213	 
m70209c1r9.htb	   0.0	  0.03	 2.000	 -5.00	 -15.00	 60.00	 0.0000		 0.0087	 9.0879	 0.5061	 0.0730	 0.0097	 0.4180	 
m70209c1r9.htb	   0.0	  0.03	 2.000	 -5.00	 -15.00	 60.00	 180.0000		 -0.0026	 10.3197	 0.0676	 0.5732	 0.0009	 0.8074	 
m70209c2r9.htb	 100.0	  0.05	 2.000	 -5.00	 -15.00	 50.00	 0.0000		 -0.0080	 12.7766	 0.0321	 0.7005	 0.0046	 0.5784	 
m70209c2r9.htb	 100.0	  0.05	 2.000	 -5.00	 -15.00	 50.00	 180.0000		 0.0159	 12.1902	 0.3930	 0.1319	 0.0173	 0.2783	 
m70212c1r9.htb	  60.0	  0.03	 2.000	 10.00	 -25.00	 60.00	 0.0000		 -0.0054	 6.7007	 0.0603	 0.5954	 0.0055	 0.5407	 
m70212c1r9.htb	  60.0	  0.03	 2.000	 10.00	 -25.00	 60.00	 180.0000		 -0.0081	 6.9503	 0.2681	 0.2339	 0.0125	 0.3571	 
m70212c2r9.htb	   0.0	  0.03	 2.000	 10.00	 -20.00	 40.00	 300.0000		 0.0033	 1.9437	 0.1340	 0.4193	 0.0165	 0.2888	 
m70212c2r9.htb	   0.0	  0.03	 2.000	 10.00	 -20.00	 40.00	 480.0000		 -0.0054	 2.1453	 0.2771	 0.2248	 0.0403	 0.0956	 
m70212c3r9.htb	  50.0	  0.03	 2.000	 10.00	 -30.00	 60.00	 300.0000		 0.0083	 4.8616	 0.2406	 0.2637	 0.0074	 0.4793	 
m70212c3r9.htb	  50.0	  0.03	 2.000	 10.00	 -30.00	 60.00	 480.0000		 -0.0203	 5.9478	 0.2783	 0.2236	 0.0411	 0.0922	 
m70212c4r9.htb	   0.0	  0.03	 2.000	  0.00	 -30.00	 60.00	 300.0000		 -0.0001	 0.6716	 0.0015	 0.9334	 0.0000	 0.9550	 
m70212c4r9.htb	   0.0	  0.03	 2.000	  0.00	 -30.00	 60.00	 480.0000		 0.0013	 0.6113	 0.0259	 0.7303	 0.0033	 0.6356	 
m70213c1r9.htb	 270.0	  0.03	 2.000	 -5.00	 -15.00	 40.00	 0.0000		 -0.0001	 1.7167	 0.0004	 0.9654	 0.0000	 0.9647	 
m70213c1r9.htb	 270.0	  0.03	 2.000	 -5.00	 -15.00	 40.00	 180.0000		 -0.0051	 2.0164	 0.2738	 0.2281	 0.0273	 0.1717	 
m70216c1r9.htb	   0.0	  0.03	 4.000	  0.00	 -15.00	 60.00	 0.0000		 -0.0019	 4.8985	 0.0096	 0.8341	 0.0005	 0.8498	 
m70216c1r9.htb	   0.0	  0.03	 4.000	  0.00	 -15.00	 60.00	 180.0000		 0.0157	 5.6642	 0.2998	 0.2033	 0.0121	 0.3647	 
m70219c1r9.htb	   0.0	  0.03	 2.000	  0.00	  0.00	 120.00	 0.0000		 0.0112	 4.7058	 0.2178	 0.2911	 0.0230	 0.2102	 
m70219c1r9.htb	   0.0	  0.03	 2.000	  0.00	  0.00	 120.00	 180.0000		 -0.0198	 5.1081	 0.3115	 0.1929	 0.0476	 0.0695	 
m70221c1r9.htb	 180.0	  0.03	 2.000	 -5.00	 -15.00	 70.00	 0.0000		 0.0182	 2.4327	 0.6522	 0.0280	 0.0607	 0.0398	 
m70221c1r9.htb	 180.0	  0.03	 2.000	 -5.00	 -15.00	 70.00	 180.0000		 0.0051	 2.0490	 0.3426	 0.1674	 0.0078	 0.4662	 
m70221c2r9.htb	 180.0	  0.03	 2.000	  0.00	  0.00	 100.00	 0.0000		 0.0116	 4.4402	 0.7134	 0.0168	 0.0244	 0.1965	 
m70221c2r9.htb	 180.0	  0.03	 2.000	  0.00	  0.00	 100.00	 180.0000		 0.0060	 4.7112	 0.1423	 0.4042	 0.0056	 0.5376	 
m70222c1r9.htb	   0.0	  0.03	 2.000	  0.00	  0.00	 100.00	 0.0000		 -0.0020	 4.5665	 0.0255	 0.7325	 0.0006	 0.8447	 
m70222c1r9.htb	   0.0	  0.03	 2.000	  0.00	  0.00	 100.00	 180.0000		 0.0043	 5.0795	 0.1610	 0.3724	 0.0033	 0.6382	 
m70222c2r9.htb	 300.0	  0.03	 2.000	  0.00	  0.00	 100.00	 0.0000		 0.0075	 1.1897	 0.5599	 0.0530	 0.0312	 0.1435	 
m70222c2r9.htb	 300.0	  0.03	 2.000	  0.00	  0.00	 100.00	 180.0000		 -0.0018	 1.6684	 0.0293	 0.7137	 0.0014	 0.7558	 
m70222c4r9.htb	  50.0	  0.03	 2.000	  0.00	 -25.00	 60.00	 0.0000		 0.0070	 2.9994	 0.4017	 0.1264	 0.0159	 0.2978	 
m70222c4r9.htb	  50.0	  0.03	 2.000	  0.00	 -25.00	 60.00	 180.0000		 0.0100	 2.8490	 0.4644	 0.0918	 0.0412	 0.0920	 
m70223c1r9.htb	   0.0	  0.05	 2.000	 10.00	 10.00	 50.00	 0.0000		 0.0176	 4.7012	 0.3570	 0.1566	 0.0604	 0.0402	 
m70223c1r9.htb	   0.0	  0.05	 2.000	 10.00	 10.00	 50.00	 180.0000		 0.0026	 4.8619	 0.0174	 0.7780	 0.0011	 0.7822	 
m70223c2r9.htb	   0.0	  0.05	 2.000	  0.00	  0.00	 100.00	 0.0000		 0.0186	 8.1652	 0.2473	 0.2562	 0.0090	 0.4344	 
m70223c2r9.htb	   0.0	  0.05	 2.000	  0.00	  0.00	 100.00	 180.0000		 -0.0133	 8.0451	 0.0525	 0.6212	 0.0057	 0.5357	 
m70223c3r9.htb	   0.0	  0.05	 2.000	  0.00	  0.00	 100.00	 0.0000		 0.0188	 10.0758	 0.1281	 0.4305	 0.0217	 0.3647	 
m70223c3r9.htb	   0.0	  0.05	 2.000	  0.00	  0.00	 100.00	 180.0000		 0.0034	 9.0088	 0.0177	 0.7762	 0.0010	 0.8522	 
m70226c1r9.htb	 270.0	  0.03	 2.000	 -5.00	 -5.00	 40.00	 0.0000		 -0.0006	 1.7922	 0.0038	 0.8962	 0.0003	 0.8843	 
m70226c1r9.htb	 270.0	  0.03	 2.000	 -5.00	 -5.00	 40.00	 180.0000		 -0.0015	 2.0655	 0.0246	 0.7370	 0.0022	 0.6996	 
m70226c2r9.htb	 180.0	  0.03	 2.000	 20.00	 -5.00	 60.00	 0.0000		 0.0121	 6.6924	 0.2121	 0.2983	 0.0206	 0.2353	 
m70226c2r9.htb	 180.0	  0.03	 2.000	 20.00	 -5.00	 60.00	 180.0000		 -0.0098	 6.5206	 0.2179	 0.2910	 0.0145	 0.3206	 
m70226c3r9.htb	 180.0	  0.03	 2.000	  0.00	 -10.00	 60.00	 0.0000		 -0.0072	 7.5096	 0.0341	 0.6919	 0.0090	 0.4356	 
m70226c3r9.htb	 180.0	  0.03	 2.000	  0.00	 -10.00	 60.00	 180.0000		 -0.0112	 7.8027	 0.2288	 0.2776	 0.0180	 0.2679	 
m70306c1r9.htb	   0.0	  0.03	 2.000	 -10.00	 -10.00	 60.00	 0.0000		 -0.0031	 2.9902	 0.1464	 0.3969	 0.0033	 0.6342	 
m70306c1r9.htb	   0.0	  0.03	 2.000	 -10.00	 -10.00	 60.00	 180.0000		 0.0001	 3.0177	 0.0001	 0.9845	 0.0000	 0.9872	 
m70306c2r9.htb	 240.0	  0.03	 2.000	  0.00	  0.00	 100.00	 0.0000		 -0.0320	 9.1577	 0.5808	 0.0464	 0.1131	 0.0044	 
m70306c2r9.htb	 240.0	  0.03	 2.000	  0.00	  0.00	 100.00	 180.0000		 -0.0225	 9.3484	 0.5609	 0.0527	 0.0557	 0.0492	 
m70306c3r9.htb	  90.0	  0.03	 2.000	 20.00	 10.00	 60.00	 0.0000		 -0.0382	 14.1316	 0.8186	 0.0051	 0.0823	 0.0160	 
m70306c3r9.htb	  90.0	  0.03	 2.000	 20.00	 10.00	 60.00	 180.0000		 -0.0196	 12.7503	 0.2467	 0.2569	 0.0280	 0.1663	 
m70308c1r9.htb	   0.0	  0.03	 2.000	 20.00	 -10.00	 60.00	 0.0000		 -0.0007	 6.4365	 0.0022	 0.9211	 0.0001	 0.9393	 
m70308c1r9.htb	   0.0	  0.03	 2.000	 20.00	 -10.00	 60.00	 180.0000		 0.0116	 6.3504	 0.4680	 0.0901	 0.0175	 0.2750	 
m70308c2r9.htb	   0.0	  0.03	 2.000	 -5.00	 -5.00	 50.00	 0.0000		 0.0052	 9.5165	 0.0184	 0.7716	 0.0029	 0.6561	 
m70308c2r9.htb	   0.0	  0.03	 2.000	 -5.00	 -5.00	 50.00	 180.0000		 0.0037	 9.4370	 0.0620	 0.5902	 0.0019	 0.7194	 
m70308c3r9.htb	   0.0	  0.03	 2.000	 10.00	 -10.00	 50.00	 140.0000		 -0.0017	 9.1579	 0.0153	 0.7917	 0.0005	 0.8523	 
m70308c3r9.htb	   0.0	  0.03	 2.000	 10.00	 -10.00	 50.00	 320.0000		 0.0108	 9.4570	 0.3670	 0.1494	 0.0189	 0.2567	 
m70309c2r9.htb	   0.0	  0.03	 2.000	  0.00	 -5.00	 50.00	 270.0000		 0.0105	 12.3586	 0.1067	 0.4745	 0.0074	 0.4777	 
m70309c2r9.htb	   0.0	  0.03	 2.000	  0.00	 -5.00	 50.00	 450.0000		 0.0027	 12.4424	 0.0116	 0.8184	 0.0007	 0.8329	 
m70309c3r9.htb	   0.0	  0.03	 2.000	  5.00	  0.00	 50.00	 270.0000		 -0.0032	 18.4874	 0.0050	 0.8806	 0.0005	 0.8513	 
m70309c3r9.htb	   0.0	  0.03	 2.000	  5.00	  0.00	 50.00	 450.0000		 -0.0270	 18.7007	 0.5978	 0.0415	 0.0368	 0.1116	 
m70312c1r9.htb	   0.0	  0.03	 2.000	 -5.00	  0.00	 70.00	 0.0000		 -0.0076	 4.8682	 0.4723	 0.0880	 0.0138	 0.3327	 
m70312c1r9.htb	   0.0	  0.03	 2.000	 -5.00	  0.00	 70.00	 180.0000		 -0.0104	 4.8330	 0.4156	 0.1180	 0.0157	 0.3020	 
m70313c1r9.htb	  60.0	  0.03	 2.000	  0.00	  0.00	 100.00	 0.0000		 0.0182	 2.0058	 0.4447	 0.1018	 0.0918	 0.0108	 
m70313c1r9.htb	  60.0	  0.03	 2.000	  0.00	  0.00	 100.00	 180.0000		 -0.0078	 2.7563	 0.0965	 0.4977	 0.0121	 0.3645	 
m70313c2r9.htb	  60.0	  0.03	 2.000	 10.00	  5.00	 50.00	 0.0000		 0.0659	 18.9881	 0.7422	 0.0127	 0.0749	 0.0219	 
m70313c2r9.htb	  60.0	  0.03	 2.000	 10.00	  5.00	 50.00	 180.0000		 0.0216	 20.4134	 0.0912	 0.5104	 0.0109	 0.3906	 
m70410c1r9.htb	   0.0	  0.03	 2.000	 10.00	 -20.00	 40.00	 0.0000		 0.0128	 7.2279	 0.1811	 0.3411	 0.0130	 0.3475	 
m70410c1r9.htb	   0.0	  0.03	 2.000	 10.00	 -20.00	 40.00	 180.0000		 0.0242	 6.0002	 0.3715	 0.1462	 0.0326	 0.1348	 
m70410c2r9.htb	   0.0	  0.03	 2.000	  5.00	 -20.00	 40.00	 0.0000		 0.0105	 12.0801	 0.0948	 0.5017	 0.0045	 0.5794	 
m70410c2r9.htb	   0.0	  0.03	 2.000	  5.00	 -20.00	 40.00	 180.0000		 -0.0045	 11.9700	 0.0160	 0.7870	 0.0009	 0.8101	 
m70410c3r9.htb	   0.0	  0.03	 2.000	  0.00	  0.00	 100.00	 0.0000		 0.0289	 7.8373	 0.5284	 0.0642	 0.0333	 0.4288	 
m70410c3r9.htb	   0.0	  0.03	 2.000	  0.00	  0.00	 100.00	 180.0000		 0.0226	 11.5455	 0.0518	 0.6237	 0.0081	 0.6906	 
m70411c1r9.htb	   0.0	  0.03	 2.000	  0.00	  0.00	 100.00	 0.0000		 -0.0084	 5.0263	 0.1948	 0.3215	 0.0233	 0.2069	 
m70411c1r9.htb	   0.0	  0.03	 2.000	  0.00	  0.00	 100.00	 180.0000		 -0.0056	 4.6160	 0.1134	 0.4601	 0.0095	 0.4232	 
m70411c2r9.htb	 180.0	  0.03	 4.000	  5.00	  0.00	 100.00	 0.0000		 0.0011	 1.3200	 0.0109	 0.8238	 0.0004	 0.8082	 
m70411c2r9.htb	 180.0	  0.03	 4.000	  5.00	  0.00	 100.00	 180.0000		 -0.0019	 1.2146	 0.0825	 0.5324	 0.0018	 0.6171	 
m70412c1r9.htb	   0.0	  0.03	 2.000	  0.00	  0.00	 50.00	 0.0000		 0.0042	 2.4221	 0.1649	 0.3660	 0.0083	 0.4526	 
m70412c1r9.htb	   0.0	  0.03	 2.000	  0.00	  0.00	 50.00	 180.0000		 0.0101	 1.9003	 0.7241	 0.0152	 0.0564	 0.0478	 
m70412c2r9.htb	  90.0	  0.03	 2.000	  0.00	  0.00	 100.00	 0.0000		 0.0004	 0.9275	 0.0049	 0.8812	 0.0003	 0.8943	 
m70412c2r9.htb	  90.0	  0.03	 2.000	  0.00	  0.00	 100.00	 180.0000		 0.0036	 0.8818	 0.2324	 0.2733	 0.0302	 0.1505	 
m70417c1r9.htb	 270.0	  0.03	 2.000	  0.00	 -15.00	 50.00	 0.0000		 -0.0007	 3.0460	 0.0020	 0.9236	 0.0002	 0.9198	 
m70417c1r9.htb	 270.0	  0.03	 2.000	  0.00	 -15.00	 50.00	 180.0000		 0.0019	 3.2661	 0.0199	 0.7627	 0.0007	 0.8238	 
m70417c2r9.htb	   0.0	  0.03	 2.000	 10.00	 -15.00	 50.00	 0.0000		 0.0371	 18.2659	 0.7247	 0.0151	 0.0325	 0.1351	 
m70417c2r9.htb	   0.0	  0.03	 2.000	 10.00	 -15.00	 50.00	 180.0000		 0.0468	 17.3752	 0.2981	 0.2048	 0.0511	 0.0599	 
m70417c3r9.htb	   0.0	  0.03	 8.000	  0.00	  0.00	 100.00	 0.0000		 -0.0061	 3.0451	 0.1032	 0.4824	 0.0183	 0.6045	 
m70417c3r9.htb	   0.0	  0.03	 8.000	  0.00	  0.00	 100.00	 180.0000		 -0.0439	 6.1336	 0.3504	 0.1615	 0.1168	 0.1650	 
m70418c1r9.htb	  64.0	  0.03	 4.000	  0.00	 -20.00	 60.00	 270.0000		 0.0052	 5.4175	 0.1167	 0.4534	 0.0056	 0.5373	 
m70418c1r9.htb	  64.0	  0.03	 4.000	  0.00	 -20.00	 60.00	 450.0000		 0.0094	 4.9322	 0.2622	 0.2401	 0.0127	 0.3534	 
m70418c2r9.htb	   0.0	  0.03	 4.000	 10.00	 -10.00	 50.00	 0.0000		 0.0020	 7.2222	 0.0110	 0.8226	 0.0011	 0.7850	 
m70418c2r9.htb	   0.0	  0.03	 4.000	 10.00	 -10.00	 50.00	 180.0000		 -0.0049	 7.4824	 0.0836	 0.5294	 0.0058	 0.5314	 
m70418c3r9.htb	  60.0	  0.03	 4.000	  0.00	  0.00	 100.00	 0.0000		 0.0188	 14.3795	 0.3002	 0.2030	 0.0231	 0.2095	 
m70418c3r9.htb	  60.0	  0.03	 4.000	  0.00	  0.00	 100.00	 180.0000		 0.0276	 13.2710	 0.6707	 0.0242	 0.0509	 0.0605	 
m70419c1r9.htb	  90.0	  0.03	 4.000	  0.00	 -10.00	 50.00	 0.0000		 -0.0111	 26.1594	 0.1066	 0.4748	 0.0034	 0.6297	 
m70419c1r9.htb	  90.0	  0.03	 4.000	  0.00	 -10.00	 50.00	 180.0000		 0.0069	 25.5201	 0.1201	 0.4464	 0.0015	 0.7475	 
m70419c2r9.htb	   0.0	  0.03	 4.000	  0.00	  0.00	 40.00	 0.0000		 0.0025	 23.7974	 0.0076	 0.8526	 0.0005	 0.8602	 
m70419c2r9.htb	   0.0	  0.03	 4.000	  0.00	  0.00	 40.00	 180.0000		 0.0140	 22.7812	 0.2193	 0.2892	 0.0112	 0.3824	 
m70419c4r9.htb	   0.0	  0.03	 4.000	 10.00	 -20.00	 50.00	 0.0000		 0.0066	 6.4454	 0.0716	 0.5618	 0.0119	 0.5335	 
m70419c4r9.htb	   0.0	  0.03	 4.000	 10.00	 -20.00	 50.00	 180.0000		 0.0171	 5.7471	 0.5947	 0.0424	 0.0723	 0.1184	 
m70508c1r9.htb	  90.0	  0.03	 2.000	 -10.00	 -15.00	 50.00	 270.0000		 0.0055	 5.9284	 0.0353	 0.6866	 0.0075	 0.4745	 
m70508c1r9.htb	  90.0	  0.03	 2.000	 -10.00	 -15.00	 50.00	 450.0000		 -0.0073	 6.8368	 0.2830	 0.2190	 0.0151	 0.3109	 
m70508c2r9.htb	  90.0	  0.03	 2.000	 10.00	 -15.00	 50.00	 270.0000		 0.0114	 17.3935	 0.1538	 0.3843	 0.0088	 0.4405	 
m70508c2r9.htb	  90.0	  0.03	 2.000	 10.00	 -15.00	 50.00	 450.0000		 -0.0003	 17.1939	 0.0004	 0.9677	 0.0000	 0.9822	 
m70522c2r9.htb	   0.0	  0.03	 2.000	 10.00	 -15.00	 40.00	 0.0000		 0.0003	 2.0026	 0.0009	 0.9502	 0.0001	 0.9453	 
m70522c2r9.htb	   0.0	  0.03	 2.000	 10.00	 -15.00	 40.00	 180.0000		 -0.0070	 2.1516	 0.2856	 0.2166	 0.0370	 0.1106	 
m70522c1r9.htb	   0.0	  0.03	 2.000	  0.00	 -10.00	 60.00	 0.0000		 0.0018	 0.9827	 0.0436	 0.6533	 0.0029	 0.6563	 
m70522c1r9.htb	   0.0	  0.03	 2.000	  0.00	 -10.00	 60.00	 180.0000		 -0.0016	 1.1311	 0.0273	 0.7232	 0.0026	 0.6761	 
m70522c3r9.htb	   0.0	  0.03	 2.000	 -10.00	  0.00	 50.00	 0.0000		 0.0026	 3.1195	 0.0562	 0.6088	 0.0025	 0.6787	 
m70522c3r9.htb	   0.0	  0.03	 2.000	 -10.00	  0.00	 50.00	 180.0000		 -0.0140	 3.5158	 0.4432	 0.1026	 0.0564	 0.0477	 
