FILE			 PrfOR	 PrfSF	 PrfTF	 RFXctr	 RFYctr	 RFDiam	 GrType	 MaxLoc	 MaxRsp	 MinLoc	 MinRsp	 Spont	 TFMI		 AnovaP	 TFDI  	 VarTerm	 MaxX 	 MinX 	 TFHWHM	 TFHW25	 TFHW20	 TFHW15	 TFHW10	 RsqMn	 PMean	 RsqRaw	 Praw		 Chi2		 ChiP		 Brat		 Ampl		 Peak		 SD		 Offst		
m60110c1r3.htb	   0.0	  0.05	 2.000	  0.00	  0.00	 50.00	   0.0	 1.6200	  0.57	 0.5000	  0.08	  0.55	 24.035	 0.98127255	 0.065	  0.844	  8.00	  0.50	  0.2000	  0.2900	  0.3100	  0.3400	  0.3800	 0.2900	 0.34906024	 0.0026	 0.72496816	 0.0086	        NaN	  0.08	  0.49	 1.6218	 0.0924	 0.0141	
m60110c1r3.htb	   0.0	  0.05	 2.000	  0.00	  0.00	 50.00	   1.0	 1.6700	  1.03	 0.5000	  0.13	  0.55	 1.914	 0.90039055	 0.167	  0.863	  8.00	  0.50	  0.2300	  0.3300	  0.3500	  0.3900	  0.4300	 0.1031	 0.59832624	 0.0024	 0.73806351	 0.0580	        NaN	  0.13	  0.90	 1.6721	 0.1008	 0.0264	
m60110c2r4.htb	  30.0	  0.05	 2.000	  3.00	 -7.00	 30.00	   0.0	 1.3000	 12.42	 8.0000	  5.90	  3.23	 1.020	 0.00053613	 0.521	  0.550	  8.00	  0.50	  2.5800	  4.1500	  4.5500	  5.0000	  5.5000	 0.9367	 0.00689920	 0.3285	 0.00001362	 0.1266	        NaN	  3.05	  9.37	 1.2998	 1.1761	 0.0010	
m60110c2r4.htb	  30.0	  0.05	 2.000	  3.00	 -7.00	 30.00	   1.0	 0.5000	 14.20	 8.0000	  7.59	  3.23	 0.816	 0.00003585	 0.523	  0.468	  8.00	  0.50	  1.7000	  3.1500	  3.6100	  4.1800	  4.9300	 0.9518	 0.00456122	 0.4082	 0.00000060	 0.1884	        NaN	  6.81	  7.39	 0.5000	 1.2254	 0.1000	
m60110c3r4.htb	  90.0	  0.03	 1.000	 20.00	 -15.00	 30.00	   0.0	 1.5200	 30.77	 8.0000	 19.02	  9.14	 0.543	 0.00002332	 0.560	  0.334	  8.00	  0.50	  0.5900	  0.8800	  0.9700	  1.0700	  1.2100	 0.9052	 0.01275006	 0.4742	 0.00000090	 0.3385	        NaN	 19.02	 11.75	 1.5247	 0.2562	 0.1000	
m60110c3r4.htb	  90.0	  0.03	 1.000	 20.00	 -15.00	 30.00	   1.0	 0.6300	 21.80	 8.0000	 13.82	  9.14	 0.640	 0.00226848	 0.474	  0.530	  8.00	  0.50	  2.4000	  4.1800	  4.6600	  5.2000	  5.8200	 0.9029	 0.01324125	 0.3269	 0.00009432	 0.2860	        NaN	 10.14	 11.65	 0.6312	 1.5842	 0.1000	
m60117c2r4.htb	  90.0	  0.05	 4.000	  5.00	 -10.00	 40.00	   0.0	 1.3200	 22.34	 8.0000	 13.21	 13.03	 1.418	 0.00009946	 0.521	  0.519	  8.00	  0.50	  2.6400	  4.2000	  4.6000	  5.0400	  5.5200	 0.9555	 0.00404073	 0.3829	 0.00000167	 0.1951	        NaN	  9.13	 13.21	 1.3243	 1.1340	 0.1000	
m60117c2r4.htb	  90.0	  0.05	 4.000	  5.00	 -10.00	 40.00	   1.0	 1.4000	 22.66	 8.0000	 14.53	 13.03	 1.305	 0.00102897	 0.490	  0.480	  8.00	  0.50	  2.6200	  4.1600	  4.5400	  4.9700	  5.4500	 0.9976	 0.00004913	 0.3292	 0.00001325	 0.0189	        NaN	 11.10	 11.57	 1.3996	 1.0817	 0.1000	
m60125c1r4.htb	  30.0	  0.05	 2.000	  0.00	  0.00	 50.00	   0.0	 1.2900	  5.17	 8.0000	  2.85	  4.93	 15.363	 0.50116342	 0.283	  0.775	  8.00	  0.50	  2.7600	  4.3600	  4.7500	  5.1700	  5.6400	 0.9416	 0.00610357	 0.0661	 0.07138491	 0.0146	        NaN	  1.44	  3.73	 1.2885	 1.2670	 0.1000	
m60125c1r4.htb	  30.0	  0.05	 2.000	  0.00	  0.00	 50.00	   1.0	 2.0800	  6.93	 0.5000	  4.75	  4.93	 1.297	 0.38449026	 0.289	  0.711	  8.00	  0.50	  0.2100	  0.2900	  0.3200	  0.3400	  0.3800	 0.7709	 0.05019412	 0.0667	 0.07012075	 0.1706	        NaN	  4.75	  2.18	 2.0840	 0.0712	 0.0991	
m60125c2r4.htb	  30.0	  0.03	 2.000	 -7.00	 -3.00	 40.00	   0.0	 2.8400	 13.74	 0.5000	 10.23	  6.52	 0.486	 0.25246684	 0.306	  0.427	  8.00	  0.50	  1.3100	  2.0100	  2.2100	  2.4600	  2.8000	 0.9202	 0.00981474	 0.1012	 0.02434587	 0.0371	        NaN	 10.23	  3.51	 2.8399	 0.3109	 0.1000	
m60125c2r4.htb	  30.0	  0.03	 2.000	 -7.00	 -3.00	 40.00	   1.0	 1.4300	 14.36	 8.0000	  7.22	  6.52	 0.806	 0.00001264	 0.537	  0.447	  8.00	  0.50	  2.2700	  3.6900	  4.0800	  4.5300	  5.0700	 0.9992	 0.00001008	 0.4557	 0.00000008	 0.0028	        NaN	  5.91	  8.46	 1.4331	 0.8631	 0.1000	
m60125c2r11.htb	  30.0	  0.03	 2.000	 -7.00	 -3.00	 40.00	   0.0	 4.4600	 18.73	 0.5000	 12.50	  6.52	 0.510	 0.00453926	 0.442	  0.435	  8.00	  0.50	  0.6300	  0.9000	  0.9800	  1.0700	  1.1900	 0.6621	 0.09379302	 0.1852	 0.00181282	 0.4926	        NaN	 12.50	  6.23	 4.4593	 0.1077	 0.0612	
m60125c2r11.htb	  30.0	  0.03	 2.000	 -7.00	 -3.00	 40.00	   1.0	 1.4900	 16.35	 8.0000	  8.78	  6.52	 0.754	 0.00000002	 0.626	  0.323	  8.00	  0.50	  2.6700	  4.1900	  4.5600	  4.9800	  5.4400	 0.9927	 0.00026474	 0.5964	 0.00000000	 0.0542	        NaN	  5.23	 11.12	 1.4858	 1.0792	 0.1000	
m60125c3r2.htb	  30.0	  0.03	 2.000	  0.00	 -10.00	 30.00	   0.0	 1.3400	 19.79	 8.0000	  6.77	  2.64	 1.105	 0.00000000	 0.664	  0.488	  8.00	  0.50	  2.6400	  4.2000	  4.6000	  5.0300	  5.5100	 0.9437	 0.00577376	 0.6314	 0.00000000	 0.6602	        NaN	  0.84	 18.96	 1.3356	 1.1351	 0.1000	
m60125c3r2.htb	  30.0	  0.03	 2.000	  0.00	 -10.00	 30.00	   1.0	 1.1400	 20.86	 8.0000	  9.33	  2.64	 1.036	 0.00000011	 0.617	  0.496	  8.00	  0.50	  2.6900	  4.3200	  4.7300	  5.1900	  5.6900	 0.9153	 0.01074799	 0.5159	 0.00000000	 0.5365	        NaN	  3.10	 17.76	 1.1412	 1.2956	 0.1000	
m60125c4r5.htb	  90.0	  0.05	 2.000	  0.00	 -8.00	 30.00	   0.0	 1.0900	 18.99	 8.0000	  8.00	  3.73	 1.081	 0.00010266	 0.542	  0.722	  8.00	  0.50	  2.6400	  4.2800	  4.7000	  5.1700	  5.6800	 0.8144	 0.03603384	 0.3256	 0.00001514	 0.5322	        NaN	  2.49	 16.49	 1.0887	 1.2955	 0.1000	
m60125c4r5.htb	  90.0	  0.05	 2.000	  0.00	 -8.00	 30.00	   1.0	 1.2200	 22.21	 8.0000	  8.25	  3.73	 1.127	 0.00000116	 0.601	  0.649	  8.00	  0.50	  2.7000	  4.3100	  4.7100	  5.1500	  5.6400	 0.8984	 0.01419184	 0.4611	 0.00000006	 0.5266	        NaN	  0.80	 21.42	 1.2211	 1.2478	 0.1000	
m60201c2r4.htb	  90.0	  0.03	 2.000	  0.00	 -10.00	 50.00	   0.0	 1.2700	 25.17	 8.0000	 13.48	 14.73	 1.701	 0.00000004	 0.627	  0.408	  8.00	  0.50	  2.6500	  4.2400	  4.6500	  5.0900	  5.5800	 0.9935	 0.00022339	 0.5773	 0.00000000	 0.0430	        NaN	  7.41	 17.76	 1.2690	 1.2563	 0.0010	
m60201c2r4.htb	  90.0	  0.03	 2.000	  0.00	 -10.00	 50.00	   1.0	 1.2500	 27.62	 8.0000	 13.65	 14.73	 1.614	 0.00000011	 0.599	  0.522	  8.00	  0.50	  2.6100	  4.2000	  4.6000	  5.0500	  5.5500	 0.9774	 0.00145281	 0.5502	 0.00000000	 0.2788	        NaN	  7.55	 20.07	 1.2466	 1.1629	 0.1000	
m60201c3r7.htb	 270.0	  0.03	 2.000	  8.00	 -15.00	 50.00	   0.0	 1.8900	 24.99	 8.0000	  9.94	  5.17	 1.209	 0.00000121	 0.589	  0.703	  8.00	  0.50	  2.7600	  4.1600	  4.5000	  4.8600	  5.2400	 0.8448	 0.02726665	 0.4327	 0.00000021	 0.8120	        NaN	  1.04	 23.96	 1.8916	 0.9974	 0.1000	
m60201c3r7.htb	 270.0	  0.03	 2.000	  8.00	 -15.00	 50.00	   1.0	 1.9000	 24.28	 8.0000	 11.59	  5.17	 1.129	 0.00000525	 0.559	  0.668	  8.00	  0.50	  2.7400	  4.1400	  4.4800	  4.8400	  5.2200	 0.8733	 0.01991443	 0.4173	 0.00000041	 0.5396	        NaN	  4.36	 19.93	 1.8995	 0.9826	 0.1000	
m60201c4r8.htb	 270.0	  0.05	 2.000	  8.00	 -18.00	 50.00	   0.0	 1.2800	  5.32	 8.0000	  2.55	  2.74	 1.304	 0.08550585	 0.381	  0.551	  8.00	  0.50	  2.3100	  3.7900	  4.2000	  4.6700	  5.2200	 0.9665	 0.00263393	 0.1574	 0.00434164	 0.0174	        NaN	  1.95	  3.37	 1.2826	 0.9499	 0.1000	
m60201c4r8.htb	 270.0	  0.05	 2.000	  8.00	 -18.00	 50.00	   1.0	 1.3000	  5.54	 8.0000	  2.17	  2.74	 1.668	 0.00641375	 0.495	  0.506	  8.00	  0.50	  2.7900	  4.3800	  4.7700	  5.1900	  5.6500	 0.8034	 0.03943524	 0.2147	 0.00070142	 0.3936	        NaN	  0.00	  5.54	 1.3012	 1.2815	 0.1000	
m60203c1r4.htb	   0.0	  0.03	 2.000	 -2.00	 -12.00	 50.00	   0.0	 1.5600	 14.65	 16.0000	  5.77	  6.67	 1.835	 0.00000026	 0.629	  0.483	 16.00	  0.50	  5.1900	  8.7300	  9.6500	 10.6600	 11.7800	 0.8795	 0.00568476	 0.4432	 0.00000001	 1.0341	        NaN	  0.00	 14.65	 1.5621	 1.6633	 0.1000	
m60203c1r4.htb	   0.0	  0.03	 2.000	 -2.00	 -12.00	 50.00	   1.0	 1.7500	 14.97	 16.0000	  6.37	  6.67	 1.713	 0.00000002	 0.621	  0.423	 16.00	  0.50	  5.0700	  8.5200	  9.4300	 10.4300	 11.5500	 0.9321	 0.00176795	 0.5130	 0.00000000	 0.4166	        NaN	  1.69	 13.28	 1.7548	 1.5248	 0.0161	
m60203c2r7.htb	   0.0	  0.03	 2.000	 -5.00	 -10.00	 40.00	   0.0	 0.9700	 17.91	 16.0000	 11.18	  9.25	 1.569	 0.00001094	 0.563	  0.459	 16.00	  0.50	  5.0900	  8.9300	  9.9300	 11.0200	 12.2200	 0.6961	 0.03890776	 0.2958	 0.00000709	 1.2096	        NaN	  4.33	 13.58	 0.9680	 2.3178	 0.1000	
m60203c2r7.htb	   0.0	  0.03	 2.000	 -5.00	 -10.00	 40.00	   1.0	 1.2100	 19.60	 16.0000	  9.67	  9.25	 1.251	 0.00000000	 0.647	  0.357	 16.00	  0.50	  3.1000	  5.7000	  6.5400	  7.6100	  9.0400	 0.9524	 0.00086272	 0.6573	 0.00000000	 0.7002	        NaN	  8.95	 10.65	 1.2078	 1.0816	 0.1000	
m60203c3r4.htb	   0.0	  0.03	 2.000	  5.00	 -20.00	 40.00	   0.0	 0.5000	 13.35	 16.0000	  4.56	  6.11	 1.557	 0.00302291	 0.524	  0.718	 16.00	  0.50	  3.3500	  6.7800	  7.8600	  9.1700	 10.7800	 0.9054	 0.00346924	 0.3448	 0.00004350	 0.5416	        NaN	  2.08	 11.27	 0.5000	 1.8903	 0.1000	
m60203c3r4.htb	   0.0	  0.03	 2.000	  5.00	 -20.00	 40.00	   1.0	 1.1600	 15.89	 16.0000	  6.19	  6.11	 1.210	 0.00005040	 0.579	  0.541	 16.00	  0.50	  2.4800	  4.5500	  5.2500	  6.1600	  7.4600	 0.9992	 0.00000025	 0.5175	 0.00000008	 0.0016	        NaN	  5.92	  9.97	 1.1594	 0.9694	 0.0371	
m60207c1r4.htb	 120.0	  0.03	 2.000	 -8.00	 -12.00	 50.00	   0.0	 2.4500	  8.43	 16.0000	  1.64	  1.09	 1.149	 0.00000000	 0.657	  0.486	 16.00	  0.50	  4.6300	  7.6600	  8.4900	  9.4400	 10.5600	 0.8359	 0.01071355	 0.5375	 0.00000000	 1.1213	        NaN	  0.00	  8.43	 2.4456	 1.0200	 0.1000	
m60207c1r4.htb	 120.0	  0.03	 2.000	 -8.00	 -12.00	 50.00	   1.0	 2.5000	 10.47	 16.0000	  2.31	  1.09	 1.129	 0.00000000	 0.683	  0.426	 16.00	  0.50	  4.7900	  7.8500	  8.6800	  9.6100	 10.6900	 0.9361	 0.00156438	 0.5885	 0.00000000	 0.9473	        NaN	  0.00	 10.47	 2.5028	 1.0474	 0.1000	
m60207c2r4.htb	 300.0	  0.03	 4.000	  0.00	 -2.00	 50.00	   0.0	 1.3900	  8.68	 16.0000	  6.05	  4.48	 0.654	 0.00062730	 0.472	  0.268	 16.00	  0.50	  2.9400	  5.3100	  6.0700	  7.0600	  8.4100	 0.9083	 0.00325786	 0.2929	 0.00000800	 0.3479	        NaN	  5.93	  2.75	 1.3866	 0.9560	 0.1000	
m60207c2r4.htb	 300.0	  0.03	 4.000	  0.00	 -2.00	 50.00	   1.0	 0.5000	  9.64	 16.0000	  6.09	  4.48	 0.822	 0.00071589	 0.453	  0.395	 16.00	  0.50	  3.3400	  6.8800	  7.9900	  9.3200	 10.9400	 0.8530	 0.00853193	 0.2720	 0.00001931	 0.4269	        NaN	  4.82	  4.81	 0.5000	 2.1196	 0.0010	
m60301c1r3.htb	  30.0	  0.03	 2.000	  0.00	 -5.00	 40.00	   0.0	 2.0800	  7.86	 16.0000	  2.80	  0.70	 0.926	 0.00001927	 0.535	  0.474	 16.00	  0.50	  4.7600	  7.9700	  8.8300	  9.8200	 10.9600	 0.9343	 0.00165665	 0.3847	 0.00000013	 0.3975	        NaN	  1.23	  6.64	 2.0842	 1.1775	 0.1000	
m60301c1r3.htb	  30.0	  0.03	 2.000	  0.00	 -5.00	 40.00	   1.0	 0.8500	  7.07	 16.0000	  2.64	  0.70	 0.836	 0.00000001	 0.588	  0.343	 16.00	  0.50	  2.4300	  4.6200	  5.3700	  6.3500	  7.7600	 0.9915	 0.00002747	 0.5635	 0.00000000	 0.1156	        NaN	  2.46	  4.61	 0.8469	 1.1053	 0.1000	
m60301c2r3.htb	  30.0	  0.03	 2.000	 -5.00	 -10.00	 40.00	   0.0	 2.1800	  7.10	 16.0000	  2.51	  0.85	 0.863	 0.00000063	 0.580	  0.389	 16.00	  0.50	  4.2900	  7.2600	  8.1100	  9.1100	 10.3200	 0.9939	 0.00001420	 0.4833	 0.00000000	 0.0207	        NaN	  1.70	  5.40	 2.1841	 1.0026	 0.1000	
m60301c2r3.htb	  30.0	  0.03	 2.000	 -5.00	 -10.00	 40.00	   1.0	 1.2200	  6.12	 16.0000	  2.70	  0.85	 0.922	 0.00084506	 0.481	  0.444	 16.00	  0.50	  4.8200	  8.4400	  9.4200	 10.5100	 11.7500	 0.9853	 0.00008122	 0.3095	 0.00000392	 0.0187	        NaN	  0.82	  5.30	 1.2239	 1.7374	 0.1000	
m60301c3r3.htb	  30.0	  0.03	 2.000	 10.00	 -5.00	 40.00	   0.0	 3.0200	 22.34	 0.5000	 13.63	  6.69	 0.602	 0.00000047	 0.598	  0.437	 16.00	  0.50	  3.8700	  6.3800	  7.1100	  8.0000	  9.1300	 0.8671	 0.00693970	 0.4266	 0.00000002	 0.7308	        NaN	 12.93	  9.42	 3.0157	 0.7236	 0.1000	
m60301c3r3.htb	  30.0	  0.03	 2.000	 10.00	 -5.00	 40.00	   1.0	 1.4500	 21.62	 16.0000	 12.26	  6.69	 0.649	 0.00004224	 0.467	  0.554	 16.00	  0.50	  3.6300	  6.5100	  7.4000	  8.4900	  9.8900	 0.8811	 0.00552296	 0.3463	 0.00000076	 0.4329	        NaN	 11.14	 10.48	 1.4487	 1.1067	 0.1000	
m60301c4r3.htb	  30.0	  0.03	 4.000	 20.00	 -10.00	 50.00	   0.0	 4.0200	 23.96	 0.5000	 16.76	  8.86	 0.478	 0.18498449	 0.367	  0.968	 16.00	  0.50	  3.5600	  5.8100	  6.5100	  7.4000	  8.6600	 0.7754	 0.02054678	 0.0999	 0.01474280	 0.2102	        NaN	 16.75	  7.21	 4.0175	 0.5284	 0.1000	
m60301c4r3.htb	  30.0	  0.03	 4.000	 20.00	 -10.00	 50.00	   1.0	 6.2600	 24.35	 0.5000	 16.58	  8.86	 0.490	 0.72171918	 0.246	  0.993	 16.00	  0.50	  1.9300	  2.8900	  3.1600	  3.4900	  3.9400	 0.8080	 0.01482455	 0.0406	 0.12271516	 0.0767	        NaN	 16.58	  7.76	 6.2591	 0.2240	 0.1000	
m60302c1r3.htb	  30.0	  0.03	 2.000	  0.00	 -2.00	 50.00	   0.0	 2.0900	  8.88	 16.0000	  2.24	  1.39	 1.091	 0.00000000	 0.677	  0.348	 16.00	  0.50	  4.4900	  7.5800	  8.4500	  9.4500	 10.6400	 0.9549	 0.00077373	 0.6417	 0.00000000	 0.4299	        NaN	  0.71	  8.17	 2.0923	 1.0876	 0.1000	
m60302c1r3.htb	  30.0	  0.03	 2.000	  0.00	 -2.00	 50.00	   1.0	 1.4700	  7.10	 16.0000	  3.76	  1.39	 1.022	 0.00002387	 0.543	  0.322	 16.00	  0.50	  4.9700	  8.5100	  9.4500	 10.4900	 11.6700	 0.9430	 0.00124286	 0.3836	 0.00000013	 0.2137	        NaN	  1.95	  5.15	 1.4685	 1.6104	 0.1000	
m60302c3r3.htb	  30.0	  0.03	 4.000	 -5.00	 -5.00	 60.00	   0.0	 1.8700	  7.88	 16.0000	  3.64	  3.53	 1.527	 0.00000290	 0.577	  0.352	 16.00	  0.50	  5.2100	  8.6200	  9.5000	 10.4700	 11.5500	 0.8799	 0.00563973	 0.3998	 0.00000006	 0.9385	        NaN	  1.24	  6.64	 1.8654	 1.4741	 0.1000	
m60302c3r3.htb	  30.0	  0.03	 4.000	 -5.00	 -5.00	 60.00	   1.0	 1.6100	  8.14	 16.0000	  3.78	  3.53	 1.516	 0.00000187	 0.589	  0.348	 16.00	  0.50	  5.1400	  8.6500	  9.5600	 10.5700	 11.7000	 0.8723	 0.00639579	 0.4046	 0.00000005	 0.5856	        NaN	  1.20	  6.94	 1.6129	 1.5944	 0.1000	
m60302c4r3.htb	  30.0	  0.03	 4.000	 -5.00	  0.00	 50.00	   0.0	 1.7800	 24.40	 16.0000	 11.50	  8.76	 1.264	 0.00000245	 0.556	  0.693	 16.00	  0.50	  5.1100	  8.5500	  9.4400	 10.4300	 11.5400	 0.8920	 0.00453930	 0.4086	 0.00000004	 0.5843	        NaN	  4.63	 19.78	 1.7752	 1.4786	 0.1000	
m60302c4r3.htb	  30.0	  0.03	 4.000	 -5.00	  0.00	 50.00	   1.0	 1.2900	 26.92	 16.0000	 13.00	  8.76	 1.218	 0.00000000	 0.642	  0.459	 16.00	  0.50	  4.8500	  8.4500	  9.4100	 10.4900	 11.7100	 0.9013	 0.00378046	 0.5736	 0.00000000	 1.1351	        NaN	  5.43	 21.49	 1.2864	 1.6978	 0.1000	
m60404c3r3.htb	   0.0	  0.03	 2.000	 10.00	 10.00	 30.00	   0.0	 0.9200	  4.16	 16.0000	  0.23	  0.90	 1.205	 0.00000002	 0.581	  0.515	 16.00	  0.50	  1.1700	  1.9700	  2.2200	  2.5600	  3.0400	 0.9795	 0.00015795	 0.5387	 0.00000000	 0.2517	        NaN	  0.23	  3.93	 0.9186	 0.6431	 0.1000	
m60404c3r3.htb	   0.0	  0.03	 2.000	 10.00	 10.00	 30.00	   1.0	 0.5000	  2.58	 16.0000	  0.43	  0.90	 1.245	 0.00228389	 0.465	  0.588	 16.00	  0.50	  2.3300	  4.9000	  5.8100	  7.0100	  8.6600	 0.8649	 0.00718238	 0.2465	 0.00005478	 0.5039	        NaN	  0.23	  2.35	 0.5000	 1.5593	 0.0010	
m60404c4r3.htb	   0.0	  0.03	 1.000	 10.00	  5.00	 40.00	   0.0	 1.4200	 12.58	 16.0000	  5.50	  4.63	 1.351	 0.00000000	 0.663	  0.323	 16.00	  0.50	  4.9100	  8.4500	  9.3900	 10.4500	 11.6500	 0.9170	 0.00266121	 0.5952	 0.00000000	 1.0477	        NaN	  1.84	 10.75	 1.4225	 1.6085	 0.1000	
m60404c4r3.htb	   0.0	  0.03	 1.000	 10.00	  5.00	 40.00	   1.0	 1.3100	 12.23	 16.0000	  4.04	  4.63	 1.343	 0.00000000	 0.660	  0.392	 16.00	  0.50	  4.0300	  7.2900	  8.2600	  9.4000	 10.7700	 0.9585	 0.00065365	 0.6161	 0.00000000	 0.4740	        NaN	  2.08	 10.15	 1.3071	 1.3801	 0.0010	
m60404c5r3.htb	   0.0	  0.03	 2.000	  0.00	  0.00	 40.00	   0.0	 1.3400	 15.80	 16.0000	  6.19	  6.52	 1.512	 0.00000000	 0.695	  0.321	 16.00	  0.50	  4.7400	  8.2700	  9.2300	 10.3200	 11.5600	 0.9980	 0.00000145	 0.7216	 0.00000000	 0.0325	        NaN	  1.77	 14.03	 1.3414	 1.5875	 0.1000	
m60404c5r3.htb	   0.0	  0.03	 2.000	  0.00	  0.00	 40.00	   1.0	 0.8800	 15.13	 16.0000	  7.67	  6.52	 1.284	 0.00000000	 0.611	  0.373	 16.00	  0.50	  3.3700	  6.5000	  7.4900	  8.7100	 10.2500	 0.8702	 0.00661417	 0.5421	 0.00000000	 1.9747	        NaN	  6.34	  8.79	 0.8845	 1.4888	 0.0010	
m60405c2r3.htb	   0.0	  0.03	 2.000	 -10.00	 -15.00	 40.00	   0.0	 1.3800	 13.28	 16.0000	  6.56	  7.11	 1.094	 0.00002428	 0.512	  0.511	 16.00	  0.50	  1.9100	  3.2600	  3.7100	  4.2800	  5.1200	 0.9719	 0.00029856	 0.3949	 0.00000008	 0.1281	        NaN	  6.54	  6.75	 1.3833	 0.6986	 0.1000	
m60405c2r3.htb	   0.0	  0.03	 2.000	 -10.00	 -15.00	 40.00	   1.0	 1.4000	 13.61	 16.0000	  7.63	  7.11	 1.003	 0.00669888	 0.428	  0.616	 16.00	  0.50	  1.7300	  2.9200	  3.3100	  3.8100	  4.5300	 0.9460	 0.00111384	 0.2378	 0.00007760	 0.1072	        NaN	  7.62	  5.99	 1.3973	 0.6496	 0.1000	
m60405c3r3.htb	 270.0	  0.03	 2.000	 -5.00	 -15.00	 40.00	   0.0	 1.3700	 18.37	 16.0000	  5.58	  5.62	 1.088	 0.00000000	 0.626	  0.536	 16.00	  0.50	  3.3300	  6.0200	  6.8700	  7.9400	  9.3500	 0.9948	 0.00001022	 0.6166	 0.00000000	 0.1108	        NaN	  4.50	 13.87	 1.3720	 1.0596	 0.1000	
m60405c3r3.htb	 270.0	  0.03	 2.000	 -5.00	 -15.00	 40.00	   1.0	 1.0700	 18.25	 16.0000	  5.63	  5.62	 1.144	 0.00000000	 0.668	  0.462	 16.00	  0.50	  3.7800	  7.0000	  7.9700	  9.1500	 10.6000	 0.9523	 0.00086629	 0.6823	 0.00000000	 0.8384	        NaN	  3.08	 15.17	 1.0703	 1.3873	 0.1000	
m60414c1r3.htb	 180.0	  0.05	 2.000	 -8.00	 -8.00	 50.00	   0.0	 2.6900	  3.26	 16.0000	  0.85	  0.90	 1.021	 0.27564940	 0.340	  0.941	 16.00	  0.50	  1.7900	  2.8200	  3.1300	  3.5200	  4.0600	 0.6824	 0.04273921	 0.0736	 0.03606118	 0.2551	        NaN	  0.85	  2.41	 2.6947	 0.4170	 0.1000	
m60414c1r3.htb	 180.0	  0.05	 2.000	 -8.00	 -8.00	 50.00	   1.0	 2.1100	  2.38	 16.0000	  1.10	  0.90	 1.036	 0.84987204	 0.187	  0.994	 16.00	  0.50	  4.5100	  7.6300	  8.5000	  9.5100	 10.6900	 0.5092	 0.11132476	 0.0180	 0.30703405	 0.0208	        NaN	  0.78	  1.60	 2.1054	 1.1306	 0.0010	
m60414c3r3.htb	 180.0	  0.05	 2.000	 -10.00	  0.00	 30.00	   0.0	 1.5600	 20.40	 16.0000	 11.64	 13.03	 1.237	 0.00001077	 0.525	  0.473	 16.00	  0.50	  2.9500	  5.2300	  5.9700	  6.9200	  8.2200	 0.9893	 0.00004307	 0.4207	 0.00000002	 0.0479	        NaN	 11.29	  9.12	 1.5561	 0.8911	 0.1000	
m60414c3r3.htb	 180.0	  0.05	 2.000	 -10.00	  0.00	 30.00	   1.0	 1.6200	 20.57	 16.0000	 12.44	 13.03	 1.318	 0.00000136	 0.559	  0.374	 16.00	  0.50	  4.5000	  7.8000	  8.7200	  9.7900	 11.0400	 0.9872	 0.00006164	 0.4643	 0.00000000	 0.0520	        NaN	 10.05	 10.52	 1.6167	 1.2998	 0.1000	
m60419c2r3.htb	 180.0	  0.03	 2.000	 10.00	 -10.00	 40.00	   0.0	 1.3900	 16.95	 16.0000	 12.93	 11.89	 1.066	 0.47783477	 0.328	  0.653	 16.00	  0.50	  4.4100	  7.8300	  8.7900	  9.9000	 11.1900	 0.8570	 0.00806669	 0.0670	 0.04583897	 0.0864	        NaN	 11.55	  5.40	 1.3898	 1.4762	 0.0010	
m60419c2r3.htb	 180.0	  0.03	 2.000	 10.00	 -10.00	 40.00	   1.0	 1.4300	 17.68	 16.0000	 12.62	 11.89	 0.964	 0.12888631	 0.350	  0.585	 16.00	  0.50	  2.3200	  4.0900	  4.6800	  5.4500	  6.5600	 0.9675	 0.00039941	 0.1381	 0.00346547	 0.0392	        NaN	 12.55	  5.13	 1.4332	 0.8200	 0.0010	
m60420c2r3.htb	   0.0	  0.03	 2.000	  5.00	  0.00	 40.00	   0.0	 1.8500	 33.46	 16.0000	 16.60	 13.33	 1.041	 0.00000000	 0.572	  0.584	 16.00	  0.50	  4.3700	  7.5400	  8.4400	  9.4900	 10.7300	 0.9483	 0.00101816	 0.5466	 0.00000000	 1.0748	        NaN	 12.51	 20.95	 1.8463	 1.1945	 0.0010	
m60420c2r3.htb	   0.0	  0.03	 2.000	  5.00	  0.00	 40.00	   1.0	 1.1000	 33.95	 16.0000	 16.65	 13.33	 0.970	 0.00000000	 0.626	  0.465	 16.00	  0.50	  3.0500	  5.6600	  6.5200	  7.6000	  9.0600	 0.9738	 0.00025955	 0.6733	 0.00000000	 0.3907	        NaN	 15.35	 18.59	 1.1019	 1.1251	 0.1000	
m60515c4r3.htb	   0.0	  0.03	 2.000	 -10.00	 10.00	 40.00	   0.0	 1.9400	  6.02	 16.0000	  1.62	  1.14	 1.194	 0.00000004	 0.611	  0.372	 16.00	  0.50	  4.7300	  7.9800	  8.8700	  9.8700	 11.0400	 0.9164	 0.00269896	 0.4939	 0.00000000	 0.4408	        NaN	  0.20	  5.82	 1.9351	 1.2299	 0.1000	
m60515c4r3.htb	   0.0	  0.03	 2.000	 -10.00	 10.00	 40.00	   1.0	 1.3000	  6.08	 16.0000	  1.57	  1.14	 1.057	 0.00000001	 0.609	  0.389	 16.00	  0.50	  2.2100	  3.8900	  4.4500	  5.1800	  6.2400	 0.9328	 0.00173400	 0.5334	 0.00000000	 0.7702	        NaN	  1.52	  4.56	 1.3046	 0.8036	 0.1000	
m60517c1r3.htb	   0.0	  0.03	 2.000	  0.00	  0.00	 40.00	   0.0	 1.5400	  9.34	 16.0000	  6.17	  2.19	 0.493	 0.00015805	 0.477	  0.307	 16.00	  0.50	  3.6200	  6.4600	  7.3300	  8.4000	  9.7800	 0.7829	 0.01914424	 0.2816	 0.00001290	 1.6713	        NaN	  5.82	  3.52	 1.5418	 1.0624	 0.1000	
m60517c1r3.htb	   0.0	  0.03	 2.000	  0.00	  0.00	 40.00	   1.0	 1.1500	  9.86	 16.0000	  5.81	  2.19	 0.543	 0.00000096	 0.551	  0.275	 16.00	  0.50	  3.3500	  6.2000	  7.1000	  8.2300	  9.6900	 0.9824	 0.00011704	 0.4692	 0.00000000	 0.1482	        NaN	  5.36	  4.50	 1.1497	 1.1873	 0.1000	
m60517c2r3.htb	   0.0	  0.03	 2.000	 -10.00	 -10.00	 40.00	   0.0	 1.2500	  4.46	 16.0000	  1.34	  1.34	 1.431	 0.00003252	 0.558	  0.450	 16.00	  0.50	  4.6200	  8.1600	  9.1300	 10.2400	 11.5100	 0.7550	 0.02465323	 0.3015	 0.00000555	 0.9003	        NaN	  0.00	  4.46	 1.2528	 1.5988	 0.1000	
m60517c2r3.htb	   0.0	  0.03	 2.000	 -10.00	 -10.00	 40.00	   1.0	 1.0400	  5.31	 16.0000	  1.46	  1.34	 1.150	 0.00000029	 0.564	  0.429	 16.00	  0.50	  1.9200	  3.4200	  3.9300	  4.6000	  5.5800	 0.9171	 0.00264935	 0.4599	 0.00000000	 0.6389	        NaN	  1.43	  3.88	 1.0443	 0.8347	 0.1000	
m60517c3r3.htb	   0.0	  0.03	 2.000	 10.00	 -10.00	 30.00	   0.0	 1.1900	 16.61	 16.0000	  3.43	  2.99	 0.989	 0.00000000	 0.648	  0.582	 16.00	  0.50	  2.4500	  4.4300	  5.0900	  5.9600	  7.2000	 0.9239	 0.00222725	 0.6049	 0.00000000	 1.1573	        NaN	  3.13	 13.48	 1.1932	 0.9123	 0.1000	
m60517c3r3.htb	   0.0	  0.03	 2.000	 10.00	 -10.00	 30.00	   1.0	 1.2300	 17.11	 16.0000	  3.39	  2.99	 0.990	 0.00000000	 0.659	  0.600	 16.00	  0.50	  2.4200	  4.3700	  5.0200	  5.8700	  7.0800	 0.8738	 0.00624119	 0.5871	 0.00000000	 2.9532	        NaN	  3.11	 13.99	 1.2270	 0.8926	 0.1000	
m60517c4r3.htb	   0.0	  0.03	 2.000	  5.00	 -8.00	 30.00	   0.0	 1.1200	 29.24	 16.0000	 10.24	  4.38	 0.783	 0.00000000	 0.689	  0.462	 16.00	  0.50	  2.4400	  4.4600	  5.1300	  6.0200	  7.3000	 0.9471	 0.00106684	 0.7558	 0.00000000	 1.1816	        NaN	  9.77	 19.47	 1.1193	 0.9465	 0.1000	
m60517c4r3.htb	   0.0	  0.03	 2.000	  5.00	 -8.00	 30.00	   1.0	 1.1400	 28.86	 16.0000	 11.48	  4.38	 0.753	 0.00000000	 0.730	  0.403	 16.00	  0.50	  2.3200	  4.2100	  4.8400	  5.6700	  6.8800	 0.8614	 0.00756671	 0.6925	 0.00000000	 5.0763	        NaN	 11.16	 17.70	 1.1350	 0.9069	 0.1000	
m60517c5r3.htb	   0.0	  0.03	 2.000	 10.00	 -10.00	 40.00	   0.0	 2.3800	 32.87	 16.0000	 15.25	 10.25	 1.178	 0.00000001	 0.612	  0.617	 16.00	  0.50	  5.2800	  8.5100	  9.3300	 10.2400	 11.2400	 0.9789	 0.00016864	 0.5538	 0.00000000	 0.2301	        NaN	  6.23	 26.64	 2.3752	 1.2724	 0.1000	
m60517c5r3.htb	   0.0	  0.03	 2.000	 10.00	 -10.00	 40.00	   1.0	 1.0400	 29.99	 16.0000	 12.72	 10.25	 1.122	 0.00000001	 0.578	  0.669	 16.00	  0.50	  3.7500	  6.9600	  7.9400	  9.1200	 10.5800	 0.9715	 0.00030656	 0.5467	 0.00000000	 0.2338	        NaN	  9.27	 20.72	 1.0424	 1.3970	 0.1000	
m60517c6r3.htb	   0.0	  0.03	 2.000	  8.00	 10.00	 40.00	   0.0	 1.8500	 24.29	 16.0000	  9.88	  6.07	 1.278	 0.00000000	 0.712	  0.405	 16.00	  0.50	  5.2700	  8.7100	  9.5900	 10.5500	 11.6200	 0.9086	 0.00323417	 0.6373	 0.00000000	 1.3918	        NaN	  1.01	 23.28	 1.8487	 1.5199	 0.1000	
m60517c6r3.htb	   0.0	  0.03	 2.000	  8.00	 10.00	 40.00	   1.0	 1.1200	 24.35	 16.0000	  8.62	  6.07	 1.269	 0.00000000	 0.720	  0.383	 16.00	  0.50	  4.5800	  8.1800	  9.1700	 10.3000	 11.6000	 0.9367	 0.00153387	 0.7204	 0.00000000	 1.3305	        NaN	  1.29	 23.06	 1.1193	 1.7038	 0.1000	
m60518c2r3.htb	   0.0	  0.03	 2.000	 -8.00	 -5.00	 40.00	   0.0	 2.3700	 17.84	 16.0000	  2.61	  0.60	 1.035	 0.00000000	 0.738	  0.546	 16.00	  0.50	  4.3200	  7.2400	  8.0700	  9.0400	 10.2200	 0.8469	 0.00927757	 0.6426	 0.00000000	 2.7344	        NaN	  0.00	 17.84	 2.3719	 0.9560	 0.1000	
m60518c2r3.htb	   0.0	  0.03	 2.000	 -8.00	 -5.00	 40.00	   1.0	 1.6000	 18.97	 16.0000	  1.16	  0.60	 1.011	 0.00000000	 0.768	  0.463	 16.00	  0.50	  2.6700	  4.6800	  5.3300	  6.1800	  7.3700	 0.9733	 0.00026878	 0.8587	 0.00000000	 1.5825	        NaN	  0.78	 18.20	 1.6041	 0.8098	 0.1000	
m60519c3r3.htb	   0.0	  0.03	 2.000	 -5.00	 -5.00	 30.00	   0.0	 1.4300	 28.93	 16.0000	  5.78	  5.72	 1.061	 0.00000000	 0.722	  0.549	 16.00	  0.50	  3.1700	  5.7000	  6.5200	  7.5400	  8.9200	 0.9932	 0.00001742	 0.8096	 0.00000000	 0.1593	        NaN	  4.30	 24.64	 1.4308	 0.9929	 0.1000	
m60519c3r3.htb	   0.0	  0.03	 2.000	 -5.00	 -5.00	 30.00	   1.0	 1.4600	 30.26	 16.0000	  8.63	  5.72	 0.980	 0.00000000	 0.716	  0.468	 16.00	  0.50	  2.7300	  4.8500	  5.5500	  6.4500	  7.7100	 0.9692	 0.00035873	 0.7866	 0.00000000	 0.7626	        NaN	  8.00	 22.26	 1.4577	 0.8745	 0.1000	
m60523c1r3.htb	   0.0	  0.03	 2.000	  0.00	  0.00	 40.00	   0.0	 1.5800	 15.45	 16.0000	  7.42	  7.56	 1.159	 0.00011442	 0.469	  0.605	 16.00	  0.50	  3.8300	  6.7900	  7.6800	  8.7600	 10.1100	 0.9435	 0.00122179	 0.3473	 0.00000073	 0.2006	        NaN	  6.31	  9.14	 1.5830	 1.1008	 0.1000	
m60523c1r3.htb	   0.0	  0.03	 2.000	  0.00	  0.00	 40.00	   1.0	 1.6500	 16.42	 16.0000	  7.34	  7.56	 1.341	 0.00003916	 0.529	  0.580	 16.00	  0.50	  4.9100	  8.3400	  9.2500	 10.2800	 11.4500	 0.9994	 0.00000012	 0.3946	 0.00000008	 0.0118	        NaN	  3.26	 13.16	 1.6493	 1.4497	 0.1000	
m60523c2r3.htb	   0.0	  0.03	 2.000	  0.00	 -10.00	 40.00	   0.0	 2.2800	 25.44	 16.0000	 14.45	  9.75	 1.151	 0.00038137	 0.507	  0.717	 16.00	  0.50	  5.4500	  8.7500	  9.5700	 10.4700	 11.4500	 0.8053	 0.01525787	 0.2708	 0.00002026	 0.5583	        NaN	  7.38	 18.06	 2.2839	 1.3944	 0.1000	
m60523c2r3.htb	   0.0	  0.03	 2.000	  0.00	 -10.00	 40.00	   1.0	 1.3600	 29.14	 16.0000	 11.00	  9.75	 1.082	 0.00000003	 0.578	  0.728	 16.00	  0.50	  3.4900	  6.3300	  7.2200	  8.3100	  9.7300	 0.9243	 0.00220570	 0.5013	 0.00000000	 0.4313	        NaN	  9.03	 20.11	 1.3589	 1.1136	 0.1000	
m60523c3r3.htb	   0.0	  0.03	 2.000	  0.00	 -10.00	 40.00	   0.0	 3.8900	  6.31	 0.5000	  4.52	  2.49	 0.468	 0.05657336	 0.398	  0.367	 16.00	  0.50	  2.1700	  3.3700	  3.7300	  4.1800	  4.7900	 0.6736	 0.04531658	 0.1187	 0.00702678	 0.2398	        NaN	  4.52	  1.79	 3.8913	 0.3666	 0.1000	
m60523c3r3.htb	   0.0	  0.03	 2.000	  0.00	 -10.00	 40.00	   1.0	 1.4000	  5.16	 16.0000	  2.99	  2.49	 0.583	 0.00701646	 0.429	  0.447	 16.00	  0.50	  2.0700	  3.6300	  4.1400	  4.8100	  5.7900	 0.7509	 0.02553202	 0.1876	 0.00054676	 0.5163	        NaN	  2.97	  2.18	 1.4012	 0.7708	 0.0010	
m60523c4r3.htb	   0.0	  0.03	 2.000	 -10.00	 -10.00	 40.00	   0.0	 2.3400	 24.71	 16.0000	 16.16	  7.91	 0.742	 0.00009298	 0.515	  0.453	 16.00	  0.50	  5.1800	  8.4100	  9.2300	 10.1500	 11.1800	 0.9543	 0.00079510	 0.3563	 0.00000048	 0.2519	        NaN	 12.25	 12.46	 2.3404	 1.2399	 0.1000	
m60523c4r3.htb	   0.0	  0.03	 2.000	 -10.00	 -10.00	 40.00	   1.0	 0.8800	 25.73	 16.0000	 15.63	  7.91	 0.662	 0.00000221	 0.561	  0.552	 16.00	  0.50	  2.5300	  4.8000	  5.5800	  6.5900	  8.0200	 0.7565	 0.02433764	 0.3482	 0.00000070	 1.4117	        NaN	 15.18	 10.55	 0.8792	 1.1147	 0.1000	
m60524c1r3.htb	   0.0	  0.03	 2.000	 -5.00	 -7.00	 30.00	   0.0	 1.4800	  3.26	 16.0000	  0.44	  0.75	 1.144	 0.00002627	 0.522	  0.549	 16.00	  0.50	  2.5900	  4.5700	  5.2100	  6.0600	  7.2500	 0.7842	 0.01889950	 0.3172	 0.00000281	 0.6829	        NaN	  0.38	  2.87	 1.4836	 0.8308	 0.1000	
m60524c1r3.htb	   0.0	  0.03	 2.000	 -5.00	 -7.00	 30.00	   1.0	 0.5000	  3.76	 16.0000	  1.05	  0.75	 1.026	 0.00000291	 0.537	  0.438	 16.00	  0.50	  1.9900	  4.1500	  4.9400	  6.0000	  7.5300	 0.8967	 0.00414859	 0.4074	 0.00000004	 0.7502	        NaN	  0.91	  2.85	 0.5000	 1.4072	 0.0010	
m60524c2r3.htb	   0.0	  0.03	 2.000	 -10.00	  0.00	 30.00	   0.0	 1.6900	  9.28	 16.0000	  1.08	  1.14	 1.053	 0.00000352	 0.589	  0.700	 16.00	  0.50	  3.0800	  5.4200	  6.1700	  7.1200	  8.4100	 0.9741	 0.00025474	 0.4385	 0.00000001	 0.0890	        NaN	  0.71	  8.57	 1.6862	 0.8756	 0.1000	
m60524c2r3.htb	   0.0	  0.03	 2.000	 -10.00	  0.00	 30.00	   1.0	 1.7200	 10.82	 16.0000	  2.04	  1.14	 0.976	 0.00000033	 0.598	  0.606	 16.00	  0.50	  2.5700	  4.4400	  5.0500	  5.8400	  6.9500	 0.9625	 0.00053272	 0.4804	 0.00000000	 0.2816	        NaN	  1.90	  8.92	 1.7180	 0.7538	 0.1000	
m60524c3r3.htb	 240.0	  0.03	 2.000	  0.00	  7.00	 30.00	   0.0	 1.1300	  4.42	 16.0000	  2.49	  1.04	 0.664	 0.24763223	 0.340	  0.609	 16.00	  0.50	  3.6300	  6.7100	  7.6600	  8.8200	 10.2800	 0.7500	 0.02572994	 0.0848	 0.02399926	 0.1652	        NaN	  2.18	  2.24	 1.1267	 1.2947	 0.1000	
m60524c3r3.htb	 240.0	  0.03	 2.000	  0.00	  7.00	 30.00	   1.0	 1.6200	  4.56	 16.0000	  1.32	  1.04	 0.841	 0.05289534	 0.410	  0.744	 16.00	  0.50	  3.5200	  6.2500	  7.0900	  8.1400	  9.5000	 0.8584	 0.00790631	 0.1535	 0.00196495	 0.2969	        NaN	  1.03	  3.53	 1.6214	 1.0037	 0.1000	
m60524c4r3.htb	 240.0	  0.03	 2.000	 -5.00	 -5.00	 40.00	   0.0	 2.5000	 14.20	 16.0000	  7.38	  5.52	 1.299	 0.00000029	 0.597	  0.411	 16.00	  0.50	  5.5100	  8.7300	  9.5300	 10.3900	 11.3300	 0.8479	 0.00915519	 0.4252	 0.00000002	 1.0766	        NaN	  2.93	 11.27	 2.4987	 1.3379	 0.1000	
m60524c4r3.htb	 240.0	  0.03	 2.000	 -5.00	 -5.00	 40.00	   1.0	 1.1300	 14.99	 16.0000	  6.56	  5.52	 1.321	 0.00000000	 0.632	  0.386	 16.00	  0.50	  4.5700	  8.1900	  9.1900	 10.3200	 11.6200	 0.9979	 0.00000161	 0.5995	 0.00000000	 0.0205	        NaN	  2.31	 12.69	 1.1341	 1.7830	 0.0118	
m60524c5r3.htb	   0.0	  0.03	 2.000	 -10.00	 -5.00	 40.00	   0.0	 0.9400	 24.49	 16.0000	  9.39	  4.73	 1.174	 0.00000001	 0.611	  0.628	 16.00	  0.50	  4.5400	  8.2400	  9.2600	 10.4100	 11.7400	 0.9839	 0.00009758	 0.5607	 0.00000000	 0.0742	        NaN	  1.28	 23.21	 0.9450	 1.8850	 0.1000	
m60524c5r3.htb	   0.0	  0.03	 2.000	 -10.00	 -5.00	 40.00	   1.0	 0.5500	 26.65	 16.0000	  6.04	  4.73	 1.197	 0.00000000	 0.711	  0.589	 16.00	  0.50	  3.4500	  6.9100	  7.9900	  9.2800	 10.8700	 0.9790	 0.00016669	 0.7829	 0.00000000	 0.6370	        NaN	  0.00	 26.65	 0.5450	 1.8669	 0.1000	
m60525c1r3.htb	   0.0	  0.03	 2.000	 10.00	 -10.00	 40.00	   0.0	 2.1800	 12.91	 16.0000	  1.55	  0.50	 1.040	 0.00000000	 0.669	  0.684	 16.00	  0.50	  4.0700	  6.9300	  7.7600	  8.7600	  9.9900	 0.8458	 0.00941391	 0.5374	 0.00000000	 1.8524	        NaN	  0.00	 12.91	 2.1840	 0.9479	 0.1000	
m60525c1r3.htb	   0.0	  0.03	 2.000	 10.00	 -10.00	 40.00	   1.0	 1.1800	 14.68	 16.0000	  0.94	  0.50	 1.003	 0.00000000	 0.714	  0.528	 16.00	  0.50	  1.9400	  3.4200	  3.9100	  4.5600	  5.5000	 0.9901	 0.00003711	 0.7862	 0.00000000	 0.3306	        NaN	  0.87	 13.81	 1.1752	 0.7861	 0.1000	
m60525c2r3.htb	   0.0	  0.03	 2.000	  5.00	  0.00	 40.00	   0.0	 2.2200	 26.80	 16.0000	 10.98	  8.71	 1.436	 0.00000046	 0.598	  0.685	 16.00	  0.50	  5.4400	  8.7500	  9.5800	 10.4800	 11.4800	 0.8385	 0.01036191	 0.4131	 0.00000003	 4.3140	        NaN	  0.83	 25.97	 2.2210	 1.4134	 0.1000	
m60525c2r3.htb	   0.0	  0.03	 2.000	  5.00	  0.00	 40.00	   1.0	 1.4800	 30.67	 16.0000	 10.37	  8.71	 1.152	 0.00000000	 0.646	  0.616	 16.00	  0.50	  2.9000	  5.1700	  5.9100	  6.8600	  8.1700	 0.9937	 0.00001494	 0.6609	 0.00000000	 0.1142	        NaN	  9.58	 21.10	 1.4785	 0.9072	 0.1000	
m60525c3r3.htb	   0.0	  0.03	 2.000	 10.00	 -10.00	 40.00	   0.0	 2.0000	 11.68	 16.0000	  5.36	  4.33	 1.279	 0.00000066	 0.592	  0.396	 16.00	  0.50	  5.1300	  8.4700	  9.3400	 10.3100	 11.3900	 0.9434	 0.00122345	 0.4577	 0.00000000	 0.3685	        NaN	  2.28	  9.40	 1.9962	 1.3654	 0.1000	
m60525c3r3.htb	   0.0	  0.03	 2.000	 10.00	 -10.00	 40.00	   1.0	 1.5300	 13.72	 16.0000	  4.07	  4.33	 1.144	 0.00000000	 0.673	  0.398	 16.00	  0.50	  2.8300	  5.0100	  5.7200	  6.6300	  7.9000	 0.9479	 0.00103433	 0.6567	 0.00000000	 0.8400	        NaN	  3.76	  9.96	 1.5336	 0.8692	 0.1000	
m60525c4r3.htb	   0.0	  0.03	 2.000	 10.00	 -10.00	 40.00	   0.0	 3.0100	 19.14	 0.5000	 10.31	  2.19	 0.947	 0.00552854	 0.426	  0.963	 16.00	  0.50	  5.7600	  8.8400	  9.5700	 10.3500	 11.1800	 0.8211	 0.01279223	 0.2115	 0.00021863	 0.2691	        NaN	  3.09	 16.04	 3.0133	 1.3024	 0.1000	
m60525c4r3.htb	   0.0	  0.03	 2.000	 10.00	 -10.00	 40.00	   1.0	 2.0100	 21.55	 16.0000	  5.05	  2.19	 1.041	 0.00000184	 0.588	  0.886	 16.00	  0.50	  4.7100	  7.9300	  8.8100	  9.8100	 10.9700	 0.9059	 0.00342714	 0.4205	 0.00000002	 0.3208	        NaN	  0.00	 21.55	 2.0065	 1.1939	 0.1000	
m60531c1r3.htb	   0.0	  0.03	 2.000	 -10.00	  0.00	 50.00	   0.0	 3.0900	  2.25	 0.5000	  0.46	  0.35	 0.939	 0.28463751	 0.260	  0.893	 16.00	  0.50	  0.7800	  1.1400	  1.2500	  1.3700	  1.5400	 0.5797	 0.07860014	 0.0304	 0.05667662	 0.1851	        NaN	  0.46	  1.79	 3.0897	 0.1820	 0.1000	
m60531c1r3.htb	   0.0	  0.03	 2.000	 -10.00	  0.00	 50.00	   1.0	 2.5900	  5.00	 16.0000	  0.71	  0.35	 0.925	 0.00021587	 0.468	  0.752	 16.00	  0.50	  0.8600	  1.2900	  1.4100	  1.5600	  1.7700	 0.7200	 0.03266976	 0.1352	 0.00003606	 0.5693	        NaN	  0.71	  4.29	 2.5863	 0.2412	 0.0010	
m60531c2r3.htb	   0.0	  0.03	 2.000	 -5.00	 -5.00	 50.00	   0.0	 2.3100	 11.53	 16.0000	  6.44	  6.32	 2.049	 0.00005996	 0.557	  0.496	 16.00	  0.50	  5.8700	  9.1900	  9.9700	 10.8100	 11.7100	 0.5688	 0.08320059	 0.2187	 0.00016523	 1.7319	        NaN	  0.85	 10.67	 2.3125	 1.6681	 0.1000	
m60531c2r3.htb	   0.0	  0.03	 2.000	 -5.00	 -5.00	 50.00	   1.0	 2.3800	 12.31	 16.0000	  6.94	  6.32	 1.825	 0.00388360	 0.495	  0.567	 16.00	  0.50	  5.6900	  8.9800	  9.7700	 10.6200	 11.5400	 0.7996	 0.01619448	 0.2148	 0.00019175	 0.9270	        NaN	  2.39	  9.93	 2.3784	 1.4986	 0.1000	
m60601c1r3.htb	   0.0	  0.03	 2.000	  0.00	  7.00	 40.00	   0.0	 2.3400	  5.61	 16.0000	  0.65	  0.00	 1.000	 0.00000138	 0.585	  0.597	 16.00	  0.50	  4.0900	  6.9100	  7.7200	  8.7000	  9.9100	 0.8574	 0.00801784	 0.4031	 0.00000005	 0.5716	        NaN	  0.00	  5.61	 2.3412	 0.9096	 0.1000	
m60601c1r3.htb	   0.0	  0.03	 2.000	  0.00	  7.00	 40.00	   1.0	 1.2100	  7.70	 16.0000	  0.03	  0.00	 1.000	 0.00000000	 0.726	  0.476	 16.00	  0.50	  1.8400	  3.2000	  3.6500	  4.2300	  5.0900	 0.9592	 0.00063186	 0.6960	 0.00000000	 0.8056	        NaN	  0.00	  7.70	 1.2118	 0.7422	 0.1000	
m60601c2r3.htb	   0.0	  0.03	 2.000	 -10.00	 -15.00	 40.00	   0.0	 0.5000	  6.78	 16.0000	  5.10	  3.48	 0.582	 0.32959161	 0.264	  0.598	 16.00	  0.50	  2.6200	  5.5200	  6.5200	  7.7900	  9.4900	 0.5019	 0.11509940	 0.0244	 0.08812368	 0.1838	        NaN	  4.86	  1.92	 0.5000	 1.7019	 0.0010	
m60601c2r3.htb	   0.0	  0.03	 2.000	 -10.00	 -15.00	 40.00	   1.0	 0.6700	 12.61	 5.3500	  6.72	  3.48	 0.638	 0.00000034	 0.448	  0.440	 16.00	  0.50	  0.2500	  0.3700	  0.4000	  0.4400	  0.5000	 0.6654	 0.04782416	 0.1876	 0.00000078	 0.5685	        NaN	  6.72	  5.90	 0.6711	 0.2268	 0.1000	
m60601c3r3.htb	  90.0	  0.03	 2.000	  0.00	 -10.00	 40.00	   0.0	 1.4600	 11.27	 16.0000	  2.07	  1.99	 1.135	 0.00000000	 0.635	  0.518	 16.00	  0.50	  3.7900	  6.7800	  7.6900	  8.7900	 10.1700	 0.8904	 0.00467710	 0.5647	 0.00000000	 0.8349	        NaN	  0.73	 10.54	 1.4620	 1.1469	 0.1000	
m60601c3r3.htb	  90.0	  0.03	 2.000	  0.00	 -10.00	 40.00	   1.0	 1.2500	 12.35	 16.0000	  3.15	  1.99	 1.066	 0.00000000	 0.640	  0.454	 16.00	  0.50	  3.6100	  6.5900	  7.5100	  8.6400	 10.0700	 0.9122	 0.00297655	 0.5634	 0.00000000	 0.8940	        NaN	  1.88	 10.47	 1.2493	 1.2063	 0.1000	
m60601c4r3.htb	  90.0	  0.03	 2.000	  0.00	  0.00	 40.00	   0.0	 1.3400	 22.85	 16.0000	  5.70	  4.38	 1.013	 0.00000007	 0.549	  0.917	 16.00	  0.50	  3.3500	  6.0800	  6.9400	  8.0200	  9.4400	 0.8272	 0.01191561	 0.4361	 0.00000001	 1.1575	        NaN	  4.14	 18.71	 1.3397	 1.0819	 0.1000	
m60601c4r3.htb	  90.0	  0.03	 2.000	  0.00	  0.00	 40.00	   1.0	 1.7700	 22.76	 16.0000	 11.23	  4.38	 1.010	 0.00000847	 0.554	  0.617	 16.00	  0.50	  5.2200	  8.6900	  9.5700	 10.5600	 11.6500	 0.8336	 0.01101677	 0.3591	 0.00000042	 0.7104	        NaN	  4.25	 18.51	 1.7678	 1.5416	 0.1000	
m60601c5r3.htb	  90.0	  0.03	 2.000	  0.00	 -8.00	 40.00	   0.0	 1.3400	 22.23	 16.0000	  8.31	  8.56	 1.440	 0.00000000	 0.672	  0.446	 16.00	  0.50	  4.6500	  8.1500	  9.1100	 10.2000	 11.4600	 0.9575	 0.00068791	 0.6903	 0.00000000	 1.0904	        NaN	  2.53	 19.70	 1.3397	 1.5411	 0.1000	
m60601c5r3.htb	  90.0	  0.03	 2.000	  0.00	 -8.00	 40.00	   1.0	 1.1900	 25.14	 16.0000	  9.73	  8.56	 1.163	 0.00000000	 0.695	  0.405	 16.00	  0.50	  2.8300	  5.1900	  5.9700	  6.9700	  8.3600	 0.8699	 0.00664644	 0.6905	 0.00000000	 3.8313	        NaN	  9.00	 16.14	 1.1922	 1.0147	 0.1000	
m60602c1r3.htb	   0.0	  0.03	 2.000	  0.00	 -7.00	 30.00	   0.0	 1.4800	 19.00	 16.0000	  5.03	  7.01	 1.217	 0.00001761	 0.554	  0.863	 16.00	  0.50	  2.9600	  5.3000	  6.0500	  7.0200	  8.3500	 0.9719	 0.00029887	 0.4023	 0.00000005	 0.0951	        NaN	  4.41	 14.59	 1.4782	 0.9236	 0.1000	
m60602c1r3.htb	   0.0	  0.03	 2.000	  0.00	 -7.00	 30.00	   1.0	 1.5400	 21.62	 16.0000	  7.85	  7.01	 1.057	 0.00000230	 0.558	  0.769	 16.00	  0.50	  2.1800	  3.7500	  4.2600	  4.9200	  5.8800	 0.9597	 0.00061806	 0.4408	 0.00000001	 0.2755	        NaN	  7.76	 13.86	 1.5449	 0.7158	 0.1000	
m60602c2r3.htb	   0.0	  0.03	 2.000	 -8.00	 -8.00	 30.00	   0.0	 1.5300	 25.68	 16.0000	  5.18	  9.60	 1.443	 0.00000000	 0.608	  0.845	 16.00	  0.50	  3.7500	  6.6800	  7.5700	  8.6600	 10.0300	 0.9103	 0.00311232	 0.5410	 0.00000000	 0.4452	        NaN	  2.48	 23.20	 1.5251	 1.1056	 0.1000	
m60602c2r3.htb	   0.0	  0.03	 2.000	 -8.00	 -8.00	 30.00	   1.0	 1.4400	 24.11	 16.0000	  9.31	  9.60	 1.277	 0.00000109	 0.578	  0.699	 16.00	  0.50	  3.0400	  5.4500	  6.2200	  7.2200	  8.5700	 0.9555	 0.00075395	 0.4539	 0.00000000	 0.2148	        NaN	  8.55	 15.56	 1.4419	 0.9543	 0.1000	
m60602c3r3.htb	   0.0	  0.03	 2.000	  0.00	  5.00	 30.00	   0.0	 2.1400	  6.54	 16.0000	  2.07	  3.18	 1.949	 0.31972475	 0.372	  0.993	 16.00	  0.50	  5.1400	  8.4300	  9.2800	 10.2200	 11.2900	 0.8790	 0.00573178	 0.0882	 0.02123012	 0.0502	        NaN	  0.00	  6.54	 2.1445	 1.2981	 0.1000	
m60602c3r3.htb	   0.0	  0.03	 2.000	  0.00	  5.00	 30.00	   1.0	 1.7800	  7.93	 16.0000	  1.55	  3.18	 1.764	 0.06415211	 0.453	  0.957	 16.00	  0.50	  4.4200	  7.6000	  8.5000	  9.5500	 10.8000	 0.8872	 0.00496187	 0.1520	 0.00207684	 0.1309	        NaN	  0.00	  7.93	 1.7829	 1.1872	 0.1000	
m60602c4r3.htb	   0.0	  0.03	 2.000	  0.00	 -10.00	 20.00	   0.0	 1.8400	  9.43	 16.0000	  2.75	  2.49	 1.143	 0.00005787	 0.526	  0.591	 16.00	  0.50	  4.2200	  7.2800	  8.1700	  9.2100	 10.4800	 0.9583	 0.00066210	 0.3692	 0.00000026	 0.1682	        NaN	  1.49	  7.94	 1.8398	 1.1027	 0.1000	
m60602c4r3.htb	   0.0	  0.03	 2.000	  0.00	 -10.00	 20.00	   1.0	 1.4100	 10.93	 16.0000	  3.85	  2.49	 0.978	 0.00000022	 0.575	  0.520	 16.00	  0.50	  2.7700	  4.9500	  5.6700	  6.5900	  7.8800	 0.7948	 0.01700706	 0.4030	 0.00000005	 1.4144	        NaN	  3.61	  7.32	 1.4139	 0.9003	 0.1000	
m60605c1r3.htb	   0.0	  0.03	 2.000	 -3.00	 -7.00	 30.00	   0.0	 0.9800	 28.15	 16.0000	  9.33	  6.27	 1.226	 0.00000000	 0.680	  0.517	 16.00	  0.50	  4.3600	  7.9600	  8.9800	 10.1500	 11.5100	 0.9972	 0.00000297	 0.7219	 0.00000000	 0.0705	        NaN	  1.32	 26.83	 0.9778	 1.7396	 0.1000	
m60605c1r3.htb	   0.0	  0.03	 2.000	 -3.00	 -7.00	 30.00	   1.0	 0.8500	 29.89	 16.0000	 16.66	  6.27	 1.003	 0.00000004	 0.570	  0.516	 16.00	  0.50	  4.2600	  7.9100	  8.9500	 10.1500	 11.5500	 0.9220	 0.00234277	 0.4967	 0.00000000	 0.6047	        NaN	 10.71	 19.18	 0.8460	 1.8522	 0.1000	
m60605c2r3.htb	   0.0	  0.03	 2.000	 -10.00	 -10.00	 30.00	   0.0	 1.6100	  2.10	 16.0000	  0.46	  0.65	 1.145	 0.00247571	 0.441	  0.473	 16.00	  0.50	  2.5200	  4.3900	  4.9900	  5.7800	  6.9000	 0.7804	 0.01960674	 0.2205	 0.00015382	 0.2349	        NaN	  0.44	  1.66	 1.6149	 0.7724	 0.1000	
m60605c2r3.htb	   0.0	  0.03	 2.000	 -10.00	 -10.00	 30.00	   1.0	 0.9600	  2.62	 16.0000	  1.02	  0.65	 0.928	 0.00831838	 0.449	  0.472	 16.00	  0.50	  0.7000	  1.1200	  1.2400	  1.4000	  1.6300	 0.8489	 0.00903227	 0.2074	 0.00025617	 0.3971	        NaN	  1.02	  1.60	 0.9600	 0.4586	 0.0010	
m60605c3r3.htb	   0.0	  0.03	 2.000	 -5.00	 -2.00	 30.00	   0.0	 2.0300	 10.91	 16.0000	  5.70	  4.98	 1.296	 0.00000423	 0.566	  0.352	 16.00	  0.50	  5.1300	  8.4600	  9.3200	 10.2800	 11.3600	 0.9953	 0.00000813	 0.4441	 0.00000001	 0.0148	        NaN	  3.22	  7.69	 2.0340	 1.3444	 0.1000	
m60605c3r3.htb	   0.0	  0.03	 2.000	 -5.00	 -2.00	 30.00	   1.0	 1.2400	 10.53	 16.0000	  6.62	  4.98	 1.192	 0.00013611	 0.490	  0.360	 16.00	  0.50	  4.7800	  8.3900	  9.3600	 10.4500	 11.6900	 0.8215	 0.01274182	 0.2987	 0.00000625	 0.9105	        NaN	  4.56	  5.97	 1.2399	 1.7015	 0.1000	
m60606c1r3.htb	   0.0	  0.03	 2.000	  8.00	 -8.00	 30.00	   0.0	 1.8800	  1.97	 16.0000	  0.00	  0.05	 1.026	 0.00000000	 0.678	  0.337	 16.00	  0.50	  1.1300	  1.7500	  1.9400	  2.1800	  2.5000	 0.9937	 0.00001477	 0.7144	 0.00000000	 0.1091	        NaN	  0.00	  1.97	 1.8796	 0.3789	 0.1000	
m60606c1r3.htb	   0.0	  0.03	 2.000	  8.00	 -8.00	 30.00	   1.0	 1.6200	  2.32	 16.0000	  0.01	  0.05	 1.021	 0.00000006	 0.576	  0.477	 16.00	  0.50	  1.0300	  1.6300	  1.8000	  2.0300	  2.3400	 0.9676	 0.00039847	 0.5135	 0.00000000	 0.1142	        NaN	  0.01	  2.31	 1.6188	 0.4151	 0.0010	
m60606c2r3.htb	   0.0	  0.03	 2.000	 -10.00	  0.00	 40.00	   0.0	 5.1300	 11.57	 0.5000	  0.03	  0.10	 1.006	 0.00000000	 0.707	  0.589	 16.00	  0.50	  2.3700	  3.6300	  4.0000	  4.4600	  5.0800	 0.9921	 0.00002364	 0.7071	 0.00000000	 0.6774	        NaN	  0.03	 11.54	 5.1345	 0.3153	 0.1000	
m60606c2r3.htb	   0.0	  0.03	 2.000	 -10.00	  0.00	 40.00	   1.0	 2.5400	 11.33	 16.0000	  0.08	  0.10	 1.004	 0.00000000	 0.681	  0.676	 16.00	  0.50	  1.3700	  2.1100	  2.3300	  2.6000	  2.9800	 0.9936	 0.00001521	 0.7125	 0.00000000	 0.2671	        NaN	  0.08	 11.25	 2.5417	 0.3504	 0.1000	
m60606c3r3.htb	  90.0	  0.03	 2.000	 -8.00	 -10.00	 40.00	   0.0	 2.3400	 14.79	 16.0000	  0.06	  0.15	 1.007	 0.00000000	 0.697	  0.739	 16.00	  0.50	  1.8800	  3.0300	  3.3900	  3.8400	  4.4700	 0.9893	 0.00004329	 0.7054	 0.00000000	 0.3293	        NaN	  0.05	 14.74	 2.3403	 0.4975	 0.0010	
m60606c3r3.htb	  90.0	  0.03	 2.000	 -8.00	 -10.00	 40.00	   1.0	 2.0500	 16.72	 16.0000	  0.01	  0.15	 1.008	 0.00000000	 0.686	  0.871	 16.00	  0.50	  1.7000	  2.7400	  3.0600	  3.4700	  4.0400	 0.9584	 0.00065672	 0.6832	 0.00000000	 0.3469	        NaN	  0.01	 16.71	 2.0473	 0.4923	 0.1000	
m60606c4r3.htb	  90.0	  0.03	 2.000	  8.00	 -5.00	 40.00	   0.0	 1.7300	 29.88	 16.0000	  0.28	  0.30	 1.010	 0.00000000	 0.822	  0.512	 16.00	  0.50	  2.4000	  4.1100	  4.6600	  5.3800	  6.4000	 0.9206	 0.00242977	 0.8529	 0.00000000	 8.0358	        NaN	  0.00	 29.88	 1.7299	 0.7127	 0.1000	
m60606c4r3.htb	  90.0	  0.03	 2.000	  8.00	 -5.00	 40.00	   1.0	 1.6200	 32.61	 16.0000	  0.35	  0.30	 1.010	 0.00000000	 0.819	  0.518	 16.00	  0.50	  2.3900	  4.1400	  4.7100	  5.4400	  6.5000	 0.8992	 0.00394935	 0.8511	 0.00000000	 8.2796	        NaN	  0.00	 32.61	 1.6204	 0.7429	 0.1000	
m60606c5r3.htb	  90.0	  0.03	 2.000	  8.00	  0.00	 40.00	   0.0	 1.6600	 19.46	 16.0000	  0.46	  0.75	 1.040	 0.00000000	 0.698	  0.763	 16.00	  0.50	  2.7400	  4.7900	  5.4500	  6.3100	  7.5100	 0.9546	 0.00078567	 0.6989	 0.00000000	 0.5123	        NaN	  0.00	 19.46	 1.6587	 0.8085	 0.1000	
m60606c5r3.htb	  90.0	  0.03	 2.000	  8.00	  0.00	 40.00	   1.0	 1.5800	 21.48	 16.0000	  2.12	  0.75	 0.987	 0.00000000	 0.659	  0.863	 16.00	  0.50	  2.3800	  4.1300	  4.7000	  5.4400	  6.5100	 0.9522	 0.00087267	 0.6581	 0.00000000	 0.7421	        NaN	  1.90	 19.57	 1.5823	 0.7520	 0.1000	
m60613c5r3.htb	   0.0	  0.03	 2.000	 -8.00	 -15.00	 30.00	   0.0	 1.0900	 30.08	 16.0000	 20.38	 17.21	 1.154	 0.00000002	 0.566	  0.385	 16.00	  0.50	  4.6600	  8.3100	  9.3100	 10.4300	 11.7200	 0.7650	 0.02257896	 0.4188	 0.00000002	 2.1723	        NaN	 15.23	 14.85	 1.0850	 1.7920	 0.1000	
m60613c5r3.htb	   0.0	  0.03	 2.000	 -8.00	 -15.00	 30.00	   1.0	 1.6000	 31.72	 16.0000	 20.92	 17.21	 1.170	 0.00000000	 0.625	  0.342	 16.00	  0.50	  5.1300	  8.6400	  9.5500	 10.5700	 11.7000	 0.9249	 0.00217082	 0.5379	 0.00000000	 0.7447	        NaN	 14.56	 17.16	 1.6046	 1.5942	 0.1000	
m60613c6r3.htb	   0.0	  0.03	 2.000	 -5.00	 -10.00	 30.00	   0.0	 1.8800	 27.61	 16.0000	  8.09	  4.78	 1.209	 0.00000000	 0.718	  0.495	 16.00	  0.50	  4.9400	  8.2800	  9.1700	 10.1700	 11.3000	 0.9180	 0.00259102	 0.7017	 0.00000000	 1.8831	        NaN	  0.00	 27.61	 1.8770	 1.3381	 0.1000	
m60613c6r3.htb	   0.0	  0.03	 2.000	 -5.00	 -10.00	 30.00	   1.0	 1.6000	 28.13	 16.0000	  9.06	  4.78	 1.168	 0.00000000	 0.661	  0.582	 16.00	  0.50	  4.7400	  8.1400	  9.0600	 10.1100	 11.3200	 0.9446	 0.00117170	 0.6682	 0.00000000	 1.4431	        NaN	  1.79	 26.34	 1.6024	 1.4007	 0.1000	
m60614c1r3.htb	   0.0	  0.03	 2.000	  0.00	 -8.00	 30.00	   0.0	 1.7900	 22.67	 16.0000	  3.60	  4.88	 1.184	 0.00000000	 0.770	  0.442	 16.00	  0.50	  3.7100	  6.4900	  7.3400	  8.3700	  9.7000	 0.9794	 0.00016036	 0.8246	 0.00000000	 0.6275	        NaN	  1.60	 21.08	 1.7868	 0.9882	 0.1000	
m60614c1r3.htb	   0.0	  0.03	 2.000	  0.00	 -8.00	 30.00	   1.0	 1.7400	 24.17	 16.0000	  8.60	  4.88	 0.999	 0.00000000	 0.701	  0.396	 16.00	  0.50	  3.0700	  5.3800	  6.1200	  7.0500	  8.3300	 0.9383	 0.00145666	 0.7195	 0.00000000	 1.5146	        NaN	  7.95	 16.23	 1.7406	 0.8554	 0.1000	
m60614c2r3.htb	   0.0	  0.03	 2.000	  5.00	 -5.00	 30.00	   0.0	 0.8500	  9.64	 16.0000	  3.61	  6.77	 2.362	 0.00692983	 0.441	  0.881	 16.00	  0.50	  3.1700	  6.0900	  7.0400	  8.2300	  9.7700	 0.7729	 0.02102671	 0.1934	 0.00043815	 0.7830	        NaN	  2.85	  6.79	 0.8512	 1.3492	 0.1000	
m60614c2r3.htb	   0.0	  0.03	 2.000	  5.00	 -5.00	 30.00	   1.0	 1.6100	 11.75	 16.0000	  6.47	  6.77	 1.385	 0.17336678	 0.317	  0.985	 16.00	  0.50	  0.9000	  1.3900	  1.5400	  1.7200	  1.9700	 0.7235	 0.03181523	 0.0938	 0.01730560	 0.0627	        NaN	  6.47	  5.28	 1.6070	 0.3558	 0.1000	
m60614c3r3.htb	   0.0	  0.03	 2.000	  8.00	 -15.00	 30.00	   0.0	 0.9600	 17.69	 16.0000	  6.92	  6.42	 1.232	 0.00000000	 0.660	  0.392	 16.00	  0.50	  4.0000	  7.4300	  8.4400	  9.6300	 11.0600	 0.9974	 0.00000250	 0.6719	 0.00000000	 0.0363	        NaN	  3.81	 13.89	 0.9649	 1.5701	 0.1000	
m60614c3r3.htb	   0.0	  0.03	 2.000	  8.00	 -15.00	 30.00	   1.0	 0.8400	 17.10	 16.0000	 10.13	  6.42	 0.998	 0.00000156	 0.530	  0.398	 16.00	  0.50	  3.2000	  6.1500	  7.1000	  8.2900	  9.8400	 0.9425	 0.00126401	 0.4407	 0.00000001	 0.5090	        NaN	  9.22	  7.88	 0.8428	 1.3656	 0.1000	
m60614c4r3.htb	   0.0	  0.03	 2.000	  8.00	 -18.00	 30.00	   0.0	 2.0700	  6.15	 16.0000	  3.97	  4.48	 2.040	 0.01179203	 0.428	  0.371	 16.00	  0.50	  5.2800	  8.6300	  9.4800	 10.4200	 11.4600	 0.7122	 0.03463941	 0.1657	 0.00124697	 0.7661	        NaN	  2.74	  3.41	 2.0681	 1.4040	 0.1000	
m60614c4r3.htb	   0.0	  0.03	 2.000	  8.00	 -18.00	 30.00	   1.0	 1.4300	  7.33	 16.0000	  4.31	  4.48	 1.312	 0.00562591	 0.425	  0.411	 16.00	  0.50	  1.7100	  2.9000	  3.2800	  3.7700	  4.4900	 0.9767	 0.00020490	 0.2510	 0.00004563	 0.0256	        NaN	  4.30	  3.03	 1.4345	 0.6546	 0.0261	
m60615c1r3.htb	   0.0	  0.03	 2.000	 -8.00	 -17.00	 30.00	   0.0	 1.6600	 28.91	 16.0000	  6.47	  3.03	 0.961	 0.00000000	 0.709	  0.533	 16.00	  0.50	  3.6700	  6.4800	  7.3400	  8.4000	  9.7500	 0.9584	 0.00065938	 0.7406	 0.00000000	 0.5475	        NaN	  4.05	 24.86	 1.6626	 1.0249	 0.1000	
m60615c1r3.htb	   0.0	  0.03	 2.000	 -8.00	 -17.00	 30.00	   1.0	 1.5500	 31.36	 16.0000	  8.30	  3.03	 0.916	 0.00000000	 0.706	  0.538	 16.00	  0.50	  3.3900	  6.0500	  6.8800	  7.9200	  9.2900	 0.9867	 0.00006648	 0.7541	 0.00000000	 0.2284	        NaN	  6.46	 24.90	 1.5544	 0.9968	 0.1000	
m60615c2r3.htb	   0.0	  0.03	 2.000	 -10.00	 -17.00	 40.00	   0.0	 1.2200	 14.81	 16.0000	  5.65	  4.83	 1.023	 0.00000000	 0.586	  0.462	 16.00	  0.50	  3.4400	  6.3100	  7.2100	  8.3300	  9.7800	 0.9156	 0.00275286	 0.5571	 0.00000000	 0.6701	        NaN	  4.60	 10.21	 1.2194	 1.1722	 0.1000	
m60615c2r3.htb	   0.0	  0.03	 2.000	 -10.00	 -17.00	 40.00	   1.0	 1.0600	 15.47	 16.0000	  6.04	  4.83	 1.001	 0.00000000	 0.677	  0.320	 16.00	  0.50	  3.2600	  6.1000	  7.0100	  8.1500	  9.6400	 0.9497	 0.00096673	 0.7351	 0.00000000	 1.8048	        NaN	  5.01	 10.45	 1.0551	 1.2220	 0.1000	
m60616c1r3.htb	   0.0	  0.03	 2.000	 -10.00	 -15.00	 30.00	   0.0	 1.7800	 19.86	 16.0000	  3.15	  0.85	 0.942	 0.00000000	 0.735	  0.483	 16.00	  0.50	  3.4300	  6.0100	  6.8100	  7.8200	  9.1400	 0.9623	 0.00053980	 0.7506	 0.00000000	 1.0661	        NaN	  1.95	 17.91	 1.7779	 0.9242	 0.1000	
m60616c1r3.htb	   0.0	  0.03	 2.000	 -10.00	 -15.00	 30.00	   1.0	 1.3600	 19.16	 16.0000	  5.20	  0.85	 0.924	 0.00000000	 0.692	  0.476	 16.00	  0.50	  3.9500	  7.0900	  8.0300	  9.1500	 10.5300	 0.9428	 0.00125035	 0.6745	 0.00000000	 0.8548	        NaN	  2.57	 16.59	 1.3593	 1.2504	 0.1000	
m60616c2r3.htb	   0.0	  0.03	 2.000	  5.00	 -10.00	 30.00	   0.0	 1.4900	 11.26	 16.0000	  1.86	  1.54	 1.010	 0.00000000	 0.640	  0.573	 16.00	  0.50	  2.9600	  5.2800	  6.0400	  7.0000	  8.3200	 0.9110	 0.00306029	 0.5739	 0.00000000	 0.9599	        NaN	  1.45	  9.81	 1.4889	 0.9180	 0.1000	
m60616c2r3.htb	   0.0	  0.03	 2.000	  5.00	 -10.00	 30.00	   1.0	 1.2300	 12.29	 16.0000	  2.53	  1.54	 0.974	 0.00000000	 0.671	  0.422	 16.00	  0.50	  2.7700	  5.0500	  5.8000	  6.7700	  8.1300	 0.9220	 0.00234343	 0.6480	 0.00000000	 1.4194	        NaN	  2.13	 10.16	 1.2322	 0.9791	 0.1000	
m60619c1r3.htb	   0.0	  0.03	 2.000	  0.00	  0.00	 40.00	   0.0	 1.1000	 14.86	 16.0000	  4.62	  4.18	 0.989	 0.00000000	 0.640	  0.437	 16.00	  0.50	  2.5500	  4.6900	  5.4100	  6.3500	  7.6800	 0.9453	 0.00114356	 0.6460	 0.00000000	 0.6274	        NaN	  4.29	 10.57	 1.1012	 0.9858	 0.1000	
m60619c1r3.htb	   0.0	  0.03	 2.000	  0.00	  0.00	 40.00	   1.0	 1.1700	 15.89	 16.0000	  5.67	  4.18	 0.950	 0.00000000	 0.640	  0.446	 16.00	  0.50	  2.8200	  5.2100	  6.0000	  7.0200	  8.4300	 0.9926	 0.00002050	 0.6350	 0.00000000	 0.0720	        NaN	  5.14	 10.75	 1.1688	 1.0491	 0.0537	
m60619c2r3.htb	   0.0	  0.03	 2.000	 -5.00	  0.00	 40.00	   0.0	 2.2800	 18.13	 16.0000	  2.24	  1.39	 1.083	 0.00000000	 0.784	  0.403	 16.00	  0.50	  4.1300	  6.9800	  7.8100	  8.7900	 10.0100	 0.8947	 0.00431540	 0.7483	 0.00000000	 2.1749	        NaN	  0.00	 18.13	 2.2778	 0.9352	 0.1000	
m60619c2r3.htb	   0.0	  0.03	 2.000	 -5.00	  0.00	 40.00	   1.0	 2.3500	 19.23	 16.0000	  2.58	  1.39	 1.080	 0.00000000	 0.758	  0.460	 16.00	  0.50	  4.2300	  7.1100	  7.9400	  8.9200	 10.1100	 0.9433	 0.00122710	 0.8033	 0.00000000	 3.1062	        NaN	  0.00	 19.23	 2.3538	 0.9385	 0.1000	
m60619c3r3.htb	   0.0	  0.03	 2.000	  0.00	 -5.00	 40.00	   0.0	 2.3700	 11.67	 16.0000	  1.46	  0.75	 1.068	 0.00000000	 0.681	  0.556	 16.00	  0.50	  4.1700	  7.0100	  7.8300	  8.8100	 10.0000	 0.9287	 0.00195506	 0.6593	 0.00000000	 1.2908	        NaN	  0.00	 11.67	 2.3709	 0.9195	 0.1000	
m60619c3r3.htb	   0.0	  0.03	 2.000	  0.00	 -5.00	 40.00	   1.0	 2.4500	 11.94	 16.0000	  2.61	  0.75	 1.067	 0.00000000	 0.690	  0.455	 16.00	  0.50	  4.7600	  7.8400	  8.6600	  9.6100	 10.7000	 0.8946	 0.00432081	 0.6270	 0.00000000	 1.3403	        NaN	  0.00	 11.94	 2.4456	 1.0574	 0.1000	
m60619c4r3.htb	   0.0	  0.03	 2.000	 -8.00	 -8.00	 40.00	   0.0	 0.7400	 18.75	 16.0000	 10.30	 10.35	 1.651	 0.00000005	 0.617	  0.382	 16.00	  0.50	  4.4400	  8.2500	  9.3100	 10.5000	 11.8700	 0.9777	 0.00018849	 0.5218	 0.00000000	 0.1646	        NaN	  4.87	 13.88	 0.7376	 2.1561	 0.1000	
m60619c4r3.htb	   0.0	  0.03	 2.000	 -8.00	 -8.00	 40.00	   1.0	 1.4400	 17.64	 16.0000	 10.78	 10.35	 1.473	 0.00004604	 0.532	  0.409	 16.00	  0.50	  4.4600	  7.8300	  8.7800	  9.8700	 11.1500	 0.9806	 0.00014218	 0.3833	 0.00000013	 0.1353	        NaN	  8.63	  9.01	 1.4420	 1.3858	 0.1000	
m60620c1r3.htb	   0.0	  0.03	 2.000	  5.00	  5.00	 40.00	   0.0	 1.2700	 25.28	 16.0000	  4.24	  4.18	 1.020	 0.00000000	 0.588	  0.938	 16.00	  0.50	  2.5000	  4.5000	  5.1600	  6.0300	  7.2700	 0.9659	 0.00044000	 0.6557	 0.00000000	 0.5023	        NaN	  3.75	 21.52	 1.2673	 0.8946	 0.1000	
m60620c1r3.htb	   0.0	  0.03	 2.000	  5.00	  5.00	 40.00	   1.0	 1.3400	 23.43	 16.0000	  2.75	  4.18	 1.110	 0.00000000	 0.664	  0.788	 16.00	  0.50	  3.6400	  6.6000	  7.5100	  8.6200	 10.0300	 0.9662	 0.00043256	 0.7197	 0.00000000	 1.0108	        NaN	  0.00	 23.43	 1.3386	 1.1666	 0.1000	
m60620c2r3.htb	   0.0	  0.03	 2.000	  0.00	  5.00	 40.00	   0.0	 1.7400	 26.30	 16.0000	 10.76	 13.28	 1.391	 0.00001023	 0.520	  0.847	 16.00	  0.50	  4.0500	  7.0800	  7.9700	  9.0300	 10.3300	 0.9796	 0.00015645	 0.4178	 0.00000002	 0.0418	        NaN	  8.19	 18.12	 1.7379	 1.0984	 0.1000	
m60620c2r3.htb	   0.0	  0.03	 2.000	  0.00	  5.00	 40.00	   1.0	 1.5600	 27.95	 16.0000	 14.69	 13.28	 1.132	 0.00000019	 0.594	  0.536	 16.00	  0.50	  2.7200	  4.8000	  5.4800	  6.3500	  7.5800	 0.9615	 0.00056458	 0.4898	 0.00000000	 0.3148	        NaN	 14.34	 13.61	 1.5602	 0.8368	 0.1000	
m60620c3r3.htb	   0.0	  0.03	 2.000	  0.00	 10.00	 40.00	   0.0	 1.5400	 29.75	 16.0000	 12.18	 15.97	 1.479	 0.00000000	 0.625	  0.550	 16.00	  0.50	  3.9200	  6.9600	  7.8600	  8.9500	 10.3100	 0.9826	 0.00011454	 0.6181	 0.00000000	 0.2768	        NaN	  9.37	 20.38	 1.5398	 1.1473	 0.1000	
m60620c3r3.htb	   0.0	  0.03	 2.000	  0.00	 10.00	 40.00	   1.0	 1.1100	 30.32	 16.0000	 14.57	 15.97	 1.425	 0.00000000	 0.627	  0.506	 16.00	  0.50	  3.9000	  7.2300	  8.2200	  9.4000	 10.8300	 0.9988	 0.00000056	 0.6041	 0.00000000	 0.0054	        NaN	 10.60	 19.72	 1.1088	 1.4904	 0.0010	
m60620c4r3.htb	   0.0	  0.03	 2.000	  0.00	  8.00	 40.00	   0.0	 1.9100	 12.97	 16.0000	  5.71	  4.63	 1.369	 0.00006828	 0.550	  0.542	 16.00	  0.50	  5.2500	  8.6500	  9.5200	 10.4800	 11.5500	 0.8624	 0.00744863	 0.3287	 0.00000168	 0.5474	        NaN	  1.55	 11.42	 1.9143	 1.4638	 0.1000	
m60620c4r3.htb	   0.0	  0.03	 2.000	  0.00	  8.00	 40.00	   1.0	 1.9200	 14.16	 16.0000	  6.48	  4.63	 1.060	 0.00000108	 0.531	  0.510	 16.00	  0.50	  2.8000	  4.8100	  5.4500	  6.2700	  7.4300	 0.8804	 0.00559115	 0.4184	 0.00000002	 0.6003	        NaN	  6.31	  7.85	 1.9214	 0.7462	 0.1000	
m60621c1r3.htb	   0.0	  0.03	 2.000	  0.00	 -8.00	 30.00	   0.0	 1.5100	 11.81	 16.0000	  0.68	  0.65	 1.001	 0.00000000	 0.624	  0.706	 16.00	  0.50	  2.0800	  3.5700	  4.0500	  4.6900	  5.6000	 0.9789	 0.00016883	 0.6542	 0.00000000	 0.3060	        NaN	  0.63	 11.18	 1.5067	 0.7048	 0.1000	
m60621c1r3.htb	   0.0	  0.03	 2.000	  0.00	 -8.00	 30.00	   1.0	 1.2000	 12.85	 16.0000	  1.20	  0.65	 0.984	 0.00000000	 0.663	  0.597	 16.00	  0.50	  2.3200	  4.1700	  4.7900	  5.6000	  6.7700	 0.9896	 0.00004070	 0.7051	 0.00000000	 0.1570	        NaN	  1.01	 11.84	 1.2034	 0.8746	 0.1000	
m60621c2r3.htb	   0.0	  0.03	 2.000	  8.00	 -2.00	 30.00	   0.0	 1.8800	  8.77	 16.0000	  0.17	  0.00	 1.000	 0.00000000	 0.729	  0.516	 16.00	  0.50	  2.7400	  4.7200	  5.3500	  6.1700	  7.3200	 0.7758	 0.02046526	 0.5394	 0.00000000	 3.2667	        NaN	  0.00	  8.77	 1.8750	 0.7478	 0.1000	
m60621c2r3.htb	   0.0	  0.03	 2.000	  8.00	 -2.00	 30.00	   1.0	 2.1900	 10.70	 16.0000	  0.69	  0.00	 0.993	 0.00000000	 0.754	  0.403	 16.00	  0.50	  3.4400	  5.8700	  6.6200	  7.5600	  8.8000	 0.9275	 0.00202220	 0.7611	 0.00000000	 1.4150	        NaN	  0.12	 10.58	 2.1919	 0.8064	 0.1000	
m60621c3r3.htb	   0.0	  0.03	 2.000	 10.00	  0.00	 40.00	   0.0	 2.8400	  5.73	 16.0000	  0.73	  1.00	 1.057	 0.02702015	 0.351	  1.017	 16.00	  0.50	  1.3400	  2.0500	  2.2500	  2.5100	  2.8600	 0.9486	 0.00100716	 0.1933	 0.00043983	 0.0064	        NaN	  0.73	  5.00	 2.8415	 0.3154	 0.1000	
m60621c3r3.htb	   0.0	  0.03	 2.000	 10.00	  0.00	 40.00	   1.0	 2.5700	  4.96	 16.0000	  0.41	  1.00	 1.102	 0.00032729	 0.483	  0.864	 16.00	  0.50	  2.8500	  4.7300	  5.3100	  6.0600	  7.0900	 0.9157	 0.00274590	 0.3117	 0.00000356	 0.0839	        NaN	  0.34	  4.62	 2.5724	 0.6203	 0.1000	
m60621c4r3.htb	 180.0	  0.03	 2.000	  0.00	 -10.00	 40.00	   0.0	 1.9700	  5.13	 16.0000	  0.80	  0.85	 1.199	 0.61529780	 0.306	  1.470	 16.00	  0.50	  4.1900	  7.2200	  8.0900	  9.1300	 10.3800	 0.8848	 0.00518258	 0.0921	 0.06786595	 0.0197	        NaN	  0.00	  5.13	 1.9721	 1.0848	 0.0010	
m60621c4r3.htb	 180.0	  0.03	 2.000	  0.00	 -10.00	 40.00	   1.0	 2.3500	  6.62	 16.0000	  1.23	  0.85	 1.166	 0.39560519	 0.362	  1.378	 16.00	  0.50	  4.5200	  7.5500	  8.3900	  9.3700	 10.5200	 0.7340	 0.02931313	 0.1032	 0.04612629	 0.1778	        NaN	  0.00	  6.62	 2.3545	 1.0451	 0.0010	
m60621c5r3.htb	 130.0	  0.03	 2.000	 -10.00	 -10.00	 40.00	   0.0	 2.2700	 25.98	 16.0000	  4.55	  2.04	 1.085	 0.00000000	 0.760	  0.510	 16.00	  0.50	  4.4800	  7.5000	  8.3500	  9.3300	 10.5000	 0.9219	 0.00235249	 0.7448	 0.00000000	 1.8300	        NaN	  0.00	 25.98	 2.2739	 1.0255	 0.1000	
m60621c5r3.htb	 130.0	  0.03	 2.000	 -10.00	 -10.00	 40.00	   1.0	 2.1800	 29.66	 16.0000	  5.78	  2.04	 1.079	 0.00000000	 0.772	  0.507	 16.00	  0.50	  4.5700	  7.6600	  8.5200	  9.5100	 10.6700	 0.8774	 0.00588054	 0.7146	 0.00000000	 4.5278	        NaN	  0.00	 29.66	 2.1840	 1.0801	 0.1000	
m60621c6r3.htb	 130.0	  0.03	 2.000	  8.00	 -10.00	 40.00	   0.0	 1.1000	 22.82	 16.0000	  7.08	  5.52	 1.319	 0.00000006	 0.625	  0.702	 16.00	  0.50	  4.5300	  8.1200	  9.1200	 10.2600	 11.5700	 0.8989	 0.00396969	 0.4783	 0.00000000	 0.7121	        NaN	  0.00	 22.82	 1.1006	 1.6969	 0.1000	
m60621c6r3.htb	 130.0	  0.03	 2.000	  8.00	 -10.00	 40.00	   1.0	 1.2200	 26.36	 16.0000	  7.27	  5.52	 1.287	 0.00000003	 0.640	  0.748	 16.00	  0.50	  4.4700	  7.9700	  8.9500	 10.0800	 11.3900	 0.9272	 0.00203599	 0.5056	 0.00000000	 0.5176	        NaN	  0.00	 26.36	 1.2166	 1.5600	 0.1000	
m60622c1r3.htb	   0.0	  0.03	 2.000	  0.00	 -7.00	 30.00	   0.0	 2.5900	 14.16	 16.0000	  0.13	  0.50	 1.027	 0.00000000	 0.663	  0.715	 16.00	  0.50	  1.0600	  1.6100	  1.7700	  1.9700	  2.2400	 0.9913	 0.00002835	 0.7468	 0.00000000	 0.0361	        NaN	  0.13	 14.03	 2.5871	 0.2889	 0.0010	
m60622c1r3.htb	   0.0	  0.03	 2.000	  0.00	 -7.00	 30.00	   1.0	 2.1200	 11.85	 16.0000	  0.05	  0.50	 1.033	 0.00000000	 0.647	  0.888	 16.00	  0.50	  2.0500	  3.3500	  3.7600	  4.2900	  5.0300	 0.9287	 0.00195083	 0.6473	 0.00000000	 0.8736	        NaN	  0.03	 11.82	 2.1193	 0.5525	 0.1000	
m60623c3r3.htb	   0.0	  0.03	 2.000	 -5.00	 10.00	 40.00	   0.0	 2.4400	 20.03	 16.0000	  6.61	  5.92	 1.420	 0.00000209	 0.594	  0.753	 16.00	  0.50	  5.2600	  8.4700	  9.2900	 10.1800	 11.1800	 0.8815	 0.00549026	 0.4067	 0.00000004	 1.0231	        NaN	  0.00	 20.03	 2.4385	 1.2408	 0.1000	
m60623c3r3.htb	   0.0	  0.03	 2.000	 -5.00	 10.00	 40.00	   1.0	 3.3400	 23.12	 0.5000	  8.59	  5.92	 1.104	 0.00000024	 0.593	  0.761	 16.00	  0.50	  4.3600	  7.2800	  8.1500	  9.2400	 10.6700	 0.9263	 0.00208967	 0.4683	 0.00000000	 0.5658	        NaN	  7.77	 15.35	 3.3421	 0.7205	 0.1000	
m60623c4r3.htb	  90.0	  0.03	 2.000	  3.00	 -5.00	 40.00	   0.0	 1.4200	  2.33	 16.0000	  0.50	  0.40	 1.020	 0.00033685	 0.464	  0.440	 16.00	  0.50	  3.3100	  5.9700	  6.8100	  7.8700	  9.2700	 0.7739	 0.02082852	 0.2629	 0.00002811	 0.9369	        NaN	  0.36	  1.97	 1.4214	 1.0340	 0.1000	
m60623c4r3.htb	  90.0	  0.03	 2.000	  3.00	 -5.00	 40.00	   1.0	 1.6000	  3.27	 16.0000	  0.37	  0.40	 1.102	 0.00004401	 0.580	  0.443	 16.00	  0.50	  3.7600	  6.6600	  7.5500	  8.6200	  9.9700	 0.9149	 0.00279925	 0.3586	 0.00000043	 0.3657	        NaN	  0.00	  3.27	 1.6013	 1.0744	 0.1000	
m60626c2r3.htb	   0.0	  0.03	 2.000	 -8.00	 -8.00	 40.00	   0.0	 1.8100	 12.59	 16.0000	  5.16	  4.63	 1.396	 0.00000000	 0.647	  0.358	 16.00	  0.50	  5.0700	  8.4800	  9.3700	 10.3600	 11.4800	 0.9616	 0.00055888	 0.5898	 0.00000000	 0.4057	        NaN	  1.47	 11.12	 1.8062	 1.4361	 0.1000	
m60626c2r3.htb	   0.0	  0.03	 2.000	 -8.00	 -8.00	 40.00	   1.0	 1.6600	 12.44	 16.0000	  6.11	  4.63	 1.316	 0.00000004	 0.612	  0.353	 16.00	  0.50	  5.0500	  8.5200	  9.4200	 10.4400	 11.5800	 0.9154	 0.00276176	 0.4951	 0.00000000	 0.5750	        NaN	  2.81	  9.63	 1.6621	 1.5117	 0.1000	
m60628c1r3.htb	   0.0	  0.03	 2.000	  0.00	 -8.00	 40.00	   0.0	 1.7000	 12.01	 16.0000	  3.15	  4.68	 1.261	 0.00003201	 0.496	  0.962	 16.00	  0.50	  3.0700	  5.4000	  6.1500	  7.0900	  8.3800	 0.6838	 0.04233419	 0.2733	 0.00001824	 1.5247	        NaN	  2.76	  9.25	 1.6982	 0.8700	 0.1000	
m60628c1r3.htb	   0.0	  0.03	 2.000	  0.00	 -8.00	 40.00	   1.0	 1.4700	 13.42	 16.0000	  2.38	  4.68	 1.422	 0.00000000	 0.618	  0.706	 16.00	  0.50	  4.1400	  7.3400	  8.2700	  9.3700	 10.7100	 0.7872	 0.01834927	 0.4594	 0.00000000	 1.5554	        NaN	  0.00	 13.42	 1.4687	 1.2525	 0.1000	
m60628c2r3.htb	   0.0	  0.03	 2.000	 -8.00	 -10.00	 40.00	   0.0	 1.5300	  6.03	 16.0000	  0.95	  1.24	 1.195	 0.00000084	 0.565	  0.536	 16.00	  0.50	  3.7200	  6.6300	  7.5100	  8.6000	  9.9700	 0.9040	 0.00357157	 0.4341	 0.00000001	 0.7390	        NaN	  0.31	  5.72	 1.5257	 1.0962	 0.1000	
m60628c2r3.htb	   0.0	  0.03	 2.000	 -8.00	 -10.00	 40.00	   1.0	 1.2400	  5.98	 16.0000	  2.63	  1.24	 0.963	 0.00006307	 0.533	  0.436	 16.00	  0.50	  2.5300	  4.5600	  5.2400	  6.1200	  7.3800	 0.7704	 0.02150550	 0.2952	 0.00000727	 1.0801	        NaN	  2.54	  3.43	 1.2417	 0.9116	 0.1000	
m60703c2r3.htb	   0.0	  0.03	 2.000	  8.00	 10.00	 40.00	   0.0	 1.7400	  6.55	 16.0000	  1.31	  0.35	 0.911	 0.00730000	 0.438	  0.857	 16.00	  0.50	  3.4600	  6.0900	  6.9100	  7.9300	  9.2600	 0.9230	 0.00228452	 0.2294	 0.00010818	 0.1554	        NaN	  0.90	  5.65	 1.7371	 0.9470	 0.1000	
m60703c2r3.htb	   0.0	  0.03	 2.000	  8.00	 10.00	 40.00	   1.0	 1.3500	  6.37	 16.0000	  2.34	  0.35	 0.950	 0.07688446	 0.403	  0.795	 16.00	  0.50	  4.6900	  8.2400	  9.2100	 10.3000	 11.5400	 0.9912	 0.00002890	 0.1627	 0.00139637	 0.0348	        NaN	  0.40	  5.97	 1.3501	 1.6479	 0.0010	
m60703c3r3.htb	   0.0	  0.03	 2.000	 -5.00	 10.00	 40.00	   0.0	 1.4700	  5.60	 16.0000	  0.45	  0.35	 1.013	 0.00000000	 0.641	  0.466	 16.00	  0.50	  2.7900	  4.9800	  5.6900	  6.6100	  7.8900	 0.9869	 0.00006511	 0.5729	 0.00000000	 0.0645	        NaN	  0.28	  5.32	 1.4699	 0.8857	 0.1000	
m60703c3r3.htb	   0.0	  0.03	 2.000	 -5.00	 10.00	 40.00	   1.0	 1.0400	  3.73	 16.0000	  0.88	  0.35	 1.039	 0.00006518	 0.521	  0.474	 16.00	  0.50	  4.1300	  7.5800	  8.5800	  9.7600	 11.1500	 0.9116	 0.00302085	 0.3485	 0.00000069	 0.3047	        NaN	  0.00	  3.73	 1.0365	 1.5619	 0.1000	
m60705c1r3.htb	   0.0	  0.03	 2.000	  0.00	 -10.00	 40.00	   0.0	 1.4100	 18.53	 16.0000	  4.00	  2.74	 0.935	 0.00000000	 0.755	  0.380	 16.00	  0.50	  2.4300	  4.2900	  4.9100	  5.7100	  6.8500	 0.9064	 0.00339564	 0.7917	 0.00000000	 4.6498	        NaN	  3.77	 14.77	 1.4113	 0.8200	 0.1000	
m60705c1r3.htb	   0.0	  0.03	 2.000	  0.00	 -10.00	 40.00	   1.0	 1.4100	 20.86	 16.0000	  6.52	  2.74	 0.859	 0.00000000	 0.644	  0.509	 16.00	  0.50	  2.3500	  4.1400	  4.7300	  5.5000	  6.6000	 0.9808	 0.00013975	 0.7125	 0.00000000	 0.3115	        NaN	  6.34	 14.52	 1.4098	 0.8019	 0.1000	
m60705c2r3.htb	   0.0	  0.03	 2.000	 -5.00	 -10.00	 40.00	   0.0	 0.6400	  7.38	 16.0000	  2.22	  1.14	 0.956	 0.00000001	 0.599	  0.412	 16.00	  0.50	  3.0900	  6.1300	  7.1300	  8.3700	  9.9900	 0.8952	 0.00427457	 0.4998	 0.00000000	 0.8345	        NaN	  1.42	  5.96	 0.6410	 1.5383	 0.1000	
m60705c2r3.htb	   0.0	  0.03	 2.000	 -5.00	 -10.00	 40.00	   1.0	 0.9700	  7.89	 16.0000	  2.67	  1.14	 0.881	 0.00000001	 0.587	  0.394	 16.00	  0.50	  2.7400	  5.1500	  5.9500	  7.0000	  8.4500	 0.9433	 0.00122920	 0.5314	 0.00000000	 0.3610	        NaN	  2.38	  5.51	 0.9736	 1.1129	 0.1000	
m60705c3r3.htb	   0.0	  0.03	 2.000	  5.00	 -10.00	 40.00	   0.0	 1.9300	 26.51	 16.0000	 12.49	  4.90	 0.973	 0.00000052	 0.661	  0.421	 16.00	  0.50	  5.1300	  8.5000	  9.3700	 10.3500	 11.4400	 0.9339	 0.00167480	 0.6290	 0.00000000	 0.6820	        NaN	  5.49	 21.02	 1.9310	 1.3957	 0.1000	
m60705c3r3.htb	   0.0	  0.03	 2.000	  5.00	 -10.00	 40.00	   1.0	 1.4100	 26.67	 16.0000	 14.52	  4.90	 0.918	 0.00002140	 0.623	  0.422	 16.00	  0.50	  4.9500	  8.5100	  9.4600	 10.5100	 11.7000	 0.9345	 0.00164544	 0.5450	 0.00000012	 0.6894	        NaN	  7.86	 18.82	 1.4148	 1.6402	 0.1000	
m60712c1r3.htb	   0.0	  0.03	 2.000	  3.00	 -5.00	 40.00	   0.0	 2.0500	 11.87	 16.0000	  3.56	  4.98	 1.356	 0.00000001	 0.623	  0.473	 16.00	  0.50	  3.9500	  6.7900	  7.6300	  8.6400	  9.9100	 0.8385	 0.01036675	 0.4812	 0.00000000	 1.0354	        NaN	  2.52	  9.35	 2.0473	 0.9611	 0.1000	
m60712c1r3.htb	   0.0	  0.03	 2.000	  3.00	 -5.00	 40.00	   1.0	 1.8400	 14.04	 16.0000	  4.06	  4.98	 1.236	 0.00000002	 0.605	  0.541	 16.00	  0.50	  3.3200	  5.8000	  6.5800	  7.5500	  8.8500	 0.9493	 0.00097885	 0.5222	 0.00000000	 0.2959	        NaN	  3.47	 10.57	 1.8357	 0.8821	 0.1000	
m60712c1r3.htb	   0.0	  0.03	 2.000	  3.00	 -5.00	 40.00	   0.0	 2.0500	 11.87	 16.0000	  3.56	  4.98	 1.356	 0.00000001	 0.623	  0.473	 16.00	  0.50	  3.9500	  6.7900	  7.6300	  8.6400	  9.9100	 0.8385	 0.01036689	 0.4812	 0.00000000	 1.0354	        NaN	  2.52	  9.35	 2.0473	 0.9611	 0.1000	
m60712c1r3.htb	   0.0	  0.03	 2.000	  3.00	 -5.00	 40.00	   1.0	 1.8400	 14.04	 16.0000	  4.06	  4.98	 1.236	 0.00000002	 0.605	  0.541	 16.00	  0.50	  3.3200	  5.8000	  6.5800	  7.5500	  8.8500	 0.9493	 0.00097884	 0.5222	 0.00000000	 0.2959	        NaN	  3.47	 10.57	 1.8357	 0.8821	 0.1000	
m60717c3r3.htb	 150.0	  0.03	 2.000	 -10.00	 -10.00	 40.00	   0.0	 1.2300	 21.29	 16.0000	  0.64	  0.10	 1.005	 0.00000000	 0.770	  0.554	 16.00	  0.50	  2.6300	  4.7600	  5.4700	  6.4000	  7.7000	 0.9292	 0.00192809	 0.7679	 0.00000000	 1.8198	        NaN	  0.00	 21.29	 1.2323	 0.9414	 0.1000	
m60717c3r3.htb	 150.0	  0.03	 2.000	 -10.00	 -10.00	 40.00	   1.0	 1.2700	 24.77	 16.0000	  3.53	  0.10	 0.930	 0.00000000	 0.695	  0.629	 16.00	  0.50	  2.3600	  4.2100	  4.8300	  5.6400	  6.8000	 0.9558	 0.00074330	 0.7197	 0.00000000	 0.8401	        NaN	  3.18	 21.59	 1.2720	 0.8559	 0.1000	
m60814c1r3.htb	   0.0	  0.03	 2.000	  0.00	  0.00	 40.00	   0.0	 2.4700	 13.99	 16.0000	  0.62	  0.40	 0.988	 0.00000000	 0.645	  0.762	 16.00	  0.50	  2.3800	  3.9100	  4.3800	  4.9800	  5.8400	 0.9540	 0.00080548	 0.6853	 0.00000000	 0.6237	        NaN	  0.56	 13.44	 2.4742	 0.5552	 0.1000	
m60814c1r3.htb	   0.0	  0.03	 2.000	  0.00	  0.00	 40.00	   1.0	 2.3300	 11.70	 16.0000	  1.40	  0.40	 0.970	 0.00000000	 0.625	  0.670	 16.00	  0.50	  3.1900	  5.4000	  6.0800	  6.9500	  8.1200	 0.9282	 0.00197997	 0.6401	 0.00000000	 1.7452	        NaN	  1.04	 10.66	 2.3342	 0.7262	 0.1000	
m60814c2r3.htb	   0.0	  0.03	 2.000	  0.00	  0.00	 40.00	   0.0	 2.0500	 24.84	 16.0000	 12.38	 12.44	 1.386	 0.00000001	 0.629	  0.473	 16.00	  0.50	  4.9200	  8.1900	  9.0600	 10.0400	 11.1600	 0.9045	 0.00353464	 0.5085	 0.00000000	 0.7001	        NaN	  7.65	 17.19	 2.0479	 1.2539	 0.1000	
m60814c2r3.htb	   0.0	  0.03	 2.000	  0.00	  0.00	 40.00	   1.0	 1.8200	 26.77	 16.0000	 14.64	 12.44	 1.131	 0.00000002	 0.573	  0.455	 16.00	  0.50	  3.7700	  6.5700	  7.4200	  8.4600	  9.7800	 0.8645	 0.00722189	 0.4762	 0.00000000	 1.2353	        NaN	 13.29	 13.48	 1.8195	 0.9907	 0.1000	
m60814c3r3.htb	   0.0	  0.03	 2.000	 -10.00	 10.00	 40.00	   0.0	 2.2600	  4.13	 16.0000	  1.15	  2.24	 1.790	 0.00009278	 0.537	  0.452	 16.00	  0.50	  4.1000	  6.9400	  7.7700	  8.7600	  9.9800	 0.9649	 0.00046742	 0.3603	 0.00000040	 0.1475	        NaN	  0.74	  3.39	 2.2555	 0.9347	 0.1000	
m60814c3r3.htb	   0.0	  0.03	 2.000	 -10.00	 10.00	 40.00	   1.0	 2.1600	  4.61	 16.0000	  2.00	  2.24	 1.478	 0.00018777	 0.493	  0.353	 16.00	  0.50	  4.1600	  7.1000	  7.9500	  8.9500	 10.1800	 0.9855	 0.00007876	 0.3501	 0.00000064	 0.0430	        NaN	  1.58	  3.03	 2.1599	 1.0100	 0.0010	
m60814c4r3.htb	   0.0	  0.03	 2.000	 -10.00	 10.00	 40.00	   0.0	 2.0000	 17.80	 16.0000	 10.24	 10.45	 1.196	 0.00140350	 0.512	  0.521	 16.00	  0.50	  4.1600	  7.1300	  7.9900	  9.0100	 10.2600	 0.9707	 0.00032498	 0.2907	 0.00000881	 0.0837	        NaN	  9.01	  8.79	 1.9997	 1.0274	 0.1000	
m60814c4r3.htb	   0.0	  0.03	 2.000	 -10.00	 10.00	 40.00	   1.0	 1.8900	 19.00	 16.0000	 11.05	 10.45	 1.336	 0.00118624	 0.497	  0.547	 16.00	  0.50	  5.1900	  8.6000	  9.4700	 10.4400	 11.5200	 0.8598	 0.00774927	 0.2617	 0.00002951	 0.4955	        NaN	  6.69	 12.31	 1.8898	 1.4505	 0.1000	
m60822c1r3.htb	   0.0	  0.03	 2.000	 -10.00	  0.00	 40.00	   0.0	 2.9900	 17.18	 16.0000	  3.12	  0.15	 0.846	 0.00000000	 0.730	  0.444	 16.00	  0.50	  3.1400	  5.1600	  5.7800	  6.5600	  7.6100	 0.9775	 0.00019136	 0.8291	 0.00000000	 1.1577	        NaN	  2.78	 14.40	 2.9881	 0.6048	 0.1000	
m60822c1r3.htb	   0.0	  0.03	 2.000	 -10.00	  0.00	 40.00	   1.0	 2.9000	 16.74	 0.5000	  4.72	  0.15	 0.824	 0.00000000	 0.674	  0.490	 16.00	  0.50	  4.1700	  6.9400	  7.7500	  8.7200	  9.9300	 0.9705	 0.00032896	 0.7172	 0.00000000	 0.4771	        NaN	  3.43	 13.31	 2.8957	 0.8123	 0.0010	
m60822c2r3.htb	   0.0	  0.03	 2.000	  0.00	 -5.00	 40.00	   0.0	 1.9500	 15.36	 16.0000	  0.96	  0.30	 1.020	 0.00000000	 0.745	  0.555	 16.00	  0.50	  3.4500	  5.9800	  6.7600	  7.7400	  9.0300	 0.9497	 0.00096359	 0.6910	 0.00000000	 1.4019	        NaN	  0.00	 15.36	 1.9492	 0.8746	 0.1000	
m60822c2r3.htb	   0.0	  0.03	 2.000	  0.00	 -5.00	 40.00	   1.0	 1.8700	 15.50	 16.0000	  1.58	  0.30	 0.990	 0.00000000	 0.750	  0.457	 16.00	  0.50	  3.2200	  5.6100	  6.3600	  7.3100	  8.5800	 0.9796	 0.00015759	 0.7814	 0.00000000	 0.4547	        NaN	  0.90	 14.60	 1.8696	 0.8491	 0.1000	
m61117c1r3.htb	 180.0	  0.03	 2.000	 10.00	 -10.00	 40.00	   0.0	 1.0700	  7.06	 16.0000	  1.75	  1.29	 0.927	 0.00000000	 0.639	  0.353	 16.00	  0.50	  1.9300	  3.4400	  3.9500	  4.6200	  5.6000	 0.9908	 0.00003179	 0.7044	 0.00000000	 0.1405	        NaN	  1.71	  5.35	 1.0652	 0.8298	 0.1000	
m61117c2r3.htb	  60.0	  0.03	 2.000	  5.00	 10.00	 40.00	   0.0	 1.4900	 15.47	 16.0000	  9.61	  6.77	 0.674	 0.00323658	 0.441	  0.530	 16.00	  0.50	  1.5600	  2.5600	  2.8800	  3.2900	  3.8800	 0.9506	 0.00093055	 0.2608	 0.00003062	 0.1099	        NaN	  9.60	  5.86	 1.4940	 0.5733	 0.1000	
m70403c1r3.htb	   0.0	  0.03	 2.000	 -5.00	 -10.00	 40.00	   0.0	 0.9000	 14.53	 16.0000	  0.04	  0.00	 1.000	 0.00000000	 0.664	  0.907	 16.00	  0.50	  1.6200	  2.8800	  3.3000	  3.8600	  4.6900	 0.9478	 0.00103874	 0.6753	 0.00000000	 0.5978	        NaN	  0.00	 14.53	 0.9035	 0.8119	 0.1000	
m70404c3r3.htb	 270.0	  0.03	 2.000	 10.00	 10.00	 30.00	   0.0	 1.1600	  6.55	 16.0000	  0.66	  1.14	 1.118	 0.00000000	 0.689	  0.391	 16.00	  0.50	  2.5000	  4.5500	  5.2400	  6.1400	  7.4200	 0.9509	 0.00092011	 0.7010	 0.00000000	 0.6041	        NaN	  0.51	  6.05	 1.1610	 0.9416	 0.1000	
m70405c2r3.htb	   0.0	  0.03	 2.000	 10.00	 -10.00	 40.00	   0.0	 1.3900	 19.83	 16.0000	  3.96	  2.49	 0.962	 0.00000000	 0.691	  0.502	 16.00	  0.50	  2.9900	  5.4000	  6.1800	  7.1800	  8.5400	 0.9068	 0.00336186	 0.6956	 0.00000000	 1.8840	        NaN	  3.15	 16.68	 1.3851	 0.9688	 0.1000	
m70723c1r3.htb	   0.0	  0.03	 2.000	 -8.00	 -8.00	 30.00	   0.0	 1.1600	  3.35	 16.0000	  0.82	  0.90	 1.031	 0.00000002	 0.494	  0.507	 16.00	  0.50	  1.5600	  2.6600	  3.0100	  3.4800	  4.1500	 0.9489	 0.00099822	 0.3023	 0.00000000	 0.2293	        NaN	  0.82	  2.53	 1.1613	 0.6787	 0.1000	
m70523c2r3.htb	   0.0	  0.03	 2.000	  0.00	  0.00	 40.00	   0.0	 0.5000	  6.59	 16.0000	  2.03	  1.39	 0.881	 0.00002527	 0.515	  0.554	 16.00	  0.50	  1.3100	  2.4500	  2.8500	  3.4000	  4.2300	 0.9758	 0.00022146	 0.3956	 0.00000007	 0.0667	        NaN	  2.01	  4.58	 0.5000	 0.9774	 0.1000	
m70523c3r3.htb	   0.0	  0.03	 2.000	  0.00	  0.00	 40.00	   0.0	 1.8700	 30.26	 16.0000	 16.15	 14.18	 1.438	 0.00000421	 0.588	  0.572	 16.00	  0.50	  5.3200	  8.7500	  9.6300	 10.5800	 11.6400	 0.9308	 0.00183699	 0.4154	 0.00000003	 0.5277	        NaN	  7.13	 23.13	 1.8706	 1.5300	 0.1000	
m70524c1r3.htb	   0.0	  0.03	 2.000	  0.00	 -15.00	 40.00	   0.0	 1.1300	 16.19	 16.0000	  2.02	  1.14	 0.953	 0.00000000	 0.681	  0.628	 16.00	  0.50	  2.0700	  3.7600	  4.3200	  5.0800	  6.1800	 0.9811	 0.00013529	 0.6937	 0.00000000	 0.4440	        NaN	  1.85	 14.34	 1.1274	 0.8897	 0.0010	
m70524c3r3.htb	   0.0	  0.03	 2.000	  0.00	  5.00	 30.00	   0.0	 1.2600	  4.35	 16.0000	  0.29	  0.10	 0.960	 0.00000002	 0.595	  0.486	 16.00	  0.50	  2.0100	  3.5100	  4.0100	  4.6600	  5.6100	 0.9927	 0.00002023	 0.5504	 0.00000000	 0.1549	        NaN	  0.27	  4.08	 1.2603	 0.7690	 0.1000	
m70525c1r3.htb	   0.0	  0.03	 2.000	  0.00	 -5.00	 40.00	   0.0	 0.8000	 21.19	 16.0000	  4.23	  2.79	 0.925	 0.00000000	 0.679	  0.564	 16.00	  0.50	  1.5800	  2.8400	  3.2600	  3.8400	  4.6800	 0.9677	 0.00039632	 0.8139	 0.00000000	 0.7923	        NaN	  4.17	 17.02	 0.8038	 0.8529	 0.1000	
m70529c1r3.htb	   0.0	  0.03	 2.000	 -10.00	  8.00	 40.00	   0.0	 0.9200	  2.57	 16.0000	  0.22	  0.30	 1.039	 0.00000030	 0.493	  0.658	 16.00	  0.50	  1.6700	  2.9800	  3.4200	  4.0100	  4.8800	 0.8102	 0.01447480	 0.2296	 0.00000003	 0.5808	        NaN	  0.21	  2.36	 0.9171	 0.8237	 0.1000	
m70529c2r3.htb	   0.0	  0.03	 2.000	  5.00	  5.00	 25.00	   0.0	 1.1300	 13.53	 16.0000	  2.94	  2.94	 1.138	 0.00000001	 0.607	  0.643	 16.00	  0.50	  3.5100	  6.5000	  7.4300	  8.5800	 10.0500	 0.9717	 0.00030302	 0.5511	 0.00000000	 0.1630	        NaN	  1.47	 12.06	 1.1253	 1.2539	 0.1000	
m70529c3r3.htb	   0.0	  0.03	 2.000	 10.00	  5.00	 40.00	   0.0	 1.3100	 21.36	 16.0000	  7.40	  6.92	 0.969	 0.00000008	 0.556	  0.731	 16.00	  0.50	  1.8300	  3.1400	  3.5700	  4.1300	  4.9400	 0.9587	 0.00064753	 0.5042	 0.00000000	 0.2080	        NaN	  7.36	 14.00	 1.3062	 0.7050	 0.1000	
m70530c1r3.htb	   0.0	  0.03	 2.000	 -10.00	  5.00	 20.00	   0.0	 1.1000	  3.52	 16.0000	  0.00	  0.05	 1.014	 0.00000000	 0.656	  0.447	 16.00	  0.50	  1.0600	  1.7300	  1.9300	  2.2000	  2.5800	 0.8296	 0.01156793	 0.5154	 0.00000000	 1.5893	        NaN	  0.00	  3.52	 1.0980	 0.5334	 0.1000	
m70601c1r3.htb	   0.0	  0.03	 2.000	  0.00	 -15.00	 30.00	   0.0	 0.9100	  9.78	 16.0000	  3.42	  2.14	 0.879	 0.00000001	 0.583	  0.442	 16.00	  0.50	  2.6700	  5.0700	  5.8800	  6.9300	  8.4000	 0.9331	 0.00171910	 0.5330	 0.00000000	 0.4756	        NaN	  3.07	  6.71	 0.9056	 1.1406	 0.1000	
m70605c1r3.htb	   0.0	  0.03	 2.000	  5.00	 12.00	 30.00	   0.0	 1.3700	  5.63	 16.0000	  0.58	  0.35	 0.975	 0.00000000	 0.640	  0.468	 16.00	  0.50	  2.5100	  4.4700	  5.1100	  5.9500	  7.1500	 0.8554	 0.00824792	 0.5546	 0.00000000	 1.4020	        NaN	  0.48	  5.15	 1.3717	 0.8540	 0.1000	
m70607c1r3.htb	   0.0	  0.03	 2.000	  5.00	 -2.00	 30.00	   0.0	 1.7200	  1.50	 16.0000	  0.01	  0.30	 1.248	 0.00000948	 0.581	  0.466	 16.00	  0.50	  2.2200	  3.7800	  4.2700	  4.9200	  5.8500	 0.6533	 0.05162484	 0.2797	 0.00001398	 0.8521	        NaN	  0.00	  1.50	 1.7227	 0.6761	 0.1000	
m70607c2r3.htb	   0.0	  0.03	 2.000	  5.00	 -8.00	 20.00	   0.0	 1.8800	 11.62	 16.0000	  1.12	  0.90	 1.032	 0.00000000	 0.664	  0.618	 16.00	  0.50	  3.2900	  5.7200	  6.4900	  7.4500	  8.7300	 0.9624	 0.00053646	 0.5913	 0.00000000	 0.4207	        NaN	  0.55	 11.07	 1.8802	 0.8606	 0.1000	
m70607c3r3.htb	   0.0	  0.03	 2.000	  5.00	 -10.00	 20.00	   0.0	 1.8400	 24.20	 16.0000	  6.35	  5.62	 1.148	 0.00000000	 0.632	  0.674	 16.00	  0.50	  4.2500	  7.3300	  8.2100	  9.2600	 10.5200	 0.8671	 0.00694219	 0.5540	 0.00000000	 1.4084	        NaN	  2.88	 21.32	 1.8446	 1.1090	 0.1000	
m70608c1r3.htb	   0.0	  0.03	 2.000	  0.00	  0.00	 60.00	   0.0	 4.9100	  7.54	 0.5000	  3.20	  2.59	 0.877	 0.00006965	 0.495	  0.466	 16.00	  0.50	  3.3600	  5.3200	  5.9200	  6.6700	  7.7200	 0.9865	 0.00006863	 0.3755	 0.00000019	 0.0618	        NaN	  3.20	  4.34	 4.9142	 0.4335	 0.1000	
m70609c1r3.htb	   0.0	  0.03	 2.000	  0.00	  0.00	 70.00	   0.0	 7.5400	  5.86	 0.5000	  4.36	  2.49	 0.444	 0.15054540	 0.362	  0.288	 16.00	  0.50	  0.5800	  0.8300	  0.8900	  0.9700	  1.0800	 0.5285	 0.10163150	 0.0719	 0.03838832	 0.7940	        NaN	  4.36	  1.50	 7.5373	 0.0615	 0.0033	
m70609c2r3.htb	 120.0	  0.03	 2.000	  0.00	  8.00	 30.00	   0.0	 1.9400	  2.67	 16.0000	  1.60	  1.29	 0.792	 0.05406610	 0.388	  0.364	 16.00	  0.50	  2.6300	  4.4900	  5.0900	  5.8500	  6.9300	 0.6183	 0.06362080	 0.1100	 0.00962509	 0.7014	        NaN	  1.58	  1.09	 1.9398	 0.7084	 0.1000	
m70611c2r3.htb	 120.0	  0.03	 2.000	  0.00	 -3.00	 30.00	   0.0	 1.5300	 29.09	 16.0000	 18.90	 14.68	 0.756	 0.00031711	 0.479	  0.565	 16.00	  0.50	  3.2800	  5.8600	  6.6800	  7.7000	  9.0700	 0.8485	 0.00908010	 0.2896	 0.00000922	 0.4981	        NaN	 18.19	 10.89	 1.5303	 0.9795	 0.1000	
m70611c1r3.htb	 120.0	  0.03	 2.000	 -5.00	 -10.00	 30.00	   0.0	 1.3400	  3.63	 16.0000	  0.52	  0.60	 1.170	 0.00000000	 0.594	  0.370	 16.00	  0.50	  3.6800	  6.6600	  7.5800	  8.7000	 10.1100	 0.9148	 0.00280630	 0.5339	 0.00000000	 0.5847	        NaN	  0.08	  3.55	 1.3360	 1.1802	 0.1000	
m70612c1r3.htb	   0.0	  0.03	 2.000	  0.00	 -8.00	 30.00	   0.0	 0.9600	 20.25	 16.0000	 10.82	  5.12	 0.629	 0.00000174	 0.570	  0.544	 16.00	  0.50	  1.9000	  3.4400	  3.9700	  4.6700	  5.7000	 0.9130	 0.00292834	 0.4248	 0.00000002	 0.4356	        NaN	 10.74	  9.51	 0.9612	 0.8868	 0.0711	
m70612c2r3.htb	   0.0	  0.03	 2.000	  0.00	 -7.00	 30.00	   0.0	 1.1100	 24.35	 16.0000	  9.77	  6.12	 0.838	 0.00000000	 0.657	  0.432	 16.00	  0.50	  2.7600	  5.1100	  5.8900	  6.9100	  8.3100	 0.9186	 0.00255535	 0.6822	 0.00000000	 1.6488	        NaN	  9.07	 15.28	 1.1051	 1.0437	 0.1000	
m70613c2r3.htb	   0.0	  0.03	 2.000	  5.00	  0.00	 40.00	   0.0	 0.6500	  5.72	 16.0000	  4.02	  3.18	 1.031	 0.12482722	 0.358	  0.375	 16.00	  0.50	  4.1700	  7.9300	  9.0100	 10.2500	 11.6800	 0.8821	 0.00543378	 0.1271	 0.00517800	 0.0937	        NaN	  3.11	  2.61	 0.6527	 2.1129	 0.1000	
m70613c1r3.htb	   0.0	  0.03	 2.000	  0.00	  0.00	 50.00	   0.0	 0.6100	  2.75	 16.0000	  1.27	  1.44	 1.829	 0.12454906	 0.438	  0.464	 16.00	  0.50	  4.2100	  8.0400	  9.1200	 10.3600	 11.7900	 0.6636	 0.04835856	 0.0957	 0.01618149	 0.4414	        NaN	  0.36	  2.39	 0.6124	 2.2392	 0.1000	
m70618c1r3.htb	   0.0	  0.03	 2.000	  8.00	  3.00	 30.00	   0.0	 1.7000	  7.36	 16.0000	  4.00	  4.08	 1.073	 0.00778256	 0.448	  0.467	 16.00	  0.50	  3.1100	  5.4700	  6.2200	  7.1800	  8.4700	 0.9345	 0.00164398	 0.2303	 0.00010432	 0.1358	        NaN	  3.84	  3.52	 1.6974	 0.8782	 0.1000	
m70619c1r3.htb	   0.0	  0.03	 2.000	 -5.00	  5.00	 30.00	   0.0	 1.3500	  1.76	 11.4100	  0.42	  0.65	 1.205	 0.05292919	 0.355	  0.508	 16.00	  0.50	  0.4600	  0.6900	  0.7600	  0.8400	  0.9400	 0.8405	 0.01010415	 0.1502	 0.00221393	 0.4581	        NaN	  0.42	  1.34	 1.3508	 0.2433	 0.0010	
m70621c1r3.htb	   0.0	  0.03	 2.000	  8.00	  5.00	 30.00	   0.0	 1.6200	 15.62	 16.0000	  0.40	  0.20	 0.992	 0.00000000	 0.749	  0.574	 16.00	  0.50	  2.1300	  3.6400	  4.1300	  4.7600	  5.6800	 0.8610	 0.00761079	 0.7563	 0.00000000	 7.5396	        NaN	  0.33	 15.29	 1.6153	 0.6865	 0.1000	
m70621c2r3.htb	   0.0	  0.03	 2.000	 -8.00	  5.00	 30.00	   0.0	 1.2700	  2.80	 16.0000	  1.15	  0.45	 0.704	 0.00009393	 0.478	  0.332	 16.00	  0.50	  1.6000	  2.7100	  3.0600	  3.5300	  4.2000	 0.8650	 0.00717153	 0.3227	 0.00000220	 0.3563	        NaN	  1.15	  1.66	 1.2731	 0.6523	 0.1000	
m70622c1r3.htb	   0.0	  0.03	 2.000	  5.00	  8.00	 30.00	   0.0	 1.5400	 17.00	 16.0000	  8.16	  2.69	 0.970	 0.00018644	 0.522	  0.615	 16.00	  0.50	  5.0600	  8.5900	  9.5100	 10.5400	 11.6900	 0.8808	 0.00555254	 0.3131	 0.00000336	 0.5169	        NaN	  3.11	 13.88	 1.5418	 1.6041	 0.1000	
m70625c1r3.htb	   0.0	  0.03	 2.000	  8.00	 -8.00	 30.00	   0.0	 1.7400	 10.59	 16.0000	  0.98	  0.15	 0.929	 0.00000000	 0.635	  0.734	 16.00	  0.50	  2.3900	  4.0900	  4.6400	  5.3600	  6.3800	 0.7671	 0.02215635	 0.4985	 0.00000000	 2.3551	        NaN	  0.89	  9.70	 1.7361	 0.7101	 0.1000	
m70625c2r3.htb	   0.0	  0.03	 2.000	 -3.00	  5.00	 30.00	   0.0	 1.7200	 15.30	 16.0000	  2.95	  2.59	 1.204	 0.00000000	 0.690	  0.490	 16.00	  0.50	  4.3700	  7.5700	  8.4700	  9.5300	 10.7900	 0.8930	 0.00445559	 0.6599	 0.00000000	 2.0064	        NaN	  0.00	 15.30	 1.7208	 1.2016	 0.1000	
m70626c1r3.htb	   0.0	  0.03	 2.000	  8.00	  5.00	 25.00	   0.0	 2.3000	  2.96	 16.0000	  1.92	  1.29	 1.122	 0.22556099	 0.351	  0.384	 16.00	  0.50	  5.6400	  8.9500	  9.7500	 10.6200	 11.5600	 0.6803	 0.04334465	 0.0799	 0.02859583	 0.3101	        NaN	  1.09	  1.87	 2.3048	 1.4949	 0.1000	
m70628c1r3.htb	   0.0	  0.03	 2.000	 -10.00	 -10.00	 30.00	   0.0	 2.7600	  7.84	 16.0000	  2.69	  1.04	 0.761	 0.00000000	 0.636	  0.346	 16.00	  0.50	  2.4800	  4.0400	  4.5300	  5.1400	  6.0000	 0.9193	 0.00250980	 0.6154	 0.00000000	 1.1201	        NaN	  2.67	  5.17	 2.7553	 0.5319	 0.1000	
m70703c1r3.htb	   0.0	  0.03	 2.000	  0.00	 -10.00	 30.00	   0.0	 2.0900	  5.21	 16.0000	  1.20	  0.60	 0.874	 0.00000046	 0.540	  0.511	 16.00	  0.50	  2.4300	  4.0600	  4.5800	  5.2500	  6.1900	 0.9012	 0.00378498	 0.4438	 0.00000001	 0.5816	        NaN	  1.18	  4.03	 2.0946	 0.6321	 0.1000	
m70703c2r3.htb	   0.0	  0.03	 2.000	  0.00	 -5.00	 30.00	   0.0	 1.5000	  9.78	 16.0000	  7.21	  6.82	 1.141	 0.00568751	 0.425	  0.274	 16.00	  0.50	  4.5000	  7.8600	  8.8000	  9.8800	 11.1500	 0.9637	 0.00050052	 0.2473	 0.00005296	 0.0542	        NaN	  6.40	  3.38	 1.4989	 1.3670	 0.1000	
m70705c1r3.htb	   0.0	  0.03	 2.000	 -8.00	  5.00	 30.00	   0.0	 3.3700	  2.72	 0.5000	  0.92	  1.29	 1.267	 0.00180539	 0.427	  0.463	 16.00	  0.50	  3.1500	  5.1700	  5.8000	  6.6100	  7.7500	 0.9530	 0.00084095	 0.2783	 0.00001484	 0.0624	        NaN	  0.91	  1.80	 3.3748	 0.5582	 0.0010	
m70706c2r3.htb	   0.0	  0.03	 2.000	 -5.00	 -5.00	 30.00	   0.0	 2.6000	  5.18	 16.0000	  0.41	  0.30	 1.061	 0.00000007	 0.636	  0.584	 16.00	  0.50	  3.8300	  6.4100	  7.1800	  8.1100	  9.3000	 0.7528	 0.02511311	 0.3982	 0.00000006	 1.3413	        NaN	  0.00	  5.18	 2.5952	 0.7948	 0.1000	
m70709c1r3.htb	   0.0	  0.03	 2.000	 -2.00	  0.00	 30.00	   0.0	 1.4000	  7.05	 16.0000	  3.35	  0.50	 0.574	 0.00000983	 0.503	  0.364	 16.00	  0.50	  2.4600	  4.3600	  4.9900	  5.8100	  6.9700	 0.9812	 0.00013290	 0.4193	 0.00000002	 0.0639	        NaN	  3.29	  3.76	 1.4001	 0.8324	 0.1000	
m70709c2r3.htb	   0.0	  0.03	 2.000	 -8.00	  0.00	 30.00	   0.0	 0.8700	  9.04	 16.0000	  5.40	  4.43	 1.199	 0.00000082	 0.530	  0.302	 16.00	  0.50	  4.4200	  8.1200	  9.1500	 10.3400	 11.7000	 0.7681	 0.02197584	 0.3693	 0.00000026	 1.3698	        NaN	  3.51	  5.52	 0.8677	 1.9177	 0.1000	
m70709c3r3.htb	   0.0	  0.03	 2.000	 -10.00	  6.00	 30.00	   0.0	 1.4600	 11.73	 16.0000	  2.21	  2.34	 1.238	 0.00000139	 0.564	  0.683	 16.00	  0.50	  4.1600	  7.3700	  8.3000	  9.4100	 10.7400	 0.8900	 0.00471211	 0.4183	 0.00000002	 0.5587	        NaN	  0.11	 11.63	 1.4599	 1.2631	 0.1000	
m70710c1r3.htb	   0.0	  0.03	 2.000	 -5.00	 -10.00	 30.00	   0.0	 1.2300	 11.75	 16.0000	  2.85	  1.69	 1.168	 0.00000000	 0.692	  0.384	 16.00	  0.50	  4.3400	  7.7600	  8.7400	  9.8700	 11.2000	 0.9660	 0.00043828	 0.6614	 0.00000000	 0.3565	        NaN	  0.00	 11.75	 1.2342	 1.4793	 0.1000	
m70710c2r3.htb	 180.0	  0.03	 2.000	  0.00	  0.00	 30.00	   0.0	 0.7200	 14.19	 16.0000	  7.46	  8.16	 1.185	 0.00000201	 0.527	  0.448	 16.00	  0.50	  2.5400	  4.9700	  5.8000	  6.8900	  8.4100	 0.9728	 0.00027988	 0.4496	 0.00000000	 0.1522	        NaN	  7.04	  7.15	 0.7174	 1.2477	 0.1000	
m70711c1r3.htb	   0.0	  0.03	 2.000	  0.00	  8.00	 30.00	   0.0	 1.1800	 16.59	 16.0000	 12.55	  9.45	 0.571	 0.01516207	 0.446	  0.446	 16.00	  0.50	  2.0200	  3.5700	  4.0900	  4.7700	  5.7600	 0.6768	 0.04436956	 0.1517	 0.00209922	 0.6246	        NaN	 12.52	  4.07	 1.1811	 0.8038	 0.1000	
m70711c2r3.htb	   0.0	  0.03	 2.000	 -5.00	  5.00	 30.00	   0.0	 1.6700	 11.57	 16.0000	  4.60	  1.79	 1.138	 0.00000000	 0.644	  0.390	 16.00	  0.50	  5.1600	  8.6600	  9.5600	 10.5600	 11.6700	 0.8560	 0.00817759	 0.4921	 0.00000000	 1.1298	        NaN	  0.45	 11.12	 1.6687	 1.5729	 0.1000	
m70712c1r3.htb	   0.0	  0.03	 2.000	 -5.00	  5.00	 30.00	   0.0	 1.9300	 15.08	 16.0000	  2.29	  0.40	 1.027	 0.00000000	 0.744	  0.400	 16.00	  0.50	  4.2200	  7.2400	  8.1100	  9.1500	 10.4000	 0.9189	 0.00253515	 0.7265	 0.00000000	 1.1640	        NaN	  0.00	 15.08	 1.9343	 1.0658	 0.1000	
m70717c3r3.htb	   0.0	  0.03	 2.000	  0.00	  5.00	 30.00	   0.0	 2.7800	 10.66	 16.0000	  2.90	  1.44	 1.157	 0.00000000	 0.645	  0.427	 16.00	  0.50	  5.0800	  8.1400	  8.9300	  9.8000	 10.7900	 0.9556	 0.00074922	 0.6416	 0.00000000	 0.5125	        NaN	  0.00	 10.66	 2.7798	 1.0670	 0.1000	
m70718c1r3.htb	   0.0	  0.03	 2.000	  2.00	  5.00	 30.00	   0.0	 1.4100	 35.06	 16.0000	 14.49	  8.71	 0.798	 0.00000000	 0.686	  0.570	 16.00	  0.50	  2.5700	  4.5700	  5.2300	  6.0900	  7.3000	 0.7682	 0.02195318	 0.5721	 0.00000000	 3.7820	        NaN	 14.03	 21.03	 1.4070	 0.8561	 0.1000	
m70718c2r3.htb	   0.0	  0.03	 2.000	  0.00	 -5.00	 30.00	   0.0	 1.0300	  1.68	 16.0000	  0.64	  0.86	 1.363	 0.00009112	 0.342	  0.463	 16.00	  0.50	  2.9300	  5.4800	  6.3200	  7.4000	  8.8700	 0.8192	 0.01308748	 0.1126	 0.00000412	 0.1535	        NaN	  0.57	  1.11	 1.0314	 1.1334	 0.1000	
m70718c3r3.htb	  90.0	  0.03	 2.000	  0.00	  2.00	 30.00	   0.0	 3.7600	  8.50	 0.5000	  3.09	  2.24	 0.864	 0.00001869	 0.562	  0.576	 16.00	  0.50	  2.4100	  3.8000	  4.2200	  4.7400	  5.4700	 0.8859	 0.00507942	 0.3654	 0.00000031	 0.9298	        NaN	  3.09	  5.41	 3.7579	 0.4107	 0.1000	
m70719c1r3.htb	  90.0	  0.03	 2.000	  5.00	  5.00	 30.00	   0.0	 1.7300	 27.81	 16.0000	  6.76	  4.48	 1.149	 0.00000000	 0.752	  0.423	 16.00	  0.50	  4.5000	  7.7400	  8.6500	  9.7000	 10.9400	 0.8768	 0.00593920	 0.7350	 0.00000000	 3.7716	        NaN	  1.00	 26.81	 1.7287	 1.2408	 0.1000	
m70719c2r3.htb	  90.0	  0.03	 2.000	 -5.00	  0.00	 30.00	   0.0	 1.5000	 33.52	 16.0000	 13.80	 11.79	 1.374	 0.00000000	 0.663	  0.578	 16.00	  0.50	  4.9500	  8.4600	  9.3900	 10.4400	 11.6200	 0.9224	 0.00231623	 0.6162	 0.00000000	 1.6026	        NaN	  3.67	 29.85	 1.5008	 1.5701	 0.1000	
m70719c3r3.htb	  90.0	  0.03	 2.000	 -5.00	 -5.00	 30.00	   0.0	 4.1000	 29.67	 0.5000	 13.65	  5.77	 0.677	 0.00000000	 0.606	  0.597	 16.00	  0.50	  4.6400	  7.7700	  8.7600	 10.0400	 11.8300	 0.8570	 0.00806450	 0.5174	 0.00000000	 1.2749	        NaN	 13.50	 16.17	 4.0962	 0.6352	 0.1000	
m70720c1r3.htb	  90.0	  0.03	 2.000	 -5.00	  0.00	 30.00	   0.0	 1.5400	 22.36	 16.0000	  2.24	  2.24	 1.111	 0.00000000	 0.740	  0.588	 16.00	  0.50	  3.6200	  6.4600	  7.3400	  8.4100	  9.7900	 0.9943	 0.00001206	 0.8125	 0.00000000	 0.3453	        NaN	  0.00	 22.36	 1.5350	 1.0666	 0.1000	
m70720c2r3.htb	   0.0	  0.03	 2.000	 -5.00	 -2.00	 30.00	   0.0	 1.1500	 37.85	 16.0000	 13.08	  9.95	 1.129	 0.00000000	 0.633	  0.652	 16.00	  0.50	  4.1200	  7.4800	  8.4600	  9.6200	 11.0000	 0.8986	 0.00399469	 0.6464	 0.00000000	 3.8711	        NaN	  6.36	 31.49	 1.1529	 1.4524	 0.1000	
m70723c1r3.htb	   0.0	  0.03	 2.000	 -8.00	 -8.00	 30.00	   0.0	 1.1600	  3.35	 16.0000	  0.82	  0.90	 1.031	 0.00000002	 0.494	  0.507	 16.00	  0.50	  1.5600	  2.6600	  3.0100	  3.4800	  4.1500	 0.9489	 0.00099822	 0.3023	 0.00000000	 0.2293	        NaN	  0.82	  2.53	 1.1613	 0.6787	 0.1000	
m70730c1r3.htb	   0.0	  0.03	 2.000	 -5.00	  0.00	 30.00	   0.0	 1.4500	 19.12	 16.0000	  3.32	  1.34	 0.973	 0.00000000	 0.734	  0.478	 16.00	  0.50	  3.4500	  6.2000	  7.0700	  8.1400	  9.5300	 0.9637	 0.00049932	 0.7628	 0.00000000	 0.7090	        NaN	  1.83	 17.29	 1.4500	 1.0576	 0.1000	
m70730c2r3.htb	   0.0	  0.03	 2.000	  0.00	 -5.00	 30.00	   0.0	 1.3700	 22.94	 16.0000	 11.77	  9.30	 0.907	 0.00000000	 0.659	  0.318	 16.00	  0.50	  3.5000	  6.3300	  7.2100	  8.3000	  9.7100	 0.9359	 0.00157385	 0.6568	 0.00000000	 0.9939	        NaN	 10.58	 12.36	 1.3719	 1.1068	 0.1000	
m70731c1r3.htb	   0.0	  0.03	 2.000	 -2.00	  0.00	 30.00	   0.0	 1.8400	 11.49	 16.0000	  0.59	  0.30	 1.003	 0.00000000	 0.746	  0.418	 16.00	  0.50	  2.9200	  5.0700	  5.7500	  6.6300	  7.8500	 0.9441	 0.00119220	 0.7728	 0.00000000	 1.5929	        NaN	  0.27	 11.22	 1.8397	 0.7941	 0.1000	
m70731c2r3.htb	   0.0	  0.03	 2.000	  2.00	 -7.00	 30.00	   0.0	 1.2000	 16.67	 16.0000	  6.15	  4.43	 0.876	 0.00002646	 0.513	  0.809	 16.00	  0.50	  2.3700	  4.2800	  4.9200	  5.7600	  6.9600	 0.9217	 0.00235887	 0.3727	 0.00000022	 0.3502	        NaN	  5.95	 10.72	 1.1984	 0.8919	 0.1000	
m70801c2r3.htb	   0.0	  0.03	 2.000	 -5.00	 -7.00	 30.00	   0.0	 0.5000	  9.70	 16.0000	  4.18	  3.03	 1.018	 0.00064704	 0.506	  0.565	 16.00	  0.50	  2.9700	  6.2200	  7.2800	  8.6000	 10.2800	 0.9517	 0.00088878	 0.3061	 0.00000454	 0.1423	        NaN	  2.92	  6.79	 0.5000	 1.8895	 0.0010	
m70801c3r3.htb	   0.0	  0.03	 2.000	  5.00	  5.00	 25.00	   0.0	 1.2900	 49.79	 16.0000	 19.73	 10.20	 0.768	 0.00000000	 0.669	  0.661	 16.00	  0.50	  2.2300	  3.9600	  4.5300	  5.2800	  6.3700	 0.9462	 0.00110669	 0.6676	 0.00000000	 0.8495	        NaN	 19.39	 30.40	 1.2863	 0.8189	 0.1000	
m70802c1r3.htb	   0.0	  0.03	 2.000	 -8.00	 -7.00	 30.00	   0.0	 1.1800	 19.57	 16.0000	  6.12	  2.64	 0.794	 0.00000000	 0.620	  0.556	 16.00	  0.50	  1.2500	  2.0500	  2.3000	  2.6300	  3.1000	 0.8884	 0.00485430	 0.6256	 0.00000000	 1.8780	        NaN	  6.12	 13.45	 1.1835	 0.5700	 0.1000	
m70802c2r3.htb	   0.0	  0.03	 2.000	  2.00	 -2.00	 30.00	   0.0	 1.3200	 30.30	 16.0000	  5.14	  3.78	 0.968	 0.00000000	 0.717	  0.582	 16.00	  0.50	  2.4700	  4.4200	  5.0600	  5.9000	  7.1100	 0.9580	 0.00067178	 0.7790	 0.00000000	 1.2817	        NaN	  4.63	 25.67	 1.3165	 0.8668	 0.1000	
m70803c1r3.htb	   0.0	  0.03	 2.000	 -2.00	 -7.00	 25.00	   0.0	 0.6600	  5.16	 16.0000	  0.30	  0.17	 1.007	 0.00000000	 0.566	  0.667	 16.00	  0.50	  2.1700	  4.2300	  4.9500	  5.9200	  7.3300	 0.8816	 0.00548163	 0.3604	 0.00000000	 0.5460	        NaN	  0.14	  5.02	 0.6577	 1.1709	 0.1000	
m70803c2r3.htb	   0.0	  0.03	 2.000	 -10.00	 -3.00	 30.00	   0.0	 0.9900	 22.73	 16.0000	  5.08	  2.84	 0.909	 0.00000000	 0.620	  0.712	 16.00	  0.50	  2.3400	  4.3300	  5.0100	  5.9000	  7.1800	 0.9764	 0.00021081	 0.6616	 0.00000000	 0.3297	        NaN	  4.64	 18.09	 0.9906	 0.9865	 0.1000	
m70806c1r3.htb	   0.0	  0.03	 2.000	  7.00	  3.00	 25.00	   0.0	 2.3100	  5.13	 16.0000	  2.20	  0.50	 0.661	 0.00000234	 0.536	  0.309	 16.00	  0.50	  3.2900	  5.5900	  6.3100	  7.2000	  8.4000	 0.9705	 0.00032884	 0.4455	 0.00000001	 0.1043	        NaN	  2.07	  3.06	 2.3070	 0.7529	 0.1000	
m70807c1r3.htb	   0.0	  0.03	 2.000	  0.00	  0.00	 30.00	   0.0	 1.3400	 21.67	 16.0000	  4.81	  3.78	 0.980	 0.00000000	 0.723	  0.421	 16.00	  0.50	  2.8300	  5.1100	  5.8600	  6.8200	  8.1600	 0.9765	 0.00020958	 0.7807	 0.00000000	 0.7039	        NaN	  4.13	 17.54	 1.3366	 0.9481	 0.1000	
m70809c1r3.htb	   0.0	  0.03	 2.000	  0.00	  2.00	 35.00	   0.0	 1.2200	 10.30	 16.0000	  3.56	  2.29	 1.286	 0.00000000	 0.628	  0.402	 16.00	  0.50	  4.7700	  8.3800	  9.3600	 10.4600	 11.7000	 0.8423	 0.00987001	 0.5049	 0.00000000	 1.8408	        NaN	  0.00	 10.30	 1.2175	 1.7184	 0.1000	
m70809c2r3.htb	 180.0	  0.03	 2.000	  0.00	 -5.00	 25.00	   0.0	 1.4100	 21.85	 16.0000	  4.60	  1.74	 1.087	 0.00000000	 0.688	  0.557	 16.00	  0.50	  4.3000	  7.6000	  8.5500	  9.6600	 10.9800	 0.9692	 0.00035994	 0.6848	 0.00000000	 0.6951	        NaN	  0.00	 21.85	 1.4125	 1.3400	 0.1000	
m70810c1r3.htb	  90.0	  0.03	 2.000	  0.00	  0.00	 30.00	   0.0	 1.1100	  9.56	 16.0000	  2.58	  1.19	 0.868	 0.00000000	 0.603	  0.467	 16.00	  0.50	  2.6800	  4.9500	  5.7000	  6.6900	  8.0600	 0.9185	 0.00256458	 0.5490	 0.00000000	 0.8107	        NaN	  2.30	  7.27	 1.1123	 1.0163	 0.1000	
m70815c1r3.htb	   0.0	  0.03	 2.000	  0.00	  0.00	 25.00	   0.0	 1.5400	  5.74	 16.0000	  1.37	  0.90	 1.185	 0.00000040	 0.592	  0.440	 16.00	  0.50	  4.5200	  7.8700	  8.8000	  9.8800	 11.1400	 0.8728	 0.00634838	 0.4324	 0.00000001	 0.8024	        NaN	  0.00	  5.74	 1.5395	 1.3502	 0.1000	
m70816c1r3.htb	   0.0	  0.03	 2.000	  6.00	  5.00	 25.00	   0.0	 0.6600	 19.23	 16.0000	  7.87	  3.38	 0.717	 0.00000000	 0.651	  0.486	 16.00	  0.50	  1.0400	  1.8000	  2.0500	  2.3800	  2.8700	 0.9137	 0.00287944	 0.6114	 0.00000000	 3.0303	        NaN	  7.87	 11.36	 0.6551	 0.7299	 0.1000	
m70817c1r3.htb	 180.0	  0.03	 2.000	  3.00	  0.00	 40.00	   0.0	 1.2000	 11.00	 16.0000	  3.94	  1.49	 0.744	 0.00000002	 0.614	  0.568	 16.00	  0.50	  1.7700	  3.0600	  3.4800	  4.0400	  4.8500	 0.7076	 0.03583956	 0.3887	 0.00000010	 1.8192	        NaN	  3.92	  7.08	 1.2043	 0.7249	 0.1000	
m70820c1r3.htb	 180.0	  0.03	 2.000	  0.00	  0.00	 35.00	   0.0	 1.1100	 19.18	 16.0000	  6.55	  5.47	 0.922	 0.00006720	 0.460	  1.090	 16.00	  0.50	  1.5500	  2.6400	  3.0000	  3.4700	  4.1500	 0.9557	 0.00074661	 0.3647	 0.00000033	 0.1421	        NaN	  6.54	 12.64	 1.1139	 0.6920	 0.1000	
m70821c1r3.htb	 180.0	  0.03	 2.000	  0.00	  0.00	 40.00	   0.0	 0.7300	  9.45	 16.0000	  7.35	  6.09	 0.629	 0.00009912	 0.371	  0.355	 16.00	  0.50	  1.6100	  2.9600	  3.4200	  4.0500	  4.9800	 0.6726	 0.04562617	 0.1345	 0.00003786	 0.6544	        NaN	  7.34	  2.11	 0.7291	 0.9152	 0.1000	
m70822c1r3.htb	 180.0	  0.03	 2.000	 -5.00	 -7.00	 30.00	   0.0	 1.2400	  8.61	 16.0000	  2.30	  2.81	 1.115	 0.00000000	 0.525	  0.616	 16.00	  0.50	  2.5400	  4.5900	  5.2700	  6.1600	  7.4300	 0.9100	 0.00313489	 0.3469	 0.00000000	 0.3766	        NaN	  2.14	  6.47	 1.2436	 0.9144	 0.1000	
m70823c1r3.htb	 180.0	  0.03	 2.000	  0.00	 -7.00	 20.00	   0.0	 1.5000	 14.60	 16.0000	  1.22	  0.75	 0.969	 0.00000000	 0.756	  0.453	 16.00	  0.50	  2.0100	  3.4400	  3.9000	  4.5000	  5.3700	 0.9319	 0.00177815	 0.7955	 0.00000000	 2.1807	        NaN	  1.17	 13.43	 1.5035	 0.6884	 0.1000	
m70824c1r3.htb	   0.0	  0.03	 2.000	  0.00	  0.00	 20.00	   0.0	 0.8200	 14.94	 16.0000	  6.49	  6.57	 1.015	 0.00000186	 0.516	  0.576	 16.00	  0.50	  1.6900	  3.0700	  3.5400	  4.1700	  5.1000	 0.9914	 0.00002777	 0.4599	 0.00000000	 0.0619	        NaN	  6.44	  8.50	 0.8222	 0.8818	 0.1000	
m70827c1r3.htb	   0.0	  0.03	 2.000	  0.00	 -5.00	 25.00	   0.0	 1.1900	 13.87	 16.0000	  2.88	  1.09	 0.871	 0.00000000	 0.680	  0.498	 16.00	  0.50	  2.2000	  3.9200	  4.4900	  5.2500	  6.3500	 0.9321	 0.00176895	 0.6846	 0.00000000	 0.8731	        NaN	  2.75	 11.12	 1.1943	 0.8451	 0.1000	
m70828c1r3.htb	   0.0	  0.03	 2.000	 -5.00	 -10.00	 25.00	   0.0	 0.8800	 11.03	 16.0000	  2.42	  0.85	 0.868	 0.00000001	 0.603	  0.541	 16.00	  0.50	  2.2700	  4.2600	  4.9500	  5.8600	  7.1700	 0.9707	 0.00032523	 0.5482	 0.00000000	 0.1667	        NaN	  2.19	  8.83	 0.8798	 1.0337	 0.1000	
m70829c1r3.htb	 270.0	  0.03	 2.000	 -2.00	 -2.00	 25.00	   0.0	 1.0600	 21.68	 16.0000	  0.69	  0.80	 1.007	 0.00000000	 0.748	  0.582	 16.00	  0.50	  1.6500	  2.8600	  3.2600	  3.7900	  4.5600	 0.9394	 0.00140489	 0.8551	 0.00000000	 3.3390	        NaN	  0.65	 21.03	 1.0645	 0.7435	 0.1000	
m70831c1r3.htb	 180.0	  0.03	 2.000	  5.00	 -7.00	 30.00	   0.0	 1.7900	 34.00	 16.0000	  8.45	  4.33	 0.940	 0.00000000	 0.721	  0.558	 16.00	  0.50	  3.6100	  6.3300	  7.1600	  8.1900	  9.5100	 0.9266	 0.00207002	 0.7264	 0.00000000	 1.3234	        NaN	  6.09	 27.91	 1.7873	 0.9644	 0.1000	
m70905c1r3.htb	 180.0	  0.03	 2.000	  0.00	  0.00	 40.00	   0.0	 1.8700	 14.13	 16.0000	  3.75	  1.74	 0.907	 0.00000000	 0.588	  0.618	 16.00	  0.50	  3.5800	  6.2300	  7.0500	  8.0500	  9.3600	 0.8932	 0.00443993	 0.5744	 0.00000000	 1.0911	        NaN	  2.89	 11.24	 1.8721	 0.9269	 0.1000	
