FILE		 PrDir	 PrSpd	 PrHDsp	 RFX	 RFY	 RFDiam	 Spont	 DirMI	 BRate	 Ampl	 PD360	 PD180	 PD90	 FWHM	 DSI	 AnovaP		 Rmeans	 Pmeans		 Rraw	 Praw		 DirDI	 VarTrm	 Chi2		 ChiP		
m60112c1r1.htb	   45.0	  20.00	  0.000	   0.00	   0.00	  30.00	   4.44	  0.218	   9.95	   1.63	 272.36	  87.64	  87.64	 135.12	  0.228	 0.66953866	  0.203	 0.22369344	  0.013	 0.21897035	 0.2945	  0.772	  0.38732	 0.98350173	
m60112c2r2.htb	   45.0	  20.00	  0.000	   8.00	   5.00	  30.00	   7.11	  0.087	  14.52	   0.86	 219.53	 140.47	  39.53	  42.39	  0.104	 0.98981725	  0.274	 0.14789752	  0.004	 0.56106877	 0.1492	  0.509	  0.16071	 0.99693949	
m60117c1r8.htb	   90.0	   5.00	  0.000	   0.00	   0.00	  30.00	   6.77	  0.182	   8.38	   2.73	 112.83	 112.83	  67.17	 432.95	  0.629	 0.74608832	  0.125	 0.35116198	  0.027	 0.14187710	 0.2363	  0.533	  0.23202	 0.99376926	
m60119c1r9.htb	   45.0	  30.00	  0.000	   0.00	   0.00	  60.00	   5.47	  0.405	   5.57	   2.36	  76.14	  76.14	  76.14	 123.65	  0.962	 0.12689544	  0.724	 0.00363341	  0.099	 0.00445302	 0.4002	  0.529	  0.40381	 0.98216338	
m60119c2r6.htb	   45.0	  30.00	  0.000	   0.00	  10.00	  40.00	   8.26	  0.160	  12.00	   1.67	  42.76	  42.76	  42.76	 118.51	  0.309	 0.82976836	  0.557	 0.02088889	  0.017	 0.15292090	 0.1888	  0.724	  0.08752	 0.99906994	
m60124c1r4.htb	    0.0	  20.00	  0.000	   0.00	  10.00	  70.00	   4.78	  0.319	   6.54	   3.98	  18.31	  18.31	  18.31	  42.39	  0.694	 0.09503207	  0.815	 0.00085536	  0.123	 0.00142770	 0.3767	  0.437	  0.17107	 0.99654413	
m60124c2r7.htb	    0.0	  30.00	  0.000	   0.00	  10.00	  70.00	   2.09	  0.353	   0.61	   0.90	  17.68	  17.68	  17.68	 247.61	 -1.527	 0.94639539	  0.482	 0.03809398	  0.025	 0.32568752	 0.3799	  0.440	  1.24395	 0.87081124	
m60124c3r2.htb	   50.0	  30.00	  0.000	  -5.00	  20.00	  70.00	   6.67	  0.227	   8.76	   1.72	 324.58	  35.42	  35.42	  44.63	  0.451	 0.65476469	  0.401	 0.06706050	  0.027	 0.14802272	 0.2653	  0.531	  0.32294	 0.98828528	
m60124c4r8.htb	    0.0	  30.00	  0.000	  10.00	  -5.00	  70.00	   2.04	  0.352	   2.57	   1.58	 351.45	   8.55	   8.55	 114.08	  0.749	 0.56790725	  0.908	 0.00007140	  0.067	 0.02050729	 0.2714	  0.580	  0.11336	 0.99845306	
m60124c5r6.htb	    0.0	  30.00	  0.000	   0.00	   0.00	  70.00	   8.36	  0.312	  10.75	   5.38	 199.87	 160.13	  19.87	  42.39	  0.692	 0.32076273	  0.543	 0.02355067	  0.055	 0.03673755	 0.3457	  0.610	  0.37615	 0.98438271	
m60213c2r7.htb	  350.0	   5.00	  0.000	   0.00	  15.00	  50.00	   1.56	  0.280	   3.00	   1.11	 148.84	 148.84	  31.16	  42.39	  0.436	 0.73266799	  0.567	 0.01910563	  0.021	 0.11395198	 0.2956	  0.453	  0.20710	 0.99499473	
m60213c3r4.htb	  120.0	   5.00	  0.000	   8.00	   0.00	  50.00	   4.53	  0.167	   5.45	   0.94	 186.28	 173.72	   6.28	  78.19	  0.504	 0.99324505	  0.637	 0.00994505	  0.009	 0.40310911	 0.1813	  0.521	  0.02687	 0.99991055	
m60213c4r9.htb	   20.0	  30.00	  0.000	   5.00	  12.00	  50.00	   5.27	  0.276	   5.47	   1.64	 170.95	 170.95	   9.05	  42.39	  0.895	 0.86103818	  0.548	 0.02262591	  0.024	 0.17153114	 0.2556	  0.625	  0.20521	 0.99508287	
m60220c1r8.htb	    0.0	  10.00	  0.000	   5.00	   8.00	  60.00	   1.79	  0.291	   4.33	   1.73	 116.78	 116.78	  63.22	  42.39	  0.404	 0.52144445	  0.377	 0.07874380	  0.032	 0.11420074	 0.3050	  0.438	  0.31559	 0.98878576	
m60317c1r7.htb	  200.0	  10.00	  0.000	   0.00	   0.00	  40.00	   1.24	  0.308	   1.27	   0.56	 203.07	 156.93	  23.07	  81.58	  0.960	 0.84359419	  0.378	 0.07787425	  0.017	 0.25289803	 0.2867	  0.472	  0.29100	 0.99038801	
m60317c2r7.htb	   30.0	  10.00	  0.000	  -5.00	   5.00	  50.00	  10.00	  0.189	  11.15	   1.42	 357.76	   2.24	   2.24	  42.39	  0.552	 0.90043053	  0.406	 0.06472019	  0.015	 0.27499001	 0.1980	  0.662	  0.18305	 0.99605877	
m60404c2r8.htb	  200.0	  10.00	  0.000	   0.00	   0.00	  40.00	   5.92	  0.271	   5.27	   4.25	  53.61	  53.61	  53.61	 465.39	  1.182	 0.40271575	  0.531	 0.02601259	  0.038	 0.08354112	 0.3635	  0.447	  1.72810	 0.78560732	
m60407c1r7.htb	    0.0	  10.00	  0.000	   0.00	  -5.00	  40.00	   6.82	  0.250	   6.39	   1.51	 236.13	 123.87	  56.13	 133.56	  1.401	 0.34262843	  0.642	 0.00944175	  0.062	 0.02555079	 0.3159	  0.421	  0.30967	 0.98918141	
m60407c2r7.htb	    0.0	  10.00	  0.000	   5.00	   0.00	  40.00	   7.01	  0.142	   8.69	   1.03	 294.98	  65.02	  65.02	 222.75	  0.380	 0.99307198	  0.682	 0.00606619	  0.009	 0.39331464	 0.1330	  0.613	  0.02654	 0.99991274	
m60407c3r8.htb	    0.0	  10.00	  0.000	   0.00	 -10.00	  60.00	   5.47	  0.392	   8.81	   3.87	 268.01	  91.99	  88.01	 113.71	  0.537	 0.01209454	  0.784	 0.00150670	  0.178	 0.00009718	 0.4357	  0.484	  0.58807	 0.96437976	
m60407c4r8.htb	   60.0	  10.00	  0.000	  15.00	 -10.00	  40.00	   2.65	  0.200	   3.52	   1.02	 330.09	  29.91	  29.91	  42.39	  0.540	 0.98779341	  0.510	 0.03070456	  0.010	 0.41037749	 0.2244	  0.502	  0.15765	 0.99705201	
m60407c5r8.htb	    0.0	  10.00	  0.000	  10.00	 -10.00	  40.00	   2.34	  0.500	   2.90	   1.56	  32.47	  32.47	  32.47	  42.39	  0.736	 0.23815695	  0.284	 0.13981326	  0.035	 0.09528408	 0.4068	  0.473	  0.99581	 0.91043111	
m60413c3r7.htb	    0.0	  10.00	  0.000	   5.00	 -20.00	  50.00	  13.56	  0.121	  22.91	   2.57	 279.33	  80.67	  80.67	 162.08	  0.216	 0.12087180	  0.677	 0.00647448	  0.050	 0.00691087	 0.3041	  0.377	  0.24290	 0.99319548	
m60413c4r8.htb	   60.0	  10.00	  0.000	 -10.00	 -10.00	  40.00	   0.95	  0.353	   1.94	   3.51	 278.63	  81.37	  81.37	 431.30	  0.778	 0.29050124	  0.315	 0.11585787	  0.024	 0.17030538	 0.3074	  0.598	  0.68702	 0.95292036	
m60413c5r6.htb	    0.0	  10.00	  0.000	 -10.00	 -10.00	  40.00	   1.87	  0.458	   3.15	   3.27	 338.89	  21.11	  21.11	  42.39	  0.719	 0.34569956	  0.738	 0.00299266	  0.065	 0.01211036	 0.2948	  0.732	  0.26561	 0.99192440	
m60413c5r7.htb	    0.0	  10.00	  0.000	 -10.00	 -10.00	  40.00	   3.88	  0.284	   5.25	   1.87	  49.05	  49.05	  49.05	 209.78	  0.577	 0.75018718	  0.848	 0.00042555	  0.024	 0.05262714	 0.1726	  0.937	  0.01807	 0.99995941	
m60414c2r8.htb	  220.0	  10.00	  0.000	   0.00	  -8.00	  40.00	   4.28	  0.206	   5.15	   2.54	 235.86	 124.14	  55.86	 426.95	  0.745	 0.91569207	  0.475	 0.03997165	  0.021	 0.19962600	 0.2240	  0.602	  0.14661	 0.99744084	
m60418c1r7.htb	  230.0	  10.00	  0.000	  -5.00	 -10.00	  50.00	  10.75	  0.277	  14.16	   4.32	 205.05	 154.95	  25.05	  42.39	  0.559	 0.50878390	  0.343	 0.09756149	  0.026	 0.15404006	 0.3287	  0.656	  0.40334	 0.98220269	
m60420c1r7.htb	  180.0	  10.00	  0.000	   5.00	  -5.00	  40.00	   3.18	  0.214	   8.51	   4.40	 239.77	 120.23	  59.77	 417.92	  0.453	 0.47839689	  0.701	 0.00487549	  0.054	 0.03778632	 0.3071	  0.471	  0.17758	 0.99628408	
m60421c1r7.htb	    0.0	  10.00	  0.000	   8.00	 -10.00	  40.00	   3.43	  0.379	   3.97	   5.82	 307.78	  52.22	  52.22	 344.33	  0.916	 0.10171803	  0.527	 0.02680564	  0.106	 0.00315026	 0.3834	  0.567	  0.57928	 0.96533787	
m60421c2r7.htb	    0.0	  10.00	  0.000	  18.00	 -10.00	  40.00	   1.64	  0.444	   3.97	   2.17	 322.00	  38.00	  38.00	  64.96	  0.482	 0.34487710	  0.881	 0.00017666	  0.091	 0.00664400	 0.3208	  0.613	  0.08769	 0.99906635	
m60421c3r7.htb	    0.0	  10.00	  0.000	  10.00	   5.00	  40.00	   4.53	  0.231	  13.15	   4.27	  26.15	  26.15	  26.15	  59.39	  0.331	 0.26863705	  0.757	 0.00227564	  0.084	 0.00920283	 0.3046	  0.595	  0.47575	 0.97581797	
m60424c3r7.htb	    0.0	  10.00	  0.000	  10.00	   0.00	  40.00	   1.24	  0.176	  11.60	   1.61	 227.05	 132.95	  47.05	  42.39	  0.134	 0.98211873	  0.404	 0.06594882	  0.009	 0.39831212	 0.1711	  0.805	  0.08582	 0.99910530	
m60424c4r7.htb	    0.0	  10.00	  0.000	   0.00	   0.00	  30.00	   2.54	  0.268	  14.35	   3.65	 217.96	 142.04	  37.96	  42.39	  0.236	 0.53776322	  0.661	 0.00773106	  0.051	 0.04363082	 0.3175	  0.654	  0.24980	 0.99281988	
m60424c5r7.htb	    0.0	  10.00	  0.000	   0.00	   0.00	  40.00	   3.13	  0.270	   9.84	   2.76	  97.59	  97.59	  82.41	 663.63	  0.292	 0.00708201	  0.015	 0.75081733	  0.013	 0.30577757	 0.4190	  0.374	  2.41100	 0.66063954	
