FILE		 PrDir	 PrSpd	 PrHDsp	 RFX	 RFY	 RFDiam	 Spont	 DirMI	 BRate	 Ampl	 PD360	 PD180	 PD90	 FWHM	 DSI	 AnovaP		 Rmeans	 Pmeans		 Rraw	 Praw		 DirDI	 VarTrm	 Chi2		 ChiP		
m21144c1r3.htb	   45.0	   5.00	  0.000	  10.00	   0.00	  10.00	   0.86	  0.353	   2.75	   0.76	  44.73	  44.73	  44.73	  42.39	  0.287	 0.45320455	  0.272	 0.15017133	  0.009	 0.14177638	 0.2343	  0.919	  0.27339	 0.99146630	
m60110c1r6.htb	   45.0	   5.00	  0.000	   0.00	   0.00	  50.00	   1.59	  0.202	   2.10	   0.85	 339.31	  20.69	  20.69	  53.94	  0.624	 0.85833134	  0.659	 0.00790316	  0.018	 0.14033595	 0.2120	  0.502	  0.10353	 0.99870548	
m60110c2r7.htb	   45.0	   5.00	  0.000	   3.00	  -7.00	  30.00	   8.01	  0.195	  14.52	   2.76	 109.34	 109.34	  70.66	 249.22	  0.297	 0.20225803	  0.545	 0.02311899	  0.070	 0.01778896	 0.3564	  0.424	  0.85823	 0.93047548	
m60117c2r7.htb	   90.0	  20.00	  0.000	   5.00	 -10.00	  40.00	  13.88	  0.389	  19.76	   5.58	  95.01	  95.01	  84.99	  72.45	  0.487	 0.67415804	  0.924	 0.00003580	  0.059	 0.03063207	 0.2655	  0.968	  0.18224	 0.99609239	
m60125c1r8.htb	   45.0	  10.00	  0.000	   0.00	   0.00	  50.00	   3.88	  0.211	   5.74	   0.51	 303.85	  56.15	  56.15	 231.88	  0.215	 0.78618907	  0.093	 0.42476511	  0.007	 0.45257928	 0.2629	  0.391	  0.70645	 0.95053084	
m60125c2r7.htb	   45.0	  10.00	  0.000	  -7.00	  -3.00	  40.00	   9.35	  0.303	   5.26	   1.95	 289.04	  70.96	  70.96	 167.36	 -0.910	 0.27009698	  0.572	 0.01839593	  0.126	 0.02651799	 0.3722	  0.364	  1.91712	 0.75099891	
m60125c3r7.htb	   45.0	  10.00	  0.000	  -8.00	 -18.00	  30.00	   2.84	  0.270	  11.90	   3.22	  81.80	  81.80	  81.80	  42.39	  0.262	 0.07600211	  0.234	 0.18756870	  0.063	 0.02529090	 0.3680	  0.525	  0.90877	 0.92329945	
m60125c4r2.htb	   90.0	  10.00	  0.000	   0.00	  -8.00	  30.00	   2.59	  0.360	   3.28	   1.40	 309.02	  50.98	  50.98	  76.70	  0.669	 0.59204031	  0.399	 0.06811559	  0.039	 0.08131117	 0.2663	  0.615	  0.23768	 0.99347394	
m60201c2r9.htb	   90.0	   5.00	  0.000	   0.00	 -10.00	  30.00	  14.83	  0.262	  21.75	   4.55	 273.28	  86.72	  86.72	  42.39	  0.396	 0.02999067	  0.506	 0.03165901	  0.108	 0.00296457	 0.4375	  0.457	  0.93085	 0.92009338	
m60201c3r3.htb	  270.0	  20.00	  0.000	   8.00	 -15.00	  50.00	   4.38	  0.310	  10.55	   3.86	 325.66	  34.34	  34.34	  51.82	  0.385	 0.61219301	  0.901	 0.00009379	  0.070	 0.02313992	 0.2841	  0.741	  0.05782	 0.99959010	
m60201c4r3.htb	  270.0	  20.00	  0.000	   8.00	 -18.00	  30.00	  14.08	  0.109	  18.27	   1.79	 209.80	 150.20	  29.80	 139.19	  0.300	 0.69554486	  0.603	 0.01388556	  0.042	 0.06966560	 0.2359	  0.388	  0.21640	 0.99455189	
m60201c5r9.htb	  100.0	  30.00	  0.000	  10.00	 -10.00	  50.00	   2.74	  0.280	  10.68	   3.41	 147.25	 147.25	  32.75	  89.00	  0.301	 0.52682622	  0.805	 0.00104204	  0.063	 0.02474015	 0.3065	  0.691	  0.07427	 0.99932729	
m60203c1r7.htb	    0.0	   5.00	  0.000	  -2.00	 -12.00	  50.00	   7.16	  0.337	   9.06	   3.01	 320.18	  39.82	  39.82	  54.96	  0.614	 0.02710680	  0.714	 0.00410999	  0.137	 0.00071542	 0.4507	  0.397	  0.49659	 0.97383225	
m60203c2r3.htb	    0.0	   5.00	  0.000	  -5.00	 -10.00	  40.00	   8.51	  0.174	  13.32	   3.05	  24.06	  24.06	  24.06	  62.92	  0.388	 0.27231611	  0.922	 0.00003984	  0.102	 0.00384342	 0.3126	  0.389	  0.10020	 0.99878616	
m60203c3r8.htb	    0.0	  25.00	  0.000	   5.00	 -20.00	  40.00	   5.67	  0.398	   7.72	   5.18	  30.01	  30.01	  30.01	  42.39	  0.716	 0.59256628	  0.666	 0.00727444	  0.099	 0.04806912	 0.3772	  0.707	  0.44348	 0.97876457	
m60207c1r7.htb	  120.0	  10.00	  0.000	  -8.00	 -12.00	  50.00	   1.96	  0.337	   4.69	   2.58	 282.90	  77.10	  77.10	  42.39	  0.485	 0.37420951	  0.753	 0.00243822	  0.048	 0.01606472	 0.3079	  0.595	  0.15280	 0.99722583	
m60207c3r7.htb	   50.0	  10.00	  0.000	  -5.00	  -5.00	  50.00	   9.65	  0.206	  16.21	   1.56	 326.04	  33.96	  33.96	 159.09	  0.192	 0.63853751	  0.118	 0.36438558	  0.013	 0.31729728	 0.3076	  0.550	  0.34949	 0.98639918	
m60207c4r8.htb	   45.0	   8.00	  0.000	  10.00	  10.00	  50.00	   9.15	  0.450	   2.22	   8.43	 179.38	 179.38	   0.62	 530.50	  5.626	 0.21973415	  0.080	 0.46166994	  0.053	 0.04001527	 0.3984	  0.715	  0.57008	 0.96632958	
m60301c1r7.htb	   45.0	  10.00	  0.000	   0.00	  -5.00	  40.00	   4.83	  0.253	  10.54	   2.48	 303.38	  56.62	  56.62	  70.30	  0.302	 0.64398281	  0.705	 0.00461106	  0.046	 0.05543082	 0.3213	  0.545	  0.18852	 0.99582714	
m60301c2r8.htb	   45.0	  10.00	  0.000	  -5.00	 -10.00	  40.00	  12.34	  0.192	  17.93	   4.22	 295.01	  64.99	  64.99	 148.76	  0.430	 0.59609659	  0.981	 0.00000026	  0.146	 0.01513676	 0.3468	  0.457	  0.05043	 0.99968737	
m60301c3r7.htb	   45.0	  10.00	  0.000	  10.00	  -5.00	  40.00	   5.32	  0.233	  14.99	   0.65	  23.60	  23.60	  23.60	 280.13	  0.063	 0.52267095	  0.045	 0.58277887	  0.001	 0.75307169	 0.3068	  0.558	  1.24328	 0.87092246	
m60301c4r7.htb	   45.0	  10.00	  0.000	  20.00	 -10.00	  50.00	   6.87	  0.420	   7.93	   2.46	  48.96	  48.96	  48.96	 269.94	  0.698	 0.18719890	  0.156	 0.29296100	  0.074	 0.09940441	 0.4892	  0.403	  4.43779	 0.34998842	
m60302c1r8.htb	   30.0	  10.00	  0.000	   0.00	  -2.00	  40.00	   2.59	  0.285	   6.68	   1.61	 283.26	  76.74	  76.74	  75.20	  0.282	 0.09068298	  0.530	 0.02616094	  0.082	 0.01000999	 0.4076	  0.327	  0.98167	 0.91256313	
m60302c2r8.htb	   30.0	  10.00	  0.000	   0.00	 -10.00	  40.00	   2.49	  0.327	   8.16	   3.18	 299.82	  60.18	  60.18	  42.39	  0.359	 0.33538226	  0.492	 0.03515400	  0.053	 0.04061518	 0.3522	  0.536	  0.57451	 0.96585365	
m60302c3r7.htb	   30.0	  10.00	  0.000	  -5.00	  -5.00	  60.00	   6.89	  0.197	   8.17	   1.16	 302.90	  57.10	  57.10	 164.17	  0.477	 0.80777087	  0.241	 0.17978596	  0.027	 0.23127510	 0.2557	  0.439	  0.41536	 0.98120002	
m60302c4r7.htb	    0.0	  10.00	  0.000	  -5.00	   0.00	  50.00	   9.40	  0.203	  15.04	   2.69	 335.33	  24.67	  24.67	 222.03	  0.323	 0.37397343	  0.439	 0.05181923	  0.039	 0.07852761	 0.3140	  0.491	  0.45940	 0.97733108	
m60404c3r7.htb	    0.0	  10.00	  0.000	  10.00	  10.00	  40.00	   2.35	  0.230	   3.40	   0.93	 125.70	 125.70	  54.30	  68.39	  0.472	 0.80226956	  0.788	 0.00139555	  0.026	 0.07935480	 0.2234	  0.469	  0.04362	 0.99976563	
m60404c4r7.htb	    0.0	  10.00	  0.000	  10.00	   5.00	  40.00	   4.28	  0.260	   8.03	   1.60	   1.60	   1.60	   1.60	  42.39	  0.299	 0.78174259	  0.327	 0.10743652	  0.038	 0.22901884	 0.2957	  0.506	  0.49586	 0.97390297	
m60404c5r7.htb	    0.0	  10.00	  0.000	   0.00	   0.00	  40.00	   5.07	  0.207	   7.69	   0.13	  71.21	  71.21	  71.21	 263.07	  0.046	 0.77563409	  0.036	 0.62676029	  0.000	 0.97043653	 0.3229	  0.354	  1.02324	 0.90625109	
m60405c2r7.htb	  270.0	  10.00	  0.000	 -10.00	 -15.00	  40.00	   4.33	  0.407	   5.05	   2.61	 258.57	 101.43	  78.57	 114.12	  0.783	 0.10363895	  0.750	 0.00254568	  0.113	 0.00226195	 0.3976	  0.528	  0.26162	 0.99215501	
m60405c3r7.htb	  270.0	  10.00	  0.000	  -5.00	 -15.00	  40.00	   3.93	  0.509	   3.10	   2.23	 313.18	  46.82	  46.82	  51.51	  1.589	 0.00859894	  0.777	 0.00167881	  0.173	 0.00012362	 0.4825	  0.438	  0.53682	 0.96981896	
m60414c1r7.htb	  250.0	  10.00	  0.000	  -8.00	  -8.00	  50.00	   0.65	  0.531	   3.90	   3.05	 287.27	  72.73	  72.73	  77.67	  0.483	 0.02360579	  0.832	 0.00060920	  0.166	 0.00017965	 0.4167	  0.560	  0.29779	 0.98995651	
m60414c3r7.htb	  270.0	  10.00	  0.000	 -10.00	   0.00	  50.00	  12.56	  0.153	  20.18	   1.99	 269.78	  90.22	  89.78	 211.07	  0.208	 0.46688921	  0.418	 0.06002302	  0.032	 0.08309805	 0.2884	  0.463	  0.21648	 0.99454800	
m60419c1r7.htb	  360.0	  10.00	  0.000	  10.00	   5.00	  50.00	   5.92	  0.343	   8.82	   4.61	  27.57	  27.57	  27.57	  42.39	  0.614	 0.05486864	  0.599	 0.01439019	  0.118	 0.00177911	 0.4193	  0.462	  0.45847	 0.97741579	
m60419c2r7.htb	  180.0	  10.00	  0.000	  10.00	 -10.00	  40.00	   9.05	  0.152	  11.46	   1.45	 335.84	  24.16	  24.16	 130.63	  0.375	 0.79099158	  0.401	 0.06717465	  0.018	 0.23033483	 0.2195	  0.514	  0.32236	 0.98832538	
m60420c2r7.htb	    0.0	  10.00	  0.000	   5.00	   0.00	  40.00	  14.78	  0.142	  26.13	   2.31	 273.42	  86.58	  86.58	 189.30	  0.169	 0.72099503	  0.440	 0.05153503	  0.024	 0.16892846	 0.2749	  0.527	  0.35655	 0.98587695	
m60424c1r7.htb	    0.0	  10.00	  0.000	 -10.00	 -10.00	  40.00	   0.05	  0.236	   6.24	   0.89	  83.25	  83.25	  83.25	  53.66	  0.126	 0.91950192	  0.157	 0.29175757	  0.006	 0.50761181	 0.2219	  0.599	  0.27371	 0.99144775	
m60424c2r7.htb	   90.0	  10.00	  0.000	   8.00	  -8.00	  40.00	   0.39	  0.144	   6.18	   0.64	 314.19	  45.81	  45.81	  42.39	  0.100	 0.88688039	  0.123	 0.35505891	  0.009	 0.45484068	 0.2014	  0.392	  0.25903	 0.99230333	
m60515c4r7.htb	    0.0	  10.00	  0.000	 -10.00	  10.00	  40.00	   1.34	  0.234	   3.24	   0.50	 128.15	 128.15	  51.85	  42.39	  0.208	 0.89108376	  0.206	 0.21962812	  0.009	 0.41225558	 0.2319	  0.400	  0.24968	 0.99282662	
m60517c1r7.htb	    0.0	  10.00	  0.000	   0.00	   0.00	  40.00	   1.94	  0.232	   5.13	   0.96	 273.07	  86.93	  86.93	  42.39	  0.231	 0.66474343	  0.358	 0.08889049	  0.026	 0.14966625	 0.2907	  0.411	  0.25052	 0.99278044	
m60517c2r7.htb	    0.0	  10.00	  0.000	 -10.00	 -10.00	  40.00	   0.80	  0.329	   2.76	   0.67	 352.31	   7.69	   7.69	  42.39	  0.255	 0.78211046	  0.269	 0.15227374	  0.014	 0.30273577	 0.2420	  0.531	  0.42881	 0.98005101	
m60517c3r7.htb	    0.0	  10.00	  0.000	  10.00	 -10.00	  30.00	   2.79	  0.139	   9.98	   0.01	 180.00	 180.00	   0.00	 384.78	  0.002	 0.99008719	  0.005	 0.85087699	  0.000	 0.93097309	 0.1624	  0.549	  0.23065	 0.99384006	
m60517c4r7.htb	    0.0	  10.00	  0.000	   5.00	  -8.00	  30.00	   4.18	  0.164	  10.45	   3.51	 198.02	 161.98	  18.02	 302.48	  0.359	 0.87462371	  0.727	 0.00350923	  0.026	 0.15570649	 0.2490	  0.585	  0.12223	 0.99820678	
m60517c5r7.htb	    0.0	  10.00	  0.000	  10.00	 -10.00	  40.00	   6.07	  0.254	  18.18	   5.24	 320.34	  39.66	  39.66	  76.95	  0.302	 0.45097487	  0.818	 0.00081154	  0.072	 0.01602578	 0.3314	  0.689	  0.09770	 0.99884500	
m60517c6r7.htb	    0.0	  10.00	  0.000	   8.00	  10.00	  40.00	   4.38	  0.171	  21.11	   2.60	 313.50	  46.50	  46.50	  42.39	  0.135	 0.15867189	  0.179	 0.25654081	  0.035	 0.09825862	 0.3222	  0.470	  1.11159	 0.89242936	
m60518c2r7.htb	    0.0	  10.00	  0.000	  -8.00	  -5.00	  40.00	   1.99	  0.261	  13.40	   5.08	  68.13	  68.13	  68.13	  42.39	  0.308	 0.10727822	  0.468	 0.04221423	  0.079	 0.01181129	 0.3771	  0.468	  0.65243	 0.95706324	
m60519c3r7.htb	    0.0	  10.00	  0.000	  -5.00	  -5.00	  30.00	   4.53	  0.166	  14.93	   4.15	 339.85	  20.15	  20.15	  42.39	  0.285	 0.73361226	  0.606	 0.01347560	  0.039	 0.07994491	 0.2421	  0.568	  0.26672	 0.99186001	
m60523c1r7.htb	    0.0	  10.00	  0.000	   0.00	   0.00	  40.00	   4.74	  0.271	  10.98	   3.18	 301.94	  58.06	  58.06	  87.74	  0.338	 0.20468819	  0.608	 0.01319359	  0.048	 0.01666060	 0.2732	  0.736	  0.22342	 0.99420646	
m60523c2r7.htb	    0.0	  10.00	  0.000	   0.00	 -10.00	  40.00	  11.69	  0.215	  24.01	   4.20	 287.09	  72.91	  72.91	 183.97	  0.254	 0.70817626	  0.507	 0.03134351	  0.037	 0.08768560	 0.2928	  0.727	  0.19147	 0.99569954	
m60523c3r7.htb	   60.0	  10.00	  0.000	   0.00	 -10.00	  40.00	   2.89	  0.216	   4.72	   1.83	 245.10	 114.90	  65.10	  42.39	  0.500	 0.57790112	  0.840	 0.00050739	  0.062	 0.02645064	 0.2971	  0.361	  0.13916	 0.99768887	
m60523c4r7.htb	    0.0	  10.00	  0.000	 -10.00	 -10.00	  40.00	   7.52	  0.313	   8.17	   9.51	 273.14	  86.86	  86.86	 447.76	  0.936	 0.26986872	  0.537	 0.02472422	  0.059	 0.05210575	 0.3840	  0.603	  0.61994	 0.96082241	
m60524c1r7.htb	    0.0	  10.00	  0.000	  -5.00	  -7.00	  30.00	   1.94	  0.290	   5.31	   1.05	  88.54	  88.54	  88.54	  42.39	  0.237	 0.85392041	  0.282	 0.14098195	  0.019	 0.22309000	 0.1862	  0.742	  0.13085	 0.99795091	
m60524c2r7.htb	    0.0	  10.00	  0.000	 -10.00	   0.00	  30.00	   1.49	  0.208	   4.90	   2.59	 308.19	  51.81	  51.81	 442.13	  0.432	 0.83446139	  0.467	 0.04253545	  0.009	 0.29009193	 0.2089	  0.611	  0.23991	 0.99335592	
m60524c3r7.htb	    0.0	  10.00	  0.000	   0.00	   7.00	  70.00	  11.54	  0.356	  15.43	   4.26	 285.42	  74.58	  74.58	  63.00	  0.523	 0.40067834	  0.373	 0.08048241	  0.041	 0.07022921	 0.3447	  0.799	  0.55934	 0.96747343	
m60524c4r7.htb	    0.0	  10.00	  0.000	  -5.00	  -5.00	  40.00	   5.47	  0.270	   8.45	   1.49	 131.35	 131.35	  48.65	  62.82	  0.333	 0.51237238	  0.302	 0.12557225	  0.024	 0.16681492	 0.3076	  0.511	  0.50748	 0.97276870	
m60524c5r7.htb	    0.0	  10.00	  0.000	 -10.00	  -5.00	  40.00	   4.58	  0.157	  20.59	   3.52	 248.74	 111.26	  68.74	 108.05	  0.180	 0.30037210	  0.882	 0.00017456	  0.093	 0.00603701	 0.3141	  0.443	  0.12804	 0.99803626	
m60525c1r7.htb	    0.0	  10.00	  0.000	  10.00	 -10.00	  40.00	   0.80	  0.289	   3.34	   0.82	 304.01	  55.99	  55.99	  79.93	  0.243	 0.82031010	  0.352	 0.09190014	  0.025	 0.16281268	 0.1850	  0.561	  0.11745	 0.99834178	
m60525c2r7.htb	    0.0	  10.00	  0.000	   5.00	   0.00	  40.00	   8.66	  0.189	  21.97	   3.68	  88.74	  88.74	  88.74	  42.39	  0.217	 0.75091227	  0.486	 0.03692320	  0.032	 0.11246717	 0.2437	  0.767	  0.27741	 0.99122537	
m60525c3r7.htb	    0.0	  10.00	  0.000	  10.00	 -10.00	  40.00	   3.73	  0.173	   4.02	   0.76	 200.72	 159.28	  20.72	 303.30	  0.726	 0.97090495	  0.454	 0.04658823	  0.009	 0.39035997	 0.1737	  0.504	  0.15791	 0.99704242	
m60525c4r7.htb	    0.0	  10.00	  0.000	  10.00	 -10.00	  30.00	   4.43	  0.278	  10.40	   3.68	 204.49	 155.51	  24.49	 176.77	  0.381	 0.28443528	  0.660	 0.00776136	  0.079	 0.01135167	 0.3172	  0.593	  0.29170	 0.99034396	
m60531c1r7.htb	    0.0	  10.00	  0.000	   0.00	   0.00	  70.00	   5.87	  0.385	   2.58	   5.90	  36.53	  36.53	  36.53	 452.36	  2.259	 0.48178533	  0.409	 0.06368618	  0.034	 0.10093927	 0.2886	  0.905	  0.34997	 0.98636429	
m60531c2r7.htb	  270.0	  10.00	  0.000	  -5.00	  -5.00	  50.00	   5.87	  0.131	   9.51	   0.88	 229.11	 130.89	  49.11	  42.39	  0.195	 0.97675784	  0.397	 0.06908280	  0.009	 0.40335645	 0.1884	  0.509	  0.09403	 0.99892883	
m60601c1r7.htb	    0.0	  10.00	  0.000	   0.00	   7.00	  40.00	   0.10	  0.397	   1.92	   0.84	 318.99	  41.01	  41.01	  42.39	  0.315	 0.25648953	  0.206	 0.21955539	  0.029	 0.13357857	 0.3405	  0.519	  1.00645	 0.90881613	
m60601c2r7.htb	   90.0	  10.00	  0.000	 -10.00	 -15.00	  40.00	   1.33	  0.362	   3.13	   1.05	  91.89	  91.89	  88.11	  79.99	  0.367	 0.44076262	  0.286	 0.13832663	  0.022	 0.10790378	 0.2959	  0.590	  0.31251	 0.98899223	
m60601c3r7.htb	   90.0	  10.00	  0.000	   0.00	 -10.00	  40.00	   1.54	  0.298	   4.20	   2.54	 248.69	 111.31	  68.69	  43.99	  0.488	 0.21375329	  0.837	 0.00055052	  0.101	 0.00399625	 0.3507	  0.397	  0.19759	 0.99542975	
m60601c4r7.htb	   90.0	  10.00	  0.000	   0.00	   0.00	  40.00	   3.53	  0.311	  11.64	   3.72	 357.93	   2.07	   2.07	 143.07	  0.314	 0.42650095	  0.521	 0.02815286	  0.054	 0.03751552	 0.3281	  0.768	  0.34928	 0.98641459	
m60601c5r7.htb	   90.0	  10.00	  0.000	   0.00	  -8.00	  40.00	   8.09	  0.112	  22.22	   2.12	 279.64	  80.36	  80.36	  61.39	  0.130	 0.81559339	  0.638	 0.00984184	  0.020	 0.12366322	 0.2321	  0.494	  0.09895	 0.99881585	
m60602c1r7.htb	    0.0	  10.00	  0.000	   0.00	  -7.00	  30.00	   5.92	  0.174	  12.36	   2.23	 159.87	 159.87	  20.13	  42.39	  0.257	 0.74844250	  0.328	 0.10696434	  0.017	 0.24872587	 0.2274	  0.527	  0.33960	 0.98711657	
m60602c2r7.htb	    0.0	  10.00	  0.000	  -8.00	  -8.00	  30.00	   7.51	  0.177	  13.74	   2.07	 237.32	 122.68	  57.32	 114.47	  0.249	 0.89141282	  0.744	 0.00277334	  0.028	 0.13605144	 0.2377	  0.589	  0.09889	 0.99881716	
m60602c3r7.htb	    0.0	  10.00	  0.000	   0.00	   5.00	  30.00	   3.68	  0.313	   8.84	   4.47	 303.09	  56.91	  56.91	 192.82	  0.464	 0.21331782	  0.677	 0.00648619	  0.103	 0.00368111	 0.3545	  0.617	  0.18251	 0.99608093	
m60602c4r7.htb	    0.0	  10.00	  0.000	   0.00	 -10.00	  20.00	   2.06	  0.299	   5.40	   1.93	 279.53	  80.47	  80.47	  59.65	  0.366	 0.23274726	  0.633	 0.01030350	  0.048	 0.01578223	 0.3207	  0.513	  0.18462	 0.99599285	
m60602c5r7.htb	    0.0	  10.00	  0.000	  -5.00	  -5.00	  50.00	   9.90	  0.198	  15.63	   3.73	 131.13	 131.13	  48.87	  93.42	  0.394	 0.96814565	  0.873	 0.00022535	  0.021	 0.19528988	 0.1629	  1.216	  0.03779	 0.99982368	
m60605c1r7.htb	    0.0	  10.00	  0.000	  -3.00	  -7.00	  30.00	   8.61	  0.115	  28.15	   1.27	   8.42	   8.42	   8.42	 256.43	  0.061	 0.75819142	  0.022	 0.70059576	  0.006	 0.49030671	 0.2747	  0.429	  0.42922	 0.98001554	
m60605c2r7.htb	    0.0	  10.00	  0.000	 -10.00	 -10.00	  30.00	   0.35	  0.318	   0.58	   0.47	  62.28	  62.28	  62.28	  92.48	  0.671	 0.86242577	  0.633	 0.01032831	  0.032	 0.11007021	 0.2395	  0.444	  0.02701	 0.99990962	
m60605c3r7.htb	    0.0	  10.00	  0.000	  -5.00	  -2.00	  30.00	  15.72	  0.201	  12.39	   5.52	 281.14	  78.86	  78.86	 328.19	  2.521	 0.10677138	  0.720	 0.00384887	  0.093	 0.00606927	 0.3629	  0.402	  0.62308	 0.96046466	
m60606c1r7.htb	    0.0	  10.00	  0.000	   8.00	  -8.00	  40.00	   0.00	  1.000	   0.00	   0.01	 310.33	  49.67	  49.67	  42.39	  0.710	 0.62691487	  0.147	 0.30873421	  0.007	 0.35263345	 0.2390	  0.225	  0.12562	 0.93912391	
m60606c2r7.htb	   90.0	  10.00	  0.000	 -10.00	   0.00	  40.00	   0.45	  0.850	   0.00	   0.46	 273.08	  86.92	  86.92	 212.44	 55.112	 0.73846710	  0.789	 0.00137634	  0.043	 0.06640912	 0.1984	  0.982	  0.05668	 0.99960593	
m60606c3r7.htb	   90.0	  10.00	  0.000	  -8.00	 -10.00	  40.00	   0.45	  0.484	   0.51	   0.46	 260.47	  99.53	  80.47	 104.17	  0.882	 0.96793200	  0.318	 0.11372486	  0.009	 0.41590675	 0.1990	  0.766	  0.10103	 0.99876627	
m60606c4r7.htb	   90.0	  10.00	  0.000	   8.00	  -5.00	  40.00	   0.25	  0.393	   2.94	   1.40	 275.49	  84.51	  84.51	  42.39	  0.342	 0.49378799	  0.344	 0.09692851	  0.028	 0.13878684	 0.3047	  0.583	  0.55835	 0.96757805	
m60606c5r7.htb	   90.0	  10.00	  0.000	   8.00	   0.00	  40.00	   0.90	  0.381	   3.88	   1.81	 151.88	 151.88	  28.12	  42.39	  0.378	 0.18598109	  0.431	 0.05464756	  0.035	 0.04114023	 0.3376	  0.528	  0.52348	 0.97117558	
m60613c5r7.htb	    0.0	  10.00	  0.000	  -8.00	 -15.00	  30.00	   8.09	  0.287	  15.79	   4.41	 289.22	  70.78	  70.78	 118.63	  0.364	 0.00062406	  0.715	 0.00405995	  0.137	 0.00003255	 0.4252	  0.467	  0.72662	 0.94800566	
m60613c6r7.htb	    0.0	  10.00	  0.000	  -5.00	 -10.00	  30.00	   1.80	  0.180	  13.90	   1.82	 317.76	  42.24	  42.24	  56.92	  0.130	 0.87010775	  0.517	 0.02897172	  0.018	 0.18582857	 0.2531	  0.588	  0.10796	 0.99859445	
m60614c1r7.htb	    0.0	  10.00	  0.000	   0.00	  -8.00	  30.00	   4.58	  0.182	  15.06	   1.20	  35.93	  35.93	  35.93	 216.41	  0.103	 0.87017868	  0.196	 0.23303455	  0.008	 0.41969035	 0.2633	  0.542	  0.26753	 0.99181293	
m60614c2r7.htb	    0.0	  10.00	  0.000	   5.00	  -5.00	  60.00	  14.88	  0.128	  17.92	   1.38	 312.66	  47.34	  47.34	  42.39	  0.311	 0.93519129	  0.241	 0.17966971	  0.009	 0.40890511	 0.1845	  0.603	  0.21016	 0.99485086	
m60614c3r7.htb	    0.0	  10.00	  0.000	   8.00	 -15.00	  30.00	   7.46	  0.157	  11.44	   3.58	 255.64	 104.36	  75.64	 259.17	  0.474	 0.46661617	  0.916	 0.00005246	  0.079	 0.01168255	 0.2792	  0.429	  0.07671	 0.99928304	
m60614c4r7.htb	    0.0	  10.00	  0.000	   8.00	 -18.00	  40.00	  16.62	  0.233	  18.52	   5.45	 327.31	  32.69	  32.69	  42.39	  0.741	 0.38348373	  0.726	 0.00353402	  0.143	 0.01629710	 0.4033	  0.431	  0.34722	 0.98656541	
m60615c1r7.htb	    0.0	  10.00	  0.000	  -8.00	 -17.00	  30.00	   2.39	  0.296	  15.65	   5.41	 160.12	 160.12	  19.88	  42.39	  0.289	 0.34975430	  0.359	 0.08840961	  0.041	 0.07019392	 0.3667	  0.638	  0.42896	 0.98003804	
m60615c2r7.htb	    0.0	  10.00	  0.000	 -10.00	 -17.00	  40.00	   6.02	  0.221	   9.29	   2.42	 285.19	  74.81	  74.81	  42.39	  0.426	 0.47767102	  0.601	 0.01411570	  0.050	 0.04702786	 0.3323	  0.445	  0.36129	 0.98552182	
m60616c1r7.htb	    0.0	  20.00	  0.000	 -10.00	 -15.00	  30.00	   1.69	  0.325	   6.17	   1.73	  89.88	  89.88	  89.88	  42.39	  0.278	 0.44072339	  0.466	 0.04268910	  0.040	 0.07377643	 0.3168	  0.566	  0.42541	 0.98034400	
m60616c2r7.htb	    0.0	  20.00	  0.000	   5.00	 -10.00	  30.00	   2.84	  0.183	   5.94	   0.70	 274.87	  85.13	  85.13	 111.48	  0.183	 0.70481960	  0.438	 0.05226810	  0.021	 0.13072775	 0.2388	  0.363	  0.23256	 0.99374132	
m60619c1r7.htb	    0.0	  20.00	  0.000	   0.00	   0.00	  40.00	   2.84	  0.222	   5.41	   1.27	 185.38	 174.62	   5.38	 372.60	  0.330	 0.80025565	  0.147	 0.30778674	  0.024	 0.17011377	 0.2672	  0.439	  0.19050	 0.99574179	
m60619c2r7.htb	    0.0	  20.00	  0.000	  -5.00	   0.00	  40.00	   2.09	  0.199	   6.63	   1.91	 233.94	 126.06	  53.94	 143.35	  0.296	 0.84333616	  0.911	 0.00006239	  0.040	 0.07373856	 0.2309	  0.583	  0.04839	 0.99971201	
m60619c3r7.htb	    0.0	  20.00	  0.000	   0.00	  -5.00	  40.00	   1.24	  0.350	   3.62	   2.30	  22.89	  22.89	  22.89	  42.39	  0.491	 0.37846885	  0.570	 0.01869981	  0.059	 0.02951395	 0.3278	  0.469	  0.33093	 0.98773120	
m60619c4r7.htb	    0.0	  30.00	  0.000	  -8.00	  -8.00	  30.00	  15.67	  0.142	  20.86	   2.43	 183.01	 176.99	   3.01	  42.39	  0.319	 0.40815181	  0.562	 0.02003288	  0.038	 0.04065703	 0.2704	  0.467	  0.31257	 0.98898840	
m60620c1r7.htb	    0.0	  30.00	  0.000	   5.00	   5.00	  40.00	   7.00	  0.131	  14.43	   1.25	 315.34	  44.66	  44.66	  42.39	  0.144	 0.70997562	  0.199	 0.22865617	  0.008	 0.34292387	 0.1917	  0.605	  0.32622	 0.98805954	
m60620c2r7.htb	    0.0	  30.00	  0.000	   0.00	   5.00	  40.00	  17.15	  0.117	  21.41	   0.69	 311.28	  48.72	  48.72	 348.81	  0.140	 0.78462825	  0.049	 0.56694622	  0.002	 0.63547830	 0.2211	  0.492	  0.50459	 0.97305267	
m60620c3r7.htb	    0.0	  30.00	  0.000	   0.00	  10.00	  40.00	  17.16	  0.174	  18.15	   6.64	 213.78	 146.22	  33.78	 501.24	  0.871	 0.42290410	  0.400	 0.06749273	  0.063	 0.02415543	 0.3081	  0.522	  0.18385	 0.99602525	
m60620c4r7.htb	    0.0	  30.00	  0.000	   0.00	   8.00	  40.00	   4.08	  0.336	   8.56	   4.16	 197.69	 162.31	  17.69	  42.39	  0.481	 0.10104740	  0.459	 0.04505527	  0.076	 0.01303743	 0.3502	  0.540	  0.96516	 0.91503258	
m60621c1r7.htb	    0.0	  30.00	  0.000	   0.00	  -8.00	  30.00	   1.92	  0.342	   6.64	   2.47	   1.40	   1.40	   1.40	 149.33	  0.344	 0.13562639	  0.214	 0.21048462	  0.029	 0.06436533	 0.3246	  0.795	  0.81728	 0.93611588	
m60621c2r7.htb	    0.0	  30.00	  0.000	   8.00	  -2.00	  30.00	   0.13	  0.475	   0.65	   0.41	 137.92	 137.92	  42.08	  42.39	  0.443	 0.27967250	  0.234	 0.18661122	  0.020	 0.12231455	 0.2441	  0.543	  0.34702	 0.98657977	
m60621c3r7.htb	  180.0	  30.00	  0.000	  10.00	   0.00	  60.00	   1.79	  0.442	   1.33	   0.63	 135.96	 135.96	  44.04	  42.39	  3.684	 0.87377395	  0.261	 0.15984198	  0.010	 0.36622329	 0.2332	  0.791	  0.33002	 0.98779456	
m60621c4r7.htb	  180.0	  20.00	  0.000	   0.00	 -10.00	  40.00	   2.19	  0.377	   5.22	   2.21	 136.12	 136.12	  43.88	  42.39	  0.422	 0.21083654	  0.642	 0.00940454	  0.084	 0.00895565	 0.3716	  0.539	  0.37077	 0.98479901	
m60621c5r7.htb	  130.0	  20.00	  0.000	 -10.00	 -10.00	  40.00	   0.36	  0.245	   1.11	   0.48	 199.93	 160.07	  19.93	 116.03	  0.394	 0.82794254	  0.858	 0.00033105	  0.026	 0.07735302	 0.2039	  0.407	  0.02528	 0.99992080	
m60621c6r7.htb	  180.0	  20.00	  0.000	   8.00	 -10.00	  40.00	   2.69	  0.354	   6.01	   1.78	 108.06	 108.06	  71.94	  42.39	  0.349	 0.93800183	  0.412	 0.06256730	  0.015	 0.28477361	 0.1774	  0.961	  0.19512	 0.99553947	
m60623c3r7.htb	   90.0	  30.00	  0.000	  -5.00	  10.00	  40.00	   6.00	  0.209	   8.67	   1.43	 276.92	  83.08	  83.08	  89.57	  0.349	 0.68836587	  0.469	 0.04168232	  0.018	 0.14732914	 0.1785	  0.701	  0.18997	 0.99576472	
m60623c4r7.htb	   90.0	  30.00	  0.000	   3.00	  -5.00	  40.00	   0.80	  0.392	   2.62	   1.52	 249.69	 110.31	  69.69	  42.39	  0.453	 0.83916413	  0.545	 0.02307698	  0.026	 0.15272220	 0.2462	  0.656	  0.25504	 0.99252867	
m60626c2r7.htb	    0.0	  30.00	  0.000	  -8.00	  -8.00	  40.00	   3.93	  0.206	   8.20	   1.28	 325.03	  34.97	  34.97	 179.68	  0.231	 0.28364865	  0.503	 0.03246058	  0.043	 0.06535327	 0.3261	  0.350	  0.88521	 0.92667372	
m60628c1r7.htb	    0.0	  30.00	  0.000	   0.00	  -8.00	  40.00	   4.68	  0.299	  11.65	   3.83	 281.32	  78.68	  78.68	  55.76	  0.354	 0.18214836	  0.749	 0.00258457	  0.096	 0.00504567	 0.3759	  0.506	  0.51382	 0.97214195	
m60628c2r7.htb	    0.0	  30.00	  0.000	  -8.00	 -10.00	  40.00	   1.96	  0.397	   1.35	   2.30	 290.50	  69.50	  69.50	 491.86	  1.362	 0.12435479	  0.431	 0.05484117	  0.056	 0.00900657	 0.3218	  0.469	  0.28241	 0.99092094	
m60703c1r7.htb	    0.0	  20.00	  0.000	  10.00	   8.00	  40.00	   3.88	  0.150	  18.09	   1.87	  46.54	  46.54	  46.54	  42.39	  0.116	 0.65862440	  0.327	 0.10750425	  0.029	 0.13069248	 0.2797	  0.439	  0.65737	 0.95647962	
m60703c1r7.htb	    0.0	  20.00	  0.000	  10.00	   8.00	  40.00	   3.88	  0.150	  18.09	   1.87	  46.54	  46.54	  46.54	  42.39	  0.116	 0.65862440	  0.327	 0.10750426	  0.029	 0.13069249	 0.2797	  0.439	  0.65738	 0.95647926	
m60703c2r7.htb	    0.0	  20.00	  0.000	   8.00	  10.00	  40.00	   0.30	  0.202	   7.32	   1.82	 244.97	 115.03	  64.97	  42.39	  0.206	 0.61862500	  0.450	 0.04804509	  0.034	 0.09913368	 0.2753	  0.400	  0.43595	 0.97942884	
m60703c3r7.htb	    0.0	  20.00	  0.000	  -5.00	  10.00	  40.00	   0.20	  0.426	   2.02	   1.08	  38.97	  38.97	  38.97	 120.60	  0.372	 0.13691329	  0.745	 0.00272012	  0.099	 0.00452695	 0.3266	  0.473	  0.96337	 0.91529803	
m60705c1r7.htb	    0.0	  20.00	  0.000	   0.00	 -10.00	  30.00	   2.24	  0.405	   3.49	   1.30	 308.67	  51.33	  51.33	  42.39	  0.508	 0.72769533	  0.525	 0.02732502	  0.030	 0.12489892	 0.2559	  0.714	  0.22295	 0.99422989	
m60705c2r7.htb	    0.0	  20.00	  0.000	  -5.00	 -10.00	  40.00	   1.64	  0.268	   3.76	   0.72	 259.57	 100.43	  79.57	 173.91	  0.254	 0.51718567	  0.344	 0.09673653	  0.029	 0.13190726	 0.2811	  0.382	  0.35060	 0.98631802	
m60705c3r7.htb	    0.0	  20.00	  0.000	   5.00	 -10.00	  40.00	   8.36	  0.145	  25.20	   1.99	  57.07	  57.07	  57.07	 158.87	  0.106	 0.94970908	  0.385	 0.07483850	  0.026	 0.31999736	 0.2988	  0.468	  1.43099	 0.83879161	
m60712c1r7.htb	    0.0	  20.00	  0.000	   3.00	  -5.00	  40.00	   3.98	  0.183	   7.11	   1.20	 255.44	 104.56	  75.44	  42.39	  0.277	 0.96749187	  0.503	 0.03250199	  0.012	 0.33307939	 0.2131	  0.494	  0.13105	 0.99794485	
m60712c1r7.htb	    0.0	  20.00	  0.000	   3.00	  -5.00	  40.00	   3.98	  0.183	   7.11	   1.20	 255.44	 104.56	  75.44	  42.39	  0.277	 0.96749187	  0.503	 0.03249865	  0.012	 0.33307321	 0.2131	  0.494	  0.13104	 0.99794493	
m60717c3r7.htb	  150.0	  20.00	  0.000	 -10.00	 -10.00	  40.00	   0.80	  0.213	  14.06	   4.01	 282.05	  77.95	  77.95	  42.39	  0.232	 0.62530187	  0.949	 0.00000920	  0.065	 0.02197685	 0.2834	  0.596	  0.05512	 0.99962713	
m60814c1r7.htb	    0.0	  20.00	  0.000	   0.00	   0.00	  40.00	   0.65	  0.400	   4.06	   2.01	 237.64	 122.36	  57.64	  42.39	  0.371	 0.67511089	  0.490	 0.03573392	  0.033	 0.10697004	 0.3699	  0.676	  0.44197	 0.97889849	
m60814c2r7.htb	    0.0	  20.00	  0.000	   0.00	   0.00	  40.00	  14.33	  0.144	  18.68	   1.95	  98.62	  98.62	  81.38	  42.39	  0.309	 0.79195211	  0.346	 0.09589915	  0.017	 0.25042260	 0.2322	  0.541	  0.69158	 0.95236299	
m60814c3r7.htb	   50.0	  20.00	  0.000	 -10.00	  10.00	  40.00	   1.54	  0.415	   1.81	   1.33	 159.10	 159.10	  20.90	  42.39	  0.832	 0.15835982	  0.468	 0.04213182	  0.061	 0.02661130	 0.3294	  0.385	  0.63394	 0.95921813	
m60814c4r7.htb	    0.0	  20.00	  0.000	   0.00	   0.00	  40.00	   9.30	  0.102	  11.83	   0.79	 186.56	 173.44	   6.56	  42.39	  0.239	 0.96753111	  0.142	 0.31787482	  0.006	 0.51020670	 0.1807	  0.429	  0.16722	 0.99669335	
m60822c1r7.htb	    0.0	  20.00	  0.000	 -10.00	   0.00	  40.00	   0.10	  0.239	   5.60	   1.02	 100.72	 100.72	  79.28	 220.73	  0.156	 0.65706026	  0.153	 0.29824984	  0.020	 0.20760959	 0.2920	  0.458	  0.70812	 0.95032429	
m60822c2r7.htb	    0.0	  20.00	  0.000	   0.00	  -5.00	  40.00	   1.24	  0.158	   4.03	   0.62	 186.89	 173.11	   6.89	  42.39	  0.181	 0.98300981	  0.396	 0.06938860	  0.010	 0.38659933	 0.1998	  0.437	  0.11353	 0.99844853	
