FILE			 PrfOR	 PrfSF	 PrfTF	 RFXctr	 RFYctr	 RFDiam	 GrType	 Spont	 SI		 AnovaP	 SDI		 VarTerm	 MaxX 	 MinX 	 RsqMn	 PMean	 RsqRaw	 Praw		 ErfChi2	 ErfChiP	 DiffErfChi2	 DiffErfChiP	 Ke		 a		 Ki			 b+a		 DC_off	 Halfmax_slope	 F_SI	 P_SI	
m82013c1r5.htb	   0.0	  0.03	 4.000	 -10.00	 10.00	 40.00	   0.0	 0.7960	  0.00	 0.0000	  0.59	  0.61	 64.000	 1.00000000	 0.488	  0.000	  0.49	  0.00	  0.7633	 0.9433	 0.76330814		 0.6827	 6.16694401	 99.9999	 0.00004499	 125.04	  0.14	 0.0675	 -0.0000	 1.0000	 
m81513c1r6.htb	 120.0	  0.03	 2.000	  0.00	  0.00	 40.00	   0.0	 0.8458	  0.60	 0.6683	  0.28	  0.45	 64.000	 1.00000000	 0.040	  0.099	  0.04	  0.10	  0.5713	 0.9662	 0.09733752		 0.9525	 3.19984778	 3.4255	 3.48049591	  3.81	  0.48	 -0.0138	 2.1959	 0.1195	 
m82113c1r6.htb	   0.0	  0.03	 2.000	  0.00	  0.00	 40.00	   0.0	 4.3284	  0.11	 0.6134	  0.27	  0.70	 64.000	 1.00000000	 0.059	  0.044	  0.06	  0.04	  0.1189	 0.9983	 0.08505624		 0.9584	 14.53243014	 69.0657	 24.62633899	 161.08	  2.67	 0.0615	 0.1495	 0.8614	 
m72213c2r6.htb	   0.0	  0.04	 4.000	 10.00	 10.00	 40.00	   0.0	 1.7413	  0.00	 0.2339	  0.35	  0.46	 64.000	 1.00000000	 0.053	  0.054	  0.05	  0.05	  0.3681	 0.9850	 0.36807472		 0.8319	 5.70896197	 99.9977	 3.77906707	 100.00	  2.05	 0.0211	 -0.0000	 1.0000	 
m112113c1r6.htb	   0.0	  0.03	 2.000	 10.00	 10.00	 40.00	   0.0	 6.4677	  0.01	 0.5638	  0.25	  0.65	 64.000	 1.00000000	 0.061	  0.039	  0.06	  0.04	  0.1011	 0.9988	 0.10238507		 0.9501	 3.08749995	 39.1966	 2.27239177	 135.63	  4.17	 0.0653	 0.0010	 0.9990	 
m20714c1r6.htb	   0.0	  0.03	 2.000	 -5.00	 -10.00	 40.00	   0.0	 2.5871	  0.01	 0.0970	  0.34	  0.52	 64.000	 1.00000000	 0.100	  0.008	  0.10	  0.01	  0.5699	 0.9664	 0.56273458		 0.7548	 14.67504219	 91.1930	 22.88466508	 191.16	  2.53	 0.0441	 0.0576	 0.9441	 
m20714c2r6.htb	   0.0	  0.03	 2.000	 -10.00	 -10.00	 40.00	   0.0	 5.6592	  0.02	 0.0594	  0.40	  0.60	 64.000	 1.00000000	 0.196	  0.001	  0.20	  0.00	  0.4667	 0.9767	 0.45010097		 0.7985	 53.37949202	 22.5172	 49.16750145	 23.28	  5.86	 0.2681	 0.0244	 0.9759	 
m20714c2r66.htb	   0.0	  0.03	 2.000	 -10.00	 -10.00	 40.00	   0.0	 5.7214	  0.03	 0.0098	  0.39	  0.58	 64.000	 1.00000000	 0.200	  0.000	  0.20	  0.00	  0.3166	 0.9887	 0.30124904		 0.8602	 54.58999444	 22.1061	 50.45805122	 22.94	  5.77	 0.2804	 0.0572	 0.9444	 
m21914c1r6.htb	   0.0	  0.16	 2.000	 -5.00	  5.00	 40.00	   0.0	 3.2615	  0.25	 0.9012	  0.23	  0.52	 64.000	 1.00000000	 0.013	  0.396	  0.01	  0.40	  0.2640	 0.9920	 0.15927607		 0.9235	 19.78629479	 33.9556	 20.27404385	 37.25	  3.05	 -0.0075	 0.6686	 0.5167	 
m22614c3r6.htb	 120.0	  0.04	 4.000	 -10.00	 -10.00	 40.00	   0.0	 1.3930	  0.02	 0.0005	  0.59	  0.48	 64.000	 1.00000000	 0.635	  0.000	  0.64	  0.00	  0.2037	 0.9952	 0.20253418		 0.9037	 10.96839643	 28.1053	 7.11888933	 32.54	  0.40	 0.1785	 0.0059	 0.9941	 
m22614c3r66.htb	 120.0	  0.04	 4.000	 -10.00	 -10.00	 40.00	   0.0	 1.1443	  0.21	 0.0000	  0.58	  0.43	 64.000	 1.00000000	 0.596	  0.000	  0.60	  0.00	  0.3748	 0.9845	 0.14362345		 0.9307	 22.08035082	 47.8237	 22.32764546	 72.62	  0.67	 0.1637	 0.8048	 0.4516	 
m30414c1r6.htb	   0.0	  0.08	 2.000	 -5.00	  5.00	 40.00	   0.0	 1.5920	  0.34	 0.0001	  0.59	  0.64	 64.000	 1.00000000	 0.596	  0.000	  0.60	  0.00	  2.0049	 0.7349	 0.56954263		 0.7522	 28.96991894	 48.2995	 41.04477084	 117.63	  0.54	 0.2667	 1.2872	 0.2919	 
m30514c3r66.htb	  30.0	  0.03	 2.000	  0.00	 10.00	 40.00	   0.0	 1.5423	  0.00	 0.0000	  0.72	  0.50	 64.000	 1.00000000	 0.795	  0.000	  0.80	  0.00	  0.5016	 0.9733	 0.50164096		 0.7782	 10.72719908	 35.7762	 1.94301399	 35.80	  0.12	 0.2552	 -0.0000	 1.0000	 
m102314c1r6.htb	 240.0	  0.02	 2.000	 10.00	 10.00	 40.00	   0.0	 0.7960	  0.12	 0.0143	  0.54	  0.66	 64.000	 1.00000000	 0.419	  0.000	  0.42	  0.00	  1.8770	 0.7584	 1.64893496		 0.4385	 12.67106635	 58.2226	 17.41292674	 138.30	  0.10	 0.0977	 0.1368	 0.8727	 
m102314c1r66.htb	 240.0	  0.02	 2.000	 10.00	 10.00	 40.00	   0.0	 0.8845	  0.04	 0.0000	  0.51	  0.62	 64.000	 1.00000000	 0.435	  0.000	  0.43	  0.00	  0.3592	 0.9857	 0.25891206		 0.8786	 12.14570683	 64.5630	 16.16912041	 151.58	  0.08	 0.0868	 0.1441	 0.8661	 
m20714c1r6.htb	   0.0	  0.03	 2.000	 -5.00	 -10.00	 40.00	   0.0	 2.5871	  0.01	 0.0970	  0.34	  0.52	 64.000	 1.00000000	 0.100	  0.008	  0.10	  0.01	  0.5699	 0.9664	 0.56273458		 0.7548	 14.67504314	 91.1930	 22.88466510	 191.16	  2.53	 0.0441	 0.0576	 0.9441	 
m20714c1r6.htb	   0.0	  0.03	 2.000	 -5.00	 -10.00	 40.00	   0.0	 2.5871	  0.01	 0.0970	  0.34	  0.52	 64.000	 1.00000000	 0.100	  0.008	  0.10	  0.01	  0.5699	 0.9664	 0.56273460		 0.7548	 14.67503957	 91.1930	 22.88466517	 191.16	  2.53	 0.0441	 0.0576	 0.9441	 
m22014c1r6.htb	 180.0	  0.03	 2.000	 -10.00	  0.00	 40.00	   0.0	 0.2488	  0.10	 0.0108	  0.68	  0.34	 64.000	 1.00000000	 0.516	  0.000	  0.52	  0.00	  5.9864	 0.2002	 5.94292481		 0.0512	 9.84625163	 59.4939	 13.68158044	 140.58	  0.38	 0.0726	 0.1818	 0.8352	 
m22014c1r66.htb	 180.0	  0.03	 2.000	 -10.00	  0.00	 40.00	   0.0	 0.9950	  0.00	 0.0000	  0.61	  0.50	 64.000	 1.00000000	 0.576	  0.000	  0.58	  0.00	  1.2948	 0.8623	 1.29480909		 0.5234	 7.56891671	 99.9994	 0.00332302	 101.32	  0.61	 0.0829	 -0.0000	 1.0000	 
m100114c2r6.htb	  30.0	  0.04	 2.000	 20.00	 -10.00	 40.00	   0.0	 3.4826	  0.34	 0.0000	  0.67	  0.50	 64.000	 1.00000000	 0.697	  0.000	  0.70	  0.00	  1.9090	 0.7525	 0.55564618		 0.7574	 45.48407469	 48.9984	 66.33498645	 119.39	  1.92	 0.3963	 4.0331	 0.0271	 
m100114c2r66.htb	  30.0	  0.04	 2.000	 20.00	 -10.00	 40.00	   0.0	 3.4826	  0.23	 0.0000	  0.64	  0.50	 64.000	 1.00000000	 0.614	  0.000	  0.61	  0.00	  0.8512	 0.9314	 0.22126558		 0.8953	 42.77999443	 52.6501	 61.94029034	 126.87	  2.59	 0.3452	 2.6757	 0.0764	 
m100214c1r6.htb	 240.0	  0.04	 2.000	  0.00	 -10.00	 40.00	   0.0	 2.6119	  0.20	 0.5237	  0.28	  0.60	 64.000	 1.00000000	 0.104	  0.024	  0.10	  0.02	  0.1106	 0.9985	 0.04500651		 0.9777	 1.66778015	 14.0001	 1.45034747	 114.00	  1.11	 0.1093	 0.0912	 0.9130	 
m100214c1r66.htb	 240.0	  0.04	 2.000	  0.00	 -10.00	 40.00	   0.0	 2.5373	  0.26	 0.0590	  0.34	  0.55	 64.000	 1.00000000	 0.160	  0.001	  0.16	  0.00	  0.1458	 0.9975	 0.01052622		 0.9948	 15.20331323	 41.6439	 14.98576544	 51.58	  1.18	 0.0789	 0.5106	 0.6025	 
m100414c2r6.htb	 270.0	  0.04	 4.000	  5.00	 -10.00	 40.00	   0.0	 1.4215	  0.31	 0.0027	  0.48	  0.68	 64.000	 1.00000000	 0.319	  0.000	  0.32	  0.00	  0.8012	 0.9383	 0.50461889		 0.7770	 12.54808559	 53.3194	 18.83439652	 128.12	  0.32	 0.0941	 0.7267	 0.4892	 
m100414c2r66.htb	 270.0	  0.04	 4.000	  5.00	 -10.00	 40.00	   0.0	 1.0945	  0.35	 0.0118	  0.36	  0.72	 64.000	 1.00000000	 0.206	  0.000	  0.21	  0.00	  0.1978	 0.9954	 0.12931141		 0.9374	 12.79770122	 48.0103	 13.41848576	 67.76	  0.23	 0.0728	 0.4037	 0.6695	 
m100414c3r6.htb	 270.0	  0.10	 2.000	  5.00	 -10.00	 40.00	   0.0	 0.1990	  0.08	 0.0017	  0.48	  0.45	 64.000	 1.00000000	 0.226	  0.000	  0.23	  0.00	  0.6569	 0.9565	 0.58400725		 0.7468	 3.67895272	 67.2675	 5.47258043	 157.35	  0.02	 0.0212	 0.2243	 0.7997	 
m110413c1r6.htb	   0.0	  0.03	 2.000	 -10.00	 10.00	 40.00	   0.0	 1.3433	  0.09	 0.0000	  0.42	  0.65	 64.000	 1.00000000	 0.182	  0.000	  0.18	  0.00	  0.4871	 0.9747	 0.45410035		 0.7969	 13.57534676	 67.4474	 21.13844908	 157.73	  1.01	 0.0718	 0.5026	 0.6061	 
m61913c1r6.htb	  50.0	  0.03	 2.000	 10.00	 10.00	 40.00	   0.0	 1.4428	  0.01	 0.0000	  0.48	  0.45	 64.000	 1.00000000	 0.294	  0.000	  0.29	  0.00	  0.7529	 0.9447	 0.70597985		 0.7026	 10.89706666	 80.4307	 16.16887974	 180.38	  1.04	 0.0490	 0.1288	 0.8794	 
m61913c2r6.htb	  75.0	  0.10	 2.000	 10.00	 10.00	 40.00	   0.0	 1.6418	  0.00	 0.1090	  0.37	  0.55	 64.000	 1.00000000	 0.135	  0.002	  0.13	  0.00	  0.3109	 0.9891	 0.31086930		 0.8560	 2.91044285	 24.1681	 1.49027278	 24.19	  1.04	 0.0607	 -0.0000	 1.0000	 
m62713c1r6.htb	 180.0	  0.03	 2.000	  0.00	 -10.00	 40.00	   0.0	 5.7711	  0.10	 0.4022	  0.25	  0.61	 64.000	 1.00000000	 0.033	  0.135	  0.03	  0.13	  0.4492	 0.9783	 0.47613017		 0.7882	 37.54520959	 8.2989	 36.42287829	  8.74	  4.41	 0.3500	 0.2724	 0.7624	 
m62713c1r66.htb	 180.0	  0.03	 2.000	  0.00	 -10.00	 40.00	   0.0	 0.1658	  0.00	 0.1368	  0.34	  0.43	 64.000	 1.00000000	 0.076	  0.040	  0.08	  0.04	  0.5814	 0.9651	 0.58135376		 0.7478	 0.40909130	 99.9907	 0.00024088	 141.47	  0.03	 0.0045	 -0.0000	 1.0000	 
m61913c2r6.htb	  75.0	  0.10	 2.000	 10.00	 10.00	 40.00	   0.0	 1.6418	  0.00	 0.1090	  0.37	  0.55	 64.000	 1.00000000	 0.135	  0.002	  0.13	  0.00	  0.3109	 0.9891	 0.31087003		 0.8560	 4.83083579	 24.1735	 3.41066461	 24.19	  1.04	 0.0607	 -0.0000	 1.0000	 
m61913c1r6.htb	  50.0	  0.03	 2.000	 10.00	 10.00	 40.00	   0.0	 1.4428	  0.01	 0.0000	  0.48	  0.45	 64.000	 1.00000000	 0.294	  0.000	  0.29	  0.00	  0.7529	 0.9447	 0.70597983		 0.7026	 10.89706649	 80.4307	 16.16887973	 180.38	  1.04	 0.0490	 0.1288	 0.8794	 
m61913c2r6.htb	  75.0	  0.10	 2.000	 10.00	 10.00	 40.00	   0.0	 1.6418	  0.00	 0.1090	  0.37	  0.55	 64.000	 1.00000000	 0.135	  0.002	  0.13	  0.00	  0.3109	 0.9891	 0.31086936		 0.8560	 1.42020490	 24.1404	 0.00003353	 27.10	  1.04	 0.0607	 -0.0000	 1.0000	 
m120715c1r61.htbViS	  90.0	  0.03	 2.000	  5.00	  5.00	 40.00	   0.0	 2.7861	  0.06	 0.0028	  0.57	  0.63	 64.000	 1.00000000	 0.537	  0.000	  0.54	  0.00	  0.4171	 0.9811	 0.39561861		 0.8205	 31.70590352	 15.2557	 26.12452805	 16.70	  0.15	 0.5278	 0.0501	 0.9512	 
m120715c1r61.htbV+L	  90.0	  0.03	 2.000	  5.00	  5.00	 40.00	   0.0	 2.7861	  0.54	 0.0272	  0.54	  0.53	 64.000	 1.00000000	 0.374	  0.000	  0.37	  0.00	  2.8005	 0.5917	 0.29704238		 0.8620	 6.10125026	 11.4032	 4.34568866	 37.87	 -0.09	 0.4295	 2.0649	 0.1451	 
m30716c3r2.htb	 180.0	  0.03	 2.000	  9.00	 -10.00	 40.00	   0.0	 3.7811	  0.06	 0.2232	  0.35	  0.64	 68.340	 4.00000000	 0.000	  0.935	  0.00	  0.93	  0.7800	 0.9783	 0.74964680		 0.8615	 31.29523120	 3.3487	 26.84774373	  3.59	 -0.63	 -0.0140	 0.0478	 0.9534	 
m30216c1r7.htb	   0.0	  0.03	 2.000	  9.00	 -19.00	 40.00	   0.0	 2.8856	  0.17	 0.8448	  0.26	  0.56	 45.560	 4.00000000	 0.013	  0.354	  0.01	  0.35	  0.3824	 0.9839	 0.27086106		 0.8733	 15.42278216	 10.3364	 14.02319471	 11.48	  0.70	 0.1942	 0.2869	 0.7516	 
m31216c1r2.htb	  30.0	  0.50	 2.000	 -7.70	 -9.00	 10.00	   0.0	 2.3762	  0.00	 0.3900	  0.28	  0.94	 68.340	 4.00000000	 0.004	  0.595	  0.00	  0.60	  0.6886	 0.9836	 0.70804476		 0.8713	 0.62341487	 99.9999	 0.00000180	 135.10	  0.48	 0.0068	 0.2926	 0.7472	 
