FILE			 PrfOR	 PrfSF	 PrfTF	 RFXctr	 RFYctr	 RFDiam	 GrType	 Spont	 SI		 AnovaP	 SDI		 VarTerm	 MaxX 	 MinX 	 RsqMn	 PMean	 RsqRaw	 Praw		 ErfChi2	 ErfChiP	 DiffErfChi2	 DiffErfChiP	 Ke		 a		 Ki			 b+a		 DC_off	 Halfmax_slope	 F_SI	 P_SI	
m32515c1r5.htb	   0.0	  0.03	 2.000	 -5.00	  5.00	 40.00	   0.0	 2.0611	  0.00	 0.0097	  0.46	  0.59	 64.000	 1.00000000	 0.250	  0.000	  0.25	  0.00	  0.7942	 0.9392	 0.79420933		 0.6723	 4.40358019	 100.0000	 0.00001285	 113.73	  2.13	 0.0482	 -0.0000	 1.0000	 
m32715c1r666.htb	   0.0	  0.10	 2.000	  0.00	  0.00	 40.00	   0.0	 3.8308	  0.11	 0.0673	  0.42	  0.57	 64.000	 1.00000000	 0.020	  0.246	  0.02	  0.25	  1.2080	 0.8768	 1.11859741		 0.5716	 24.62573880	 1.6548	 20.91485966	  1.83	 -0.49	 1.6617	 0.2932	 0.7469	 
m50715c2r6.htb	 120.0	  0.16	 4.000	 10.00	 -10.00	 40.00	   0.0	 0.4264	  0.79	 0.0726	  0.44	  0.46	 64.000	 1.00000000	 0.205	  0.002	  0.21	  0.00	  3.0698	 0.5462	 0.75829173		 0.6844	 4.97512134	 13.0402	 4.76585465	 17.45	 -0.04	 0.1110	 3.0979	 0.0561	 
m50715c1r66.htb	  50.0	  0.03	 2.000	  0.00	  0.00	 40.00	   0.0	 1.9190	  0.32	 0.2966	  0.35	  0.49	 64.000	 1.00000000	 0.115	  0.019	  0.11	  0.02	  1.0234	 0.9062	 0.95493989		 0.6204	 19.90041636	 1.7291	 17.22805460	  2.10	 -0.40	 -0.0483	 1.5478	 0.2243	 
m50715c2r66.htb	 120.0	  0.16	 4.000	 10.00	 -10.00	 40.00	   0.0	 0.5473	  0.42	 0.3078	  0.38	  0.47	 64.000	 1.00000000	 0.069	  0.035	  0.07	  0.03	  0.6813	 0.9536	 0.47823604		 0.7873	 3.86951351	 11.5334	 3.60766673	 13.57	  0.04	 0.0708	 0.6252	 0.5386	 
m50815c1r6.htb	 240.0	  0.03	 2.000	 10.00	  0.00	 40.00	   0.0	 0.3980	  0.43	 0.6920	  0.23	  0.45	 64.000	 1.00000000	 0.041	  0.092	  0.04	  0.09	  0.2511	 0.9927	 0.21235449		 0.8993	 2.48569556	 15.0101	 2.42942065	 16.23	  0.05	 0.0164	 0.2532	 0.7771	 
m50815c2r6.htb	 150.0	  0.03	 2.000	  0.00	  0.00	 40.00	   0.0	 1.2935	  0.43	 0.4114	  0.34	  0.84	 64.000	 1.00000000	 0.031	  0.147	  0.03	  0.15	  0.6279	 0.9599	 0.63749680		 0.7271	 11.68996893	 11.9626	 11.17930763	 13.25	  0.04	 0.1353	 0.4316	 0.6513	 
m50815c3r6.htb	 270.0	  0.16	 4.000	  0.00	  0.00	 40.00	   0.0	 1.7413	  0.27	 0.8921	  0.24	  0.58	 64.000	 1.00000000	 0.013	  0.338	  0.01	  0.34	  0.4669	 0.9766	 0.30210034		 0.8598	 5.74363992	 63.9033	 10.69590207	 149.45	  1.33	 -0.0045	 0.3353	 0.7164	 
m60815c1r6.htb	 120.0	  0.04	 2.000	 -10.00	 -10.00	 40.00	   0.0	 1.1372	  0.74	 0.8898	  0.31	  0.52	 64.000	 1.00000000	 0.022	  0.325	  0.02	  0.33	  1.1353	 0.8886	 0.44907819		 0.7989	 4.47790722	 16.0625	 4.61974240	 20.34	  0.34	 -0.0046	 1.6368	 0.2074	 
m61015c1r6.htb	  60.0	  0.04	 2.000	  5.00	 -5.00	 40.00	   0.0	 1.7910	  0.14	 0.1311	  0.43	  0.53	 64.000	 1.00000000	 0.089	  0.097	  0.09	  0.10	 13.1709	 0.0105	 7.74978679		 0.0208	 19.27856081	 1.9530	 16.53679023	  2.18	 -0.39	 1.3300	 0.2752	 0.7615	 
m61015c1r66.htb	  60.0	  0.04	 2.000	  5.00	 -5.00	 40.00	   0.0	 2.7861	  0.26	 0.0171	  0.39	  0.54	 64.000	 1.00000000	 0.113	  0.004	  0.11	  0.00	  1.7264	 0.7859	 1.00057951		 0.6064	 22.38804055	 2.2740	 19.13702011	  2.71	 -0.45	 1.8220	 1.5140	 0.2277	 
m61015c2r6.htb	  60.0	  0.03	 2.000	  0.00	  0.00	 40.00	   0.0	 2.6368	  0.00	 0.5353	  0.29	  0.53	 64.000	 1.00000000	 0.053	  0.054	  0.05	  0.05	  0.1220	 0.9982	 0.12203944		 0.9408	 2.34037774	 99.9994	 0.74973249	 100.00	  2.16	 0.0174	 -0.0000	 1.0000	 
m61015c3r6.htb	 120.0	  0.30	 2.000	  0.00	  0.00	 40.00	   0.0	 0.2488	  0.72	 0.3869	  0.38	  0.49	 64.000	 1.00000000	 0.013	  0.474	  0.01	  0.47	  0.6624	 0.8820	 0.32557198		    NaN	 3.26772847	 0.2643	 3.73118368	  0.75	  0.55	 -0.0640	 0.4644	 0.6322	 
m61015c3r66.htb	 120.0	  0.30	 2.000	  0.00	  0.00	 40.00	   0.0	 0.2488	  0.39	 0.2130	  0.29	  0.48	 64.000	 1.00000000	 0.082	  0.016	  0.08	  0.02	  0.3740	 0.9845	 0.32741024		 0.8490	 2.07032478	 60.5857	 3.48252888	 142.96	  0.06	 0.0105	 0.3456	 0.7091	 
m61015c4r6.htb	 240.0	  0.32	 2.000	  0.00	  0.00	 40.00	   0.0	 0.9950	  0.39	 0.8527	  0.37	  0.47	 64.000	 1.00000000	 0.039	  0.367	  0.04	  0.37	  0.4534	 0.9290	 0.45641082		    NaN	 2.48672431	 3.6285	 2.32810433	  3.98	 -0.05	 0.0833	 0.1110	 0.8956	 
m61015c4r7.htb	 240.0	  0.32	 2.000	  0.00	  0.00	 40.00	   0.0	 0.9950	  0.39	 0.8527	  0.37	  0.47	 64.000	 1.00000000	 0.039	  0.367	  0.04	  0.37	  0.4534	 0.9290	 0.45641081		    NaN	 2.48672420	 3.6285	 2.32810422	  3.98	 -0.05	 0.0833	 0.1110	 0.8956	 
m61015c4r66.htb	 240.0	  0.32	 2.000	  0.00	  0.00	 40.00	   0.0	 0.8458	  0.54	 0.4035	  0.37	  0.45	 64.000	 1.00000000	 0.042	  0.091	  0.04	  0.09	  1.2295	 0.8732	 0.62706900		 0.7309	 3.73112406	 4.9451	 3.45156888	  5.96	 -0.07	 0.1601	 1.2279	 0.2996	 
m61215c1r6.htb	 210.0	  0.03	 2.000	  0.00	  0.00	 40.00	   0.0	 1.0779	  0.11	 0.1601	  0.45	  0.84	 64.000	 1.00000000	 0.133	  0.031	  0.13	  0.03	  1.6227	 0.8047	 1.49831401		 0.4728	 11.56178878	 73.8912	 18.90537205	 171.53	  0.25	 0.0494	 0.1159	 0.8910	 
m61215c1r66.htb	 210.0	  0.03	 2.000	  0.00	  0.00	 40.00	   0.0	 0.8085	  0.15	 0.1888	  0.40	  0.84	 64.000	 1.00000000	 0.094	  0.024	  0.09	  0.02	  0.9877	 0.9117	 0.86272188		 0.6496	 9.75797225	 65.0783	 15.23630307	 152.86	  0.26	 0.0536	 0.1925	 0.8255	 
m61215c1r666.htb	 210.0	  0.03	 2.000	  0.00	  0.00	 40.00	   0.0	 0.6468	  0.09	 0.0696	  0.41	  0.78	 64.000	 1.00000000	 0.117	  0.004	  0.12	  0.00	  0.7408	 0.9462	 0.65270327		 0.7216	 9.25008977	 66.8765	 13.93033151	 156.70	  0.20	 0.0527	 0.1734	 0.8412	 
m61215c2r6.htb	   0.0	  0.08	 2.000	  0.00	  0.00	 40.00	   0.0	 0.6633	  0.62	 0.1961	  0.40	  0.63	 64.000	 1.00000000	 0.051	  0.172	  0.05	  0.17	  3.2996	 0.5090	 2.37415133		 0.3051	 7.65278515	 4.0122	 7.87592528	  4.30	  0.44	 -0.0123	 0.6310	 0.5384	 
m61215c2r66.htb	   0.0	  0.08	 2.000	  0.00	  0.00	 40.00	   0.0	 0.4975	  0.43	 0.0119	  0.48	  0.61	 64.000	 1.00000000	 0.011	  0.478	  0.01	  0.48	  5.2181	 0.2656	 4.54957498		 0.1028	 9.94485473	 3.9272	 9.93469350	  4.10	  0.26	 -0.0046	 0.2143	 0.8079	 
m61215c3r6.htb	  60.0	  0.04	 2.000	  0.00	  0.00	 40.00	   0.0	 0.0000	  0.01	 0.3860	  0.40	  0.74	 64.000	 1.00000000	 0.049	  0.180	  0.05	  0.18	  1.8787	 0.7580	 1.86627536		 0.3933	 7.41591017	 87.2163	 11.19339799	 187.15	  0.49	 0.0270	 0.0151	 0.9850	 
m61215c3r66.htb	  60.0	  0.04	 2.000	  0.00	  0.00	 40.00	   0.0	 0.2488	  0.00	 0.1584	  0.40	  0.68	 64.000	 1.00000000	 0.063	  0.036	  0.06	  0.04	  0.8752	 0.9281	 0.87519269		 0.6456	 1.74000715	 99.9996	 0.00003876	 138.58	  0.16	 0.0191	 -0.0000	 1.0000	 
m61515c1r6.htb	  30.0	  0.03	 1.000	  0.00	  0.00	 40.00	   0.0	 3.2338	  0.00	 0.0000	  0.66	  0.79	 64.000	 1.00000000	 0.739	  0.000	  0.74	  0.00	  0.7841	 0.9406	 0.78414643		 0.6757	 18.21146712	 100.0000	 0.00003653	 105.21	  0.03	 0.1994	 -0.0000	 1.0000	 
m61515c2r6.htb	 180.0	  0.04	 1.000	 -10.00	 -5.00	 40.00	   0.0	 1.1194	  0.00	 0.2955	  0.42	  0.41	 64.000	 1.00000000	 0.057	  0.094	  0.06	  0.09	  1.2608	 0.8680	 1.26084147		 0.5324	 0.71278766	 99.9995	 0.01512797	 100.02	  0.45	 0.0076	 -0.0000	 1.0000	 
