FILE			 PrfOR	 PrfSF	 PrfTF	 RFXctr	 RFYctr	 RFDiam	 GrType	 Onset	 AvgPulseTime	 PulseStdev	 H0		 P	
m70108c1r2.htb	   0.0	  0.03	 2.000	 20.00	 -15.00	 40.00	   0.0	 0.1000	 1070.2000		 1.3166	   1.0	7.542012e-008	 
m70110c1r2.htb	   0.0	  0.03	 2.000	 -10.00	 -5.00	 40.00	   0.0	 0.3770	 1068.4000		 6.2752	   1.0	9.462969e-010	 
m70110c2r2.htb	   0.0	  0.03	 2.000	 10.00	 -15.00	 40.00	   0.0	 0.0520	 1068.0000		 6.1464	   0.0	2.765954e-001	 
m70110c3r2.htb	   0.0	  0.03	 2.000	 10.00	 -15.00	 40.00	   0.0	 0.0770	 1066.7000		 8.3938	   1.0	2.257368e-006	 
m70111c1r2.htb	  90.0	  0.03	 2.000	 20.00	  5.00	 50.00	   0.0	 0.0650	 1068.8333		 6.7163	   1.0	1.613623e-007	 
m70112c1r2.htb	   0.0	  0.03	 2.000	  0.00	  0.00	 90.00	   0.0	 0.3520	 1102.1333		 6.4151	   1.0	2.132903e-007	 
m70116c1r2.htb	   0.0	  0.03	 2.000	  0.00	  0.00	 40.00	   0.0	 0.3910	 1068.6000		 6.3456	   0.0	NaN	 
m70117c1r2.htb	   0.0	  0.03	 2.000	 15.00	 -5.00	 40.00	   0.0	 0.2800	 1068.5500		 6.1855	   1.0	5.388688e-006	 
m70117c2r2.htb	 180.0	  0.03	 2.000	 20.00	 -10.00	 50.00	   0.0	 0.1230	 1082.0000		 7.8874	   1.0	1.183217e-009	 
m70117c3r2.htb	  30.0	  0.03	 2.000	 20.00	 -20.00	 50.00	   0.0	 0.1830	 1067.8500		 6.0287	   1.0	1.529847e-036	 
m70118c1r2.htb	   0.0	  0.03	 2.000	  0.00	  0.00	 40.00	   0.0	 0.0100	 1069.7500		 4.6665	   0.0	1.472737e-001	 
m70118c2r2.htb	 180.0	  0.05	 2.000	  0.00	  0.00	 40.00	   0.0	 0.3200	 1070.0500		 3.4265	   0.0	3.466049e-002	 
m70122c1r2.htb	   0.0	  0.03	 2.000	  0.00	  0.00	 100.00	   0.0	 2.0010	 1102.6000		 4.7061	   1.0	1.339786e-007	 
m70123c1r2.htb	   0.0	  0.03	 4.000	  0.00	  0.00	 60.00	   0.0	 0.1730	 1087.0000		 1.6997	   1.0	1.270835e-004	 
m70123c2r2.htb	 180.0	  0.03	 4.000	 10.00	 -20.00	 100.00	   0.0	 0.1140	 1100.7000		 8.1110	   1.0	3.069648e-009	 
m70123c3r2.htb	 180.0	  0.03	 2.000	  0.00	  0.00	 120.00	   0.0	 2.0010	 1104.8000		 1.2293	   1.0	6.163703e-007	 
m70124c1r2.htb	   0.0	  0.03	 2.000	  0.00	  0.00	 60.00	   0.0	 0.2050	 1085.3000		 6.2725	   1.0	4.267452e-003	 
m70124c2r2.htb	 240.0	  0.03	 2.000	 10.00	 -20.00	 80.00	   0.0	 2.0010	 1084.8000		 6.1427	   0.0	1.208818e-002	 
m70124c3r2.htb	 180.0	  0.03	 2.000	  0.00	  0.00	 100.00	   0.0	 0.1370	 1098.7000		 9.2382	   1.0	3.988103e-005	 
m70124c4r2.htb	 180.0	  0.03	 2.000	 10.00	 -20.00	 60.00	   0.0	 0.0100	 1087.7273		 1.7373	   1.0	4.333307e-006	 
m70125c1r2.htb	 270.0	  0.03	 2.000	  0.00	  0.00	 60.00	   0.0	 0.0100	 1076.8500		 8.4247	   0.0	3.060440e-002	 
m70125c2r2.htb	 180.0	  0.03	 2.000	  0.00	  0.00	 120.00	   0.0	 0.1020	 1102.4000		 4.6385	   1.0	6.011387e-028	 
m70125c3r2.htb	 180.0	  0.03	 2.000	  0.00	 -5.00	 100.00	   0.0	 2.0010	 1099.5000		 8.2765	   1.0	3.066296e-003	 
m70125c4r2.htb	 180.0	  0.03	 2.000	  0.00	  0.00	 100.00	   0.0	 0.1250	 1100.2000		 7.6999	   1.0	2.306007e-019	 
m70126c1r2.htb	 180.0	  0.03	 2.000	  0.00	  0.00	 60.00	   0.0	 0.1180	 1086.8500		 1.7252	   1.0	1.219564e-007	 
m70126c2r2.htb	 180.0	  0.03	 2.000	 20.00	 -10.00	 60.00	   0.0	 0.1020	 1086.0588		 4.9431	   1.0	1.884925e-022	 
m70126c3r2.htb	   0.0	  0.03	 2.000	 10.00	 -15.00	 60.00	   0.0	 0.0800	 1085.2000		 6.0663	   1.0	2.209073e-020	 
m70126c4r2.htb	   0.0	  0.03	 2.000	 10.00	 -10.00	 60.00	   0.0	 0.1400	 1084.5000		 5.9861	   1.0	1.929568e-007	 
m70126c5r2.htb	   0.0	  0.03	 4.000	 10.00	 -10.00	 60.00	   0.0	 0.1050	 1084.8000		 6.0700	   1.0	5.232845e-004	 
m70129c1r2.htb	 150.0	  0.03	 2.000	  0.00	 -10.00	 60.00	   0.0	 0.0880	 1088.6000		 5.6016	   1.0	2.493567e-003	 
m70131c1r2.htb	   0.0	  0.03	 2.000	  0.00	  0.00	 100.00	   0.0	 0.1620	 1100.5500		 8.5807	   1.0	8.333643e-014	 
m70131c2r2.htb	   0.0	  0.03	 2.000	  0.00	  0.00	 100.00	   0.0	 0.1670	 1103.3000		 4.3541	   1.0	1.048151e-011	 
m70131c2r2.htb	   0.0	  0.03	 2.000	  0.00	  0.00	 100.00	   0.0	 0.1670	 1103.3000		 4.3541	   1.0	1.048151e-011	 
m70201c1r2.htb	 180.0	  0.03	 2.000	  0.00	  0.00	 80.00	   0.0	 0.1900	 1095.2333		 8.7324	   1.0	7.844216e-038	 
m70201c2r2.htb	 180.0	  0.03	 2.000	 10.00	 -15.00	 50.00	   0.0	 0.0300	 1075.7000		 8.3798	   1.0	5.952647e-039	 
m70201c3r2.htb	 360.0	  0.03	 2.000	 10.00	 -20.00	 60.00	   0.0	 0.2620	 1083.8000		 7.4506	   0.0	7.379095e-002	 
m70202c1r2.htb	   0.0	  0.03	 2.000	  0.00	 -15.00	 60.00	   0.0	 0.1290	 1085.9500		 4.5593	   1.0	2.931170e-017	 
m70202c2r2.htb	   0.0	  0.03	 2.000	 20.00	 -20.00	 60.00	   0.0	 0.0870	 1083.4000		 7.4714	   1.0	6.137042e-024	 
m70202c3r2.htb	   0.0	  0.03	 2.000	 10.00	 -10.00	 60.00	   0.0	 0.0890	 1085.6429		 5.3003	   1.0	1.082518e-011	 
m70202c4r2.htb	   0.0	  0.03	 2.000	 20.00	 -25.00	 50.00	   0.0	 0.0910	 1069.5000		 1.8409	   1.0	1.967269e-011	 
m70202c5r2.htb	  60.0	  0.03	 2.000	 20.00	 -20.00	 60.00	   0.0	 0.2960	 1087.0000		 1.4832	   1.0	2.271977e-014	 
m70205c1r2.htb	   0.0	  0.03	 2.000	 10.00	 -10.00	 60.00	   0.0	 0.0810	 1083.5000		 6.8172	   1.0	9.749273e-035	 
m70205c2r2.htb	   0.0	  0.03	 2.000	  0.00	  0.00	 60.00	   0.0	 0.0910	 1086.8000		 8.5997	   1.0	5.771710e-015	 
m70205c3r2.htb	   0.0	  0.03	 2.000	 -5.00	 -10.00	 60.00	   0.0	 0.0760	 1084.8000		 5.9170	   1.0	1.774510e-013	 
m70207c1r2.htb	   0.0	  0.10	 2.000	 -10.00	 -10.00	 100.00	   0.0	 0.1050	 1104.0000		 1.8856	   1.0	2.450138e-004	 
m70207c2r2.htb	 300.0	  0.03	 2.000	  0.00	 -20.00	 60.00	   0.0	 0.0850	 1087.4000		 1.7764	   1.0	5.290546e-004	 
m70208c1r2.htb	   0.0	  0.03	 2.000	  0.00	  0.00	 100.00	   0.0	 0.1530	 1101.7059		 6.7986	   1.0	9.740165e-005	 
m70208c2r2.htb	 360.0	  0.03	 2.000	  0.00	 -15.00	 60.00	   0.0	 0.0960	 1081.8000		 9.6009	   1.0	6.575925e-005	 
m70208c3r2.htb	 300.0	  0.03	 2.000	  0.00	 -20.00	 60.00	   0.0	 0.0790	 1083.3000		 8.1656	   1.0	5.334361e-005	 
m70208c4r2.htb	 300.0	  0.03	 2.000	 -10.00	 -15.00	 50.00	   0.0	 0.0870	 1082.0000		 7.4685	   1.0	8.997485e-021	 
m70208c5r2.htb	 180.0	  0.03	 4.000	  0.00	 -10.00	 60.00	   0.0	 0.0870	 1087.7000		 1.5670	   1.0	2.327089e-008	 
m70209c1r2.htb	   0.0	  0.03	 2.000	 -5.00	 -15.00	 60.00	   0.0	 0.1550	 1086.9000		 2.1833	   1.0	6.888533e-009	 
m70209c2r2.htb	 100.0	  0.05	 2.000	 -5.00	 -15.00	 50.00	   0.0	 0.1110	 1069.8000		 1.3984	   1.0	1.432049e-011	 
m70212c1r2.htb	   0.0	  0.03	 2.000	 10.00	 -25.00	 60.00	   0.0	 0.1570	 1081.8000		 8.3373	   1.0	7.890416e-005	 
m70212c2r2.htb	   0.0	  0.03	 2.000	 10.00	 -20.00	 40.00	   0.0	 0.0660	 1070.6000		 1.4298	   0.0	4.481364e-002	 
m70212c3r2.htb	   0.0	  0.03	 2.000	 10.00	 -30.00	 60.00	   0.0	 0.0730	 1076.9500		 8.5623	   1.0	3.253206e-014	 
m70212c4r2.htb	   0.0	  0.03	 2.000	  0.00	 -30.00	 60.00	   0.0	 0.1090	 1084.0000		 7.0238	   0.0	2.809434e-001	 
m70213c1r2.htb	 270.0	  0.03	 2.000	 -5.00	 -15.00	 40.00	   0.0	 0.0100	 1069.7000		 2.0575	   0.0	1.091093e-001	 
m70216c1r2.htb	   0.0	  0.03	 2.000	  0.00	 -15.00	 60.00	   0.0	 0.0810	 1057.9474		 1.6150	   1.0	1.098759e-007	 
m70219c1r2.htb	   0.0	  0.03	 2.000	  0.00	  0.00	 120.00	   0.0	 0.2420	 1103.8000		 1.5492	   0.0	3.227753e-002	 
m70221c1r2.htb	   0.0	  0.03	 2.000	 -5.00	 -15.00	 70.00	   0.0	 0.1850	 1086.4500		 1.7313	   1.0	2.147616e-003	 
m70221c2r2.htb	 180.0	  0.03	 2.000	  0.00	  0.00	 100.00	   0.0	 0.1410	 1103.8000		 1.7351	   1.0	3.394821e-011	 
m70222c1r2.htb	   0.0	  0.03	 2.000	  0.00	  0.00	 100.00	   0.0	 0.2480	 1104.0526		 1.6824	   1.0	4.066315e-006	 
m70222c2r2.htb	   0.0	  0.03	 2.000	  0.00	  0.00	 100.00	   0.0	 0.1980	 1101.9400		 5.3008	   1.0	1.648315e-018	 
m70222c4r2.htb	 180.0	  0.03	 2.000	  0.00	 -25.00	 60.00	   0.0	 0.1020	 1083.4444		 7.0312	   1.0	4.805538e-004	 
m70223c1r2.htb	   0.0	  0.03	 2.000	 10.00	 10.00	 50.00	   0.0	 0.1390	 1081.4000		 7.7345	   1.0	2.393145e-003	 
m70223c2r2.htb	   0.0	  0.05	 2.000	  0.00	  0.00	 100.00	   0.0	 0.1150	 1103.1000		 4.8188	   1.0	5.680036e-036	 
m70223c3r2.htb	   0.0	  0.05	 2.000	  0.00	  0.00	 100.00	   0.0	 0.1070	 1103.0500		 4.1861	   1.0	4.036448e-020	 
m70226c1r2.htb	   0.0	  0.03	 2.000	 -5.00	 -5.00	 70.00	   0.0	 0.1970	 1085.0000		 6.0698	   1.0	1.247549e-005	 
m70226c2r2.htb	 120.0	  0.03	 2.000	 20.00	 -5.00	 60.00	   0.0	 0.1770	 1085.7500		 4.4589	   1.0	4.219763e-014	 
m70226c3r2.htb	 180.0	  0.03	 2.000	  0.00	 -10.00	 60.00	   0.0	 0.1030	 1086.4000		 1.9551	   1.0	1.177556e-004	 
m70306c1r2.htb	   0.0	  0.03	 2.000	 -10.00	 -10.00	 60.00	   0.0	 0.0100	 1087.0833		 1.3160	   1.0	1.600398e-005	 
m70306c2r2.htb	   0.0	  0.03	 2.000	  0.00	  0.00	 100.00	   0.0	 0.0410	 1099.9000		 8.2388	   1.0	1.161101e-004	 
m70306c3r2.htb	 240.0	  0.03	 2.000	 20.00	 10.00	 60.00	   0.0	 0.0930	 1085.1000		 6.2796	   1.0	4.824818e-008	 
m70308c1r2.htb	   0.0	  0.03	 2.000	 20.00	 -10.00	 60.00	   0.0	 0.1530	 1087.3000		 2.0028	   1.0	1.366134e-013	 
m70308c2r2.htb	   0.0	  0.03	 2.000	 -5.00	 -5.00	 50.00	   0.0	 0.1270	 1086.2222		 4.6089	   1.0	2.572027e-020	 
m70308c3r2.htb	   0.0	  0.03	 2.000	 10.00	 -10.00	 50.00	   0.0	 0.0630	 1077.0000		 9.5685	   1.0	5.378470e-008	 
m70309c1r2.htb	   0.0	  0.03	 2.000	  0.00	 -10.00	 50.00	   0.0	 0.1120	 1074.5000		 12.2316	   0.0	3.107002e-001	 
m70309c2r2.htb	   0.0	  0.03	 2.000	  0.00	 -5.00	 50.00	   0.0	 0.0490	 1084.0000		 6.3162	   1.0	1.676241e-009	 
m70309c3r2.htb	   0.0	  0.03	 2.000	  5.00	  0.00	 50.00	   0.0	 0.0710	 1086.2000		 1.7512	   1.0	1.454755e-009	 
m70312c1r2.htb	   0.0	  0.03	 2.000	 -5.00	  0.00	 70.00	   0.0	 0.0100	 1085.3000		 6.0880	   0.0	2.420154e-002	 
m70313c1r2.htb	  60.0	  0.03	 2.000	  0.00	  0.00	 100.00	   0.0	 2.0010	 1102.3043		 5.9348	   0.0	1.230331e-001	 
m70313c2r2.htb	  60.0	  0.03	 2.000	 10.00	  5.00	 50.00	   0.0	 2.0010	 1080.9000		 8.9260	   1.0	1.950459e-024	 
m70410c1r2.htb	   0.0	  0.03	 2.000	 10.00	 -20.00	 40.00	   0.0	 0.1170	 1071.1667		 1.6021	   1.0	2.276612e-005	 
m70410c2r2.htb	   0.0	  0.03	 2.000	  5.00	 -20.00	 40.00	   0.0	 0.0910	 1066.7000		 8.3540	   1.0	2.382674e-010	 
m70410c3r2.htb	   0.0	  0.03	 2.000	  0.00	  0.00	 100.00	   0.0	 0.1230	 1103.1000		 1.4491	   1.0	1.648916e-003	 
m70411c2r2.htb	 180.0	  0.03	 4.000	  5.00	  0.00	 100.00	   0.0	 0.0890	 1101.5000		 6.2281	   0.0	NaN	 
m70412c1r2.htb	   0.0	  0.03	 2.000	  0.00	  0.00	 50.00	   0.0	 0.0100	 1085.2000		 6.0923	   0.0	4.759274e-001	 
m70412c2r2.htb	   0.0	  0.03	 2.000	 -15.00	  0.00	 60.00	   0.0	 0.1730	 1086.0000		 4.4956	   1.0	2.427772e-006	 
m70412c3r2.htb	 180.0	  0.03	 2.000	  0.00	  0.00	 100.00	   0.0	 0.1080	 1102.9667		 4.0128	   1.0	2.990085e-012	 
m70417c1r2.htb	   0.0	  0.03	 2.000	  0.00	 -15.00	 50.00	   0.0	 0.1100	 1085.0000		 5.8400	   1.0	5.426499e-006	 
m70417c2r2.htb	   0.0	  0.03	 2.000	 10.00	 -15.00	 50.00	   0.0	 0.0950	 1083.5000		 7.3673	   1.0	1.405199e-018	 
m70417c3r2.htb	   0.0	  0.03	 8.000	  0.00	  0.00	 100.00	   0.0	 0.0890	 1101.8000		 6.4601	   1.0	3.374965e-003	 
m70418c1r2.htb	   0.0	  0.03	 4.000	  0.00	 -20.00	 60.00	   0.0	 0.0990	 1084.5000		 7.0075	   1.0	7.531156e-009	 
m70418c2r2.htb	   0.0	  0.03	 4.000	 10.00	 -10.00	 50.00	   0.0	 0.0160	 1087.1500		 1.6631	   1.0	2.372187e-024	 
m70418c3r2.htb	   0.0	  0.03	 4.000	  0.00	  0.00	 100.00	   0.0	 2.0010	 1102.5000		 6.6542	   1.0	4.287666e-006	 
m70419c1r2.htb	   0.0	  0.03	 4.000	  0.00	 -10.00	 50.00	   0.0	 0.0930	 1078.8000		 9.0284	   1.0	3.207240e-004	 
m70419c2r2.htb	   0.0	  0.03	 4.000	  0.00	  0.00	 100.00	   0.0	 0.1110	 1104.2000		 1.5492	   1.0	6.551950e-015	 
m70419c4r2.htb	   0.0	  0.03	 4.000	  0.00	  0.00	 100.00	   0.0	 0.1160	 1103.0588		 5.1414	   1.0	1.447914e-004	 
m70508c1r2.htb	   0.0	  0.03	 2.000	 -10.00	 -15.00	 40.00	   0.0	 2.0010	 1055.3000		 5.1865	   0.0	NaN	 
m70508c2r2.htb	  90.0	  0.03	 2.000	 10.00	 -15.00	 50.00	   0.0	 0.1500	 1045.3000		 6.9929	   1.0	1.262867e-012	 
m70522c2r2.htb	   0.0	  0.03	 2.000	 10.00	 -15.00	 40.00	   0.0	 0.0100	 1047.3000		 5.7937	   0.0	NaN	 
m70522c1r2.htb	   0.0	  0.03	 2.000	  0.00	 -10.00	 60.00	   0.0	 0.2880	 1087.0500		 1.5720	   1.0	6.505388e-003	 
m70522c3r2.htb	   0.0	  0.03	 2.000	 -10.00	  0.00	 50.00	   0.0	 0.4340	 1057.5652		 3.5525	   0.0	1.663120e-001	 
