FILE			 PrfOR	 PrfSF	 PrfTF	 RFXctr	 RFYctr	 RFDiam	 GrType	 Onset	 AvgPulseTime	 PulseStdev	 H0		 P	
m60112c1r3.htb	  30.0	  0.05	 2.000	  0.00	  0.00	 30.00	   0.0	 0.1530	 996.0000		 0.0000	   1.0	1.816957e-003	 
m60112c1r3.htb	  30.0	  0.05	 2.000	  0.00	  0.00	 30.00	   1.0	 0.2420	 996.0000		 0.0000	   1.0	2.538552e-005	 
m60112c2r4.htb	  30.0	  0.05	 2.000	  8.00	  5.00	 30.00	   0.0	 0.0750	 996.0000		 0.0000	   1.0	4.531546e-008	 
m60112c2r4.htb	  30.0	  0.05	 2.000	  8.00	  5.00	 30.00	   1.0	 0.0170	 996.0000		 0.0000	   1.0	4.071137e-010	 
m60117c1r4.htb	  90.0	  0.03	 2.000	  0.00	  0.00	 30.00	   0.0	 0.1020	 996.0000		 0.0000	   1.0	1.585693e-010	 
m60117c1r4.htb	  90.0	  0.03	 2.000	  0.00	  0.00	 30.00	   1.0	 0.0540	 996.0000		 0.0000	   1.0	5.214675e-014	 
m60119c2r2.htb	  30.0	  0.03	 6.000	  0.00	 10.00	 40.00	   0.0	 0.2880	 996.0000		 0.0000	   1.0	1.125178e-013	 
m60119c2r2.htb	  30.0	  0.03	 6.000	  0.00	 10.00	 40.00	   1.0	 0.1130	 996.0000		 0.0000	   1.0	5.686485e-013	 
m60124c1r3.htb	   0.0	  0.03	 2.000	  0.00	 10.00	 70.00	   0.0	 0.0700	 996.0000		 0.0000	   1.0	1.307749e-005	 
m60124c1r3.htb	   0.0	  0.03	 2.000	  0.00	 10.00	 70.00	   1.0	 0.0850	 996.0000		 0.0000	   1.0	2.145750e-008	 
m60124c2r3.htb	   0.0	  0.03	 4.000	  0.00	 10.00	 70.00	   0.0	 0.0600	 996.0000		 0.0000	   0.0	NaN	 
m60124c2r3.htb	   0.0	  0.03	 4.000	  0.00	 10.00	 70.00	   1.0	 2.0010	 996.0000		 0.0000	   0.0	NaN	 
m60124c3r6.htb	   0.0	  0.03	 4.000	  0.00	 10.00	 70.00	   0.0	 2.0010	 996.0000		 0.0000	   0.0	2.278394e-002	 
m60124c3r6.htb	   0.0	  0.03	 4.000	  0.00	 10.00	 70.00	   1.0	 2.0010	 996.0000		 0.0000	   1.0	4.499243e-003	 
m60124c4r2.htb	   0.0	  0.03	 4.000	 10.00	 -5.00	 70.00	   0.0	 0.3220	 996.0000		 0.0000	   0.0	NaN	 
m60124c4r2.htb	   0.0	  0.03	 4.000	 10.00	 -5.00	 70.00	   1.0	 0.1000	 996.0000		 0.0000	   0.0	NaN	 
m60124c5r1.htb	   0.0	  0.03	 4.000	  0.00	  0.00	 70.00	   0.0	 0.3910	 996.0000		 0.0000	   1.0	2.236009e-005	 
m60124c5r1.htb	   0.0	  0.03	 4.000	  0.00	  0.00	 70.00	   1.0	 0.3270	 996.0000		 0.0000	   0.0	1.057034e-002	 
m60213c2r2.htb	  30.0	  0.03	 2.000	  0.00	 15.00	 50.00	   0.0	 0.0460	 996.0000		 0.0000	   1.0	2.913734e-004	 
m60213c2r2.htb	  30.0	  0.03	 2.000	  0.00	 15.00	 50.00	   1.0	 0.0660	 996.0000		 0.0000	   1.0	8.493366e-005	 
m60213c3r2.htb	 120.0	  0.03	 2.000	  8.00	  0.00	 50.00	   0.0	 0.0550	 996.0000		 0.0000	   1.0	4.004457e-009	 
m60213c3r2.htb	 120.0	  0.03	 2.000	  8.00	  0.00	 50.00	   1.0	 0.0430	 996.0000		 0.0000	   1.0	7.895778e-011	 
m60213c4r2.htb	   0.0	  0.03	 4.000	  5.00	 12.00	 50.00	   0.0	 0.0530	 996.0000		 0.0000	   1.0	3.009593e-004	 
m60213c4r2.htb	   0.0	  0.03	 4.000	  5.00	 12.00	 50.00	   1.0	 0.0560	 996.0000		 0.0000	   1.0	2.040018e-005	 
m60220c1r2.htb	  30.0	  0.05	 2.000	  5.00	  8.00	 60.00	   0.0	 0.1650	 996.0000		 0.0000	   0.0	3.427980e-002	 
m60220c1r2.htb	  30.0	  0.05	 2.000	  5.00	  8.00	 60.00	   1.0	 0.0500	 996.0000		 0.0000	   1.0	6.895473e-003	 
m60317c1r2.htb	  30.0	  0.03	 2.000	  0.00	  0.00	 40.00	   0.0	 0.1210	 996.0000		 0.0000	   0.0	1.895143e-002	 
m60317c1r2.htb	  30.0	  0.03	 2.000	  0.00	  0.00	 40.00	   1.0	 0.1430	 996.0000		 0.0000	   0.0	7.595074e-002	 
m60317c2r2.htb	  30.0	  0.03	 2.000	 -5.00	  5.00	 50.00	   0.0	 0.0600	 996.0000		 0.0000	   1.0	7.134890e-021	 
m60317c2r2.htb	  30.0	  0.03	 2.000	 -5.00	  5.00	 50.00	   1.0	 0.1480	 996.0000		 0.0000	   1.0	9.345300e-018	 
m60404c2r2.htb	   0.0	  0.03	 2.000	  0.00	  0.00	 40.00	   0.0	 0.1450	 996.0000		 0.0000	   1.0	5.325560e-007	 
m60404c2r2.htb	   0.0	  0.03	 2.000	  0.00	  0.00	 40.00	   1.0	 0.0930	 996.0000		 0.0000	   1.0	1.491291e-005	 
m60407c1r2.htb	   0.0	  0.03	 2.000	  0.00	 -5.00	 40.00	   0.0	 0.1940	 996.0000		 0.0000	   1.0	8.094833e-004	 
m60407c1r2.htb	   0.0	  0.03	 2.000	  0.00	 -5.00	 40.00	   1.0	 0.1150	 996.0000		 0.0000	   1.0	2.860218e-005	 
m60407c2r2.htb	   0.0	  0.03	 2.000	  5.00	  0.00	 40.00	   0.0	 2.0010	 996.0000		 0.0000	   1.0	1.763608e-013	 
m60407c2r2.htb	   0.0	  0.03	 2.000	  5.00	  0.00	 40.00	   1.0	 0.2130	 996.0000		 0.0000	   1.0	8.807155e-015	 
m60407c3r2.htb	   0.0	  0.03	 2.000	  0.00	 -20.00	 40.00	   0.0	 2.0010	 996.0000		 0.0000	   0.0	1.611204e-002	 
m60407c3r2.htb	   0.0	  0.03	 2.000	  0.00	 -20.00	 40.00	   1.0	 0.1110	 996.0000		 0.0000	   1.0	4.419349e-003	 
m60407c4r2.htb	   0.0	  0.03	 2.000	 15.00	 -10.00	 50.00	   0.0	 0.0570	 996.0000		 0.0000	   1.0	9.678261e-007	 
m60407c4r2.htb	   0.0	  0.03	 2.000	 15.00	 -10.00	 50.00	   1.0	 0.0430	 996.0000		 0.0000	   1.0	5.431771e-011	 
m60407c5r2.htb	   0.0	  0.03	 2.000	 10.00	 -10.00	 40.00	   0.0	 0.0770	 996.0000		 0.0000	   1.0	3.003701e-007	 
m60407c5r2.htb	   0.0	  0.03	 2.000	 10.00	 -10.00	 40.00	   1.0	 0.0820	 996.0000		 0.0000	   1.0	1.101976e-010	 
m60413c3r2.htb	   0.0	  0.03	 2.000	  5.00	 -20.00	 50.00	   0.0	 0.0450	 996.0000		 0.0000	   1.0	2.756784e-015	 
m60413c3r2.htb	   0.0	  0.03	 2.000	  5.00	 -20.00	 50.00	   1.0	 0.0790	 996.0000		 0.0000	   1.0	7.619606e-016	 
m60413c4r2.htb	   0.0	  0.03	 2.000	 -10.00	 -10.00	 40.00	   0.0	 0.0370	 996.0000		 0.0000	   0.0	2.706013e-002	 
m60413c4r2.htb	   0.0	  0.03	 2.000	 -10.00	 -10.00	 40.00	   1.0	 0.2520	 996.0000		 0.0000	   0.0	1.108630e-001	 
m60413c5r2.htb	   0.0	  0.03	 2.000	 -10.00	 -10.00	 40.00	   0.0	 0.0650	 996.0000		 0.0000	   1.0	4.221353e-003	 
m60413c5r2.htb	   0.0	  0.03	 2.000	 -10.00	 -10.00	 40.00	   1.0	 0.0770	 996.0000		 0.0000	   1.0	1.043550e-003	 
m60414c2r2.htb	 250.0	  0.05	 2.000	  0.00	 -8.00	 40.00	   0.0	 0.0430	 996.0000		 0.0000	   1.0	3.917723e-006	 
m60414c2r2.htb	 250.0	  0.05	 2.000	  0.00	 -8.00	 40.00	   1.0	 0.0370	 996.0000		 0.0000	   1.0	5.279069e-008	 
m60418c1r2.htb	 180.0	  0.03	 2.000	 -5.00	 -10.00	 50.00	   0.0	 0.1010	 996.0000		 0.0000	   1.0	3.745451e-011	 
m60418c1r2.htb	 180.0	  0.03	 2.000	 -5.00	 -10.00	 50.00	   1.0	 0.1370	 996.0000		 0.0000	   1.0	2.262729e-010	 
m60420c1r2.htb	   0.0	  0.03	 2.000	 -10.00	 10.00	 40.00	   0.0	 0.0510	 996.0000		 0.0000	   0.0	1.997065e-002	 
m60420c1r2.htb	   0.0	  0.03	 2.000	 -10.00	 10.00	 40.00	   1.0	 0.0390	 996.0000		 0.0000	   1.0	5.746545e-003	 
m60421c1r2.htb	   0.0	  0.03	 2.000	  8.00	 -10.00	 40.00	   0.0	 0.0600	 996.0000		 0.0000	   1.0	2.627247e-010	 
m60421c1r2.htb	   0.0	  0.03	 2.000	  8.00	 -10.00	 40.00	   1.0	 0.0600	 996.0000		 0.0000	   1.0	3.602566e-010	 
m60421c2r2.htb	   0.0	  0.03	 2.000	 18.00	 -10.00	 40.00	   0.0	 0.0730	 996.0000		 0.0000	   1.0	1.414592e-004	 
m60421c2r2.htb	   0.0	  0.03	 2.000	 18.00	 -10.00	 40.00	   1.0	 0.0680	 996.0000		 0.0000	   1.0	6.028149e-008	 
m60421c3r2.htb	   0.0	  0.03	 2.000	 10.00	  5.00	 40.00	   0.0	 0.0860	 996.0000		 0.0000	   1.0	1.081910e-019	 
m60421c3r2.htb	   0.0	  0.03	 2.000	 10.00	  5.00	 40.00	   1.0	 0.0540	 996.0000		 0.0000	   1.0	4.336869e-021	 
m60424c3r2.htb	   0.0	  0.03	 2.000	 10.00	  0.00	 40.00	   0.0	 0.0350	 996.0000		 0.0000	   1.0	9.664780e-009	 
m60424c3r2.htb	   0.0	  0.03	 2.000	 10.00	  0.00	 40.00	   1.0	 0.0350	 996.0000		 0.0000	   1.0	2.320913e-010	 
m60424c4r2.htb	   0.0	  0.03	 2.000	  0.00	  0.00	 30.00	   0.0	 0.0530	 996.0000		 0.0000	   1.0	8.479559e-011	 
m60424c4r2.htb	   0.0	  0.03	 2.000	  0.00	  0.00	 30.00	   1.0	 0.0330	 996.0000		 0.0000	   1.0	2.650022e-011	 
m60424c5r2.htb	   0.0	  0.03	 2.000	  0.00	  0.00	 40.00	   0.0	 0.0480	 996.0000		 0.0000	   1.0	3.245215e-010	 
m60424c5r2.htb	   0.0	  0.03	 2.000	  0.00	  0.00	 40.00	   1.0	 0.0100	 996.0000		 0.0000	   1.0	6.451742e-012	 
m60518c1r2.htb	   0.0	  0.03	 2.000	  8.00	 -10.00	 40.00	   0.0	 0.0680	 996.0000		 0.0000	   1.0	1.710223e-007	 
m60518c1r2.htb	   0.0	  0.03	 2.000	  8.00	 -10.00	 40.00	   1.0	 0.0680	 996.0000		 0.0000	   1.0	1.322807e-007	 
m60519c1r2.htb	   0.0	  0.03	 2.000	  0.00	 -10.00	 40.00	   0.0	 0.0380	 996.0000		 0.0000	   1.0	2.873322e-011	 
m60519c1r2.htb	   0.0	  0.03	 2.000	  0.00	 -10.00	 40.00	   1.0	 0.0460	 996.0000		 0.0000	   1.0	1.622131e-012	 
m60519c2r2.htb	   0.0	  0.03	 2.000	  5.00	  0.00	 30.00	   0.0	 0.0580	 996.0000		 0.0000	   1.0	3.546188e-018	 
m60519c2r2.htb	   0.0	  0.03	 2.000	  5.00	  0.00	 30.00	   1.0	 0.0100	 996.0000		 0.0000	   1.0	4.871071e-012	 
m60519c4r2.htb	   0.0	  0.03	 2.000	  5.00	  0.00	 30.00	   0.0	 0.0290	 996.0000		 0.0000	   1.0	1.296340e-018	 
m60519c4r2.htb	   0.0	  0.03	 2.000	  5.00	  0.00	 30.00	   1.0	 0.1500	 996.0000		 0.0000	   1.0	8.129323e-018	 
m60519c5r2.htb	   0.0	  0.03	 2.000	  5.00	  0.00	 30.00	   0.0	 0.0330	 996.0000		 0.0000	   1.0	1.020296e-008	 
m60519c5r2.htb	   0.0	  0.03	 2.000	  5.00	  0.00	 30.00	   1.0	 0.0260	 996.0000		 0.0000	   1.0	1.867405e-011	 
m60519c6r2.htb	   0.0	  0.03	 2.000	  0.00	  0.00	 30.00	   0.0	 0.0340	 996.0000		 0.0000	   1.0	3.579170e-012	 
m60519c6r2.htb	   0.0	  0.03	 2.000	  0.00	  0.00	 30.00	   1.0	 0.0160	 996.0000		 0.0000	   1.0	9.627879e-016	 
m60526c1r2.htb	   0.0	  0.03	 2.000	 -5.00	  0.00	 40.00	   0.0	 0.0450	 996.0000		 0.0000	   1.0	1.060493e-014	 
m60526c1r2.htb	   0.0	  0.03	 2.000	 -5.00	  0.00	 40.00	   1.0	 0.0180	 996.0000		 0.0000	   1.0	4.271360e-010	 
m60526c2r2.htb	   0.0	  0.03	 2.000	  0.00	  0.00	 40.00	   0.0	 0.0360	 996.0000		 0.0000	   1.0	3.155666e-017	 
m60526c2r2.htb	   0.0	  0.03	 2.000	  0.00	  0.00	 40.00	   1.0	 0.1000	 996.0000		 0.0000	   1.0	1.585449e-018	 
m60526c3r2.htb	   0.0	  0.03	 2.000	  8.00	  8.00	 40.00	   0.0	 0.0310	 996.0000		 0.0000	   1.0	1.649415e-009	 
m60526c3r2.htb	   0.0	  0.03	 2.000	  8.00	  8.00	 40.00	   1.0	 0.0360	 996.0000		 0.0000	   1.0	6.806379e-010	 
m60526c4r2.htb	   0.0	  0.03	 2.000	  0.00	 -10.00	 40.00	   0.0	 0.0420	 996.0000		 0.0000	   1.0	2.475728e-009	 
m60526c4r2.htb	   0.0	  0.03	 2.000	  0.00	 -10.00	 40.00	   1.0	 0.0360	 996.0000		 0.0000	   1.0	7.929218e-010	 
m60526c5r2.htb	   0.0	  0.03	 2.000	 -5.00	 -5.00	 40.00	   0.0	 2.0010	 996.0000		 0.0000	   1.0	4.770309e-004	 
m60526c5r2.htb	   0.0	  0.03	 2.000	 -5.00	 -5.00	 40.00	   1.0	 0.0710	 996.0000		 0.0000	   1.0	5.942054e-004	 
m60623c1r2.htb	   0.0	  0.03	 2.000	  0.00	  0.00	 40.00	   0.0	 0.1400	 996.0000		 0.0000	   1.0	2.801895e-007	 
m60623c1r2.htb	   0.0	  0.03	 2.000	  0.00	  0.00	 40.00	   1.0	 0.1790	 996.0000		 0.0000	   1.0	4.365553e-013	 
m60623c2r2.htb	   0.0	  0.03	 2.000	  0.00	  0.00	 40.00	   0.0	 0.1870	 996.0000		 0.0000	   1.0	9.222481e-007	 
m60623c2r2.htb	   0.0	  0.03	 2.000	  0.00	  0.00	 40.00	   1.0	 0.0640	 996.0000		 0.0000	   1.0	3.295110e-008	 
m60626c1r2.htb	   0.0	  0.03	 2.000	 10.00	 -13.00	 30.00	   0.0	 0.0440	 996.0000		 0.0000	   1.0	1.049984e-013	 
m60626c1r2.htb	   0.0	  0.03	 2.000	 10.00	 -13.00	 30.00	   1.0	 0.0200	 996.0000		 0.0000	   1.0	1.849137e-011	 
m60626c3r2.htb	   0.0	  0.03	 2.000	  0.00	 -10.00	 40.00	   0.0	 0.0470	 996.0000		 0.0000	   1.0	1.095065e-013	 
m60626c3r2.htb	   0.0	  0.03	 2.000	  0.00	 -10.00	 40.00	   1.0	 0.0470	 996.0000		 0.0000	   1.0	2.625346e-014	 
m60628c3r2.htb	   0.0	  0.03	 2.000	 10.00	  0.00	 40.00	   0.0	 0.0890	 996.0000		 0.0000	   1.0	2.354514e-009	 
m60628c3r2.htb	   0.0	  0.03	 2.000	 10.00	  0.00	 40.00	   1.0	 0.0680	 996.0000		 0.0000	   1.0	9.357999e-011	 
m60629c3r2.htb	   0.0	  0.03	 2.000	  8.00	 -12.00	 40.00	   0.0	 0.1110	 996.0000		 0.0000	   1.0	6.265393e-017	 
m60629c3r2.htb	   0.0	  0.03	 2.000	  8.00	 -12.00	 40.00	   1.0	 0.1310	 996.0000		 0.0000	   1.0	1.298116e-019	 
m60629c4r2.htb	   0.0	  0.03	 2.000	 -8.00	 -10.00	 40.00	   0.0	 0.0470	 996.0000		 0.0000	   1.0	2.355362e-007	 
m60629c4r2.htb	   0.0	  0.03	 2.000	 -8.00	 -10.00	 40.00	   1.0	 0.0360	 996.0000		 0.0000	   1.0	7.731829e-009	 
m60719c2r2.htb	 170.0	  0.03	 2.000	 10.00	 -10.00	 40.00	   0.0	 0.1030	 996.0000		 0.0000	   0.0	2.097739e-002	 
m60719c2r2.htb	 170.0	  0.03	 2.000	 10.00	 -10.00	 40.00	   1.0	 0.0880	 996.0000		 0.0000	   0.0	5.038719e-002	 
m60719c3r2.htb	   0.0	  0.03	 2.000	 10.00	  0.00	 40.00	   0.0	 0.1160	 996.0000		 0.0000	   0.0	NaN	 
m60719c3r2.htb	   0.0	  0.03	 2.000	 10.00	  0.00	 40.00	   1.0	 0.0100	 996.0000		 0.0000	   0.0	NaN	 
m60720c1r2.htb	   0.0	  0.03	 2.000	  0.00	  0.00	 40.00	   0.0	 0.0750	 996.0000		 0.0000	   1.0	1.526620e-007	 
m60720c1r2.htb	   0.0	  0.03	 2.000	  0.00	  0.00	 40.00	   1.0	 0.0980	 996.0000		 0.0000	   1.0	6.833632e-006	 
m60720c1r2.htb	   0.0	  0.03	 2.000	  0.00	  0.00	 40.00	   0.0	 0.0750	 996.0000		 0.0000	   1.0	1.526620e-007	 
m60720c1r2.htb	   0.0	  0.03	 2.000	  0.00	  0.00	 40.00	   1.0	 0.0980	 996.0000		 0.0000	   1.0	6.833632e-006	 
m60720c1r2.htb	   0.0	  0.03	 2.000	  0.00	  0.00	 40.00	   0.0	 0.0750	 996.0000		 0.0000	   1.0	1.526620e-007	 
m60720c1r2.htb	   0.0	  0.03	 2.000	  0.00	  0.00	 40.00	   1.0	 0.0980	 996.0000		 0.0000	   1.0	6.833632e-006	 
m60720c2r2.htb	   0.0	  0.03	 2.000	  5.00	 -10.00	 40.00	   0.0	 0.0510	 996.0000		 0.0000	   1.0	7.197549e-012	 
m60720c2r2.htb	   0.0	  0.03	 2.000	  5.00	 -10.00	 40.00	   1.0	 0.0410	 996.0000		 0.0000	   1.0	2.106955e-008	 
m60720c3r2.htb	   0.0	  0.03	 2.000	 -8.00	 -10.00	 40.00	   0.0	 0.0590	 996.0000		 0.0000	   1.0	8.461635e-006	 
m60720c3r2.htb	   0.0	  0.03	 2.000	 -8.00	 -10.00	 40.00	   1.0	 0.0100	 996.0000		 0.0000	   1.0	1.920465e-004	 
m60721c4r2.htb	  90.0	  0.03	 2.000	 -10.00	  0.00	 40.00	   0.0	 0.0700	 996.0000		 0.0000	   1.0	4.311149e-008	 
m60721c4r2.htb	  90.0	  0.03	 2.000	 -10.00	  0.00	 40.00	   1.0	 0.0790	 996.0000		 0.0000	   1.0	2.101211e-009	 
m60721c5r2.htb	  90.0	  0.03	 2.000	  0.00	 -8.00	 40.00	   0.0	 0.0640	 996.0000		 0.0000	   1.0	1.205988e-010	 
m60721c5r2.htb	  90.0	  0.03	 2.000	  0.00	 -8.00	 40.00	   1.0	 0.0490	 996.0000		 0.0000	   1.0	7.060925e-011	 
m60801c1r2.htb	   0.0	  0.03	 2.000	 -10.00	  5.00	 40.00	   0.0	 0.1430	 996.0000		 0.0000	   1.0	6.216368e-004	 
m60801c1r2.htb	   0.0	  0.03	 2.000	 -10.00	  5.00	 40.00	   1.0	 0.0740	 996.0000		 0.0000	   1.0	1.082419e-005	 
m60803c2r2.htb	   0.0	  0.03	 2.000	 -8.00	  0.00	 40.00	   0.0	 0.0490	 996.0000		 0.0000	   1.0	1.897532e-011	 
m60803c2r2.htb	   0.0	  0.03	 2.000	 -8.00	  0.00	 40.00	   1.0	 0.0470	 996.0000		 0.0000	   1.0	2.556720e-008	 
m60804c1r2.htb	   0.0	  0.03	 2.000	  5.00	 -10.00	 40.00	   0.0	 0.0690	 996.0000		 0.0000	   1.0	6.667276e-010	 
m60804c1r2.htb	   0.0	  0.03	 2.000	  5.00	 -10.00	 40.00	   1.0	 0.0830	 996.0000		 0.0000	   1.0	2.351396e-010	 
m60815c3r2.htb	   0.0	  0.03	 2.000	 10.00	 -10.00	 40.00	   0.0	 0.0780	 996.0000		 0.0000	   1.0	1.875710e-011	 
m60815c3r2.htb	   0.0	  0.03	 2.000	 10.00	 -10.00	 40.00	   1.0	 0.1330	 996.0000		 0.0000	   1.0	1.439601e-014	 
m60816c1r2.htb	   0.0	  0.03	 2.000	  0.00	 -10.00	 40.00	   0.0	 0.4410	 996.0000		 0.0000	   0.0	1.819635e-002	 
m60816c1r2.htb	   0.0	  0.03	 2.000	  0.00	 -10.00	 40.00	   1.0	 0.0100	 996.0000		 0.0000	   0.0	1.059157e-001	 
m60816c2r2.htb	   0.0	  0.03	 2.000	  0.00	  0.00	 40.00	   0.0	 0.0300	 996.0000		 0.0000	   1.0	9.099995e-012	 
m60816c2r2.htb	   0.0	  0.03	 2.000	  0.00	  0.00	 40.00	   1.0	 0.0510	 996.0000		 0.0000	   1.0	3.808124e-010	 
m60816c2r2.htb	   0.0	  0.03	 2.000	  0.00	  0.00	 40.00	   0.0	 0.0300	 996.0000		 0.0000	   1.0	9.099995e-012	 
m60816c2r2.htb	   0.0	  0.03	 2.000	  0.00	  0.00	 40.00	   1.0	 0.0510	 996.0000		 0.0000	   1.0	3.808124e-010	 
m60816c3r2.htb	   0.0	  0.03	 2.000	 -10.00	 -10.00	 40.00	   0.0	 0.3980	 996.0000		 0.0000	   1.0	2.423548e-009	 
m60816c3r2.htb	   0.0	  0.03	 2.000	 -10.00	 -10.00	 40.00	   1.0	 0.1110	 996.0000		 0.0000	   1.0	1.280973e-009	 
m60818c1r2.htb	 180.0	  0.03	 2.000	 -10.00	 -10.00	 40.00	   0.0	 0.0940	 1073.4000		 2.1705	   0.0	1.075548e-001	 
m60818c1r2.htb	 180.0	  0.03	 2.000	 -10.00	 -10.00	 40.00	   1.0	 0.1980	 1070.5000		 7.8067	   0.0	4.344333e-002	 
m60818c2r2.htb	   0.0	  0.03	 2.000	 10.00	 10.00	 40.00	   0.0	 0.2020	 1074.2000		 1.2293	   1.0	5.476509e-016	 
m60818c2r2.htb	   0.0	  0.03	 2.000	 10.00	 10.00	 40.00	   1.0	 0.0660	 1073.9000		 1.7920	   1.0	8.472440e-016	 
m60818c3r2.htb	   0.0	  0.03	 2.000	 -10.00	  0.00	 40.00	   0.0	 0.0960	 1073.7000		 1.6364	   1.0	4.045692e-003	 
m60818c3r2.htb	   0.0	  0.03	 2.000	 -10.00	  0.00	 40.00	   1.0	 0.0760	 1074.2000		 1.9322	   1.0	1.946674e-004	 
m60821c4r2.htb	   0.0	  0.03	 2.000	  5.00	 -15.00	 40.00	   0.0	 0.0310	 1074.1000		 1.7920	   1.0	1.537043e-011	 
m60821c4r2.htb	   0.0	  0.03	 2.000	  5.00	 -15.00	 40.00	   1.0	 0.1070	 1073.7000		 1.7670	   1.0	5.961183e-012	 
m60821c5r2.htb	   0.0	  0.03	 2.000	  5.00	  5.00	 40.00	   0.0	 0.0430	 1074.1000		 0.9944	   1.0	3.874455e-017	 
m60821c5r2.htb	   0.0	  0.03	 2.000	  5.00	  5.00	 40.00	   1.0	 0.0430	 1073.8000		 1.5492	   1.0	1.496890e-015	 
m60824c4r2.htb	   0.0	  0.03	 2.000	  0.00	  0.00	 60.00	   0.0	 0.1780	 1090.6000		 1.7764	   0.0	3.084013e-002	 
m60824c4r2.htb	   0.0	  0.03	 2.000	  0.00	  0.00	 60.00	   1.0	 0.1640	 1091.3000		 1.4944	   0.0	1.445465e-002	 
m60825c1r2.htb	 180.0	  0.03	 2.000	 -10.00	 -5.00	 40.00	   0.0	 0.2810	 1073.9000		 1.6827	   1.0	4.738584e-014	 
m60825c1r2.htb	 180.0	  0.03	 2.000	 -10.00	 -5.00	 40.00	   1.0	 0.1280	 1073.9500		 1.5381	   1.0	2.838356e-022	 
m60831c2r2.htb	   0.0	  0.03	 2.000	  5.00	 -10.00	 40.00	   0.0	 0.0490	 1072.5000		 6.0964	   1.0	7.425956e-008	 
m60831c2r2.htb	   0.0	  0.03	 2.000	  5.00	 -10.00	 40.00	   1.0	 0.1130	 1074.1000		 0.8756	   1.0	1.316453e-007	 
m60831c3r2.htb	 180.0	  0.03	 2.000	  0.00	  0.00	 40.00	   0.0	 0.0530	 1073.3000		 1.7670	   1.0	1.863858e-017	 
m60831c3r2.htb	 180.0	  0.03	 2.000	  0.00	  0.00	 40.00	   1.0	 0.0590	 1074.4000		 1.7764	   1.0	1.110163e-018	 
m60901c1r2.htb	 180.0	  0.03	 2.000	 -10.00	  0.00	 40.00	   0.0	 0.2310	 1074.0000		 1.8257	   0.0	4.122506e-001	 
m60901c1r2.htb	 180.0	  0.03	 2.000	 -10.00	  0.00	 40.00	   1.0	 0.0100	 1073.0000		 6.0919	   0.0	3.453539e-001	 
m60901c2r2.htb	 180.0	  0.03	 2.000	  5.00	  0.00	 40.00	   0.0	 0.0870	 1074.3000		 0.8233	   1.0	5.571909e-006	 
m60901c2r2.htb	 180.0	  0.03	 2.000	  5.00	  0.00	 40.00	   1.0	 0.0100	 1074.5000		 1.6499	   1.0	3.057802e-006	 
m60901c3r2.htb	 180.0	  0.03	 2.000	 -10.00	 -10.00	 40.00	   0.0	 0.0710	 1072.3000		 5.8509	   1.0	3.776486e-007	 
m60901c3r2.htb	 180.0	  0.03	 2.000	 -10.00	 -10.00	 40.00	   1.0	 0.0970	 1072.9000		 1.3703	   1.0	1.118809e-005	 
m61025c1r2.htb	   0.0	  0.03	 2.000	  0.00	 -10.00	 40.00	   0.0	 0.2780	 1066.1000		 8.0616	   1.0	8.718087e-008	 
m61025c1r2.htb	   0.0	  0.03	 2.000	  0.00	 -10.00	 40.00	   1.0	 0.2600	 1070.5000		 1.6499	   1.0	4.568712e-007	 
m61025c1r2.htb	   0.0	  0.03	 2.000	  0.00	 -10.00	 40.00	   0.0	 0.2780	 1066.1000		 8.0616	   1.0	8.718087e-008	 
m61025c1r2.htb	   0.0	  0.03	 2.000	  0.00	 -10.00	 40.00	   1.0	 0.2600	 1070.5000		 1.6499	   1.0	4.568712e-007	 
m61025c2r2.htb	   0.0	  0.03	 2.000	  0.00	 -10.00	 40.00	   0.0	 0.0860	 1069.2000		 6.4773	   1.0	9.880366e-005	 
m61025c2r2.htb	   0.0	  0.03	 2.000	  0.00	 -10.00	 40.00	   1.0	 0.1060	 1070.4000		 1.5776	   1.0	1.523428e-006	 
m61025c3r2.htb	   0.0	  0.03	 2.000	  0.00	 -10.00	 40.00	   0.0	 0.0900	 1070.0000		 1.4907	   1.0	3.337558e-011	 
m61025c3r2.htb	   0.0	  0.03	 2.000	  0.00	 -10.00	 40.00	   1.0	 0.0770	 1069.8000		 1.4757	   1.0	3.851358e-016	 
m61026c1r2.htb	   0.0	  0.03	 2.000	 -5.00	  0.00	 40.00	   0.0	 0.0100	 1071.0000		 1.3333	   0.0	1.344632e-001	 
m61026c1r2.htb	   0.0	  0.03	 2.000	 -5.00	  0.00	 40.00	   1.0	 0.0100	 1068.7000		 6.3430	   0.0	8.191551e-002	 
m61026c2r2.htb	   0.0	  0.03	 2.000	  0.00	 -5.00	 40.00	   0.0	 0.0870	 1070.2000		 1.3166	   1.0	1.069505e-006	 
m61026c2r2.htb	   0.0	  0.03	 2.000	  0.00	 -5.00	 40.00	   1.0	 0.0920	 1069.0000		 6.4636	   1.0	2.518261e-010	 
m61026c3r2.htb	   0.0	  0.03	 2.000	  0.00	 -10.00	 40.00	   0.0	 0.1060	 1068.8000		 6.4083	   1.0	4.583731e-005	 
m61026c3r2.htb	   0.0	  0.03	 2.000	  0.00	 -10.00	 40.00	   1.0	 0.0990	 1070.5000		 1.8409	   1.0	7.001153e-007	 
m61026c4r2.htb	   0.0	  0.03	 2.000	  0.00	 -10.00	 40.00	   0.0	 0.0760	 1070.5000		 1.9748	   1.0	6.014663e-003	 
m61026c4r2.htb	   0.0	  0.03	 2.000	  0.00	 -10.00	 40.00	   1.0	 0.1860	 1068.7143		 5.6779	   1.0	1.767851e-005	 
m61031c1r2.htb	   0.0	  0.03	 2.000	  0.00	 -10.00	 40.00	   0.0	 0.1200	 1074.5500		 1.4318	   1.0	1.034636e-004	 
m61031c1r2.htb	   0.0	  0.03	 2.000	  0.00	 -10.00	 40.00	   1.0	 0.0850	 1073.8500		 1.7852	   1.0	1.749125e-005	 
m61031c2r2.htb	   0.0	  0.03	 2.000	 10.00	 -10.00	 40.00	   0.0	 0.0340	 1071.6000		 5.7388	   0.0	2.423873e-002	 
m61031c2r2.htb	   0.0	  0.03	 2.000	 10.00	 -10.00	 40.00	   1.0	 0.0620	 1074.3000		 1.5670	   1.0	6.528817e-003	 
m61106c1r2.htb	 180.0	  0.03	 2.000	 -5.00	 10.00	 40.00	   0.0	 0.0460	 1055.2500		 5.6743	   0.0	2.510491e-001	 
m61106c2r2.htb	   0.0	  0.03	 2.000	  0.00	 -10.00	 40.00	   0.0	 0.0100	 1050.6000		 6.8183	   1.0	3.476645e-005	 
m61106c3r2.htb	 120.0	  0.03	 2.000	  0.00	 -10.00	 40.00	   0.0	 0.0730	 1055.3000		 5.3759	   1.0	1.848836e-013	 
m61108c1r2.htb	 180.0	  0.03	 2.000	  8.00	 -10.00	 40.00	   0.0	 0.1790	 1052.3000		 6.3953	   1.0	4.123680e-003	 
m61108c4r2.htb	 180.0	  0.03	 2.000	  5.00	 -10.00	 40.00	   0.0	 0.0280	 1052.5000		 6.6207	   1.0	2.228217e-013	 
m61109c1r2.htb	 180.0	  0.03	 2.000	  0.00	 -10.00	 40.00	   0.0	 0.2180	 1049.8000		 5.9404	   1.0	1.549208e-005	 
m61109c2r2.htb	   0.0	  0.03	 2.000	  0.00	  5.00	 40.00	   0.0	 0.2370	 1055.3000		 5.8509	   1.0	9.622012e-009	 
m61109c3r2.htb	   0.0	  0.03	 2.000	  0.00	  0.00	 40.00	   0.0	 0.0590	 1047.0000		 3.2998	   1.0	1.881609e-018	 
m61109c4r2.htb	   0.0	  0.03	 2.000	  0.00	 -5.00	 40.00	   0.0	 0.0420	 1050.7000		 6.4987	   1.0	1.524665e-014	 
m61109c5r2.htb	 180.0	  0.03	 2.000	  0.00	  0.00	 40.00	   0.0	 0.0610	 1050.8000		 6.2681	   1.0	2.917889e-009	 
m61110c1r2.htb	 180.0	  0.03	 2.000	  8.00	 -10.00	 40.00	   0.0	 0.2600	 1051.3000		 5.4589	   1.0	1.095645e-037	 
m61110c2r2.htb	 180.0	  0.03	 2.000	  5.00	 -15.00	 40.00	   0.0	 0.1070	 1052.0000		 6.8961	   1.0	6.985603e-014	 
m61110c3r2.htb	 180.0	  0.03	 2.000	  0.00	 -30.00	 40.00	   0.0	 0.0930	 1046.5000		 1.5092	   1.0	1.002284e-012	 
m61113c1r2.htb	 180.0	  0.03	 1.000	  8.00	 -10.00	 40.00	   0.0	 0.0930	 1055.7857		 4.0226	   1.0	1.739300e-007	 
m61113c2r2.htb	 120.0	  0.03	 1.000	 -10.00	 -10.00	 40.00	   0.0	 0.0720	 1052.6500		 6.2767	   1.0	1.949960e-017	 
m61113c3r2.htb	  90.0	  0.03	 2.000	 -5.00	 -15.00	 40.00	   0.0	 0.0600	 1046.0500		 1.6694	   1.0	6.033860e-030	 
m61115c1r2.htb	 180.0	  0.03	 2.000	  0.00	 -5.00	 40.00	   0.0	 0.0440	 1048.5000		 5.2122	   1.0	2.676392e-009	 
m61115c2r2.htb	   0.0	  0.03	 2.000	 10.00	 -5.00	 40.00	   0.0	 0.1470	 1053.3000		 5.3965	   1.0	3.854504e-003	 
m61115c3r2.htb	   0.0	  0.03	 2.000	 -10.00	 -15.00	 40.00	   0.0	 0.0480	 1052.5000		 7.0277	   1.0	7.638420e-012	 
m61115c4r2.htb	   0.0	  0.03	 2.000	  5.00	 -5.00	 40.00	   0.0	 0.0670	 1052.4000		 7.2908	   1.0	1.899458e-021	 
m61116c1r2.htb	   0.0	  0.03	 2.000	  0.00	  0.00	 40.00	   0.0	 0.1480	 1057.5000		 1.2693	   1.0	1.180017e-004	 
m61121c1r2.htb	 180.0	  0.03	 2.000	  5.00	 -10.00	 40.00	   0.0	 0.0100	 1051.7000		 5.6774	   1.0	1.201658e-003	 
m61122c1r2.htb	 180.0	  0.03	 2.000	  0.00	 -10.00	 40.00	   0.0	 0.1590	 1053.3000		 6.9610	   1.0	5.062145e-003	 
m61122c2r2.htb	 180.0	  0.03	 2.000	  0.00	 -15.00	 40.00	   0.0	 0.2150	 1050.5000		 6.9162	   0.0	4.902252e-002	 
m61122c3r2.htb	  60.0	  0.03	 2.000	 -5.00	  0.00	 40.00	   0.0	 0.1280	 1049.9000		 5.5867	   1.0	3.738300e-008	 
m61122c4r2.htb	  60.0	  0.03	 2.000	 -5.00	 -5.00	 40.00	   0.0	 0.0700	 1055.8000		 4.9800	   1.0	1.231102e-037	 
m61127c1r2.htb	 180.0	  0.03	 2.000	 10.00	 -10.00	 40.00	   0.0	 0.0100	 1056.5000		 3.3417	   0.0	1.778807e-001	 
m61127c2r2.htb	 180.0	  0.03	 2.000	  5.00	 -5.00	 40.00	   0.0	 0.1740	 1054.8500		 6.1753	   1.0	2.409245e-011	 
m61127c3r2.htb	  30.0	  0.03	 2.000	 10.00	 -5.00	 40.00	   0.0	 0.0450	 1055.2500		 4.9298	   1.0	2.933292e-010	 
m61127c4r2.htb	  90.0	  0.03	 2.000	  5.00	 -10.00	 40.00	   0.0	 0.0490	 1046.2000		 1.6193	   1.0	1.524459e-013	 
m61128c1r2.htb	 180.0	  0.03	 2.000	 10.00	 -10.00	 40.00	   0.0	 0.0430	 1055.5000		 4.4535	   1.0	6.270226e-005	 
m61128c2r2.htb	 180.0	  0.03	 2.000	  5.00	  0.00	 40.00	   0.0	 0.0440	 1048.7000		 8.5900	   1.0	1.992418e-015	 
m61128c3r2.htb	 180.0	  0.03	 2.000	  5.00	 -10.00	 40.00	   0.0	 0.1060	 1053.5000		 6.6875	   1.0	6.433416e-018	 
m61128c4r2.htb	 180.0	  0.03	 2.000	  0.00	 -10.00	 40.00	   0.0	 0.0690	 1057.0000		 1.5635	   1.0	3.423975e-010	 
m61129c1r2.htb	 180.0	  0.03	 2.000	 10.00	 -10.00	 40.00	   0.0	 0.0450	 1054.5000		 6.7041	   1.0	8.721683e-004	 
m61129c2r2.htb	  90.0	  0.03	 2.000	  5.00	 -5.00	 40.00	   0.0	 0.0900	 1045.8000		 1.6193	   1.0	5.061542e-006	 
m61129c3r2.htb	  90.0	  0.03	 2.000	  0.00	  0.00	 40.00	   0.0	 0.0590	 1045.2000		 3.7501	   1.0	2.952740e-009	 
m61130c1r2.htb	 180.0	  0.03	 2.000	  0.00	  0.00	 40.00	   0.0	 0.0410	 1056.5000		 5.3385	   1.0	3.831605e-016	 
m61130c2r2.htb	 180.0	  0.03	 2.000	 10.00	  5.00	 40.00	   0.0	 0.0910	 1052.3000		 5.7164	   1.0	2.667618e-005	 
m61130c3r2.htb	 180.0	  0.03	 2.000	  5.00	  5.00	 40.00	   0.0	 0.2740	 1054.8000		 4.9621	   1.0	2.931856e-004	 
m61130c4r2.htb	 210.0	  0.03	 2.000	  5.00	 -5.00	 40.00	   0.0	 0.0660	 1058.7000		 1.0593	   1.0	3.446380e-008	 
m61201c1r2.htb	 180.0	  0.03	 2.000	  5.00	 -10.00	 40.00	   0.0	 0.0320	 1053.3000		 6.0928	   1.0	3.881057e-012	 
m61201c2r2.htb	 180.0	  0.03	 2.000	  0.00	 -10.00	 40.00	   0.0	 0.0590	 1057.1000		 1.5239	   1.0	1.156560e-014	 
m61204c1r2.htb	 180.0	  0.03	 2.000	  0.00	 -10.00	 40.00	   0.0	 0.0380	 1051.0000		 6.4464	   1.0	1.342149e-013	 
m61204c2r2.htb	   0.0	  0.03	 2.000	  0.00	 -10.00	 40.00	   0.0	 0.0100	 1051.5500		 5.8172	   1.0	1.150209e-035	 
m61204c3r2.htb	   0.0	  0.03	 2.000	 -5.00	 -10.00	 40.00	   0.0	 0.0830	 1051.6000		 6.0955	   0.0	1.857156e-002	 
m61206c1r2.htb	 180.0	  0.03	 2.000	  5.00	 -10.00	 40.00	   0.0	 0.0420	 1054.5000		 6.2405	   1.0	9.228976e-017	 
m61206c2r2.htb	 180.0	  0.03	 2.000	 -5.00	  0.00	 40.00	   0.0	 0.0380	 1055.0000		 5.1424	   1.0	9.901518e-004	 
m61206c3r2.htb	 240.0	  0.03	 2.000	  5.00	 -5.00	 40.00	   0.0	 0.0320	 1052.8500		 6.2093	   1.0	9.929200e-061	 
m61206c4r2.htb	   0.0	  0.03	 2.000	  0.00	 -10.00	 40.00	   0.0	 0.0220	 1051.6000		 6.7032	   1.0	1.974749e-011	 
