FILE			 PrfOR	 PrfSF	 PrfTF	 RFXctr	 RFYctr	 RFDiam	 GrType	 Onset	 AvgPulseTime	 PulseStdev	 H0		 P	
m60201c1r3.htb	  30.0	  0.03	 2.000	  0.00	 -5.00	 50.00	   0.0	 0.2590	 996.0000		 0.0000	   0.0	NaN	 
m60201c1r3.htb	  30.0	  0.03	 2.000	  0.00	 -5.00	 50.00	   1.0	 0.0100	 996.0000		 0.0000	   0.0	NaN	 
m60208c1r2.htb	  30.0	  0.03	 2.000	  0.00	  0.00	 45.00	   0.0	 0.0780	 996.0000		 0.0000	   1.0	8.648237e-010	 
m60208c1r2.htb	  30.0	  0.03	 2.000	  0.00	  0.00	 45.00	   1.0	 0.0790	 996.0000		 0.0000	   1.0	7.250213e-009	 
m60213c1r3.htb	  30.0	  0.05	 2.000	 -5.00	 10.00	 40.00	   0.0	 0.1160	 996.0000		 0.0000	   1.0	1.302343e-006	 
m60213c1r3.htb	  30.0	  0.05	 2.000	 -5.00	 10.00	 40.00	   1.0	 0.0990	 996.0000		 0.0000	   1.0	4.230719e-008	 
m60217c1r2.htb	  30.0	  0.03	 2.000	 10.00	 15.00	 50.00	   0.0	 0.1400	 996.0000		 0.0000	   1.0	1.160161e-008	 
m60217c1r2.htb	  30.0	  0.03	 2.000	 10.00	 15.00	 50.00	   1.0	 0.2460	 996.0000		 0.0000	   1.0	5.310374e-009	 
m60220c2r2.htb	   0.0	  0.03	 2.000	  0.00	 15.00	 60.00	   0.0	 0.2380	 996.0000		 0.0000	   1.0	7.112093e-013	 
m60220c2r2.htb	   0.0	  0.03	 2.000	  0.00	 15.00	 60.00	   1.0	 0.2000	 996.0000		 0.0000	   1.0	4.641686e-021	 
m60220c3r2.htb	  30.0	  0.03	 2.000	 10.00	 10.00	 50.00	   0.0	 0.0260	 996.0000		 0.0000	   1.0	6.876519e-004	 
m60220c3r2.htb	  30.0	  0.03	 2.000	 10.00	 10.00	 50.00	   1.0	 0.0470	 996.0000		 0.0000	   1.0	4.881612e-004	 
m60220c6r3.htb	  30.0	  0.03	 2.000	  0.00	 10.00	 40.00	   0.0	 0.0290	 996.0000		 0.0000	   1.0	1.251921e-015	 
m60220c6r3.htb	  30.0	  0.03	 2.000	  0.00	 10.00	 40.00	   1.0	 0.0300	 996.0000		 0.0000	   1.0	2.123673e-016	 
m60221c1r2.htb	   0.0	  0.05	 2.000	 -10.00	 10.00	 50.00	   0.0	 0.2490	 996.0000		 0.0000	   0.0	3.457461e-002	 
m60221c1r2.htb	   0.0	  0.05	 2.000	 -10.00	 10.00	 50.00	   1.0	 0.2700	 996.0000		 0.0000	   1.0	3.690884e-004	 
m60221c2r2.htb	   0.0	  0.03	 4.000	 -10.00	 10.00	 60.00	   0.0	 0.1010	 996.0000		 0.0000	   1.0	8.515678e-010	 
m60221c2r2.htb	   0.0	  0.03	 4.000	 -10.00	 10.00	 60.00	   1.0	 0.0560	 996.0000		 0.0000	   1.0	1.768382e-010	 
m60221c3r2.htb	   0.0	  0.03	 2.000	  3.00	  8.00	 50.00	   0.0	 0.0330	 996.0000		 0.0000	   1.0	3.627486e-009	 
m60221c3r2.htb	   0.0	  0.03	 2.000	  3.00	  8.00	 50.00	   1.0	 0.0380	 996.0000		 0.0000	   1.0	3.887789e-011	 
m60221c4r3.htb	   0.0	  0.03	 2.000	  8.00	  0.00	 50.00	   0.0	 0.0350	 996.0000		 0.0000	   1.0	2.338927e-013	 
m60221c4r3.htb	   0.0	  0.03	 2.000	  8.00	  0.00	 50.00	   1.0	 0.0420	 996.0000		 0.0000	   1.0	6.942859e-015	 
m60221c5r2.htb	   0.0	  0.03	 2.000	 10.00	 -5.00	 50.00	   0.0	 0.0580	 996.0000		 0.0000	   0.0	3.317843e-002	 
m60221c5r2.htb	   0.0	  0.03	 2.000	 10.00	 -5.00	 50.00	   1.0	 0.2300	 996.0000		 0.0000	   1.0	4.666028e-003	 
m60227c1r2.htb	  30.0	  0.03	 2.000	  5.00	  0.00	 40.00	   0.0	 0.0340	 996.0000		 0.0000	   1.0	1.209994e-012	 
m60227c1r2.htb	  30.0	  0.03	 2.000	  5.00	  0.00	 40.00	   1.0	 0.0350	 996.0000		 0.0000	   1.0	1.649835e-010	 
m60227c2r2.htb	   0.0	  0.05	 2.000	  8.00	  4.00	 40.00	   0.0	 0.0290	 996.0000		 0.0000	   1.0	5.096411e-011	 
m60227c2r2.htb	   0.0	  0.05	 2.000	  8.00	  4.00	 40.00	   1.0	 0.0800	 996.0000		 0.0000	   1.0	7.961638e-012	 
m60404c1r2.htb	   0.0	  0.03	 2.000	  0.00	  0.00	 40.00	   0.0	 0.1340	 996.0000		 0.0000	   1.0	4.266958e-008	 
m60404c1r2.htb	   0.0	  0.03	 2.000	  0.00	  0.00	 40.00	   1.0	 0.0940	 996.0000		 0.0000	   1.0	2.757500e-006	 
m60411c1r2.htb	   0.0	  0.03	 2.000	 -10.00	 -5.00	 40.00	   0.0	 0.0970	 996.0000		 0.0000	   1.0	1.113796e-005	 
m60411c1r2.htb	   0.0	  0.03	 2.000	 -10.00	 -5.00	 40.00	   1.0	 0.1010	 996.0000		 0.0000	   1.0	2.513340e-005	 
m60412c3r2.htb	   0.0	  0.03	 2.000	  0.00	 -10.00	 40.00	   0.0	 0.0580	 996.0000		 0.0000	   1.0	3.373820e-009	 
m60412c3r2.htb	   0.0	  0.03	 2.000	  0.00	 -10.00	 40.00	   1.0	 0.0500	 996.0000		 0.0000	   1.0	9.761604e-010	 
m60413c1r2.htb	 180.0	  0.03	 2.000	 -5.00	 -25.00	 60.00	   0.0	 0.0630	 996.0000		 0.0000	   1.0	1.719649e-009	 
m60413c1r2.htb	 180.0	  0.03	 2.000	 -5.00	 -25.00	 60.00	   1.0	 0.2700	 996.0000		 0.0000	   1.0	8.054550e-008	 
m60413c2r2.htb	 180.0	  0.03	 2.000	 -8.00	 -5.00	 40.00	   0.0	 0.1350	 996.0000		 0.0000	   1.0	2.154457e-003	 
m60413c2r2.htb	 180.0	  0.03	 2.000	 -8.00	 -5.00	 40.00	   1.0	 0.3870	 996.0000		 0.0000	   1.0	1.533721e-004	 
m60417c1r2.htb	 180.0	  0.03	 2.000	  0.00	 10.00	 50.00	   0.0	 0.4360	 996.0000		 0.0000	   0.0	NaN	 
m60417c1r2.htb	 180.0	  0.03	 2.000	  0.00	 10.00	 50.00	   1.0	 2.0010	 996.0000		 0.0000	   0.0	NaN	 
m60418c2r2.htb	   0.0	  0.03	 2.000	 -5.00	 -15.00	 50.00	   0.0	 0.0410	 996.0000		 0.0000	   1.0	5.395703e-022	 
m60418c2r2.htb	   0.0	  0.03	 2.000	 -5.00	 -15.00	 50.00	   1.0	 0.0490	 996.0000		 0.0000	   1.0	2.171876e-021	 
m60418c3r2.htb	   0.0	  0.03	 2.000	  0.00	 -10.00	 50.00	   0.0	 0.0960	 996.0000		 0.0000	   1.0	4.607535e-015	 
m60418c3r2.htb	   0.0	  0.03	 2.000	  0.00	 -10.00	 50.00	   1.0	 2.0010	 996.0000		 0.0000	   1.0	2.871505e-020	 
m60420c3r2.htb	   0.0	  0.03	 2.000	 -5.00	  5.00	 40.00	   0.0	 0.1160	 996.0000		 0.0000	   1.0	2.164513e-015	 
m60420c3r2.htb	   0.0	  0.03	 2.000	 -5.00	  5.00	 40.00	   1.0	 0.0550	 996.0000		 0.0000	   1.0	1.089703e-015	 
m60420c4r2.htb	   0.0	  0.03	 2.000	 10.00	 -8.00	 40.00	   0.0	 0.0820	 996.0000		 0.0000	   1.0	2.657546e-004	 
m60420c4r2.htb	   0.0	  0.03	 2.000	 10.00	 -8.00	 40.00	   1.0	 0.0420	 996.0000		 0.0000	   1.0	1.361883e-004	 
m60420c5r2.htb	   0.0	  0.03	 2.000	  8.00	 -5.00	 40.00	   0.0	 0.0840	 996.0000		 0.0000	   1.0	6.183558e-018	 
m60420c5r2.htb	   0.0	  0.03	 2.000	  8.00	 -5.00	 40.00	   1.0	 0.0800	 996.0000		 0.0000	   1.0	4.328733e-019	 
m60424c6r2.htb	   0.0	  0.03	 2.000	 -5.00	 -5.00	 30.00	   0.0	 0.0280	 996.0000		 0.0000	   1.0	1.770759e-011	 
m60424c6r2.htb	   0.0	  0.03	 2.000	 -5.00	 -5.00	 30.00	   1.0	 0.0250	 996.0000		 0.0000	   1.0	8.112544e-011	 
m60515c4r2.htb	   0.0	  0.03	 2.000	 -10.00	 10.00	 40.00	   0.0	 0.0510	 996.0000		 0.0000	   0.0	1.997065e-002	 
m60515c4r2.htb	   0.0	  0.03	 2.000	 -10.00	 10.00	 40.00	   1.0	 0.0390	 996.0000		 0.0000	   1.0	5.746545e-003	 
m60518c3r2.htb	   0.0	  0.03	 2.000	 10.00	  5.00	 40.00	   0.0	 0.0390	 996.0000		 0.0000	   1.0	4.971211e-013	 
m60518c3r2.htb	   0.0	  0.03	 2.000	 10.00	  5.00	 40.00	   1.0	 0.0350	 996.0000		 0.0000	   1.0	3.111374e-010	 
m60518c4r2.htb	   0.0	  0.03	 2.000	  0.00	 -10.00	 40.00	   0.0	 0.1810	 996.0000		 0.0000	   1.0	7.079815e-009	 
m60518c4r2.htb	   0.0	  0.03	 2.000	  0.00	 -10.00	 40.00	   1.0	 0.1650	 996.0000		 0.0000	   1.0	3.356685e-008	 
m60524c6r2.htb	   0.0	  0.03	 2.000	 -12.00	 -8.00	 40.00	   0.0	 0.2230	 996.0000		 0.0000	   1.0	3.889883e-011	 
m60524c6r2.htb	   0.0	  0.03	 2.000	 -12.00	 -8.00	 40.00	   1.0	 0.0890	 996.0000		 0.0000	   1.0	9.195131e-007	 
m60629c1r2.htb	   0.0	  0.03	 2.000	  0.00	 -5.00	 40.00	   0.0	 0.0530	 996.0000		 0.0000	   1.0	3.503092e-010	 
m60629c1r2.htb	   0.0	  0.03	 2.000	  0.00	 -5.00	 40.00	   1.0	 0.0460	 996.0000		 0.0000	   1.0	1.118239e-011	 
m60629c2r2.htb	   0.0	  0.03	 2.000	  0.00	  0.00	 40.00	   0.0	 0.2270	 996.0000		 0.0000	   1.0	6.093283e-017	 
m60629c2r2.htb	   0.0	  0.03	 2.000	  0.00	  0.00	 40.00	   1.0	 0.2440	 996.0000		 0.0000	   1.0	4.322362e-018	 
m60630c1r2.htb	   0.0	  0.03	 2.000	  0.00	 -8.00	 60.00	   0.0	 0.1610	 996.0000		 0.0000	   1.0	1.802063e-009	 
m60630c1r2.htb	   0.0	  0.03	 2.000	  0.00	 -8.00	 60.00	   1.0	 0.0380	 996.0000		 0.0000	   1.0	2.380183e-010	 
m60630c2r2.htb	   0.0	  0.03	 2.000	  0.00	 10.00	 50.00	   0.0	 0.1530	 996.0000		 0.0000	   1.0	3.874239e-010	 
m60630c2r2.htb	   0.0	  0.03	 2.000	  0.00	 10.00	 50.00	   1.0	 0.1230	 996.0000		 0.0000	   1.0	4.564581e-009	 
m60706c1r2.htb	   0.0	  0.03	 2.000	 10.00	  0.00	 40.00	   0.0	 0.1100	 996.0000		 0.0000	   1.0	1.791767e-009	 
m60706c1r2.htb	   0.0	  0.03	 2.000	 10.00	  0.00	 40.00	   1.0	 0.3290	 996.0000		 0.0000	   1.0	3.308494e-007	 
m60706c2r2.htb	   0.0	  0.03	 2.000	  0.00	 -10.00	 40.00	   0.0	 0.0570	 996.0000		 0.0000	   1.0	2.187733e-012	 
m60706c2r2.htb	   0.0	  0.03	 2.000	  0.00	 -10.00	 40.00	   1.0	 0.0600	 996.0000		 0.0000	   1.0	9.624273e-011	 
m60706c3r2.htb	   0.0	  0.03	 2.000	 -5.00	 -10.00	 40.00	   0.0	 0.0990	 996.0000		 0.0000	   1.0	1.702719e-014	 
m60706c3r2.htb	   0.0	  0.03	 2.000	 -5.00	 -10.00	 40.00	   1.0	 0.2720	 996.0000		 0.0000	   1.0	6.059510e-017	 
m60706c4r2.htb	   0.0	  0.03	 2.000	 10.00	 -10.00	 40.00	   0.0	 0.1060	 996.0000		 0.0000	   1.0	9.840158e-006	 
m60706c4r2.htb	   0.0	  0.03	 2.000	 10.00	 -10.00	 40.00	   1.0	 0.0890	 996.0000		 0.0000	   1.0	1.210935e-004	 
m60711c2r2.htb	   0.0	  0.03	 2.000	 -5.00	  8.00	 40.00	   0.0	 0.0600	 996.0000		 0.0000	   1.0	3.358234e-014	 
m60711c2r2.htb	   0.0	  0.03	 2.000	 -5.00	  8.00	 40.00	   1.0	 0.0540	 996.0000		 0.0000	   1.0	9.336613e-011	 
m60712c2r2.htb	   0.0	  0.03	 2.000	 -5.00	  5.00	 40.00	   0.0	 0.0220	 996.0000		 0.0000	   1.0	4.356522e-013	 
m60712c2r2.htb	   0.0	  0.03	 2.000	 -5.00	  5.00	 40.00	   1.0	 0.0540	 996.0000		 0.0000	   1.0	1.845708e-014	 
m60713c1r2.htb	   0.0	  0.03	 2.000	  8.00	  0.00	 60.00	   0.0	 0.0100	 996.0000		 0.0000	   0.0	3.507545e-001	 
m60713c1r2.htb	   0.0	  0.03	 2.000	  8.00	  0.00	 60.00	   1.0	 0.0670	 996.0000		 0.0000	   0.0	2.286807e-002	 
m60713c2r2.htb	   0.0	  0.03	 2.000	 -10.00	 10.00	 40.00	   0.0	 2.0010	 996.0000		 0.0000	   0.0	5.923370e-002	 
m60713c2r2.htb	   0.0	  0.03	 2.000	 -10.00	 10.00	 40.00	   1.0	 0.3350	 996.0000		 0.0000	   0.0	1.495716e-001	 
m60713c3r2.htb	   0.0	  0.03	 2.000	  0.00	  0.00	 40.00	   0.0	 0.0380	 996.0000		 0.0000	   1.0	2.136971e-004	 
m60713c3r2.htb	   0.0	  0.03	 2.000	  0.00	  0.00	 40.00	   1.0	 0.0600	 996.0000		 0.0000	   1.0	5.116640e-004	 
m60714c1r2.htb	   0.0	  0.03	 2.000	  5.00	  3.00	 40.00	   0.0	 0.0350	 996.0000		 0.0000	   1.0	1.652002e-006	 
m60714c1r2.htb	   0.0	  0.03	 2.000	  5.00	  3.00	 40.00	   1.0	 0.0680	 996.0000		 0.0000	   1.0	4.731251e-007	 
m60714c2r2.htb	   0.0	  0.03	 2.000	 -5.00	 -8.00	 40.00	   0.0	 0.0680	 996.0000		 0.0000	   0.0	4.824836e-001	 
m60714c2r2.htb	   0.0	  0.03	 2.000	 -5.00	 -8.00	 40.00	   1.0	 0.0590	 996.0000		 0.0000	   0.0	3.319379e-001	 
m60714c3r2.htb	   0.0	  0.03	 2.000	 -8.00	  0.00	 40.00	   0.0	 0.0610	 996.0000		 0.0000	   1.0	1.112023e-016	 
m60714c3r2.htb	   0.0	  0.03	 2.000	 -8.00	  0.00	 40.00	   1.0	 0.0210	 996.0000		 0.0000	   1.0	4.994191e-015	 
m60714c4r2.htb	   0.0	  0.03	 2.000	 -5.00	  8.00	 40.00	   0.0	 0.1710	 996.0000		 0.0000	   1.0	1.126307e-007	 
m60714c4r2.htb	   0.0	  0.03	 2.000	 -5.00	  8.00	 40.00	   1.0	 0.0650	 996.0000		 0.0000	   1.0	4.053833e-007	 
m60717c1r2.htb	   0.0	  0.03	 2.000	 -8.00	 -8.00	 40.00	   0.0	 0.0830	 996.0000		 0.0000	   1.0	1.830698e-008	 
m60717c1r2.htb	   0.0	  0.03	 2.000	 -8.00	 -8.00	 40.00	   1.0	 0.0730	 996.0000		 0.0000	   1.0	1.146854e-008	 
m60717c2r2.htb	 170.0	  0.03	 2.000	  8.00	 -10.00	 40.00	   0.0	 0.1210	 996.0000		 0.0000	   1.0	1.089531e-004	 
m60717c2r2.htb	 170.0	  0.03	 2.000	  8.00	 -10.00	 40.00	   1.0	 0.0250	 996.0000		 0.0000	   1.0	3.441669e-005	 
m60719c1r2.htb	   0.0	  0.03	 2.000	  5.00	 -10.00	 40.00	   0.0	 0.0730	 996.0000		 0.0000	   1.0	4.971737e-003	 
m60719c1r2.htb	   0.0	  0.03	 2.000	  5.00	 -10.00	 40.00	   1.0	 0.0100	 996.0000		 0.0000	   1.0	4.357179e-003	 
m60719c4r2.htb	   0.0	  0.03	 2.000	 -5.00	 10.00	 40.00	   0.0	 0.1260	 996.0000		 0.0000	   1.0	2.574928e-003	 
m60719c4r2.htb	   0.0	  0.03	 2.000	 -5.00	 10.00	 40.00	   1.0	 0.0680	 996.0000		 0.0000	   1.0	1.733545e-006	 
m60719c4r2.htb	   0.0	  0.03	 2.000	 -5.00	 10.00	 40.00	   0.0	 0.1260	 996.0000		 0.0000	   1.0	2.574928e-003	 
m60719c4r2.htb	   0.0	  0.03	 2.000	 -5.00	 10.00	 40.00	   1.0	 0.0680	 996.0000		 0.0000	   1.0	1.733545e-006	 
m60721c1r2.htb	   0.0	  0.03	 2.000	  0.00	 -5.00	 40.00	   0.0	 0.0600	 996.0000		 0.0000	   1.0	5.523875e-030	 
m60721c1r2.htb	   0.0	  0.03	 2.000	  0.00	 -5.00	 40.00	   1.0	 0.0600	 996.0000		 0.0000	   1.0	1.556309e-038	 
m60721c1r2.htb	   0.0	  0.03	 2.000	  0.00	 -5.00	 40.00	   0.0	 0.0600	 996.0000		 0.0000	   1.0	5.523875e-030	 
m60721c1r2.htb	   0.0	  0.03	 2.000	  0.00	 -5.00	 40.00	   1.0	 0.0600	 996.0000		 0.0000	   1.0	1.556309e-038	 
m60721c2r2.htb	   0.0	  0.03	 2.000	  8.00	 -5.00	 40.00	   0.0	 0.0550	 996.0000		 0.0000	   1.0	2.295653e-011	 
m60721c2r2.htb	   0.0	  0.03	 2.000	  8.00	 -5.00	 40.00	   1.0	 0.0540	 996.0000		 0.0000	   1.0	1.414445e-010	 
m60721c3r2.htb	   0.0	  0.03	 2.000	 -5.00	  0.00	 40.00	   0.0	 0.0640	 996.0000		 0.0000	   1.0	3.073369e-009	 
m60721c3r2.htb	   0.0	  0.03	 2.000	 -5.00	  0.00	 40.00	   1.0	 0.0540	 996.0000		 0.0000	   1.0	1.117950e-007	 
m60724c1r2.htb	   0.0	  0.03	 2.000	  0.00	  0.00	 40.00	   0.0	 0.0700	 996.0000		 0.0000	   1.0	3.430730e-006	 
m60724c1r2.htb	   0.0	  0.03	 2.000	  0.00	  0.00	 40.00	   1.0	 0.1600	 996.0000		 0.0000	   1.0	2.346369e-004	 
m60724c2r2.htb	   0.0	  0.03	 2.000	 -5.00	  5.00	 40.00	   0.0	 0.0810	 996.0000		 0.0000	   1.0	3.236281e-005	 
m60724c2r2.htb	   0.0	  0.03	 2.000	 -5.00	  5.00	 40.00	   1.0	 0.0550	 996.0000		 0.0000	   1.0	2.959065e-005	 
m60724c3r2.htb	 150.0	  0.03	 2.000	  0.00	  0.00	 40.00	   0.0	 0.0480	 996.0000		 0.0000	   1.0	3.222375e-014	 
m60724c3r2.htb	 150.0	  0.03	 2.000	  0.00	  0.00	 40.00	   1.0	 0.0540	 996.0000		 0.0000	   1.0	4.108646e-011	 
m60724c4r2.htb	 150.0	  0.03	 2.000	  0.00	 -3.00	 40.00	   0.0	 0.1320	 996.0000		 0.0000	   0.0	2.067507e-001	 
m60724c4r2.htb	 150.0	  0.03	 2.000	  0.00	 -3.00	 40.00	   1.0	 2.0010	 996.0000		 0.0000	   0.0	9.729389e-002	 
m60724c5r2.htb	 150.0	  0.03	 2.000	 -5.00	 -10.00	 40.00	   0.0	 0.1190	 996.0000		 0.0000	   1.0	2.378801e-024	 
m60724c5r2.htb	 150.0	  0.03	 2.000	 -5.00	 -10.00	 40.00	   1.0	 0.0680	 996.0000		 0.0000	   1.0	5.457221e-023	 
m60724c6r2.htb	 150.0	  0.03	 2.000	 -5.00	 -10.00	 40.00	   0.0	 0.3410	 996.0000		 0.0000	   1.0	1.917912e-016	 
m60724c6r2.htb	 150.0	  0.03	 2.000	 -5.00	 -10.00	 40.00	   1.0	 0.0990	 996.0000		 0.0000	   1.0	2.082796e-015	 
m60725c1r2.htb	   0.0	  0.03	 2.000	 -10.00	 -8.00	 40.00	   0.0	 0.0850	 996.0000		 0.0000	   1.0	1.838102e-003	 
m60725c1r2.htb	   0.0	  0.03	 2.000	 -10.00	 -8.00	 40.00	   1.0	 0.0810	 996.0000		 0.0000	   1.0	4.029761e-005	 
m60725c2r2.htb	   0.0	  0.03	 2.000	  8.00	  0.00	 40.00	   0.0	 0.0580	 996.0000		 0.0000	   1.0	1.950405e-016	 
m60725c2r2.htb	   0.0	  0.03	 2.000	  8.00	  0.00	 40.00	   1.0	 0.0400	 996.0000		 0.0000	   1.0	4.372317e-018	 
m60726c1r2.htb	   0.0	  0.03	 2.000	  5.00	 -10.00	 40.00	   0.0	 0.0400	 996.0000		 0.0000	   1.0	1.020356e-004	 
m60726c1r2.htb	   0.0	  0.03	 2.000	  5.00	 -10.00	 40.00	   1.0	 0.1420	 996.0000		 0.0000	   1.0	3.452109e-007	 
m60726c2r2.htb	   0.0	  0.03	 2.000	  5.00	 -5.00	 40.00	   0.0	 0.1190	 996.0000		 0.0000	   1.0	5.576669e-011	 
m60726c2r2.htb	   0.0	  0.03	 2.000	  5.00	 -5.00	 40.00	   1.0	 0.0950	 996.0000		 0.0000	   1.0	6.111268e-010	 
m60726c3r2.htb	   0.0	  0.03	 2.000	  0.00	 -5.00	 40.00	   0.0	 0.1470	 996.0000		 0.0000	   1.0	2.447398e-009	 
m60726c3r2.htb	   0.0	  0.03	 2.000	  0.00	 -5.00	 40.00	   1.0	 0.1310	 996.0000		 0.0000	   1.0	4.428967e-008	 
m60726c4r2.htb	   0.0	  0.03	 2.000	  3.00	 -5.00	 40.00	   0.0	 0.2090	 996.0000		 0.0000	   1.0	1.230854e-004	 
m60726c4r2.htb	   0.0	  0.03	 2.000	  3.00	 -5.00	 40.00	   1.0	 0.3800	 996.0000		 0.0000	   1.0	2.847042e-004	 
m60726c5r2.htb	   0.0	  0.03	 2.000	 -5.00	  0.00	 40.00	   0.0	 0.0980	 996.0000		 0.0000	   1.0	1.101982e-004	 
m60726c5r2.htb	   0.0	  0.03	 2.000	 -5.00	  0.00	 40.00	   1.0	 0.1310	 996.0000		 0.0000	   1.0	1.019421e-004	 
m60726c6r2.htb	   0.0	  0.03	 2.000	  0.00	  0.00	 40.00	   0.0	 0.1100	 996.0000		 0.0000	   1.0	4.911641e-003	 
m60726c6r2.htb	   0.0	  0.03	 2.000	  0.00	  0.00	 40.00	   1.0	 0.1090	 996.0000		 0.0000	   1.0	6.052551e-003	 
m60727c1r2.htb	   0.0	  0.03	 2.000	  0.00	 -5.00	 40.00	   0.0	 0.0800	 996.0000		 0.0000	   1.0	1.346451e-015	 
m60727c1r2.htb	   0.0	  0.03	 2.000	  0.00	 -5.00	 40.00	   1.0	 0.0880	 996.0000		 0.0000	   1.0	7.224628e-017	 
m60727c2r2.htb	   0.0	  0.03	 2.000	  0.00	  0.00	 40.00	   0.0	 0.1060	 996.0000		 0.0000	   0.0	NaN	 
m60727c2r2.htb	   0.0	  0.03	 2.000	  0.00	  0.00	 40.00	   1.0	 0.0340	 996.0000		 0.0000	   0.0	3.615587e-001	 
m60801c2r2.htb	   0.0	  0.03	 2.000	  0.00	  0.00	 40.00	   0.0	 0.0930	 996.0000		 0.0000	   1.0	1.965346e-015	 
m60801c2r2.htb	   0.0	  0.03	 2.000	  0.00	  0.00	 40.00	   1.0	 0.0950	 996.0000		 0.0000	   1.0	1.263613e-013	 
m60801c3r2.htb	   0.0	  0.03	 2.000	  0.00	 -10.00	 40.00	   0.0	 0.0520	 996.0000		 0.0000	   1.0	4.691906e-016	 
m60801c3r2.htb	   0.0	  0.03	 2.000	  0.00	 -10.00	 40.00	   1.0	 0.0640	 996.0000		 0.0000	   1.0	1.551968e-019	 
m60803c1r2.htb	   0.0	  0.03	 2.000	  8.00	 -5.00	 40.00	   0.0	 0.0480	 996.0000		 0.0000	   1.0	2.579543e-006	 
m60803c1r2.htb	   0.0	  0.03	 2.000	  8.00	 -5.00	 40.00	   1.0	 0.0560	 996.0000		 0.0000	   1.0	1.221598e-006	 
m60803c3r2.htb	   0.0	  0.03	 2.000	  0.00	  0.00	 40.00	   0.0	 0.0640	 996.0000		 0.0000	   1.0	9.098405e-006	 
m60803c3r2.htb	   0.0	  0.03	 2.000	  0.00	  0.00	 40.00	   1.0	 0.0980	 996.0000		 0.0000	   1.0	2.868129e-007	 
m60803c4r2.htb	   0.0	  0.03	 2.000	  0.00	  0.00	 40.00	   0.0	 0.0450	 996.0000		 0.0000	   1.0	2.135583e-009	 
m60803c4r2.htb	   0.0	  0.03	 2.000	  0.00	  0.00	 40.00	   1.0	 0.0260	 996.0000		 0.0000	   1.0	2.958808e-010	 
m60808c1r2.htb	   0.0	  0.03	 2.000	  5.00	 -10.00	 40.00	   0.0	 0.1520	 996.0000		 0.0000	   0.0	1.922338e-002	 
m60808c1r2.htb	   0.0	  0.03	 2.000	  5.00	 -10.00	 40.00	   1.0	 0.0100	 996.0000		 0.0000	   0.0	1.392966e-002	 
m60808c2r2.htb	   0.0	  0.03	 2.000	  0.00	  0.00	 40.00	   0.0	 0.0860	 996.0000		 0.0000	   1.0	9.313677e-010	 
m60808c2r2.htb	   0.0	  0.03	 2.000	  0.00	  0.00	 40.00	   1.0	 0.0770	 996.0000		 0.0000	   1.0	6.641588e-008	 
m60809c1r2.htb	   0.0	  0.03	 2.000	  0.00	 -5.00	 40.00	   0.0	 0.0570	 996.0000		 0.0000	   1.0	3.754297e-006	 
m60809c1r2.htb	   0.0	  0.03	 2.000	  0.00	 -5.00	 40.00	   1.0	 0.0430	 996.0000		 0.0000	   1.0	2.380395e-008	 
m60809c2r2.htb	   0.0	  0.03	 2.000	  0.00	 -5.00	 40.00	   0.0	 0.2970	 996.0000		 0.0000	   1.0	1.505876e-004	 
m60809c2r2.htb	   0.0	  0.03	 2.000	  0.00	 -5.00	 40.00	   1.0	 0.1590	 996.0000		 0.0000	   1.0	2.096695e-005	 
m60809c3r2.htb	   0.0	  0.03	 2.000	  5.00	  0.00	 40.00	   0.0	 0.2230	 996.0000		 0.0000	   1.0	4.156786e-008	 
m60809c3r2.htb	   0.0	  0.03	 2.000	  5.00	  0.00	 40.00	   1.0	 0.0680	 996.0000		 0.0000	   1.0	2.407807e-007	 
m60809c4r2.htb	   0.0	  0.03	 2.000	 10.00	  2.00	 40.00	   0.0	 0.0710	 996.0000		 0.0000	   1.0	3.404248e-005	 
m60809c4r2.htb	   0.0	  0.03	 2.000	 10.00	  2.00	 40.00	   1.0	 0.0560	 996.0000		 0.0000	   1.0	1.975709e-006	 
m60809c5r2.htb	   0.0	  0.03	 2.000	  0.00	  0.00	 40.00	   0.0	 0.0560	 996.0000		 0.0000	   1.0	2.800430e-018	 
m60809c5r2.htb	   0.0	  0.03	 2.000	  0.00	  0.00	 40.00	   1.0	 0.2360	 996.0000		 0.0000	   1.0	1.042782e-017	 
m60810c1r2.htb	   0.0	  0.03	 2.000	 10.00	 -5.00	 40.00	   0.0	 0.0880	 996.0000		 0.0000	   1.0	3.291810e-019	 
m60810c1r2.htb	   0.0	  0.03	 2.000	 10.00	 -5.00	 40.00	   1.0	 0.0640	 996.0000		 0.0000	   1.0	9.741756e-015	 
m60810c2r2.htb	   0.0	  0.03	 2.000	  0.00	  5.00	 40.00	   0.0	 0.0600	 996.0000		 0.0000	   1.0	4.152715e-017	 
m60810c2r2.htb	   0.0	  0.03	 2.000	  0.00	  5.00	 40.00	   1.0	 0.0410	 996.0000		 0.0000	   1.0	1.429548e-012	 
m60810c3r2.htb	   0.0	  0.03	 2.000	  5.00	 -10.00	 40.00	   0.0	 0.1370	 996.0000		 0.0000	   1.0	9.773080e-013	 
m60810c3r2.htb	   0.0	  0.03	 2.000	  5.00	 -10.00	 40.00	   1.0	 0.0750	 996.0000		 0.0000	   1.0	7.674331e-012	 
m60810c4r2.htb	   0.0	  0.03	 2.000	  5.00	 -5.00	 40.00	   0.0	 0.0740	 996.0000		 0.0000	   1.0	3.053578e-009	 
m60810c4r2.htb	   0.0	  0.03	 2.000	  5.00	 -5.00	 40.00	   1.0	 0.0710	 996.0000		 0.0000	   1.0	1.535415e-009	 
m60810c5r2.htb	   0.0	  0.03	 2.000	 -5.00	 -10.00	 40.00	   0.0	 0.1660	 996.0000		 0.0000	   1.0	1.029343e-009	 
m60810c5r2.htb	   0.0	  0.03	 2.000	 -5.00	 -10.00	 40.00	   1.0	 0.1290	 996.0000		 0.0000	   1.0	1.522891e-011	 
m60811c1r2.htb	   0.0	  0.03	 2.000	  0.00	  0.00	 40.00	   0.0	 0.0320	 996.0000		 0.0000	   1.0	7.087236e-009	 
m60811c1r2.htb	   0.0	  0.03	 2.000	  0.00	  0.00	 40.00	   1.0	 0.0330	 996.0000		 0.0000	   1.0	7.034802e-007	 
m60811c2r2.htb	   0.0	  0.03	 2.000	 -5.00	 -8.00	 40.00	   0.0	 0.0640	 996.0000		 0.0000	   1.0	4.311924e-006	 
m60811c2r2.htb	   0.0	  0.03	 2.000	 -5.00	 -8.00	 40.00	   1.0	 0.0530	 996.0000		 0.0000	   1.0	4.998867e-006	 
m60811c3r2.htb	   0.0	  0.03	 2.000	  0.00	  5.00	 40.00	   0.0	 0.0650	 996.0000		 0.0000	   1.0	1.031678e-003	 
m60811c3r2.htb	   0.0	  0.03	 2.000	  0.00	  5.00	 40.00	   1.0	 0.0660	 996.0000		 0.0000	   1.0	1.748258e-004	 
m60811c4r2.htb	   0.0	  0.03	 2.000	  0.00	  0.00	 40.00	   0.0	 0.0610	 996.0000		 0.0000	   1.0	9.607857e-011	 
m60811c4r2.htb	   0.0	  0.03	 2.000	  0.00	  0.00	 40.00	   1.0	 0.0710	 996.0000		 0.0000	   1.0	2.478675e-009	 
m60811c5r2.htb	   0.0	  0.03	 2.000	 10.00	  5.00	 40.00	   0.0	 0.0100	 996.0000		 0.0000	   0.0	NaN	 
m60811c5r2.htb	   0.0	  0.03	 2.000	 10.00	  5.00	 40.00	   1.0	 0.0500	 996.0000		 0.0000	   0.0	2.899381e-001	 
m60815c1r2.htb	   0.0	  0.03	 2.000	  8.00	 -10.00	 40.00	   0.0	 0.0100	 996.0000		 0.0000	   0.0	6.149033e-002	 
m60815c1r2.htb	   0.0	  0.03	 2.000	  8.00	 -10.00	 40.00	   1.0	 0.0100	 996.0000		 0.0000	   0.0	1.530773e-002	 
m60815c2r2.htb	   0.0	  0.03	 2.000	 10.00	 -10.00	 40.00	   0.0	 0.1050	 996.0000		 0.0000	   1.0	6.502711e-019	 
m60815c2r2.htb	   0.0	  0.03	 2.000	 10.00	 -10.00	 40.00	   1.0	 0.0660	 996.0000		 0.0000	   1.0	1.724508e-019	 
m60815c4r2.htb	   0.0	  0.03	 2.000	 -5.00	  5.00	 40.00	   0.0	 0.1070	 996.0000		 0.0000	   1.0	2.479440e-014	 
m60815c4r2.htb	   0.0	  0.03	 2.000	 -5.00	  5.00	 40.00	   1.0	 0.0650	 996.0000		 0.0000	   1.0	7.525825e-014	 
m60821c1r2.htb	   0.0	  0.03	 2.000	  0.00	 -10.00	 40.00	   0.0	 0.0640	 1073.6000		 1.4298	   1.0	3.566570e-013	 
m60821c1r2.htb	   0.0	  0.03	 2.000	  0.00	 -10.00	 40.00	   1.0	 0.0450	 1073.5000		 1.9003	   1.0	3.540573e-014	 
m60821c2r2.htb	   0.0	  0.03	 2.000	 -5.00	 -10.00	 40.00	   0.0	 0.0650	 1074.1000		 1.3338	   1.0	3.038642e-004	 
m60821c2r2.htb	   0.0	  0.03	 2.000	 -5.00	 -10.00	 40.00	   1.0	 0.0660	 1074.1000		 1.5526	   1.0	5.041030e-003	 
m60821c3r2.htb	   0.0	  0.03	 2.000	 -10.00	  0.00	 40.00	   0.0	 0.0620	 1074.4000		 1.4298	   1.0	4.672105e-003	 
m60821c3r2.htb	   0.0	  0.03	 2.000	 -10.00	  0.00	 40.00	   1.0	 0.0650	 1073.4000		 1.3499	   1.0	9.984031e-004	 
m60822c3r2.htb	   0.0	  0.03	 2.000	 -8.00	 -10.00	 40.00	   0.0	 0.1790	 1072.7000		 1.5670	   0.0	1.377404e-001	 
m60822c3r2.htb	   0.0	  0.03	 2.000	 -8.00	 -10.00	 40.00	   1.0	 0.0650	 1074.1000		 1.6633	   0.0	1.397982e-001	 
m60822c4r2.htb	   0.0	  0.03	 2.000	 -8.00	  0.00	 40.00	   0.0	 0.0100	 1070.5714		 6.6548	   1.0	1.932429e-005	 
m60822c4r2.htb	   0.0	  0.03	 2.000	 -8.00	  0.00	 40.00	   1.0	 0.0440	 1073.1429		 1.0690	   1.0	5.882314e-006	 
m60823c1r2.htb	   0.0	  0.03	 2.000	 10.00	  5.00	 40.00	   0.0	 0.0950	 1074.0000		 1.6330	   1.0	2.216790e-014	 
m60823c1r2.htb	   0.0	  0.03	 2.000	 10.00	  5.00	 40.00	   1.0	 0.0480	 1074.7000		 1.7670	   1.0	3.762338e-014	 
m60823c2r2.htb	   0.0	  0.03	 2.000	  0.00	  0.00	 40.00	   0.0	 2.0010	 1074.0000		 1.2472	   1.0	1.329405e-010	 
m60823c2r2.htb	   0.0	  0.03	 2.000	  0.00	  0.00	 40.00	   1.0	 0.2620	 1073.7000		 1.6364	   1.0	1.410418e-009	 
m60823c3r2.htb	  70.0	  0.03	 2.000	 -5.00	  0.00	 40.00	   0.0	 0.0490	 1073.3000		 1.2517	   1.0	3.673442e-005	 
m60823c3r2.htb	  70.0	  0.03	 2.000	 -5.00	  0.00	 40.00	   1.0	 0.0770	 1071.8000		 5.7697	   1.0	3.437829e-007	 
m60823c4r2.htb	  70.0	  0.03	 2.000	 -10.00	  0.00	 40.00	   0.0	 0.2110	 1073.8000		 1.5492	   1.0	1.769222e-013	 
m60823c4r2.htb	  70.0	  0.03	 2.000	 -10.00	  0.00	 40.00	   1.0	 0.0720	 1073.4000		 1.3499	   1.0	7.885579e-012	 
m60824c1r2.htb	   0.0	  0.03	 2.000	 -5.00	  5.00	 40.00	   0.0	 0.0500	 1075.0000		 1.3333	   1.0	2.207250e-013	 
m60824c1r2.htb	   0.0	  0.03	 2.000	 -5.00	  5.00	 40.00	   1.0	 0.0260	 1074.1000		 1.7920	   1.0	1.732481e-010	 
m60824c2r2.htb	   0.0	  0.03	 2.000	 -5.00	 -5.00	 40.00	   0.0	 0.0730	 1074.2000		 1.4757	   1.0	1.860147e-015	 
m60824c2r2.htb	   0.0	  0.03	 2.000	 -5.00	 -5.00	 40.00	   1.0	 0.0610	 1073.7000		 2.1108	   1.0	9.202544e-016	 
m60824c3r2.htb	   0.0	  0.03	 2.000	 -5.00	  0.00	 40.00	   0.0	 0.0600	 1071.0000		 7.9443	   1.0	1.238496e-003	 
m60824c3r2.htb	   0.0	  0.03	 2.000	 -5.00	  0.00	 40.00	   1.0	 0.0500	 1074.3000		 1.7670	   1.0	8.674937e-003	 
m60830c1r2.htb	 180.0	  0.03	 2.000	 -8.00	 -10.00	 40.00	   0.0	 0.2990	 1073.7000		 1.8288	   1.0	1.445154e-004	 
m60830c1r2.htb	 180.0	  0.03	 2.000	 -8.00	 -10.00	 40.00	   1.0	 0.1580	 1073.5000		 1.8409	   1.0	2.081634e-009	 
m60830c2r2.htb	 180.0	  0.03	 2.000	  0.00	 -10.00	 40.00	   0.0	 0.3970	 1073.6000		 1.5776	   1.0	5.898575e-012	 
m60830c2r2.htb	 180.0	  0.03	 2.000	  0.00	 -10.00	 40.00	   1.0	 0.0720	 1071.9000		 5.7629	   1.0	1.955136e-014	 
m60831c1r2.htb	 180.0	  0.03	 2.000	 10.00	  0.00	 40.00	   0.0	 0.0100	 1074.6000		 1.1738	   0.0	1.789913e-001	 
m60831c1r2.htb	 180.0	  0.03	 2.000	 10.00	  0.00	 40.00	   1.0	 0.3620	 1072.0000		 5.8310	   1.0	8.751024e-003	 
m60831c4r2.htb	 180.0	  0.03	 2.000	  5.00	  0.00	 60.00	   0.0	 0.0780	 1089.7273		 5.7112	   1.0	1.704061e-007	 
m60831c4r2.htb	 180.0	  0.03	 2.000	  5.00	  0.00	 60.00	   1.0	 0.0750	 1090.3636		 1.8586	   1.0	3.741997e-008	 
m60901c4r2.htb	 180.0	  0.03	 2.000	 -5.00	 -5.00	 40.00	   0.0	 0.0100	 1073.1000		 1.2867	   1.0	3.015810e-003	 
m60901c4r2.htb	 180.0	  0.03	 2.000	 -5.00	 -5.00	 40.00	   1.0	 0.0950	 1074.5000		 1.6499	   1.0	5.022780e-004	 
m60907c1r2.htb	 180.0	  0.03	 2.000	 10.00	  8.00	 40.00	   0.0	 0.0820	 1073.5500		 4.4423	   1.0	3.507985e-008	 
m60907c1r2.htb	 180.0	  0.03	 2.000	 10.00	  8.00	 40.00	   1.0	 0.0750	 1073.8500		 1.3089	   1.0	3.084446e-014	 
m60907c2r2.htb	 180.0	  0.03	 2.000	 10.00	 -10.00	 40.00	   0.0	 0.0750	 1071.9000		 5.8395	   0.0	NaN	 
m60907c2r2.htb	 180.0	  0.03	 2.000	 10.00	 -10.00	 40.00	   1.0	 0.1060	 1073.8000		 1.5492	   0.0	4.250436e-002	 
m60907c3r2.htb	 120.0	  0.03	 2.000	  0.00	 -15.00	 40.00	   0.0	 0.4140	 1073.1000		 1.7920	   1.0	8.489460e-006	 
m60907c3r2.htb	 120.0	  0.03	 2.000	  0.00	 -15.00	 40.00	   1.0	 0.1050	 1072.6000		 5.9292	   1.0	6.916826e-006	 
m61024c1r2.htb	   0.0	  0.03	 2.000	  0.00	 10.00	 40.00	   0.0	 0.1330	 1068.2000		 6.1608	   1.0	2.636608e-007	 
m61024c1r2.htb	   0.0	  0.03	 2.000	  0.00	 10.00	 40.00	   1.0	 0.1080	 1064.1000		 9.1463	   1.0	3.566455e-007	 
m61024c2r2.htb	   0.0	  0.03	 2.000	  0.00	  5.00	 40.00	   0.0	 0.1600	 1068.5000		 6.3640	   1.0	1.791716e-005	 
m61024c2r2.htb	   0.0	  0.03	 2.000	  0.00	  5.00	 40.00	   1.0	 0.0820	 1068.4000		 6.3456	   1.0	5.295844e-007	 
m61027c1r2.htb	   0.0	  0.03	 2.000	 10.00	 -10.00	 40.00	   0.0	 0.1160	 1070.4000		 1.7764	   1.0	6.101189e-015	 
m61027c1r2.htb	   0.0	  0.03	 2.000	 10.00	 -10.00	 40.00	   1.0	 0.0890	 1070.0000		 1.5635	   1.0	1.049214e-018	 
m61027c2r2.htb	   0.0	  0.03	 2.000	  5.00	 -5.00	 40.00	   0.0	 0.1380	 1069.7000		 1.5670	   1.0	2.973885e-011	 
m61027c2r2.htb	   0.0	  0.03	 2.000	  5.00	 -5.00	 40.00	   1.0	 0.1920	 1070.1000		 1.3703	   1.0	9.686397e-012	 
m61106c4r2.htb	 120.0	  0.03	 2.000	  0.00	 -10.00	 40.00	   0.0	 0.0980	 1053.6000		 5.8916	   1.0	1.116087e-014	 
m61108c2r2.htb	 180.0	  0.03	 2.000	  0.00	 -10.00	 40.00	   0.0	 0.0630	 1049.0000		 5.4160	   1.0	1.091972e-009	 
m61108c3r1.htb	 180.0	  0.03	 2.000	  0.00	 -10.00	 40.00	   0.0	 0.0480	 1052.9000		 6.9674	   1.0	1.099703e-010	 
m61128c2r2.htb	 180.0	  0.03	 2.000	  5.00	  0.00	 40.00	   0.0	 0.0440	 1048.7000		 8.5900	   1.0	1.992418e-015	 
m61201c3r2.htb	   0.0	  0.03	 2.000	 -5.00	 -10.00	 40.00	   0.0	 2.0010	 1054.2000		 5.4732	   1.0	6.488603e-010	 
