FILE			 PrfOR	 PrfSF	 PrfTF	 RFXctr	 RFYctr	 RFDiam	 GrType	 MaxLoc	 MaxRsp	 MinLoc	 MinRsp	 Spont	 SFMI		 AnovaP	 SFDI  	 VarTerm	 MaxX 	 MinX 	 SFHWHM	 RsqMn	 PMean	 RsqRaw	 Praw		 Chi2		 ChiP		 Brat		 Ampl		 Peak		 SD		 Offst		
m60830c1r2.htb	 180.0	  0.03	 2.000	 -8.00	 -10.00	 40.00	   0.0	 0.0250	 11.81	 1.6000	  6.25	  6.02	 0.960	 0.00232783	 0.451	  0.774	  1.60	  0.03	  0.0480	 0.8456	 0.00337202	 0.2282	 0.00002889	 0.6696	 0.71548007	  6.25	  5.56	 0.0250	 0.7129	 0.0100	
m60830c1r2.htb	 180.0	  0.03	 2.000	 -8.00	 -10.00	 40.00	   1.0	 0.0250	 13.02	 1.6000	  6.33	  6.02	 0.957	 0.00265497	 0.428	  0.915	  1.60	  0.03	  0.0360	 0.9178	 0.00067879	 0.2444	 0.00001365	 0.1271	 0.93840428	  6.33	  6.69	 0.0250	 0.7296	 0.0001	
m60830c2r2.htb	 180.0	  0.03	 2.000	  0.00	 -10.00	 40.00	   0.0	 0.0250	 17.61	 1.6000	 13.46	 12.59	 0.826	 0.00031036	 0.497	  0.367	  1.60	  0.03	  0.0550	 0.7634	 0.01015213	 0.2458	 0.00001276	 0.7927	 0.67278102	 13.46	  4.15	 0.0250	 0.9740	 0.0001	
m60830c2r2.htb	 180.0	  0.03	 2.000	  0.00	 -10.00	 40.00	   1.0	 0.0250	 20.85	 1.6000	 13.73	 12.59	 0.852	 0.00000546	 0.522	  0.445	  1.60	  0.03	  0.0400	 0.9475	 0.00021852	 0.3904	 0.00000001	 0.2049	 0.90263868	 13.73	  7.12	 0.0250	 0.7908	 0.0001	
m60831c1r2.htb	 180.0	  0.03	 2.000	 10.00	  0.00	 40.00	   0.0	 0.0420	 10.68	 1.6000	  1.29	  1.79	 1.056	 0.00000000	 0.559	  0.887	  1.60	  0.03	  0.0500	 0.9570	 0.00013211	 0.6090	 0.00000000	 0.2949	 0.86290066	  1.29	  9.39	 0.0415	 0.5654	 0.0100	
m60831c1r2.htb	 180.0	  0.03	 2.000	 10.00	  0.00	 40.00	   1.0	 0.0370	 11.33	 1.6000	  0.96	  1.79	 1.072	 0.00000000	 0.559	  0.944	  1.60	  0.03	  0.0410	 0.9658	 0.00007448	 0.6224	 0.00000000	 0.6091	 0.73745671	  0.96	 10.37	 0.0371	 0.5122	 0.0100	
m60831c4r2.htb	 180.0	  0.03	 2.000	  5.00	  0.00	 60.00	   0.0	 0.0250	 11.29	 1.6000	  6.00	  4.57	 0.787	 0.01710941	 0.424	  0.704	  1.60	  0.03	  0.0280	 0.9681	 0.00006254	 0.2025	 0.00008255	 0.0835	 0.95912346	  6.00	  5.29	 0.0250	 0.6141	 0.0001	
m60831c4r2.htb	 180.0	  0.03	 2.000	  5.00	  0.00	 60.00	   1.0	 0.0250	 10.70	 1.6000	  3.87	  4.57	 0.957	 0.00096977	 0.502	  0.726	  1.60	  0.03	  0.1410	 0.9688	 0.00005892	 0.2807	 0.00000202	 0.1172	 0.94310330	  3.58	  7.12	 0.0250	 1.6435	 0.0001	
m60901c4r2.htb	 180.0	  0.03	 2.000	 -5.00	 -5.00	 40.00	   0.0	 0.0250	  9.76	 1.6000	  1.95	  1.94	 1.000	 0.00000000	 0.644	  0.590	  1.60	  0.03	  0.0600	 0.9505	 0.00018849	 0.6603	 0.00000000	 1.0828	 0.58192389	  1.94	  7.82	 0.0250	 1.0249	 0.0001	
m60901c4r2.htb	 180.0	  0.03	 2.000	 -5.00	 -5.00	 40.00	   1.0	 0.0250	  9.02	 1.6000	  2.42	  1.94	 0.970	 0.00000000	 0.636	  0.479	  1.60	  0.03	  0.0700	 0.9759	 0.00003103	 0.6126	 0.00000000	 0.3491	 0.83984939	  2.41	  6.61	 0.0250	 1.1178	 0.0001	
m60907c1r2.htb	 180.0	  0.03	 2.000	 10.00	  8.00	 40.00	   0.0	 0.0250	  6.61	 1.6000	  1.84	  2.01	 1.038	 0.00000000	 0.615	  0.454	  1.60	  0.03	  0.0560	 0.9318	 0.00042277	 0.5615	 0.00000000	 1.3112	 0.51913727	  1.84	  4.78	 0.0250	 0.9773	 0.0001	
m60907c1r2.htb	 180.0	  0.03	 2.000	 10.00	  8.00	 40.00	   1.0	 0.0250	  8.98	 1.6000	  2.40	  2.01	 0.973	 0.00000000	 0.654	  0.435	  1.60	  0.03	  0.0310	 0.9254	 0.00053095	 0.6836	 0.00000000	 0.8435	 0.65590964	  2.40	  6.58	 0.0250	 0.6639	 0.0001	
m60907c2r2.htb	 180.0	  0.03	 2.000	 10.00	 -10.00	 40.00	   0.0	 0.0320	  1.77	 1.6000	  0.06	  0.45	 1.295	 0.00000119	 0.547	  0.479	  1.60	  0.03	  0.0930	 0.9074	 0.00091569	 0.4012	 0.00000000	 0.4036	 0.81723975	  0.06	  1.71	 0.0320	 1.1506	 0.0001	
m60907c2r2.htb	 180.0	  0.03	 2.000	 10.00	 -10.00	 40.00	   1.0	 0.0250	  3.60	 1.6000	  0.57	  0.45	 1.012	 0.00000002	 0.552	  0.547	  1.60	  0.03	  0.0240	 0.9275	 0.00049279	 0.4745	 0.00000000	 0.3799	 0.82698618	  0.57	  3.04	 0.0250	 0.5386	 0.0001	
m60907c3r2.htb	 120.0	  0.03	 2.000	  0.00	 -15.00	 40.00	   0.0	 0.0250	  8.75	 1.6000	  4.36	  3.78	 0.909	 0.00060260	 0.466	  0.537	  1.60	  0.03	  0.1510	 0.9830	 0.00001281	 0.3003	 0.00000091	 0.0877	 0.95709418	  4.23	  4.52	 0.0253	 1.4359	 0.0100	
m60907c3r2.htb	 120.0	  0.03	 2.000	  0.00	 -15.00	 40.00	   1.0	 0.0440	  8.75	 1.6000	  4.43	  3.78	 1.147	 0.00166247	 0.492	  0.527	  1.60	  0.03	  0.3610	 0.9305	 0.00044330	 0.2596	 0.00000664	 0.3219	 0.85132385	  1.87	  6.88	 0.0436	 2.5636	 0.0001	
m61024c1r2.htb	   0.0	  0.03	 2.000	  0.00	 10.00	 40.00	   0.0	 0.0540	 10.81	 1.6000	  1.17	  3.28	 1.305	 0.00000001	 0.549	  0.910	  1.60	  0.03	  0.1800	 0.8559	 0.00282787	 0.4509	 0.00000000	 1.3088	 0.51975904	  0.99	  9.82	 0.0541	 1.1437	 0.0100	
m61024c1r2.htb	   0.0	  0.03	 2.000	  0.00	 10.00	 40.00	   1.0	 0.0430	  9.76	 1.6000	  2.06	  3.28	 1.255	 0.00008256	 0.486	  1.078	  1.60	  0.03	  0.0910	 0.8735	 0.00202631	 0.3087	 0.00000060	 0.5550	 0.75768972	  2.06	  7.70	 0.0432	 0.8379	 0.0100	
m61024c2r2.htb	   0.0	  0.03	 2.000	  0.00	  5.00	 40.00	   0.0	 0.0250	  9.48	 1.6000	  1.75	  1.24	 0.939	 0.00000000	 0.602	  0.701	  1.60	  0.03	  0.0690	 0.8987	 0.00115299	 0.5191	 0.00000000	 0.7627	 0.68292599	  1.75	  7.74	 0.0250	 1.1071	 0.0001	
m61024c2r2.htb	   0.0	  0.03	 2.000	  0.00	  5.00	 40.00	   1.0	 0.0250	  8.89	 1.6000	  2.50	  1.24	 0.900	 0.00000000	 0.603	  0.551	  1.60	  0.03	  0.1210	 0.9172	 0.00069141	 0.4938	 0.00000000	 0.5966	 0.74207198	  2.35	  6.54	 0.0250	 1.5119	 0.0001	
m61027c1r2.htb	   0.0	  0.03	 2.000	 10.00	 -10.00	 40.00	   0.0	 0.0250	 25.16	 1.6000	 12.07	 12.19	 1.024	 0.00000000	 0.673	  0.412	  1.60	  0.03	  0.1290	 0.9740	 0.00003731	 0.6802	 0.00000000	 0.5826	 0.74728419	 11.88	 13.28	 0.0252	 1.3112	 0.0100	
m61027c1r2.htb	   0.0	  0.03	 2.000	 10.00	 -10.00	 40.00	   1.0	 0.0250	 26.79	 1.6000	 14.00	 12.19	 0.942	 0.00000000	 0.627	  0.449	  1.60	  0.03	  0.0760	 0.9839	 0.00001120	 0.6371	 0.00000000	 0.1844	 0.91190925	 13.98	 12.81	 0.0250	 1.1736	 0.0001	
m61027c2r2.htb	   0.0	  0.03	 2.000	  5.00	 -5.00	 40.00	   0.0	 0.0390	 14.14	 1.6000	  7.82	  9.50	 1.380	 0.00002410	 0.480	  0.504	  1.60	  0.03	  0.1470	 0.9920	 0.00000196	 0.3778	 0.00000002	 0.0366	 0.98188312	  7.74	  6.39	 0.0391	 1.1788	 0.0100	
m61027c2r2.htb	   0.0	  0.03	 2.000	  5.00	 -5.00	 40.00	   1.0	 0.0250	 15.26	 1.6000	  7.67	  9.50	 1.374	 0.00000009	 0.565	  0.484	  1.60	  0.03	  0.1380	 0.9310	 0.00043612	 0.4552	 0.00000000	 0.5684	 0.75259842	  7.37	  7.89	 0.0250	 1.6242	 0.0001	
m61106c4r2.htb	 120.0	  0.03	 2.000	  0.00	 -10.00	 40.00	   0.0	 0.0250	 19.16	 1.6000	  7.15	  8.81	 1.222	 0.00000000	 0.615	  0.649	  1.60	  0.03	  0.1500	 0.8727	 0.00205876	 0.5225	 0.00000000	 2.5398	 0.28086129	  6.50	 12.65	 0.0250	 1.7031	 0.0001	
m61106c4r2.htb	 120.0	  0.03	 2.000	  0.00	 -10.00	 40.00	   0.0	 0.0250	 19.16	 1.6000	  7.15	  8.81	 1.222	 0.00000000	 0.615	  0.649	  1.60	  0.03	  0.1500	 0.8727	 0.00205879	 0.5225	 0.00000000	 2.5398	 0.28085886	  6.50	 12.65	 0.0250	 1.7031	 0.0001	
m61108c2r2.htb	 180.0	  0.03	 2.000	  0.00	 -10.00	 40.00	   0.0	 0.0420	 14.24	 1.6000	  6.19	  5.87	 0.963	 0.00000000	 0.592	  0.459	  1.60	  0.03	  0.1100	 0.9628	 0.00009215	 0.5451	 0.00000000	 0.3944	 0.82100654	  6.18	  8.06	 0.0424	 0.9501	 0.0100	
m61108c3r1.htb	 180.0	  0.03	 2.000	  0.00	 -10.00	 40.00	   0.0	 0.0250	 15.00	 1.6000	  7.04	  6.47	 1.002	 0.00000086	 0.557	  0.541	  1.60	  0.03	  0.1900	 0.9137	 0.00076629	 0.4096	 0.00000000	 0.4121	 0.81378417	  6.45	  8.55	 0.0250	 1.6547	 0.0100	
m61201c3r2.htb	   0.0	  0.03	 2.000	 -5.00	 -10.00	 40.00	   0.0	 0.1360	 18.19	 1.6000	 11.28	 11.49	 1.060	 0.00001867	 0.511	  0.531	  1.60	  0.03	  0.2630	 0.6796	 0.02253250	 0.2626	 0.00000577	 1.4229	 0.49092958	 11.09	  7.10	 0.1357	 0.8900	 0.0100	
