FILE			 PrfOR	 PrfSF	 PrfTF	 RFXctr	 RFYctr	 RFDiam	 BaseRate	 Amp		 x_width	 y_width	 x_ctr	 y_ctr	 rfplot_x_ctr	 rfplot_y_ctr	 axpect_ratio	
m70108c1r1.htb	   0.0	  0.03	 2.000	  0.00	  0.00	 50.00	  4.58	 -8.51	 102.70	 13.10	 12.31	 25.86	  0.00		  0.00		 7.842	
m70110c1r1.htb	   0.0	  0.03	 2.000	  0.00	  0.00	 40.00	  0.09	  0.84	 21.53	 22.97	 -2.91	 -4.11	  0.00		  0.00		 0.938	
m70110c2r1.htb	   0.0	  0.03	 2.000	  0.00	  0.00	 40.00	  0.97	  2.57	 22.69	 27.65	 10.30	 -17.06	  0.00		  0.00		 0.821	
m70110c3r1.htb	   0.0	  0.03	 2.000	  0.00	  0.00	 40.00	  1.43	  3.56	 51.44	 49.47	 11.28	 -13.68	  0.00		  0.00		 1.040	
m70112c1r1.htb	   0.0	  0.03	 2.000	  0.00	  0.00	 40.00	  1.02	  0.46	 42.93	  6.00	 15.07	 29.78	  0.00		  0.00		 7.154	
m70116c1r1.htb	   0.0	  0.03	 2.000	  0.00	  0.00	 40.00	  0.10	  9.45	 45.35	 26.21	  5.56	  1.60	  0.00		  0.00		 1.730	
m70117c1r1.htb	   0.0	  0.03	 2.000	  0.00	  0.00	 40.00	  2.43	  1.72	 72.42	 57.01	 11.21	 -7.23	  0.00		  0.00		 1.270	
m70117c2r1.htb	 180.0	  0.03	 2.000	  0.00	  0.00	 40.00	  4.61	 -2.92	 17.42	 16.71	  3.56	 21.13	  0.00		  0.00		 1.042	
m70117c3r1.htb	  30.0	  0.03	 2.000	  0.00	  0.00	 40.00	 19.92	 -4.87	 82.97	 14.41	 30.00	 23.18	  0.00		  0.00		 5.756	
m70118c1r1.htb	   0.0	  0.03	 2.000	  0.00	  0.00	 40.00	  0.00	  4.68	 64.70	 37.67	 -2.03	  2.91	  0.00		  0.00		 1.717	
m70118c2r1.htb	 180.0	  0.05	 2.000	  0.00	  0.00	 40.00	  1.33	 -0.43	  9.55	  6.10	 -29.90	 -28.63	  0.00		  0.00		 1.565	
m70122c1r1.htb	   0.0	  0.03	 4.000	  0.00	  0.00	 40.00	  6.82	  0.96	  9.59	 26.32	 -29.99	 -28.92	  0.00		  0.00		 0.364	
m70123c1r1.htb	   0.0	  0.03	 4.000	  0.00	  0.00	 40.00	  2.51	  2.90	 30.75	 14.66	  7.03	 -21.12	  0.00		  0.00		 2.098	
m70123c2r1.htb	 180.0	  0.03	 4.000	  0.00	  0.00	 40.00	  4.10	  8.69	 35.11	 35.48	  9.15	 -30.00	  0.00		  0.00		 0.990	
m70123c3r1.htb	 150.0	  0.03	 2.000	  0.00	  0.00	 40.00	  2.62	 -0.43	  6.00	 14.70	 29.96	 29.83	  0.00		  0.00		 0.408	
m70124c1r1.htb	   0.0	  0.03	 2.000	  0.00	  0.00	 40.00	  2.52	 -1.42	 19.43	  6.00	 -26.35	 -30.00	  0.00		  0.00		 3.238	
m70124c2r1.htb	   0.0	  0.03	 2.000	  0.00	  0.00	 40.00	  4.00	 -4.55	 203.21	 14.12	 30.00	 20.22	  0.00		  0.00		 14.390	
m70124c3r1.htb	 180.0	  0.03	 2.000	  0.00	  0.00	 40.00	  6.98	 -3.47	 62.34	 14.74	 30.00	 21.93	  0.00		  0.00		 4.230	
m70124c4r1.htb	 180.0	  0.03	 2.000	  0.00	  0.00	 40.00	  2.73	 -4.46	 111.05	 10.95	  4.36	 21.47	  0.00		  0.00		 10.142	
m70125c1r1.htb	   0.0	  0.03	 2.000	  0.00	  0.00	 40.00	  0.00	  5.96	 102.70	 45.13	  3.17	  6.11	  0.00		  0.00		 2.276	
m70125c2r1.htb	 180.0	  0.03	 2.000	  0.00	  0.00	 40.00	  1.76	  3.33	 17.28	 16.48	 -2.66	 -1.74	  0.00		  0.00		 1.049	
m70125c3r1.htb	 180.0	  0.03	 2.000	  0.00	  0.00	 40.00	  4.97	  6.04	 35.96	 25.21	 -4.32	 -3.34	  0.00		  0.00		 1.426	
m70125c4r1.htb	 180.0	  0.03	 2.000	  0.00	  0.00	 40.00	 22.22	 -7.12	 105.12	 14.96	 17.84	 24.00	  0.00		  0.00		 7.027	
m70126c1r1.htb	 180.0	  0.03	 2.000	  0.00	  0.00	 40.00	  1.59	 -0.08	 22.84	 22.33	 30.00	 29.98	  0.00		  0.00		 1.023	
m70126c2r1.htb	 180.0	  0.03	 2.000	  0.00	  0.00	 40.00	  8.30	  7.15	 93.77	 59.04	 26.78	 -8.17	  0.00		  0.00		 1.588	
m70126c3r1.htb	   0.0	  0.03	 2.000	  0.00	  0.00	 40.00	  5.71	  5.15	 58.17	 51.66	 20.86	 -16.43	  0.00		  0.00		 1.126	
m70126c4r1.htb	   0.0	  0.03	 2.000	  0.00	  0.00	 40.00	  4.06	 -4.25	 185.74	 10.30	 -30.00	 21.82	  0.00		  0.00		 18.026	
m70126c5r1.htb	   0.0	  0.03	 4.000	  0.00	  0.00	 40.00	  0.56	  5.12	 61.25	 38.99	 18.36	 -1.72	  0.00		  0.00		 1.571	
m70129c1r1.htb	   0.0	  0.03	 2.000	  0.00	  0.00	 40.00	  1.54	  1.61	 85.16	 26.20	  4.88	 -7.22	  0.00		  0.00		 3.251	
m70131c1r1.htb	   0.0	  0.03	 2.000	  0.00	  0.00	 50.00	  3.57	  7.49	 78.06	 53.64	 12.27	 -3.04	  0.00		  0.00		 1.455	
m70131c2r1.htb	   0.0	  0.03	 2.000	  0.00	  0.00	 40.00	  3.64	  4.74	 44.63	 50.12	 14.40	 -9.24	  0.00		  0.00		 0.890	
m70131c2r1.htb	   0.0	  0.03	 2.000	  0.00	  0.00	 40.00	  3.64	  4.74	 44.65	 50.14	 14.40	 -9.24	  0.00		  0.00		 0.891	
m70201c1r1.htb	 180.0	  0.03	 2.000	  0.00	  0.00	 50.00	  2.64	 -0.03	 27.09	 30.42	 -37.36	 -35.84	  0.00		  0.00		 0.891	
m70201c2r1.htb	 180.0	  0.03	 2.000	  0.00	  0.00	 50.00	 11.14	  7.95	 72.94	 34.45	  6.06	 -12.96	  0.00		  0.00		 2.118	
m70201c3r1.htb	 360.0	  0.03	 2.000	  0.00	  0.00	 40.00	  6.95	 -8.21	 240.00	 12.50	 -24.46	 21.24	  0.00		  0.00		 19.206	
m70202c1r1.htb	   0.0	  0.03	 2.000	  0.00	  0.00	 40.00	  1.80	  2.67	 67.18	 98.19	 -3.38	 -22.26	  0.00		  0.00		 0.684	
m70202c2r1.htb	 180.0	  0.03	 2.000	  0.00	  0.00	 40.00	 10.25	 -18.39	 93.07	 10.41	 -30.00	 22.09	  0.00		  0.00		 8.943	
m70202c3r1.htb	   0.0	  0.03	 2.000	  0.00	  0.00	 40.00	  7.98	  4.96	 68.61	 92.63	 10.08	 -10.16	  0.00		  0.00		 0.741	
m70202c4r1.htb	   0.0	  0.03	 2.000	  0.00	  0.00	 40.00	  6.40	 -4.36	 240.00	 32.12	 -19.12	 21.70	  0.00		  0.00		 7.472	
m70202c5r1.htb	  60.0	  0.03	 2.000	  0.00	  0.00	 40.00	 14.22	  1.98	  6.00	 10.03	 27.80	 29.74	  0.00		  0.00		 0.598	
m70205c1r1.htb	   0.0	  0.03	 2.000	  0.00	  0.00	 40.00	 11.46	 10.14	 89.92	 49.11	 11.45	 -11.38	  0.00		  0.00		 1.831	
m70205c2r1.htb	   0.0	  0.03	 2.000	  0.00	  0.00	 40.00	 14.16	  8.05	 100.36	 47.40	 -6.30	 -4.64	  0.00		  0.00		 2.117	
m70205c3r1.htb	   0.0	  0.03	 2.000	  0.00	  0.00	 40.00	  7.32	  8.88	 56.78	 31.85	 -5.03	 -6.20	  0.00		  0.00		 1.783	
m70207c1r1.htb	   0.0	  0.03	 2.000	  0.00	  0.00	 40.00	  1.90	  1.06	 37.97	 49.02	 -6.70	 -15.50	  0.00		  0.00		 0.775	
m70207c2r1.htb	 180.0	  0.03	 2.000	  0.00	  0.00	 40.00	  4.61	  0.76	  6.99	  8.81	 30.00	 29.46	  0.00		  0.00		 0.793	
m70208c1r1.htb	 360.0	  0.03	 2.000	  0.00	  0.00	 40.00	  3.89	  5.47	 31.66	  6.03	 -7.52	 -26.48	  0.00		  0.00		 5.247	
m70208c2r1.htb	 360.0	  0.03	 2.000	  0.00	  0.00	 40.00	  5.25	 -4.35	 152.24	 12.97	 -28.01	 19.76	  0.00		  0.00		 11.737	
m70208c3r1.htb	 300.0	  0.03	 2.000	  0.00	  0.00	 40.00	  5.84	 -2.19	 240.00	 36.83	 -30.00	 26.78	  0.00		  0.00		 6.516	
m70208c4r1.htb	 300.0	  0.03	 2.000	  0.00	  0.00	 40.00	 10.13	  9.81	 115.14	 90.25	 -11.89	 -12.80	  0.00		  0.00		 1.276	
m70208c5r1.htb	 180.0	  0.03	 2.000	  0.00	  0.00	 40.00	  6.64	  6.01	 61.18	 37.31	  2.30	 -8.51	  0.00		  0.00		 1.640	
m70209c1r1.htb	   0.0	  0.03	 2.000	  0.00	  0.00	 40.00	  5.24	  7.97	 109.49	 60.05	 -6.71	 -16.88	  0.00		  0.00		 1.823	
m70209c2r1.htb	   0.0	  0.03	 2.000	  0.00	  0.00	 40.00	  7.19	  4.50	 42.15	 29.94	 -5.50	 -13.08	  0.00		  0.00		 1.408	
m70212c1r1.htb	   0.0	  0.03	 2.000	  0.00	  0.00	 40.00	  4.91	 -1.15	 128.79	  8.01	 25.86	 28.18	  0.00		  0.00		 16.068	
m70212c2r1.htb	   0.0	  0.03	 2.000	  0.00	  0.00	 40.00	  0.59	  2.93	 37.27	 27.22	  8.60	 -16.97	  0.00		  0.00		 1.369	
m70212c3r1.htb	   0.0	  0.03	 2.000	  0.00	  0.00	 40.00	  4.97	 -1.47	 194.68	 35.94	 -30.00	 21.92	  0.00		  0.00		 5.417	
m70212c4r1.htb	   0.0	  0.03	 2.000	  0.00	  0.00	 40.00	  3.51	 -1.96	 14.50	 24.04	 -29.63	  6.82	  0.00		  0.00		 0.603	
m70213c1r1.htb	   0.0	  0.03	 2.000	  0.00	  0.00	 40.00	  0.01	  3.17	 44.14	 43.48	 -8.89	 -8.13	  0.00		  0.00		 1.015	
m70216c1r1.htb	   0.0	  0.03	 2.000	  0.00	  0.00	 40.00	  1.20	  3.72	 33.52	 55.20	  7.96	 -10.19	  0.00		  0.00		 0.607	
m70219c1r1.htb	   0.0	  0.03	 2.000	  0.00	  0.00	 40.00	  0.00	  3.42	 51.56	 29.74	 12.06	 -2.10	  0.00		  0.00		 1.734	
m70221c1r1.htb	   0.0	  0.03	 2.000	  0.00	  0.00	 40.00	  0.02	  3.06	 103.42	 104.81	 -3.46	 -13.38	  0.00		  0.00		 0.987	
m70221c2r1.htb	 180.0	  0.03	 2.000	  0.00	  0.00	 40.00	  2.75	  2.05	 10.42	 16.65	 -9.33	  0.55	  0.00		  0.00		 0.626	
m70222c1r1.htb	   0.0	  0.03	 2.000	  0.00	  0.00	 45.00	  2.42	 -2.20	 22.40	 21.96	 32.83	 33.41	  0.00		  0.00		 1.020	
m70222c2r1.htb	   0.0	  0.03	 2.000	  0.00	  0.00	 50.00	  2.68	 -1.35	 10.70	  7.99	 37.50	 37.16	  0.00		  0.00		 1.338	
m70222c3r1.htb	 300.0	  0.03	 2.000	  0.00	  0.00	 40.00	  3.25	  2.87	 78.73	 12.68	  0.97	 -18.92	  0.00		  0.00		 6.207	
m70222c4r1.htb	 180.0	  0.03	 2.000	  0.00	  0.00	 40.00	  1.16	  3.68	 97.91	 98.36	  8.49	 -30.00	  0.00		  0.00		 0.995	
m70223c1r1.htb	   0.0	  0.03	 2.000	  0.00	  0.00	 40.00	  0.41	  1.51	 79.73	 71.20	  7.35	  4.93	  0.00		  0.00		 1.120	
m70223c2r1.htb	   0.0	  0.05	 2.000	  0.00	  0.00	 50.00	  3.50	  4.67	 74.22	 36.01	  0.68	 13.33	  0.00		  0.00		 2.061	
m70223c3r1.htb	   0.0	  0.05	 2.000	  0.00	  0.00	 40.00	  2.13	 -1.25	 37.23	 22.36	 -19.54	 -28.38	  0.00		  0.00		 1.665	
m70226c1r1.htb	   0.0	  0.03	 2.000	  0.00	  0.00	 40.00	  0.01	  0.46	 56.16	 32.06	 -9.93	 -0.62	  0.00		  0.00		 1.752	
m70226c2r1.htb	 120.0	  0.03	 2.000	  0.00	  0.00	 40.00	  3.41	  3.20	 178.69	 83.72	 30.00	 -10.57	  0.00		  0.00		 2.134	
m70226c3r1.htb	 180.0	  0.03	 2.000	  0.00	  0.00	 40.00	  3.50	  3.66	 225.82	 55.44	 30.00	 -8.91	  0.00		  0.00		 4.073	
m70306c1r1.htb	   0.0	  0.03	 2.000	  0.00	  0.00	 40.00	  2.67	  3.88	 13.03	  6.06	  1.50	  9.90	  0.00		  0.00		 2.151	
m70306c2r1.htb	   0.0	  0.03	 2.000	  0.00	  0.00	 40.00	  4.35	 -3.30	 174.75	 15.42	 -30.00	 23.04	  0.00		  0.00		 11.329	
m70306c3r1.htb	 240.0	  0.03	 2.000	  0.00	  0.00	 100.00	  3.72	 26.64	 56.98	 51.67	 12.72	 -5.46	  0.00		  0.00		 1.103	
m70308c1r1.htb	   0.0	  0.03	 2.000	  0.00	  0.00	 40.00	  0.71	 12.10	 240.00	 45.79	 30.00	 -10.53	  0.00		  0.00		 5.242	
m70308c2r1.htb	   0.0	  0.03	 2.000	  0.00	  0.00	 50.00	  2.94	  9.38	 66.05	 45.42	 -4.74	 -5.88	  0.00		  0.00		 1.454	
m70308c3r1.htb	   0.0	  0.03	 2.000	  0.00	  0.00	 50.00	  2.77	  8.58	 37.88	 37.90	 12.15	 -6.97	  0.00		  0.00		 0.999	
m70309c1r1.htb	   0.0	  0.03	 2.000	  0.00	  0.00	 50.00	  1.28	  5.58	 65.54	 18.17	 -10.04	 -2.58	  0.00		  0.00		 3.607	
m70309c2r1.htb	   0.0	  0.03	 2.000	  0.00	  0.00	 50.00	  4.17	 15.25	 52.49	 41.36	  3.21	 -6.84	  0.00		  0.00		 1.269	
m70309c3r1.htb	   0.0	  0.03	 2.000	  0.00	  0.00	 50.00	  0.73	  1.80	 50.22	 42.03	  6.39	 -5.33	  0.00		  0.00		 1.195	
m70312c1r1.htb	   0.0	  0.03	 2.000	  0.00	  0.00	 50.00	  1.28	 -1.22	 134.33	  7.50	 -37.50	 -37.50	  0.00		  0.00		 17.911	
m70313c1r1.htb	   0.0	  0.03	 2.000	  0.00	  0.00	 50.00	  2.28	  2.50	 48.11	 20.91	  4.92	  0.87	  0.00		  0.00		 2.301	
m70313c2r1.htb	  60.0	  0.03	 2.000	  0.00	  0.00	 50.00	 16.77	 -11.79	 25.89	 16.34	 -35.87	 -25.32	  0.00		  0.00		 1.585	
m70410c1r1.htb	   0.0	  0.03	 2.000	  0.00	  0.00	 40.00	  2.08	 10.42	 33.98	 29.28	 10.91	 -21.55	  0.00		  0.00		 1.160	
m70410c2r1.htb	   0.0	  0.03	 2.000	  0.00	  0.00	 40.00	  9.72	 -9.11	 240.00	 15.63	 -24.77	 21.55	  0.00		  0.00		 15.356	
m70411c1r1.htb	   0.0	  0.03	 2.000	  0.00	  0.00	 40.00	  3.86	  2.18	 112.46	 60.86	 24.81	 14.37	  0.00		  0.00		 1.848	
m70411c2r1.htb	   0.0	  0.03	 2.000	  0.00	  0.00	 40.00	  0.57	  1.41	 28.72	 38.89	  2.69	  3.96	  0.00		  0.00		 0.739	
m70412c1r1.htb	   0.0	  0.03	 2.000	  0.00	  0.00	 40.00	  0.01	  2.09	 60.27	 55.25	 -3.52	 11.64	  0.00		  0.00		 1.091	
m70412c2r1.htb	   0.0	  0.03	 2.000	  0.00	  0.00	 40.00	  1.71	  3.02	 14.40	 46.21	 -19.97	  8.56	  0.00		  0.00		 0.312	
m70412c3r1.htb	 180.0	  0.03	 2.000	  0.00	  0.00	 40.00	  4.01	 -0.14	 26.14	 22.96	 27.22	 29.98	  0.00		  0.00		 1.138	
m70417c1r1.htb	   0.0	  0.03	 2.000	  0.00	  0.00	 40.00	  0.78	  4.27	 45.05	 49.75	 -3.12	 -14.09	  0.00		  0.00		 0.906	
m70417c2r1.htb	   0.0	  0.03	 2.000	  0.00	  0.00	 50.00	  9.69	 17.37	 60.69	 43.43	 14.86	 -10.86	  0.00		  0.00		 1.397	
m70417c3r1.htb	   0.0	  0.03	 8.000	  0.00	  0.00	 40.00	  1.27	  1.74	 36.53	 73.68	  5.10	 -30.00	  0.00		  0.00		 0.496	
m70418c1r1.htb	   0.0	  0.03	 4.000	  0.00	  0.00	 40.00	  1.95	 -1.69	 240.00	 16.30	 30.00	 20.82	  0.00		  0.00		 14.723	
m70418c2r1.htb	   0.0	  0.03	 4.000	  0.00	  0.00	 40.00	  1.44	  5.27	 79.36	 33.36	 10.49	 -11.14	  0.00		  0.00		 2.379	
m70418c3r1.htb	   0.0	  0.03	 4.000	  0.00	  0.00	 40.00	  3.16	  3.14	 138.45	 46.90	 16.67	 -11.36	  0.00		  0.00		 2.952	
m70419c1r1.htb	   0.0	  0.03	 4.000	  0.00	  0.00	 40.00	  2.64	 13.49	 54.52	 51.17	  5.47	 -7.91	  0.00		  0.00		 1.066	
m70419c2r1.htb	   0.0	  0.03	 4.000	  0.00	  0.00	 40.00	  8.21	 26.64	 71.67	 58.15	  1.32	 -14.21	  0.00		  0.00		 1.233	
m70419c4r1.htb	   0.0	  0.03	 4.000	  0.00	  0.00	 40.00	  3.60	  6.73	 60.25	 88.64	 11.44	 -30.00	  0.00		  0.00		 0.680	
